 1.00000000e+00  4.64085442e+01  1.00000000e+00  1.79999999e+02 
 1.07977516e+00  4.64085442e+01  1.07977516e+00  1.79999998e+02 
 1.16591440e+00  4.64085442e+01  1.16591440e+00  1.79999998e+02 
 1.25892541e+00  4.64085442e+01  1.25892541e+00  1.79999998e+02 
 1.35935639e+00  4.64085442e+01  1.35935639e+00  1.79999998e+02 
 1.46779927e+00  4.64085442e+01  1.46779927e+00  1.79999998e+02 
 1.58489319e+00  4.64085442e+01  1.58489319e+00  1.79999998e+02 
 1.71132830e+00  4.64085442e+01  1.71132830e+00  1.79999998e+02 
 1.84784980e+00  4.64085442e+01  1.84784980e+00  1.79999997e+02 
 1.99526231e+00  4.64085442e+01  1.99526231e+00  1.79999997e+02 
 2.15443469e+00  4.64085442e+01  2.15443469e+00  1.79999997e+02 
 2.32630507e+00  4.64085442e+01  2.32630507e+00  1.79999997e+02 
 2.51188643e+00  4.64085442e+01  2.51188643e+00  1.79999996e+02 
 2.71227258e+00  4.64085442e+01  2.71227258e+00  1.79999996e+02 
 2.92864456e+00  4.64085442e+01  2.92864456e+00  1.79999996e+02 
 3.16227766e+00  4.64085442e+01  3.16227766e+00  1.79999995e+02 
 3.41454887e+00  4.64085442e+01  3.41454887e+00  1.79999995e+02 
 3.68694506e+00  4.64085442e+01  3.68694506e+00  1.79999995e+02 
 3.98107171e+00  4.64085442e+01  3.98107171e+00  1.79999994e+02 
 4.29866235e+00  4.64085442e+01  4.29866235e+00  1.79999994e+02 
 4.64158883e+00  4.64085442e+01  4.64158883e+00  1.79999993e+02 
 5.01187234e+00  4.64085442e+01  5.01187234e+00  1.79999993e+02 
 5.41169527e+00  4.64085442e+01  5.41169527e+00  1.79999992e+02 
 5.84341413e+00  4.64085442e+01  5.84341413e+00  1.79999992e+02 
 6.30957344e+00  4.64085442e+01  6.30957344e+00  1.79999991e+02 
 6.81292069e+00  4.64085442e+01  6.81292069e+00  1.79999990e+02 
 7.35642254e+00  4.64085442e+01  7.35642254e+00  1.79999990e+02 
 7.94328235e+00  4.64085442e+01  7.94328235e+00  1.79999989e+02 
 8.57695899e+00  4.64085442e+01  8.57695899e+00  1.79999988e+02 
 9.26118728e+00  4.64085442e+01  9.26118728e+00  1.79999987e+02 
 1.00000000e+01  4.64085442e+01  1.00000000e+01  1.79999986e+02 
 1.07977516e+01  4.64085442e+01  1.07977516e+01  1.79999985e+02 
 1.16591440e+01  4.64085442e+01  1.16591440e+01  1.79999983e+02 
 1.25892541e+01  4.64085442e+01  1.25892541e+01  1.79999982e+02 
 1.35935639e+01  4.64085442e+01  1.35935639e+01  1.79999981e+02 
 1.46779927e+01  4.64085442e+01  1.46779927e+01  1.79999979e+02 
 1.58489319e+01  4.64085442e+01  1.58489319e+01  1.79999977e+02 
 1.71132830e+01  4.64085442e+01  1.71132830e+01  1.79999976e+02 
 1.84784980e+01  4.64085442e+01  1.84784980e+01  1.79999974e+02 
 1.99526231e+01  4.64085442e+01  1.99526231e+01  1.79999972e+02 
 2.15443469e+01  4.64085442e+01  2.15443469e+01  1.79999969e+02 
 2.32630507e+01  4.64085442e+01  2.32630507e+01  1.79999967e+02 
 2.51188643e+01  4.64085442e+01  2.51188643e+01  1.79999964e+02 
 2.71227258e+01  4.64085442e+01  2.71227258e+01  1.79999961e+02 
 2.92864456e+01  4.64085442e+01  2.92864456e+01  1.79999958e+02 
 3.16227766e+01  4.64085442e+01  3.16227766e+01  1.79999955e+02 
 3.41454887e+01  4.64085442e+01  3.41454887e+01  1.79999951e+02 
 3.68694506e+01  4.64085442e+01  3.68694506e+01  1.79999947e+02 
 3.98107171e+01  4.64085442e+01  3.98107171e+01  1.79999943e+02 
 4.29866235e+01  4.64085442e+01  4.29866235e+01  1.79999939e+02 
 4.64158883e+01  4.64085442e+01  4.64158883e+01  1.79999934e+02 
 5.01187234e+01  4.64085442e+01  5.01187234e+01  1.79999929e+02 
 5.41169527e+01  4.64085442e+01  5.41169527e+01  1.79999923e+02 
 5.84341413e+01  4.64085442e+01  5.84341413e+01  1.79999917e+02 
 6.30957344e+01  4.64085442e+01  6.30957344e+01  1.79999910e+02 
 6.81292069e+01  4.64085442e+01  6.81292069e+01  1.79999903e+02 
 7.35642254e+01  4.64085442e+01  7.35642254e+01  1.79999895e+02 
 7.94328235e+01  4.64085442e+01  7.94328235e+01  1.79999887e+02 
 8.57695899e+01  4.64085442e+01  8.57695899e+01  1.79999878e+02 
 9.26118728e+01  4.64085442e+01  9.26118728e+01  1.79999868e+02 
 1.00000000e+02  4.64085442e+01  1.00000000e+02  1.79999857e+02 
 1.07977516e+02  4.64085442e+01  1.07977516e+02  1.79999846e+02 
 1.16591440e+02  4.64085442e+01  1.16591440e+02  1.79999834e+02 
 1.25892541e+02  4.64085442e+01  1.25892541e+02  1.79999820e+02 
 1.35935639e+02  4.64085442e+01  1.35935639e+02  1.79999806e+02 
 1.46779927e+02  4.64085442e+01  1.46779927e+02  1.79999791e+02 
 1.58489319e+02  4.64085442e+01  1.58489319e+02  1.79999774e+02 
 1.71132830e+02  4.64085442e+01  1.71132830e+02  1.79999756e+02 
 1.84784980e+02  4.64085442e+01  1.84784980e+02  1.79999736e+02 
 1.99526231e+02  4.64085442e+01  1.99526231e+02  1.79999715e+02 
 2.15443469e+02  4.64085442e+01  2.15443469e+02  1.79999693e+02 
 2.32630507e+02  4.64085442e+01  2.32630507e+02  1.79999668e+02 
 2.51188643e+02  4.64085442e+01  2.51188643e+02  1.79999642e+02 
 2.71227258e+02  4.64085442e+01  2.71227258e+02  1.79999613e+02 
 2.92864456e+02  4.64085442e+01  2.92864456e+02  1.79999582e+02 
 3.16227766e+02  4.64085442e+01  3.16227766e+02  1.79999549e+02 
 3.41454887e+02  4.64085443e+01  3.41454887e+02  1.79999513e+02 
 3.68694506e+02  4.64085443e+01  3.68694506e+02  1.79999474e+02 
 3.98107171e+02  4.64085443e+01  3.98107171e+02  1.79999432e+02 
 4.29866235e+02  4.64085443e+01  4.29866235e+02  1.79999387e+02 
 4.64158883e+02  4.64085443e+01  4.64158883e+02  1.79999338e+02 
 5.01187234e+02  4.64085443e+01  5.01187234e+02  1.79999285e+02 
 5.41169527e+02  4.64085444e+01  5.41169527e+02  1.79999228e+02 
 5.84341413e+02  4.64085444e+01  5.84341413e+02  1.79999167e+02 
 6.30957344e+02  4.64085444e+01  6.30957344e+02  1.79999100e+02 
 6.81292069e+02  4.64085445e+01  6.81292069e+02  1.79999028e+02 
 7.35642254e+02  4.64085445e+01  7.35642254e+02  1.79998951e+02 
 7.94328235e+02  4.64085446e+01  7.94328235e+02  1.79998867e+02 
 8.57695899e+02  4.64085446e+01  8.57695899e+02  1.79998777e+02 
 9.26118728e+02  4.64085447e+01  9.26118728e+02  1.79998679e+02 
 1.00000000e+03  4.64085448e+01  1.00000000e+03  1.79998574e+02 
 1.07977516e+03  4.64085449e+01  1.07977516e+03  1.79998460e+02 
 1.16591440e+03  4.64085450e+01  1.16591440e+03  1.79998337e+02 
 1.25892541e+03  4.64085451e+01  1.25892541e+03  1.79998205e+02 
 1.35935639e+03  4.64085453e+01  1.35935639e+03  1.79998062e+02 
 1.46779927e+03  4.64085455e+01  1.46779927e+03  1.79997907e+02 
 1.58489319e+03  4.64085457e+01  1.58489319e+03  1.79997740e+02 
 1.71132830e+03  4.64085459e+01  1.71132830e+03  1.79997560e+02 
 1.84784980e+03  4.64085462e+01  1.84784980e+03  1.79997365e+02 
 1.99526231e+03  4.64085465e+01  1.99526231e+03  1.79997155e+02 
 2.15443469e+03  4.64085469e+01  2.15443469e+03  1.79996928e+02 
 2.32630507e+03  4.64085474e+01  2.32630507e+03  1.79996683e+02 
 2.51188643e+03  4.64085479e+01  2.51188643e+03  1.79996418e+02 
 2.71227258e+03  4.64085485e+01  2.71227258e+03  1.79996132e+02 
 2.92864456e+03  4.64085492e+01  2.92864456e+03  1.79995824e+02 
 3.16227766e+03  4.64085501e+01  3.16227766e+03  1.79995491e+02 
 3.41454887e+03  4.64085510e+01  3.41454887e+03  1.79995131e+02 
 3.68694506e+03  4.64085522e+01  3.68694506e+03  1.79994742e+02 
 3.98107171e+03  4.64085535e+01  3.98107171e+03  1.79994323e+02 
 4.29866235e+03  4.64085550e+01  4.29866235e+03  1.79993870e+02 
 4.64158883e+03  4.64085568e+01  4.64158883e+03  1.79993381e+02 
 5.01187234e+03  4.64085589e+01  5.01187234e+03  1.79992853e+02 
 5.41169527e+03  4.64085614e+01  5.41169527e+03  1.79992283e+02 
 5.84341413e+03  4.64085642e+01  5.84341413e+03  1.79991667e+02 
 6.30957344e+03  4.64085676e+01  6.30957344e+03  1.79991003e+02 
 6.81292069e+03  4.64085714e+01  6.81292069e+03  1.79990285e+02 
 7.35642254e+03  4.64085760e+01  7.35642254e+03  1.79989510e+02 
 7.94328235e+03  4.64085812e+01  7.94328235e+03  1.79988673e+02 
 8.57695899e+03  4.64085874e+01  8.57695899e+03  1.79987769e+02 
 9.26118728e+03  4.64085945e+01  9.26118728e+03  1.79986793e+02 
 1.00000000e+04  4.64086029e+01  1.00000000e+04  1.79985740e+02 
 1.07977516e+04  4.64086126e+01  1.07977516e+04  1.79984602e+02 
 1.16591440e+04  4.64086240e+01  1.16591440e+04  1.79983374e+02 
 1.25892541e+04  4.64086372e+01  1.25892541e+04  1.79982047e+02 
 1.35935639e+04  4.64086527e+01  1.35935639e+04  1.79980615e+02 
 1.46779927e+04  4.64086706e+01  1.46779927e+04  1.79979069e+02 
 1.58489319e+04  4.64086916e+01  1.58489319e+04  1.79977399e+02 
 1.71132830e+04  4.64087161e+01  1.71132830e+04  1.79975596e+02 
 1.84784980e+04  4.64087446e+01  1.84784980e+04  1.79973649e+02 
 1.99526231e+04  4.64087779e+01  1.99526231e+04  1.79971546e+02 
 2.15443469e+04  4.64088166e+01  2.15443469e+04  1.79969276e+02 
 2.32630507e+04  4.64088618e+01  2.32630507e+04  1.79966825e+02 
 2.51188643e+04  4.64089145e+01  2.51188643e+04  1.79964178e+02 
 2.71227258e+04  4.64089760e+01  2.71227258e+04  1.79961320e+02 
 2.92864456e+04  4.64090476e+01  2.92864456e+04  1.79958233e+02 
 3.16227766e+04  4.64091312e+01  3.16227766e+04  1.79954901e+02 
 3.41454887e+04  4.64092286e+01  3.41454887e+04  1.79951302e+02 
 3.68694506e+04  4.64093421e+01  3.68694506e+04  1.79947416e+02 
 3.98107171e+04  4.64094745e+01  3.98107171e+04  1.79943219e+02 
 4.29866235e+04  4.64096289e+01  4.29866235e+04  1.79938688e+02 
 4.64158883e+04  4.64098088e+01  4.64158883e+04  1.79933794e+02 
 5.01187234e+04  4.64100187e+01  5.01187234e+04  1.79928509e+02 
 5.41169527e+04  4.64102634e+01  5.41169527e+04  1.79922802e+02 
 5.84341413e+04  4.64105486e+01  5.84341413e+04  1.79916638e+02 
 6.30957344e+04  4.64108812e+01  6.30957344e+04  1.79909982e+02 
 6.81292069e+04  4.64112691e+01  6.81292069e+04  1.79902793e+02 
 7.35642254e+04  4.64117212e+01  7.35642254e+04  1.79895028e+02 
 7.94328235e+04  4.64122484e+01  7.94328235e+04  1.79886642e+02 
 8.57695899e+04  4.64128632e+01  8.57695899e+04  1.79877583e+02 
 9.26118728e+04  4.64135800e+01  9.26118728e+04  1.79867797e+02 
 1.00000000e+05  4.64144158e+01  1.00000000e+05  1.79857226e+02 
 1.07977516e+05  4.64153903e+01  1.07977516e+05  1.79845804e+02 
 1.16591440e+05  4.64165266e+01  1.16591440e+05  1.79833464e+02 
 1.25892541e+05  4.64178519e+01  1.25892541e+05  1.79820129e+02 
 1.35935639e+05  4.64193971e+01  1.35935639e+05  1.79805717e+02 
 1.46779927e+05  4.64211990e+01  1.46779927e+05  1.79790139e+02 
 1.58489319e+05  4.64233004e+01  1.58489319e+05  1.79773298e+02 
 1.71132830e+05  4.64257507e+01  1.71132830e+05  1.79755087e+02 
 1.84784980e+05  4.64286085e+01  1.84784980e+05  1.79735391e+02 
 1.99526231e+05  4.64319422e+01  1.99526231e+05  1.79714083e+02 
 2.15443469e+05  4.64358304e+01  2.15443469e+05  1.79691024e+02 
 2.32630507e+05  4.64403661e+01  2.32630507e+05  1.79666060e+02 
 2.51188643e+05  4.64456566e+01  2.51188643e+05  1.79639021e+02 
 2.71227258e+05  4.64518285e+01  2.71227258e+05  1.79609723e+02 
 2.92864456e+05  4.64590308e+01  2.92864456e+05  1.79577956e+02 
 3.16227766e+05  4.64674341e+01  3.16227766e+05  1.79543490e+02 
 3.41454887e+05  4.64772438e+01  3.41454887e+05  1.79506066e+02 
 3.68694506e+05  4.64886942e+01  3.68694506e+05  1.79465392e+02 
 3.98107171e+05  4.65020624e+01  3.98107171e+05  1.79421140e+02 
 4.29866235e+05  4.65176717e+01  4.29866235e+05  1.79372937e+02 
 4.64158883e+05  4.65359093e+01  4.64158883e+05  1.79320354e+02 
 5.01187234e+05  4.65572162e+01  5.01187234e+05  1.79262899e+02 
 5.41169527e+05  4.65821243e+01  5.41169527e+05  1.79200000e+02 
 5.84341413e+05  4.66112568e+01  5.84341413e+05  1.79130991e+02 
 6.30957344e+05  4.66453389e+01  6.30957344e+05  1.79055086e+02 
 6.81292069e+05  4.66852367e+01  6.81292069e+05  1.78971352e+02 
 7.35642254e+05  4.67319901e+01  7.35642254e+05  1.78878669e+02 
 7.94328235e+05  4.67868139e+01  7.94328235e+05  1.78775685e+02 
 8.57695899e+05  4.68511465e+01  8.57695899e+05  1.78660750e+02 
 9.26118728e+05  4.69267545e+01  9.26118728e+05  1.78531821e+02 
 1.00000000e+06  4.70157210e+01  1.00000000e+06  1.78386357e+02 
 1.07977516e+06  4.71205740e+01  1.07977516e+06  1.78221153e+02 
 1.16591440e+06  4.72443860e+01  1.16591440e+06  1.78032100e+02 
 1.25892541e+06  4.73909424e+01  1.25892541e+06  1.77813889e+02 
 1.35935639e+06  4.75648762e+01  1.35935639e+06  1.77559542e+02 
 1.46779927e+06  4.77720119e+01  1.46779927e+06  1.77259700e+02 
 1.58489319e+06  4.80196881e+01  1.58489319e+06  1.76901630e+02 
 1.71132830e+06  4.83173022e+01  1.71132830e+06  1.76467538e+02 
 1.84784980e+06  4.86770786e+01  1.84784980e+06  1.75932047e+02 
 1.99526231e+06  4.91152632e+01  1.99526231e+06  1.75257549e+02 
 2.15443469e+06  4.96541021e+01  2.15443469e+06  1.74386433e+02 
 2.32630507e+06  5.03246719e+01  2.32630507e+06  1.73226157e+02 
 2.51188643e+06  5.11721812e+01  2.51188643e+06  1.71618703e+02 
 2.71227258e+06  5.22652451e+01  2.71227258e+06  1.69273138e+02 
 2.92864456e+06  5.37123641e+01  2.92864456e+06  1.65595665e+02 
 3.16227766e+06  5.56883478e+01  3.16227766e+06  1.59196228e+02 
 3.41454887e+06  5.84185492e+01  3.41454887e+06  1.46215308e+02 
 3.68694506e+06  6.13983448e+01  3.68694506e+06  1.15700147e+02 
 3.98107171e+06  6.03680312e+01  3.98107171e+06  6.77453520e+01 
 4.29866235e+06  5.59423841e+01  4.29866235e+06  4.03034254e+01 
 4.64158883e+06  5.19705662e+01  4.64158883e+06  2.86303613e+01 
 5.01187234e+06  4.87291611e+01  5.01187234e+06  2.28537151e+01 
 5.41169527e+06  4.59897173e+01  5.41169527e+06  1.96014797e+01 
 5.84341413e+06  4.35868614e+01  5.84341413e+06  1.76345021e+01 
 6.30957344e+06  4.14179212e+01  6.30957344e+06  1.64144733e+01 
 6.81292069e+06  3.94169632e+01  6.81292069e+06  1.56759404e+01 
 7.35642254e+06  3.75421421e+01  7.35642254e+06  1.52727345e+01 
 7.94328235e+06  3.57611264e+01  7.94328235e+06  1.51230730e+01 
 8.57695899e+06  3.40520982e+01  8.57695899e+06  1.51753986e+01 
 9.26118728e+06  3.23998131e+01  9.26118728e+06  1.53998427e+01 
 1.00000000e+07  3.07903191e+01  1.00000000e+07  1.57762711e+01 
 1.07977516e+07  2.92156302e+01  1.07977516e+07  1.62990463e+01 
 1.16591440e+07  2.76648295e+01  1.16591440e+07  1.69611072e+01 
 1.25892541e+07  2.61330984e+01  1.25892541e+07  1.77689451e+01 
 1.35935639e+07  2.46137790e+01  1.35935639e+07  1.87195317e+01 
 1.46779927e+07  2.31018887e+01  1.46779927e+07  1.98318709e+01 
 1.58489319e+07  2.15897226e+01  1.58489319e+07  2.11263769e+01 
 1.71132830e+07  2.00758608e+01  1.71132830e+07  2.26165612e+01 
 1.84784980e+07  1.85546815e+01  1.84784980e+07  2.43449372e+01 
 1.99526231e+07  1.70215669e+01  1.99526231e+07  2.63236602e+01 
 2.15443469e+07  1.54721257e+01  2.15443469e+07  2.86665308e+01 
 2.32630507e+07  1.39049502e+01  2.32630507e+07  3.13318922e+01 
 2.51188643e+07  1.23130350e+01  2.51188643e+07  3.44529880e+01 
 2.71227258e+07  1.06991867e+01  2.71227258e+07  3.81625120e+01 
 2.92864456e+07  9.06481365e+00  2.92864456e+07  4.27211103e+01 
 3.16227766e+07  7.41768243e+00  3.16227766e+07  4.79946493e+01 
 3.41454887e+07  5.77340422e+00  3.41454887e+07  5.44915071e+01 
 3.68694506e+07  4.18704079e+00  3.68694506e+07  6.24762063e+01 
 3.98107171e+07  2.72939247e+00  3.98107171e+07  7.21566615e+01 
 4.29866235e+07  1.41755229e+00  4.29866235e+07  8.31181612e+01 
 4.64158883e+07  4.96234989e-01  4.64158883e+07  9.49901164e+01 
 5.01187234e+07 -1.45200864e-01  5.01187234e+07  1.08455677e+02 
 5.41169527e+07 -3.19945979e-01  5.41169527e+07  1.19490494e+02 
 5.84341413e+07 -2.26262747e-01  5.84341413e+07  1.29977895e+02 
 6.30957344e+07  1.18373683e-02  6.30957344e+07  1.40340105e+02 
 6.81292069e+07  4.06666062e-01  6.81292069e+07  1.48042324e+02 
 7.35642254e+07  8.24841554e-01  7.35642254e+07  1.54141435e+02 
 7.94328235e+07  1.11791471e+00  7.94328235e+07  1.59980676e+02 
 8.57695899e+07  1.59805136e+00  8.57695899e+07  1.64253725e+02 
 9.26118728e+07  2.02493414e+00  9.26118728e+07  1.68277117e+02 
 1.00000000e+08  2.46283783e+00  1.00000000e+08  1.72340622e+02 
 1.07977516e+08  2.65585947e+00  1.07977516e+08  1.75434874e+02 
 1.16591440e+08  3.08113431e+00  1.16591440e+08  1.78383483e+02 
 1.25892541e+08  3.22584237e+00  1.25892541e+08  1.81238238e+02 
 1.35935639e+08  3.72471373e+00  1.35935639e+08  1.83348261e+02 
 1.46779927e+08  4.15849249e+00  1.46779927e+08  1.85040881e+02 
 1.58489319e+08  4.27962186e+00  1.58489319e+08  1.86769811e+02 
 1.71132830e+08  5.01445747e+00  1.71132830e+08  1.88188971e+02 
 1.84784980e+08  5.03797258e+00  1.84784980e+08  1.89501712e+02 
 1.99526231e+08  5.49661219e+00  1.99526231e+08  1.90326878e+02 
 2.15443469e+08  5.50235009e+00  2.15443469e+08  1.90807048e+02 
 2.32630507e+08  6.44921838e+00  2.32630507e+08  1.90978313e+02 
 2.51188643e+08  6.34854290e+00  2.51188643e+08  1.91031853e+02 
 2.71227258e+08  6.89342609e+00  2.71227258e+08  1.90360377e+02 
 2.92864456e+08  7.74207292e+00  2.92864456e+08  1.89733133e+02 
 3.16227766e+08  6.64340180e+00  3.16227766e+08  1.89293468e+02 
 3.41454887e+08  7.05543192e+00  3.41454887e+08  1.88184379e+02 
 3.68694506e+08  7.80582187e+00  3.68694506e+08  1.87301483e+02 
 3.98107171e+08  7.73544153e+00  3.98107171e+08  1.86462550e+02 
 4.29866235e+08  9.38437125e+00  4.29866235e+08  1.85809523e+02 
 4.64158883e+08  8.10565685e+00  4.64158883e+08  1.84750696e+02 
 5.01187234e+08  8.72938656e+00  5.01187234e+08  1.84365524e+02 
 5.41169527e+08  7.39035674e+00  5.41169527e+08  1.83431211e+02 
 5.84341413e+08  8.55145274e+00  5.84341413e+08  1.82730711e+02 
 6.30957344e+08  7.23476418e+00  6.30957344e+08  1.82324595e+02 
 6.81292069e+08  9.37762857e+00  6.81292069e+08  1.81261986e+02 
 7.35642254e+08  4.53667704e+00  7.35642254e+08  1.81368534e+02 
 7.94328235e+08  1.27074165e+01  7.94328235e+08  1.81337017e+02 
 8.57695899e+08  5.34412472e+00  8.57695899e+08  1.80820719e+02 
 9.26118728e+08  1.00086022e+01  9.26118728e+08  1.81985377e+02 
 1.00000000e+09  4.87769930e+01  1.00000000e+09  9.18183030e+01 
