 1.00000000e+00  4.68437435e+01  1.00000000e+00  1.79999999e+02 
 1.07977516e+00  4.68437435e+01  1.07977516e+00  1.79999999e+02 
 1.16591440e+00  4.68437435e+01  1.16591440e+00  1.79999998e+02 
 1.25892541e+00  4.68437435e+01  1.25892541e+00  1.79999998e+02 
 1.35935639e+00  4.68437435e+01  1.35935639e+00  1.79999998e+02 
 1.46779927e+00  4.68437435e+01  1.46779927e+00  1.79999998e+02 
 1.58489319e+00  4.68437435e+01  1.58489319e+00  1.79999998e+02 
 1.71132830e+00  4.68437435e+01  1.71132830e+00  1.79999998e+02 
 1.84784980e+00  4.68437435e+01  1.84784980e+00  1.79999997e+02 
 1.99526231e+00  4.68437435e+01  1.99526231e+00  1.79999997e+02 
 2.15443469e+00  4.68437435e+01  2.15443469e+00  1.79999997e+02 
 2.32630507e+00  4.68437435e+01  2.32630507e+00  1.79999997e+02 
 2.51188643e+00  4.68437435e+01  2.51188643e+00  1.79999997e+02 
 2.71227258e+00  4.68437435e+01  2.71227258e+00  1.79999996e+02 
 2.92864456e+00  4.68437435e+01  2.92864456e+00  1.79999996e+02 
 3.16227766e+00  4.68437435e+01  3.16227766e+00  1.79999996e+02 
 3.41454887e+00  4.68437435e+01  3.41454887e+00  1.79999995e+02 
 3.68694506e+00  4.68437435e+01  3.68694506e+00  1.79999995e+02 
 3.98107171e+00  4.68437435e+01  3.98107171e+00  1.79999994e+02 
 4.29866235e+00  4.68437435e+01  4.29866235e+00  1.79999994e+02 
 4.64158883e+00  4.68437435e+01  4.64158883e+00  1.79999994e+02 
 5.01187234e+00  4.68437435e+01  5.01187234e+00  1.79999993e+02 
 5.41169527e+00  4.68437435e+01  5.41169527e+00  1.79999993e+02 
 5.84341413e+00  4.68437435e+01  5.84341413e+00  1.79999992e+02 
 6.30957344e+00  4.68437435e+01  6.30957344e+00  1.79999991e+02 
 6.81292069e+00  4.68437435e+01  6.81292069e+00  1.79999991e+02 
 7.35642254e+00  4.68437435e+01  7.35642254e+00  1.79999990e+02 
 7.94328235e+00  4.68437435e+01  7.94328235e+00  1.79999989e+02 
 8.57695899e+00  4.68437435e+01  8.57695899e+00  1.79999988e+02 
 9.26118728e+00  4.68437435e+01  9.26118728e+00  1.79999987e+02 
 1.00000000e+01  4.68437435e+01  1.00000000e+01  1.79999986e+02 
 1.07977516e+01  4.68437435e+01  1.07977516e+01  1.79999985e+02 
 1.16591440e+01  4.68437435e+01  1.16591440e+01  1.79999984e+02 
 1.25892541e+01  4.68437435e+01  1.25892541e+01  1.79999983e+02 
 1.35935639e+01  4.68437435e+01  1.35935639e+01  1.79999981e+02 
 1.46779927e+01  4.68437435e+01  1.46779927e+01  1.79999980e+02 
 1.58489319e+01  4.68437435e+01  1.58489319e+01  1.79999978e+02 
 1.71132830e+01  4.68437435e+01  1.71132830e+01  1.79999976e+02 
 1.84784980e+01  4.68437435e+01  1.84784980e+01  1.79999974e+02 
 1.99526231e+01  4.68437435e+01  1.99526231e+01  1.79999972e+02 
 2.15443469e+01  4.68437435e+01  2.15443469e+01  1.79999970e+02 
 2.32630507e+01  4.68437435e+01  2.32630507e+01  1.79999968e+02 
 2.51188643e+01  4.68437435e+01  2.51188643e+01  1.79999965e+02 
 2.71227258e+01  4.68437435e+01  2.71227258e+01  1.79999962e+02 
 2.92864456e+01  4.68437435e+01  2.92864456e+01  1.79999959e+02 
 3.16227766e+01  4.68437435e+01  3.16227766e+01  1.79999956e+02 
 3.41454887e+01  4.68437435e+01  3.41454887e+01  1.79999953e+02 
 3.68694506e+01  4.68437435e+01  3.68694506e+01  1.79999949e+02 
 3.98107171e+01  4.68437435e+01  3.98107171e+01  1.79999945e+02 
 4.29866235e+01  4.68437435e+01  4.29866235e+01  1.79999941e+02 
 4.64158883e+01  4.68437435e+01  4.64158883e+01  1.79999936e+02 
 5.01187234e+01  4.68437435e+01  5.01187234e+01  1.79999931e+02 
 5.41169527e+01  4.68437435e+01  5.41169527e+01  1.79999925e+02 
 5.84341413e+01  4.68437435e+01  5.84341413e+01  1.79999919e+02 
 6.30957344e+01  4.68437435e+01  6.30957344e+01  1.79999913e+02 
 6.81292069e+01  4.68437435e+01  6.81292069e+01  1.79999906e+02 
 7.35642254e+01  4.68437435e+01  7.35642254e+01  1.79999898e+02 
 7.94328235e+01  4.68437435e+01  7.94328235e+01  1.79999890e+02 
 8.57695899e+01  4.68437435e+01  8.57695899e+01  1.79999881e+02 
 9.26118728e+01  4.68437435e+01  9.26118728e+01  1.79999872e+02 
 1.00000000e+02  4.68437435e+01  1.00000000e+02  1.79999862e+02 
 1.07977516e+02  4.68437435e+01  1.07977516e+02  1.79999851e+02 
 1.16591440e+02  4.68437435e+01  1.16591440e+02  1.79999839e+02 
 1.25892541e+02  4.68437435e+01  1.25892541e+02  1.79999826e+02 
 1.35935639e+02  4.68437435e+01  1.35935639e+02  1.79999812e+02 
 1.46779927e+02  4.68437435e+01  1.46779927e+02  1.79999797e+02 
 1.58489319e+02  4.68437435e+01  1.58489319e+02  1.79999781e+02 
 1.71132830e+02  4.68437435e+01  1.71132830e+02  1.79999763e+02 
 1.84784980e+02  4.68437435e+01  1.84784980e+02  1.79999744e+02 
 1.99526231e+02  4.68437435e+01  1.99526231e+02  1.79999724e+02 
 2.15443469e+02  4.68437435e+01  2.15443469e+02  1.79999702e+02 
 2.32630507e+02  4.68437435e+01  2.32630507e+02  1.79999678e+02 
 2.51188643e+02  4.68437435e+01  2.51188643e+02  1.79999653e+02 
 2.71227258e+02  4.68437435e+01  2.71227258e+02  1.79999625e+02 
 2.92864456e+02  4.68437435e+01  2.92864456e+02  1.79999595e+02 
 3.16227766e+02  4.68437435e+01  3.16227766e+02  1.79999563e+02 
 3.41454887e+02  4.68437435e+01  3.41454887e+02  1.79999528e+02 
 3.68694506e+02  4.68437436e+01  3.68694506e+02  1.79999490e+02 
 3.98107171e+02  4.68437436e+01  3.98107171e+02  1.79999449e+02 
 4.29866235e+02  4.68437436e+01  4.29866235e+02  1.79999405e+02 
 4.64158883e+02  4.68437436e+01  4.64158883e+02  1.79999358e+02 
 5.01187234e+02  4.68437436e+01  5.01187234e+02  1.79999307e+02 
 5.41169527e+02  4.68437437e+01  5.41169527e+02  1.79999252e+02 
 5.84341413e+02  4.68437437e+01  5.84341413e+02  1.79999192e+02 
 6.30957344e+02  4.68437437e+01  6.30957344e+02  1.79999127e+02 
 6.81292069e+02  4.68437438e+01  6.81292069e+02  1.79999058e+02 
 7.35642254e+02  4.68437438e+01  7.35642254e+02  1.79998983e+02 
 7.94328235e+02  4.68437439e+01  7.94328235e+02  1.79998901e+02 
 8.57695899e+02  4.68437439e+01  8.57695899e+02  1.79998814e+02 
 9.26118728e+02  4.68437440e+01  9.26118728e+02  1.79998719e+02 
 1.00000000e+03  4.68437441e+01  1.00000000e+03  1.79998617e+02 
 1.07977516e+03  4.68437442e+01  1.07977516e+03  1.79998507e+02 
 1.16591440e+03  4.68437443e+01  1.16591440e+03  1.79998388e+02 
 1.25892541e+03  4.68437445e+01  1.25892541e+03  1.79998259e+02 
 1.35935639e+03  4.68437446e+01  1.35935639e+03  1.79998120e+02 
 1.46779927e+03  4.68437448e+01  1.46779927e+03  1.79997970e+02 
 1.58489319e+03  4.68437451e+01  1.58489319e+03  1.79997808e+02 
 1.71132830e+03  4.68437453e+01  1.71132830e+03  1.79997633e+02 
 1.84784980e+03  4.68437456e+01  1.84784980e+03  1.79997444e+02 
 1.99526231e+03  4.68437460e+01  1.99526231e+03  1.79997241e+02 
 2.15443469e+03  4.68437464e+01  2.15443469e+03  1.79997020e+02 
 2.32630507e+03  4.68437469e+01  2.32630507e+03  1.79996783e+02 
 2.51188643e+03  4.68437475e+01  2.51188643e+03  1.79996526e+02 
 2.71227258e+03  4.68437481e+01  2.71227258e+03  1.79996249e+02 
 2.92864456e+03  4.68437489e+01  2.92864456e+03  1.79995950e+02 
 3.16227766e+03  4.68437498e+01  3.16227766e+03  1.79995627e+02 
 3.41454887e+03  4.68437509e+01  3.41454887e+03  1.79995278e+02 
 3.68694506e+03  4.68437521e+01  3.68694506e+03  1.79994901e+02 
 3.98107171e+03  4.68437536e+01  3.98107171e+03  1.79994494e+02 
 4.29866235e+03  4.68437552e+01  4.29866235e+03  1.79994055e+02 
 4.64158883e+03  4.68437572e+01  4.64158883e+03  1.79993581e+02 
 5.01187234e+03  4.68437595e+01  5.01187234e+03  1.79993069e+02 
 5.41169527e+03  4.68437621e+01  5.41169527e+03  1.79992516e+02 
 5.84341413e+03  4.68437652e+01  5.84341413e+03  1.79991919e+02 
 6.30957344e+03  4.68437688e+01  6.30957344e+03  1.79991274e+02 
 6.81292069e+03  4.68437730e+01  6.81292069e+03  1.79990578e+02 
 7.35642254e+03  4.68437779e+01  7.35642254e+03  1.79989826e+02 
 7.94328235e+03  4.68437837e+01  7.94328235e+03  1.79989014e+02 
 8.57695899e+03  4.68437903e+01  8.57695899e+03  1.79988138e+02 
 9.26118728e+03  4.68437981e+01  9.26118728e+03  1.79987192e+02 
 1.00000000e+04  4.68438072e+01  1.00000000e+04  1.79986170e+02 
 1.07977516e+04  4.68438177e+01  1.07977516e+04  1.79985067e+02 
 1.16591440e+04  4.68438300e+01  1.16591440e+04  1.79983875e+02 
 1.25892541e+04  4.68438444e+01  1.25892541e+04  1.79982589e+02 
 1.35935639e+04  4.68438612e+01  1.35935639e+04  1.79981200e+02 
 1.46779927e+04  4.68438807e+01  1.46779927e+04  1.79979700e+02 
 1.58489319e+04  4.68439035e+01  1.58489319e+04  1.79978080e+02 
 1.71132830e+04  4.68439300e+01  1.71132830e+04  1.79976331e+02 
 1.84784980e+04  4.68439609e+01  1.84784980e+04  1.79974443e+02 
 1.99526231e+04  4.68439970e+01  1.99526231e+04  1.79972404e+02 
 2.15443469e+04  4.68440391e+01  2.15443469e+04  1.79970202e+02 
 2.32630507e+04  4.68440882e+01  2.32630507e+04  1.79967825e+02 
 2.51188643e+04  4.68441454e+01  2.51188643e+04  1.79965258e+02 
 2.71227258e+04  4.68442120e+01  2.71227258e+04  1.79962486e+02 
 2.92864456e+04  4.68442898e+01  2.92864456e+04  1.79959492e+02 
 3.16227766e+04  4.68443804e+01  3.16227766e+04  1.79956260e+02 
 3.41454887e+04  4.68444861e+01  3.41454887e+04  1.79952770e+02 
 3.68694506e+04  4.68446093e+01  3.68694506e+04  1.79949000e+02 
 3.98107171e+04  4.68447530e+01  3.98107171e+04  1.79944930e+02 
 4.29866235e+04  4.68449205e+01  4.29866235e+04  1.79940535e+02 
 4.64158883e+04  4.68451158e+01  4.64158883e+04  1.79935788e+02 
 5.01187234e+04  4.68453435e+01  5.01187234e+04  1.79930663e+02 
 5.41169527e+04  4.68456090e+01  5.41169527e+04  1.79925127e+02 
 5.84341413e+04  4.68459185e+01  5.84341413e+04  1.79919149e+02 
 6.30957344e+04  4.68462795e+01  6.30957344e+04  1.79912692e+02 
 6.81292069e+04  4.68467003e+01  6.81292069e+04  1.79905719e+02 
 7.35642254e+04  4.68471910e+01  7.35642254e+04  1.79898187e+02 
 7.94328235e+04  4.68477631e+01  7.94328235e+04  1.79890051e+02 
 8.57695899e+04  4.68484302e+01  8.57695899e+04  1.79881263e+02 
 9.26118728e+04  4.68492080e+01  9.26118728e+04  1.79871770e+02 
 1.00000000e+05  4.68501150e+01  1.00000000e+05  1.79861513e+02 
 1.07977516e+05  4.68511726e+01  1.07977516e+05  1.79850432e+02 
 1.16591440e+05  4.68524058e+01  1.16591440e+05  1.79838458e+02 
 1.25892541e+05  4.68538437e+01  1.25892541e+05  1.79825517e+02 
 1.35935639e+05  4.68555208e+01  1.35935639e+05  1.79811531e+02 
 1.46779927e+05  4.68574762e+01  1.46779927e+05  1.79796411e+02 
 1.58489319e+05  4.68597567e+01  1.58489319e+05  1.79780064e+02 
 1.71132830e+05  4.68624165e+01  1.71132830e+05  1.79762384e+02 
 1.84784980e+05  4.68655183e+01  1.84784980e+05  1.79743259e+02 
 1.99526231e+05  4.68691365e+01  1.99526231e+05  1.79722565e+02 
 2.15443469e+05  4.68733563e+01  2.15443469e+05  1.79700164e+02 
 2.32630507e+05  4.68782790e+01  2.32630507e+05  1.79675907e+02 
 2.51188643e+05  4.68840218e+01  2.51188643e+05  1.79649627e+02 
 2.71227258e+05  4.68907225e+01  2.71227258e+05  1.79621139e+02 
 2.92864456e+05  4.68985408e+01  2.92864456e+05  1.79590238e+02 
 3.16227766e+05  4.69076655e+01  3.16227766e+05  1.79556695e+02 
 3.41454887e+05  4.69183158e+01  3.41454887e+05  1.79520252e+02 
 3.68694506e+05  4.69307477e+01  3.68694506e+05  1.79480620e+02 
 3.98107171e+05  4.69452682e+01  3.98107171e+05  1.79437469e+02 
 4.29866235e+05  4.69622232e+01  4.29866235e+05  1.79390422e+02 
 4.64158883e+05  4.69820362e+01  4.64158883e+05  1.79339049e+02 
 5.01187234e+05  4.70051876e+01  5.01187234e+05  1.79282850e+02 
 5.41169527e+05  4.70322617e+01  5.41169527e+05  1.79221243e+02 
 5.84341413e+05  4.70639314e+01  5.84341413e+05  1.79153547e+02 
 6.30957344e+05  4.71009942e+01  6.30957344e+05  1.79078951e+02 
 6.81292069e+05  4.71444084e+01  6.81292069e+05  1.78996492e+02 
 7.35642254e+05  4.71952874e+01  7.35642254e+05  1.78905006e+02 
 7.94328235e+05  4.72549807e+01  7.94328235e+05  1.78803078e+02 
 8.57695899e+05  4.73250851e+01  8.57695899e+05  1.78688968e+02 
 9.26118728e+05  4.74075445e+01  9.26118728e+05  1.78560519e+02 
 1.00000000e+06  4.75046317e+01  1.00000000e+06  1.78415021e+02 
 1.07977516e+06  4.76191927e+01  1.07977516e+06  1.78249022e+02 
 1.16591440e+06  4.77546205e+01  1.16591440e+06  1.78058099e+02 
 1.25892541e+06  4.79151730e+01  1.25892541e+06  1.77836439e+02 
 1.35935639e+06  4.81060814e+01  1.35935639e+06  1.77576356e+02 
 1.46779927e+06  4.83338807e+01  1.46779927e+06  1.77267466e+02 
 1.58489319e+06  4.86070054e+01  1.58489319e+06  1.76895401e+02 
 1.71132830e+06  4.89362633e+01  1.71132830e+06  1.76439894e+02 
 1.84784980e+06  4.93358953e+01  1.84784980e+06  1.75871431e+02 
 1.99526231e+06  4.98252114e+01  1.99526231e+06  1.75145516e+02 
 2.15443469e+06  5.04307463e+01  2.15443469e+06  1.74192343e+02 
 2.32630507e+06  5.11907145e+01  2.32630507e+06  1.72895982e+02 
 2.51188643e+06  5.21623012e+01  2.51188643e+06  1.71050617e+02 
 2.71227258e+06  5.34347251e+01  2.71227258e+06  1.68255990e+02 
 2.92864456e+06  5.51541778e+01  2.92864456e+06  1.63631996e+02 
 3.16227766e+06  5.75565379e+01  3.16227766e+06  1.54891247e+02 
 3.41454887e+06  6.08007933e+01  3.41454887e+06  1.34933754e+02 
 3.68694506e+06  6.25497168e+01  3.68694506e+06  8.97138614e+01 
 3.98107171e+06  5.87728308e+01  3.98107171e+06  4.87708245e+01 
 4.29866235e+06  5.43017059e+01  4.29866235e+06  3.16867720e+01 
 4.64158883e+06  5.06910895e+01  4.64158883e+06  2.40466499e+01 
 5.01187234e+06  4.77167078e+01  5.01187234e+06  2.00062297e+01 
 5.41169527e+06  4.51593676e+01  5.41169527e+06  1.76424775e+01 
 5.84341413e+06  4.28826700e+01  5.84341413e+06  1.61934135e+01 
 6.30957344e+06  4.08053066e+01  6.30957344e+06  1.53045544e+01 
 6.81292069e+06  3.88724088e+01  6.81292069e+06  1.47927977e+01 
 7.35642254e+06  3.70484361e+01  7.35642254e+06  1.45554608e+01 
 7.94328235e+06  3.53070017e+01  7.94328235e+06  1.45309888e+01 
 8.57695899e+06  3.36306400e+01  8.57695899e+06  1.46808273e+01 
 9.26118728e+06  3.20033132e+01  9.26118728e+06  1.49855482e+01 
 1.00000000e+07  3.04141487e+01  1.00000000e+07  1.54333668e+01 
 1.07977516e+07  2.88551898e+01  1.07977516e+07  1.60129274e+01 
 1.16591440e+07  2.73159585e+01  1.16591440e+07  1.67245662e+01 
 1.25892541e+07  2.57955937e+01  1.25892541e+07  1.75732744e+01 
 1.35935639e+07  2.42840942e+01  1.35935639e+07  1.85781538e+01 
 1.46779927e+07  2.27753611e+01  1.46779927e+07  1.97365059e+01 
 1.58489319e+07  2.12685272e+01  1.58489319e+07  2.10706734e+01 
 1.71132830e+07  1.97563482e+01  1.71132830e+07  2.26039655e+01 
 1.84784980e+07  1.82343950e+01  1.84784980e+07  2.43633117e+01 
 1.99526231e+07  1.66994973e+01  1.99526231e+07  2.64168865e+01 
 2.15443469e+07  1.51515657e+01  2.15443469e+07  2.87492916e+01 
 2.32630507e+07  1.35771493e+01  2.32630507e+07  3.15260192e+01 
 2.51188643e+07  1.19816605e+01  2.51188643e+07  3.47721905e+01 
 2.71227258e+07  1.03670370e+01  2.71227258e+07  3.86027884e+01 
 2.92864456e+07  8.71747570e+00  2.92864456e+07  4.31258153e+01 
 3.16227766e+07  7.06574618e+00  3.16227766e+07  4.86747186e+01 
 3.41454887e+07  5.41465988e+00  3.41454887e+07  5.54496392e+01 
 3.68694506e+07  3.82866680e+00  3.68694506e+07  6.36236442e+01 
 3.98107171e+07  2.36329133e+00  3.98107171e+07  7.34295190e+01 
 4.29866235e+07  1.12055660e+00  4.29866235e+07  8.47318522e+01 
 4.64158883e+07  2.05347333e-01  4.64158883e+07  9.70260170e+01 
 5.01187234e+07 -3.43954335e-01  5.01187234e+07  1.10236890e+02 
 5.41169527e+07 -4.49401364e-01  5.41169527e+07  1.22346638e+02 
 5.84341413e+07 -3.40310452e-01  5.84341413e+07  1.32794554e+02 
 6.30957344e+07  4.98514022e-02  6.30957344e+07  1.42168465e+02 
 6.81292069e+07  3.94182280e-01  6.81292069e+07  1.49535141e+02 
 7.35642254e+07  7.65524471e-01  7.35642254e+07  1.55613920e+02 
 7.94328235e+07  1.22625769e+00  7.94328235e+07  1.61051483e+02 
 8.57695899e+07  1.52412338e+00  8.57695899e+07  1.65996318e+02 
 9.26118728e+07  2.01924317e+00  9.26118728e+07  1.69894877e+02 
 1.00000000e+08  2.22999689e+00  1.00000000e+08  1.73493117e+02 
 1.07977516e+08  2.78903338e+00  1.07977516e+08  1.76457532e+02 
 1.16591440e+08  3.02159215e+00  1.16591440e+08  1.79638276e+02 
 1.25892541e+08  3.42338596e+00  1.25892541e+08  1.82172485e+02 
 1.35935639e+08  3.94020464e+00  1.35935639e+08  1.83825937e+02 
 1.46779927e+08  4.23016317e+00  1.46779927e+08  1.85573824e+02 
 1.58489319e+08  4.55477416e+00  1.58489319e+08  1.87345821e+02 
 1.71132830e+08  4.86660464e+00  1.71132830e+08  1.89253045e+02 
 1.84784980e+08  5.13307069e+00  1.84784980e+08  1.90220362e+02 
 1.99526231e+08  5.29249814e+00  1.99526231e+08  1.91076037e+02 
 2.15443469e+08  5.95698982e+00  2.15443469e+08  1.90984085e+02 
 2.32630507e+08  6.54487477e+00  2.32630507e+08  1.91224780e+02 
 2.51188643e+08  6.93597024e+00  2.51188643e+08  1.91177580e+02 
 2.71227258e+08  7.57568976e+00  2.71227258e+08  1.90346867e+02 
 2.92864456e+08  7.14124814e+00  2.92864456e+08  1.89874314e+02 
 3.16227766e+08  7.47510651e+00  3.16227766e+08  1.89324778e+02 
 3.41454887e+08  7.13241187e+00  3.41454887e+08  1.88103444e+02 
 3.68694506e+08  9.01697852e+00  3.68694506e+08  1.86991538e+02 
 3.98107171e+08  7.76467979e+00  3.98107171e+08  1.86402974e+02 
 4.29866235e+08  6.52329151e+00  4.29866235e+08  1.85726598e+02 
 4.64158883e+08  8.15643820e+00  4.64158883e+08  1.84677169e+02 
 5.01187234e+08  6.81308040e+00  5.01187234e+08  1.83897283e+02 
 5.41169527e+08  7.41762855e+00  5.41169527e+08  1.83354842e+02 
 5.84341413e+08  8.58369863e+00  5.84341413e+08  1.82578538e+02 
 6.30957344e+08  7.26143562e+00  6.30957344e+08  1.82057474e+02 
 6.81292069e+08  5.89081082e+00  6.81292069e+08  1.81658528e+02 
 7.35642254e+08  8.05767810e+00  7.35642254e+08  1.81127016e+02 
 7.94328235e+08  6.70805416e+00  7.94328235e+08  1.80718214e+02 
 8.57695899e+08  1.13655546e+01  8.57695899e+08  1.80944256e+02 
 9.26118728e+08  4.00000872e+00  9.26118728e+08  1.79896409e+02 
 1.00000000e+09  2.64880262e+00  1.00000000e+09  1.80282128e+02 
