 1.00000000e+00  4.68771290e+01  1.00000000e+00  1.79999999e+02 
 1.07977516e+00  4.68771290e+01  1.07977516e+00  1.79999999e+02 
 1.16591440e+00  4.68771290e+01  1.16591440e+00  1.79999998e+02 
 1.25892541e+00  4.68771290e+01  1.25892541e+00  1.79999998e+02 
 1.35935639e+00  4.68771290e+01  1.35935639e+00  1.79999998e+02 
 1.46779927e+00  4.68771290e+01  1.46779927e+00  1.79999998e+02 
 1.58489319e+00  4.68771290e+01  1.58489319e+00  1.79999998e+02 
 1.71132830e+00  4.68771290e+01  1.71132830e+00  1.79999998e+02 
 1.84784980e+00  4.68771290e+01  1.84784980e+00  1.79999998e+02 
 1.99526231e+00  4.68771290e+01  1.99526231e+00  1.79999997e+02 
 2.15443469e+00  4.68771290e+01  2.15443469e+00  1.79999997e+02 
 2.32630507e+00  4.68771290e+01  2.32630507e+00  1.79999997e+02 
 2.51188643e+00  4.68771290e+01  2.51188643e+00  1.79999997e+02 
 2.71227258e+00  4.68771290e+01  2.71227258e+00  1.79999996e+02 
 2.92864456e+00  4.68771290e+01  2.92864456e+00  1.79999996e+02 
 3.16227766e+00  4.68771290e+01  3.16227766e+00  1.79999996e+02 
 3.41454887e+00  4.68771290e+01  3.41454887e+00  1.79999995e+02 
 3.68694506e+00  4.68771290e+01  3.68694506e+00  1.79999995e+02 
 3.98107171e+00  4.68771290e+01  3.98107171e+00  1.79999995e+02 
 4.29866235e+00  4.68771290e+01  4.29866235e+00  1.79999994e+02 
 4.64158883e+00  4.68771290e+01  4.64158883e+00  1.79999994e+02 
 5.01187234e+00  4.68771290e+01  5.01187234e+00  1.79999993e+02 
 5.41169527e+00  4.68771290e+01  5.41169527e+00  1.79999993e+02 
 5.84341413e+00  4.68771290e+01  5.84341413e+00  1.79999992e+02 
 6.30957344e+00  4.68771290e+01  6.30957344e+00  1.79999992e+02 
 6.81292069e+00  4.68771290e+01  6.81292069e+00  1.79999991e+02 
 7.35642254e+00  4.68771290e+01  7.35642254e+00  1.79999990e+02 
 7.94328235e+00  4.68771290e+01  7.94328235e+00  1.79999990e+02 
 8.57695899e+00  4.68771290e+01  8.57695899e+00  1.79999989e+02 
 9.26118728e+00  4.68771290e+01  9.26118728e+00  1.79999988e+02 
 1.00000000e+01  4.68771290e+01  1.00000000e+01  1.79999987e+02 
 1.07977516e+01  4.68771290e+01  1.07977516e+01  1.79999986e+02 
 1.16591440e+01  4.68771290e+01  1.16591440e+01  1.79999985e+02 
 1.25892541e+01  4.68771290e+01  1.25892541e+01  1.79999983e+02 
 1.35935639e+01  4.68771290e+01  1.35935639e+01  1.79999982e+02 
 1.46779927e+01  4.68771290e+01  1.46779927e+01  1.79999981e+02 
 1.58489319e+01  4.68771290e+01  1.58489319e+01  1.79999979e+02 
 1.71132830e+01  4.68771290e+01  1.71132830e+01  1.79999977e+02 
 1.84784980e+01  4.68771290e+01  1.84784980e+01  1.79999976e+02 
 1.99526231e+01  4.68771290e+01  1.99526231e+01  1.79999974e+02 
 2.15443469e+01  4.68771290e+01  2.15443469e+01  1.79999972e+02 
 2.32630507e+01  4.68771290e+01  2.32630507e+01  1.79999969e+02 
 2.51188643e+01  4.68771290e+01  2.51188643e+01  1.79999967e+02 
 2.71227258e+01  4.68771290e+01  2.71227258e+01  1.79999964e+02 
 2.92864456e+01  4.68771290e+01  2.92864456e+01  1.79999961e+02 
 3.16227766e+01  4.68771290e+01  3.16227766e+01  1.79999958e+02 
 3.41454887e+01  4.68771290e+01  3.41454887e+01  1.79999955e+02 
 3.68694506e+01  4.68771290e+01  3.68694506e+01  1.79999951e+02 
 3.98107171e+01  4.68771290e+01  3.98107171e+01  1.79999947e+02 
 4.29866235e+01  4.68771290e+01  4.29866235e+01  1.79999943e+02 
 4.64158883e+01  4.68771290e+01  4.64158883e+01  1.79999939e+02 
 5.01187234e+01  4.68771290e+01  5.01187234e+01  1.79999934e+02 
 5.41169527e+01  4.68771290e+01  5.41169527e+01  1.79999929e+02 
 5.84341413e+01  4.68771290e+01  5.84341413e+01  1.79999923e+02 
 6.30957344e+01  4.68771290e+01  6.30957344e+01  1.79999917e+02 
 6.81292069e+01  4.68771290e+01  6.81292069e+01  1.79999910e+02 
 7.35642254e+01  4.68771290e+01  7.35642254e+01  1.79999903e+02 
 7.94328235e+01  4.68771290e+01  7.94328235e+01  1.79999895e+02 
 8.57695899e+01  4.68771290e+01  8.57695899e+01  1.79999887e+02 
 9.26118728e+01  4.68771290e+01  9.26118728e+01  1.79999878e+02 
 1.00000000e+02  4.68771290e+01  1.00000000e+02  1.79999868e+02 
 1.07977516e+02  4.68771290e+01  1.07977516e+02  1.79999857e+02 
 1.16591440e+02  4.68771290e+01  1.16591440e+02  1.79999846e+02 
 1.25892541e+02  4.68771290e+01  1.25892541e+02  1.79999834e+02 
 1.35935639e+02  4.68771290e+01  1.35935639e+02  1.79999821e+02 
 1.46779927e+02  4.68771290e+01  1.46779927e+02  1.79999806e+02 
 1.58489319e+02  4.68771290e+01  1.58489319e+02  1.79999791e+02 
 1.71132830e+02  4.68771290e+01  1.71132830e+02  1.79999774e+02 
 1.84784980e+02  4.68771290e+01  1.84784980e+02  1.79999756e+02 
 1.99526231e+02  4.68771290e+01  1.99526231e+02  1.79999737e+02 
 2.15443469e+02  4.68771290e+01  2.15443469e+02  1.79999716e+02 
 2.32630507e+02  4.68771290e+01  2.32630507e+02  1.79999693e+02 
 2.51188643e+02  4.68771290e+01  2.51188643e+02  1.79999668e+02 
 2.71227258e+02  4.68771290e+01  2.71227258e+02  1.79999642e+02 
 2.92864456e+02  4.68771290e+01  2.92864456e+02  1.79999613e+02 
 3.16227766e+02  4.68771290e+01  3.16227766e+02  1.79999583e+02 
 3.41454887e+02  4.68771290e+01  3.41454887e+02  1.79999549e+02 
 3.68694506e+02  4.68771291e+01  3.68694506e+02  1.79999513e+02 
 3.98107171e+02  4.68771291e+01  3.98107171e+02  1.79999474e+02 
 4.29866235e+02  4.68771291e+01  4.29866235e+02  1.79999433e+02 
 4.64158883e+02  4.68771291e+01  4.64158883e+02  1.79999387e+02 
 5.01187234e+02  4.68771291e+01  5.01187234e+02  1.79999338e+02 
 5.41169527e+02  4.68771292e+01  5.41169527e+02  1.79999286e+02 
 5.84341413e+02  4.68771292e+01  5.84341413e+02  1.79999229e+02 
 6.30957344e+02  4.68771292e+01  6.30957344e+02  1.79999167e+02 
 6.81292069e+02  4.68771293e+01  6.81292069e+02  1.79999101e+02 
 7.35642254e+02  4.68771293e+01  7.35642254e+02  1.79999029e+02 
 7.94328235e+02  4.68771294e+01  7.94328235e+02  1.79998951e+02 
 8.57695899e+02  4.68771295e+01  8.57695899e+02  1.79998868e+02 
 9.26118728e+02  4.68771296e+01  9.26118728e+02  1.79998777e+02 
 1.00000000e+03  4.68771297e+01  1.00000000e+03  1.79998680e+02 
 1.07977516e+03  4.68771298e+01  1.07977516e+03  1.79998575e+02 
 1.16591440e+03  4.68771299e+01  1.16591440e+03  1.79998461e+02 
 1.25892541e+03  4.68771301e+01  1.25892541e+03  1.79998338e+02 
 1.35935639e+03  4.68771303e+01  1.35935639e+03  1.79998205e+02 
 1.46779927e+03  4.68771305e+01  1.46779927e+03  1.79998062e+02 
 1.58489319e+03  4.68771308e+01  1.58489319e+03  1.79997908e+02 
 1.71132830e+03  4.68771311e+01  1.71132830e+03  1.79997741e+02 
 1.84784980e+03  4.68771314e+01  1.84784980e+03  1.79997561e+02 
 1.99526231e+03  4.68771318e+01  1.99526231e+03  1.79997366e+02 
 2.15443469e+03  4.68771323e+01  2.15443469e+03  1.79997156e+02 
 2.32630507e+03  4.68771328e+01  2.32630507e+03  1.79996929e+02 
 2.51188643e+03  4.68771335e+01  2.51188643e+03  1.79996684e+02 
 2.71227258e+03  4.68771342e+01  2.71227258e+03  1.79996419e+02 
 2.92864456e+03  4.68771351e+01  2.92864456e+03  1.79996134e+02 
 3.16227766e+03  4.68771361e+01  3.16227766e+03  1.79995825e+02 
 3.41454887e+03  4.68771373e+01  3.41454887e+03  1.79995492e+02 
 3.68694506e+03  4.68771387e+01  3.68694506e+03  1.79995133e+02 
 3.98107171e+03  4.68771403e+01  3.98107171e+03  1.79994745e+02 
 4.29866235e+03  4.68771422e+01  4.29866235e+03  1.79994325e+02 
 4.64158883e+03  4.68771444e+01  4.64158883e+03  1.79993873e+02 
 5.01187234e+03  4.68771470e+01  5.01187234e+03  1.79993384e+02 
 5.41169527e+03  4.68771500e+01  5.41169527e+03  1.79992856e+02 
 5.84341413e+03  4.68771535e+01  5.84341413e+03  1.79992286e+02 
 6.30957344e+03  4.68771575e+01  6.30957344e+03  1.79991671e+02 
 6.81292069e+03  4.68771623e+01  6.81292069e+03  1.79991006e+02 
 7.35642254e+03  4.68771678e+01  7.35642254e+03  1.79990289e+02 
 7.94328235e+03  4.68771743e+01  7.94328235e+03  1.79989514e+02 
 8.57695899e+03  4.68771818e+01  8.57695899e+03  1.79988677e+02 
 9.26118728e+03  4.68771905e+01  9.26118728e+03  1.79987774e+02 
 1.00000000e+04  4.68772007e+01  1.00000000e+04  1.79986799e+02 
 1.07977516e+04  4.68772127e+01  1.07977516e+04  1.79985746e+02 
 1.16591440e+04  4.68772265e+01  1.16591440e+04  1.79984608e+02 
 1.25892541e+04  4.68772427e+01  1.25892541e+04  1.79983380e+02 
 1.35935639e+04  4.68772616e+01  1.35935639e+04  1.79982054e+02 
 1.46779927e+04  4.68772836e+01  1.46779927e+04  1.79980623e+02 
 1.58489319e+04  4.68773093e+01  1.58489319e+04  1.79979077e+02 
 1.71132830e+04  4.68773392e+01  1.71132830e+04  1.79977408e+02 
 1.84784980e+04  4.68773741e+01  1.84784980e+04  1.79975605e+02 
 1.99526231e+04  4.68774147e+01  1.99526231e+04  1.79973659e+02 
 2.15443469e+04  4.68774622e+01  2.15443469e+04  1.79971557e+02 
 2.32630507e+04  4.68775175e+01  2.32630507e+04  1.79969288e+02 
 2.51188643e+04  4.68775819e+01  2.51188643e+04  1.79966837e+02 
 2.71227258e+04  4.68776571e+01  2.71227258e+04  1.79964191e+02 
 2.92864456e+04  4.68777447e+01  2.92864456e+04  1.79961333e+02 
 3.16227766e+04  4.68778469e+01  3.16227766e+04  1.79958248e+02 
 3.41454887e+04  4.68779660e+01  3.41454887e+04  1.79954916e+02 
 3.68694506e+04  4.68781048e+01  3.68694506e+04  1.79951318e+02 
 3.98107171e+04  4.68782668e+01  3.98107171e+04  1.79947432e+02 
 4.29866235e+04  4.68784556e+01  4.29866235e+04  1.79943236e+02 
 4.64158883e+04  4.68786757e+01  4.64158883e+04  1.79938705e+02 
 5.01187234e+04  4.68789323e+01  5.01187234e+04  1.79933812e+02 
 5.41169527e+04  4.68792316e+01  5.41169527e+04  1.79928527e+02 
 5.84341413e+04  4.68795805e+01  5.84341413e+04  1.79922819e+02 
 6.30957344e+04  4.68799873e+01  6.30957344e+04  1.79916654e+02 
 6.81292069e+04  4.68804616e+01  6.81292069e+04  1.79909996e+02 
 7.35642254e+04  4.68810147e+01  7.35642254e+04  1.79902804e+02 
 7.94328235e+04  4.68816596e+01  7.94328235e+04  1.79895036e+02 
 8.57695899e+04  4.68824115e+01  8.57695899e+04  1.79886643e+02 
 9.26118728e+04  4.68832883e+01  9.26118728e+04  1.79877577e+02 
 1.00000000e+05  4.68843105e+01  1.00000000e+05  1.79867781e+02 
 1.07977516e+05  4.68855027e+01  1.07977516e+05  1.79857196e+02 
 1.16591440e+05  4.68868927e+01  1.16591440e+05  1.79845756e+02 
 1.25892541e+05  4.68885138e+01  1.25892541e+05  1.79833392e+02 
 1.35935639e+05  4.68904041e+01  1.35935639e+05  1.79820027e+02 
 1.46779927e+05  4.68926083e+01  1.46779927e+05  1.79805575e+02 
 1.58489319e+05  4.68951794e+01  1.58489319e+05  1.79789947e+02 
 1.71132830e+05  4.68981777e+01  1.71132830e+05  1.79773041e+02 
 1.84784980e+05  4.69016749e+01  1.84784980e+05  1.79754747e+02 
 1.99526231e+05  4.69057543e+01  1.99526231e+05  1.79734946e+02 
 2.15443469e+05  4.69105125e+01  2.15443469e+05  1.79713503e+02 
 2.32630507e+05  4.69160630e+01  2.32630507e+05  1.79690272e+02 
 2.51188643e+05  4.69225395e+01  2.51188643e+05  1.79665089e+02 
 2.71227258e+05  4.69300967e+01  2.71227258e+05  1.79637775e+02 
 2.92864456e+05  4.69389157e+01  2.92864456e+05  1.79608125e+02 
 3.16227766e+05  4.69492091e+01  3.16227766e+05  1.79575912e+02 
 3.41454887e+05  4.69612252e+01  3.41454887e+05  1.79540881e+02 
 3.68694506e+05  4.69752566e+01  3.68694506e+05  1.79502739e+02 
 3.98107171e+05  4.69916430e+01  3.98107171e+05  1.79461157e+02 
 4.29866235e+05  4.70107856e+01  4.29866235e+05  1.79415751e+02 
 4.64158883e+05  4.70331564e+01  4.64158883e+05  1.79366083e+02 
 5.01187234e+05  4.70593122e+01  5.01187234e+05  1.79311638e+02 
 5.41169527e+05  4.70899047e+01  5.41169527e+05  1.79251815e+02 
 5.84341413e+05  4.71257101e+01  5.84341413e+05  1.79185901e+02 
 6.30957344e+05  4.71676312e+01  6.30957344e+05  1.79113047e+02 
 6.81292069e+05  4.72167706e+01  6.81292069e+05  1.79032227e+02 
 7.35642254e+05  4.72744037e+01  7.35642254e+05  1.78942197e+02 
 7.94328235e+05  4.73420702e+01  7.94328235e+05  1.78841432e+02 
 8.57695899e+05  4.74216324e+01  8.57695899e+05  1.78728036e+02 
 9.26118728e+05  4.75152973e+01  9.26118728e+05  1.78599633e+02 
 1.00000000e+06  4.76257559e+01  1.00000000e+06  1.78453210e+02 
 1.07977516e+06  4.77563205e+01  1.07977516e+06  1.78284891e+02 
 1.16591440e+06  4.79110089e+01  1.16591440e+06  1.78089627e+02 
 1.25892541e+06  4.80947989e+01  1.25892541e+06  1.77860744e+02 
 1.35935639e+06  4.83139954e+01  1.35935639e+06  1.77589237e+02 
 1.46779927e+06  4.85765286e+01  1.46779927e+06  1.77262733e+02 
 1.58489319e+06  4.88926751e+01  1.58489319e+06  1.76863848e+02 
 1.71132830e+06  4.92759081e+01  1.71132830e+06  1.76367414e+02 
 1.84784980e+06  4.97442407e+01  1.84784980e+06  1.75735793e+02 
 1.99526231e+06  5.03227763e+01  1.99526231e+06  1.74910366e+02 
 2.15443469e+06  5.10470462e+01  2.15443469e+06  1.73795048e+02 
 2.32630507e+06  5.19699922e+01  2.32630507e+06  1.72221611e+02 
 2.51188643e+06  5.31744226e+01  2.51188643e+06  1.69868905e+02 
 2.71227258e+06  5.47969574e+01  2.71227258e+06  1.66047052e+02 
 2.92864456e+06  5.70718075e+01  2.92864456e+06  1.59007866e+02 
 3.16227766e+06  6.03121935e+01  3.16227766e+06  1.43261231e+02 
 3.41454887e+06  6.33006745e+01  3.41454887e+06  1.02618590e+02 
 3.68694506e+06  6.02844012e+01  3.68694506e+06  5.33362089e+01 
 3.98107171e+06  5.54381820e+01  3.98107171e+06  3.24992493e+01 
 4.29866235e+06  5.15635487e+01  4.29866235e+06  2.38823381e+01 
 4.64158883e+06  4.84346408e+01  4.64158883e+06  1.95332039e+01 
 5.01187234e+06  4.57799804e+01  5.01187234e+06  1.70539487e+01 
 5.41169527e+06  4.34386875e+01  5.41169527e+06  1.55551945e+01 
 5.84341413e+06  4.13150556e+01  5.84341413e+06  1.46407318e+01 
 6.30957344e+06  3.93487389e+01  6.30957344e+06  1.41120618e+01 
 6.81292069e+06  3.74992011e+01  6.81292069e+06  1.38580661e+01 
 7.35642254e+06  3.57387966e+01  7.35642254e+06  1.38147422e+01 
 7.94328235e+06  3.40470270e+01  7.94328235e+06  1.39439317e+01 
 8.57695899e+06  3.24075302e+01  8.57695899e+06  1.42238905e+01 
 9.26118728e+06  3.08082171e+01  9.26118728e+06  1.46385790e+01 
 1.00000000e+07  2.92401961e+01  1.00000000e+07  1.51821941e+01 
 1.07977516e+07  2.76963597e+01  1.07977516e+07  1.58533148e+01 
 1.16591440e+07  2.61702509e+01  1.16591440e+07  1.66541282e+01 
 1.25892541e+07  2.46529049e+01  1.25892541e+07  1.75888286e+01 
 1.35935639e+07  2.31429898e+01  1.35935639e+07  1.86821590e+01 
 1.46779927e+07  2.16318099e+01  1.46779927e+07  1.99419124e+01 
 1.58489319e+07  2.01185528e+01  1.58489319e+07  2.13859875e+01 
 1.71132830e+07  1.85974659e+01  1.71132830e+07  2.30389531e+01 
 1.84784980e+07  1.70607152e+01  1.84784980e+07  2.49700239e+01 
 1.99526231e+07  1.55042622e+01  1.99526231e+07  2.72013560e+01 
 2.15443469e+07  1.39316982e+01  2.15443469e+07  2.97638937e+01 
 2.32630507e+07  1.23307308e+01  2.32630507e+07  3.28315733e+01 
 2.51188643e+07  1.06994954e+01  2.51188643e+07  3.63999754e+01 
 2.71227258e+07  9.05105633e+00  2.71227258e+07  4.07098325e+01 
 2.92864456e+07  7.37298961e+00  2.92864456e+07  4.59945568e+01 
 3.16227766e+07  5.69019911e+00  3.16227766e+07  5.22742446e+01 
 3.41454887e+07  4.04543190e+00  3.41454887e+07  6.00814544e+01 
 3.68694506e+07  2.48827640e+00  3.68694506e+07  6.95612385e+01 
 3.98107171e+07  1.11780042e+00  3.98107171e+07  8.07954939e+01 
 4.29866235e+07  1.33086584e-01  4.29866235e+07  9.31828101e+01 
 4.64158883e+07 -5.06381777e-01  4.64158883e+07  1.06872946e+02 
 5.01187234e+07 -6.75482638e-01  5.01187234e+07  1.18360530e+02 
 5.41169527e+07 -6.16552729e-01  5.41169527e+07  1.30431747e+02 
 5.84341413e+07 -4.01764726e-01  5.84341413e+07  1.40107035e+02 
 6.30957344e+07  9.75314119e-03  6.30957344e+07  1.47727604e+02 
 6.81292069e+07  5.36276508e-01  6.81292069e+07  1.54353833e+02 
 7.35642254e+07  9.58545428e-01  7.35642254e+07  1.59773622e+02 
 7.94328235e+07  1.35193932e+00  7.94328235e+07  1.65088099e+02 
 8.57695899e+07  1.75774033e+00  8.57695899e+07  1.68986689e+02 
 9.26118728e+07  2.11291017e+00  9.26118728e+07  1.72666529e+02 
 1.00000000e+08  2.35246989e+00  1.00000000e+08  1.75420979e+02 
 1.07977516e+08  2.93475847e+00  1.07977516e+08  1.78582901e+02 
 1.16591440e+08  3.18742562e+00  1.16591440e+08  1.81089014e+02 
 1.25892541e+08  3.76859392e+00  1.25892541e+08  1.83343193e+02 
 1.35935639e+08  3.94652034e+00  1.35935639e+08  1.85436834e+02 
 1.46779927e+08  4.15972621e+00  1.46779927e+08  1.87475716e+02 
 1.58489319e+08  4.56276523e+00  1.58489319e+08  1.88637934e+02 
 1.71132830e+08  4.78011770e+00  1.71132830e+08  1.89674467e+02 
 1.84784980e+08  5.43473380e+00  1.84784980e+08  1.90129818e+02 
 1.99526231e+08  6.14853582e+00  1.99526231e+08  1.91081637e+02 
 2.15443469e+08  6.13494452e+00  2.15443469e+08  1.90857045e+02 
 2.32630507e+08  6.23781074e+00  2.32630507e+08  1.90866032e+02 
 2.51188643e+08  6.46517164e+00  2.51188643e+08  1.90742570e+02 
 2.71227258e+08  6.88132698e+00  2.71227258e+08  1.90212817e+02 
 2.92864456e+08  7.56671166e+00  2.92864456e+08  1.89338266e+02 
 3.16227766e+08  6.41857277e+00  3.16227766e+08  1.88404765e+02 
 3.41454887e+08  6.66990454e+00  3.41454887e+08  1.87529777e+02 
 3.68694506e+08  7.17203439e+00  3.68694506e+08  1.86530083e+02 
 3.98107171e+08  6.97365549e+00  3.98107171e+08  1.85558476e+02 
 4.29866235e+08  6.81103179e+00  4.29866235e+08  1.84881720e+02 
 4.64158883e+08  8.42165089e+00  4.64158883e+08  1.84136598e+02 
 5.01187234e+08  7.07687672e+00  5.01187234e+08  1.83756597e+02 
 5.41169527e+08  1.01963152e+01  5.41169527e+08  1.82575220e+02 
 5.84341413e+08  8.85520044e+00  5.84341413e+08  1.82377884e+02 
 6.30957344e+08  7.50188569e+00  6.30957344e+08  1.81988111e+02 
 6.81292069e+08  3.67286632e+00  6.81292069e+08  1.81551050e+02 
 7.35642254e+08  4.81920261e+00  7.35642254e+08  1.81193982e+02 
 7.94328235e+08  6.96292575e+00  7.94328235e+08  1.80827618e+02 
 8.57695899e+08  5.62273293e+00  8.57695899e+08  1.80430040e+02 
 9.26118728e+08  4.26506285e+00  9.26118728e+08  1.80423041e+02 
 1.00000000e+09  2.91382579e+00  1.00000000e+09  1.80326334e+02 
