 1.00000000e+00  4.58614384e+01  1.00000000e+00  1.79999999e+02 
 1.07977516e+00  4.58614384e+01  1.07977516e+00  1.79999999e+02 
 1.16591440e+00  4.58614384e+01  1.16591440e+00  1.79999999e+02 
 1.25892541e+00  4.58614384e+01  1.25892541e+00  1.79999999e+02 
 1.35935639e+00  4.58614384e+01  1.35935639e+00  1.79999999e+02 
 1.46779927e+00  4.58614384e+01  1.46779927e+00  1.79999998e+02 
 1.58489319e+00  4.58614384e+01  1.58489319e+00  1.79999998e+02 
 1.71132830e+00  4.58614384e+01  1.71132830e+00  1.79999998e+02 
 1.84784980e+00  4.58614384e+01  1.84784980e+00  1.79999998e+02 
 1.99526231e+00  4.58614384e+01  1.99526231e+00  1.79999998e+02 
 2.15443469e+00  4.58614384e+01  2.15443469e+00  1.79999998e+02 
 2.32630507e+00  4.58614384e+01  2.32630507e+00  1.79999997e+02 
 2.51188643e+00  4.58614384e+01  2.51188643e+00  1.79999997e+02 
 2.71227258e+00  4.58614384e+01  2.71227258e+00  1.79999997e+02 
 2.92864456e+00  4.58614384e+01  2.92864456e+00  1.79999997e+02 
 3.16227766e+00  4.58614384e+01  3.16227766e+00  1.79999997e+02 
 3.41454887e+00  4.58614384e+01  3.41454887e+00  1.79999996e+02 
 3.68694506e+00  4.58614384e+01  3.68694506e+00  1.79999996e+02 
 3.98107171e+00  4.58614384e+01  3.98107171e+00  1.79999996e+02 
 4.29866235e+00  4.58614384e+01  4.29866235e+00  1.79999995e+02 
 4.64158883e+00  4.58614384e+01  4.64158883e+00  1.79999995e+02 
 5.01187234e+00  4.58614384e+01  5.01187234e+00  1.79999994e+02 
 5.41169527e+00  4.58614384e+01  5.41169527e+00  1.79999994e+02 
 5.84341413e+00  4.58614384e+01  5.84341413e+00  1.79999994e+02 
 6.30957344e+00  4.58614384e+01  6.30957344e+00  1.79999993e+02 
 6.81292069e+00  4.58614384e+01  6.81292069e+00  1.79999993e+02 
 7.35642254e+00  4.58614384e+01  7.35642254e+00  1.79999992e+02 
 7.94328235e+00  4.58614384e+01  7.94328235e+00  1.79999991e+02 
 8.57695899e+00  4.58614384e+01  8.57695899e+00  1.79999991e+02 
 9.26118728e+00  4.58614384e+01  9.26118728e+00  1.79999990e+02 
 1.00000000e+01  4.58614384e+01  1.00000000e+01  1.79999989e+02 
 1.07977516e+01  4.58614384e+01  1.07977516e+01  1.79999988e+02 
 1.16591440e+01  4.58614384e+01  1.16591440e+01  1.79999987e+02 
 1.25892541e+01  4.58614384e+01  1.25892541e+01  1.79999986e+02 
 1.35935639e+01  4.58614384e+01  1.35935639e+01  1.79999985e+02 
 1.46779927e+01  4.58614384e+01  1.46779927e+01  1.79999984e+02 
 1.58489319e+01  4.58614384e+01  1.58489319e+01  1.79999983e+02 
 1.71132830e+01  4.58614384e+01  1.71132830e+01  1.79999981e+02 
 1.84784980e+01  4.58614384e+01  1.84784980e+01  1.79999980e+02 
 1.99526231e+01  4.58614384e+01  1.99526231e+01  1.79999978e+02 
 2.15443469e+01  4.58614384e+01  2.15443469e+01  1.79999976e+02 
 2.32630507e+01  4.58614384e+01  2.32630507e+01  1.79999974e+02 
 2.51188643e+01  4.58614384e+01  2.51188643e+01  1.79999972e+02 
 2.71227258e+01  4.58614384e+01  2.71227258e+01  1.79999970e+02 
 2.92864456e+01  4.58614384e+01  2.92864456e+01  1.79999968e+02 
 3.16227766e+01  4.58614384e+01  3.16227766e+01  1.79999965e+02 
 3.41454887e+01  4.58614384e+01  3.41454887e+01  1.79999962e+02 
 3.68694506e+01  4.58614384e+01  3.68694506e+01  1.79999959e+02 
 3.98107171e+01  4.58614384e+01  3.98107171e+01  1.79999956e+02 
 4.29866235e+01  4.58614384e+01  4.29866235e+01  1.79999953e+02 
 4.64158883e+01  4.58614384e+01  4.64158883e+01  1.79999949e+02 
 5.01187234e+01  4.58614384e+01  5.01187234e+01  1.79999945e+02 
 5.41169527e+01  4.58614384e+01  5.41169527e+01  1.79999941e+02 
 5.84341413e+01  4.58614384e+01  5.84341413e+01  1.79999936e+02 
 6.30957344e+01  4.58614384e+01  6.30957344e+01  1.79999931e+02 
 6.81292069e+01  4.58614384e+01  6.81292069e+01  1.79999925e+02 
 7.35642254e+01  4.58614384e+01  7.35642254e+01  1.79999919e+02 
 7.94328235e+01  4.58614384e+01  7.94328235e+01  1.79999913e+02 
 8.57695899e+01  4.58614384e+01  8.57695899e+01  1.79999906e+02 
 9.26118728e+01  4.58614384e+01  9.26118728e+01  1.79999898e+02 
 1.00000000e+02  4.58614384e+01  1.00000000e+02  1.79999890e+02 
 1.07977516e+02  4.58614385e+01  1.07977516e+02  1.79999881e+02 
 1.16591440e+02  4.58614385e+01  1.16591440e+02  1.79999872e+02 
 1.25892541e+02  4.58614385e+01  1.25892541e+02  1.79999862e+02 
 1.35935639e+02  4.58614385e+01  1.35935639e+02  1.79999851e+02 
 1.46779927e+02  4.58614385e+01  1.46779927e+02  1.79999839e+02 
 1.58489319e+02  4.58614385e+01  1.58489319e+02  1.79999826e+02 
 1.71132830e+02  4.58614385e+01  1.71132830e+02  1.79999812e+02 
 1.84784980e+02  4.58614385e+01  1.84784980e+02  1.79999797e+02 
 1.99526231e+02  4.58614385e+01  1.99526231e+02  1.79999781e+02 
 2.15443469e+02  4.58614385e+01  2.15443469e+02  1.79999763e+02 
 2.32630507e+02  4.58614385e+01  2.32630507e+02  1.79999744e+02 
 2.51188643e+02  4.58614385e+01  2.51188643e+02  1.79999724e+02 
 2.71227258e+02  4.58614385e+01  2.71227258e+02  1.79999702e+02 
 2.92864456e+02  4.58614385e+01  2.92864456e+02  1.79999678e+02 
 3.16227766e+02  4.58614385e+01  3.16227766e+02  1.79999652e+02 
 3.41454887e+02  4.58614385e+01  3.41454887e+02  1.79999625e+02 
 3.68694506e+02  4.58614385e+01  3.68694506e+02  1.79999595e+02 
 3.98107171e+02  4.58614385e+01  3.98107171e+02  1.79999562e+02 
 4.29866235e+02  4.58614386e+01  4.29866235e+02  1.79999527e+02 
 4.64158883e+02  4.58614386e+01  4.64158883e+02  1.79999490e+02 
 5.01187234e+02  4.58614386e+01  5.01187234e+02  1.79999449e+02 
 5.41169527e+02  4.58614386e+01  5.41169527e+02  1.79999405e+02 
 5.84341413e+02  4.58614387e+01  5.84341413e+02  1.79999358e+02 
 6.30957344e+02  4.58614387e+01  6.30957344e+02  1.79999306e+02 
 6.81292069e+02  4.58614388e+01  6.81292069e+02  1.79999251e+02 
 7.35642254e+02  4.58614388e+01  7.35642254e+02  1.79999191e+02 
 7.94328235e+02  4.58614389e+01  7.94328235e+02  1.79999127e+02 
 8.57695899e+02  4.58614389e+01  8.57695899e+02  1.79999057e+02 
 9.26118728e+02  4.58614390e+01  9.26118728e+02  1.79998982e+02 
 1.00000000e+03  4.58614391e+01  1.00000000e+03  1.79998901e+02 
 1.07977516e+03  4.58614392e+01  1.07977516e+03  1.79998813e+02 
 1.16591440e+03  4.58614393e+01  1.16591440e+03  1.79998718e+02 
 1.25892541e+03  4.58614395e+01  1.25892541e+03  1.79998616e+02 
 1.35935639e+03  4.58614397e+01  1.35935639e+03  1.79998506e+02 
 1.46779927e+03  4.58614399e+01  1.46779927e+03  1.79998386e+02 
 1.58489319e+03  4.58614401e+01  1.58489319e+03  1.79998258e+02 
 1.71132830e+03  4.58614404e+01  1.71132830e+03  1.79998119e+02 
 1.84784980e+03  4.58614407e+01  1.84784980e+03  1.79997969e+02 
 1.99526231e+03  4.58614411e+01  1.99526231e+03  1.79997807e+02 
 2.15443469e+03  4.58614415e+01  2.15443469e+03  1.79997632e+02 
 2.32630507e+03  4.58614420e+01  2.32630507e+03  1.79997443e+02 
 2.51188643e+03  4.58614426e+01  2.51188643e+03  1.79997239e+02 
 2.71227258e+03  4.58614433e+01  2.71227258e+03  1.79997018e+02 
 2.92864456e+03  4.58614441e+01  2.92864456e+03  1.79996781e+02 
 3.16227766e+03  4.58614451e+01  3.16227766e+03  1.79996524e+02 
 3.41454887e+03  4.58614462e+01  3.41454887e+03  1.79996246e+02 
 3.68694506e+03  4.58614475e+01  3.68694506e+03  1.79995947e+02 
 3.98107171e+03  4.58614490e+01  3.98107171e+03  1.79995624e+02 
 4.29866235e+03  4.58614507e+01  4.29866235e+03  1.79995274e+02 
 4.64158883e+03  4.58614528e+01  4.64158883e+03  1.79994897e+02 
 5.01187234e+03  4.58614551e+01  5.01187234e+03  1.79994490e+02 
 5.41169527e+03  4.58614579e+01  5.41169527e+03  1.79994051e+02 
 5.84341413e+03  4.58614611e+01  5.84341413e+03  1.79993576e+02 
 6.30957344e+03  4.58614649e+01  6.30957344e+03  1.79993064e+02 
 6.81292069e+03  4.58614693e+01  6.81292069e+03  1.79992510e+02 
 7.35642254e+03  4.58614744e+01  7.35642254e+03  1.79991913e+02 
 7.94328235e+03  4.58614804e+01  7.94328235e+03  1.79991268e+02 
 8.57695899e+03  4.58614873e+01  8.57695899e+03  1.79990571e+02 
 9.26118728e+03  4.58614954e+01  9.26118728e+03  1.79989819e+02 
 1.00000000e+04  4.58615049e+01  1.00000000e+04  1.79989007e+02 
 1.07977516e+04  4.58615159e+01  1.07977516e+04  1.79988130e+02 
 1.16591440e+04  4.58615288e+01  1.16591440e+04  1.79987183e+02 
 1.25892541e+04  4.58615437e+01  1.25892541e+04  1.79986160e+02 
 1.35935639e+04  4.58615612e+01  1.35935639e+04  1.79985056e+02 
 1.46779927e+04  4.58615816e+01  1.46779927e+04  1.79983864e+02 
 1.58489319e+04  4.58616053e+01  1.58489319e+04  1.79982576e+02 
 1.71132830e+04  4.58616330e+01  1.71132830e+04  1.79981186e+02 
 1.84784980e+04  4.58616653e+01  1.84784980e+04  1.79979685e+02 
 1.99526231e+04  4.58617029e+01  1.99526231e+04  1.79978065e+02 
 2.15443469e+04  4.58617468e+01  2.15443469e+04  1.79976314e+02 
 2.32630507e+04  4.58617980e+01  2.32630507e+04  1.79974425e+02 
 2.51188643e+04  4.58618576e+01  2.51188643e+04  1.79972384e+02 
 2.71227258e+04  4.58619272e+01  2.71227258e+04  1.79970180e+02 
 2.92864456e+04  4.58620083e+01  2.92864456e+04  1.79967801e+02 
 3.16227766e+04  4.58621028e+01  3.16227766e+04  1.79965231e+02 
 3.41454887e+04  4.58622130e+01  3.41454887e+04  1.79962457e+02 
 3.68694506e+04  4.58623416e+01  3.68694506e+04  1.79959460e+02 
 3.98107171e+04  4.58624914e+01  3.98107171e+04  1.79956225e+02 
 4.29866235e+04  4.58626661e+01  4.29866235e+04  1.79952730e+02 
 4.64158883e+04  4.58628698e+01  4.64158883e+04  1.79948957e+02 
 5.01187234e+04  4.58631073e+01  5.01187234e+04  1.79944882e+02 
 5.41169527e+04  4.58633843e+01  5.41169527e+04  1.79940481e+02 
 5.84341413e+04  4.58637072e+01  5.84341413e+04  1.79935727e+02 
 6.30957344e+04  4.58640836e+01  6.30957344e+04  1.79930594e+02 
 6.81292069e+04  4.58645225e+01  6.81292069e+04  1.79925049e+02 
 7.35642254e+04  4.58650343e+01  7.35642254e+04  1.79919059e+02 
 7.94328235e+04  4.58656311e+01  7.94328235e+04  1.79912589e+02 
 8.57695899e+04  4.58663270e+01  8.57695899e+04  1.79905600e+02 
 9.26118728e+04  4.58671383e+01  9.26118728e+04  1.79898049e+02 
 1.00000000e+05  4.58680843e+01  1.00000000e+05  1.79889890e+02 
 1.07977516e+05  4.58691875e+01  1.07977516e+05  1.79881074e+02 
 1.16591440e+05  4.58704739e+01  1.16591440e+05  1.79871546e+02 
 1.25892541e+05  4.58719739e+01  1.25892541e+05  1.79861248e+02 
 1.35935639e+05  4.58737230e+01  1.35935639e+05  1.79850114e+02 
 1.46779927e+05  4.58757628e+01  1.46779927e+05  1.79838076e+02 
 1.58489319e+05  4.58781421e+01  1.58489319e+05  1.79825057e+02 
 1.71132830e+05  4.58809157e+01  1.71132830e+05  1.79810972e+02 
 1.84784980e+05  4.58841518e+01  1.84784980e+05  1.79795730e+02 
 1.99526231e+05  4.58879261e+01  1.99526231e+05  1.79779231e+02 
 2.15443469e+05  4.58923281e+01  2.15443469e+05  1.79761362e+02 
 2.32630507e+05  4.58974631e+01  2.32630507e+05  1.79742001e+02 
 2.51188643e+05  4.59034558e+01  2.51188643e+05  1.79721011e+02 
 2.71227258e+05  4.59104460e+01  2.71227258e+05  1.79698239e+02 
 2.92864456e+05  4.59186042e+01  2.92864456e+05  1.79673518e+02 
 3.16227766e+05  4.59281236e+01  3.16227766e+05  1.79646655e+02 
 3.41454887e+05  4.59392369e+01  3.41454887e+05  1.79617432e+02 
 3.68694506e+05  4.59522094e+01  3.68694506e+05  1.79585608e+02 
 3.98107171e+05  4.59673631e+01  3.98107171e+05  1.79550903e+02 
 4.29866235e+05  4.59850629e+01  4.29866235e+05  1.79512996e+02 
 4.64158883e+05  4.60057403e+01  4.64158883e+05  1.79471512e+02 
 5.01187234e+05  4.60299110e+01  5.01187234e+05  1.79426023e+02 
 5.41169527e+05  4.60581729e+01  5.41169527e+05  1.79376009e+02 
 5.84341413e+05  4.60912465e+01  5.84341413e+05  1.79320890e+02 
 6.30957344e+05  4.61299572e+01  6.30957344e+05  1.79259915e+02 
 6.81292069e+05  4.61753065e+01  6.81292069e+05  1.79192242e+02 
 7.35642254e+05  4.62284845e+01  7.35642254e+05  1.79116806e+02 
 7.94328235e+05  4.62908716e+01  7.94328235e+05  1.79032336e+02 
 8.57695899e+05  4.63641908e+01  8.57695899e+05  1.78937216e+02 
 9.26118728e+05  4.64504448e+01  9.26118728e+05  1.78829425e+02 
 1.00000000e+06  4.65520861e+01  1.00000000e+06  1.78706561e+02 
 1.07977516e+06  4.66720578e+01  1.07977516e+06  1.78565167e+02 
 1.16591440e+06  4.68140538e+01  1.16591440e+06  1.78401181e+02 
 1.25892541e+06  4.69824875e+01  1.25892541e+06  1.78208929e+02 
 1.35935639e+06  4.71830031e+01  1.35935639e+06  1.77981223e+02 
 1.46779927e+06  4.74225999e+01  1.46779927e+06  1.77707692e+02 
 1.58489319e+06  4.77103945e+01  1.58489319e+06  1.77374532e+02 
 1.71132830e+06  4.80580436e+01  1.71132830e+06  1.76961516e+02 
 1.84784980e+06  4.84811041e+01  1.84784980e+06  1.76439058e+02 
 1.99526231e+06  4.90009189e+01  1.99526231e+06  1.75762024e+02 
 2.15443469e+06  4.96470804e+01  2.15443469e+06  1.74858761e+02 
 2.32630507e+06  5.04629825e+01  2.32630507e+06  1.73607200e+02 
 2.51188643e+06  5.15151299e+01  2.51188643e+06  1.71784481e+02 
 2.71227258e+06  5.29100319e+01  2.71227258e+06  1.68942237e+02 
 2.92864456e+06  5.48305328e+01  2.92864456e+06  1.64036001e+02 
 3.16227766e+06  5.75872852e+01  3.16227766e+06  1.54102674e+02 
 3.41454887e+06  6.13030758e+01  3.41454887e+06  1.28820588e+02 
 3.68694506e+06  6.17905082e+01  3.68694506e+06  7.45976184e+01 
 3.98107171e+06  5.68690845e+01  3.98107171e+06  4.00738792e+01 
 4.29866235e+06  5.24341315e+01  4.29866235e+06  2.72132078e+01 
 4.64158883e+06  4.89496257e+01  4.64158883e+06  2.13742332e+01 
 5.01187234e+06  4.60705747e+01  5.01187234e+06  1.82488491e+01 
 5.41169527e+06  4.35799546e+01  5.41169527e+06  1.64300261e+01 
 5.84341413e+06  4.13516574e+01  5.84341413e+06  1.53420146e+01 
 6.30957344e+06  3.93085836e+01  6.30957344e+06  1.47222722e+01 
 6.81292069e+06  3.74008568e+01  6.81292069e+06  1.44174463e+01 
 7.35642254e+06  3.55952875e+01  7.35642254e+06  1.43494621e+01 
 7.94328235e+06  3.38674539e+01  7.94328235e+06  1.44750048e+01 
 8.57695899e+06  3.21998233e+01  8.57695899e+06  1.47655202e+01 
 9.26118728e+06  3.05779827e+01  9.26118728e+06  1.51999842e+01 
 1.00000000e+07  2.89918110e+01  1.00000000e+07  1.57737790e+01 
 1.07977516e+07  2.74311226e+01  1.07977516e+07  1.64775020e+01 
 1.16591440e+07  2.58905397e+01  1.16591440e+07  1.73313076e+01 
 1.25892541e+07  2.43613948e+01  1.25892541e+07  1.83303284e+01 
 1.35935639e+07  2.28409582e+01  1.35935639e+07  1.94759117e+01 
 1.46779927e+07  2.13232055e+01  1.46779927e+07  2.08182998e+01 
 1.58489319e+07  1.98004765e+01  1.58489319e+07  2.23432112e+01 
 1.71132830e+07  1.82730009e+01  1.71132830e+07  2.41081675e+01 
 1.84784980e+07  1.67268901e+01  1.84784980e+07  2.61541865e+01 
 1.99526231e+07  1.51720389e+01  1.99526231e+07  2.85161347e+01 
 2.15443469e+07  1.35960883e+01  2.15443469e+07  3.12440073e+01 
 2.32630507e+07  1.19931842e+01  2.32630507e+07  3.45029010e+01 
 2.51188643e+07  1.03743648e+01  2.51188643e+07  3.83165534e+01 
 2.71227258e+07  8.72084424e+00  2.71227258e+07  4.29720237e+01 
 2.92864456e+07  7.05268596e+00  2.92864456e+07  4.84538839e+01 
 3.16227766e+07  5.42638192e+00  3.16227766e+07  5.51626692e+01 
 3.41454887e+07  3.83735501e+00  3.41454887e+07  6.33391977e+01 
 3.68694506e+07  2.37746196e+00  3.68694506e+07  7.30450349e+01 
 3.98107171e+07  1.12789996e+00  3.98107171e+07  8.44282367e+01 
 4.29866235e+07  2.68012863e-01  4.29866235e+07  9.71628985e+01 
 4.64158883e+07 -2.54999077e-01  4.64158883e+07  1.10536162e+02 
 5.01187234e+07 -3.87280865e-01  5.01187234e+07  1.21542922e+02 
 5.41169527e+07 -1.94009673e-01  5.41169527e+07  1.32583516e+02 
 5.84341413e+07 -1.67620555e-01  5.84341413e+07  1.40319686e+02 
 6.30957344e+07  3.93898368e-01  6.30957344e+07  1.47818942e+02 
 6.81292069e+07  7.42777392e-01  6.81292069e+07  1.54710933e+02 
 7.35642254e+07  1.20777071e+00  7.35642254e+07  1.59839414e+02 
 7.94328235e+07  1.60276733e+00  7.94328235e+07  1.64287602e+02 
 8.57695899e+07  1.80648455e+00  8.57695899e+07  1.68409796e+02 
 9.26118728e+07  2.34974000e+00  9.26118728e+07  1.71622880e+02 
 1.00000000e+08  2.66236989e+00  1.00000000e+08  1.75192505e+02 
 1.07977516e+08  2.91990369e+00  1.07977516e+08  1.78098721e+02 
 1.16591440e+08  3.47101716e+00  1.16591440e+08  1.80783171e+02 
 1.25892541e+08  3.57471779e+00  1.25892541e+08  1.82808857e+02 
 1.35935639e+08  4.01063423e+00  1.35935639e+08  1.84585296e+02 
 1.46779927e+08  4.34670458e+00  1.46779927e+08  1.86546190e+02 
 1.58489319e+08  4.39230625e+00  1.58489319e+08  1.88224679e+02 
 1.71132830e+08  5.23070288e+00  1.71132830e+08  1.88735752e+02 
 1.84784980e+08  5.17905557e+00  1.84784980e+08  1.89961398e+02 
 1.99526231e+08  6.10801200e+00  1.99526231e+08  1.90085047e+02 
 2.15443469e+08  5.74956092e+00  2.15443469e+08  1.90200903e+02 
 2.32630507e+08  5.79954371e+00  2.32630507e+08  1.89980616e+02 
 2.51188643e+08  6.85847220e+00  2.51188643e+08  1.89830403e+02 
 2.71227258e+08  6.28911561e+00  2.71227258e+08  1.89687629e+02 
 2.92864456e+08  6.24367824e+00  2.92864456e+08  1.89061691e+02 
 3.16227766e+08  6.33906193e+00  3.16227766e+08  1.88283760e+02 
 3.41454887e+08  7.39691822e+00  3.41454887e+08  1.87167476e+02 
 3.68694506e+08  7.08698283e+00  3.68694506e+08  1.86417327e+02 
 3.98107171e+08  6.85040482e+00  3.98107171e+08  1.85456032e+02 
 4.29866235e+08  6.70767061e+00  4.29866235e+08  1.84411403e+02 
 4.64158883e+08  8.33319640e+00  4.64158883e+08  1.83819293e+02 
 5.01187234e+08  7.00852737e+00  5.01187234e+08  1.83186246e+02 
 5.41169527e+08  7.61443051e+00  5.41169527e+08  1.82545188e+02 
 5.84341413e+08  6.27773349e+00  5.84341413e+08  1.82341327e+02 
 6.30957344e+08  1.09379873e+01  6.30957344e+08  1.81763512e+02 
 6.81292069e+08  9.58228890e+00  6.81292069e+08  1.81678046e+02 
 7.35642254e+08  4.71053154e+00  7.35642254e+08  1.80997522e+02 
 7.94328235e+08  3.38241601e+00  7.94328235e+08  1.80632773e+02 
 8.57695899e+08  5.52219861e+00  8.57695899e+08  1.80573635e+02 
 9.26118728e+08  4.18477892e+00  9.26118728e+08  1.80891532e+02 
 1.00000000e+09  2.82677242e+00  1.00000000e+09  1.79994394e+02 
