 1.00000000e+00  4.64805072e+01  1.00000000e+00  1.79999998e+02 
 1.07977516e+00  4.64805072e+01  1.07977516e+00  1.79999998e+02 
 1.16591440e+00  4.64805072e+01  1.16591440e+00  1.79999998e+02 
 1.25892541e+00  4.64805072e+01  1.25892541e+00  1.79999998e+02 
 1.35935639e+00  4.64805072e+01  1.35935639e+00  1.79999998e+02 
 1.46779927e+00  4.64805072e+01  1.46779927e+00  1.79999998e+02 
 1.58489319e+00  4.64805072e+01  1.58489319e+00  1.79999998e+02 
 1.71132830e+00  4.64805072e+01  1.71132830e+00  1.79999997e+02 
 1.84784980e+00  4.64805072e+01  1.84784980e+00  1.79999997e+02 
 1.99526231e+00  4.64805072e+01  1.99526231e+00  1.79999997e+02 
 2.15443469e+00  4.64805072e+01  2.15443469e+00  1.79999997e+02 
 2.32630507e+00  4.64805072e+01  2.32630507e+00  1.79999996e+02 
 2.51188643e+00  4.64805072e+01  2.51188643e+00  1.79999996e+02 
 2.71227258e+00  4.64805072e+01  2.71227258e+00  1.79999996e+02 
 2.92864456e+00  4.64805072e+01  2.92864456e+00  1.79999995e+02 
 3.16227766e+00  4.64805072e+01  3.16227766e+00  1.79999995e+02 
 3.41454887e+00  4.64805072e+01  3.41454887e+00  1.79999995e+02 
 3.68694506e+00  4.64805072e+01  3.68694506e+00  1.79999994e+02 
 3.98107171e+00  4.64805072e+01  3.98107171e+00  1.79999994e+02 
 4.29866235e+00  4.64805072e+01  4.29866235e+00  1.79999993e+02 
 4.64158883e+00  4.64805072e+01  4.64158883e+00  1.79999993e+02 
 5.01187234e+00  4.64805072e+01  5.01187234e+00  1.79999992e+02 
 5.41169527e+00  4.64805072e+01  5.41169527e+00  1.79999992e+02 
 5.84341413e+00  4.64805072e+01  5.84341413e+00  1.79999991e+02 
 6.30957344e+00  4.64805072e+01  6.30957344e+00  1.79999990e+02 
 6.81292069e+00  4.64805072e+01  6.81292069e+00  1.79999990e+02 
 7.35642254e+00  4.64805072e+01  7.35642254e+00  1.79999989e+02 
 7.94328235e+00  4.64805072e+01  7.94328235e+00  1.79999988e+02 
 8.57695899e+00  4.64805072e+01  8.57695899e+00  1.79999987e+02 
 9.26118728e+00  4.64805072e+01  9.26118728e+00  1.79999986e+02 
 1.00000000e+01  4.64805072e+01  1.00000000e+01  1.79999985e+02 
 1.07977516e+01  4.64805072e+01  1.07977516e+01  1.79999983e+02 
 1.16591440e+01  4.64805072e+01  1.16591440e+01  1.79999982e+02 
 1.25892541e+01  4.64805072e+01  1.25892541e+01  1.79999981e+02 
 1.35935639e+01  4.64805072e+01  1.35935639e+01  1.79999979e+02 
 1.46779927e+01  4.64805072e+01  1.46779927e+01  1.79999977e+02 
 1.58489319e+01  4.64805072e+01  1.58489319e+01  1.79999976e+02 
 1.71132830e+01  4.64805072e+01  1.71132830e+01  1.79999974e+02 
 1.84784980e+01  4.64805072e+01  1.84784980e+01  1.79999972e+02 
 1.99526231e+01  4.64805072e+01  1.99526231e+01  1.79999969e+02 
 2.15443469e+01  4.64805072e+01  2.15443469e+01  1.79999967e+02 
 2.32630507e+01  4.64805072e+01  2.32630507e+01  1.79999964e+02 
 2.51188643e+01  4.64805072e+01  2.51188643e+01  1.79999961e+02 
 2.71227258e+01  4.64805072e+01  2.71227258e+01  1.79999958e+02 
 2.92864456e+01  4.64805072e+01  2.92864456e+01  1.79999955e+02 
 3.16227766e+01  4.64805072e+01  3.16227766e+01  1.79999951e+02 
 3.41454887e+01  4.64805072e+01  3.41454887e+01  1.79999948e+02 
 3.68694506e+01  4.64805072e+01  3.68694506e+01  1.79999943e+02 
 3.98107171e+01  4.64805072e+01  3.98107171e+01  1.79999939e+02 
 4.29866235e+01  4.64805072e+01  4.29866235e+01  1.79999934e+02 
 4.64158883e+01  4.64805072e+01  4.64158883e+01  1.79999929e+02 
 5.01187234e+01  4.64805072e+01  5.01187234e+01  1.79999923e+02 
 5.41169527e+01  4.64805072e+01  5.41169527e+01  1.79999917e+02 
 5.84341413e+01  4.64805072e+01  5.84341413e+01  1.79999910e+02 
 6.30957344e+01  4.64805072e+01  6.30957344e+01  1.79999903e+02 
 6.81292069e+01  4.64805072e+01  6.81292069e+01  1.79999895e+02 
 7.35642254e+01  4.64805072e+01  7.35642254e+01  1.79999887e+02 
 7.94328235e+01  4.64805072e+01  7.94328235e+01  1.79999878e+02 
 8.57695899e+01  4.64805072e+01  8.57695899e+01  1.79999868e+02 
 9.26118728e+01  4.64805072e+01  9.26118728e+01  1.79999858e+02 
 1.00000000e+02  4.64805072e+01  1.00000000e+02  1.79999846e+02 
 1.07977516e+02  4.64805072e+01  1.07977516e+02  1.79999834e+02 
 1.16591440e+02  4.64805072e+01  1.16591440e+02  1.79999821e+02 
 1.25892541e+02  4.64805072e+01  1.25892541e+02  1.79999806e+02 
 1.35935639e+02  4.64805072e+01  1.35935639e+02  1.79999791e+02 
 1.46779927e+02  4.64805072e+01  1.46779927e+02  1.79999774e+02 
 1.58489319e+02  4.64805072e+01  1.58489319e+02  1.79999756e+02 
 1.71132830e+02  4.64805072e+01  1.71132830e+02  1.79999737e+02 
 1.84784980e+02  4.64805072e+01  1.84784980e+02  1.79999716e+02 
 1.99526231e+02  4.64805072e+01  1.99526231e+02  1.79999693e+02 
 2.15443469e+02  4.64805072e+01  2.15443469e+02  1.79999669e+02 
 2.32630507e+02  4.64805072e+01  2.32630507e+02  1.79999642e+02 
 2.51188643e+02  4.64805072e+01  2.51188643e+02  1.79999614e+02 
 2.71227258e+02  4.64805072e+01  2.71227258e+02  1.79999583e+02 
 2.92864456e+02  4.64805072e+01  2.92864456e+02  1.79999550e+02 
 3.16227766e+02  4.64805072e+01  3.16227766e+02  1.79999514e+02 
 3.41454887e+02  4.64805072e+01  3.41454887e+02  1.79999475e+02 
 3.68694506e+02  4.64805073e+01  3.68694506e+02  1.79999433e+02 
 3.98107171e+02  4.64805073e+01  3.98107171e+02  1.79999388e+02 
 4.29866235e+02  4.64805073e+01  4.29866235e+02  1.79999339e+02 
 4.64158883e+02  4.64805073e+01  4.64158883e+02  1.79999287e+02 
 5.01187234e+02  4.64805073e+01  5.01187234e+02  1.79999230e+02 
 5.41169527e+02  4.64805074e+01  5.41169527e+02  1.79999168e+02 
 5.84341413e+02  4.64805074e+01  5.84341413e+02  1.79999102e+02 
 6.30957344e+02  4.64805074e+01  6.30957344e+02  1.79999030e+02 
 6.81292069e+02  4.64805075e+01  6.81292069e+02  1.79998953e+02 
 7.35642254e+02  4.64805075e+01  7.35642254e+02  1.79998869e+02 
 7.94328235e+02  4.64805076e+01  7.94328235e+02  1.79998779e+02 
 8.57695899e+02  4.64805076e+01  8.57695899e+02  1.79998682e+02 
 9.26118728e+02  4.64805077e+01  9.26118728e+02  1.79998576e+02 
 1.00000000e+03  4.64805078e+01  1.00000000e+03  1.79998463e+02 
 1.07977516e+03  4.64805079e+01  1.07977516e+03  1.79998340e+02 
 1.16591440e+03  4.64805080e+01  1.16591440e+03  1.79998208e+02 
 1.25892541e+03  4.64805081e+01  1.25892541e+03  1.79998065e+02 
 1.35935639e+03  4.64805083e+01  1.35935639e+03  1.79997910e+02 
 1.46779927e+03  4.64805085e+01  1.46779927e+03  1.79997744e+02 
 1.58489319e+03  4.64805087e+01  1.58489319e+03  1.79997564e+02 
 1.71132830e+03  4.64805090e+01  1.71132830e+03  1.79997369e+02 
 1.84784980e+03  4.64805092e+01  1.84784980e+03  1.79997160e+02 
 1.99526231e+03  4.64805096e+01  1.99526231e+03  1.79996933e+02 
 2.15443469e+03  4.64805100e+01  2.15443469e+03  1.79996688e+02 
 2.32630507e+03  4.64805105e+01  2.32630507e+03  1.79996424e+02 
 2.51188643e+03  4.64805110e+01  2.51188643e+03  1.79996139e+02 
 2.71227258e+03  4.64805116e+01  2.71227258e+03  1.79995831e+02 
 2.92864456e+03  4.64805124e+01  2.92864456e+03  1.79995498e+02 
 3.16227766e+03  4.64805132e+01  3.16227766e+03  1.79995139e+02 
 3.41454887e+03  4.64805143e+01  3.41454887e+03  1.79994751e+02 
 3.68694506e+03  4.64805154e+01  3.68694506e+03  1.79994332e+02 
 3.98107171e+03  4.64805168e+01  3.98107171e+03  1.79993880e+02 
 4.29866235e+03  4.64805184e+01  4.29866235e+03  1.79993392e+02 
 4.64158883e+03  4.64805203e+01  4.64158883e+03  1.79992865e+02 
 5.01187234e+03  4.64805224e+01  5.01187234e+03  1.79992296e+02 
 5.41169527e+03  4.64805250e+01  5.41169527e+03  1.79991681e+02 
 5.84341413e+03  4.64805279e+01  5.84341413e+03  1.79991018e+02 
 6.30957344e+03  4.64805313e+01  6.30957344e+03  1.79990301e+02 
 6.81292069e+03  4.64805354e+01  6.81292069e+03  1.79989527e+02 
 7.35642254e+03  4.64805400e+01  7.35642254e+03  1.79988692e+02 
 7.94328235e+03  4.64805455e+01  7.94328235e+03  1.79987790e+02 
 8.57695899e+03  4.64805518e+01  8.57695899e+03  1.79986816e+02 
 9.26118728e+03  4.64805592e+01  9.26118728e+03  1.79985764e+02 
 1.00000000e+04  4.64805679e+01  1.00000000e+04  1.79984628e+02 
 1.07977516e+04  4.64805780e+01  1.07977516e+04  1.79983402e+02 
 1.16591440e+04  4.64805897e+01  1.16591440e+04  1.79982077e+02 
 1.25892541e+04  4.64806034e+01  1.25892541e+04  1.79980648e+02 
 1.35935639e+04  4.64806194e+01  1.35935639e+04  1.79979104e+02 
 1.46779927e+04  4.64806380e+01  1.46779927e+04  1.79977437e+02 
 1.58489319e+04  4.64806597e+01  1.58489319e+04  1.79975637e+02 
 1.71132830e+04  4.64806850e+01  1.71132830e+04  1.79973693e+02 
 1.84784980e+04  4.64807145e+01  1.84784980e+04  1.79971594e+02 
 1.99526231e+04  4.64807489e+01  1.99526231e+04  1.79969328e+02 
 2.15443469e+04  4.64807890e+01  2.15443469e+04  1.79966881e+02 
 2.32630507e+04  4.64808357e+01  2.32630507e+04  1.79964238e+02 
 2.51188643e+04  4.64808902e+01  2.51188643e+04  1.79961385e+02 
 2.71227258e+04  4.64809538e+01  2.71227258e+04  1.79958304e+02 
 2.92864456e+04  4.64810279e+01  2.92864456e+04  1.79954977e+02 
 3.16227766e+04  4.64811143e+01  3.16227766e+04  1.79951384e+02 
 3.41454887e+04  4.64812150e+01  3.41454887e+04  1.79947505e+02 
 3.68694506e+04  4.64813324e+01  3.68694506e+04  1.79943316e+02 
 3.98107171e+04  4.64814694e+01  3.98107171e+04  1.79938792e+02 
 4.29866235e+04  4.64816290e+01  4.29866235e+04  1.79933907e+02 
 4.64158883e+04  4.64818152e+01  4.64158883e+04  1.79928632e+02 
 5.01187234e+04  4.64820322e+01  5.01187234e+04  1.79922935e+02 
 5.41169527e+04  4.64822852e+01  5.41169527e+04  1.79916783e+02 
 5.84341413e+04  4.64825803e+01  5.84341413e+04  1.79910139e+02 
 6.30957344e+04  4.64829243e+01  6.30957344e+04  1.79902964e+02 
 6.81292069e+04  4.64833254e+01  6.81292069e+04  1.79895215e+02 
 7.35642254e+04  4.64837930e+01  7.35642254e+04  1.79886845e+02 
 7.94328235e+04  4.64843383e+01  7.94328235e+04  1.79877805e+02 
 8.57695899e+04  4.64849742e+01  8.57695899e+04  1.79868040e+02 
 9.26118728e+04  4.64857155e+01  9.26118728e+04  1.79857493e+02 
 1.00000000e+05  4.64865800e+01  1.00000000e+05  1.79846098e+02 
 1.07977516e+05  4.64875879e+01  1.07977516e+05  1.79833787e+02 
 1.16591440e+05  4.64887632e+01  1.16591440e+05  1.79820486e+02 
 1.25892541e+05  4.64901336e+01  1.25892541e+05  1.79806113e+02 
 1.35935639e+05  4.64917321e+01  1.35935639e+05  1.79790580e+02 
 1.46779927e+05  4.64935955e+01  1.46779927e+05  1.79773790e+02 
 1.58489319e+05  4.64957690e+01  1.58489319e+05  1.79755640e+02 
 1.71132830e+05  4.64983041e+01  1.71132830e+05  1.79736014e+02 
 1.84784980e+05  4.65012599e+01  1.84784980e+05  1.79714789e+02 
 1.99526231e+05  4.65047080e+01  1.99526231e+05  1.79691827e+02 
 2.15443469e+05  4.65087294e+01  2.15443469e+05  1.79666979e+02 
 2.32630507e+05  4.65134214e+01  2.32630507e+05  1.79640081e+02 
 2.51188643e+05  4.65188930e+01  2.51188643e+05  1.79610950e+02 
 2.71227258e+05  4.65252781e+01  2.71227258e+05  1.79579386e+02 
 2.92864456e+05  4.65327282e+01  2.92864456e+05  1.79545167e+02 
 3.16227766e+05  4.65414220e+01  3.16227766e+05  1.79508044e+02 
 3.41454887e+05  4.65515700e+01  3.41454887e+05  1.79467741e+02 
 3.68694506e+05  4.65634146e+01  3.68694506e+05  1.79423944e+02 
 3.98107171e+05  4.65772458e+01  3.98107171e+05  1.79376304e+02 
 4.29866235e+05  4.65933974e+01  4.29866235e+05  1.79324419e+02 
 4.64158883e+05  4.66122664e+01  4.64158883e+05  1.79267833e+02 
 5.01187234e+05  4.66343179e+01  5.01187234e+05  1.79206020e+02 
 5.41169527e+05  4.66600977e+01  5.41169527e+05  1.79138371e+02 
 5.84341413e+05  4.66902454e+01  5.84341413e+05  1.79064175e+02 
 6.30957344e+05  4.67255262e+01  6.30957344e+05  1.78982594e+02 
 6.81292069e+05  4.67668413e+01  6.81292069e+05  1.78892634e+02 
 7.35642254e+05  4.68152441e+01  7.35642254e+05  1.78793107e+02 
 7.94328235e+05  4.68720200e+01  7.94328235e+05  1.78682572e+02 
 8.57695899e+05  4.69386749e+01  8.57695899e+05  1.78559269e+02 
 9.26118728e+05  4.70170251e+01  9.26118728e+05  1.78421035e+02 
 1.00000000e+06  4.71092425e+01  1.00000000e+06  1.78265162e+02 
 1.07977516e+06  4.72179827e+01  1.07977516e+06  1.78088229e+02 
 1.16591440e+06  4.73464319e+01  1.16591440e+06  1.77885868e+02 
 1.25892541e+06  4.74985863e+01  1.25892541e+06  1.77652399e+02 
 1.35935639e+06  4.76792866e+01  1.35935639e+06  1.77380354e+02 
 1.46779927e+06  4.78946738e+01  1.46779927e+06  1.77059698e+02 
 1.58489319e+06  4.81524183e+01  1.58489319e+06  1.76676715e+02 
 1.71132830e+06  4.84625503e+01  1.71132830e+06  1.76212169e+02 
 1.84784980e+06  4.88380347e+01  1.84784980e+06  1.75638420e+02 
 1.99526231e+06  4.92962809e+01  1.99526231e+06  1.74914295e+02 
 2.15443469e+06  4.98611126e+01  2.15443469e+06  1.73976139e+02 
 2.32630507e+06  5.05661563e+01  2.32630507e+06  1.72720413e+02 
 2.51188643e+06  5.14610977e+01  2.51188643e+06  1.70967728e+02 
 2.71227258e+06  5.26213834e+01  2.71227258e+06  1.68381166e+02 
 2.92864456e+06  5.41678725e+01  2.92864456e+06  1.64254191e+02 
 3.16227766e+06  5.62934653e+01  3.16227766e+06  1.56871979e+02 
 3.41454887e+06  5.92000915e+01  3.41454887e+06  1.41297929e+02 
 3.68694506e+06  6.17985747e+01  3.68694506e+06  1.04994455e+02 
 3.98107171e+06  5.95373221e+01  3.98107171e+06  5.90558982e+01 
 4.29866235e+06  5.50645426e+01  4.29866235e+06  3.64274278e+01 
 4.64158883e+06  5.12686351e+01  4.64158883e+06  2.65563368e+01 
 5.01187234e+06  4.81551308e+01  5.01187234e+06  2.14867107e+01 
 5.41169527e+06  4.55001854e+01  5.41169527e+06  1.85567781e+01 
 5.84341413e+06  4.31550886e+01  5.84341413e+06  1.67516733e+01 
 6.30957344e+06  4.10264524e+01  6.30957344e+06  1.56140995e+01 
 6.81292069e+06  3.90550512e+01  6.81292069e+06  1.49133994e+01 
 7.35642254e+06  3.72007086e+01  7.35642254e+06  1.45229333e+01 
 7.94328235e+06  3.54341867e+01  7.94328235e+06  1.43661026e+01 
 8.57695899e+06  3.37369366e+01  8.57695899e+06  1.44007652e+01 
 9.26118728e+06  3.20923125e+01  9.26118728e+06  1.45940920e+01 
 1.00000000e+07  3.04877635e+01  1.00000000e+07  1.49358838e+01 
 1.07977516e+07  2.89133152e+01  1.07977516e+07  1.54156412e+01 
 1.16591440e+07  2.73631643e+01  1.16591440e+07  1.60265441e+01 
 1.25892541e+07  2.58279667e+01  1.25892541e+07  1.67758204e+01 
 1.35935639e+07  2.43050964e+01  1.35935639e+07  1.76625825e+01 
 1.46779927e+07  2.27794103e+01  1.46779927e+07  1.87163427e+01 
 1.58489319e+07  2.12606032e+01  1.58489319e+07  1.99477687e+01 
 1.71132830e+07  1.97341581e+01  1.71132830e+07  2.13512231e+01 
 1.84784980e+07  1.81905447e+01  1.84784980e+07  2.29975700e+01 
 1.99526231e+07  1.66384146e+01  1.99526231e+07  2.49077856e+01 
 2.15443469e+07  1.50662270e+01  2.15443469e+07  2.71157388e+01 
 2.32630507e+07  1.34617172e+01  2.32630507e+07  2.97507239e+01 
 2.51188643e+07  1.18346452e+01  2.51188643e+07  3.28284628e+01 
 2.71227258e+07  1.01709965e+01  2.71227258e+07  3.65123194e+01 
 2.92864456e+07  8.47255493e+00  2.92864456e+07  4.10774927e+01 
 3.16227766e+07  6.74967874e+00  3.16227766e+07  4.65116309e+01 
 3.41454887e+07  5.02525131e+00  3.41454887e+07  5.33424594e+01 
 3.68694506e+07  3.33938662e+00  3.68694506e+07  6.16770571e+01 
 3.98107171e+07  1.79518032e+00  3.98107171e+07  7.21593141e+01 
 4.29866235e+07  4.22167345e-01  4.29866235e+07  8.43467416e+01 
 4.64158883e+07 -4.46413561e-01  4.64158883e+07  9.80600988e+01 
 5.01187234e+07 -8.67993225e-01  5.01187234e+07  1.10513487e+02 
 5.41169527e+07 -9.06512315e-01  5.41169527e+07  1.23800622e+02 
 5.84341413e+07 -7.59798659e-01  5.84341413e+07  1.34822383e+02 
 6.30957344e+07 -2.58596684e-01  6.30957344e+07  1.43677639e+02 
 6.81292069e+07  1.54104359e-01  6.81292069e+07  1.51457923e+02 
 7.35642254e+07  5.64570494e-01  7.35642254e+07  1.57459635e+02 
 7.94328235e+07  1.16695352e+00  7.94328235e+07  1.62873105e+02 
 8.57695899e+07  1.46257886e+00  8.57695899e+07  1.67458405e+02 
 9.26118728e+07  1.99052288e+00  9.26118728e+07  1.70983496e+02 
 1.00000000e+08  2.35201231e+00  1.00000000e+08  1.74460408e+02 
 1.07977516e+08  2.70421933e+00  1.07977516e+08  1.77289374e+02 
 1.16591440e+08  3.04585706e+00  1.16591440e+08  1.79908891e+02 
 1.25892541e+08  3.38323401e+00  1.25892541e+08  1.82364034e+02 
 1.35935639e+08  3.67380432e+00  1.35935639e+08  1.84467640e+02 
 1.46779927e+08  4.18694562e+00  1.46779927e+08  1.86274724e+02 
 1.58489319e+08  4.42138105e+00  1.58489319e+08  1.88133313e+02 
 1.71132830e+08  4.85819630e+00  1.71132830e+08  1.89039934e+02 
 1.84784980e+08  5.30111770e+00  1.84784980e+08  1.89847336e+02 
 1.99526231e+08  5.42546869e+00  1.99526231e+08  1.91037933e+02 
 2.15443469e+08  5.35983464e+00  2.15443469e+08  1.91395124e+02 
 2.32630507e+08  6.53004704e+00  2.32630507e+08  1.91046226e+02 
 2.51188643e+08  6.84373189e+00  2.51188643e+08  1.90844454e+02 
 2.71227258e+08  6.27731750e+00  2.71227258e+08  1.90511780e+02 
 2.92864456e+08  6.86766695e+00  2.92864456e+08  1.89756315e+02 
 3.16227766e+08  7.06847508e+00  3.16227766e+08  1.88808841e+02 
 3.41454887e+08  7.47969231e+00  3.41454887e+08  1.87914244e+02 
 3.68694506e+08  7.17594224e+00  3.68694506e+08  1.87148263e+02 
 3.98107171e+08  8.11918601e+00  3.98107171e+08  1.85980082e+02 
 4.29866235e+08  6.85307881e+00  4.29866235e+08  1.85186306e+02 
 4.64158883e+08  6.88406031e+00  4.64158883e+08  1.84333427e+02 
 5.01187234e+08  7.14100362e+00  5.01187234e+08  1.83800734e+02 
 5.41169527e+08  7.74293668e+00  5.41169527e+08  1.83212686e+02 
 5.84341413e+08  4.50118667e+00  5.84341413e+08  1.82656092e+02 
 6.30957344e+08  7.56217529e+00  6.30957344e+08  1.82683812e+02 
 6.81292069e+08  6.21736425e+00  6.81292069e+08  1.81900962e+02 
 7.35642254e+08  8.38689081e+00  7.35642254e+08  1.80996373e+02 
 7.94328235e+08  7.03313518e+00  7.94328235e+08  1.81542885e+02 
 8.57695899e+08  5.67764877e+00  8.57695899e+08  1.81101762e+02 
 9.26118728e+08  4.32928766e+00  9.26118728e+08  1.81211036e+02 
 1.00000000e+09  8.99653548e+00  1.00000000e+09  1.81189676e+02 
