 1.00000000e+00  4.73577326e+01  1.00000000e+00  1.79999998e+02 
 1.07977516e+00  4.73577326e+01  1.07977516e+00  1.79999998e+02 
 1.16591440e+00  4.73577326e+01  1.16591440e+00  1.79999997e+02 
 1.25892541e+00  4.73577326e+01  1.25892541e+00  1.79999997e+02 
 1.35935639e+00  4.73577326e+01  1.35935639e+00  1.79999997e+02 
 1.46779927e+00  4.73577326e+01  1.46779927e+00  1.79999997e+02 
 1.58489319e+00  4.73577326e+01  1.58489319e+00  1.79999997e+02 
 1.71132830e+00  4.73577326e+01  1.71132830e+00  1.79999996e+02 
 1.84784980e+00  4.73577326e+01  1.84784980e+00  1.79999996e+02 
 1.99526231e+00  4.73577326e+01  1.99526231e+00  1.79999996e+02 
 2.15443469e+00  4.73577326e+01  2.15443469e+00  1.79999995e+02 
 2.32630507e+00  4.73577326e+01  2.32630507e+00  1.79999995e+02 
 2.51188643e+00  4.73577326e+01  2.51188643e+00  1.79999994e+02 
 2.71227258e+00  4.73577326e+01  2.71227258e+00  1.79999994e+02 
 2.92864456e+00  4.73577326e+01  2.92864456e+00  1.79999994e+02 
 3.16227766e+00  4.73577326e+01  3.16227766e+00  1.79999993e+02 
 3.41454887e+00  4.73577326e+01  3.41454887e+00  1.79999993e+02 
 3.68694506e+00  4.73577326e+01  3.68694506e+00  1.79999992e+02 
 3.98107171e+00  4.73577326e+01  3.98107171e+00  1.79999991e+02 
 4.29866235e+00  4.73577326e+01  4.29866235e+00  1.79999991e+02 
 4.64158883e+00  4.73577326e+01  4.64158883e+00  1.79999990e+02 
 5.01187234e+00  4.73577326e+01  5.01187234e+00  1.79999989e+02 
 5.41169527e+00  4.73577326e+01  5.41169527e+00  1.79999988e+02 
 5.84341413e+00  4.73577326e+01  5.84341413e+00  1.79999987e+02 
 6.30957344e+00  4.73577326e+01  6.30957344e+00  1.79999986e+02 
 6.81292069e+00  4.73577326e+01  6.81292069e+00  1.79999985e+02 
 7.35642254e+00  4.73577326e+01  7.35642254e+00  1.79999984e+02 
 7.94328235e+00  4.73577326e+01  7.94328235e+00  1.79999983e+02 
 8.57695899e+00  4.73577326e+01  8.57695899e+00  1.79999981e+02 
 9.26118728e+00  4.73577326e+01  9.26118728e+00  1.79999980e+02 
 1.00000000e+01  4.73577326e+01  1.00000000e+01  1.79999978e+02 
 1.07977516e+01  4.73577326e+01  1.07977516e+01  1.79999976e+02 
 1.16591440e+01  4.73577326e+01  1.16591440e+01  1.79999974e+02 
 1.25892541e+01  4.73577326e+01  1.25892541e+01  1.79999972e+02 
 1.35935639e+01  4.73577326e+01  1.35935639e+01  1.79999970e+02 
 1.46779927e+01  4.73577326e+01  1.46779927e+01  1.79999968e+02 
 1.58489319e+01  4.73577326e+01  1.58489319e+01  1.79999965e+02 
 1.71132830e+01  4.73577326e+01  1.71132830e+01  1.79999962e+02 
 1.84784980e+01  4.73577326e+01  1.84784980e+01  1.79999959e+02 
 1.99526231e+01  4.73577326e+01  1.99526231e+01  1.79999956e+02 
 2.15443469e+01  4.73577326e+01  2.15443469e+01  1.79999953e+02 
 2.32630507e+01  4.73577326e+01  2.32630507e+01  1.79999949e+02 
 2.51188643e+01  4.73577326e+01  2.51188643e+01  1.79999945e+02 
 2.71227258e+01  4.73577326e+01  2.71227258e+01  1.79999940e+02 
 2.92864456e+01  4.73577326e+01  2.92864456e+01  1.79999936e+02 
 3.16227766e+01  4.73577326e+01  3.16227766e+01  1.79999931e+02 
 3.41454887e+01  4.73577326e+01  3.41454887e+01  1.79999925e+02 
 3.68694506e+01  4.73577326e+01  3.68694506e+01  1.79999919e+02 
 3.98107171e+01  4.73577326e+01  3.98107171e+01  1.79999913e+02 
 4.29866235e+01  4.73577326e+01  4.29866235e+01  1.79999906e+02 
 4.64158883e+01  4.73577326e+01  4.64158883e+01  1.79999898e+02 
 5.01187234e+01  4.73577326e+01  5.01187234e+01  1.79999890e+02 
 5.41169527e+01  4.73577326e+01  5.41169527e+01  1.79999881e+02 
 5.84341413e+01  4.73577326e+01  5.84341413e+01  1.79999872e+02 
 6.30957344e+01  4.73577326e+01  6.30957344e+01  1.79999862e+02 
 6.81292069e+01  4.73577326e+01  6.81292069e+01  1.79999850e+02 
 7.35642254e+01  4.73577326e+01  7.35642254e+01  1.79999839e+02 
 7.94328235e+01  4.73577326e+01  7.94328235e+01  1.79999826e+02 
 8.57695899e+01  4.73577326e+01  8.57695899e+01  1.79999812e+02 
 9.26118728e+01  4.73577326e+01  9.26118728e+01  1.79999797e+02 
 1.00000000e+02  4.73577326e+01  1.00000000e+02  1.79999781e+02 
 1.07977516e+02  4.73577326e+01  1.07977516e+02  1.79999763e+02 
 1.16591440e+02  4.73577326e+01  1.16591440e+02  1.79999744e+02 
 1.25892541e+02  4.73577326e+01  1.25892541e+02  1.79999724e+02 
 1.35935639e+02  4.73577326e+01  1.35935639e+02  1.79999702e+02 
 1.46779927e+02  4.73577326e+01  1.46779927e+02  1.79999678e+02 
 1.58489319e+02  4.73577326e+01  1.58489319e+02  1.79999652e+02 
 1.71132830e+02  4.73577326e+01  1.71132830e+02  1.79999624e+02 
 1.84784980e+02  4.73577326e+01  1.84784980e+02  1.79999594e+02 
 1.99526231e+02  4.73577326e+01  1.99526231e+02  1.79999562e+02 
 2.15443469e+02  4.73577326e+01  2.15443469e+02  1.79999527e+02 
 2.32630507e+02  4.73577326e+01  2.32630507e+02  1.79999489e+02 
 2.51188643e+02  4.73577326e+01  2.51188643e+02  1.79999449e+02 
 2.71227258e+02  4.73577326e+01  2.71227258e+02  1.79999405e+02 
 2.92864456e+02  4.73577326e+01  2.92864456e+02  1.79999357e+02 
 3.16227766e+02  4.73577326e+01  3.16227766e+02  1.79999306e+02 
 3.41454887e+02  4.73577327e+01  3.41454887e+02  1.79999251e+02 
 3.68694506e+02  4.73577327e+01  3.68694506e+02  1.79999191e+02 
 3.98107171e+02  4.73577327e+01  3.98107171e+02  1.79999126e+02 
 4.29866235e+02  4.73577327e+01  4.29866235e+02  1.79999056e+02 
 4.64158883e+02  4.73577327e+01  4.64158883e+02  1.79998981e+02 
 5.01187234e+02  4.73577328e+01  5.01187234e+02  1.79998900e+02 
 5.41169527e+02  4.73577328e+01  5.41169527e+02  1.79998812e+02 
 5.84341413e+02  4.73577328e+01  5.84341413e+02  1.79998717e+02 
 6.30957344e+02  4.73577329e+01  6.30957344e+02  1.79998615e+02 
 6.81292069e+02  4.73577329e+01  6.81292069e+02  1.79998505e+02 
 7.35642254e+02  4.73577330e+01  7.35642254e+02  1.79998385e+02 
 7.94328235e+02  4.73577330e+01  7.94328235e+02  1.79998257e+02 
 8.57695899e+02  4.73577331e+01  8.57695899e+02  1.79998117e+02 
 9.26118728e+02  4.73577332e+01  9.26118728e+02  1.79997967e+02 
 1.00000000e+03  4.73577333e+01  1.00000000e+03  1.79997805e+02 
 1.07977516e+03  4.73577334e+01  1.07977516e+03  1.79997630e+02 
 1.16591440e+03  4.73577336e+01  1.16591440e+03  1.79997441e+02 
 1.25892541e+03  4.73577338e+01  1.25892541e+03  1.79997237e+02 
 1.35935639e+03  4.73577339e+01  1.35935639e+03  1.79997016e+02 
 1.46779927e+03  4.73577342e+01  1.46779927e+03  1.79996778e+02 
 1.58489319e+03  4.73577344e+01  1.58489319e+03  1.79996521e+02 
 1.71132830e+03  4.73577348e+01  1.71132830e+03  1.79996244e+02 
 1.84784980e+03  4.73577351e+01  1.84784980e+03  1.79995944e+02 
 1.99526231e+03  4.73577355e+01  1.99526231e+03  1.79995621e+02 
 2.15443469e+03  4.73577360e+01  2.15443469e+03  1.79995271e+02 
 2.32630507e+03  4.73577366e+01  2.32630507e+03  1.79994894e+02 
 2.51188643e+03  4.73577373e+01  2.51188643e+03  1.79994487e+02 
 2.71227258e+03  4.73577380e+01  2.71227258e+03  1.79994047e+02 
 2.92864456e+03  4.73577390e+01  2.92864456e+03  1.79993572e+02 
 3.16227766e+03  4.73577400e+01  3.16227766e+03  1.79993059e+02 
 3.41454887e+03  4.73577412e+01  3.41454887e+03  1.79992505e+02 
 3.68694506e+03  4.73577427e+01  3.68694506e+03  1.79991908e+02 
 3.98107171e+03  4.73577444e+01  3.98107171e+03  1.79991262e+02 
 4.29866235e+03  4.73577463e+01  4.29866235e+03  1.79990565e+02 
 4.64158883e+03  4.73577486e+01  4.64158883e+03  1.79989812e+02 
 5.01187234e+03  4.73577513e+01  5.01187234e+03  1.79988999e+02 
 5.41169527e+03  4.73577544e+01  5.41169527e+03  1.79988122e+02 
 5.84341413e+03  4.73577580e+01  5.84341413e+03  1.79987174e+02 
 6.30957344e+03  4.73577622e+01  6.30957344e+03  1.79986151e+02 
 6.81292069e+03  4.73577671e+01  6.81292069e+03  1.79985046e+02 
 7.35642254e+03  4.73577728e+01  7.35642254e+03  1.79983853e+02 
 7.94328235e+03  4.73577795e+01  7.94328235e+03  1.79982565e+02 
 8.57695899e+03  4.73577873e+01  8.57695899e+03  1.79981174e+02 
 9.26118728e+03  4.73577964e+01  9.26118728e+03  1.79979672e+02 
 1.00000000e+04  4.73578070e+01  1.00000000e+04  1.79978051e+02 
 1.07977516e+04  4.73578193e+01  1.07977516e+04  1.79976300e+02 
 1.16591440e+04  4.73578337e+01  1.16591440e+04  1.79974409e+02 
 1.25892541e+04  4.73578505e+01  1.25892541e+04  1.79972367e+02 
 1.35935639e+04  4.73578700e+01  1.35935639e+04  1.79970163e+02 
 1.46779927e+04  4.73578928e+01  1.46779927e+04  1.79967782e+02 
 1.58489319e+04  4.73579194e+01  1.58489319e+04  1.79965212e+02 
 1.71132830e+04  4.73579504e+01  1.71132830e+04  1.79962437e+02 
 1.84784980e+04  4.73579866e+01  1.84784980e+04  1.79959440e+02 
 1.99526231e+04  4.73580287e+01  1.99526231e+04  1.79956204e+02 
 2.15443469e+04  4.73580778e+01  2.15443469e+04  1.79952710e+02 
 2.32630507e+04  4.73581351e+01  2.32630507e+04  1.79948936e+02 
 2.51188643e+04  4.73582019e+01  2.51188643e+04  1.79944862e+02 
 2.71227258e+04  4.73582798e+01  2.71227258e+04  1.79940463e+02 
 2.92864456e+04  4.73583706e+01  2.92864456e+04  1.79935712e+02 
 3.16227766e+04  4.73584765e+01  3.16227766e+04  1.79930582e+02 
 3.41454887e+04  4.73585999e+01  3.41454887e+04  1.79925043e+02 
 3.68694506e+04  4.73587438e+01  3.68694506e+04  1.79919061e+02 
 3.98107171e+04  4.73589116e+01  3.98107171e+04  1.79912601e+02 
 4.29866235e+04  4.73591072e+01  4.29866235e+04  1.79905626e+02 
 4.64158883e+04  4.73593353e+01  4.64158883e+04  1.79898093e+02 
 5.01187234e+04  4.73596012e+01  5.01187234e+04  1.79889958e+02 
 5.41169527e+04  4.73599113e+01  5.41169527e+04  1.79881173e+02 
 5.84341413e+04  4.73602728e+01  5.84341413e+04  1.79871685e+02 
 6.30957344e+04  4.73606944e+01  6.30957344e+04  1.79861439e+02 
 6.81292069e+04  4.73611859e+01  6.81292069e+04  1.79850372e+02 
 7.35642254e+04  4.73617590e+01  7.35642254e+04  1.79838419e+02 
 7.94328235e+04  4.73624271e+01  7.94328235e+04  1.79825508e+02 
 8.57695899e+04  4.73632063e+01  8.57695899e+04  1.79811561e+02 
 9.26118728e+04  4.73641148e+01  9.26118728e+04  1.79796496e+02 
 1.00000000e+05  4.73651741e+01  1.00000000e+05  1.79780220e+02 
 1.07977516e+05  4.73664093e+01  1.07977516e+05  1.79762635e+02 
 1.16591440e+05  4.73678498e+01  1.16591440e+05  1.79743633e+02 
 1.25892541e+05  4.73695297e+01  1.25892541e+05  1.79723099e+02 
 1.35935639e+05  4.73714881e+01  1.35935639e+05  1.79700904e+02 
 1.46779927e+05  4.73737726e+01  1.46779927e+05  1.79676913e+02 
 1.58489319e+05  4.73764369e+01  1.58489319e+05  1.79650973e+02 
 1.71132830e+05  4.73795436e+01  1.71132830e+05  1.79622921e+02 
 1.84784980e+05  4.73831676e+01  1.84784980e+05  1.79592577e+02 
 1.99526231e+05  4.73873945e+01  1.99526231e+05  1.79559744e+02 
 2.15443469e+05  4.73923255e+01  2.15443469e+05  1.79524206e+02 
 2.32630507e+05  4.73980774e+01  2.32630507e+05  1.79485724e+02 
 2.51188643e+05  4.74047882e+01  2.51188643e+05  1.79444036e+02 
 2.71227258e+05  4.74126192e+01  2.71227258e+05  1.79398849e+02 
 2.92864456e+05  4.74217589e+01  2.92864456e+05  1.79349838e+02 
 3.16227766e+05  4.74324263e+01  3.16227766e+05  1.79296643e+02 
 3.41454887e+05  4.74448795e+01  3.41454887e+05  1.79238854e+02 
 3.68694506e+05  4.74594195e+01  3.68694506e+05  1.79176016e+02 
 3.98107171e+05  4.74764017e+01  3.98107171e+05  1.79107605e+02 
 4.29866235e+05  4.74962452e+01  4.29866235e+05  1.79033030e+02 
 4.64158883e+05  4.75194341e+01  4.64158883e+05  1.78951609e+02 
 5.01187234e+05  4.75465430e+01  5.01187234e+05  1.78862552e+02 
 5.41169527e+05  4.75782543e+01  5.41169527e+05  1.78764942e+02 
 5.84341413e+05  4.76153685e+01  5.84341413e+05  1.78657696e+02 
 6.30957344e+05  4.76588384e+01  6.30957344e+05  1.78539536e+02 
 6.81292069e+05  4.77097792e+01  6.81292069e+05  1.78408931e+02 
 7.35642254e+05  4.77695404e+01  7.35642254e+05  1.78264029e+02 
 7.94328235e+05  4.78397268e+01  7.94328235e+05  1.78102574e+02 
 8.57695899e+05  4.79222351e+01  8.57695899e+05  1.77921784e+02 
 9.26118728e+05  4.80193964e+01  9.26118728e+05  1.77718183e+02 
 1.00000000e+06  4.81340173e+01  1.00000000e+06  1.77487378e+02 
 1.07977516e+06  4.82695008e+01  1.07977516e+06  1.77223750e+02 
 1.16591440e+06  4.84300497e+01  1.16591440e+06  1.76919993e+02 
 1.25892541e+06  4.86208674e+01  1.25892541e+06  1.76566443e+02 
 1.35935639e+06  4.88485143e+01  1.35935639e+06  1.76150109e+02 
 1.46779927e+06  4.91212322e+01  1.46779927e+06  1.75653130e+02 
 1.58489319e+06  4.94497231e+01  1.58489319e+06  1.75050319e+02 
 1.71132830e+06  4.98480773e+01  1.71132830e+06  1.74305182e+02 
 1.84784980e+06  5.03349907e+01  1.84784980e+06  1.73362989e+02 
 1.99526231e+06  5.09362996e+01  1.99526231e+06  1.72138016e+02 
 2.15443469e+06  5.16884214e+01  2.15443469e+06  1.70489010e+02 
 2.32630507e+06  5.26447486e+01  2.32630507e+06  1.68167161e+02 
 2.51188643e+06  5.38854709e+01  2.51188643e+06  1.64696057e+02 
 2.71227258e+06  5.55313148e+01  2.71227258e+06  1.59057826e+02 
 2.92864456e+06  5.77337533e+01  2.92864456e+06  1.48776965e+02 
 3.16227766e+06  6.03676507e+01  3.16227766e+06  1.27448159e+02 
 3.41454887e+06  6.12535192e+01  3.41454887e+06  8.78808551e+01 
 3.68694506e+06  5.81297046e+01  3.68694506e+06  5.28503501e+01 
 3.98107171e+06  5.41978826e+01  3.98107171e+06  3.56304922e+01 
 4.29866235e+06  5.08194396e+01  4.29866235e+06  2.71554980e+01 
 4.64158883e+06  4.79568382e+01  4.64158883e+06  2.24402102e+01 
 5.01187234e+06  4.54606617e+01  5.01187234e+06  1.95725213e+01 
 5.41169527e+06  4.32219919e+01  5.41169527e+06  1.77376482e+01 
 5.84341413e+06  4.11689867e+01  5.84341413e+06  1.65432641e+01 
 6.30957344e+06  3.92531086e+01  6.30957344e+06  1.57805939e+01 
 6.81292069e+06  3.74413577e+01  6.81292069e+06  1.53294696e+01 
 7.35642254e+06  3.57093399e+01  7.35642254e+06  1.51171721e+01 
 7.94328235e+06  3.40392780e+01  7.94328235e+06  1.51012375e+01 
 8.57695899e+06  3.24171138e+01  8.57695899e+06  1.52505665e+01 
 9.26118728e+06  3.08323761e+01  9.26118728e+06  1.55481869e+01 
 1.00000000e+07  2.92761100e+01  1.00000000e+07  1.59900739e+01 
 1.07977516e+07  2.77397057e+01  1.07977516e+07  1.65707140e+01 
 1.16591440e+07  2.62198573e+01  1.16591440e+07  1.72858374e+01 
 1.25892541e+07  2.47079966e+01  1.25892541e+07  1.81493968e+01 
 1.35935639e+07  2.32020144e+01  1.35935639e+07  1.91673684e+01 
 1.46779927e+07  2.16944695e+01  1.46779927e+07  2.03560515e+01 
 1.58489319e+07  2.01841177e+01  1.58489319e+07  2.17402411e+01 
 1.71132830e+07  1.86604806e+01  1.71132830e+07  2.33349002e+01 
 1.84784980e+07  1.71270675e+01  1.84784980e+07  2.51898852e+01 
 1.99526231e+07  1.55703751e+01  1.99526231e+07  2.73537757e+01 
 2.15443469e+07  1.39924081e+01  2.15443469e+07  2.99054934e+01 
 2.32630507e+07  1.23861759e+01  2.32630507e+07  3.29289004e+01 
 2.51188643e+07  1.07522571e+01  2.51188643e+07  3.64509194e+01 
 2.71227258e+07  9.09052560e+00  2.71227258e+07  4.07590311e+01 
 2.92864456e+07  7.40535255e+00  2.92864456e+07  4.58409850e+01 
 3.16227766e+07  5.70624325e+00  3.16227766e+07  5.22410158e+01 
 3.41454887e+07  4.05123808e+00  3.41454887e+07  6.00034639e+01 
 3.68694506e+07  2.48607286e+00  3.68694506e+07  6.96084460e+01 
 3.98107171e+07  1.11379908e+00  3.98107171e+07  8.10609893e+01 
 4.29866235e+07  1.15792261e-01  4.29866235e+07  9.38857356e+01 
 4.64158883e+07 -4.86590830e-01  4.64158883e+07  1.06732034e+02 
 5.01187234e+07 -6.37798411e-01  5.01187234e+07  1.18909930e+02 
 5.41169527e+07 -5.81565990e-01  5.41169527e+07  1.31304627e+02 
 5.84341413e+07 -2.54206179e-01  5.84341413e+07  1.40145257e+02 
 6.30957344e+07  1.10263177e-01  6.30957344e+07  1.49005884e+02 
 6.81292069e+07  5.42630892e-01  6.81292069e+07  1.54719260e+02 
 7.35642254e+07  1.04261571e+00  7.35642254e+07  1.60350598e+02 
 7.94328235e+07  1.50584108e+00  7.94328235e+07  1.64973773e+02 
 8.57695899e+07  1.81958415e+00  8.57695899e+07  1.69011721e+02 
 9.26118728e+07  2.28580557e+00  9.26118728e+07  1.73129520e+02 
 1.00000000e+08  2.60747232e+00  1.00000000e+08  1.76047047e+02 
 1.07977516e+08  2.95802120e+00  1.07977516e+08  1.78799518e+02 
 1.16591440e+08  3.34229511e+00  1.16591440e+08  1.81269753e+02 
 1.25892541e+08  3.60233390e+00  1.25892541e+08  1.83347896e+02 
 1.35935639e+08  4.07865850e+00  1.35935639e+08  1.85515158e+02 
 1.46779927e+08  4.32857063e+00  1.46779927e+08  1.86937084e+02 
 1.58489319e+08  4.77815289e+00  1.58489319e+08  1.88307099e+02 
 1.71132830e+08  5.27539317e+00  1.71132830e+08  1.89188059e+02 
 1.84784980e+08  5.27286115e+00  1.84784980e+08  1.90279047e+02 
 1.99526231e+08  5.98115829e+00  1.99526231e+08  1.90765985e+02 
 2.15443469e+08  6.32063351e+00  2.15443469e+08  1.90971368e+02 
 2.32630507e+08  6.45461699e+00  2.32630507e+08  1.90588403e+02 
 2.51188643e+08  6.28764782e+00  2.51188643e+08  1.90641138e+02 
 2.71227258e+08  7.26660864e+00  2.71227258e+08  1.89541242e+02 
 2.92864456e+08  7.38002125e+00  2.92864456e+08  1.89241269e+02 
 3.16227766e+08  7.66615624e+00  3.16227766e+08  1.88058985e+02 
 3.41454887e+08  8.20474555e+00  3.41454887e+08  1.87150441e+02 
 3.68694506e+08  8.00493542e+00  3.68694506e+08  1.86491496e+02 
 3.98107171e+08  7.90779793e+00  3.98107171e+08  1.85507445e+02 
 4.29866235e+08  6.62113665e+00  4.29866235e+08  1.84655883e+02 
 4.64158883e+08  6.65905553e+00  4.64158883e+08  1.83993237e+02 
 5.01187234e+08  6.90584421e+00  5.01187234e+08  1.83446145e+02 
 5.41169527e+08  7.49899680e+00  5.41169527e+08  1.82716912e+02 
 5.84341413e+08  6.18197590e+00  5.84341413e+08  1.82272829e+02 
 6.30957344e+08  1.08316725e+01  6.30957344e+08  1.82001558e+02 
 6.81292069e+08  9.46901971e+00  6.81292069e+08  1.81817227e+02 
 7.35642254e+08  8.13021661e+00  7.35642254e+08  1.80935467e+02 
 7.94328235e+08  6.78661232e+00  7.94328235e+08  1.81102833e+02 
 8.57695899e+08  1.14389720e+01  8.57695899e+08  1.79053881e+02 
 9.26118728e+08  4.07126493e+00  9.26118728e+08  1.80532344e+02 
 1.00000000e+09  8.73880360e+00  1.00000000e+09  1.80621363e+02 
