 1.00000000e+00  4.57851727e+01  1.00000000e+00  1.79999998e+02 
 1.07977516e+00  4.57851727e+01  1.07977516e+00  1.79999997e+02 
 1.16591440e+00  4.57851727e+01  1.16591440e+00  1.79999997e+02 
 1.25892541e+00  4.57851727e+01  1.25892541e+00  1.79999997e+02 
 1.35935639e+00  4.57851727e+01  1.35935639e+00  1.79999997e+02 
 1.46779927e+00  4.57851727e+01  1.46779927e+00  1.79999997e+02 
 1.58489319e+00  4.57851727e+01  1.58489319e+00  1.79999996e+02 
 1.71132830e+00  4.57851727e+01  1.71132830e+00  1.79999996e+02 
 1.84784980e+00  4.57851727e+01  1.84784980e+00  1.79999996e+02 
 1.99526231e+00  4.57851727e+01  1.99526231e+00  1.79999995e+02 
 2.15443469e+00  4.57851727e+01  2.15443469e+00  1.79999995e+02 
 2.32630507e+00  4.57851727e+01  2.32630507e+00  1.79999995e+02 
 2.51188643e+00  4.57851727e+01  2.51188643e+00  1.79999994e+02 
 2.71227258e+00  4.57851727e+01  2.71227258e+00  1.79999994e+02 
 2.92864456e+00  4.57851727e+01  2.92864456e+00  1.79999993e+02 
 3.16227766e+00  4.57851727e+01  3.16227766e+00  1.79999993e+02 
 3.41454887e+00  4.57851727e+01  3.41454887e+00  1.79999992e+02 
 3.68694506e+00  4.57851727e+01  3.68694506e+00  1.79999991e+02 
 3.98107171e+00  4.57851727e+01  3.98107171e+00  1.79999991e+02 
 4.29866235e+00  4.57851727e+01  4.29866235e+00  1.79999990e+02 
 4.64158883e+00  4.57851727e+01  4.64158883e+00  1.79999989e+02 
 5.01187234e+00  4.57851727e+01  5.01187234e+00  1.79999988e+02 
 5.41169527e+00  4.57851727e+01  5.41169527e+00  1.79999987e+02 
 5.84341413e+00  4.57851727e+01  5.84341413e+00  1.79999986e+02 
 6.30957344e+00  4.57851727e+01  6.30957344e+00  1.79999985e+02 
 6.81292069e+00  4.57851727e+01  6.81292069e+00  1.79999984e+02 
 7.35642254e+00  4.57851727e+01  7.35642254e+00  1.79999983e+02 
 7.94328235e+00  4.57851727e+01  7.94328235e+00  1.79999981e+02 
 8.57695899e+00  4.57851727e+01  8.57695899e+00  1.79999980e+02 
 9.26118728e+00  4.57851727e+01  9.26118728e+00  1.79999978e+02 
 1.00000000e+01  4.57851727e+01  1.00000000e+01  1.79999976e+02 
 1.07977516e+01  4.57851727e+01  1.07977516e+01  1.79999975e+02 
 1.16591440e+01  4.57851727e+01  1.16591440e+01  1.79999973e+02 
 1.25892541e+01  4.57851727e+01  1.25892541e+01  1.79999970e+02 
 1.35935639e+01  4.57851727e+01  1.35935639e+01  1.79999968e+02 
 1.46779927e+01  4.57851727e+01  1.46779927e+01  1.79999965e+02 
 1.58489319e+01  4.57851727e+01  1.58489319e+01  1.79999963e+02 
 1.71132830e+01  4.57851727e+01  1.71132830e+01  1.79999960e+02 
 1.84784980e+01  4.57851727e+01  1.84784980e+01  1.79999956e+02 
 1.99526231e+01  4.57851727e+01  1.99526231e+01  1.79999953e+02 
 2.15443469e+01  4.57851727e+01  2.15443469e+01  1.79999949e+02 
 2.32630507e+01  4.57851727e+01  2.32630507e+01  1.79999945e+02 
 2.51188643e+01  4.57851727e+01  2.51188643e+01  1.79999941e+02 
 2.71227258e+01  4.57851727e+01  2.71227258e+01  1.79999936e+02 
 2.92864456e+01  4.57851727e+01  2.92864456e+01  1.79999931e+02 
 3.16227766e+01  4.57851727e+01  3.16227766e+01  1.79999926e+02 
 3.41454887e+01  4.57851727e+01  3.41454887e+01  1.79999920e+02 
 3.68694506e+01  4.57851727e+01  3.68694506e+01  1.79999913e+02 
 3.98107171e+01  4.57851727e+01  3.98107171e+01  1.79999906e+02 
 4.29866235e+01  4.57851727e+01  4.29866235e+01  1.79999899e+02 
 4.64158883e+01  4.57851727e+01  4.64158883e+01  1.79999891e+02 
 5.01187234e+01  4.57851727e+01  5.01187234e+01  1.79999882e+02 
 5.41169527e+01  4.57851727e+01  5.41169527e+01  1.79999873e+02 
 5.84341413e+01  4.57851727e+01  5.84341413e+01  1.79999862e+02 
 6.30957344e+01  4.57851727e+01  6.30957344e+01  1.79999851e+02 
 6.81292069e+01  4.57851727e+01  6.81292069e+01  1.79999840e+02 
 7.35642254e+01  4.57851727e+01  7.35642254e+01  1.79999827e+02 
 7.94328235e+01  4.57851727e+01  7.94328235e+01  1.79999813e+02 
 8.57695899e+01  4.57851727e+01  8.57695899e+01  1.79999798e+02 
 9.26118728e+01  4.57851727e+01  9.26118728e+01  1.79999782e+02 
 1.00000000e+02  4.57851727e+01  1.00000000e+02  1.79999764e+02 
 1.07977516e+02  4.57851727e+01  1.07977516e+02  1.79999746e+02 
 1.16591440e+02  4.57851727e+01  1.16591440e+02  1.79999725e+02 
 1.25892541e+02  4.57851727e+01  1.25892541e+02  1.79999703e+02 
 1.35935639e+02  4.57851727e+01  1.35935639e+02  1.79999680e+02 
 1.46779927e+02  4.57851727e+01  1.46779927e+02  1.79999654e+02 
 1.58489319e+02  4.57851727e+01  1.58489319e+02  1.79999627e+02 
 1.71132830e+02  4.57851727e+01  1.71132830e+02  1.79999597e+02 
 1.84784980e+02  4.57851727e+01  1.84784980e+02  1.79999565e+02 
 1.99526231e+02  4.57851727e+01  1.99526231e+02  1.79999530e+02 
 2.15443469e+02  4.57851727e+01  2.15443469e+02  1.79999492e+02 
 2.32630507e+02  4.57851727e+01  2.32630507e+02  1.79999452e+02 
 2.51188643e+02  4.57851727e+01  2.51188643e+02  1.79999408e+02 
 2.71227258e+02  4.57851727e+01  2.71227258e+02  1.79999361e+02 
 2.92864456e+02  4.57851727e+01  2.92864456e+02  1.79999310e+02 
 3.16227766e+02  4.57851727e+01  3.16227766e+02  1.79999255e+02 
 3.41454887e+02  4.57851727e+01  3.41454887e+02  1.79999196e+02 
 3.68694506e+02  4.57851727e+01  3.68694506e+02  1.79999131e+02 
 3.98107171e+02  4.57851728e+01  3.98107171e+02  1.79999062e+02 
 4.29866235e+02  4.57851728e+01  4.29866235e+02  1.79998987e+02 
 4.64158883e+02  4.57851728e+01  4.64158883e+02  1.79998907e+02 
 5.01187234e+02  4.57851728e+01  5.01187234e+02  1.79998819e+02 
 5.41169527e+02  4.57851728e+01  5.41169527e+02  1.79998725e+02 
 5.84341413e+02  4.57851729e+01  5.84341413e+02  1.79998623e+02 
 6.30957344e+02  4.57851729e+01  6.30957344e+02  1.79998514e+02 
 6.81292069e+02  4.57851729e+01  6.81292069e+02  1.79998395e+02 
 7.35642254e+02  4.57851730e+01  7.35642254e+02  1.79998267e+02 
 7.94328235e+02  4.57851730e+01  7.94328235e+02  1.79998129e+02 
 8.57695899e+02  4.57851731e+01  8.57695899e+02  1.79997980e+02 
 9.26118728e+02  4.57851732e+01  9.26118728e+02  1.79997818e+02 
 1.00000000e+03  4.57851733e+01  1.00000000e+03  1.79997644e+02 
 1.07977516e+03  4.57851734e+01  1.07977516e+03  1.79997456e+02 
 1.16591440e+03  4.57851735e+01  1.16591440e+03  1.79997254e+02 
 1.25892541e+03  4.57851736e+01  1.25892541e+03  1.79997034e+02 
 1.35935639e+03  4.57851738e+01  1.35935639e+03  1.79996798e+02 
 1.46779927e+03  4.57851739e+01  1.46779927e+03  1.79996542e+02 
 1.58489319e+03  4.57851741e+01  1.58489319e+03  1.79996267e+02 
 1.71132830e+03  4.57851744e+01  1.71132830e+03  1.79995969e+02 
 1.84784980e+03  4.57851747e+01  1.84784980e+03  1.79995647e+02 
 1.99526231e+03  4.57851750e+01  1.99526231e+03  1.79995300e+02 
 2.15443469e+03  4.57851754e+01  2.15443469e+03  1.79994925e+02 
 2.32630507e+03  4.57851759e+01  2.32630507e+03  1.79994520e+02 
 2.51188643e+03  4.57851764e+01  2.51188643e+03  1.79994083e+02 
 2.71227258e+03  4.57851770e+01  2.71227258e+03  1.79993611e+02 
 2.92864456e+03  4.57851777e+01  2.92864456e+03  1.79993101e+02 
 3.16227766e+03  4.57851786e+01  3.16227766e+03  1.79992551e+02 
 3.41454887e+03  4.57851796e+01  3.41454887e+03  1.79991956e+02 
 3.68694506e+03  4.57851807e+01  3.68694506e+03  1.79991315e+02 
 3.98107171e+03  4.57851820e+01  3.98107171e+03  1.79990622e+02 
 4.29866235e+03  4.57851836e+01  4.29866235e+03  1.79989874e+02 
 4.64158883e+03  4.57851854e+01  4.64158883e+03  1.79989066e+02 
 5.01187234e+03  4.57851875e+01  5.01187234e+03  1.79988194e+02 
 5.41169527e+03  4.57851900e+01  5.41169527e+03  1.79987252e+02 
 5.84341413e+03  4.57851929e+01  5.84341413e+03  1.79986235e+02 
 6.30957344e+03  4.57851962e+01  6.30957344e+03  1.79985137e+02 
 6.81292069e+03  4.57852001e+01  6.81292069e+03  1.79983951e+02 
 7.35642254e+03  4.57852047e+01  7.35642254e+03  1.79982671e+02 
 7.94328235e+03  4.57852100e+01  7.94328235e+03  1.79981288e+02 
 8.57695899e+03  4.57852162e+01  8.57695899e+03  1.79979796e+02 
 9.26118728e+03  4.57852234e+01  9.26118728e+03  1.79978184e+02 
 1.00000000e+04  4.57852319e+01  1.00000000e+04  1.79976443e+02 
 1.07977516e+04  4.57852417e+01  1.07977516e+04  1.79974564e+02 
 1.16591440e+04  4.57852531e+01  1.16591440e+04  1.79972535e+02 
 1.25892541e+04  4.57852665e+01  1.25892541e+04  1.79970344e+02 
 1.35935639e+04  4.57852821e+01  1.35935639e+04  1.79967978e+02 
 1.46779927e+04  4.57853002e+01  1.46779927e+04  1.79965423e+02 
 1.58489319e+04  4.57853214e+01  1.58489319e+04  1.79962664e+02 
 1.71132830e+04  4.57853460e+01  1.71132830e+04  1.79959686e+02 
 1.84784980e+04  4.57853748e+01  1.84784980e+04  1.79956470e+02 
 1.99526231e+04  4.57854083e+01  1.99526231e+04  1.79952997e+02 
 2.15443469e+04  4.57854474e+01  2.15443469e+04  1.79949247e+02 
 2.32630507e+04  4.57854930e+01  2.32630507e+04  1.79945197e+02 
 2.51188643e+04  4.57855462e+01  2.51188643e+04  1.79940825e+02 
 2.71227258e+04  4.57856082e+01  2.71227258e+04  1.79936103e+02 
 2.92864456e+04  4.57856804e+01  2.92864456e+04  1.79931005e+02 
 3.16227766e+04  4.57857647e+01  3.16227766e+04  1.79925500e+02 
 3.41454887e+04  4.57858629e+01  3.41454887e+04  1.79919555e+02 
 3.68694506e+04  4.57859774e+01  3.68694506e+04  1.79913136e+02 
 3.98107171e+04  4.57861109e+01  3.98107171e+04  1.79906205e+02 
 4.29866235e+04  4.57862666e+01  4.29866235e+04  1.79898719e+02 
 4.64158883e+04  4.57864481e+01  4.64158883e+04  1.79890636e+02 
 5.01187234e+04  4.57866598e+01  5.01187234e+04  1.79881907e+02 
 5.41169527e+04  4.57869066e+01  5.41169527e+04  1.79872481e+02 
 5.84341413e+04  4.57871943e+01  5.84341413e+04  1.79862301e+02 
 6.30957344e+04  4.57875298e+01  6.30957344e+04  1.79851308e+02 
 6.81292069e+04  4.57879208e+01  6.81292069e+04  1.79839435e+02 
 7.35642254e+04  4.57883769e+01  7.35642254e+04  1.79826612e+02 
 7.94328235e+04  4.57889086e+01  7.94328235e+04  1.79812763e+02 
 8.57695899e+04  4.57895286e+01  8.57695899e+04  1.79797804e+02 
 9.26118728e+04  4.57902516e+01  9.26118728e+04  1.79781647e+02 
 1.00000000e+05  4.57910945e+01  1.00000000e+05  1.79764194e+02 
 1.07977516e+05  4.57920774e+01  1.07977516e+05  1.79745339e+02 
 1.16591440e+05  4.57932234e+01  1.16591440e+05  1.79724969e+02 
 1.25892541e+05  4.57945599e+01  1.25892541e+05  1.79702960e+02 
 1.35935639e+05  4.57961184e+01  1.35935639e+05  1.79679177e+02 
 1.46779927e+05  4.57979354e+01  1.46779927e+05  1.79653474e+02 
 1.58489319e+05  4.58000548e+01  1.58489319e+05  1.79625693e+02 
 1.71132830e+05  4.58025262e+01  1.71132830e+05  1.79595661e+02 
 1.84784980e+05  4.58054091e+01  1.84784980e+05  1.79563187e+02 
 1.99526231e+05  4.58087712e+01  1.99526231e+05  1.79528067e+02 
 2.15443469e+05  4.58126918e+01  2.15443469e+05  1.79490073e+02 
 2.32630507e+05  4.58172655e+01  2.32630507e+05  1.79448959e+02 
 2.51188643e+05  4.58226014e+01  2.51188643e+05  1.79404452e+02 
 2.71227258e+05  4.58288252e+01  2.71227258e+05  1.79356252e+02 
 2.92864456e+05  4.58360901e+01  2.92864456e+05  1.79304028e+02 
 3.16227766e+05  4.58445646e+01  3.16227766e+05  1.79247408e+02 
 3.41454887e+05  4.58544544e+01  3.41454887e+05  1.79185982e+02 
 3.68694506e+05  4.58660000e+01  3.68694506e+05  1.79119298e+02 
 3.98107171e+05  4.58794814e+01  3.98107171e+05  1.79046832e+02 
 4.29866235e+05  4.58952235e+01  4.29866235e+05  1.78968008e+02 
 4.64158883e+05  4.59136116e+01  4.64158883e+05  1.78882155e+02 
 5.01187234e+05  4.59350959e+01  5.01187234e+05  1.78788524e+02 
 5.41169527e+05  4.59602089e+01  5.41169527e+05  1.78686240e+02 
 5.84341413e+05  4.59895766e+01  5.84341413e+05  1.78574297e+02 
 6.30957344e+05  4.60239374e+01  6.30957344e+05  1.78451494e+02 
 6.81292069e+05  4.60641576e+01  6.81292069e+05  1.78316457e+02 
 7.35642254e+05  4.61112809e+01  7.35642254e+05  1.78167524e+02 
 7.94328235e+05  4.61665309e+01  7.94328235e+05  1.78002744e+02 
 8.57695899e+05  4.62313616e+01  8.57695899e+05  1.77819615e+02 
 9.26118728e+05  4.63075363e+01  9.26118728e+05  1.77615244e+02 
 1.00000000e+06  4.63971529e+01  1.00000000e+06  1.77385992e+02 
 1.07977516e+06  4.65027459e+01  1.07977516e+06  1.77127218e+02 
 1.16591440e+06  4.66274208e+01  1.16591440e+06  1.76833134e+02 
 1.25892541e+06  4.67748981e+01  1.25892541e+06  1.76496135e+02 
 1.35935639e+06  4.69498683e+01  1.35935639e+06  1.76106447e+02 
 1.46779927e+06  4.71581149e+01  1.46779927e+06  1.75650925e+02 
 1.58489319e+06  4.74069188e+01  1.58489319e+06  1.75111993e+02 
 1.71132830e+06  4.77055538e+01  1.71132830e+06  1.74464510e+02 
 1.84784980e+06  4.80660116e+01  1.84784980e+06  1.73673403e+02 
 1.99526231e+06  4.85042333e+01  1.99526231e+06  1.72686925e+02 
 2.15443469e+06  4.90414296e+01  2.15443469e+06  1.71425748e+02 
 2.32630507e+06  4.97070225e+01  2.32630507e+06  1.69763155e+02 
 2.51188643e+06  5.05422869e+01  2.51188643e+06  1.67485558e+02 
 2.71227258e+06  5.16066845e+01  2.71227258e+06  1.64205670e+02 
 2.92864456e+06  5.29840036e+01  2.92864456e+06  1.59158717e+02 
 3.16227766e+06  5.47742504e+01  3.16227766e+06  1.50679237e+02 
 3.41454887e+06  5.69546853e+01  3.41454887e+06  1.34917008e+02 
 3.68694506e+06  5.85639167e+01  3.68694506e+06  1.05540766e+02 
 3.98107171e+06  5.72064294e+01  3.98107171e+06  6.94356068e+01 
 4.29866235e+06  5.37800206e+01  4.29866235e+06  4.61294406e+01 
 4.64158883e+06  5.03812502e+01  4.64158883e+06  3.40546560e+01 
 5.01187234e+06  4.74216831e+01  5.01187234e+06  2.74000400e+01 
 5.41169527e+06  4.48348226e+01  5.41169527e+06  2.33989472e+01 
 5.84341413e+06  4.25226089e+01  5.84341413e+06  2.08468346e+01 
 6.30957344e+06  4.04118529e+01  6.30957344e+06  1.91690560e+01 
 6.81292069e+06  3.84500412e+01  6.81292069e+06  1.80650777e+01 
 7.35642254e+06  3.66000669e+01  7.35642254e+06  1.73612706e+01 
 7.94328235e+06  3.48370485e+01  7.94328235e+06  1.69658325e+01 
 8.57695899e+06  3.31403528e+01  8.57695899e+06  1.68070190e+01 
 9.26118728e+06  3.14947324e+01  9.26118728e+06  1.68520294e+01 
 1.00000000e+07  2.98890837e+01  1.00000000e+07  1.70819139e+01 
 1.07977516e+07  2.83134446e+01  1.07977516e+07  1.74709404e+01 
 1.16591440e+07  2.67597463e+01  1.16591440e+07  1.80111791e+01 
 1.25892541e+07  2.52219492e+01  1.25892541e+07  1.87154454e+01 
 1.35935639e+07  2.36921826e+01  1.35935639e+07  1.95923904e+01 
 1.46779927e+07  2.21659945e+01  1.46779927e+07  2.06448634e+01 
 1.58489319e+07  2.06413161e+01  1.58489319e+07  2.18678938e+01 
 1.71132830e+07  1.91047330e+01  1.71132830e+07  2.33405423e+01 
 1.84784980e+07  1.75584680e+01  1.84784980e+07  2.50204086e+01 
 1.99526231e+07  1.59934768e+01  1.99526231e+07  2.70357513e+01 
 2.15443469e+07  1.44048138e+01  2.15443469e+07  2.94314636e+01 
 2.32630507e+07  1.27882556e+01  2.32630507e+07  3.22568475e+01 
 2.51188643e+07  1.11423115e+01  2.51188643e+07  3.56425200e+01 
 2.71227258e+07  9.46298688e+00  2.71227258e+07  3.96820075e+01 
 2.92864456e+07  7.76943192e+00  2.92864456e+07  4.46395588e+01 
 3.16227766e+07  6.05198869e+00  3.16227766e+07  5.06701434e+01 
 3.41454887e+07  4.34309913e+00  3.41454887e+07  5.81738264e+01 
 3.68694506e+07  2.74789062e+00  3.68694506e+07  6.74613222e+01 
 3.98107171e+07  1.30221858e+00  3.98107171e+07  7.85328933e+01 
 4.29866235e+07  2.38090268e-01  4.29866235e+07  9.19726077e+01 
 4.64158883e+07 -4.88973848e-01  4.64158883e+07  1.05217882e+02 
 5.01187234e+07 -4.94108875e-01  5.01187234e+07  1.17791101e+02 
 5.41169527e+07 -5.32643461e-01  5.41169527e+07  1.29662494e+02 
 5.84341413e+07 -4.94708717e-01  5.84341413e+07  1.40694587e+02 
 6.30957344e+07  3.50386708e-01  6.30957344e+07  1.47829137e+02 
 6.81292069e+07  6.44479858e-01  6.81292069e+07  1.53827680e+02 
 7.35642254e+07  1.14225782e+00  7.35642254e+07  1.59336447e+02 
 7.94328235e+07  1.43469178e+00  7.94328235e+07  1.64807008e+02 
 8.57695899e+07  1.85614687e+00  8.57695899e+07  1.68689132e+02 
 9.26118728e+07  2.04953654e+00  9.26118728e+07  1.72221124e+02 
 1.00000000e+08  2.78530283e+00  1.00000000e+08  1.75524494e+02 
 1.07977516e+08  2.97366827e+00  1.07977516e+08  1.77871229e+02 
 1.16591440e+08  3.37567804e+00  1.16591440e+08  1.80674648e+02 
 1.25892541e+08  3.72820668e+00  1.25892541e+08  1.82849470e+02 
 1.35935639e+08  3.95483199e+00  1.35935639e+08  1.84813424e+02 
 1.46779927e+08  4.13402229e+00  1.46779927e+08  1.86409087e+02 
 1.58489319e+08  4.75226790e+00  1.58489319e+08  1.87744801e+02 
 1.71132830e+08  4.79874350e+00  1.71132830e+08  1.88963824e+02 
 1.84784980e+08  5.23970090e+00  1.84784980e+08  1.90051701e+02 
 1.99526231e+08  5.33829071e+00  1.99526231e+08  1.90480070e+02 
 2.15443469e+08  5.25318186e+00  2.15443469e+08  1.90898954e+02 
 2.32630507e+08  6.40318095e+00  2.32630507e+08  1.90986231e+02 
 2.51188643e+08  7.17924207e+00  2.51188643e+08  1.89941947e+02 
 2.71227258e+08  7.78776349e+00  2.71227258e+08  1.89772645e+02 
 2.92864456e+08  8.02343190e+00  2.92864456e+08  1.89240811e+02 
 3.16227766e+08  6.88929520e+00  3.16227766e+08  1.88302911e+02 
 3.41454887e+08  8.14743413e+00  3.41454887e+08  1.87397742e+02 
 3.68694506e+08  7.97293382e+00  3.68694506e+08  1.85916344e+02 
 3.98107171e+08  7.87191752e+00  3.98107171e+08  1.85673132e+02 
 4.29866235e+08  7.92838698e+00  4.29866235e+08  1.84768510e+02 
 4.64158883e+08  8.18939183e+00  4.64158883e+08  1.84062833e+02 
 5.01187234e+08  6.88274604e+00  5.01187234e+08  1.83451480e+02 
 5.41169527e+08  3.98426591e+00  5.41169527e+08  1.82610353e+02 
 5.84341413e+08  4.23358427e+00  5.84341413e+08  1.82102783e+02 
 6.30957344e+08  1.08211987e+01  6.30957344e+08  1.81939313e+02 
 6.81292069e+08  5.96140576e+00  6.81292069e+08  1.81148524e+02 
 7.35642254e+08  8.13675650e+00  7.35642254e+08  1.81579352e+02 
 7.94328235e+08  1.27741369e+01  7.94328235e+08  1.83534401e+02 
 8.57695899e+08  1.14381000e+01  8.57695899e+08  1.79451273e+02 
 9.26118728e+08  4.06747486e+00  9.26118728e+08  1.80867958e+02 
 1.00000000e+09  2.69600300e+00  1.00000000e+09  1.80367980e+02 
