 1.00000000e+00  4.63034140e+01  1.00000000e+00  1.79999998e+02 
 1.07977516e+00  4.63034140e+01  1.07977516e+00  1.79999998e+02 
 1.16591440e+00  4.63034140e+01  1.16591440e+00  1.79999998e+02 
 1.25892541e+00  4.63034140e+01  1.25892541e+00  1.79999998e+02 
 1.35935639e+00  4.63034140e+01  1.35935639e+00  1.79999997e+02 
 1.46779927e+00  4.63034140e+01  1.46779927e+00  1.79999997e+02 
 1.58489319e+00  4.63034140e+01  1.58489319e+00  1.79999997e+02 
 1.71132830e+00  4.63034140e+01  1.71132830e+00  1.79999997e+02 
 1.84784980e+00  4.63034140e+01  1.84784980e+00  1.79999997e+02 
 1.99526231e+00  4.63034140e+01  1.99526231e+00  1.79999996e+02 
 2.15443469e+00  4.63034140e+01  2.15443469e+00  1.79999996e+02 
 2.32630507e+00  4.63034140e+01  2.32630507e+00  1.79999996e+02 
 2.51188643e+00  4.63034140e+01  2.51188643e+00  1.79999995e+02 
 2.71227258e+00  4.63034140e+01  2.71227258e+00  1.79999995e+02 
 2.92864456e+00  4.63034140e+01  2.92864456e+00  1.79999995e+02 
 3.16227766e+00  4.63034140e+01  3.16227766e+00  1.79999994e+02 
 3.41454887e+00  4.63034140e+01  3.41454887e+00  1.79999994e+02 
 3.68694506e+00  4.63034140e+01  3.68694506e+00  1.79999993e+02 
 3.98107171e+00  4.63034140e+01  3.98107171e+00  1.79999993e+02 
 4.29866235e+00  4.63034140e+01  4.29866235e+00  1.79999992e+02 
 4.64158883e+00  4.63034140e+01  4.64158883e+00  1.79999991e+02 
 5.01187234e+00  4.63034140e+01  5.01187234e+00  1.79999991e+02 
 5.41169527e+00  4.63034140e+01  5.41169527e+00  1.79999990e+02 
 5.84341413e+00  4.63034140e+01  5.84341413e+00  1.79999989e+02 
 6.30957344e+00  4.63034140e+01  6.30957344e+00  1.79999988e+02 
 6.81292069e+00  4.63034140e+01  6.81292069e+00  1.79999987e+02 
 7.35642254e+00  4.63034140e+01  7.35642254e+00  1.79999986e+02 
 7.94328235e+00  4.63034140e+01  7.94328235e+00  1.79999985e+02 
 8.57695899e+00  4.63034140e+01  8.57695899e+00  1.79999984e+02 
 9.26118728e+00  4.63034140e+01  9.26118728e+00  1.79999983e+02 
 1.00000000e+01  4.63034140e+01  1.00000000e+01  1.79999982e+02 
 1.07977516e+01  4.63034140e+01  1.07977516e+01  1.79999980e+02 
 1.16591440e+01  4.63034140e+01  1.16591440e+01  1.79999978e+02 
 1.25892541e+01  4.63034140e+01  1.25892541e+01  1.79999977e+02 
 1.35935639e+01  4.63034140e+01  1.35935639e+01  1.79999975e+02 
 1.46779927e+01  4.63034140e+01  1.46779927e+01  1.79999973e+02 
 1.58489319e+01  4.63034140e+01  1.58489319e+01  1.79999971e+02 
 1.71132830e+01  4.63034140e+01  1.71132830e+01  1.79999968e+02 
 1.84784980e+01  4.63034140e+01  1.84784980e+01  1.79999966e+02 
 1.99526231e+01  4.63034140e+01  1.99526231e+01  1.79999963e+02 
 2.15443469e+01  4.63034140e+01  2.15443469e+01  1.79999960e+02 
 2.32630507e+01  4.63034140e+01  2.32630507e+01  1.79999957e+02 
 2.51188643e+01  4.63034140e+01  2.51188643e+01  1.79999954e+02 
 2.71227258e+01  4.63034140e+01  2.71227258e+01  1.79999950e+02 
 2.92864456e+01  4.63034140e+01  2.92864456e+01  1.79999946e+02 
 3.16227766e+01  4.63034140e+01  3.16227766e+01  1.79999942e+02 
 3.41454887e+01  4.63034140e+01  3.41454887e+01  1.79999937e+02 
 3.68694506e+01  4.63034140e+01  3.68694506e+01  1.79999932e+02 
 3.98107171e+01  4.63034140e+01  3.98107171e+01  1.79999927e+02 
 4.29866235e+01  4.63034140e+01  4.29866235e+01  1.79999921e+02 
 4.64158883e+01  4.63034140e+01  4.64158883e+01  1.79999914e+02 
 5.01187234e+01  4.63034140e+01  5.01187234e+01  1.79999908e+02 
 5.41169527e+01  4.63034140e+01  5.41169527e+01  1.79999900e+02 
 5.84341413e+01  4.63034140e+01  5.84341413e+01  1.79999892e+02 
 6.30957344e+01  4.63034140e+01  6.30957344e+01  1.79999884e+02 
 6.81292069e+01  4.63034140e+01  6.81292069e+01  1.79999874e+02 
 7.35642254e+01  4.63034140e+01  7.35642254e+01  1.79999864e+02 
 7.94328235e+01  4.63034140e+01  7.94328235e+01  1.79999853e+02 
 8.57695899e+01  4.63034140e+01  8.57695899e+01  1.79999842e+02 
 9.26118728e+01  4.63034140e+01  9.26118728e+01  1.79999829e+02 
 1.00000000e+02  4.63034140e+01  1.00000000e+02  1.79999816e+02 
 1.07977516e+02  4.63034140e+01  1.07977516e+02  1.79999801e+02 
 1.16591440e+02  4.63034140e+01  1.16591440e+02  1.79999785e+02 
 1.25892541e+02  4.63034140e+01  1.25892541e+02  1.79999768e+02 
 1.35935639e+02  4.63034141e+01  1.35935639e+02  1.79999749e+02 
 1.46779927e+02  4.63034141e+01  1.46779927e+02  1.79999729e+02 
 1.58489319e+02  4.63034141e+01  1.58489319e+02  1.79999708e+02 
 1.71132830e+02  4.63034141e+01  1.71132830e+02  1.79999684e+02 
 1.84784980e+02  4.63034141e+01  1.84784980e+02  1.79999659e+02 
 1.99526231e+02  4.63034141e+01  1.99526231e+02  1.79999632e+02 
 2.15443469e+02  4.63034141e+01  2.15443469e+02  1.79999603e+02 
 2.32630507e+02  4.63034141e+01  2.32630507e+02  1.79999571e+02 
 2.51188643e+02  4.63034141e+01  2.51188643e+02  1.79999537e+02 
 2.71227258e+02  4.63034141e+01  2.71227258e+02  1.79999500e+02 
 2.92864456e+02  4.63034141e+01  2.92864456e+02  1.79999460e+02 
 3.16227766e+02  4.63034141e+01  3.16227766e+02  1.79999417e+02 
 3.41454887e+02  4.63034141e+01  3.41454887e+02  1.79999370e+02 
 3.68694506e+02  4.63034141e+01  3.68694506e+02  1.79999320e+02 
 3.98107171e+02  4.63034141e+01  3.98107171e+02  1.79999265e+02 
 4.29866235e+02  4.63034142e+01  4.29866235e+02  1.79999207e+02 
 4.64158883e+02  4.63034142e+01  4.64158883e+02  1.79999144e+02 
 5.01187234e+02  4.63034142e+01  5.01187234e+02  1.79999075e+02 
 5.41169527e+02  4.63034142e+01  5.41169527e+02  1.79999002e+02 
 5.84341413e+02  4.63034143e+01  5.84341413e+02  1.79998922e+02 
 6.30957344e+02  4.63034143e+01  6.30957344e+02  1.79998836e+02 
 6.81292069e+02  4.63034144e+01  6.81292069e+02  1.79998743e+02 
 7.35642254e+02  4.63034144e+01  7.35642254e+02  1.79998643e+02 
 7.94328235e+02  4.63034145e+01  7.94328235e+02  1.79998534e+02 
 8.57695899e+02  4.63034145e+01  8.57695899e+02  1.79998418e+02 
 9.26118728e+02  4.63034146e+01  9.26118728e+02  1.79998291e+02 
 1.00000000e+03  4.63034147e+01  1.00000000e+03  1.79998155e+02 
 1.07977516e+03  4.63034148e+01  1.07977516e+03  1.79998008e+02 
 1.16591440e+03  4.63034150e+01  1.16591440e+03  1.79997849e+02 
 1.25892541e+03  4.63034151e+01  1.25892541e+03  1.79997677e+02 
 1.35935639e+03  4.63034153e+01  1.35935639e+03  1.79997492e+02 
 1.46779927e+03  4.63034155e+01  1.46779927e+03  1.79997292e+02 
 1.58489319e+03  4.63034158e+01  1.58489319e+03  1.79997076e+02 
 1.71132830e+03  4.63034160e+01  1.71132830e+03  1.79996843e+02 
 1.84784980e+03  4.63034164e+01  1.84784980e+03  1.79996591e+02 
 1.99526231e+03  4.63034168e+01  1.99526231e+03  1.79996319e+02 
 2.15443469e+03  4.63034172e+01  2.15443469e+03  1.79996025e+02 
 2.32630507e+03  4.63034177e+01  2.32630507e+03  1.79995708e+02 
 2.51188643e+03  4.63034184e+01  2.51188643e+03  1.79995366e+02 
 2.71227258e+03  4.63034191e+01  2.71227258e+03  1.79994996e+02 
 2.92864456e+03  4.63034199e+01  2.92864456e+03  1.79994597e+02 
 3.16227766e+03  4.63034209e+01  3.16227766e+03  1.79994166e+02 
 3.41454887e+03  4.63034220e+01  3.41454887e+03  1.79993700e+02 
 3.68694506e+03  4.63034233e+01  3.68694506e+03  1.79993198e+02 
 3.98107171e+03  4.63034249e+01  3.98107171e+03  1.79992655e+02 
 4.29866235e+03  4.63034267e+01  4.29866235e+03  1.79992069e+02 
 4.64158883e+03  4.63034288e+01  4.64158883e+03  1.79991436e+02 
 5.01187234e+03  4.63034312e+01  5.01187234e+03  1.79990753e+02 
 5.41169527e+03  4.63034341e+01  5.41169527e+03  1.79990015e+02 
 5.84341413e+03  4.63034374e+01  5.84341413e+03  1.79989219e+02 
 6.30957344e+03  4.63034412e+01  6.30957344e+03  1.79988359e+02 
 6.81292069e+03  4.63034458e+01  6.81292069e+03  1.79987430e+02 
 7.35642254e+03  4.63034510e+01  7.35642254e+03  1.79986427e+02 
 7.94328235e+03  4.63034572e+01  7.94328235e+03  1.79985345e+02 
 8.57695899e+03  4.63034643e+01  8.57695899e+03  1.79984175e+02 
 9.26118728e+03  4.63034727e+01  9.26118728e+03  1.79982913e+02 
 1.00000000e+04  4.63034824e+01  1.00000000e+04  1.79981550e+02 
 1.07977516e+04  4.63034937e+01  1.07977516e+04  1.79980078e+02 
 1.16591440e+04  4.63035069e+01  1.16591440e+04  1.79978489e+02 
 1.25892541e+04  4.63035224e+01  1.25892541e+04  1.79976772e+02 
 1.35935639e+04  4.63035403e+01  1.35935639e+04  1.79974919e+02 
 1.46779927e+04  4.63035613e+01  1.46779927e+04  1.79972918e+02 
 1.58489319e+04  4.63035857e+01  1.58489319e+04  1.79970758e+02 
 1.71132830e+04  4.63036142e+01  1.71132830e+04  1.79968425e+02 
 1.84784980e+04  4.63036474e+01  1.84784980e+04  1.79965906e+02 
 1.99526231e+04  4.63036861e+01  1.99526231e+04  1.79963186e+02 
 2.15443469e+04  4.63037313e+01  2.15443469e+04  1.79960248e+02 
 2.32630507e+04  4.63037839e+01  2.32630507e+04  1.79957077e+02 
 2.51188643e+04  4.63038453e+01  2.51188643e+04  1.79953652e+02 
 2.71227258e+04  4.63039168e+01  2.71227258e+04  1.79949954e+02 
 2.92864456e+04  4.63040002e+01  2.92864456e+04  1.79945960e+02 
 3.16227766e+04  4.63040975e+01  3.16227766e+04  1.79941648e+02 
 3.41454887e+04  4.63042109e+01  3.41454887e+04  1.79936992e+02 
 3.68694506e+04  4.63043431e+01  3.68694506e+04  1.79931964e+02 
 3.98107171e+04  4.63044973e+01  3.98107171e+04  1.79926534e+02 
 4.29866235e+04  4.63046770e+01  4.29866235e+04  1.79920670e+02 
 4.64158883e+04  4.63048866e+01  4.64158883e+04  1.79914339e+02 
 5.01187234e+04  4.63051309e+01  5.01187234e+04  1.79907500e+02 
 5.41169527e+04  4.63054158e+01  5.41169527e+04  1.79900116e+02 
 5.84341413e+04  4.63057480e+01  5.84341413e+04  1.79892141e+02 
 6.30957344e+04  4.63061353e+01  6.30957344e+04  1.79883527e+02 
 6.81292069e+04  4.63065869e+01  6.81292069e+04  1.79874225e+02 
 7.35642254e+04  4.63071134e+01  7.35642254e+04  1.79864177e+02 
 7.94328235e+04  4.63077273e+01  7.94328235e+04  1.79853325e+02 
 8.57695899e+04  4.63084431e+01  8.57695899e+04  1.79841602e+02 
 9.26118728e+04  4.63092775e+01  9.26118728e+04  1.79828938e+02 
 1.00000000e+05  4.63102511e+01  1.00000000e+05  1.79815257e+02 
 1.07977516e+05  4.63113857e+01  1.07977516e+05  1.79800476e+02 
 1.16591440e+05  4.63127092e+01  1.16591440e+05  1.79784504e+02 
 1.25892541e+05  4.63142524e+01  1.25892541e+05  1.79767243e+02 
 1.35935639e+05  4.63160518e+01  1.35935639e+05  1.79748588e+02 
 1.46779927e+05  4.63181505e+01  1.46779927e+05  1.79728422e+02 
 1.58489319e+05  4.63205976e+01  1.58489319e+05  1.79706619e+02 
 1.71132830e+05  4.63234522e+01  1.71132830e+05  1.79683040e+02 
 1.84784980e+05  4.63267806e+01  1.84784980e+05  1.79657536e+02 
 1.99526231e+05  4.63306638e+01  1.99526231e+05  1.79629940e+02 
 2.15443469e+05  4.63351924e+01  2.15443469e+05  1.79600070e+02 
 2.32630507e+05  4.63404756e+01  2.32630507e+05  1.79567727e+02 
 2.51188643e+05  4.63466399e+01  2.51188643e+05  1.79532690e+02 
 2.71227258e+05  4.63538331e+01  2.71227258e+05  1.79494713e+02 
 2.92864456e+05  4.63622239e+01  2.92864456e+05  1.79453525e+02 
 3.16227766e+05  4.63720198e+01  3.16227766e+05  1.79408819e+02 
 3.41454887e+05  4.63834520e+01  3.41454887e+05  1.79360258e+02 
 3.68694506e+05  4.63968029e+01  3.68694506e+05  1.79307455e+02 
 3.98107171e+05  4.64123911e+01  3.98107171e+05  1.79249976e+02 
 4.29866235e+05  4.64306040e+01  4.29866235e+05  1.79187327e+02 
 4.64158883e+05  4.64518783e+01  4.64158883e+05  1.79118922e+02 
 5.01187234e+05  4.64767509e+01  5.01187234e+05  1.79044123e+02 
 5.41169527e+05  4.65058351e+01  5.41169527e+05  1.78962150e+02 
 5.84341413e+05  4.65398670e+01  5.84341413e+05  1.78872100e+02 
 6.30957344e+05  4.65797035e+01  6.30957344e+05  1.78772910e+02 
 6.81292069e+05  4.66263826e+01  6.81292069e+05  1.78663309e+02 
 7.35642254e+05  4.66810977e+01  7.35642254e+05  1.78541771e+02 
 7.94328235e+05  4.67453411e+01  7.94328235e+05  1.78406441e+02 
 8.57695899e+05  4.68208076e+01  8.57695899e+05  1.78254942e+02 
 9.26118728e+05  4.69096052e+01  9.26118728e+05  1.78084507e+02 
 1.00000000e+06  4.70142459e+01  1.00000000e+06  1.77891559e+02 
 1.07977516e+06  4.71378246e+01  1.07977516e+06  1.77671374e+02 
 1.16591440e+06  4.72840460e+01  1.16591440e+06  1.77418160e+02 
 1.25892541e+06  4.74575495e+01  1.25892541e+06  1.77124117e+02 
 1.35935639e+06  4.76641428e+01  1.35935639e+06  1.76778900e+02 
 1.46779927e+06  4.79110720e+01  1.46779927e+06  1.76368328e+02 
 1.58489319e+06  4.82076769e+01  1.58489319e+06  1.75872886e+02 
 1.71132830e+06  4.85660622e+01  1.71132830e+06  1.75264534e+02 
 1.84784980e+06  4.90022691e+01  1.84784980e+06  1.74501533e+02 
 1.99526231e+06  4.95381090e+01  1.99526231e+06  1.73521547e+02 
 2.15443469e+06  5.02039592e+01  2.15443469e+06  1.72222589e+02 
 2.32630507e+06  5.10437728e+01  2.32630507e+06  1.70432479e+02 
 2.51188643e+06  5.21230568e+01  2.51188643e+06  1.67836647e+02 
 2.71227258e+06  5.35428267e+01  2.71227258e+06  1.63798651e+02 
 2.92864456e+06  5.54563375e+01  2.92864456e+06  1.56862248e+02 
 3.16227766e+06  5.80173399e+01  3.16227766e+06  1.43183202e+02 
 3.41454887e+06  6.05780033e+01  3.41454887e+06  1.13258668e+02 
 3.68694506e+06  5.95359575e+01  3.68694506e+06  6.93163656e+01 
 3.98107171e+06  5.54809634e+01  3.98107171e+06  4.26305848e+01 
 4.29866235e+06  5.16741860e+01  4.29866235e+06  3.04991440e+01 
 4.64158883e+06  4.85030599e+01  4.64158883e+06  2.43073755e+01 
 5.01187234e+06  4.57980567e+01  5.01187234e+06  2.07555870e+01 
 5.41169527e+06  4.34145134e+01  5.41169527e+06  1.85677987e+01 
 5.84341413e+06  4.12568210e+01  5.84341413e+06  1.71845138e+01 
 6.30957344e+06  3.92634314e+01  6.30957344e+06  1.63142493e+01 
 6.81292069e+06  3.73918010e+01  6.81292069e+06  1.58041772e+01 
 7.35642254e+06  3.56137042e+01  7.35642254e+06  1.55669000e+01 
 7.94328235e+06  3.39072330e+01  7.94328235e+06  1.55398984e+01 
 8.57695899e+06  3.22555225e+01  8.57695899e+06  1.56955809e+01 
 9.26118728e+06  3.06447938e+01  9.26118728e+06  1.60151809e+01 
 1.00000000e+07  2.90704566e+01  1.00000000e+07  1.64786837e+01 
 1.07977516e+07  2.75177940e+01  1.07977516e+07  1.70955231e+01 
 1.16591440e+07  2.59825882e+01  1.16591440e+07  1.78612975e+01 
 1.25892541e+07  2.44616253e+01  1.25892541e+07  1.87619658e+01 
 1.35935639e+07  2.29449542e+01  1.35935639e+07  1.98370713e+01 
 1.46779927e+07  2.14281800e+01  1.46779927e+07  2.10934956e+01 
 1.58489319e+07  1.99078942e+01  1.58489319e+07  2.25374203e+01 
 1.71132830e+07  1.83750327e+01  1.71132830e+07  2.42664778e+01 
 1.84784980e+07  1.68363315e+01  1.84784980e+07  2.62039834e+01 
 1.99526231e+07  1.52790932e+01  1.99526231e+07  2.84849750e+01 
 2.15443469e+07  1.36997310e+01  2.15443469e+07  3.11755766e+01 
 2.32630507e+07  1.20955768e+01  2.32630507e+07  3.43616957e+01 
 2.51188643e+07  1.04644115e+01  2.51188643e+07  3.80581088e+01 
 2.71227258e+07  8.79986059e+00  2.71227258e+07  4.26684690e+01 
 2.92864456e+07  7.13439581e+00  2.92864456e+07  4.81521593e+01 
 3.16227766e+07  5.46245998e+00  3.16227766e+07  5.47401601e+01 
 3.41454887e+07  3.86028730e+00  3.41454887e+07  6.30286035e+01 
 3.68694506e+07  2.37304658e+00  3.68694506e+07  7.29354031e+01 
 3.98107171e+07  1.08584406e+00  3.98107171e+07  8.41354829e+01 
 4.29866235e+07  2.33087294e-01  4.29866235e+07  9.68853219e+01 
 4.64158883e+07 -3.63587309e-01  4.64158883e+07  1.10187278e+02 
 5.01187234e+07 -4.05635236e-01  5.01187234e+07  1.20740915e+02 
 5.41169527e+07 -2.87849805e-01  5.41169527e+07  1.33231789e+02 
 5.84341413e+07 -2.87082778e-02  5.84341413e+07  1.42007810e+02 
 6.30957344e+07  2.68529404e-01  6.30957344e+07  1.48473441e+02 
 6.81292069e+07  8.41054197e-01  6.81292069e+07  1.54536153e+02 
 7.35642254e+07  1.31509581e+00  7.35642254e+07  1.59871358e+02 
 7.94328235e+07  1.79494398e+00  7.94328235e+07  1.64585523e+02 
 8.57695899e+07  2.09724066e+00  8.57695899e+07  1.68844346e+02 
 9.26118728e+07  2.24082900e+00  9.26118728e+07  1.72564281e+02 
 1.00000000e+08  2.68960580e+00  1.00000000e+08  1.75318704e+02 
 1.07977516e+08  3.07217776e+00  1.07977516e+08  1.78433133e+02 
 1.16591440e+08  3.54357581e+00  1.16591440e+08  1.80604799e+02 
 1.25892541e+08  4.04397916e+00  1.25892541e+08  1.82523439e+02 
 1.35935639e+08  3.97076365e+00  1.35935639e+08  1.85101956e+02 
 1.46779927e+08  4.51404586e+00  1.46779927e+08  1.86147441e+02 
 1.58489319e+08  4.42450874e+00  1.58489319e+08  1.88289301e+02 
 1.71132830e+08  5.04552272e+00  1.71132830e+08  1.89054209e+02 
 1.84784980e+08  5.52105332e+00  1.84784980e+08  1.89368698e+02 
 1.99526231e+08  5.94707067e+00  1.99526231e+08  1.90109530e+02 
 2.15443469e+08  5.91795414e+00  2.15443469e+08  1.90048718e+02 
 2.32630507e+08  6.40115799e+00  2.32630507e+08  1.90112332e+02 
 2.51188643e+08  6.22398164e+00  2.51188643e+08  1.89900106e+02 
 2.71227258e+08  6.62801028e+00  2.71227258e+08  1.89738445e+02 
 2.92864456e+08  7.99009052e+00  2.92864456e+08  1.89055636e+02 
 3.16227766e+08  6.84870072e+00  3.16227766e+08  1.87798329e+02 
 3.41454887e+08  8.12250839e+00  3.41454887e+08  1.87165763e+02 
 3.68694506e+08  7.92074463e+00  3.68694506e+08  1.86095003e+02 
 3.98107171e+08  7.81062960e+00  3.98107171e+08  1.85189798e+02 
 4.29866235e+08  7.86090844e+00  4.29866235e+08  1.84112040e+02 
 4.64158883e+08  8.14245184e+00  4.64158883e+08  1.83818667e+02 
 5.01187234e+08  8.74802837e+00  5.01187234e+08  1.83567521e+02 
 5.41169527e+08  5.48959813e+00  5.41169527e+08  1.82629014e+02 
 5.84341413e+08  1.20823235e+01  5.84341413e+08  1.83271954e+02 
 6.30957344e+08  7.22809551e+00  6.30957344e+08  1.81439133e+02 
 6.81292069e+08  1.54094005e+01  6.81292069e+08  1.81419577e+02 
 7.35642254e+08  8.04027316e+00  7.35642254e+08  1.81619321e+02 
 7.94328235e+08  6.68416060e+00  7.94328235e+08  1.81151786e+02 
 8.57695899e+08  5.35273649e+00  8.57695899e+08  1.80096971e+02 
 9.26118728e+08  4.01426320e+00  9.26118728e+08  1.80487030e+02 
 1.00000000e+09  4.98044465e+01  1.00000000e+09  9.15442146e+01 
