 1.00000000e+00  4.63342477e+01  1.00000000e+00  1.79999998e+02 
 1.07977516e+00  4.63342477e+01  1.07977516e+00  1.79999998e+02 
 1.16591440e+00  4.63342477e+01  1.16591440e+00  1.79999998e+02 
 1.25892541e+00  4.63342477e+01  1.25892541e+00  1.79999997e+02 
 1.35935639e+00  4.63342477e+01  1.35935639e+00  1.79999997e+02 
 1.46779927e+00  4.63342477e+01  1.46779927e+00  1.79999997e+02 
 1.58489319e+00  4.63342477e+01  1.58489319e+00  1.79999997e+02 
 1.71132830e+00  4.63342477e+01  1.71132830e+00  1.79999997e+02 
 1.84784980e+00  4.63342477e+01  1.84784980e+00  1.79999996e+02 
 1.99526231e+00  4.63342477e+01  1.99526231e+00  1.79999996e+02 
 2.15443469e+00  4.63342477e+01  2.15443469e+00  1.79999996e+02 
 2.32630507e+00  4.63342477e+01  2.32630507e+00  1.79999995e+02 
 2.51188643e+00  4.63342477e+01  2.51188643e+00  1.79999995e+02 
 2.71227258e+00  4.63342477e+01  2.71227258e+00  1.79999994e+02 
 2.92864456e+00  4.63342477e+01  2.92864456e+00  1.79999994e+02 
 3.16227766e+00  4.63342477e+01  3.16227766e+00  1.79999994e+02 
 3.41454887e+00  4.63342477e+01  3.41454887e+00  1.79999993e+02 
 3.68694506e+00  4.63342477e+01  3.68694506e+00  1.79999993e+02 
 3.98107171e+00  4.63342477e+01  3.98107171e+00  1.79999992e+02 
 4.29866235e+00  4.63342477e+01  4.29866235e+00  1.79999991e+02 
 4.64158883e+00  4.63342477e+01  4.64158883e+00  1.79999991e+02 
 5.01187234e+00  4.63342477e+01  5.01187234e+00  1.79999990e+02 
 5.41169527e+00  4.63342477e+01  5.41169527e+00  1.79999989e+02 
 5.84341413e+00  4.63342477e+01  5.84341413e+00  1.79999988e+02 
 6.30957344e+00  4.63342477e+01  6.30957344e+00  1.79999987e+02 
 6.81292069e+00  4.63342477e+01  6.81292069e+00  1.79999986e+02 
 7.35642254e+00  4.63342477e+01  7.35642254e+00  1.79999985e+02 
 7.94328235e+00  4.63342477e+01  7.94328235e+00  1.79999984e+02 
 8.57695899e+00  4.63342477e+01  8.57695899e+00  1.79999983e+02 
 9.26118728e+00  4.63342477e+01  9.26118728e+00  1.79999981e+02 
 1.00000000e+01  4.63342477e+01  1.00000000e+01  1.79999980e+02 
 1.07977516e+01  4.63342477e+01  1.07977516e+01  1.79999978e+02 
 1.16591440e+01  4.63342477e+01  1.16591440e+01  1.79999976e+02 
 1.25892541e+01  4.63342477e+01  1.25892541e+01  1.79999974e+02 
 1.35935639e+01  4.63342477e+01  1.35935639e+01  1.79999972e+02 
 1.46779927e+01  4.63342477e+01  1.46779927e+01  1.79999970e+02 
 1.58489319e+01  4.63342477e+01  1.58489319e+01  1.79999968e+02 
 1.71132830e+01  4.63342477e+01  1.71132830e+01  1.79999965e+02 
 1.84784980e+01  4.63342477e+01  1.84784980e+01  1.79999962e+02 
 1.99526231e+01  4.63342477e+01  1.99526231e+01  1.79999960e+02 
 2.15443469e+01  4.63342477e+01  2.15443469e+01  1.79999956e+02 
 2.32630507e+01  4.63342477e+01  2.32630507e+01  1.79999953e+02 
 2.51188643e+01  4.63342477e+01  2.51188643e+01  1.79999949e+02 
 2.71227258e+01  4.63342477e+01  2.71227258e+01  1.79999945e+02 
 2.92864456e+01  4.63342477e+01  2.92864456e+01  1.79999941e+02 
 3.16227766e+01  4.63342477e+01  3.16227766e+01  1.79999936e+02 
 3.41454887e+01  4.63342477e+01  3.41454887e+01  1.79999931e+02 
 3.68694506e+01  4.63342477e+01  3.68694506e+01  1.79999925e+02 
 3.98107171e+01  4.63342477e+01  3.98107171e+01  1.79999919e+02 
 4.29866235e+01  4.63342477e+01  4.29866235e+01  1.79999913e+02 
 4.64158883e+01  4.63342477e+01  4.64158883e+01  1.79999906e+02 
 5.01187234e+01  4.63342477e+01  5.01187234e+01  1.79999898e+02 
 5.41169527e+01  4.63342477e+01  5.41169527e+01  1.79999890e+02 
 5.84341413e+01  4.63342477e+01  5.84341413e+01  1.79999881e+02 
 6.30957344e+01  4.63342477e+01  6.30957344e+01  1.79999872e+02 
 6.81292069e+01  4.63342477e+01  6.81292069e+01  1.79999862e+02 
 7.35642254e+01  4.63342478e+01  7.35642254e+01  1.79999851e+02 
 7.94328235e+01  4.63342478e+01  7.94328235e+01  1.79999839e+02 
 8.57695899e+01  4.63342478e+01  8.57695899e+01  1.79999826e+02 
 9.26118728e+01  4.63342478e+01  9.26118728e+01  1.79999812e+02 
 1.00000000e+02  4.63342478e+01  1.00000000e+02  1.79999797e+02 
 1.07977516e+02  4.63342478e+01  1.07977516e+02  1.79999781e+02 
 1.16591440e+02  4.63342478e+01  1.16591440e+02  1.79999763e+02 
 1.25892541e+02  4.63342478e+01  1.25892541e+02  1.79999744e+02 
 1.35935639e+02  4.63342478e+01  1.35935639e+02  1.79999724e+02 
 1.46779927e+02  4.63342478e+01  1.46779927e+02  1.79999702e+02 
 1.58489319e+02  4.63342478e+01  1.58489319e+02  1.79999678e+02 
 1.71132830e+02  4.63342478e+01  1.71132830e+02  1.79999653e+02 
 1.84784980e+02  4.63342478e+01  1.84784980e+02  1.79999625e+02 
 1.99526231e+02  4.63342478e+01  1.99526231e+02  1.79999595e+02 
 2.15443469e+02  4.63342478e+01  2.15443469e+02  1.79999563e+02 
 2.32630507e+02  4.63342478e+01  2.32630507e+02  1.79999528e+02 
 2.51188643e+02  4.63342478e+01  2.51188643e+02  1.79999490e+02 
 2.71227258e+02  4.63342478e+01  2.71227258e+02  1.79999449e+02 
 2.92864456e+02  4.63342478e+01  2.92864456e+02  1.79999406e+02 
 3.16227766e+02  4.63342478e+01  3.16227766e+02  1.79999358e+02 
 3.41454887e+02  4.63342478e+01  3.41454887e+02  1.79999307e+02 
 3.68694506e+02  4.63342478e+01  3.68694506e+02  1.79999252e+02 
 3.98107171e+02  4.63342479e+01  3.98107171e+02  1.79999192e+02 
 4.29866235e+02  4.63342479e+01  4.29866235e+02  1.79999127e+02 
 4.64158883e+02  4.63342479e+01  4.64158883e+02  1.79999058e+02 
 5.01187234e+02  4.63342479e+01  5.01187234e+02  1.79998983e+02 
 5.41169527e+02  4.63342479e+01  5.41169527e+02  1.79998902e+02 
 5.84341413e+02  4.63342480e+01  5.84341413e+02  1.79998814e+02 
 6.30957344e+02  4.63342480e+01  6.30957344e+02  1.79998719e+02 
 6.81292069e+02  4.63342481e+01  6.81292069e+02  1.79998617e+02 
 7.35642254e+02  4.63342481e+01  7.35642254e+02  1.79998507e+02 
 7.94328235e+02  4.63342482e+01  7.94328235e+02  1.79998388e+02 
 8.57695899e+02  4.63342482e+01  8.57695899e+02  1.79998259e+02 
 9.26118728e+02  4.63342483e+01  9.26118728e+02  1.79998120e+02 
 1.00000000e+03  4.63342484e+01  1.00000000e+03  1.79997970e+02 
 1.07977516e+03  4.63342485e+01  1.07977516e+03  1.79997808e+02 
 1.16591440e+03  4.63342486e+01  1.16591440e+03  1.79997633e+02 
 1.25892541e+03  4.63342488e+01  1.25892541e+03  1.79997445e+02 
 1.35935639e+03  4.63342490e+01  1.35935639e+03  1.79997241e+02 
 1.46779927e+03  4.63342492e+01  1.46779927e+03  1.79997021e+02 
 1.58489319e+03  4.63342494e+01  1.58489319e+03  1.79996783e+02 
 1.71132830e+03  4.63342497e+01  1.71132830e+03  1.79996526e+02 
 1.84784980e+03  4.63342500e+01  1.84784980e+03  1.79996249e+02 
 1.99526231e+03  4.63342504e+01  1.99526231e+03  1.79995950e+02 
 2.15443469e+03  4.63342508e+01  2.15443469e+03  1.79995627e+02 
 2.32630507e+03  4.63342513e+01  2.32630507e+03  1.79995278e+02 
 2.51188643e+03  4.63342519e+01  2.51188643e+03  1.79994901e+02 
 2.71227258e+03  4.63342526e+01  2.71227258e+03  1.79994495e+02 
 2.92864456e+03  4.63342534e+01  2.92864456e+03  1.79994056e+02 
 3.16227766e+03  4.63342543e+01  3.16227766e+03  1.79993581e+02 
 3.41454887e+03  4.63342554e+01  3.41454887e+03  1.79993069e+02 
 3.68694506e+03  4.63342567e+01  3.68694506e+03  1.79992516e+02 
 3.98107171e+03  4.63342582e+01  3.98107171e+03  1.79991919e+02 
 4.29866235e+03  4.63342599e+01  4.29866235e+03  1.79991275e+02 
 4.64158883e+03  4.63342619e+01  4.64158883e+03  1.79990579e+02 
 5.01187234e+03  4.63342643e+01  5.01187234e+03  1.79989827e+02 
 5.41169527e+03  4.63342670e+01  5.41169527e+03  1.79989016e+02 
 5.84341413e+03  4.63342702e+01  5.84341413e+03  1.79988139e+02 
 6.30957344e+03  4.63342740e+01  6.30957344e+03  1.79987193e+02 
 6.81292069e+03  4.63342783e+01  6.81292069e+03  1.79986171e+02 
 7.35642254e+03  4.63342834e+01  7.35642254e+03  1.79985068e+02 
 7.94328235e+03  4.63342893e+01  7.94328235e+03  1.79983877e+02 
 8.57695899e+03  4.63342962e+01  8.57695899e+03  1.79982591e+02 
 9.26118728e+03  4.63343043e+01  9.26118728e+03  1.79981202e+02 
 1.00000000e+04  4.63343136e+01  1.00000000e+04  1.79979702e+02 
 1.07977516e+04  4.63343246e+01  1.07977516e+04  1.79978083e+02 
 1.16591440e+04  4.63343373e+01  1.16591440e+04  1.79976334e+02 
 1.25892541e+04  4.63343522e+01  1.25892541e+04  1.79974446e+02 
 1.35935639e+04  4.63343695e+01  1.35935639e+04  1.79972408e+02 
 1.46779927e+04  4.63343897e+01  1.46779927e+04  1.79970207e+02 
 1.58489319e+04  4.63344133e+01  1.58489319e+04  1.79967830e+02 
 1.71132830e+04  4.63344407e+01  1.71132830e+04  1.79965263e+02 
 1.84784980e+04  4.63344727e+01  1.84784980e+04  1.79962492e+02 
 1.99526231e+04  4.63345101e+01  1.99526231e+04  1.79959499e+02 
 2.15443469e+04  4.63345536e+01  2.15443469e+04  1.79956268e+02 
 2.32630507e+04  4.63346043e+01  2.32630507e+04  1.79952779e+02 
 2.51188643e+04  4.63346635e+01  2.51188643e+04  1.79949011e+02 
 2.71227258e+04  4.63347325e+01  2.71227258e+04  1.79944943e+02 
 2.92864456e+04  4.63348129e+01  2.92864456e+04  1.79940550e+02 
 3.16227766e+04  4.63349067e+01  3.16227766e+04  1.79935806e+02 
 3.41454887e+04  4.63350160e+01  3.41454887e+04  1.79930683e+02 
 3.68694506e+04  4.63351435e+01  3.68694506e+04  1.79925152e+02 
 3.98107171e+04  4.63352921e+01  3.98107171e+04  1.79919179e+02 
 4.29866235e+04  4.63354654e+01  4.29866235e+04  1.79912728e+02 
 4.64158883e+04  4.63356674e+01  4.64158883e+04  1.79905763e+02 
 5.01187234e+04  4.63359030e+01  5.01187234e+04  1.79898241e+02 
 5.41169527e+04  4.63361776e+01  5.41169527e+04  1.79890117e+02 
 5.84341413e+04  4.63364979e+01  5.84341413e+04  1.79881344e+02 
 6.30957344e+04  4.63368713e+01  6.30957344e+04  1.79871870e+02 
 6.81292069e+04  4.63373066e+01  6.81292069e+04  1.79861637e+02 
 7.35642254e+04  4.63378143e+01  7.35642254e+04  1.79850585e+02 
 7.94328235e+04  4.63384062e+01  7.94328235e+04  1.79838648e+02 
 8.57695899e+04  4.63390963e+01  8.57695899e+04  1.79825754e+02 
 9.26118728e+04  4.63399009e+01  9.26118728e+04  1.79811826e+02 
 1.00000000e+05  4.63408394e+01  1.00000000e+05  1.79796779e+02 
 1.07977516e+05  4.63419332e+01  1.07977516e+05  1.79780523e+02 
 1.16591440e+05  4.63432090e+01  1.16591440e+05  1.79762959e+02 
 1.25892541e+05  4.63446967e+01  1.25892541e+05  1.79743979e+02 
 1.35935639e+05  4.63464316e+01  1.35935639e+05  1.79723467e+02 
 1.46779927e+05  4.63484546e+01  1.46779927e+05  1.79701296e+02 
 1.58489319e+05  4.63508138e+01  1.58489319e+05  1.79677327e+02 
 1.71132830e+05  4.63535659e+01  1.71132830e+05  1.79651410e+02 
 1.84784980e+05  4.63567747e+01  1.84784980e+05  1.79623380e+02 
 1.99526231e+05  4.63605171e+01  1.99526231e+05  1.79593056e+02 
 2.15443469e+05  4.63648835e+01  2.15443469e+05  1.79560240e+02 
 2.32630507e+05  4.63699768e+01  2.32630507e+05  1.79524715e+02 
 2.51188643e+05  4.63759174e+01  2.51188643e+05  1.79486240e+02 
 2.71227258e+05  4.63828510e+01  2.71227258e+05  1.79444552e+02 
 2.92864456e+05  4.63909414e+01  2.92864456e+05  1.79399353e+02 
 3.16227766e+05  4.64003795e+01  3.16227766e+05  1.79350316e+02 
 3.41454887e+05  4.64114016e+01  3.41454887e+05  1.79297075e+02 
 3.68694506e+05  4.64242652e+01  3.68694506e+05  1.79239213e+02 
 3.98107171e+05  4.64392868e+01  3.98107171e+05  1.79176268e+02 
 4.29866235e+05  4.64568334e+01  4.29866235e+05  1.79107708e+02 
 4.64158883e+05  4.64773347e+01  4.64158883e+05  1.79032918e+02 
 5.01187234e+05  4.65012951e+01  5.01187234e+05  1.78951216e+02 
 5.41169527e+05  4.65293163e+01  5.41169527e+05  1.78861778e+02 
 5.84341413e+05  4.65620844e+01  5.84341413e+05  1.78763661e+02 
 6.30957344e+05  4.66004477e+01  6.30957344e+05  1.78655746e+02 
 6.81292069e+05  4.66453897e+01  6.81292069e+05  1.78536709e+02 
 7.35642254e+05  4.66980710e+01  7.35642254e+05  1.78404966e+02 
 7.94328235e+05  4.67598712e+01  7.94328235e+05  1.78258563e+02 
 8.57695899e+05  4.68324669e+01  8.57695899e+05  1.78095116e+02 
 9.26118728e+05  4.69178492e+01  9.26118728e+05  1.77911788e+02 
 1.00000000e+06  4.70184331e+01  1.00000000e+06  1.77704753e+02 
 1.07977516e+06  4.71371193e+01  1.07977516e+06  1.77469562e+02 
 1.16591440e+06  4.72774660e+01  1.16591440e+06  1.77200051e+02 
 1.25892541e+06  4.74438944e+01  1.25892541e+06  1.76888568e+02 
 1.35935639e+06  4.76418598e+01  1.35935639e+06  1.76524613e+02 
 1.46779927e+06  4.78781940e+01  1.46779927e+06  1.76094377e+02 
 1.58489319e+06  4.81616034e+01  1.58489319e+06  1.75578263e+02 
 1.71132830e+06  4.85033828e+01  1.71132830e+06  1.74948898e+02 
 1.84784980e+06  4.89184519e+01  1.84784980e+06  1.74166297e+02 
 1.99526231e+06  4.94267323e+01  1.99526231e+06  1.73169817e+02 
 2.15443469e+06  5.00560279e+01  2.15443469e+06  1.71863505e+02 
 2.32630507e+06  5.08453967e+01  2.32630507e+06  1.70087422e+02 
 2.51188643e+06  5.18526555e+01  2.51188643e+06  1.67555272e+02 
 2.71227258e+06  5.31644164e+01  2.71227258e+06  1.63708735e+02 
 2.92864456e+06  5.49089625e+01  2.92864456e+06  1.57324518e+02 
 3.16227766e+06  5.72224181e+01  3.16227766e+06  1.45365178e+02 
 3.41454887e+06  5.97473758e+01  3.41454887e+06  1.20359825e+02 
 3.68694506e+06  5.97242945e+01  3.68694506e+06  7.91735429e+01 
 3.98107171e+06  5.61827480e+01  3.98107171e+06  4.85726676e+01 
 4.29866235e+06  5.23675868e+01  4.29866235e+06  3.39073165e+01 
 4.64158883e+06  4.91232107e+01  4.64158883e+06  2.64760891e+01 
 5.01187234e+06  4.63548120e+01  5.01187234e+06  2.22504888e+01 
 5.41169527e+06  4.39232243e+01  5.41169527e+06  1.96502568e+01 
 5.84341413e+06  4.17300924e+01  5.84341413e+06  1.79899512e+01 
 6.30957344e+06  3.97086445e+01  6.30957344e+06  1.69168967e+01 
 6.81292069e+06  3.78164823e+01  6.81292069e+06  1.62513857e+01 
 7.35642254e+06  3.60213850e+01  7.35642254e+06  1.58880071e+01 
 7.94328235e+06  3.43007733e+01  7.94328235e+06  1.57593711e+01 
 8.57695899e+06  3.26391991e+01  8.57695899e+06  1.58220672e+01 
 9.26118728e+06  3.10217494e+01  9.26118728e+06  1.60582588e+01 
 1.00000000e+07  2.94387202e+01  1.00000000e+07  1.64429231e+01 
 1.07977516e+07  2.78829200e+01  1.07977516e+07  1.69771207e+01 
 1.16591440e+07  2.63437703e+01  1.16591440e+07  1.76556090e+01 
 1.25892541e+07  2.48160610e+01  1.25892541e+07  1.85037113e+01 
 1.35935639e+07  2.32989778e+01  1.35935639e+07  1.94804351e+01 
 1.46779927e+07  2.17799908e+01  1.46779927e+07  2.06656663e+01 
 1.58489319e+07  2.02575425e+01  1.58489319e+07  2.20399468e+01 
 1.71132830e+07  1.87295019e+01  1.71132830e+07  2.36149123e+01 
 1.84784980e+07  1.71836046e+01  1.84784980e+07  2.54930806e+01 
 1.99526231e+07  1.56286092e+01  1.99526231e+07  2.76214075e+01 
 2.15443469e+07  1.40474269e+01  2.15443469e+07  3.01603774e+01 
 2.32630507e+07  1.24357674e+01  2.32630507e+07  3.31577909e+01 
 2.51188643e+07  1.07988097e+01  2.51188643e+07  3.66968476e+01 
 2.71227258e+07  9.13454619e+00  2.71227258e+07  4.10386902e+01 
 2.92864456e+07  7.44943933e+00  2.92864456e+07  4.62522375e+01 
 3.16227766e+07  5.76605797e+00  3.16227766e+07  5.25890738e+01 
 3.41454887e+07  4.10294159e+00  3.41454887e+07  6.05589770e+01 
 3.68694506e+07  2.53118357e+00  3.68694506e+07  7.01407202e+01 
 3.98107171e+07  1.20652815e+00  3.98107171e+07  8.14803525e+01 
 4.29866235e+07  8.78421076e-02  4.29866235e+07  9.39621890e+01 
 4.64158883e+07 -2.70716614e-01  4.64158883e+07  1.07180877e+02 
 5.01187234e+07 -3.91412173e-01  5.01187234e+07  1.20541160e+02 
 5.41169527e+07 -4.83299093e-01  5.41169527e+07  1.31229541e+02 
 5.84341413e+07 -1.05669005e-01  5.84341413e+07  1.40100391e+02 
 6.30957344e+07  2.72749159e-01  6.30957344e+07  1.47456325e+02 
 6.81292069e+07  5.54025603e-01  6.81292069e+07  1.53464172e+02 
 7.35642254e+07  9.95154261e-01  7.35642254e+07  1.60787105e+02 
 7.94328235e+07  1.46988427e+00  7.94328235e+07  1.65405254e+02 
 8.57695899e+07  1.89315062e+00  8.57695899e+07  1.69147127e+02 
 9.26118728e+07  2.28682517e+00  9.26118728e+07  1.72407402e+02 
 1.00000000e+08  2.81477672e+00  1.00000000e+08  1.75348004e+02 
 1.07977516e+08  3.00999021e+00  1.07977516e+08  1.78051236e+02 
 1.16591440e+08  3.50471846e+00  1.16591440e+08  1.80231986e+02 
 1.25892541e+08  3.64587109e+00  1.25892541e+08  1.83024015e+02 
 1.35935639e+08  3.95086487e+00  1.35935639e+08  1.85056841e+02 
 1.46779927e+08  4.32688402e+00  1.46779927e+08  1.86381013e+02 
 1.58489319e+08  4.60299014e+00  1.58489319e+08  1.88137568e+02 
 1.71132830e+08  5.26531801e+00  1.71132830e+08  1.88464459e+02 
 1.84784980e+08  5.50734139e+00  1.84784980e+08  1.89998999e+02 
 1.99526231e+08  5.65314649e+00  1.99526231e+08  1.90112654e+02 
 2.15443469e+08  6.28767513e+00  2.15443469e+08  1.90581953e+02 
 2.32630507e+08  6.82377044e+00  2.32630507e+08  1.89999733e+02 
 2.51188643e+08  6.69361507e+00  2.51188643e+08  1.90175864e+02 
 2.71227258e+08  6.63413819e+00  2.71227258e+08  1.89831049e+02 
 2.92864456e+08  7.29864976e+00  2.92864456e+08  1.88797077e+02 
 3.16227766e+08  7.59955972e+00  3.16227766e+08  1.88193139e+02 
 3.41454887e+08  8.13578564e+00  3.41454887e+08  1.86871073e+02 
 3.68694506e+08  7.95600815e+00  3.68694506e+08  1.86514676e+02 
 3.98107171e+08  9.16807902e+00  3.98107171e+08  1.85704262e+02 
 4.29866235e+08  9.47181873e+00  4.29866235e+08  1.84576681e+02 
 4.64158883e+08  8.19112852e+00  4.64158883e+08  1.83934782e+02 
 5.01187234e+08  1.12909160e+01  5.01187234e+08  1.83693490e+02 
 5.41169527e+08  7.45271865e+00  5.41169527e+08  1.82886345e+02 
 5.84341413e+08  6.14503359e+00  5.84341413e+08  1.81840384e+02 
 6.30957344e+08  1.07662916e+01  6.30957344e+08  1.81955601e+02 
 6.81292069e+08  1.54302301e+01  6.81292069e+08  1.82534619e+02 
 7.35642254e+08  8.08185394e+00  7.35642254e+08  1.81690556e+02 
 7.94328235e+08  6.72586235e+00  7.94328235e+08  1.80777270e+02 
 8.57695899e+08  5.39807707e+00  8.57695899e+08  1.80649131e+02 
 9.26118728e+08  6.03930692e+01  9.26118728e+08  9.18217471e+01 
 1.00000000e+09  8.70536970e+00  1.00000000e+09  1.79515649e+02 
