 1.00000000e+00  4.61731458e+01  1.00000000e+00  1.79999998e+02 
 1.07977516e+00  4.61731458e+01  1.07977516e+00  1.79999998e+02 
 1.16591440e+00  4.61731458e+01  1.16591440e+00  1.79999998e+02 
 1.25892541e+00  4.61731458e+01  1.25892541e+00  1.79999998e+02 
 1.35935639e+00  4.61731458e+01  1.35935639e+00  1.79999998e+02 
 1.46779927e+00  4.61731458e+01  1.46779927e+00  1.79999998e+02 
 1.58489319e+00  4.61731458e+01  1.58489319e+00  1.79999997e+02 
 1.71132830e+00  4.61731458e+01  1.71132830e+00  1.79999997e+02 
 1.84784980e+00  4.61731458e+01  1.84784980e+00  1.79999997e+02 
 1.99526231e+00  4.61731458e+01  1.99526231e+00  1.79999997e+02 
 2.15443469e+00  4.61731458e+01  2.15443469e+00  1.79999997e+02 
 2.32630507e+00  4.61731458e+01  2.32630507e+00  1.79999996e+02 
 2.51188643e+00  4.61731458e+01  2.51188643e+00  1.79999996e+02 
 2.71227258e+00  4.61731458e+01  2.71227258e+00  1.79999996e+02 
 2.92864456e+00  4.61731458e+01  2.92864456e+00  1.79999995e+02 
 3.16227766e+00  4.61731458e+01  3.16227766e+00  1.79999995e+02 
 3.41454887e+00  4.61731458e+01  3.41454887e+00  1.79999994e+02 
 3.68694506e+00  4.61731458e+01  3.68694506e+00  1.79999994e+02 
 3.98107171e+00  4.61731458e+01  3.98107171e+00  1.79999994e+02 
 4.29866235e+00  4.61731458e+01  4.29866235e+00  1.79999993e+02 
 4.64158883e+00  4.61731458e+01  4.64158883e+00  1.79999993e+02 
 5.01187234e+00  4.61731458e+01  5.01187234e+00  1.79999992e+02 
 5.41169527e+00  4.61731458e+01  5.41169527e+00  1.79999991e+02 
 5.84341413e+00  4.61731458e+01  5.84341413e+00  1.79999991e+02 
 6.30957344e+00  4.61731458e+01  6.30957344e+00  1.79999990e+02 
 6.81292069e+00  4.61731458e+01  6.81292069e+00  1.79999989e+02 
 7.35642254e+00  4.61731458e+01  7.35642254e+00  1.79999988e+02 
 7.94328235e+00  4.61731458e+01  7.94328235e+00  1.79999987e+02 
 8.57695899e+00  4.61731458e+01  8.57695899e+00  1.79999986e+02 
 9.26118728e+00  4.61731458e+01  9.26118728e+00  1.79999985e+02 
 1.00000000e+01  4.61731458e+01  1.00000000e+01  1.79999984e+02 
 1.07977516e+01  4.61731458e+01  1.07977516e+01  1.79999983e+02 
 1.16591440e+01  4.61731458e+01  1.16591440e+01  1.79999981e+02 
 1.25892541e+01  4.61731458e+01  1.25892541e+01  1.79999980e+02 
 1.35935639e+01  4.61731458e+01  1.35935639e+01  1.79999978e+02 
 1.46779927e+01  4.61731458e+01  1.46779927e+01  1.79999976e+02 
 1.58489319e+01  4.61731458e+01  1.58489319e+01  1.79999974e+02 
 1.71132830e+01  4.61731458e+01  1.71132830e+01  1.79999972e+02 
 1.84784980e+01  4.61731458e+01  1.84784980e+01  1.79999970e+02 
 1.99526231e+01  4.61731458e+01  1.99526231e+01  1.79999968e+02 
 2.15443469e+01  4.61731458e+01  2.15443469e+01  1.79999965e+02 
 2.32630507e+01  4.61731458e+01  2.32630507e+01  1.79999962e+02 
 2.51188643e+01  4.61731458e+01  2.51188643e+01  1.79999959e+02 
 2.71227258e+01  4.61731458e+01  2.71227258e+01  1.79999956e+02 
 2.92864456e+01  4.61731458e+01  2.92864456e+01  1.79999953e+02 
 3.16227766e+01  4.61731458e+01  3.16227766e+01  1.79999949e+02 
 3.41454887e+01  4.61731458e+01  3.41454887e+01  1.79999945e+02 
 3.68694506e+01  4.61731458e+01  3.68694506e+01  1.79999941e+02 
 3.98107171e+01  4.61731458e+01  3.98107171e+01  1.79999936e+02 
 4.29866235e+01  4.61731458e+01  4.29866235e+01  1.79999931e+02 
 4.64158883e+01  4.61731458e+01  4.64158883e+01  1.79999925e+02 
 5.01187234e+01  4.61731458e+01  5.01187234e+01  1.79999919e+02 
 5.41169527e+01  4.61731458e+01  5.41169527e+01  1.79999913e+02 
 5.84341413e+01  4.61731458e+01  5.84341413e+01  1.79999906e+02 
 6.30957344e+01  4.61731458e+01  6.30957344e+01  1.79999898e+02 
 6.81292069e+01  4.61731458e+01  6.81292069e+01  1.79999890e+02 
 7.35642254e+01  4.61731458e+01  7.35642254e+01  1.79999881e+02 
 7.94328235e+01  4.61731458e+01  7.94328235e+01  1.79999872e+02 
 8.57695899e+01  4.61731458e+01  8.57695899e+01  1.79999862e+02 
 9.26118728e+01  4.61731458e+01  9.26118728e+01  1.79999851e+02 
 1.00000000e+02  4.61731458e+01  1.00000000e+02  1.79999839e+02 
 1.07977516e+02  4.61731458e+01  1.07977516e+02  1.79999826e+02 
 1.16591440e+02  4.61731458e+01  1.16591440e+02  1.79999812e+02 
 1.25892541e+02  4.61731458e+01  1.25892541e+02  1.79999797e+02 
 1.35935639e+02  4.61731458e+01  1.35935639e+02  1.79999781e+02 
 1.46779927e+02  4.61731458e+01  1.46779927e+02  1.79999763e+02 
 1.58489319e+02  4.61731458e+01  1.58489319e+02  1.79999744e+02 
 1.71132830e+02  4.61731458e+01  1.71132830e+02  1.79999724e+02 
 1.84784980e+02  4.61731458e+01  1.84784980e+02  1.79999702e+02 
 1.99526231e+02  4.61731458e+01  1.99526231e+02  1.79999678e+02 
 2.15443469e+02  4.61731458e+01  2.15443469e+02  1.79999653e+02 
 2.32630507e+02  4.61731458e+01  2.32630507e+02  1.79999625e+02 
 2.51188643e+02  4.61731458e+01  2.51188643e+02  1.79999595e+02 
 2.71227258e+02  4.61731459e+01  2.71227258e+02  1.79999563e+02 
 2.92864456e+02  4.61731459e+01  2.92864456e+02  1.79999528e+02 
 3.16227766e+02  4.61731459e+01  3.16227766e+02  1.79999490e+02 
 3.41454887e+02  4.61731459e+01  3.41454887e+02  1.79999449e+02 
 3.68694506e+02  4.61731459e+01  3.68694506e+02  1.79999405e+02 
 3.98107171e+02  4.61731459e+01  3.98107171e+02  1.79999358e+02 
 4.29866235e+02  4.61731459e+01  4.29866235e+02  1.79999307e+02 
 4.64158883e+02  4.61731459e+01  4.64158883e+02  1.79999251e+02 
 5.01187234e+02  4.61731460e+01  5.01187234e+02  1.79999192e+02 
 5.41169527e+02  4.61731460e+01  5.41169527e+02  1.79999127e+02 
 5.84341413e+02  4.61731460e+01  5.84341413e+02  1.79999058e+02 
 6.30957344e+02  4.61731461e+01  6.30957344e+02  1.79998982e+02 
 6.81292069e+02  4.61731461e+01  6.81292069e+02  1.79998901e+02 
 7.35642254e+02  4.61731462e+01  7.35642254e+02  1.79998814e+02 
 7.94328235e+02  4.61731462e+01  7.94328235e+02  1.79998719e+02 
 8.57695899e+02  4.61731463e+01  8.57695899e+02  1.79998617e+02 
 9.26118728e+02  4.61731464e+01  9.26118728e+02  1.79998506e+02 
 1.00000000e+03  4.61731465e+01  1.00000000e+03  1.79998387e+02 
 1.07977516e+03  4.61731466e+01  1.07977516e+03  1.79998259e+02 
 1.16591440e+03  4.61731467e+01  1.16591440e+03  1.79998120e+02 
 1.25892541e+03  4.61731468e+01  1.25892541e+03  1.79997970e+02 
 1.35935639e+03  4.61731470e+01  1.35935639e+03  1.79997808e+02 
 1.46779927e+03  4.61731472e+01  1.46779927e+03  1.79997633e+02 
 1.58489319e+03  4.61731474e+01  1.58489319e+03  1.79997444e+02 
 1.71132830e+03  4.61731477e+01  1.71132830e+03  1.79997240e+02 
 1.84784980e+03  4.61731480e+01  1.84784980e+03  1.79997020e+02 
 1.99526231e+03  4.61731484e+01  1.99526231e+03  1.79996782e+02 
 2.15443469e+03  4.61731488e+01  2.15443469e+03  1.79996525e+02 
 2.32630507e+03  4.61731493e+01  2.32630507e+03  1.79996248e+02 
 2.51188643e+03  4.61731499e+01  2.51188643e+03  1.79995949e+02 
 2.71227258e+03  4.61731506e+01  2.71227258e+03  1.79995626e+02 
 2.92864456e+03  4.61731514e+01  2.92864456e+03  1.79995277e+02 
 3.16227766e+03  4.61731523e+01  3.16227766e+03  1.79994900e+02 
 3.41454887e+03  4.61731534e+01  3.41454887e+03  1.79994493e+02 
 3.68694506e+03  4.61731547e+01  3.68694506e+03  1.79994054e+02 
 3.98107171e+03  4.61731562e+01  3.98107171e+03  1.79993579e+02 
 4.29866235e+03  4.61731579e+01  4.29866235e+03  1.79993067e+02 
 4.64158883e+03  4.61731599e+01  4.64158883e+03  1.79992514e+02 
 5.01187234e+03  4.61731622e+01  5.01187234e+03  1.79991917e+02 
 5.41169527e+03  4.61731650e+01  5.41169527e+03  1.79991272e+02 
 5.84341413e+03  4.61731681e+01  5.84341413e+03  1.79990576e+02 
 6.30957344e+03  4.61731718e+01  6.30957344e+03  1.79989824e+02 
 6.81292069e+03  4.61731762e+01  6.81292069e+03  1.79989012e+02 
 7.35642254e+03  4.61731812e+01  7.35642254e+03  1.79988136e+02 
 7.94328235e+03  4.61731871e+01  7.94328235e+03  1.79987189e+02 
 8.57695899e+03  4.61731939e+01  8.57695899e+03  1.79986167e+02 
 9.26118728e+03  4.61732019e+01  9.26118728e+03  1.79985063e+02 
 1.00000000e+04  4.61732112e+01  1.00000000e+04  1.79983872e+02 
 1.07977516e+04  4.61732220e+01  1.07977516e+04  1.79982585e+02 
 1.16591440e+04  4.61732347e+01  1.16591440e+04  1.79981196e+02 
 1.25892541e+04  4.61732494e+01  1.25892541e+04  1.79979696e+02 
 1.35935639e+04  4.61732666e+01  1.35935639e+04  1.79978076e+02 
 1.46779927e+04  4.61732867e+01  1.46779927e+04  1.79976327e+02 
 1.58489319e+04  4.61733101e+01  1.58489319e+04  1.79974438e+02 
 1.71132830e+04  4.61733373e+01  1.71132830e+04  1.79972399e+02 
 1.84784980e+04  4.61733691e+01  1.84784980e+04  1.79970197e+02 
 1.99526231e+04  4.61734062e+01  1.99526231e+04  1.79967819e+02 
 2.15443469e+04  4.61734493e+01  2.15443469e+04  1.79965251e+02 
 2.32630507e+04  4.61734997e+01  2.32630507e+04  1.79962479e+02 
 2.51188643e+04  4.61735584e+01  2.51188643e+04  1.79959485e+02 
 2.71227258e+04  4.61736269e+01  2.71227258e+04  1.79956252e+02 
 2.92864456e+04  4.61737067e+01  2.92864456e+04  1.79952762e+02 
 3.16227766e+04  4.61737998e+01  3.16227766e+04  1.79948992e+02 
 3.41454887e+04  4.61739083e+01  3.41454887e+04  1.79944922e+02 
 3.68694506e+04  4.61740348e+01  3.68694506e+04  1.79940527e+02 
 3.98107171e+04  4.61741823e+01  3.98107171e+04  1.79935780e+02 
 4.29866235e+04  4.61743543e+01  4.29866235e+04  1.79930655e+02 
 4.64158883e+04  4.61745548e+01  4.64158883e+04  1.79925120e+02 
 5.01187234e+04  4.61747886e+01  5.01187234e+04  1.79919142e+02 
 5.41169527e+04  4.61750612e+01  5.41169527e+04  1.79912687e+02 
 5.84341413e+04  4.61753790e+01  5.84341413e+04  1.79905716e+02 
 6.30957344e+04  4.61757496e+01  6.30957344e+04  1.79898187e+02 
 6.81292069e+04  4.61761817e+01  6.81292069e+04  1.79890055e+02 
 7.35642254e+04  4.61766855e+01  7.35642254e+04  1.79881272e+02 
 7.94328235e+04  4.61772730e+01  7.94328235e+04  1.79871785e+02 
 8.57695899e+04  4.61779577e+01  8.57695899e+04  1.79861538e+02 
 9.26118728e+04  4.61787565e+01  9.26118728e+04  1.79850468e+02 
 1.00000000e+05  4.61796876e+01  1.00000000e+05  1.79838509e+02 
 1.07977516e+05  4.61807734e+01  1.07977516e+05  1.79825588e+02 
 1.16591440e+05  4.61820396e+01  1.16591440e+05  1.79811626e+02 
 1.25892541e+05  4.61835161e+01  1.25892541e+05  1.79796538e+02 
 1.35935639e+05  4.61852378e+01  1.35935639e+05  1.79780231e+02 
 1.46779927e+05  4.61872457e+01  1.46779927e+05  1.79762603e+02 
 1.58489319e+05  4.61895869e+01  1.58489319e+05  1.79743544e+02 
 1.71132830e+05  4.61923183e+01  1.71132830e+05  1.79722934e+02 
 1.84784980e+05  4.61955029e+01  1.84784980e+05  1.79700640e+02 
 1.99526231e+05  4.61992173e+01  1.99526231e+05  1.79676517e+02 
 2.15443469e+05  4.62035508e+01  2.15443469e+05  1.79650407e+02 
 2.32630507e+05  4.62086054e+01  2.32630507e+05  1.79622136e+02 
 2.51188643e+05  4.62145029e+01  2.51188643e+05  1.79591510e+02 
 2.71227258e+05  4.62213835e+01  2.71227258e+05  1.79558315e+02 
 2.92864456e+05  4.62294124e+01  2.92864456e+05  1.79522314e+02 
 3.16227766e+05  4.62387806e+01  3.16227766e+05  1.79483236e+02 
 3.41454887e+05  4.62497174e+01  3.41454887e+05  1.79440792e+02 
 3.68694506e+05  4.62624873e+01  3.68694506e+05  1.79394642e+02 
 3.98107171e+05  4.62773960e+01  3.98107171e+05  1.79344402e+02 
 4.29866235e+05  4.62948126e+01  4.29866235e+05  1.79289645e+02 
 4.64158883e+05  4.63151589e+01  4.64158883e+05  1.79229866e+02 
 5.01187234e+05  4.63389419e+01  5.01187234e+05  1.79164493e+02 
 5.41169527e+05  4.63667456e+01  5.41169527e+05  1.79092855e+02 
 5.84341413e+05  4.63992850e+01  5.84341413e+05  1.79014191e+02 
 6.30957344e+05  4.64373586e+01  6.30957344e+05  1.78927516e+02 
 6.81292069e+05  4.64819653e+01  6.81292069e+05  1.78831776e+02 
 7.35642254e+05  4.65342449e+01  7.35642254e+05  1.78725621e+02 
 7.94328235e+05  4.65955978e+01  7.94328235e+05  1.78607413e+02 
 8.57695899e+05  4.66676535e+01  8.57695899e+05  1.78475142e+02 
 9.26118728e+05  4.67524293e+01  9.26118728e+05  1.78326446e+02 
 1.00000000e+06  4.68522772e+01  1.00000000e+06  1.78158116e+02 
 1.07977516e+06  4.69700879e+01  1.07977516e+06  1.77966181e+02 
 1.16591440e+06  4.71094747e+01  1.16591440e+06  1.77745554e+02 
 1.25892541e+06  4.72747394e+01  1.25892541e+06  1.77489751e+02 
 1.35935639e+06  4.74713254e+01  1.35935639e+06  1.77189794e+02 
 1.46779927e+06  4.77060706e+01  1.46779927e+06  1.76833580e+02 
 1.58489319e+06  4.79876632e+01  1.58489319e+06  1.76404630e+02 
 1.71132830e+06  4.83273671e+01  1.71132830e+06  1.75879717e+02 
 1.84784980e+06  4.87401148e+01  1.84784980e+06  1.75223932e+02 
 1.99526231e+06  4.92459693e+01  1.99526231e+06  1.74385611e+02 
 2.15443469e+06  4.98729350e+01  2.15443469e+06  1.73282253e+02 
 2.32630507e+06  5.06610558e+01  2.32630507e+06  1.71776009e+02 
 2.51188643e+06  5.16700649e+01  2.51188643e+06  1.69620468e+02 
 2.71227258e+06  5.29930531e+01  2.71227258e+06  1.66328103e+02 
 2.92864456e+06  5.47782254e+01  2.92864456e+06  1.60814870e+02 
 3.16227766e+06  5.72359411e+01  3.16227766e+06  1.50248430e+02 
 3.41454887e+06  6.02642170e+01  3.41454887e+06  1.26430260e+02 
 3.68694506e+06  6.08242397e+01  3.68694506e+06  8.08936019e+01 
 3.98107171e+06  5.68877674e+01  3.98107171e+06  4.65762752e+01 
 4.29866235e+06  5.27436355e+01  4.29866235e+06  3.16485884e+01 
 4.64158883e+06  4.93375018e+01  4.64158883e+06  2.45283977e+01 
 5.01187234e+06  4.64829131e+01  5.01187234e+06  2.06152648e+01 
 5.41169527e+06  4.40002714e+01  5.41169527e+06  1.82705135e+01 
 5.84341413e+06  4.17733904e+01  5.84341413e+06  1.68061578e+01 
 6.30957344e+06  3.97299667e+01  6.30957344e+06  1.58958525e+01 
 6.81292069e+06  3.78217827e+01  6.81292069e+06  1.53606621e+01 
 7.35642254e+06  3.60143342e+01  7.35642254e+06  1.51066896e+01 
 7.94328235e+06  3.42852206e+01  7.94328235e+06  1.50685297e+01 
 8.57695899e+06  3.26162842e+01  8.57695899e+06  1.52131291e+01 
 9.26118728e+06  3.09929832e+01  9.26118728e+06  1.55172845e+01 
 1.00000000e+07  2.94041416e+01  1.00000000e+07  1.59669753e+01 
 1.07977516e+07  2.78454542e+01  1.07977516e+07  1.65587491e+01 
 1.16591440e+07  2.63036360e+01  1.16591440e+07  1.72926431e+01 
 1.25892541e+07  2.47731708e+01  1.25892541e+07  1.81754411e+01 
 1.35935639e+07  2.32535247e+01  1.35935639e+07  1.92180259e+01 
 1.46779927e+07  2.17322503e+01  1.46779927e+07  2.04333726e+01 
 1.58489319e+07  2.02141478e+01  1.58489319e+07  2.18277755e+01 
 1.71132830e+07  1.86828886e+01  1.71132830e+07  2.34833784e+01 
 1.84784980e+07  1.71403108e+01  1.84784980e+07  2.53640554e+01 
 1.99526231e+07  1.55785584e+01  1.99526231e+07  2.76015385e+01 
 2.15443469e+07  1.40030826e+01  2.15443469e+07  3.01468697e+01 
 2.32630507e+07  1.23882313e+01  2.32630507e+07  3.32307128e+01 
 2.51188643e+07  1.07683497e+01  2.51188643e+07  3.67333463e+01 
 2.71227258e+07  9.10565686e+00  2.71227258e+07  4.11277670e+01 
 2.92864456e+07  7.42896009e+00  2.92864456e+07  4.63272891e+01 
 3.16227766e+07  5.74623153e+00  3.16227766e+07  5.28063338e+01 
 3.41454887e+07  4.10994428e+00  3.41454887e+07  6.05876455e+01 
 3.68694506e+07  2.57434584e+00  3.68694506e+07  7.03262244e+01 
 3.98107171e+07  1.23795060e+00  3.98107171e+07  8.16042693e+01 
 4.29866235e+07  2.44525587e-01  4.29866235e+07  9.39941958e+01 
 4.64158883e+07 -4.95603147e-01  4.64158883e+07  1.06838852e+02 
 5.01187234e+07 -5.06506775e-01  5.01187234e+07  1.18888711e+02 
 5.41169527e+07 -4.76308564e-01  5.41169527e+07  1.29936899e+02 
 5.84341413e+07 -2.47697302e-01  5.84341413e+07  1.40756356e+02 
 6.30957344e+07  3.17885878e-01  6.30957344e+07  1.49496594e+02 
 6.81292069e+07  5.92615784e-01  6.81292069e+07  1.54972836e+02 
 7.35642254e+07  1.17010294e+00  7.35642254e+07  1.59173426e+02 
 7.94328235e+07  1.39775421e+00  7.94328235e+07  1.64425220e+02 
 8.57695899e+07  1.87017247e+00  8.57695899e+07  1.68915517e+02 
 9.26118728e+07  2.25428534e+00  9.26118728e+07  1.72303820e+02 
 1.00000000e+08  2.77878037e+00  1.00000000e+08  1.74824905e+02 
 1.07977516e+08  2.90239372e+00  1.07977516e+08  1.78148422e+02 
 1.16591440e+08  3.49060932e+00  1.16591440e+08  1.80159740e+02 
 1.25892541e+08  3.61411184e+00  1.25892541e+08  1.83152826e+02 
 1.35935639e+08  4.16176606e+00  1.35935639e+08  1.84873818e+02 
 1.46779927e+08  4.24427083e+00  1.46779927e+08  1.86577018e+02 
 1.58489319e+08  4.66913933e+00  1.58489319e+08  1.88007606e+02 
 1.71132830e+08  5.33922035e+00  1.71132830e+08  1.88454958e+02 
 1.84784980e+08  5.60251733e+00  1.84784980e+08  1.90121131e+02 
 1.99526231e+08  5.73310749e+00  1.99526231e+08  1.90348289e+02 
 2.15443469e+08  5.66010881e+00  2.15443469e+08  1.90566055e+02 
 2.32630507e+08  6.91746860e+00  2.32630507e+08  1.89492063e+02 
 2.51188643e+08  7.27554344e+00  2.51188643e+08  1.89910454e+02 
 2.71227258e+08  7.88014138e+00  2.71227258e+08  1.89769991e+02 
 2.92864456e+08  6.76126303e+00  2.92864456e+08  1.89416549e+02 
 3.16227766e+08  7.68645061e+00  3.16227766e+08  1.87915051e+02 
 3.41454887e+08  8.23911900e+00  3.41454887e+08  1.87141887e+02 
 3.68694506e+08  7.03726899e+00  3.68694506e+08  1.86674185e+02 
 3.98107171e+08  6.78317723e+00  3.98107171e+08  1.85487234e+02 
 4.29866235e+08  9.55279749e+00  4.29866235e+08  1.84569287e+02 
 4.64158883e+08  6.67771860e+00  4.64158883e+08  1.83631255e+02 
 5.01187234e+08  5.38294404e+00  5.01187234e+08  1.83401477e+02 
 5.41169527e+08  5.64013136e+00  5.41169527e+08  1.82639642e+02 
 5.84341413e+08  8.70860240e+00  5.84341413e+08  1.82488485e+02 
 6.30957344e+08  7.36566872e+00  6.30957344e+08  1.81507582e+02 
 6.81292069e+08  3.53441695e+00  6.81292069e+08  1.81432510e+02 
 7.35642254e+08  8.18531816e+00  7.35642254e+08  1.80810704e+02 
 7.94328235e+08  3.31140422e+00  7.94328235e+08  1.80613767e+02 
 8.57695899e+08  1.15050234e+01  8.57695899e+08  1.80069077e+02 
 9.26118728e+08  4.12018158e+00  9.26118728e+08  1.80523331e+02 
 1.00000000e+09  2.76858019e+00  1.00000000e+09  1.79374564e+02 
