 1.00000000e+00  4.72040899e+01  1.00000000e+00  1.79999998e+02 
 1.07977516e+00  4.72040899e+01  1.07977516e+00  1.79999998e+02 
 1.16591440e+00  4.72040899e+01  1.16591440e+00  1.79999998e+02 
 1.25892541e+00  4.72040899e+01  1.25892541e+00  1.79999997e+02 
 1.35935639e+00  4.72040899e+01  1.35935639e+00  1.79999997e+02 
 1.46779927e+00  4.72040899e+01  1.46779927e+00  1.79999997e+02 
 1.58489319e+00  4.72040899e+01  1.58489319e+00  1.79999997e+02 
 1.71132830e+00  4.72040899e+01  1.71132830e+00  1.79999996e+02 
 1.84784980e+00  4.72040899e+01  1.84784980e+00  1.79999996e+02 
 1.99526231e+00  4.72040899e+01  1.99526231e+00  1.79999996e+02 
 2.15443469e+00  4.72040899e+01  2.15443469e+00  1.79999995e+02 
 2.32630507e+00  4.72040899e+01  2.32630507e+00  1.79999995e+02 
 2.51188643e+00  4.72040899e+01  2.51188643e+00  1.79999995e+02 
 2.71227258e+00  4.72040899e+01  2.71227258e+00  1.79999994e+02 
 2.92864456e+00  4.72040899e+01  2.92864456e+00  1.79999994e+02 
 3.16227766e+00  4.72040899e+01  3.16227766e+00  1.79999993e+02 
 3.41454887e+00  4.72040899e+01  3.41454887e+00  1.79999993e+02 
 3.68694506e+00  4.72040899e+01  3.68694506e+00  1.79999992e+02 
 3.98107171e+00  4.72040899e+01  3.98107171e+00  1.79999991e+02 
 4.29866235e+00  4.72040899e+01  4.29866235e+00  1.79999991e+02 
 4.64158883e+00  4.72040899e+01  4.64158883e+00  1.79999990e+02 
 5.01187234e+00  4.72040899e+01  5.01187234e+00  1.79999989e+02 
 5.41169527e+00  4.72040899e+01  5.41169527e+00  1.79999988e+02 
 5.84341413e+00  4.72040899e+01  5.84341413e+00  1.79999987e+02 
 6.30957344e+00  4.72040899e+01  6.30957344e+00  1.79999986e+02 
 6.81292069e+00  4.72040899e+01  6.81292069e+00  1.79999985e+02 
 7.35642254e+00  4.72040899e+01  7.35642254e+00  1.79999984e+02 
 7.94328235e+00  4.72040899e+01  7.94328235e+00  1.79999983e+02 
 8.57695899e+00  4.72040899e+01  8.57695899e+00  1.79999982e+02 
 9.26118728e+00  4.72040899e+01  9.26118728e+00  1.79999980e+02 
 1.00000000e+01  4.72040899e+01  1.00000000e+01  1.79999979e+02 
 1.07977516e+01  4.72040899e+01  1.07977516e+01  1.79999977e+02 
 1.16591440e+01  4.72040899e+01  1.16591440e+01  1.79999975e+02 
 1.25892541e+01  4.72040899e+01  1.25892541e+01  1.79999973e+02 
 1.35935639e+01  4.72040899e+01  1.35935639e+01  1.79999971e+02 
 1.46779927e+01  4.72040899e+01  1.46779927e+01  1.79999969e+02 
 1.58489319e+01  4.72040899e+01  1.58489319e+01  1.79999966e+02 
 1.71132830e+01  4.72040899e+01  1.71132830e+01  1.79999963e+02 
 1.84784980e+01  4.72040899e+01  1.84784980e+01  1.79999960e+02 
 1.99526231e+01  4.72040899e+01  1.99526231e+01  1.79999957e+02 
 2.15443469e+01  4.72040899e+01  2.15443469e+01  1.79999954e+02 
 2.32630507e+01  4.72040899e+01  2.32630507e+01  1.79999950e+02 
 2.51188643e+01  4.72040899e+01  2.51188643e+01  1.79999946e+02 
 2.71227258e+01  4.72040899e+01  2.71227258e+01  1.79999942e+02 
 2.92864456e+01  4.72040899e+01  2.92864456e+01  1.79999937e+02 
 3.16227766e+01  4.72040899e+01  3.16227766e+01  1.79999932e+02 
 3.41454887e+01  4.72040899e+01  3.41454887e+01  1.79999927e+02 
 3.68694506e+01  4.72040899e+01  3.68694506e+01  1.79999921e+02 
 3.98107171e+01  4.72040899e+01  3.98107171e+01  1.79999915e+02 
 4.29866235e+01  4.72040899e+01  4.29866235e+01  1.79999908e+02 
 4.64158883e+01  4.72040899e+01  4.64158883e+01  1.79999901e+02 
 5.01187234e+01  4.72040899e+01  5.01187234e+01  1.79999893e+02 
 5.41169527e+01  4.72040899e+01  5.41169527e+01  1.79999884e+02 
 5.84341413e+01  4.72040899e+01  5.84341413e+01  1.79999875e+02 
 6.30957344e+01  4.72040899e+01  6.30957344e+01  1.79999865e+02 
 6.81292069e+01  4.72040899e+01  6.81292069e+01  1.79999854e+02 
 7.35642254e+01  4.72040899e+01  7.35642254e+01  1.79999843e+02 
 7.94328235e+01  4.72040899e+01  7.94328235e+01  1.79999830e+02 
 8.57695899e+01  4.72040899e+01  8.57695899e+01  1.79999816e+02 
 9.26118728e+01  4.72040899e+01  9.26118728e+01  1.79999802e+02 
 1.00000000e+02  4.72040899e+01  1.00000000e+02  1.79999786e+02 
 1.07977516e+02  4.72040899e+01  1.07977516e+02  1.79999769e+02 
 1.16591440e+02  4.72040899e+01  1.16591440e+02  1.79999751e+02 
 1.25892541e+02  4.72040899e+01  1.25892541e+02  1.79999731e+02 
 1.35935639e+02  4.72040899e+01  1.35935639e+02  1.79999709e+02 
 1.46779927e+02  4.72040899e+01  1.46779927e+02  1.79999686e+02 
 1.58489319e+02  4.72040899e+01  1.58489319e+02  1.79999661e+02 
 1.71132830e+02  4.72040899e+01  1.71132830e+02  1.79999634e+02 
 1.84784980e+02  4.72040899e+01  1.84784980e+02  1.79999605e+02 
 1.99526231e+02  4.72040899e+01  1.99526231e+02  1.79999573e+02 
 2.15443469e+02  4.72040899e+01  2.15443469e+02  1.79999539e+02 
 2.32630507e+02  4.72040899e+01  2.32630507e+02  1.79999502e+02 
 2.51188643e+02  4.72040899e+01  2.51188643e+02  1.79999463e+02 
 2.71227258e+02  4.72040899e+01  2.71227258e+02  1.79999420e+02 
 2.92864456e+02  4.72040899e+01  2.92864456e+02  1.79999373e+02 
 3.16227766e+02  4.72040899e+01  3.16227766e+02  1.79999323e+02 
 3.41454887e+02  4.72040899e+01  3.41454887e+02  1.79999269e+02 
 3.68694506e+02  4.72040900e+01  3.68694506e+02  1.79999211e+02 
 3.98107171e+02  4.72040900e+01  3.98107171e+02  1.79999148e+02 
 4.29866235e+02  4.72040900e+01  4.29866235e+02  1.79999080e+02 
 4.64158883e+02  4.72040900e+01  4.64158883e+02  1.79999007e+02 
 5.01187234e+02  4.72040900e+01  5.01187234e+02  1.79998928e+02 
 5.41169527e+02  4.72040901e+01  5.41169527e+02  1.79998842e+02 
 5.84341413e+02  4.72040901e+01  5.84341413e+02  1.79998750e+02 
 6.30957344e+02  4.72040901e+01  6.30957344e+02  1.79998650e+02 
 6.81292069e+02  4.72040902e+01  6.81292069e+02  1.79998542e+02 
 7.35642254e+02  4.72040902e+01  7.35642254e+02  1.79998426e+02 
 7.94328235e+02  4.72040903e+01  7.94328235e+02  1.79998300e+02 
 8.57695899e+02  4.72040904e+01  8.57695899e+02  1.79998165e+02 
 9.26118728e+02  4.72040904e+01  9.26118728e+02  1.79998018e+02 
 1.00000000e+03  4.72040905e+01  1.00000000e+03  1.79997860e+02 
 1.07977516e+03  4.72040906e+01  1.07977516e+03  1.79997690e+02 
 1.16591440e+03  4.72040908e+01  1.16591440e+03  1.79997505e+02 
 1.25892541e+03  4.72040909e+01  1.25892541e+03  1.79997306e+02 
 1.35935639e+03  4.72040911e+01  1.35935639e+03  1.79997091e+02 
 1.46779927e+03  4.72040913e+01  1.46779927e+03  1.79996859e+02 
 1.58489319e+03  4.72040915e+01  1.58489319e+03  1.79996609e+02 
 1.71132830e+03  4.72040918e+01  1.71132830e+03  1.79996338e+02 
 1.84784980e+03  4.72040921e+01  1.84784980e+03  1.79996046e+02 
 1.99526231e+03  4.72040925e+01  1.99526231e+03  1.79995731e+02 
 2.15443469e+03  4.72040929e+01  2.15443469e+03  1.79995390e+02 
 2.32630507e+03  4.72040935e+01  2.32630507e+03  1.79995022e+02 
 2.51188643e+03  4.72040941e+01  2.51188643e+03  1.79994625e+02 
 2.71227258e+03  4.72040947e+01  2.71227258e+03  1.79994196e+02 
 2.92864456e+03  4.72040956e+01  2.92864456e+03  1.79993733e+02 
 3.16227766e+03  4.72040965e+01  3.16227766e+03  1.79993233e+02 
 3.41454887e+03  4.72040976e+01  3.41454887e+03  1.79992694e+02 
 3.68694506e+03  4.72040989e+01  3.68694506e+03  1.79992111e+02 
 3.98107171e+03  4.72041004e+01  3.98107171e+03  1.79991481e+02 
 4.29866235e+03  4.72041021e+01  4.29866235e+03  1.79990802e+02 
 4.64158883e+03  4.72041042e+01  4.64158883e+03  1.79990068e+02 
 5.01187234e+03  4.72041065e+01  5.01187234e+03  1.79989276e+02 
 5.41169527e+03  4.72041093e+01  5.41169527e+03  1.79988420e+02 
 5.84341413e+03  4.72041125e+01  5.84341413e+03  1.79987496e+02 
 6.30957344e+03  4.72041163e+01  6.30957344e+03  1.79986499e+02 
 6.81292069e+03  4.72041207e+01  6.81292069e+03  1.79985422e+02 
 7.35642254e+03  4.72041258e+01  7.35642254e+03  1.79984259e+02 
 7.94328235e+03  4.72041317e+01  7.94328235e+03  1.79983003e+02 
 8.57695899e+03  4.72041387e+01  8.57695899e+03  1.79981647e+02 
 9.26118728e+03  4.72041468e+01  9.26118728e+03  1.79980183e+02 
 1.00000000e+04  4.72041562e+01  1.00000000e+04  1.79978602e+02 
 1.07977516e+04  4.72041672e+01  1.07977516e+04  1.79976895e+02 
 1.16591440e+04  4.72041800e+01  1.16591440e+04  1.79975052e+02 
 1.25892541e+04  4.72041950e+01  1.25892541e+04  1.79973061e+02 
 1.35935639e+04  4.72042124e+01  1.35935639e+04  1.79970912e+02 
 1.46779927e+04  4.72042328e+01  1.46779927e+04  1.79968592e+02 
 1.58489319e+04  4.72042565e+01  1.58489319e+04  1.79966086e+02 
 1.71132830e+04  4.72042841e+01  1.71132830e+04  1.79963380e+02 
 1.84784980e+04  4.72043163e+01  1.84784980e+04  1.79960459e+02 
 1.99526231e+04  4.72043539e+01  1.99526231e+04  1.79957304e+02 
 2.15443469e+04  4.72043977e+01  2.15443469e+04  1.79953897e+02 
 2.32630507e+04  4.72044488e+01  2.32630507e+04  1.79950219e+02 
 2.51188643e+04  4.72045084e+01  2.51188643e+04  1.79946247e+02 
 2.71227258e+04  4.72045778e+01  2.71227258e+04  1.79941958e+02 
 2.92864456e+04  4.72046588e+01  2.92864456e+04  1.79937327e+02 
 3.16227766e+04  4.72047531e+01  3.16227766e+04  1.79932326e+02 
 3.41454887e+04  4.72048632e+01  3.41454887e+04  1.79926926e+02 
 3.68694506e+04  4.72049915e+01  3.68694506e+04  1.79921095e+02 
 3.98107171e+04  4.72051411e+01  3.98107171e+04  1.79914798e+02 
 4.29866235e+04  4.72053155e+01  4.29866235e+04  1.79907998e+02 
 4.64158883e+04  4.72055189e+01  4.64158883e+04  1.79900656e+02 
 5.01187234e+04  4.72057560e+01  5.01187234e+04  1.79892726e+02 
 5.41169527e+04  4.72060325e+01  5.41169527e+04  1.79884163e+02 
 5.84341413e+04  4.72063548e+01  5.84341413e+04  1.79874915e+02 
 6.30957344e+04  4.72067307e+01  6.30957344e+04  1.79864927e+02 
 6.81292069e+04  4.72071689e+01  6.81292069e+04  1.79854140e+02 
 7.35642254e+04  4.72076799e+01  7.35642254e+04  1.79842491e+02 
 7.94328235e+04  4.72082756e+01  7.94328235e+04  1.79829908e+02 
 8.57695899e+04  4.72089703e+01  8.57695899e+04  1.79816316e+02 
 9.26118728e+04  4.72097802e+01  9.26118728e+04  1.79801635e+02 
 1.00000000e+05  4.72107247e+01  1.00000000e+05  1.79785775e+02 
 1.07977516e+05  4.72118261e+01  1.07977516e+05  1.79768641e+02 
 1.16591440e+05  4.72131101e+01  1.16591440e+05  1.79750129e+02 
 1.25892541e+05  4.72146079e+01  1.25892541e+05  1.79730125e+02 
 1.35935639e+05  4.72163538e+01  1.35935639e+05  1.79708507e+02 
 1.46779927e+05  4.72183906e+01  1.46779927e+05  1.79685142e+02 
 1.58489319e+05  4.72207651e+01  1.58489319e+05  1.79659884e+02 
 1.71132830e+05  4.72235350e+01  1.71132830e+05  1.79632575e+02 
 1.84784980e+05  4.72267651e+01  1.84784980e+05  1.79603041e+02 
 1.99526231e+05  4.72305325e+01  1.99526231e+05  1.79571093e+02 
 2.15443469e+05  4.72349279e+01  2.15443469e+05  1.79536523e+02 
 2.32630507e+05  4.72400549e+01  2.32630507e+05  1.79499104e+02 
 2.51188643e+05  4.72460357e+01  2.51188643e+05  1.79458584e+02 
 2.71227258e+05  4.72530136e+01  2.71227258e+05  1.79414685e+02 
 2.92864456e+05  4.72611563e+01  2.92864456e+05  1.79367099e+02 
 3.16227766e+05  4.72706604e+01  3.16227766e+05  1.79315484e+02 
 3.41454887e+05  4.72817523e+01  3.41454887e+05  1.79259456e+02 
 3.68694506e+05  4.72947048e+01  3.68694506e+05  1.79198586e+02 
 3.98107171e+05  4.73098242e+01  3.98107171e+05  1.79132388e+02 
 4.29866235e+05  4.73274891e+01  4.29866235e+05  1.79060312e+02 
 4.64158883e+05  4.73481273e+01  4.64158883e+05  1.78981730e+02 
 5.01187234e+05  4.73722467e+01  5.01187234e+05  1.78895918e+02 
 5.41169527e+05  4.74004556e+01  5.41169527e+05  1.78802040e+02 
 5.84341413e+05  4.74334527e+01  5.84341413e+05  1.78699121e+02 
 6.30957344e+05  4.74720766e+01  6.30957344e+05  1.78586011e+02 
 6.81292069e+05  4.75173235e+01  6.81292069e+05  1.78461347e+02 
 7.35642254e+05  4.75703589e+01  7.35642254e+05  1.78323499e+02 
 7.94328235e+05  4.76325917e+01  7.94328235e+05  1.78170490e+02 
 8.57695899e+05  4.77056958e+01  8.57695899e+05  1.77999907e+02 
 9.26118728e+05  4.77916733e+01  9.26118728e+05  1.77808770e+02 
 1.00000000e+06  4.78929646e+01  1.00000000e+06  1.77593345e+02 
 1.07977516e+06  4.80125057e+01  1.07977516e+06  1.77348909e+02 
 1.16591440e+06  4.81538947e+01  1.16591440e+06  1.77069386e+02 
 1.25892541e+06  4.83215534e+01  1.25892541e+06  1.76746871e+02 
 1.35935639e+06  4.85209897e+01  1.35935639e+06  1.76370864e+02 
 1.46779927e+06  4.87591512e+01  1.46779927e+06  1.75927171e+02 
 1.58489319e+06  4.90448458e+01  1.58489319e+06  1.75396158e+02 
 1.71132830e+06  4.93894900e+01  1.71132830e+06  1.74750042e+02 
 1.84784980e+06  4.98081752e+01  1.84784980e+06  1.73948151e+02 
 1.99526231e+06  5.03211380e+01  1.99526231e+06  1.72928962e+02 
 2.15443469e+06  5.09563746e+01  2.15443469e+06  1.71594975e+02 
 2.32630507e+06  5.17540068e+01  2.32630507e+06  1.69783067e+02 
 2.51188643e+06  5.27727686e+01  2.51188643e+06  1.67200551e+02 
 2.71227258e+06  5.41012098e+01  2.71227258e+06  1.63273083e+02 
 2.92864456e+06  5.58704965e+01  2.92864456e+06  1.56735804e+02 
 3.16227766e+06  5.82155986e+01  3.16227766e+06  1.44426411e+02 
 3.41454887e+06  6.07307285e+01  3.41454887e+06  1.18608023e+02 
 3.68694506e+06  6.05331120e+01  3.68694506e+06  7.70115173e+01 
 3.98107171e+06  5.69084556e+01  3.98107171e+06  4.71223028e+01 
 4.29866235e+06  5.31041212e+01  4.29866235e+06  3.28772315e+01 
 4.64158883e+06  4.98779323e+01  4.64158883e+06  2.56133539e+01 
 5.01187234e+06  4.71243253e+01  5.01187234e+06  2.14483353e+01 
 5.41169527e+06  4.47033449e+01  5.41169527e+06  1.88628216e+01 
 5.84341413e+06  4.25180308e+01  5.84341413e+06  1.71867376e+01 
 6.30957344e+06  4.05031420e+01  6.30957344e+06  1.60857699e+01 
 6.81292069e+06  3.86163181e+01  6.81292069e+06  1.53796676e+01 
 7.35642254e+06  3.68254927e+01  7.35642254e+06  1.49637867e+01 
 7.94328235e+06  3.51090827e+01  7.94328235e+06  1.47725210e+01 
 8.57695899e+06  3.34499274e+01  8.57695899e+06  1.47664077e+01 
 9.26118728e+06  3.18348012e+01  9.26118728e+06  1.49178180e+01 
 1.00000000e+07  3.02550448e+01  1.00000000e+07  1.52184451e+01 
 1.07977516e+07  2.87012539e+01  1.07977516e+07  1.56562554e+01 
 1.16591440e+07  2.71648713e+01  1.16591440e+07  1.62264194e+01 
 1.25892541e+07  2.56428968e+01  1.25892541e+07  1.69340249e+01 
 1.35935639e+07  2.41269616e+01  1.35935639e+07  1.77918930e+01 
 1.46779927e+07  2.26124531e+01  1.46779927e+07  1.88001272e+01 
 1.58489319e+07  2.10934289e+01  1.58489319e+07  1.99884549e+01 
 1.71132830e+07  1.95685692e+01  1.71132830e+07  2.13725367e+01 
 1.84784980e+07  1.80302245e+01  1.84784980e+07  2.29770844e+01 
 1.99526231e+07  1.64738607e+01  1.99526231e+07  2.48561502e+01 
 2.15443469e+07  1.48938066e+01  2.15443469e+07  2.70464405e+01 
 2.32630507e+07  1.32820477e+01  2.32630507e+07  2.96458141e+01 
 2.51188643e+07  1.16419371e+01  2.51188643e+07  3.27182696e+01 
 2.71227258e+07  9.96182733e+00  2.71227258e+07  3.64476991e+01 
 2.92864456e+07  8.24799992e+00  2.92864456e+07  4.09584013e+01 
 3.16227766e+07  6.49902440e+00  3.16227766e+07  4.64936127e+01 
 3.41454887e+07  4.73549321e+00  3.41454887e+07  5.33920339e+01 
 3.68694506e+07  3.02284905e+00  3.68694506e+07  6.19954274e+01 
 3.98107171e+07  1.42871986e+00  3.98107171e+07  7.25293062e+01 
 4.29866235e+07  1.49490850e-01  4.29866235e+07  8.52931541e+01 
 4.64158883e+07 -7.26175056e-01  4.64158883e+07  9.90936072e+01 
 5.01187234e+07 -1.18304466e+00  5.01187234e+07  1.12704946e+02 
 5.41169527e+07 -1.10722368e+00  5.41169527e+07  1.25825474e+02 
 5.84341413e+07 -8.38306902e-01  5.84341413e+07  1.36931198e+02 
 6.30957344e+07 -3.61855439e-01  6.30957344e+07  1.45566767e+02 
 6.81292069e+07  1.61186665e-01  6.81292069e+07  1.52651829e+02 
 7.35642254e+07  6.67720197e-01  7.35642254e+07  1.59157781e+02 
 7.94328235e+07  1.14528285e+00  7.94328235e+07  1.64413970e+02 
 8.57695899e+07  1.54969339e+00  8.57695899e+07  1.68933978e+02 
 9.26118728e+07  2.02070787e+00  9.26118728e+07  1.72514650e+02 
 1.00000000e+08  2.45503828e+00  1.00000000e+08  1.75421186e+02 
 1.07977516e+08  2.91420788e+00  1.07977516e+08  1.78552692e+02 
 1.16591440e+08  3.19600406e+00  1.16591440e+08  1.80751689e+02 
 1.25892541e+08  3.46240755e+00  1.25892541e+08  1.83480038e+02 
 1.35935639e+08  3.92214001e+00  1.35935639e+08  1.85145710e+02 
 1.46779927e+08  4.16225867e+00  1.46779927e+08  1.87180944e+02 
 1.58489319e+08  4.41166281e+00  1.58489319e+08  1.88807958e+02 
 1.71132830e+08  4.85086188e+00  1.71132830e+08  1.89720587e+02 
 1.84784980e+08  5.30018931e+00  1.84784980e+08  1.90366864e+02 
 1.99526231e+08  5.71608338e+00  1.99526231e+08  1.91020875e+02 
 2.15443469e+08  6.02206287e+00  2.15443469e+08  1.91437278e+02 
 2.32630507e+08  6.94730541e+00  2.32630507e+08  1.91129848e+02 
 2.51188643e+08  6.83268692e+00  2.51188643e+08  1.90633416e+02 
 2.71227258e+08  6.28185622e+00  2.71227258e+08  1.90666778e+02 
 2.92864456e+08  6.85500084e+00  2.92864456e+08  1.89976205e+02 
 3.16227766e+08  7.05192873e+00  3.16227766e+08  1.88739396e+02 
 3.41454887e+08  7.44848719e+00  3.41454887e+08  1.87728250e+02 
 3.68694506e+08  6.23782174e+00  3.68694506e+08  1.87142602e+02 
 3.98107171e+08  6.91056045e+00  3.98107171e+08  1.85953516e+02 
 4.29866235e+08  6.80594489e+00  4.29866235e+08  1.85000784e+02 
 4.64158883e+08  5.49129266e+00  4.64158883e+08  1.84490370e+02 
 5.01187234e+08  7.06713543e+00  5.01187234e+08  1.83680966e+02 
 5.41169527e+08  1.01707223e+01  5.41169527e+08  1.83147726e+02 
 5.84341413e+08  8.84799659e+00  5.84341413e+08  1.82549101e+02 
 6.30957344e+08  1.10058711e+01  6.30957344e+08  1.81945721e+02 
 6.81292069e+08  6.13863920e+00  6.81292069e+08  1.81614310e+02 
 7.35642254e+08  8.30924162e+00  7.35642254e+08  1.81293257e+02 
 7.94328235e+08  6.94897653e+00  7.94328235e+08  1.81236851e+02 
 8.57695899e+08  1.16091961e+01  8.57695899e+08  1.81071274e+02 
 9.26118728e+08  4.24462408e+00  9.26118728e+08  1.80504662e+02 
 1.00000000e+09  2.89447800e+00  1.00000000e+09  1.79944977e+02 
