 1.00000000e+00  4.69077895e+01  1.00000000e+00  1.79999998e+02 
 1.07977516e+00  4.69077895e+01  1.07977516e+00  1.79999998e+02 
 1.16591440e+00  4.69077895e+01  1.16591440e+00  1.79999998e+02 
 1.25892541e+00  4.69077895e+01  1.25892541e+00  1.79999998e+02 
 1.35935639e+00  4.69077895e+01  1.35935639e+00  1.79999998e+02 
 1.46779927e+00  4.69077895e+01  1.46779927e+00  1.79999997e+02 
 1.58489319e+00  4.69077895e+01  1.58489319e+00  1.79999997e+02 
 1.71132830e+00  4.69077895e+01  1.71132830e+00  1.79999997e+02 
 1.84784980e+00  4.69077895e+01  1.84784980e+00  1.79999997e+02 
 1.99526231e+00  4.69077895e+01  1.99526231e+00  1.79999996e+02 
 2.15443469e+00  4.69077895e+01  2.15443469e+00  1.79999996e+02 
 2.32630507e+00  4.69077895e+01  2.32630507e+00  1.79999996e+02 
 2.51188643e+00  4.69077895e+01  2.51188643e+00  1.79999996e+02 
 2.71227258e+00  4.69077895e+01  2.71227258e+00  1.79999995e+02 
 2.92864456e+00  4.69077895e+01  2.92864456e+00  1.79999995e+02 
 3.16227766e+00  4.69077895e+01  3.16227766e+00  1.79999994e+02 
 3.41454887e+00  4.69077895e+01  3.41454887e+00  1.79999994e+02 
 3.68694506e+00  4.69077895e+01  3.68694506e+00  1.79999993e+02 
 3.98107171e+00  4.69077895e+01  3.98107171e+00  1.79999993e+02 
 4.29866235e+00  4.69077895e+01  4.29866235e+00  1.79999992e+02 
 4.64158883e+00  4.69077895e+01  4.64158883e+00  1.79999992e+02 
 5.01187234e+00  4.69077895e+01  5.01187234e+00  1.79999991e+02 
 5.41169527e+00  4.69077895e+01  5.41169527e+00  1.79999990e+02 
 5.84341413e+00  4.69077895e+01  5.84341413e+00  1.79999990e+02 
 6.30957344e+00  4.69077895e+01  6.30957344e+00  1.79999989e+02 
 6.81292069e+00  4.69077895e+01  6.81292069e+00  1.79999988e+02 
 7.35642254e+00  4.69077895e+01  7.35642254e+00  1.79999987e+02 
 7.94328235e+00  4.69077895e+01  7.94328235e+00  1.79999986e+02 
 8.57695899e+00  4.69077895e+01  8.57695899e+00  1.79999985e+02 
 9.26118728e+00  4.69077895e+01  9.26118728e+00  1.79999984e+02 
 1.00000000e+01  4.69077895e+01  1.00000000e+01  1.79999982e+02 
 1.07977516e+01  4.69077895e+01  1.07977516e+01  1.79999981e+02 
 1.16591440e+01  4.69077895e+01  1.16591440e+01  1.79999979e+02 
 1.25892541e+01  4.69077895e+01  1.25892541e+01  1.79999978e+02 
 1.35935639e+01  4.69077895e+01  1.35935639e+01  1.79999976e+02 
 1.46779927e+01  4.69077895e+01  1.46779927e+01  1.79999974e+02 
 1.58489319e+01  4.69077895e+01  1.58489319e+01  1.79999972e+02 
 1.71132830e+01  4.69077895e+01  1.71132830e+01  1.79999970e+02 
 1.84784980e+01  4.69077895e+01  1.84784980e+01  1.79999967e+02 
 1.99526231e+01  4.69077895e+01  1.99526231e+01  1.79999965e+02 
 2.15443469e+01  4.69077895e+01  2.15443469e+01  1.79999962e+02 
 2.32630507e+01  4.69077895e+01  2.32630507e+01  1.79999959e+02 
 2.51188643e+01  4.69077895e+01  2.51188643e+01  1.79999956e+02 
 2.71227258e+01  4.69077895e+01  2.71227258e+01  1.79999952e+02 
 2.92864456e+01  4.69077895e+01  2.92864456e+01  1.79999948e+02 
 3.16227766e+01  4.69077895e+01  3.16227766e+01  1.79999944e+02 
 3.41454887e+01  4.69077895e+01  3.41454887e+01  1.79999940e+02 
 3.68694506e+01  4.69077895e+01  3.68694506e+01  1.79999935e+02 
 3.98107171e+01  4.69077895e+01  3.98107171e+01  1.79999930e+02 
 4.29866235e+01  4.69077895e+01  4.29866235e+01  1.79999924e+02 
 4.64158883e+01  4.69077895e+01  4.64158883e+01  1.79999918e+02 
 5.01187234e+01  4.69077895e+01  5.01187234e+01  1.79999911e+02 
 5.41169527e+01  4.69077895e+01  5.41169527e+01  1.79999904e+02 
 5.84341413e+01  4.69077895e+01  5.84341413e+01  1.79999897e+02 
 6.30957344e+01  4.69077895e+01  6.30957344e+01  1.79999889e+02 
 6.81292069e+01  4.69077895e+01  6.81292069e+01  1.79999880e+02 
 7.35642254e+01  4.69077895e+01  7.35642254e+01  1.79999870e+02 
 7.94328235e+01  4.69077895e+01  7.94328235e+01  1.79999860e+02 
 8.57695899e+01  4.69077895e+01  8.57695899e+01  1.79999848e+02 
 9.26118728e+01  4.69077895e+01  9.26118728e+01  1.79999836e+02 
 1.00000000e+02  4.69077895e+01  1.00000000e+02  1.79999823e+02 
 1.07977516e+02  4.69077895e+01  1.07977516e+02  1.79999809e+02 
 1.16591440e+02  4.69077895e+01  1.16591440e+02  1.79999794e+02 
 1.25892541e+02  4.69077895e+01  1.25892541e+02  1.79999778e+02 
 1.35935639e+02  4.69077895e+01  1.35935639e+02  1.79999760e+02 
 1.46779927e+02  4.69077895e+01  1.46779927e+02  1.79999741e+02 
 1.58489319e+02  4.69077895e+01  1.58489319e+02  1.79999720e+02 
 1.71132830e+02  4.69077895e+01  1.71132830e+02  1.79999698e+02 
 1.84784980e+02  4.69077895e+01  1.84784980e+02  1.79999673e+02 
 1.99526231e+02  4.69077895e+01  1.99526231e+02  1.79999647e+02 
 2.15443469e+02  4.69077896e+01  2.15443469e+02  1.79999619e+02 
 2.32630507e+02  4.69077896e+01  2.32630507e+02  1.79999589e+02 
 2.51188643e+02  4.69077896e+01  2.51188643e+02  1.79999556e+02 
 2.71227258e+02  4.69077896e+01  2.71227258e+02  1.79999521e+02 
 2.92864456e+02  4.69077896e+01  2.92864456e+02  1.79999482e+02 
 3.16227766e+02  4.69077896e+01  3.16227766e+02  1.79999441e+02 
 3.41454887e+02  4.69077896e+01  3.41454887e+02  1.79999397e+02 
 3.68694506e+02  4.69077896e+01  3.68694506e+02  1.79999348e+02 
 3.98107171e+02  4.69077896e+01  3.98107171e+02  1.79999296e+02 
 4.29866235e+02  4.69077896e+01  4.29866235e+02  1.79999240e+02 
 4.64158883e+02  4.69077897e+01  4.64158883e+02  1.79999180e+02 
 5.01187234e+02  4.69077897e+01  5.01187234e+02  1.79999114e+02 
 5.41169527e+02  4.69077897e+01  5.41169527e+02  1.79999044e+02 
 5.84341413e+02  4.69077897e+01  5.84341413e+02  1.79998967e+02 
 6.30957344e+02  4.69077898e+01  6.30957344e+02  1.79998885e+02 
 6.81292069e+02  4.69077898e+01  6.81292069e+02  1.79998796e+02 
 7.35642254e+02  4.69077899e+01  7.35642254e+02  1.79998700e+02 
 7.94328235e+02  4.69077899e+01  7.94328235e+02  1.79998596e+02 
 8.57695899e+02  4.69077900e+01  8.57695899e+02  1.79998484e+02 
 9.26118728e+02  4.69077901e+01  9.26118728e+02  1.79998363e+02 
 1.00000000e+03  4.69077902e+01  1.00000000e+03  1.79998233e+02 
 1.07977516e+03  4.69077903e+01  1.07977516e+03  1.79998092e+02 
 1.16591440e+03  4.69077904e+01  1.16591440e+03  1.79997940e+02 
 1.25892541e+03  4.69077906e+01  1.25892541e+03  1.79997775e+02 
 1.35935639e+03  4.69077907e+01  1.35935639e+03  1.79997598e+02 
 1.46779927e+03  4.69077909e+01  1.46779927e+03  1.79997406e+02 
 1.58489319e+03  4.69077912e+01  1.58489319e+03  1.79997199e+02 
 1.71132830e+03  4.69077915e+01  1.71132830e+03  1.79996976e+02 
 1.84784980e+03  4.69077918e+01  1.84784980e+03  1.79996735e+02 
 1.99526231e+03  4.69077922e+01  1.99526231e+03  1.79996474e+02 
 2.15443469e+03  4.69077926e+01  2.15443469e+03  1.79996193e+02 
 2.32630507e+03  4.69077931e+01  2.32630507e+03  1.79995889e+02 
 2.51188643e+03  4.69077937e+01  2.51188643e+03  1.79995561e+02 
 2.71227258e+03  4.69077944e+01  2.71227258e+03  1.79995207e+02 
 2.92864456e+03  4.69077952e+01  2.92864456e+03  1.79994825e+02 
 3.16227766e+03  4.69077961e+01  3.16227766e+03  1.79994412e+02 
 3.41454887e+03  4.69077972e+01  3.41454887e+03  1.79993966e+02 
 3.68694506e+03  4.69077985e+01  3.68694506e+03  1.79993485e+02 
 3.98107171e+03  4.69078000e+01  3.98107171e+03  1.79992965e+02 
 4.29866235e+03  4.69078017e+01  4.29866235e+03  1.79992404e+02 
 4.64158883e+03  4.69078038e+01  4.64158883e+03  1.79991798e+02 
 5.01187234e+03  4.69078061e+01  5.01187234e+03  1.79991143e+02 
 5.41169527e+03  4.69078089e+01  5.41169527e+03  1.79990437e+02 
 5.84341413e+03  4.69078121e+01  5.84341413e+03  1.79989674e+02 
 6.30957344e+03  4.69078158e+01  6.30957344e+03  1.79988850e+02 
 6.81292069e+03  4.69078202e+01  6.81292069e+03  1.79987961e+02 
 7.35642254e+03  4.69078253e+01  7.35642254e+03  1.79987000e+02 
 7.94328235e+03  4.69078312e+01  7.94328235e+03  1.79985963e+02 
 8.57695899e+03  4.69078381e+01  8.57695899e+03  1.79984843e+02 
 9.26118728e+03  4.69078462e+01  9.26118728e+03  1.79983634e+02 
 1.00000000e+04  4.69078556e+01  1.00000000e+04  1.79982328e+02 
 1.07977516e+04  4.69078666e+01  1.07977516e+04  1.79980919e+02 
 1.16591440e+04  4.69078793e+01  1.16591440e+04  1.79979396e+02 
 1.25892541e+04  4.69078942e+01  1.25892541e+04  1.79977753e+02 
 1.35935639e+04  4.69079116e+01  1.35935639e+04  1.79975978e+02 
 1.46779927e+04  4.69079319e+01  1.46779927e+04  1.79974061e+02 
 1.58489319e+04  4.69079555e+01  1.58489319e+04  1.79971992e+02 
 1.71132830e+04  4.69079830e+01  1.71132830e+04  1.79969757e+02 
 1.84784980e+04  4.69080151e+01  1.84784980e+04  1.79967345e+02 
 1.99526231e+04  4.69080526e+01  1.99526231e+04  1.79964739e+02 
 2.15443469e+04  4.69080962e+01  2.15443469e+04  1.79961926e+02 
 2.32630507e+04  4.69081471e+01  2.32630507e+04  1.79958888e+02 
 2.51188643e+04  4.69082064e+01  2.51188643e+04  1.79955608e+02 
 2.71227258e+04  4.69082756e+01  2.71227258e+04  1.79952066e+02 
 2.92864456e+04  4.69083562e+01  2.92864456e+04  1.79948241e+02 
 3.16227766e+04  4.69084503e+01  3.16227766e+04  1.79944111e+02 
 3.41454887e+04  4.69085599e+01  3.41454887e+04  1.79939652e+02 
 3.68694506e+04  4.69086877e+01  3.68694506e+04  1.79934836e+02 
 3.98107171e+04  4.69088368e+01  3.98107171e+04  1.79929635e+02 
 4.29866235e+04  4.69090105e+01  4.29866235e+04  1.79924019e+02 
 4.64158883e+04  4.69092131e+01  4.64158883e+04  1.79917955e+02 
 5.01187234e+04  4.69094494e+01  5.01187234e+04  1.79911406e+02 
 5.41169527e+04  4.69097248e+01  5.41169527e+04  1.79904333e+02 
 5.84341413e+04  4.69100459e+01  5.84341413e+04  1.79896695e+02 
 6.30957344e+04  4.69104204e+01  6.30957344e+04  1.79888446e+02 
 6.81292069e+04  4.69108569e+01  6.81292069e+04  1.79879537e+02 
 7.35642254e+04  4.69113660e+01  7.35642254e+04  1.79869914e+02 
 7.94328235e+04  4.69119594e+01  7.94328235e+04  1.79859521e+02 
 8.57695899e+04  4.69126515e+01  8.57695899e+04  1.79848294e+02 
 9.26118728e+04  4.69134584e+01  9.26118728e+04  1.79836167e+02 
 1.00000000e+05  4.69143993e+01  1.00000000e+05  1.79823065e+02 
 1.07977516e+05  4.69154964e+01  1.07977516e+05  1.79808911e+02 
 1.16591440e+05  4.69167759e+01  1.16591440e+05  1.79793617e+02 
 1.25892541e+05  4.69182677e+01  1.25892541e+05  1.79777089e+02 
 1.35935639e+05  4.69200073e+01  1.35935639e+05  1.79759228e+02 
 1.46779927e+05  4.69220360e+01  1.46779927e+05  1.79739920e+02 
 1.58489319e+05  4.69244018e+01  1.58489319e+05  1.79719047e+02 
 1.71132830e+05  4.69271614e+01  1.71132830e+05  1.79696475e+02 
 1.84784980e+05  4.69303792e+01  1.84784980e+05  1.79672062e+02 
 1.99526231e+05  4.69341326e+01  1.99526231e+05  1.79645650e+02 
 2.15443469e+05  4.69385109e+01  2.15443469e+05  1.79617065e+02 
 2.32630507e+05  4.69436182e+01  2.32630507e+05  1.79586117e+02 
 2.51188643e+05  4.69495766e+01  2.51188643e+05  1.79552597e+02 
 2.71227258e+05  4.69565286e+01  2.71227258e+05  1.79516271e+02 
 2.92864456e+05  4.69646405e+01  2.92864456e+05  1.79476882e+02 
 3.16227766e+05  4.69741078e+01  3.16227766e+05  1.79434142e+02 
 3.41454887e+05  4.69851593e+01  3.41454887e+05  1.79387728e+02 
 3.68694506e+05  4.69980618e+01  3.68694506e+05  1.79337278e+02 
 3.98107171e+05  4.70131273e+01  3.98107171e+05  1.79282380e+02 
 4.29866235e+05  4.70307256e+01  4.29866235e+05  1.79222568e+02 
 4.64158883e+05  4.70512871e+01  4.64158883e+05  1.79157306e+02 
 5.01187234e+05  4.70753180e+01  5.01187234e+05  1.79085978e+02 
 5.41169527e+05  4.71034219e+01  5.41169527e+05  1.79007866e+02 
 5.84341413e+05  4.71362957e+01  5.84341413e+05  1.78922132e+02 
 6.30957344e+05  4.71747788e+01  6.30957344e+05  1.78827785e+02 
 6.81292069e+05  4.72198588e+01  6.81292069e+05  1.78723645e+02 
 7.35642254e+05  4.72727094e+01  7.35642254e+05  1.78608295e+02 
 7.94328235e+05  4.73347125e+01  7.94328235e+05  1.78480016e+02 
 8.57695899e+05  4.74075507e+01  8.57695899e+05  1.78336695e+02 
 9.26118728e+05  4.74932412e+01  9.26118728e+05  1.78175719e+02 
 1.00000000e+06  4.75941807e+01  1.00000000e+06  1.77993806e+02 
 1.07977516e+06  4.77133214e+01  1.07977516e+06  1.77786793e+02 
 1.16591440e+06  4.78542367e+01  1.16591440e+06  1.77549315e+02 
 1.25892541e+06  4.80213668e+01  1.25892541e+06  1.77274362e+02 
 1.35935639e+06  4.82202235e+01  1.35935639e+06  1.76952616e+02 
 1.46779927e+06  4.84576860e+01  1.46779927e+06  1.76571476e+02 
 1.58489319e+06  4.87426974e+01  1.58489319e+06  1.76113444e+02 
 1.71132830e+06  4.90865661e+01  1.71132830e+06  1.75553782e+02 
 1.84784980e+06  4.95045346e+01  1.84784980e+06  1.74856179e+02 
 1.99526231e+06  5.00170669e+01  1.99526231e+06  1.73965625e+02 
 2.15443469e+06  5.06524656e+01  2.15443469e+06  1.72794886e+02 
 2.32630507e+06  5.14517085e+01  2.32630507e+06  1.71197564e+02 
 2.51188643e+06  5.24756982e+01  2.51188643e+06  1.68909977e+02 
 2.71227258e+06  5.38186593e+01  2.71227258e+06  1.65410653e+02 
 2.92864456e+06  5.56289856e+01  2.92864456e+06  1.59531552e+02 
 3.16227766e+06  5.81039921e+01  3.16227766e+06  1.48221011e+02 
 3.41454887e+06  6.10230355e+01  3.41454887e+06  1.22955544e+02 
 3.68694506e+06  6.11719986e+01  3.68694506e+06  7.77270399e+01 
 3.98107171e+06  5.72126872e+01  3.98107171e+06  4.54901087e+01 
 4.29866235e+06  5.31717247e+01  4.29866235e+06  3.12377742e+01 
 4.64158883e+06  4.98327476e+01  4.64158883e+06  2.42851105e+01 
 5.01187234e+06  4.70199360e+01  5.01187234e+06  2.04023697e+01 
 5.41169527e+06  4.45640526e+01  5.41169527e+06  1.80426050e+01 
 5.84341413e+06  4.23560178e+01  5.84341413e+06  1.65485581e+01 
 6.30957344e+06  4.03262958e+01  6.30957344e+06  1.55976694e+01 
 6.81292069e+06  3.84284217e+01  6.81292069e+06  1.50211169e+01 
 7.35642254e+06  3.66296000e+01  7.35642254e+06  1.47181365e+01 
 7.94328235e+06  3.49075348e+01  7.94328235e+06  1.46283042e+01 
 8.57695899e+06  3.32443205e+01  8.57695899e+06  1.47174896e+01 
 9.26118728e+06  3.16261811e+01  9.26118728e+06  1.49607299e+01 
 1.00000000e+07  3.00438574e+01  1.00000000e+07  1.53487524e+01 
 1.07977516e+07  2.84881160e+01  1.07977516e+07  1.58709659e+01 
 1.16591440e+07  2.69520841e+01  1.16591440e+07  1.65289030e+01 
 1.25892541e+07  2.54286811e+01  1.25892541e+07  1.73274643e+01 
 1.35935639e+07  2.39127738e+01  1.35935639e+07  1.82737522e+01 
 1.46779927e+07  2.23982252e+01  1.46779927e+07  1.93801036e+01 
 1.58489319e+07  2.08816098e+01  1.58489319e+07  2.06750224e+01 
 1.71132830e+07  1.93594446e+01  1.71132830e+07  2.21586302e+01 
 1.84784980e+07  1.78231122e+01  1.84784980e+07  2.38923750e+01 
 1.99526231e+07  1.62737816e+01  1.99526231e+07  2.58939051e+01 
 2.15443469e+07  1.46977360e+01  2.15443469e+07  2.82653172e+01 
 2.32630507e+07  1.30942335e+01  2.32630507e+07  3.10424562e+01 
 2.51188643e+07  1.14648504e+01  2.51188643e+07  3.42758880e+01 
 2.71227258e+07  9.80264834e+00  2.71227258e+07  3.82272400e+01 
 2.92864456e+07  8.11557884e+00  2.92864456e+07  4.29723807e+01 
 3.16227766e+07  6.39728764e+00  3.16227766e+07  4.88187597e+01 
 3.41454887e+07  4.70980319e+00  3.41454887e+07  5.60327909e+01 
 3.68694506e+07  3.07157071e+00  3.68694506e+07  6.47029782e+01 
 3.98107171e+07  1.59837977e+00  3.98107171e+07  7.52833545e+01 
 4.29866235e+07  3.86441384e-01  4.29866235e+07  8.76399026e+01 
 4.64158883e+07 -4.13160218e-01  4.64158883e+07  1.01425039e+02 
 5.01187234e+07 -7.22925285e-01  5.01187234e+07  1.14167172e+02 
 5.41169527e+07 -6.68640523e-01  5.41169527e+07  1.25780107e+02 
 5.84341413e+07 -3.93451838e-01  5.84341413e+07  1.36210770e+02 
 6.30957344e+07 -1.06106711e-01  6.30957344e+07  1.44840639e+02 
 6.81292069e+07  3.26342875e-01  6.81292069e+07  1.52762840e+02 
 7.35642254e+07  8.72527843e-01  7.35642254e+07  1.58445952e+02 
 7.94328235e+07  1.24701515e+00  7.94328235e+07  1.63283245e+02 
 8.57695899e+07  1.67706105e+00  8.57695899e+07  1.67588311e+02 
 9.26118728e+07  1.98228751e+00  9.26118728e+07  1.71610732e+02 
 1.00000000e+08  2.43239180e+00  1.00000000e+08  1.74756277e+02 
 1.07977516e+08  2.75092787e+00  1.07977516e+08  1.77515292e+02 
 1.16591440e+08  3.11372150e+00  1.16591440e+08  1.80544200e+02 
 1.25892541e+08  3.59131970e+00  1.25892541e+08  1.82345114e+02 
 1.35935639e+08  3.90999053e+00  1.35935639e+08  1.84524724e+02 
 1.46779927e+08  4.14092510e+00  1.46779927e+08  1.86420055e+02 
 1.58489319e+08  4.74877741e+00  1.58489319e+08  1.87419143e+02 
 1.71132830e+08  4.80818538e+00  1.71132830e+08  1.89342976e+02 
 1.84784980e+08  5.24543598e+00  1.84784980e+08  1.90016323e+02 
 1.99526231e+08  5.64841343e+00  1.99526231e+08  1.90646605e+02 
 2.15443469e+08  6.29492330e+00  2.15443469e+08  1.90688081e+02 
 2.32630507e+08  6.04991031e+00  2.32630507e+08  1.91076265e+02 
 2.51188643e+08  6.29024787e+00  2.51188643e+08  1.90661175e+02 
 2.71227258e+08  7.26560678e+00  2.71227258e+08  1.90055007e+02 
 2.92864456e+08  7.39572592e+00  2.92864456e+08  1.89452020e+02 
 3.16227766e+08  6.27635382e+00  3.16227766e+08  1.88643970e+02 
 3.41454887e+08  7.36978249e+00  3.41454887e+08  1.87768087e+02 
 3.68694506e+08  8.07965013e+00  3.68694506e+08  1.86718342e+02 
 3.98107171e+08  6.84015398e+00  3.98107171e+08  1.85843391e+02 
 4.29866235e+08  6.71693604e+00  4.29866235e+08  1.85200972e+02 
 4.64158883e+08  5.42901894e+00  4.64158883e+08  1.84258137e+02 
 5.01187234e+08  8.93297286e+00  5.01187234e+08  1.83804129e+02 
 5.41169527e+08  7.62917390e+00  5.41169527e+08  1.82957797e+02 
 5.84341413e+08  8.78232548e+00  5.84341413e+08  1.82453597e+02 
 6.30957344e+08  7.43569441e+00  6.30957344e+08  1.81875146e+02 
 6.81292069e+08  9.57190204e+00  6.81292069e+08  1.81972465e+02 
 7.35642254e+08  8.24385730e+00  7.35642254e+08  1.81169992e+02 
 7.94328235e+08  6.88810558e+00  7.94328235e+08  1.81491848e+02 
 8.57695899e+08  5.55931083e+00  8.57695899e+08  1.80098492e+02 
 9.26118728e+08  4.20641988e+00  9.26118728e+08  1.79945868e+02 
 1.00000000e+09  8.87136623e+00  1.00000000e+09  1.80600488e+02 
