 1.00000000e+00  4.56885407e+01  1.00000000e+00  1.79999998e+02 
 1.07977516e+00  4.56885407e+01  1.07977516e+00  1.79999998e+02 
 1.16591440e+00  4.56885407e+01  1.16591440e+00  1.79999998e+02 
 1.25892541e+00  4.56885407e+01  1.25892541e+00  1.79999998e+02 
 1.35935639e+00  4.56885407e+01  1.35935639e+00  1.79999997e+02 
 1.46779927e+00  4.56885407e+01  1.46779927e+00  1.79999997e+02 
 1.58489319e+00  4.56885407e+01  1.58489319e+00  1.79999997e+02 
 1.71132830e+00  4.56885407e+01  1.71132830e+00  1.79999997e+02 
 1.84784980e+00  4.56885407e+01  1.84784980e+00  1.79999996e+02 
 1.99526231e+00  4.56885407e+01  1.99526231e+00  1.79999996e+02 
 2.15443469e+00  4.56885407e+01  2.15443469e+00  1.79999996e+02 
 2.32630507e+00  4.56885407e+01  2.32630507e+00  1.79999995e+02 
 2.51188643e+00  4.56885407e+01  2.51188643e+00  1.79999995e+02 
 2.71227258e+00  4.56885407e+01  2.71227258e+00  1.79999995e+02 
 2.92864456e+00  4.56885407e+01  2.92864456e+00  1.79999994e+02 
 3.16227766e+00  4.56885407e+01  3.16227766e+00  1.79999994e+02 
 3.41454887e+00  4.56885407e+01  3.41454887e+00  1.79999993e+02 
 3.68694506e+00  4.56885407e+01  3.68694506e+00  1.79999993e+02 
 3.98107171e+00  4.56885407e+01  3.98107171e+00  1.79999992e+02 
 4.29866235e+00  4.56885407e+01  4.29866235e+00  1.79999992e+02 
 4.64158883e+00  4.56885407e+01  4.64158883e+00  1.79999991e+02 
 5.01187234e+00  4.56885407e+01  5.01187234e+00  1.79999990e+02 
 5.41169527e+00  4.56885407e+01  5.41169527e+00  1.79999990e+02 
 5.84341413e+00  4.56885407e+01  5.84341413e+00  1.79999989e+02 
 6.30957344e+00  4.56885407e+01  6.30957344e+00  1.79999988e+02 
 6.81292069e+00  4.56885407e+01  6.81292069e+00  1.79999987e+02 
 7.35642254e+00  4.56885407e+01  7.35642254e+00  1.79999986e+02 
 7.94328235e+00  4.56885407e+01  7.94328235e+00  1.79999985e+02 
 8.57695899e+00  4.56885407e+01  8.57695899e+00  1.79999983e+02 
 9.26118728e+00  4.56885407e+01  9.26118728e+00  1.79999982e+02 
 1.00000000e+01  4.56885407e+01  1.00000000e+01  1.79999981e+02 
 1.07977516e+01  4.56885407e+01  1.07977516e+01  1.79999979e+02 
 1.16591440e+01  4.56885407e+01  1.16591440e+01  1.79999977e+02 
 1.25892541e+01  4.56885407e+01  1.25892541e+01  1.79999976e+02 
 1.35935639e+01  4.56885407e+01  1.35935639e+01  1.79999974e+02 
 1.46779927e+01  4.56885407e+01  1.46779927e+01  1.79999972e+02 
 1.58489319e+01  4.56885407e+01  1.58489319e+01  1.79999969e+02 
 1.71132830e+01  4.56885407e+01  1.71132830e+01  1.79999967e+02 
 1.84784980e+01  4.56885407e+01  1.84784980e+01  1.79999964e+02 
 1.99526231e+01  4.56885407e+01  1.99526231e+01  1.79999961e+02 
 2.15443469e+01  4.56885407e+01  2.15443469e+01  1.79999958e+02 
 2.32630507e+01  4.56885407e+01  2.32630507e+01  1.79999955e+02 
 2.51188643e+01  4.56885407e+01  2.51188643e+01  1.79999951e+02 
 2.71227258e+01  4.56885407e+01  2.71227258e+01  1.79999947e+02 
 2.92864456e+01  4.56885407e+01  2.92864456e+01  1.79999943e+02 
 3.16227766e+01  4.56885407e+01  3.16227766e+01  1.79999939e+02 
 3.41454887e+01  4.56885407e+01  3.41454887e+01  1.79999934e+02 
 3.68694506e+01  4.56885407e+01  3.68694506e+01  1.79999929e+02 
 3.98107171e+01  4.56885407e+01  3.98107171e+01  1.79999923e+02 
 4.29866235e+01  4.56885407e+01  4.29866235e+01  1.79999917e+02 
 4.64158883e+01  4.56885407e+01  4.64158883e+01  1.79999910e+02 
 5.01187234e+01  4.56885407e+01  5.01187234e+01  1.79999903e+02 
 5.41169527e+01  4.56885407e+01  5.41169527e+01  1.79999895e+02 
 5.84341413e+01  4.56885407e+01  5.84341413e+01  1.79999887e+02 
 6.30957344e+01  4.56885407e+01  6.30957344e+01  1.79999878e+02 
 6.81292069e+01  4.56885407e+01  6.81292069e+01  1.79999868e+02 
 7.35642254e+01  4.56885407e+01  7.35642254e+01  1.79999857e+02 
 7.94328235e+01  4.56885407e+01  7.94328235e+01  1.79999846e+02 
 8.57695899e+01  4.56885407e+01  8.57695899e+01  1.79999834e+02 
 9.26118728e+01  4.56885407e+01  9.26118728e+01  1.79999820e+02 
 1.00000000e+02  4.56885407e+01  1.00000000e+02  1.79999806e+02 
 1.07977516e+02  4.56885407e+01  1.07977516e+02  1.79999791e+02 
 1.16591440e+02  4.56885407e+01  1.16591440e+02  1.79999774e+02 
 1.25892541e+02  4.56885407e+01  1.25892541e+02  1.79999756e+02 
 1.35935639e+02  4.56885407e+01  1.35935639e+02  1.79999736e+02 
 1.46779927e+02  4.56885407e+01  1.46779927e+02  1.79999715e+02 
 1.58489319e+02  4.56885407e+01  1.58489319e+02  1.79999693e+02 
 1.71132830e+02  4.56885407e+01  1.71132830e+02  1.79999668e+02 
 1.84784980e+02  4.56885407e+01  1.84784980e+02  1.79999642e+02 
 1.99526231e+02  4.56885407e+01  1.99526231e+02  1.79999613e+02 
 2.15443469e+02  4.56885407e+01  2.15443469e+02  1.79999582e+02 
 2.32630507e+02  4.56885407e+01  2.32630507e+02  1.79999549e+02 
 2.51188643e+02  4.56885407e+01  2.51188643e+02  1.79999513e+02 
 2.71227258e+02  4.56885407e+01  2.71227258e+02  1.79999474e+02 
 2.92864456e+02  4.56885408e+01  2.92864456e+02  1.79999432e+02 
 3.16227766e+02  4.56885408e+01  3.16227766e+02  1.79999387e+02 
 3.41454887e+02  4.56885408e+01  3.41454887e+02  1.79999338e+02 
 3.68694506e+02  4.56885408e+01  3.68694506e+02  1.79999285e+02 
 3.98107171e+02  4.56885408e+01  3.98107171e+02  1.79999228e+02 
 4.29866235e+02  4.56885408e+01  4.29866235e+02  1.79999167e+02 
 4.64158883e+02  4.56885408e+01  4.64158883e+02  1.79999100e+02 
 5.01187234e+02  4.56885408e+01  5.01187234e+02  1.79999028e+02 
 5.41169527e+02  4.56885409e+01  5.41169527e+02  1.79998951e+02 
 5.84341413e+02  4.56885409e+01  5.84341413e+02  1.79998867e+02 
 6.30957344e+02  4.56885409e+01  6.30957344e+02  1.79998777e+02 
 6.81292069e+02  4.56885410e+01  6.81292069e+02  1.79998679e+02 
 7.35642254e+02  4.56885410e+01  7.35642254e+02  1.79998574e+02 
 7.94328235e+02  4.56885411e+01  7.94328235e+02  1.79998460e+02 
 8.57695899e+02  4.56885411e+01  8.57695899e+02  1.79998337e+02 
 9.26118728e+02  4.56885412e+01  9.26118728e+02  1.79998205e+02 
 1.00000000e+03  4.56885413e+01  1.00000000e+03  1.79998062e+02 
 1.07977516e+03  4.56885414e+01  1.07977516e+03  1.79997907e+02 
 1.16591440e+03  4.56885415e+01  1.16591440e+03  1.79997740e+02 
 1.25892541e+03  4.56885416e+01  1.25892541e+03  1.79997560e+02 
 1.35935639e+03  4.56885418e+01  1.35935639e+03  1.79997365e+02 
 1.46779927e+03  4.56885420e+01  1.46779927e+03  1.79997155e+02 
 1.58489319e+03  4.56885422e+01  1.58489319e+03  1.79996928e+02 
 1.71132830e+03  4.56885424e+01  1.71132830e+03  1.79996683e+02 
 1.84784980e+03  4.56885427e+01  1.84784980e+03  1.79996418e+02 
 1.99526231e+03  4.56885431e+01  1.99526231e+03  1.79996132e+02 
 2.15443469e+03  4.56885435e+01  2.15443469e+03  1.79995824e+02 
 2.32630507e+03  4.56885439e+01  2.32630507e+03  1.79995491e+02 
 2.51188643e+03  4.56885444e+01  2.51188643e+03  1.79995131e+02 
 2.71227258e+03  4.56885451e+01  2.71227258e+03  1.79994742e+02 
 2.92864456e+03  4.56885458e+01  2.92864456e+03  1.79994323e+02 
 3.16227766e+03  4.56885466e+01  3.16227766e+03  1.79993870e+02 
 3.41454887e+03  4.56885476e+01  3.41454887e+03  1.79993381e+02 
 3.68694506e+03  4.56885488e+01  3.68694506e+03  1.79992853e+02 
 3.98107171e+03  4.56885501e+01  3.98107171e+03  1.79992283e+02 
 4.29866235e+03  4.56885516e+01  4.29866235e+03  1.79991667e+02 
 4.64158883e+03  4.56885535e+01  4.64158883e+03  1.79991002e+02 
 5.01187234e+03  4.56885556e+01  5.01187234e+03  1.79990285e+02 
 5.41169527e+03  4.56885580e+01  5.41169527e+03  1.79989510e+02 
 5.84341413e+03  4.56885609e+01  5.84341413e+03  1.79988673e+02 
 6.30957344e+03  4.56885643e+01  6.30957344e+03  1.79987769e+02 
 6.81292069e+03  4.56885682e+01  6.81292069e+03  1.79986793e+02 
 7.35642254e+03  4.56885728e+01  7.35642254e+03  1.79985740e+02 
 7.94328235e+03  4.56885781e+01  7.94328235e+03  1.79984602e+02 
 8.57695899e+03  4.56885843e+01  8.57695899e+03  1.79983374e+02 
 9.26118728e+03  4.56885915e+01  9.26118728e+03  1.79982047e+02 
 1.00000000e+04  4.56885999e+01  1.00000000e+04  1.79980615e+02 
 1.07977516e+04  4.56886098e+01  1.07977516e+04  1.79979069e+02 
 1.16591440e+04  4.56886212e+01  1.16591440e+04  1.79977399e+02 
 1.25892541e+04  4.56886346e+01  1.25892541e+04  1.79975596e+02 
 1.35935639e+04  4.56886502e+01  1.35935639e+04  1.79973649e+02 
 1.46779927e+04  4.56886683e+01  1.46779927e+04  1.79971547e+02 
 1.58489319e+04  4.56886895e+01  1.58489319e+04  1.79969277e+02 
 1.71132830e+04  4.56887142e+01  1.71132830e+04  1.79966826e+02 
 1.84784980e+04  4.56887430e+01  1.84784980e+04  1.79964179e+02 
 1.99526231e+04  4.56887765e+01  1.99526231e+04  1.79961321e+02 
 2.15443469e+04  4.56888157e+01  2.15443469e+04  1.79958235e+02 
 2.32630507e+04  4.56888613e+01  2.32630507e+04  1.79954903e+02 
 2.51188643e+04  4.56889145e+01  2.51188643e+04  1.79951305e+02 
 2.71227258e+04  4.56889765e+01  2.71227258e+04  1.79947420e+02 
 2.92864456e+04  4.56890488e+01  2.92864456e+04  1.79943224e+02 
 3.16227766e+04  4.56891331e+01  3.16227766e+04  1.79938694e+02 
 3.41454887e+04  4.56892315e+01  3.41454887e+04  1.79933802e+02 
 3.68694506e+04  4.56893460e+01  3.68694506e+04  1.79928520e+02 
 3.98107171e+04  4.56894797e+01  3.98107171e+04  1.79922815e+02 
 4.29866235e+04  4.56896355e+01  4.29866235e+04  1.79916656e+02 
 4.64158883e+04  4.56898171e+01  4.64158883e+04  1.79910004e+02 
 5.01187234e+04  4.56900289e+01  5.01187234e+04  1.79902821e+02 
 5.41169527e+04  4.56902759e+01  5.41169527e+04  1.79895063e+02 
 5.84341413e+04  4.56905638e+01  5.84341413e+04  1.79886686e+02 
 6.30957344e+04  4.56908995e+01  6.30957344e+04  1.79877639e+02 
 6.81292069e+04  4.56912909e+01  6.81292069e+04  1.79867868e+02 
 7.35642254e+04  4.56917473e+01  7.35642254e+04  1.79857315e+02 
 7.94328235e+04  4.56922794e+01  7.94328235e+04  1.79845917e+02 
 8.57695899e+04  4.56928998e+01  8.57695899e+04  1.79833606e+02 
 9.26118728e+04  4.56936234e+01  9.26118728e+04  1.79820308e+02 
 1.00000000e+05  4.56944667e+01  1.00000000e+05  1.79805942e+02 
 1.07977516e+05  4.56954504e+01  1.07977516e+05  1.79790423e+02 
 1.16591440e+05  4.56965977e+01  1.16591440e+05  1.79773657e+02 
 1.25892541e+05  4.56979348e+01  1.25892541e+05  1.79755540e+02 
 1.35935639e+05  4.56994946e+01  1.35935639e+05  1.79735962e+02 
 1.46779927e+05  4.57013126e+01  1.46779927e+05  1.79714802e+02 
 1.58489319e+05  4.57034341e+01  1.58489319e+05  1.79691930e+02 
 1.71132830e+05  4.57059073e+01  1.71132830e+05  1.79667202e+02 
 1.84784980e+05  4.57087916e+01  1.84784980e+05  1.79640462e+02 
 1.99526231e+05  4.57121563e+01  1.99526231e+05  1.79611539e+02 
 2.15443469e+05  4.57160799e+01  2.15443469e+05  1.79580245e+02 
 2.32630507e+05  4.57206580e+01  2.32630507e+05  1.79546378e+02 
 2.51188643e+05  4.57259979e+01  2.51188643e+05  1.79509707e+02 
 2.71227258e+05  4.57322277e+01  2.71227258e+05  1.79469987e+02 
 2.92864456e+05  4.57394963e+01  2.92864456e+05  1.79426938e+02 
 3.16227766e+05  4.57479786e+01  3.16227766e+05  1.79380257e+02 
 3.41454887e+05  4.57578801e+01  3.41454887e+05  1.79329597e+02 
 3.68694506e+05  4.57694335e+01  3.68694506e+05  1.79274575e+02 
 3.98107171e+05  4.57829265e+01  3.98107171e+05  1.79214764e+02 
 4.29866235e+05  4.57986821e+01  4.29866235e+05  1.79149666e+02 
 4.64158883e+05  4.58170877e+01  4.64158883e+05  1.79078730e+02 
 5.01187234e+05  4.58385907e+01  5.01187234e+05  1.79001313e+02 
 5.41169527e+05  4.58637235e+01  5.41169527e+05  1.78916673e+02 
 5.84341413e+05  4.58931260e+01  5.84341413e+05  1.78823966e+02 
 6.30957344e+05  4.59275270e+01  6.30957344e+05  1.78722170e+02 
 6.81292069e+05  4.59677999e+01  6.81292069e+05  1.78610102e+02 
 7.35642254e+05  4.60149680e+01  7.35642254e+05  1.78486354e+02 
 7.94328235e+05  4.60702987e+01  7.94328235e+05  1.78349198e+02 
 8.57695899e+05  4.61352213e+01  8.57695899e+05  1.78196577e+02 
 9.26118728e+05  4.62115194e+01  9.26118728e+05  1.78025908e+02 
 1.00000000e+06  4.63012906e+01  1.00000000e+06  1.77834042e+02 
 1.07977516e+06  4.64070797e+01  1.07977516e+06  1.77617052e+02 
 1.16591440e+06  4.65320156e+01  1.16591440e+06  1.77369738e+02 
 1.25892541e+06  4.66798358e+01  1.25892541e+06  1.77085612e+02 
 1.35935639e+06  4.68553199e+01  1.35935639e+06  1.76756204e+02 
 1.46779927e+06  4.70642008e+01  1.46779927e+06  1.76369593e+02 
 1.58489319e+06  4.73139804e+01  1.58489319e+06  1.75910591e+02 
 1.71132830e+06  4.76138858e+01  1.71132830e+06  1.75357238e+02 
 1.84784980e+06  4.79763339e+01  1.84784980e+06  1.74678434e+02 
 1.99526231e+06  4.84175381e+01  1.99526231e+06  1.73828355e+02 
 2.15443469e+06  4.89593156e+01  2.15443469e+06  1.72736590e+02 
 2.32630507e+06  4.96325038e+01  2.32630507e+06  1.71290152e+02 
 2.51188643e+06  5.04806609e+01  2.51188643e+06  1.69297516e+02 
 2.71227258e+06  5.15689285e+01  2.71227258e+06  1.66405806e+02 
 2.92864456e+06  5.29947314e+01  2.92864456e+06  1.61907181e+02 
 3.16227766e+06  5.48945858e+01  3.16227766e+06  1.54193542e+02 
 3.41454887e+06  5.73482047e+01  3.41454887e+06  1.39187664e+02 
 3.68694506e+06  5.94671397e+01  3.68694506e+06  1.08368231e+02 
 3.98107171e+06  5.80819593e+01  3.98107171e+06  6.77610546e+01 
 4.29866235e+06  5.42469799e+01  4.29866235e+06  4.32180057e+01 
 4.64158883e+06  5.06212235e+01  4.64158883e+06  3.14639504e+01 
 5.01187234e+06  4.75499336e+01  5.01187234e+06  2.52546274e+01 
 5.41169527e+06  4.49034253e+01  5.41169527e+06  2.16178627e+01 
 5.84341413e+06  4.25557013e+01  5.84341413e+06  1.93457887e+01 
 6.30957344e+06  4.04226404e+01  6.30957344e+06  1.78849228e+01 
 6.81292069e+06  3.84449984e+01  6.81292069e+06  1.69535154e+01 
 7.35642254e+06  3.65844977e+01  7.35642254e+06  1.63940031e+01 
 7.94328235e+06  3.48132493e+01  7.94328235e+06  1.61131313e+01 
 8.57695899e+06  3.31104755e+01  8.57695899e+06  1.60535361e+01 
 9.26118728e+06  3.14596148e+01  9.26118728e+06  1.61859970e+01 
 1.00000000e+07  2.98509759e+01  1.00000000e+07  1.64848345e+01 
 1.07977516e+07  2.82714788e+01  1.07977516e+07  1.69453238e+01 
 1.16591440e+07  2.67167516e+01  1.16591440e+07  1.75504629e+01 
 1.25892541e+07  2.51748147e+01  1.25892541e+07  1.83168072e+01 
 1.35935639e+07  2.36442814e+01  1.35935639e+07  1.92452802e+01 
 1.46779927e+07  2.21177745e+01  1.46779927e+07  2.03423393e+01 
 1.58489319e+07  2.05882975e+01  1.58489319e+07  2.16343208e+01 
 1.71132830e+07  1.90534795e+01  1.71132830e+07  2.31570280e+01 
 1.84784980e+07  1.75074307e+01  1.84784980e+07  2.49146431e+01 
 1.99526231e+07  1.59455088e+01  1.99526231e+07  2.69820364e+01 
 2.15443469e+07  1.43585729e+01  2.15443469e+07  2.94016192e+01 
 2.32630507e+07  1.27482263e+01  2.32630507e+07  3.22756517e+01 
 2.51188643e+07  1.11161790e+01  2.51188643e+07  3.56680962e+01 
 2.71227258e+07  9.44034977e+00  2.71227258e+07  3.98174996e+01 
 2.92864456e+07  7.74640967e+00  2.92864456e+07  4.47938734e+01 
 3.16227766e+07  6.04521495e+00  3.16227766e+07  5.10511651e+01 
 3.41454887e+07  4.36552822e+00  3.41454887e+07  5.85059487e+01 
 3.68694506e+07  2.74978453e+00  3.68694506e+07  6.76807902e+01 
 3.98107171e+07  1.39335632e+00  3.98107171e+07  7.85330272e+01 
 4.29866235e+07  2.28519811e-01  4.29866235e+07  9.11416164e+01 
 4.64158883e+07 -3.96564707e-01  4.64158883e+07  1.03857959e+02 
 5.01187234e+07 -6.92959089e-01  5.01187234e+07  1.18243415e+02 
 5.41169527e+07 -4.64375663e-01  5.41169527e+07  1.26899312e+02 
 5.84341413e+07 -3.07472570e-01  5.84341413e+07  1.38864418e+02 
 6.30957344e+07  1.12699446e-02  6.30957344e+07  1.46686951e+02 
 6.81292069e+07  5.32262432e-01  6.81292069e+07  1.54763926e+02 
 7.35642254e+07  9.24744094e-01  7.35642254e+07  1.59705145e+02 
 7.94328235e+07  1.35611292e+00  7.94328235e+07  1.63374847e+02 
 8.57695899e+07  1.79407931e+00  8.57695899e+07  1.67686476e+02 
 9.26118728e+07  2.00003878e+00  9.26118728e+07  1.72615268e+02 
 1.00000000e+08  2.53384740e+00  1.00000000e+08  1.75439369e+02 
 1.07977516e+08  2.76435890e+00  1.07977516e+08  1.78103706e+02 
 1.16591440e+08  3.12009041e+00  1.16591440e+08  1.80707535e+02 
 1.25892541e+08  3.42988745e+00  1.25892541e+08  1.83093543e+02 
 1.35935639e+08  4.13772102e+00  1.35935639e+08  1.84862800e+02 
 1.46779927e+08  4.40769554e+00  1.46779927e+08  1.86579703e+02 
 1.58489319e+08  5.03554352e+00  1.58489319e+08  1.87925439e+02 
 1.71132830e+08  4.67991263e+00  1.71132830e+08  1.89265093e+02 
 1.84784980e+08  5.31629098e+00  1.84784980e+08  1.89488450e+02 
 1.99526231e+08  6.66625162e+00  1.99526231e+08  1.89989767e+02 
 2.15443469e+08  5.67230854e+00  2.15443469e+08  1.91066797e+02 
 2.32630507e+08  5.72212550e+00  2.32630507e+08  1.90683140e+02 
 2.51188643e+08  7.28002186e+00  2.51188643e+08  1.90523793e+02 
 2.71227258e+08  6.22123851e+00  2.71227258e+08  1.89860694e+02 
 2.92864456e+08  7.40802871e+00  2.92864456e+08  1.88816776e+02 
 3.16227766e+08  5.64424560e+00  3.16227766e+08  1.88660509e+02 
 3.41454887e+08  8.25254023e+00  3.41454887e+08  1.87436974e+02 
 3.68694506e+08  8.07169137e+00  3.68694506e+08  1.86866270e+02 
 3.98107171e+08  5.80910864e+00  3.98107171e+08  1.85976290e+02 
 4.29866235e+08  9.59016609e+00  4.29866235e+08  1.84979193e+02 
 4.64158883e+08  1.02346859e+01  4.64158883e+08  1.84632185e+02 
 5.01187234e+08  6.99320844e+00  5.01187234e+08  1.83467995e+02 
 5.41169527e+08  5.66199772e+00  5.41169527e+08  1.82570489e+02 
 5.84341413e+08  8.76375285e+00  5.84341413e+08  1.82331322e+02 
 6.30957344e+08  4.93208839e+00  6.30957344e+08  1.81798895e+02 
 6.81292069e+08  6.03496486e+00  6.81292069e+08  1.81712879e+02 
 7.35642254e+08  8.23529633e+00  7.35642254e+08  1.81308559e+02 
 7.94328235e+08  6.86727789e+00  7.94328235e+08  1.81297523e+02 
 8.57695899e+08 -5.00592272e-01  8.57695899e+08  1.80230663e+02 
 9.26118728e+08  6.63579323e-01  9.26118728e+08  1.79281253e+02 
 1.00000000e+09  2.84564493e+00  1.00000000e+09  1.79072413e+02 
