 1.00000000e+00  4.67288762e+01  1.00000000e+00  1.79999998e+02 
 1.07977516e+00  4.67288762e+01  1.07977516e+00  1.79999998e+02 
 1.16591440e+00  4.67288762e+01  1.16591440e+00  1.79999998e+02 
 1.25892541e+00  4.67288762e+01  1.25892541e+00  1.79999998e+02 
 1.35935639e+00  4.67288762e+01  1.35935639e+00  1.79999998e+02 
 1.46779927e+00  4.67288762e+01  1.46779927e+00  1.79999997e+02 
 1.58489319e+00  4.67288762e+01  1.58489319e+00  1.79999997e+02 
 1.71132830e+00  4.67288762e+01  1.71132830e+00  1.79999997e+02 
 1.84784980e+00  4.67288762e+01  1.84784980e+00  1.79999997e+02 
 1.99526231e+00  4.67288762e+01  1.99526231e+00  1.79999997e+02 
 2.15443469e+00  4.67288762e+01  2.15443469e+00  1.79999996e+02 
 2.32630507e+00  4.67288762e+01  2.32630507e+00  1.79999996e+02 
 2.51188643e+00  4.67288762e+01  2.51188643e+00  1.79999996e+02 
 2.71227258e+00  4.67288762e+01  2.71227258e+00  1.79999995e+02 
 2.92864456e+00  4.67288762e+01  2.92864456e+00  1.79999995e+02 
 3.16227766e+00  4.67288762e+01  3.16227766e+00  1.79999995e+02 
 3.41454887e+00  4.67288762e+01  3.41454887e+00  1.79999994e+02 
 3.68694506e+00  4.67288762e+01  3.68694506e+00  1.79999994e+02 
 3.98107171e+00  4.67288762e+01  3.98107171e+00  1.79999993e+02 
 4.29866235e+00  4.67288762e+01  4.29866235e+00  1.79999993e+02 
 4.64158883e+00  4.67288762e+01  4.64158883e+00  1.79999992e+02 
 5.01187234e+00  4.67288762e+01  5.01187234e+00  1.79999991e+02 
 5.41169527e+00  4.67288762e+01  5.41169527e+00  1.79999991e+02 
 5.84341413e+00  4.67288762e+01  5.84341413e+00  1.79999990e+02 
 6.30957344e+00  4.67288762e+01  6.30957344e+00  1.79999989e+02 
 6.81292069e+00  4.67288762e+01  6.81292069e+00  1.79999988e+02 
 7.35642254e+00  4.67288762e+01  7.35642254e+00  1.79999987e+02 
 7.94328235e+00  4.67288762e+01  7.94328235e+00  1.79999986e+02 
 8.57695899e+00  4.67288762e+01  8.57695899e+00  1.79999985e+02 
 9.26118728e+00  4.67288762e+01  9.26118728e+00  1.79999984e+02 
 1.00000000e+01  4.67288762e+01  1.00000000e+01  1.79999983e+02 
 1.07977516e+01  4.67288762e+01  1.07977516e+01  1.79999982e+02 
 1.16591440e+01  4.67288762e+01  1.16591440e+01  1.79999980e+02 
 1.25892541e+01  4.67288762e+01  1.25892541e+01  1.79999978e+02 
 1.35935639e+01  4.67288762e+01  1.35935639e+01  1.79999977e+02 
 1.46779927e+01  4.67288762e+01  1.46779927e+01  1.79999975e+02 
 1.58489319e+01  4.67288762e+01  1.58489319e+01  1.79999973e+02 
 1.71132830e+01  4.67288762e+01  1.71132830e+01  1.79999971e+02 
 1.84784980e+01  4.67288762e+01  1.84784980e+01  1.79999968e+02 
 1.99526231e+01  4.67288762e+01  1.99526231e+01  1.79999966e+02 
 2.15443469e+01  4.67288762e+01  2.15443469e+01  1.79999963e+02 
 2.32630507e+01  4.67288762e+01  2.32630507e+01  1.79999960e+02 
 2.51188643e+01  4.67288762e+01  2.51188643e+01  1.79999957e+02 
 2.71227258e+01  4.67288762e+01  2.71227258e+01  1.79999954e+02 
 2.92864456e+01  4.67288762e+01  2.92864456e+01  1.79999950e+02 
 3.16227766e+01  4.67288762e+01  3.16227766e+01  1.79999946e+02 
 3.41454887e+01  4.67288762e+01  3.41454887e+01  1.79999942e+02 
 3.68694506e+01  4.67288762e+01  3.68694506e+01  1.79999937e+02 
 3.98107171e+01  4.67288762e+01  3.98107171e+01  1.79999932e+02 
 4.29866235e+01  4.67288762e+01  4.29866235e+01  1.79999926e+02 
 4.64158883e+01  4.67288762e+01  4.64158883e+01  1.79999921e+02 
 5.01187234e+01  4.67288762e+01  5.01187234e+01  1.79999914e+02 
 5.41169527e+01  4.67288762e+01  5.41169527e+01  1.79999907e+02 
 5.84341413e+01  4.67288762e+01  5.84341413e+01  1.79999900e+02 
 6.30957344e+01  4.67288762e+01  6.30957344e+01  1.79999892e+02 
 6.81292069e+01  4.67288762e+01  6.81292069e+01  1.79999883e+02 
 7.35642254e+01  4.67288762e+01  7.35642254e+01  1.79999874e+02 
 7.94328235e+01  4.67288762e+01  7.94328235e+01  1.79999864e+02 
 8.57695899e+01  4.67288762e+01  8.57695899e+01  1.79999853e+02 
 9.26118728e+01  4.67288762e+01  9.26118728e+01  1.79999841e+02 
 1.00000000e+02  4.67288762e+01  1.00000000e+02  1.79999829e+02 
 1.07977516e+02  4.67288762e+01  1.07977516e+02  1.79999815e+02 
 1.16591440e+02  4.67288762e+01  1.16591440e+02  1.79999800e+02 
 1.25892541e+02  4.67288762e+01  1.25892541e+02  1.79999784e+02 
 1.35935639e+02  4.67288762e+01  1.35935639e+02  1.79999767e+02 
 1.46779927e+02  4.67288762e+01  1.46779927e+02  1.79999749e+02 
 1.58489319e+02  4.67288762e+01  1.58489319e+02  1.79999729e+02 
 1.71132830e+02  4.67288762e+01  1.71132830e+02  1.79999707e+02 
 1.84784980e+02  4.67288762e+01  1.84784980e+02  1.79999684e+02 
 1.99526231e+02  4.67288762e+01  1.99526231e+02  1.79999658e+02 
 2.15443469e+02  4.67288762e+01  2.15443469e+02  1.79999631e+02 
 2.32630507e+02  4.67288762e+01  2.32630507e+02  1.79999602e+02 
 2.51188643e+02  4.67288763e+01  2.51188643e+02  1.79999570e+02 
 2.71227258e+02  4.67288763e+01  2.71227258e+02  1.79999536e+02 
 2.92864456e+02  4.67288763e+01  2.92864456e+02  1.79999499e+02 
 3.16227766e+02  4.67288763e+01  3.16227766e+02  1.79999459e+02 
 3.41454887e+02  4.67288763e+01  3.41454887e+02  1.79999415e+02 
 3.68694506e+02  4.67288763e+01  3.68694506e+02  1.79999369e+02 
 3.98107171e+02  4.67288763e+01  3.98107171e+02  1.79999319e+02 
 4.29866235e+02  4.67288763e+01  4.29866235e+02  1.79999264e+02 
 4.64158883e+02  4.67288764e+01  4.64158883e+02  1.79999205e+02 
 5.01187234e+02  4.67288764e+01  5.01187234e+02  1.79999142e+02 
 5.41169527e+02  4.67288764e+01  5.41169527e+02  1.79999074e+02 
 5.84341413e+02  4.67288764e+01  5.84341413e+02  1.79999000e+02 
 6.30957344e+02  4.67288765e+01  6.30957344e+02  1.79998920e+02 
 6.81292069e+02  4.67288765e+01  6.81292069e+02  1.79998834e+02 
 7.35642254e+02  4.67288766e+01  7.35642254e+02  1.79998741e+02 
 7.94328235e+02  4.67288766e+01  7.94328235e+02  1.79998640e+02 
 8.57695899e+02  4.67288767e+01  8.57695899e+02  1.79998532e+02 
 9.26118728e+02  4.67288768e+01  9.26118728e+02  1.79998415e+02 
 1.00000000e+03  4.67288769e+01  1.00000000e+03  1.79998288e+02 
 1.07977516e+03  4.67288770e+01  1.07977516e+03  1.79998152e+02 
 1.16591440e+03  4.67288771e+01  1.16591440e+03  1.79998004e+02 
 1.25892541e+03  4.67288773e+01  1.25892541e+03  1.79997845e+02 
 1.35935639e+03  4.67288775e+01  1.35935639e+03  1.79997673e+02 
 1.46779927e+03  4.67288777e+01  1.46779927e+03  1.79997487e+02 
 1.58489319e+03  4.67288779e+01  1.58489319e+03  1.79997287e+02 
 1.71132830e+03  4.67288782e+01  1.71132830e+03  1.79997071e+02 
 1.84784980e+03  4.67288785e+01  1.84784980e+03  1.79996837e+02 
 1.99526231e+03  4.67288789e+01  1.99526231e+03  1.79996585e+02 
 2.15443469e+03  4.67288794e+01  2.15443469e+03  1.79996312e+02 
 2.32630507e+03  4.67288799e+01  2.32630507e+03  1.79996018e+02 
 2.51188643e+03  4.67288805e+01  2.51188643e+03  1.79995700e+02 
 2.71227258e+03  4.67288812e+01  2.71227258e+03  1.79995357e+02 
 2.92864456e+03  4.67288820e+01  2.92864456e+03  1.79994987e+02 
 3.16227766e+03  4.67288830e+01  3.16227766e+03  1.79994587e+02 
 3.41454887e+03  4.67288841e+01  3.41454887e+03  1.79994155e+02 
 3.68694506e+03  4.67288854e+01  3.68694506e+03  1.79993689e+02 
 3.98107171e+03  4.67288869e+01  3.98107171e+03  1.79993185e+02 
 4.29866235e+03  4.67288887e+01  4.29866235e+03  1.79992642e+02 
 4.64158883e+03  4.67288908e+01  4.64158883e+03  1.79992055e+02 
 5.01187234e+03  4.67288932e+01  5.01187234e+03  1.79991421e+02 
 5.41169527e+03  4.67288961e+01  5.41169527e+03  1.79990736e+02 
 5.84341413e+03  4.67288993e+01  5.84341413e+03  1.79989997e+02 
 6.30957344e+03  4.67289032e+01  6.30957344e+03  1.79989199e+02 
 6.81292069e+03  4.67289077e+01  6.81292069e+03  1.79988338e+02 
 7.35642254e+03  4.67289129e+01  7.35642254e+03  1.79987407e+02 
 7.94328235e+03  4.67289190e+01  7.94328235e+03  1.79986403e+02 
 8.57695899e+03  4.67289260e+01  8.57695899e+03  1.79985318e+02 
 9.26118728e+03  4.67289343e+01  9.26118728e+03  1.79984147e+02 
 1.00000000e+04  4.67289440e+01  1.00000000e+04  1.79982882e+02 
 1.07977516e+04  4.67289552e+01  1.07977516e+04  1.79981516e+02 
 1.16591440e+04  4.67289683e+01  1.16591440e+04  1.79980042e+02 
 1.25892541e+04  4.67289836e+01  1.25892541e+04  1.79978449e+02 
 1.35935639e+04  4.67290014e+01  1.35935639e+04  1.79976730e+02 
 1.46779927e+04  4.67290222e+01  1.46779927e+04  1.79974874e+02 
 1.58489319e+04  4.67290464e+01  1.58489319e+04  1.79972869e+02 
 1.71132830e+04  4.67290746e+01  1.71132830e+04  1.79970704e+02 
 1.84784980e+04  4.67291075e+01  1.84784980e+04  1.79968367e+02 
 1.99526231e+04  4.67291459e+01  1.99526231e+04  1.79965843e+02 
 2.15443469e+04  4.67291907e+01  2.15443469e+04  1.79963118e+02 
 2.32630507e+04  4.67292428e+01  2.32630507e+04  1.79960176e+02 
 2.51188643e+04  4.67293037e+01  2.51188643e+04  1.79956998e+02 
 2.71227258e+04  4.67293746e+01  2.71227258e+04  1.79953567e+02 
 2.92864456e+04  4.67294573e+01  2.92864456e+04  1.79949862e+02 
 3.16227766e+04  4.67295537e+01  3.16227766e+04  1.79945861e+02 
 3.41454887e+04  4.67296661e+01  3.41454887e+04  1.79941541e+02 
 3.68694506e+04  4.67297972e+01  3.68694506e+04  1.79936876e+02 
 3.98107171e+04  4.67299500e+01  3.98107171e+04  1.79931838e+02 
 4.29866235e+04  4.67301281e+01  4.29866235e+04  1.79926398e+02 
 4.64158883e+04  4.67303359e+01  4.64158883e+04  1.79920523e+02 
 5.01187234e+04  4.67305781e+01  5.01187234e+04  1.79914179e+02 
 5.41169527e+04  4.67308605e+01  5.41169527e+04  1.79907327e+02 
 5.84341413e+04  4.67311898e+01  5.84341413e+04  1.79899928e+02 
 6.30957344e+04  4.67315737e+01  6.30957344e+04  1.79891936e+02 
 6.81292069e+04  4.67320213e+01  6.81292069e+04  1.79883305e+02 
 7.35642254e+04  4.67325433e+01  7.35642254e+04  1.79873983e+02 
 7.94328235e+04  4.67331518e+01  7.94328235e+04  1.79863914e+02 
 8.57695899e+04  4.67338613e+01  8.57695899e+04  1.79853037e+02 
 9.26118728e+04  4.67346888e+01  9.26118728e+04  1.79841288e+02 
 1.00000000e+05  4.67356534e+01  1.00000000e+05  1.79828594e+02 
 1.07977516e+05  4.67367783e+01  1.07977516e+05  1.79814880e+02 
 1.16591440e+05  4.67380900e+01  1.16591440e+05  1.79800061e+02 
 1.25892541e+05  4.67396197e+01  1.25892541e+05  1.79784046e+02 
 1.35935639e+05  4.67414036e+01  1.35935639e+05  1.79766737e+02 
 1.46779927e+05  4.67434838e+01  1.46779927e+05  1.79748027e+02 
 1.58489319e+05  4.67459096e+01  1.58489319e+05  1.79727797e+02 
 1.71132830e+05  4.67487389e+01  1.71132830e+05  1.79705920e+02 
 1.84784980e+05  4.67520388e+01  1.84784980e+05  1.79682256e+02 
 1.99526231e+05  4.67558877e+01  1.99526231e+05  1.79656650e+02 
 2.15443469e+05  4.67603769e+01  2.15443469e+05  1.79628936e+02 
 2.32630507e+05  4.67656142e+01  2.32630507e+05  1.79598926e+02 
 2.51188643e+05  4.67717247e+01  2.51188643e+05  1.79566416e+02 
 2.71227258e+05  4.67788529e+01  2.71227258e+05  1.79531178e+02 
 2.92864456e+05  4.67871714e+01  2.92864456e+05  1.79492959e+02 
 3.16227766e+05  4.67968814e+01  3.16227766e+05  1.79451477e+02 
 3.41454887e+05  4.68082129e+01  3.41454887e+05  1.79406417e+02 
 3.68694506e+05  4.68214479e+01  3.68694506e+05  1.79357419e+02 
 3.98107171e+05  4.68368979e+01  3.98107171e+05  1.79304080e+02 
 4.29866235e+05  4.68549478e+01  4.29866235e+05  1.79245937e+02 
 4.64158883e+05  4.68760378e+01  4.64158883e+05  1.79182462e+02 
 5.01187234e+05  4.69006901e+01  5.01187234e+05  1.79113042e+02 
 5.41169527e+05  4.69295183e+01  5.41169527e+05  1.79036964e+02 
 5.84341413e+05  4.69632495e+01  5.84341413e+05  1.78953390e+02 
 6.30957344e+05  4.70027334e+01  6.30957344e+05  1.78861331e+02 
 6.81292069e+05  4.70489962e+01  6.81292069e+05  1.78759602e+02 
 7.35642254e+05  4.71032366e+01  7.35642254e+05  1.78646779e+02 
 7.94328235e+05  4.71668932e+01  7.94328235e+05  1.78521128e+02 
 8.57695899e+05  4.72416879e+01  8.57695899e+05  1.78380513e+02 
 9.26118728e+05  4.73296835e+01  9.26118728e+05  1.78222282e+02 
 1.00000000e+06  4.74333700e+01  1.00000000e+06  1.78043102e+02 
 1.07977516e+06  4.75558040e+01  1.07977516e+06  1.77838713e+02 
 1.16591440e+06  4.77006810e+01  1.16591440e+06  1.77603626e+02 
 1.25892541e+06  4.78725893e+01  1.25892541e+06  1.77330646e+02 
 1.35935639e+06  4.80772712e+01  1.35935639e+06  1.77010161e+02 
 1.46779927e+06  4.83218714e+01  1.46779927e+06  1.76629113e+02 
 1.58489319e+06  4.86156392e+01  1.58489319e+06  1.76169352e+02 
 1.71132830e+06  4.89705657e+01  1.71132830e+06  1.75604944e+02 
 1.84784980e+06  4.94025201e+01  1.84784980e+06  1.74897803e+02 
 1.99526231e+06  4.99331433e+01  1.99526231e+06  1.73989629e+02 
 2.15443469e+06  5.05925298e+01  2.15443469e+06  1.72787239e+02 
 2.32630507e+06  5.14243775e+01  2.32630507e+06  1.71132543e+02 
 2.51188643e+06  5.24942594e+01  2.51188643e+06  1.68736755e+02 
 2.71227258e+06  5.39047997e+01  2.71227258e+06  1.65017126e+02 
 2.92864456e+06  5.58177146e+01  2.92864456e+06  1.58634164e+02 
 3.16227766e+06  5.84339275e+01  3.16227766e+06  1.45975965e+02 
 3.41454887e+06  6.13070873e+01  3.41454887e+06  1.17135127e+02 
 3.68694506e+06  6.06133252e+01  3.68694506e+06  7.07305732e+01 
 3.98107171e+06  5.63904133e+01  3.98107171e+06  4.21324371e+01 
 4.29866235e+06  5.24381352e+01  4.29866235e+06  2.96523448e+01 
 4.64158883e+06  4.91873245e+01  4.64158883e+06  2.34471976e+01 
 5.01187234e+06  4.64365813e+01  5.01187234e+06  1.99375518e+01 
 5.41169527e+06  4.40240593e+01  5.41169527e+06  1.77959940e+01 
 5.84341413e+06  4.18470702e+01  5.84341413e+06  1.64451087e+01 
 6.30957344e+06  3.98403313e+01  6.30957344e+06  1.55999369e+01 
 6.81292069e+06  3.79594344e+01  6.81292069e+06  1.51058971e+01 
 7.35642254e+06  3.61746602e+01  7.35642254e+06  1.48719081e+01 
 7.94328235e+06  3.44629943e+01  7.94328235e+06  1.48461702e+01 
 8.57695899e+06  3.28083344e+01  8.57695899e+06  1.49925098e+01 
 9.26118728e+06  3.11969358e+01  9.26118728e+06  1.52953344e+01 
 1.00000000e+07  2.96195915e+01  1.00000000e+07  1.57380377e+01 
 1.07977516e+07  2.80681381e+01  1.07977516e+07  1.63195501e+01 
 1.16591440e+07  2.65335261e+01  1.16591440e+07  1.70417055e+01 
 1.25892541e+07  2.50135939e+01  1.25892541e+07  1.79090549e+01 
 1.35935639e+07  2.34980347e+01  1.35935639e+07  1.89236532e+01 
 1.46779927e+07  2.19854563e+01  1.46779927e+07  2.01101372e+01 
 1.58489319e+07  2.04712263e+01  1.58489319e+07  2.14835670e+01 
 1.71132830e+07  1.89474454e+01  1.71132830e+07  2.30723049e+01 
 1.84784980e+07  1.74127686e+01  1.84784980e+07  2.49129619e+01 
 1.99526231e+07  1.58618093e+01  1.99526231e+07  2.70582688e+01 
 2.15443469e+07  1.42832791e+01  2.15443469e+07  2.95451675e+01 
 2.32630507e+07  1.26904088e+01  2.32630507e+07  3.24994541e+01 
 2.51188643e+07  1.10602513e+01  2.51188643e+07  3.59572140e+01 
 2.71227258e+07  9.41184882e+00  2.71227258e+07  4.01517172e+01 
 2.92864456e+07  7.73577697e+00  2.92864456e+07  4.51314236e+01 
 3.16227766e+07  6.05327150e+00  3.16227766e+07  5.13578053e+01 
 3.41454887e+07  4.41620192e+00  3.41454887e+07  5.88713652e+01 
 3.68694506e+07  2.83163974e+00  3.68694506e+07  6.79894141e+01 
 3.98107171e+07  1.45322882e+00  3.98107171e+07  7.91992589e+01 
 4.29866235e+07  3.89724573e-01  4.29866235e+07  9.09725953e+01 
 4.64158883e+07 -2.87976234e-01  4.64158883e+07  1.04028750e+02 
 5.01187234e+07 -6.18281759e-01  5.01187234e+07  1.17783843e+02 
 5.41169527e+07 -4.94531898e-01  5.41169527e+07  1.27849065e+02 
 5.84341413e+07 -2.75822376e-01  5.84341413e+07  1.38469782e+02 
 6.30957344e+07  2.14346919e-01  6.30957344e+07  1.46329300e+02 
 6.81292069e+07  5.84971183e-01  6.81292069e+07  1.52687999e+02 
 7.35642254e+07  9.48615015e-01  7.35642254e+07  1.59051383e+02 
 7.94328235e+07  1.47100553e+00  7.94328235e+07  1.63371500e+02 
 8.57695899e+07  1.82740741e+00  8.57695899e+07  1.68126454e+02 
 9.26118728e+07  2.19285465e+00  9.26118728e+07  1.71236603e+02 
 1.00000000e+08  2.58668613e+00  1.00000000e+08  1.74499993e+02 
 1.07977516e+08  2.91088592e+00  1.07977516e+08  1.77475847e+02 
 1.16591440e+08  3.16137426e+00  1.16591440e+08  1.80107991e+02 
 1.25892541e+08  3.63153227e+00  1.25892541e+08  1.82357522e+02 
 1.35935639e+08  3.80895019e+00  1.35935639e+08  1.84554196e+02 
 1.46779927e+08  4.33044410e+00  1.46779927e+08  1.86162839e+02 
 1.58489319e+08  4.58724889e+00  1.58489319e+08  1.87677504e+02 
 1.71132830e+08  5.04393702e+00  1.71132830e+08  1.88700851e+02 
 1.84784980e+08  5.26343879e+00  1.84784980e+08  1.89935481e+02 
 1.99526231e+08  5.66515078e+00  1.99526231e+08  1.90624201e+02 
 2.15443469e+08  6.30966240e+00  2.15443469e+08  1.90667934e+02 
 2.32630507e+08  5.66810393e+00  2.32630507e+08  1.90545591e+02 
 2.51188643e+08  6.28239924e+00  2.51188643e+08  1.90377630e+02 
 2.71227258e+08  6.70841692e+00  2.71227258e+08  1.89942406e+02 
 2.92864456e+08  6.75258488e+00  2.92864456e+08  1.89339432e+02 
 3.16227766e+08  6.93536784e+00  3.16227766e+08  1.88248023e+02 
 3.41454887e+08  7.34179170e+00  3.41454887e+08  1.87422347e+02 
 3.68694506e+08  8.04929193e+00  3.68694506e+08  1.86602326e+02 
 3.98107171e+08  7.94250410e+00  3.98107171e+08  1.85618749e+02 
 4.29866235e+08  6.67845976e+00  4.29866235e+08  1.84855769e+02 
 4.64158883e+08  6.72511648e+00  4.64158883e+08  1.84265372e+02 
 5.01187234e+08  6.98077436e+00  5.01187234e+08  1.83449121e+02 
 5.41169527e+08  7.58586602e+00  5.41169527e+08  1.82651806e+02 
 5.84341413e+08  8.74182051e+00  5.84341413e+08  1.82671972e+02 
 6.30957344e+08  7.38850410e+00  6.30957344e+08  1.82231051e+02 
 6.81292069e+08  9.56087703e+00  6.81292069e+08  1.81858169e+02 
 7.35642254e+08  8.21665470e+00  7.35642254e+08  1.81003640e+02 
 7.94328235e+08  3.34183831e+00  7.94328235e+08  1.80944263e+02 
 8.57695899e+08  1.15146745e+01  8.57695899e+08  1.79605566e+02 
 9.26118728e+08  4.16024884e+00  9.26118728e+08  1.80235631e+02 
 1.00000000e+09  8.82358460e+00  1.00000000e+09  1.79998728e+02 
