 1.00000000e+00  4.71262955e+01  1.00000000e+00  1.79999998e+02 
 1.07977516e+00  4.71262955e+01  1.07977516e+00  1.79999998e+02 
 1.16591440e+00  4.71262955e+01  1.16591440e+00  1.79999998e+02 
 1.25892541e+00  4.71262955e+01  1.25892541e+00  1.79999998e+02 
 1.35935639e+00  4.71262955e+01  1.35935639e+00  1.79999998e+02 
 1.46779927e+00  4.71262955e+01  1.46779927e+00  1.79999997e+02 
 1.58489319e+00  4.71262955e+01  1.58489319e+00  1.79999997e+02 
 1.71132830e+00  4.71262955e+01  1.71132830e+00  1.79999997e+02 
 1.84784980e+00  4.71262955e+01  1.84784980e+00  1.79999997e+02 
 1.99526231e+00  4.71262955e+01  1.99526231e+00  1.79999997e+02 
 2.15443469e+00  4.71262955e+01  2.15443469e+00  1.79999996e+02 
 2.32630507e+00  4.71262955e+01  2.32630507e+00  1.79999996e+02 
 2.51188643e+00  4.71262955e+01  2.51188643e+00  1.79999996e+02 
 2.71227258e+00  4.71262955e+01  2.71227258e+00  1.79999995e+02 
 2.92864456e+00  4.71262955e+01  2.92864456e+00  1.79999995e+02 
 3.16227766e+00  4.71262955e+01  3.16227766e+00  1.79999994e+02 
 3.41454887e+00  4.71262955e+01  3.41454887e+00  1.79999994e+02 
 3.68694506e+00  4.71262955e+01  3.68694506e+00  1.79999994e+02 
 3.98107171e+00  4.71262955e+01  3.98107171e+00  1.79999993e+02 
 4.29866235e+00  4.71262955e+01  4.29866235e+00  1.79999992e+02 
 4.64158883e+00  4.71262955e+01  4.64158883e+00  1.79999992e+02 
 5.01187234e+00  4.71262955e+01  5.01187234e+00  1.79999991e+02 
 5.41169527e+00  4.71262955e+01  5.41169527e+00  1.79999991e+02 
 5.84341413e+00  4.71262955e+01  5.84341413e+00  1.79999990e+02 
 6.30957344e+00  4.71262955e+01  6.30957344e+00  1.79999989e+02 
 6.81292069e+00  4.71262955e+01  6.81292069e+00  1.79999988e+02 
 7.35642254e+00  4.71262955e+01  7.35642254e+00  1.79999987e+02 
 7.94328235e+00  4.71262955e+01  7.94328235e+00  1.79999986e+02 
 8.57695899e+00  4.71262955e+01  8.57695899e+00  1.79999985e+02 
 9.26118728e+00  4.71262955e+01  9.26118728e+00  1.79999984e+02 
 1.00000000e+01  4.71262955e+01  1.00000000e+01  1.79999983e+02 
 1.07977516e+01  4.71262955e+01  1.07977516e+01  1.79999981e+02 
 1.16591440e+01  4.71262955e+01  1.16591440e+01  1.79999980e+02 
 1.25892541e+01  4.71262955e+01  1.25892541e+01  1.79999978e+02 
 1.35935639e+01  4.71262955e+01  1.35935639e+01  1.79999976e+02 
 1.46779927e+01  4.71262955e+01  1.46779927e+01  1.79999974e+02 
 1.58489319e+01  4.71262955e+01  1.58489319e+01  1.79999972e+02 
 1.71132830e+01  4.71262955e+01  1.71132830e+01  1.79999970e+02 
 1.84784980e+01  4.71262955e+01  1.84784980e+01  1.79999968e+02 
 1.99526231e+01  4.71262955e+01  1.99526231e+01  1.79999965e+02 
 2.15443469e+01  4.71262955e+01  2.15443469e+01  1.79999962e+02 
 2.32630507e+01  4.71262955e+01  2.32630507e+01  1.79999959e+02 
 2.51188643e+01  4.71262955e+01  2.51188643e+01  1.79999956e+02 
 2.71227258e+01  4.71262955e+01  2.71227258e+01  1.79999953e+02 
 2.92864456e+01  4.71262955e+01  2.92864456e+01  1.79999949e+02 
 3.16227766e+01  4.71262955e+01  3.16227766e+01  1.79999945e+02 
 3.41454887e+01  4.71262955e+01  3.41454887e+01  1.79999940e+02 
 3.68694506e+01  4.71262955e+01  3.68694506e+01  1.79999936e+02 
 3.98107171e+01  4.71262955e+01  3.98107171e+01  1.79999930e+02 
 4.29866235e+01  4.71262955e+01  4.29866235e+01  1.79999925e+02 
 4.64158883e+01  4.71262955e+01  4.64158883e+01  1.79999919e+02 
 5.01187234e+01  4.71262955e+01  5.01187234e+01  1.79999912e+02 
 5.41169527e+01  4.71262955e+01  5.41169527e+01  1.79999905e+02 
 5.84341413e+01  4.71262955e+01  5.84341413e+01  1.79999898e+02 
 6.30957344e+01  4.71262955e+01  6.30957344e+01  1.79999890e+02 
 6.81292069e+01  4.71262955e+01  6.81292069e+01  1.79999881e+02 
 7.35642254e+01  4.71262955e+01  7.35642254e+01  1.79999871e+02 
 7.94328235e+01  4.71262955e+01  7.94328235e+01  1.79999861e+02 
 8.57695899e+01  4.71262955e+01  8.57695899e+01  1.79999850e+02 
 9.26118728e+01  4.71262955e+01  9.26118728e+01  1.79999838e+02 
 1.00000000e+02  4.71262955e+01  1.00000000e+02  1.79999825e+02 
 1.07977516e+02  4.71262955e+01  1.07977516e+02  1.79999811e+02 
 1.16591440e+02  4.71262955e+01  1.16591440e+02  1.79999796e+02 
 1.25892541e+02  4.71262955e+01  1.25892541e+02  1.79999780e+02 
 1.35935639e+02  4.71262955e+01  1.35935639e+02  1.79999762e+02 
 1.46779927e+02  4.71262955e+01  1.46779927e+02  1.79999743e+02 
 1.58489319e+02  4.71262955e+01  1.58489319e+02  1.79999723e+02 
 1.71132830e+02  4.71262955e+01  1.71132830e+02  1.79999701e+02 
 1.84784980e+02  4.71262955e+01  1.84784980e+02  1.79999677e+02 
 1.99526231e+02  4.71262955e+01  1.99526231e+02  1.79999651e+02 
 2.15443469e+02  4.71262955e+01  2.15443469e+02  1.79999623e+02 
 2.32630507e+02  4.71262955e+01  2.32630507e+02  1.79999593e+02 
 2.51188643e+02  4.71262955e+01  2.51188643e+02  1.79999561e+02 
 2.71227258e+02  4.71262955e+01  2.71227258e+02  1.79999526e+02 
 2.92864456e+02  4.71262956e+01  2.92864456e+02  1.79999488e+02 
 3.16227766e+02  4.71262956e+01  3.16227766e+02  1.79999447e+02 
 3.41454887e+02  4.71262956e+01  3.41454887e+02  1.79999403e+02 
 3.68694506e+02  4.71262956e+01  3.68694506e+02  1.79999356e+02 
 3.98107171e+02  4.71262956e+01  3.98107171e+02  1.79999304e+02 
 4.29866235e+02  4.71262956e+01  4.29866235e+02  1.79999249e+02 
 4.64158883e+02  4.71262956e+01  4.64158883e+02  1.79999189e+02 
 5.01187234e+02  4.71262957e+01  5.01187234e+02  1.79999124e+02 
 5.41169527e+02  4.71262957e+01  5.41169527e+02  1.79999054e+02 
 5.84341413e+02  4.71262957e+01  5.84341413e+02  1.79998979e+02 
 6.30957344e+02  4.71262958e+01  6.30957344e+02  1.79998897e+02 
 6.81292069e+02  4.71262958e+01  6.81292069e+02  1.79998809e+02 
 7.35642254e+02  4.71262959e+01  7.35642254e+02  1.79998714e+02 
 7.94328235e+02  4.71262960e+01  7.94328235e+02  1.79998612e+02 
 8.57695899e+02  4.71262960e+01  8.57695899e+02  1.79998501e+02 
 9.26118728e+02  4.71262961e+01  9.26118728e+02  1.79998382e+02 
 1.00000000e+03  4.71262962e+01  1.00000000e+03  1.79998252e+02 
 1.07977516e+03  4.71262963e+01  1.07977516e+03  1.79998113e+02 
 1.16591440e+03  4.71262965e+01  1.16591440e+03  1.79997962e+02 
 1.25892541e+03  4.71262966e+01  1.25892541e+03  1.79997800e+02 
 1.35935639e+03  4.71262968e+01  1.35935639e+03  1.79997624e+02 
 1.46779927e+03  4.71262971e+01  1.46779927e+03  1.79997435e+02 
 1.58489319e+03  4.71262973e+01  1.58489319e+03  1.79997230e+02 
 1.71132830e+03  4.71262976e+01  1.71132830e+03  1.79997009e+02 
 1.84784980e+03  4.71262980e+01  1.84784980e+03  1.79996771e+02 
 1.99526231e+03  4.71262984e+01  1.99526231e+03  1.79996513e+02 
 2.15443469e+03  4.71262989e+01  2.15443469e+03  1.79996235e+02 
 2.32630507e+03  4.71262994e+01  2.32630507e+03  1.79995935e+02 
 2.51188643e+03  4.71263001e+01  2.51188643e+03  1.79995610e+02 
 2.71227258e+03  4.71263009e+01  2.71227258e+03  1.79995260e+02 
 2.92864456e+03  4.71263018e+01  2.92864456e+03  1.79994882e+02 
 3.16227766e+03  4.71263028e+01  3.16227766e+03  1.79994474e+02 
 3.41454887e+03  4.71263040e+01  3.41454887e+03  1.79994033e+02 
 3.68694506e+03  4.71263054e+01  3.68694506e+03  1.79993557e+02 
 3.98107171e+03  4.71263071e+01  3.98107171e+03  1.79993043e+02 
 4.29866235e+03  4.71263090e+01  4.29866235e+03  1.79992488e+02 
 4.64158883e+03  4.71263112e+01  4.64158883e+03  1.79991888e+02 
 5.01187234e+03  4.71263139e+01  5.01187234e+03  1.79991241e+02 
 5.41169527e+03  4.71263169e+01  5.41169527e+03  1.79990542e+02 
 5.84341413e+03  4.71263204e+01  5.84341413e+03  1.79989788e+02 
 6.30957344e+03  4.71263246e+01  6.30957344e+03  1.79988973e+02 
 6.81292069e+03  4.71263294e+01  6.81292069e+03  1.79988094e+02 
 7.35642254e+03  4.71263350e+01  7.35642254e+03  1.79987144e+02 
 7.94328235e+03  4.71263416e+01  7.94328235e+03  1.79986118e+02 
 8.57695899e+03  4.71263493e+01  8.57695899e+03  1.79985011e+02 
 9.26118728e+03  4.71263582e+01  9.26118728e+03  1.79983815e+02 
 1.00000000e+04  4.71263686e+01  1.00000000e+04  1.79982524e+02 
 1.07977516e+04  4.71263807e+01  1.07977516e+04  1.79981130e+02 
 1.16591440e+04  4.71263948e+01  1.16591440e+04  1.79979624e+02 
 1.25892541e+04  4.71264113e+01  1.25892541e+04  1.79977999e+02 
 1.35935639e+04  4.71264306e+01  1.35935639e+04  1.79976243e+02 
 1.46779927e+04  4.71264530e+01  1.46779927e+04  1.79974348e+02 
 1.58489319e+04  4.71264791e+01  1.58489319e+04  1.79972301e+02 
 1.71132830e+04  4.71265095e+01  1.71132830e+04  1.79970092e+02 
 1.84784980e+04  4.71265451e+01  1.84784980e+04  1.79967705e+02 
 1.99526231e+04  4.71265865e+01  1.99526231e+04  1.79965129e+02 
 2.15443469e+04  4.71266348e+01  2.15443469e+04  1.79962347e+02 
 2.32630507e+04  4.71266910e+01  2.32630507e+04  1.79959342e+02 
 2.51188643e+04  4.71267567e+01  2.51188643e+04  1.79956098e+02 
 2.71227258e+04  4.71268332e+01  2.71227258e+04  1.79952595e+02 
 2.92864456e+04  4.71269224e+01  2.92864456e+04  1.79948813e+02 
 3.16227766e+04  4.71270264e+01  3.16227766e+04  1.79944728e+02 
 3.41454887e+04  4.71271477e+01  3.41454887e+04  1.79940318e+02 
 3.68694506e+04  4.71272891e+01  3.68694506e+04  1.79935555e+02 
 3.98107171e+04  4.71274540e+01  3.98107171e+04  1.79930411e+02 
 4.29866235e+04  4.71276462e+01  4.29866235e+04  1.79924857e+02 
 4.64158883e+04  4.71278704e+01  4.64158883e+04  1.79918859e+02 
 5.01187234e+04  4.71281316e+01  5.01187234e+04  1.79912381e+02 
 5.41169527e+04  4.71284363e+01  5.41169527e+04  1.79905386e+02 
 5.84341413e+04  4.71287916e+01  5.84341413e+04  1.79897831e+02 
 6.30957344e+04  4.71292057e+01  6.30957344e+04  1.79889672e+02 
 6.81292069e+04  4.71296887e+01  6.81292069e+04  1.79880859e+02 
 7.35642254e+04  4.71302518e+01  7.35642254e+04  1.79871341e+02 
 7.94328235e+04  4.71309084e+01  7.94328235e+04  1.79861059e+02 
 8.57695899e+04  4.71316740e+01  8.57695899e+04  1.79849953e+02 
 9.26118728e+04  4.71325667e+01  9.26118728e+04  1.79837955e+02 
 1.00000000e+05  4.71336076e+01  1.00000000e+05  1.79824992e+02 
 1.07977516e+05  4.71348213e+01  1.07977516e+05  1.79810987e+02 
 1.16591440e+05  4.71362367e+01  1.16591440e+05  1.79795852e+02 
 1.25892541e+05  4.71378871e+01  1.25892541e+05  1.79779496e+02 
 1.35935639e+05  4.71398116e+01  1.35935639e+05  1.79761816e+02 
 1.46779927e+05  4.71420563e+01  1.46779927e+05  1.79742703e+02 
 1.58489319e+05  4.71446738e+01  1.58489319e+05  1.79722036e+02 
 1.71132830e+05  4.71477269e+01  1.71132830e+05  1.79699684e+02 
 1.84784980e+05  4.71512876e+01  1.84784980e+05  1.79675503e+02 
 1.99526231e+05  4.71554411e+01  1.99526231e+05  1.79649334e+02 
 2.15443469e+05  4.71602859e+01  2.15443469e+05  1.79621005e+02 
 2.32630507e+05  4.71659378e+01  2.32630507e+05  1.79590323e+02 
 2.51188643e+05  4.71725323e+01  2.51188643e+05  1.79557077e+02 
 2.71227258e+05  4.71802268e+01  2.71227258e+05  1.79521031e+02 
 2.92864456e+05  4.71892073e+01  2.92864456e+05  1.79481924e+02 
 3.16227766e+05  4.71996873e+01  3.16227766e+05  1.79439462e+02 
 3.41454887e+05  4.72119226e+01  3.41454887e+05  1.79393316e+02 
 3.68694506e+05  4.72262090e+01  3.68694506e+05  1.79343114e+02 
 3.98107171e+05  4.72428954e+01  3.98107171e+05  1.79288430e+02 
 4.29866235e+05  4.72623872e+01  4.29866235e+05  1.79228783e+02 
 4.64158883e+05  4.72851723e+01  4.64158883e+05  1.79163613e+02 
 5.01187234e+05  4.73118045e+01  5.01187234e+05  1.79092274e+02 
 5.41169527e+05  4.73429621e+01  5.41169527e+05  1.79014010e+02 
 5.84341413e+05  4.73794246e+01  5.84341413e+05  1.78927930e+02 
 6.30957344e+05  4.74221274e+01  6.30957344e+05  1.78832976e+02 
 6.81292069e+05  4.74721727e+01  6.81292069e+05  1.78727879e+02 
 7.35642254e+05  4.75308751e+01  7.35642254e+05  1.78611102e+02 
 7.94328235e+05  4.75998038e+01  7.94328235e+05  1.78480765e+02 
 8.57695899e+05  4.76808512e+01  8.57695899e+05  1.78334545e+02 
 9.26118728e+05  4.77762847e+01  9.26118728e+05  1.78169537e+02 
 1.00000000e+06  4.78888522e+01  1.00000000e+06  1.77982063e+02 
 1.07977516e+06  4.80218818e+01  1.07977516e+06  1.77767418e+02 
 1.16591440e+06  4.81795169e+01  1.16591440e+06  1.77519454e+02 
 1.25892541e+06  4.83668758e+01  1.25892541e+06  1.77230084e+02 
 1.35935639e+06  4.85903383e+01  1.35935639e+06  1.76888380e+02 
 1.46779927e+06  4.88580533e+01  1.46779927e+06  1.76479351e+02 
 1.58489319e+06  4.91804774e+01  1.58489319e+06  1.75981895e+02 
 1.71132830e+06  4.95714291e+01  1.71132830e+06  1.75365459e+02 
 1.84784980e+06  5.00493697e+01  1.84784980e+06  1.74584248e+02 
 1.99526231e+06  5.06397023e+01  1.99526231e+06  1.73566769e+02 
 2.15443469e+06  5.13786867e+01  2.15443469e+06  1.72195491e+02 
 2.32630507e+06  5.23198996e+01  2.32630507e+06  1.70263833e+02 
 2.51188643e+06  5.35455674e+01  2.51188643e+06  1.67376354e+02 
 2.71227258e+06  5.51871019e+01  2.71227258e+06  1.62683459e+02 
 2.92864456e+06  5.74463955e+01  2.92864456e+06  1.54060973e+02 
 3.16227766e+06  6.04382641e+01  3.16227766e+06  1.35329347e+02 
 3.41454887e+06  6.22971404e+01  3.41454887e+06  9.43050892e+01 
 3.68694506e+06  5.91450566e+01  3.68694506e+06  5.30255194e+01 
 3.98107171e+06  5.48052243e+01  3.98107171e+06  3.41605460e+01 
 4.29866235e+06  5.11944115e+01  4.29866235e+06  2.55797565e+01 
 4.64158883e+06  4.82036601e+01  4.64158883e+06  2.10194051e+01 
 5.01187234e+06  4.56296013e+01  5.01187234e+06  1.83297832e+01 
 5.41169527e+06  4.33405015e+01  5.41169527e+06  1.66537948e+01 
 5.84341413e+06  4.12523787e+01  5.84341413e+06  1.55930737e+01 
 6.30957344e+06  3.93115537e+01  6.30957344e+06  1.49432545e+01 
 6.81292069e+06  3.74808000e+01  6.81292069e+06  1.45889523e+01 
 7.35642254e+06  3.57340498e+01  7.35642254e+06  1.44597881e+01 
 7.94328235e+06  3.40533534e+01  7.94328235e+06  1.45138063e+01 
 8.57695899e+06  3.24220975e+01  8.57695899e+06  1.47259228e+01 
 9.26118728e+06  3.08303020e+01  9.26118728e+06  1.50830636e+01 
 1.00000000e+07  2.92675326e+01  1.00000000e+07  1.55746697e+01 
 1.07977516e+07  2.77284315e+01  1.07977516e+07  1.61995978e+01 
 1.16591440e+07  2.62044002e+01  1.16591440e+07  1.69566660e+01 
 1.25892541e+07  2.46912423e+01  1.25892541e+07  1.78553536e+01 
 1.35935639e+07  2.31832506e+01  1.35935639e+07  1.89092319e+01 
 1.46779927e+07  2.16735449e+01  1.46779927e+07  2.01292666e+01 
 1.58489319e+07  2.01611273e+01  1.58489319e+07  2.15390857e+01 
 1.71132830e+07  1.86381300e+01  1.71132830e+07  2.31631282e+01 
 1.84784980e+07  1.71042187e+01  1.84784980e+07  2.50435893e+01 
 1.99526231e+07  1.55525130e+01  1.99526231e+07  2.72361433e+01 
 2.15443469e+07  1.39758615e+01  2.15443469e+07  2.98070745e+01 
 2.32630507e+07  1.23704409e+01  2.32630507e+07  3.27939655e+01 
 2.51188643e+07  1.07376178e+01  2.51188643e+07  3.63871506e+01 
 2.71227258e+07  9.07453438e+00  2.71227258e+07  4.06744462e+01 
 2.92864456e+07  7.39548611e+00  2.92864456e+07  4.59101314e+01 
 3.16227766e+07  5.71161074e+00  3.16227766e+07  5.22042008e+01 
 3.41454887e+07  4.05399332e+00  3.41454887e+07  6.00095235e+01 
 3.68694506e+07  2.49167285e+00  3.68694506e+07  6.94219407e+01 
 3.98107171e+07  1.14256057e+00  3.98107171e+07  8.08545245e+01 
 4.29866235e+07  1.36301883e-01  4.29866235e+07  9.32852720e+01 
 4.64158883e+07 -4.74636888e-01  4.64158883e+07  1.06979838e+02 
 5.01187234e+07 -6.89417371e-01  5.01187234e+07  1.19087593e+02 
 5.41169527e+07 -5.97092580e-01  5.41169527e+07  1.30624780e+02 
 5.84341413e+07 -2.85791329e-01  5.84341413e+07  1.39744675e+02 
 6.30957344e+07  1.48298937e-01  6.30957344e+07  1.47491796e+02 
 6.81292069e+07  5.32181325e-01  6.81292069e+07  1.54587928e+02 
 7.35642254e+07  9.41464596e-01  7.35642254e+07  1.60256668e+02 
 7.94328235e+07  1.47267551e+00  7.94328235e+07  1.64473903e+02 
 8.57695899e+07  1.69747956e+00  8.57695899e+07  1.69255294e+02 
 9.26118728e+07  2.21599267e+00  9.26118728e+07  1.72636143e+02 
 1.00000000e+08  2.60313199e+00  1.00000000e+08  1.75847968e+02 
 1.07977516e+08  2.95623413e+00  1.07977516e+08  1.78733587e+02 
 1.16591440e+08  3.32621475e+00  1.16591440e+08  1.81115360e+02 
 1.25892541e+08  3.80644752e+00  1.25892541e+08  1.83232722e+02 
 1.35935639e+08  4.00197589e+00  1.35935639e+08  1.85294101e+02 
 1.46779927e+08  4.40887018e+00  1.46779927e+08  1.87079902e+02 
 1.58489319e+08  4.66702623e+00  1.58489319e+08  1.88482508e+02 
 1.71132830e+08  4.91390601e+00  1.71132830e+08  1.89577424e+02 
 1.84784980e+08  5.35810840e+00  1.84784980e+08  1.90550903e+02 
 1.99526231e+08  5.46388338e+00  1.99526231e+08  1.90703661e+02 
 2.15443469e+08  6.05248319e+00  2.15443469e+08  1.90816224e+02 
 2.32630507e+08  6.14903261e+00  2.32630507e+08  1.90894257e+02 
 2.51188643e+08  6.84849977e+00  2.51188643e+08  1.90372258e+02 
 2.71227258e+08  6.78770968e+00  2.71227258e+08  1.89840410e+02 
 2.92864456e+08  6.23370074e+00  2.92864456e+08  1.89082050e+02 
 3.16227766e+08  8.58368173e+00  3.16227766e+08  1.88335007e+02 
 3.41454887e+08  8.29457763e+00  3.41454887e+08  1.87365892e+02 
 3.68694506e+08  7.09113983e+00  3.68694506e+08  1.86474183e+02 
 3.98107171e+08  8.00992424e+00  3.98107171e+08  1.85560009e+02 
 4.29866235e+08  6.73023842e+00  4.29866235e+08  1.84892835e+02 
 4.64158883e+08  6.75379905e+00  4.64158883e+08  1.83893070e+02 
 5.01187234e+08  7.00348484e+00  5.01187234e+08  1.83409068e+02 
 5.41169527e+08  7.59857588e+00  5.41169527e+08  1.82589686e+02 
 5.84341413e+08  8.75655456e+00  5.84341413e+08  1.82445634e+02 
 6.30957344e+08  7.41577152e+00  6.30957344e+08  1.81840497e+02 
 6.81292069e+08  6.04806508e+00  6.81292069e+08  1.81274492e+02 
 7.35642254e+08  8.23028303e+00  7.35642254e+08  1.81225022e+02 
 7.94328235e+08  3.37184213e+00  7.94328235e+08  1.80688189e+02 
 8.57695899e+08  5.53244721e+00  8.57695899e+08  1.80102513e+02 
 9.26118728e+08  1.01821127e+01  9.26118728e+08  1.80779197e+02 
 1.00000000e+09  2.81840509e+00  1.00000000e+09  1.80869712e+02 
