 1.00000000e+00  4.69783261e+01  1.00000000e+00  1.79999998e+02 
 1.07977516e+00  4.69783261e+01  1.07977516e+00  1.79999998e+02 
 1.16591440e+00  4.69783261e+01  1.16591440e+00  1.79999997e+02 
 1.25892541e+00  4.69783261e+01  1.25892541e+00  1.79999997e+02 
 1.35935639e+00  4.69783261e+01  1.35935639e+00  1.79999997e+02 
 1.46779927e+00  4.69783261e+01  1.46779927e+00  1.79999997e+02 
 1.58489319e+00  4.69783261e+01  1.58489319e+00  1.79999997e+02 
 1.71132830e+00  4.69783261e+01  1.71132830e+00  1.79999996e+02 
 1.84784980e+00  4.69783261e+01  1.84784980e+00  1.79999996e+02 
 1.99526231e+00  4.69783261e+01  1.99526231e+00  1.79999996e+02 
 2.15443469e+00  4.69783261e+01  2.15443469e+00  1.79999995e+02 
 2.32630507e+00  4.69783261e+01  2.32630507e+00  1.79999995e+02 
 2.51188643e+00  4.69783261e+01  2.51188643e+00  1.79999995e+02 
 2.71227258e+00  4.69783261e+01  2.71227258e+00  1.79999994e+02 
 2.92864456e+00  4.69783261e+01  2.92864456e+00  1.79999994e+02 
 3.16227766e+00  4.69783261e+01  3.16227766e+00  1.79999993e+02 
 3.41454887e+00  4.69783261e+01  3.41454887e+00  1.79999993e+02 
 3.68694506e+00  4.69783261e+01  3.68694506e+00  1.79999992e+02 
 3.98107171e+00  4.69783261e+01  3.98107171e+00  1.79999991e+02 
 4.29866235e+00  4.69783261e+01  4.29866235e+00  1.79999991e+02 
 4.64158883e+00  4.69783261e+01  4.64158883e+00  1.79999990e+02 
 5.01187234e+00  4.69783261e+01  5.01187234e+00  1.79999989e+02 
 5.41169527e+00  4.69783261e+01  5.41169527e+00  1.79999988e+02 
 5.84341413e+00  4.69783261e+01  5.84341413e+00  1.79999987e+02 
 6.30957344e+00  4.69783261e+01  6.30957344e+00  1.79999986e+02 
 6.81292069e+00  4.69783261e+01  6.81292069e+00  1.79999985e+02 
 7.35642254e+00  4.69783261e+01  7.35642254e+00  1.79999984e+02 
 7.94328235e+00  4.69783261e+01  7.94328235e+00  1.79999983e+02 
 8.57695899e+00  4.69783261e+01  8.57695899e+00  1.79999981e+02 
 9.26118728e+00  4.69783261e+01  9.26118728e+00  1.79999980e+02 
 1.00000000e+01  4.69783261e+01  1.00000000e+01  1.79999978e+02 
 1.07977516e+01  4.69783261e+01  1.07977516e+01  1.79999976e+02 
 1.16591440e+01  4.69783261e+01  1.16591440e+01  1.79999975e+02 
 1.25892541e+01  4.69783261e+01  1.25892541e+01  1.79999972e+02 
 1.35935639e+01  4.69783261e+01  1.35935639e+01  1.79999970e+02 
 1.46779927e+01  4.69783261e+01  1.46779927e+01  1.79999968e+02 
 1.58489319e+01  4.69783261e+01  1.58489319e+01  1.79999965e+02 
 1.71132830e+01  4.69783261e+01  1.71132830e+01  1.79999963e+02 
 1.84784980e+01  4.69783261e+01  1.84784980e+01  1.79999960e+02 
 1.99526231e+01  4.69783261e+01  1.99526231e+01  1.79999956e+02 
 2.15443469e+01  4.69783261e+01  2.15443469e+01  1.79999953e+02 
 2.32630507e+01  4.69783261e+01  2.32630507e+01  1.79999949e+02 
 2.51188643e+01  4.69783261e+01  2.51188643e+01  1.79999945e+02 
 2.71227258e+01  4.69783261e+01  2.71227258e+01  1.79999941e+02 
 2.92864456e+01  4.69783261e+01  2.92864456e+01  1.79999936e+02 
 3.16227766e+01  4.69783261e+01  3.16227766e+01  1.79999931e+02 
 3.41454887e+01  4.69783261e+01  3.41454887e+01  1.79999925e+02 
 3.68694506e+01  4.69783261e+01  3.68694506e+01  1.79999919e+02 
 3.98107171e+01  4.69783261e+01  3.98107171e+01  1.79999913e+02 
 4.29866235e+01  4.69783261e+01  4.29866235e+01  1.79999906e+02 
 4.64158883e+01  4.69783261e+01  4.64158883e+01  1.79999899e+02 
 5.01187234e+01  4.69783261e+01  5.01187234e+01  1.79999890e+02 
 5.41169527e+01  4.69783261e+01  5.41169527e+01  1.79999882e+02 
 5.84341413e+01  4.69783261e+01  5.84341413e+01  1.79999872e+02 
 6.30957344e+01  4.69783261e+01  6.30957344e+01  1.79999862e+02 
 6.81292069e+01  4.69783261e+01  6.81292069e+01  1.79999851e+02 
 7.35642254e+01  4.69783261e+01  7.35642254e+01  1.79999839e+02 
 7.94328235e+01  4.69783261e+01  7.94328235e+01  1.79999826e+02 
 8.57695899e+01  4.69783261e+01  8.57695899e+01  1.79999813e+02 
 9.26118728e+01  4.69783261e+01  9.26118728e+01  1.79999798e+02 
 1.00000000e+02  4.69783261e+01  1.00000000e+02  1.79999781e+02 
 1.07977516e+02  4.69783261e+01  1.07977516e+02  1.79999764e+02 
 1.16591440e+02  4.69783261e+01  1.16591440e+02  1.79999745e+02 
 1.25892541e+02  4.69783261e+01  1.25892541e+02  1.79999725e+02 
 1.35935639e+02  4.69783261e+01  1.35935639e+02  1.79999703e+02 
 1.46779927e+02  4.69783261e+01  1.46779927e+02  1.79999679e+02 
 1.58489319e+02  4.69783261e+01  1.58489319e+02  1.79999654e+02 
 1.71132830e+02  4.69783261e+01  1.71132830e+02  1.79999626e+02 
 1.84784980e+02  4.69783261e+01  1.84784980e+02  1.79999596e+02 
 1.99526231e+02  4.69783261e+01  1.99526231e+02  1.79999564e+02 
 2.15443469e+02  4.69783261e+01  2.15443469e+02  1.79999529e+02 
 2.32630507e+02  4.69783261e+01  2.32630507e+02  1.79999492e+02 
 2.51188643e+02  4.69783261e+01  2.51188643e+02  1.79999451e+02 
 2.71227258e+02  4.69783261e+01  2.71227258e+02  1.79999407e+02 
 2.92864456e+02  4.69783261e+01  2.92864456e+02  1.79999360e+02 
 3.16227766e+02  4.69783262e+01  3.16227766e+02  1.79999309e+02 
 3.41454887e+02  4.69783262e+01  3.41454887e+02  1.79999254e+02 
 3.68694506e+02  4.69783262e+01  3.68694506e+02  1.79999194e+02 
 3.98107171e+02  4.69783262e+01  3.98107171e+02  1.79999130e+02 
 4.29866235e+02  4.69783262e+01  4.29866235e+02  1.79999060e+02 
 4.64158883e+02  4.69783262e+01  4.64158883e+02  1.79998985e+02 
 5.01187234e+02  4.69783263e+01  5.01187234e+02  1.79998905e+02 
 5.41169527e+02  4.69783263e+01  5.41169527e+02  1.79998817e+02 
 5.84341413e+02  4.69783263e+01  5.84341413e+02  1.79998723e+02 
 6.30957344e+02  4.69783264e+01  6.30957344e+02  1.79998621e+02 
 6.81292069e+02  4.69783264e+01  6.81292069e+02  1.79998511e+02 
 7.35642254e+02  4.69783265e+01  7.35642254e+02  1.79998392e+02 
 7.94328235e+02  4.69783265e+01  7.94328235e+02  1.79998264e+02 
 8.57695899e+02  4.69783266e+01  8.57695899e+02  1.79998125e+02 
 9.26118728e+02  4.69783267e+01  9.26118728e+02  1.79997976e+02 
 1.00000000e+03  4.69783268e+01  1.00000000e+03  1.79997814e+02 
 1.07977516e+03  4.69783269e+01  1.07977516e+03  1.79997640e+02 
 1.16591440e+03  4.69783270e+01  1.16591440e+03  1.79997452e+02 
 1.25892541e+03  4.69783272e+01  1.25892541e+03  1.79997248e+02 
 1.35935639e+03  4.69783274e+01  1.35935639e+03  1.79997029e+02 
 1.46779927e+03  4.69783276e+01  1.46779927e+03  1.79996792e+02 
 1.58489319e+03  4.69783279e+01  1.58489319e+03  1.79996536e+02 
 1.71132830e+03  4.69783281e+01  1.71132830e+03  1.79996259e+02 
 1.84784980e+03  4.69783285e+01  1.84784980e+03  1.79995961e+02 
 1.99526231e+03  4.69783289e+01  1.99526231e+03  1.79995639e+02 
 2.15443469e+03  4.69783294e+01  2.15443469e+03  1.79995291e+02 
 2.32630507e+03  4.69783299e+01  2.32630507e+03  1.79994915e+02 
 2.51188643e+03  4.69783305e+01  2.51188643e+03  1.79994510e+02 
 2.71227258e+03  4.69783313e+01  2.71227258e+03  1.79994072e+02 
 2.92864456e+03  4.69783321e+01  2.92864456e+03  1.79993599e+02 
 3.16227766e+03  4.69783331e+01  3.16227766e+03  1.79993088e+02 
 3.41454887e+03  4.69783343e+01  3.41454887e+03  1.79992536e+02 
 3.68694506e+03  4.69783357e+01  3.68694506e+03  1.79991941e+02 
 3.98107171e+03  4.69783373e+01  3.98107171e+03  1.79991298e+02 
 4.29866235e+03  4.69783391e+01  4.29866235e+03  1.79990604e+02 
 4.64158883e+03  4.69783413e+01  4.64158883e+03  1.79989854e+02 
 5.01187234e+03  4.69783438e+01  5.01187234e+03  1.79989045e+02 
 5.41169527e+03  4.69783467e+01  5.41169527e+03  1.79988171e+02 
 5.84341413e+03  4.69783502e+01  5.84341413e+03  1.79987227e+02 
 6.30957344e+03  4.69783541e+01  6.30957344e+03  1.79986208e+02 
 6.81292069e+03  4.69783588e+01  6.81292069e+03  1.79985108e+02 
 7.35642254e+03  4.69783642e+01  7.35642254e+03  1.79983920e+02 
 7.94328235e+03  4.69783706e+01  7.94328235e+03  1.79982637e+02 
 8.57695899e+03  4.69783779e+01  8.57695899e+03  1.79981252e+02 
 9.26118728e+03  4.69783865e+01  9.26118728e+03  1.79979757e+02 
 1.00000000e+04  4.69783966e+01  1.00000000e+04  1.79978142e+02 
 1.07977516e+04  4.69784083e+01  1.07977516e+04  1.79976398e+02 
 1.16591440e+04  4.69784219e+01  1.16591440e+04  1.79974515e+02 
 1.25892541e+04  4.69784378e+01  1.25892541e+04  1.79972482e+02 
 1.35935639e+04  4.69784563e+01  1.35935639e+04  1.79970287e+02 
 1.46779927e+04  4.69784780e+01  1.46779927e+04  1.79967916e+02 
 1.58489319e+04  4.69785032e+01  1.58489319e+04  1.79965356e+02 
 1.71132830e+04  4.69785325e+01  1.71132830e+04  1.79962592e+02 
 1.84784980e+04  4.69785668e+01  1.84784980e+04  1.79959608e+02 
 1.99526231e+04  4.69786067e+01  1.99526231e+04  1.79956385e+02 
 2.15443469e+04  4.69786533e+01  2.15443469e+04  1.79952906e+02 
 2.32630507e+04  4.69787076e+01  2.32630507e+04  1.79949148e+02 
 2.51188643e+04  4.69787709e+01  2.51188643e+04  1.79945091e+02 
 2.71227258e+04  4.69788447e+01  2.71227258e+04  1.79940710e+02 
 2.92864456e+04  4.69789307e+01  2.92864456e+04  1.79935979e+02 
 3.16227766e+04  4.69790311e+01  3.16227766e+04  1.79930870e+02 
 3.41454887e+04  4.69791480e+01  3.41454887e+04  1.79925354e+02 
 3.68694506e+04  4.69792844e+01  3.68694506e+04  1.79919397e+02 
 3.98107171e+04  4.69794434e+01  3.98107171e+04  1.79912965e+02 
 4.29866235e+04  4.69796288e+01  4.29866235e+04  1.79906019e+02 
 4.64158883e+04  4.69798450e+01  4.64158883e+04  1.79898517e+02 
 5.01187234e+04  4.69800970e+01  5.01187234e+04  1.79890417e+02 
 5.41169527e+04  4.69803909e+01  5.41169527e+04  1.79881669e+02 
 5.84341413e+04  4.69807335e+01  5.84341413e+04  1.79872221e+02 
 6.30957344e+04  4.69811330e+01  6.30957344e+04  1.79862018e+02 
 6.81292069e+04  4.69815987e+01  6.81292069e+04  1.79850999e+02 
 7.35642254e+04  4.69821418e+01  7.35642254e+04  1.79839097e+02 
 7.94328235e+04  4.69827751e+01  7.94328235e+04  1.79826241e+02 
 8.57695899e+04  4.69835135e+01  8.57695899e+04  1.79812356e+02 
 9.26118728e+04  4.69843745e+01  9.26118728e+04  1.79797356e+02 
 1.00000000e+05  4.69853784e+01  1.00000000e+05  1.79781152e+02 
 1.07977516e+05  4.69865489e+01  1.07977516e+05  1.79763645e+02 
 1.16591440e+05  4.69879139e+01  1.16591440e+05  1.79744729e+02 
 1.25892541e+05  4.69895058e+01  1.25892541e+05  1.79724289e+02 
 1.35935639e+05  4.69913619e+01  1.35935639e+05  1.79702198e+02 
 1.46779927e+05  4.69935267e+01  1.46779927e+05  1.79678320e+02 
 1.58489319e+05  4.69960510e+01  1.58489319e+05  1.79652505e+02 
 1.71132830e+05  4.69989953e+01  1.71132830e+05  1.79624592e+02 
 1.84784980e+05  4.70024290e+01  1.84784980e+05  1.79594402e+02 
 1.99526231e+05  4.70064346e+01  1.99526231e+05  1.79561741e+02 
 2.15443469e+05  4.70111066e+01  2.15443469e+05  1.79526395e+02 
 2.32630507e+05  4.70165570e+01  2.32630507e+05  1.79488129e+02 
 2.51188643e+05  4.70229158e+01  2.51188643e+05  1.79446684e+02 
 2.71227258e+05  4.70303340e+01  2.71227258e+05  1.79401774e+02 
 2.92864456e+05  4.70389929e+01  2.92864456e+05  1.79353081e+02 
 3.16227766e+05  4.70490980e+01  3.16227766e+05  1.79300249e+02 
 3.41454887e+05  4.70608949e+01  3.41454887e+05  1.79242881e+02 
 3.68694506e+05  4.70746666e+01  3.68694506e+05  1.79180532e+02 
 3.98107171e+05  4.70907532e+01  3.98107171e+05  1.79112695e+02 
 4.29866235e+05  4.71095402e+01  4.29866235e+05  1.79038796e+02 
 4.64158883e+05  4.71314971e+01  4.64158883e+05  1.78958177e+02 
 5.01187234e+05  4.71571660e+01  5.01187234e+05  1.78870079e+02 
 5.41169527e+05  4.71871858e+01  5.41169527e+05  1.78773623e+02 
 5.84341413e+05  4.72223084e+01  5.84341413e+05  1.78667777e+02 
 6.30957344e+05  4.72634360e+01  6.30957344e+05  1.78551324e+02 
 6.81292069e+05  4.73116264e+01  6.81292069e+05  1.78422814e+02 
 7.35642254e+05  4.73681341e+01  7.35642254e+05  1.78280505e+02 
 7.94328235e+05  4.74344748e+01  7.94328235e+05  1.78122281e+02 
 8.57695899e+05  4.75124262e+01  8.57695899e+05  1.77945542e+02 
 9.26118728e+05  4.76041815e+01  9.26118728e+05  1.77747061e+02 
 1.00000000e+06  4.77123499e+01  1.00000000e+06  1.77522781e+02 
 1.07977516e+06  4.78400994e+01  1.07977516e+06  1.77267542e+02 
 1.16591440e+06  4.79913619e+01  1.16591440e+06  1.76974664e+02 
 1.25892541e+06  4.81709469e+01  1.25892541e+06  1.76635396e+02 
 1.35935639e+06  4.83848840e+01  1.35935639e+06  1.76238025e+02 
 1.46779927e+06  4.86407949e+01  1.46779927e+06  1.75766601e+02 
 1.58489319e+06  4.89484426e+01  1.58489319e+06  1.75198855e+02 
 1.71132830e+06  4.93205615e+01  1.71132830e+06  1.74502827e+02 
 1.84784980e+06  4.97741000e+01  1.84784980e+06  1.73631219e+02 
 1.99526231e+06  5.03320287e+01  1.99526231e+06  1.72511201e+02 
 2.15443469e+06  5.10266475e+01  2.15443469e+06  1.71024933e+02 
 2.32630507e+06  5.19045908e+01  2.32630507e+06  1.68970056e+02 
 2.51188643e+06  5.30351943e+01  2.51188643e+06  1.65971158e+02 
 2.71227258e+06  5.45240340e+01  2.71227258e+06  1.61258117e+02 
 2.92864456e+06  5.65194127e+01  2.92864456e+06  1.53040930e+02 
 3.16227766e+06  5.90863508e+01  3.16227766e+06  1.36662594e+02 
 3.41454887e+06  6.10558147e+01  3.41454887e+06  1.02946632e+02 
 3.68694506e+06  5.91112460e+01  3.68694506e+06  6.24348747e+01 
 3.98107171e+06  5.51383855e+01  3.98107171e+06  3.99340675e+01 
 4.29866235e+06  5.15460879e+01  4.29866235e+06  2.92338749e+01 
 4.64158883e+06  4.85199853e+01  4.64158883e+06  2.35106549e+01 
 5.01187234e+06  4.59091022e+01  5.01187234e+06  2.01109531e+01 
 5.41169527e+06  4.35885201e+01  5.41169527e+06  1.79566543e+01 
 5.84341413e+06  4.14753398e+01  5.84341413e+06  1.65474466e+01 
 6.30957344e+06  3.95140692e+01  6.30957344e+06  1.56260994e+01 
 6.81292069e+06  3.76664213e+01  6.81292069e+06  1.50492197e+01 
 7.35642254e+06  3.59061450e+01  7.35642254e+06  1.47296251e+01 
 7.94328235e+06  3.42119158e+01  7.94328235e+06  1.46166049e+01 
 8.57695899e+06  3.25711088e+01  8.57695899e+06  1.46755589e+01 
 9.26118728e+06  3.09684594e+01  9.26118728e+06  1.48861570e+01 
 1.00000000e+07  2.93968090e+01  1.00000000e+07  1.52413257e+01 
 1.07977516e+07  2.78480233e+01  1.07977516e+07  1.57298560e+01 
 1.16591440e+07  2.63147825e+01  1.16591440e+07  1.63562083e+01 
 1.25892541e+07  2.47909294e+01  1.25892541e+07  1.71227670e+01 
 1.35935639e+07  2.32710697e+01  1.35935639e+07  1.80364560e+01 
 1.46779927e+07  2.17504319e+01  1.46779927e+07  1.91193541e+01 
 1.58489319e+07  2.02225515e+01  1.58489319e+07  2.03842366e+01 
 1.71132830e+07  1.86871814e+01  1.71132830e+07  2.18683993e+01 
 1.84784980e+07  1.71309096e+01  1.84784980e+07  2.35826494e+01 
 1.99526231e+07  1.55546849e+01  1.99526231e+07  2.56200960e+01 
 2.15443469e+07  1.39548425e+01  2.15443469e+07  2.80010137e+01 
 2.32630507e+07  1.23214930e+01  2.32630507e+07  3.08272757e+01 
 2.51188643e+07  1.06451585e+01  2.51188643e+07  3.42370445e+01 
 2.71227258e+07  8.93182316e+00  2.71227258e+07  3.83569001e+01 
 2.92864456e+07  7.17938266e+00  2.92864456e+07  4.34262322e+01 
 3.16227766e+07  5.41074138e+00  3.16227766e+07  4.96368601e+01 
 3.41454887e+07  3.65040741e+00  3.41454887e+07  5.77332687e+01 
 3.68694506e+07  1.98012125e+00  3.68694506e+07  6.74348613e+01 
 3.98107171e+07  5.44418964e-01  3.98107171e+07  7.95858157e+01 
 4.29866235e+07 -6.10240954e-01  4.29866235e+07  9.35199680e+01 
 4.64158883e+07 -1.15623899e+00  4.64158883e+07  1.08195292e+02 
 5.01187234e+07 -1.19094939e+00  5.01187234e+07  1.20236006e+02 
 5.41169527e+07 -1.01037740e+00  5.41169527e+07  1.32476872e+02 
 5.84341413e+07 -5.40031077e-01  5.84341413e+07  1.42084397e+02 
 6.30957344e+07 -1.59573868e-01  6.30957344e+07  1.50633767e+02 
 6.81292069e+07  4.34318547e-01  6.81292069e+07  1.56517602e+02 
 7.35642254e+07  8.09543393e-01  7.35642254e+07  1.62038624e+02 
 7.94328235e+07  1.37006929e+00  7.94328235e+07  1.66213389e+02 
 8.57695899e+07  1.75837521e+00  8.57695899e+07  1.70606535e+02 
 9.26118728e+07  2.22247368e+00  9.26118728e+07  1.73706126e+02 
 1.00000000e+08  2.55688087e+00  1.00000000e+08  1.76362373e+02 
 1.07977516e+08  2.94447729e+00  1.07977516e+08  1.79189044e+02 
 1.16591440e+08  3.24078175e+00  1.16591440e+08  1.81495245e+02 
 1.25892541e+08  3.66630824e+00  1.25892541e+08  1.83792970e+02 
 1.35935639e+08  4.06567934e+00  1.35935639e+08  1.85530042e+02 
 1.46779927e+08  4.40945647e+00  1.46779927e+08  1.86927895e+02 
 1.58489319e+08  4.62158578e+00  1.58489319e+08  1.88729851e+02 
 1.71132830e+08  5.22980595e+00  1.71132830e+08  1.89418997e+02 
 1.84784980e+08  5.41169333e+00  1.84784980e+08  1.90134986e+02 
 1.99526231e+08  5.76233278e+00  1.99526231e+08  1.90584832e+02 
 2.15443469e+08  6.34164887e+00  2.15443469e+08  1.90832324e+02 
 2.32630507e+08  6.04602945e+00  2.32630507e+08  1.90723816e+02 
 2.51188643e+08  7.10445325e+00  2.51188643e+08  1.90021879e+02 
 2.71227258e+08  6.03033339e+00  2.71227258e+08  1.89840963e+02 
 2.92864456e+08  6.48565123e+00  2.92864456e+08  1.88997949e+02 
 3.16227766e+08  6.55001505e+00  3.16227766e+08  1.88029343e+02 
 3.41454887e+08  7.63328744e+00  3.41454887e+08  1.87179545e+02 
 3.68694506e+08  8.32104521e+00  3.68694506e+08  1.86053762e+02 
 3.98107171e+08  7.06856354e+00  3.98107171e+08  1.85389257e+02 
 4.29866235e+08  8.27922439e+00  4.29866235e+08  1.84782778e+02 
 4.64158883e+08  8.53203200e+00  4.64158883e+08  1.83976005e+02 
 5.01187234e+08  5.63444201e+00  5.01187234e+08  1.83290478e+02 
 5.41169527e+08  7.82193020e+00  5.41169527e+08  1.82669377e+02 
 5.84341413e+08  6.48549354e+00  5.84341413e+08  1.82315165e+02 
 6.30957344e+08  5.12546935e+00  6.30957344e+08  1.81589121e+02 
 6.81292069e+08  6.26100749e+00  6.81292069e+08  1.81806290e+02 
 7.35642254e+08  4.92924741e+00  7.35642254e+08  1.81255613e+02 
 7.94328235e+08  7.09784838e+00  7.94328235e+08  1.80480124e+02 
 8.57695899e+08  1.17510010e+01  8.57695899e+08  1.81086787e+02 
 9.26118728e+08  1.04056586e+01  9.26118728e+08  1.80779817e+02 
 1.00000000e+09  9.05652547e+00  1.00000000e+09  1.81179830e+02 
