 1.00000000e+00  4.73098849e+01  1.00000000e+00  1.79999998e+02 
 1.07977516e+00  4.73098849e+01  1.07977516e+00  1.79999998e+02 
 1.16591440e+00  4.73098849e+01  1.16591440e+00  1.79999998e+02 
 1.25892541e+00  4.73098849e+01  1.25892541e+00  1.79999997e+02 
 1.35935639e+00  4.73098849e+01  1.35935639e+00  1.79999997e+02 
 1.46779927e+00  4.73098849e+01  1.46779927e+00  1.79999997e+02 
 1.58489319e+00  4.73098849e+01  1.58489319e+00  1.79999997e+02 
 1.71132830e+00  4.73098849e+01  1.71132830e+00  1.79999996e+02 
 1.84784980e+00  4.73098849e+01  1.84784980e+00  1.79999996e+02 
 1.99526231e+00  4.73098849e+01  1.99526231e+00  1.79999996e+02 
 2.15443469e+00  4.73098849e+01  2.15443469e+00  1.79999995e+02 
 2.32630507e+00  4.73098849e+01  2.32630507e+00  1.79999995e+02 
 2.51188643e+00  4.73098849e+01  2.51188643e+00  1.79999995e+02 
 2.71227258e+00  4.73098849e+01  2.71227258e+00  1.79999994e+02 
 2.92864456e+00  4.73098849e+01  2.92864456e+00  1.79999994e+02 
 3.16227766e+00  4.73098849e+01  3.16227766e+00  1.79999993e+02 
 3.41454887e+00  4.73098849e+01  3.41454887e+00  1.79999993e+02 
 3.68694506e+00  4.73098849e+01  3.68694506e+00  1.79999992e+02 
 3.98107171e+00  4.73098849e+01  3.98107171e+00  1.79999992e+02 
 4.29866235e+00  4.73098849e+01  4.29866235e+00  1.79999991e+02 
 4.64158883e+00  4.73098849e+01  4.64158883e+00  1.79999990e+02 
 5.01187234e+00  4.73098849e+01  5.01187234e+00  1.79999990e+02 
 5.41169527e+00  4.73098849e+01  5.41169527e+00  1.79999989e+02 
 5.84341413e+00  4.73098849e+01  5.84341413e+00  1.79999988e+02 
 6.30957344e+00  4.73098849e+01  6.30957344e+00  1.79999987e+02 
 6.81292069e+00  4.73098849e+01  6.81292069e+00  1.79999986e+02 
 7.35642254e+00  4.73098849e+01  7.35642254e+00  1.79999985e+02 
 7.94328235e+00  4.73098849e+01  7.94328235e+00  1.79999983e+02 
 8.57695899e+00  4.73098849e+01  8.57695899e+00  1.79999982e+02 
 9.26118728e+00  4.73098849e+01  9.26118728e+00  1.79999981e+02 
 1.00000000e+01  4.73098849e+01  1.00000000e+01  1.79999979e+02 
 1.07977516e+01  4.73098849e+01  1.07977516e+01  1.79999977e+02 
 1.16591440e+01  4.73098849e+01  1.16591440e+01  1.79999976e+02 
 1.25892541e+01  4.73098849e+01  1.25892541e+01  1.79999974e+02 
 1.35935639e+01  4.73098849e+01  1.35935639e+01  1.79999972e+02 
 1.46779927e+01  4.73098849e+01  1.46779927e+01  1.79999969e+02 
 1.58489319e+01  4.73098849e+01  1.58489319e+01  1.79999967e+02 
 1.71132830e+01  4.73098849e+01  1.71132830e+01  1.79999964e+02 
 1.84784980e+01  4.73098849e+01  1.84784980e+01  1.79999961e+02 
 1.99526231e+01  4.73098849e+01  1.99526231e+01  1.79999958e+02 
 2.15443469e+01  4.73098849e+01  2.15443469e+01  1.79999955e+02 
 2.32630507e+01  4.73098849e+01  2.32630507e+01  1.79999951e+02 
 2.51188643e+01  4.73098849e+01  2.51188643e+01  1.79999947e+02 
 2.71227258e+01  4.73098849e+01  2.71227258e+01  1.79999943e+02 
 2.92864456e+01  4.73098849e+01  2.92864456e+01  1.79999939e+02 
 3.16227766e+01  4.73098849e+01  3.16227766e+01  1.79999934e+02 
 3.41454887e+01  4.73098849e+01  3.41454887e+01  1.79999929e+02 
 3.68694506e+01  4.73098849e+01  3.68694506e+01  1.79999923e+02 
 3.98107171e+01  4.73098849e+01  3.98107171e+01  1.79999917e+02 
 4.29866235e+01  4.73098849e+01  4.29866235e+01  1.79999910e+02 
 4.64158883e+01  4.73098849e+01  4.64158883e+01  1.79999903e+02 
 5.01187234e+01  4.73098849e+01  5.01187234e+01  1.79999895e+02 
 5.41169527e+01  4.73098849e+01  5.41169527e+01  1.79999887e+02 
 5.84341413e+01  4.73098849e+01  5.84341413e+01  1.79999878e+02 
 6.30957344e+01  4.73098849e+01  6.30957344e+01  1.79999868e+02 
 6.81292069e+01  4.73098849e+01  6.81292069e+01  1.79999858e+02 
 7.35642254e+01  4.73098849e+01  7.35642254e+01  1.79999846e+02 
 7.94328235e+01  4.73098849e+01  7.94328235e+01  1.79999834e+02 
 8.57695899e+01  4.73098849e+01  8.57695899e+01  1.79999821e+02 
 9.26118728e+01  4.73098849e+01  9.26118728e+01  1.79999806e+02 
 1.00000000e+02  4.73098849e+01  1.00000000e+02  1.79999791e+02 
 1.07977516e+02  4.73098849e+01  1.07977516e+02  1.79999774e+02 
 1.16591440e+02  4.73098849e+01  1.16591440e+02  1.79999756e+02 
 1.25892541e+02  4.73098849e+01  1.25892541e+02  1.79999737e+02 
 1.35935639e+02  4.73098849e+01  1.35935639e+02  1.79999716e+02 
 1.46779927e+02  4.73098849e+01  1.46779927e+02  1.79999693e+02 
 1.58489319e+02  4.73098849e+01  1.58489319e+02  1.79999669e+02 
 1.71132830e+02  4.73098849e+01  1.71132830e+02  1.79999642e+02 
 1.84784980e+02  4.73098849e+01  1.84784980e+02  1.79999614e+02 
 1.99526231e+02  4.73098849e+01  1.99526231e+02  1.79999583e+02 
 2.15443469e+02  4.73098849e+01  2.15443469e+02  1.79999550e+02 
 2.32630507e+02  4.73098849e+01  2.32630507e+02  1.79999514e+02 
 2.51188643e+02  4.73098849e+01  2.51188643e+02  1.79999475e+02 
 2.71227258e+02  4.73098849e+01  2.71227258e+02  1.79999433e+02 
 2.92864456e+02  4.73098849e+01  2.92864456e+02  1.79999388e+02 
 3.16227766e+02  4.73098849e+01  3.16227766e+02  1.79999339e+02 
 3.41454887e+02  4.73098850e+01  3.41454887e+02  1.79999286e+02 
 3.68694506e+02  4.73098850e+01  3.68694506e+02  1.79999229e+02 
 3.98107171e+02  4.73098850e+01  3.98107171e+02  1.79999168e+02 
 4.29866235e+02  4.73098850e+01  4.29866235e+02  1.79999101e+02 
 4.64158883e+02  4.73098850e+01  4.64158883e+02  1.79999030e+02 
 5.01187234e+02  4.73098851e+01  5.01187234e+02  1.79998952e+02 
 5.41169527e+02  4.73098851e+01  5.41169527e+02  1.79998869e+02 
 5.84341413e+02  4.73098851e+01  5.84341413e+02  1.79998778e+02 
 6.30957344e+02  4.73098852e+01  6.30957344e+02  1.79998681e+02 
 6.81292069e+02  4.73098852e+01  6.81292069e+02  1.79998576e+02 
 7.35642254e+02  4.73098853e+01  7.35642254e+02  1.79998462e+02 
 7.94328235e+02  4.73098854e+01  7.94328235e+02  1.79998339e+02 
 8.57695899e+02  4.73098855e+01  8.57695899e+02  1.79998207e+02 
 9.26118728e+02  4.73098856e+01  9.26118728e+02  1.79998064e+02 
 1.00000000e+03  4.73098857e+01  1.00000000e+03  1.79997909e+02 
 1.07977516e+03  4.73098858e+01  1.07977516e+03  1.79997743e+02 
 1.16591440e+03  4.73098860e+01  1.16591440e+03  1.79997563e+02 
 1.25892541e+03  4.73098862e+01  1.25892541e+03  1.79997368e+02 
 1.35935639e+03  4.73098864e+01  1.35935639e+03  1.79997158e+02 
 1.46779927e+03  4.73098866e+01  1.46779927e+03  1.79996931e+02 
 1.58489319e+03  4.73098869e+01  1.58489319e+03  1.79996687e+02 
 1.71132830e+03  4.73098873e+01  1.71132830e+03  1.79996422e+02 
 1.84784980e+03  4.73098877e+01  1.84784980e+03  1.79996137e+02 
 1.99526231e+03  4.73098882e+01  1.99526231e+03  1.79995829e+02 
 2.15443469e+03  4.73098887e+01  2.15443469e+03  1.79995496e+02 
 2.32630507e+03  4.73098893e+01  2.32630507e+03  1.79995137e+02 
 2.51188643e+03  4.73098901e+01  2.51188643e+03  1.79994749e+02 
 2.71227258e+03  4.73098910e+01  2.71227258e+03  1.79994330e+02 
 2.92864456e+03  4.73098920e+01  2.92864456e+03  1.79993877e+02 
 3.16227766e+03  4.73098931e+01  3.16227766e+03  1.79993389e+02 
 3.41454887e+03  4.73098945e+01  3.41454887e+03  1.79992862e+02 
 3.68694506e+03  4.73098961e+01  3.68694506e+03  1.79992292e+02 
 3.98107171e+03  4.73098980e+01  3.98107171e+03  1.79991677e+02 
 4.29866235e+03  4.73099002e+01  4.29866235e+03  1.79991013e+02 
 4.64158883e+03  4.73099027e+01  4.64158883e+03  1.79990296e+02 
 5.01187234e+03  4.73099057e+01  5.01187234e+03  1.79989522e+02 
 5.41169527e+03  4.73099091e+01  5.41169527e+03  1.79988686e+02 
 5.84341413e+03  4.73099132e+01  5.84341413e+03  1.79987784e+02 
 6.30957344e+03  4.73099179e+01  6.30957344e+03  1.79986809e+02 
 6.81292069e+03  4.73099233e+01  6.81292069e+03  1.79985757e+02 
 7.35642254e+03  4.73099297e+01  7.35642254e+03  1.79984621e+02 
 7.94328235e+03  4.73099372e+01  7.94328235e+03  1.79983394e+02 
 8.57695899e+03  4.73099459e+01  8.57695899e+03  1.79982069e+02 
 9.26118728e+03  4.73099560e+01  9.26118728e+03  1.79980638e+02 
 1.00000000e+04  4.73099678e+01  1.00000000e+04  1.79979094e+02 
 1.07977516e+04  4.73099815e+01  1.07977516e+04  1.79977426e+02 
 1.16591440e+04  4.73099976e+01  1.16591440e+04  1.79975625e+02 
 1.25892541e+04  4.73100163e+01  1.25892541e+04  1.79973680e+02 
 1.35935639e+04  4.73100381e+01  1.35935639e+04  1.79971581e+02 
 1.46779927e+04  4.73100635e+01  1.46779927e+04  1.79969313e+02 
 1.58489319e+04  4.73100932e+01  1.58489319e+04  1.79966865e+02 
 1.71132830e+04  4.73101277e+01  1.71132830e+04  1.79964222e+02 
 1.84784980e+04  4.73101680e+01  1.84784980e+04  1.79961367e+02 
 1.99526231e+04  4.73102150e+01  1.99526231e+04  1.79958285e+02 
 2.15443469e+04  4.73102698e+01  2.15443469e+04  1.79954956e+02 
 2.32630507e+04  4.73103336e+01  2.32630507e+04  1.79951363e+02 
 2.51188643e+04  4.73104081e+01  2.51188643e+04  1.79947482e+02 
 2.71227258e+04  4.73104949e+01  2.71227258e+04  1.79943291e+02 
 2.92864456e+04  4.73105962e+01  2.92864456e+04  1.79938766e+02 
 3.16227766e+04  4.73107142e+01  3.16227766e+04  1.79933880e+02 
 3.41454887e+04  4.73108518e+01  3.41454887e+04  1.79928603e+02 
 3.68694506e+04  4.73110122e+01  3.68694506e+04  1.79922905e+02 
 3.98107171e+04  4.73111993e+01  3.98107171e+04  1.79916752e+02 
 4.29866235e+04  4.73114174e+01  4.29866235e+04  1.79910108e+02 
 4.64158883e+04  4.73116717e+01  4.64158883e+04  1.79902932e+02 
 5.01187234e+04  4.73119682e+01  5.01187234e+04  1.79895183e+02 
 5.41169527e+04  4.73123138e+01  5.41169527e+04  1.79886814e+02 
 5.84341413e+04  4.73127169e+01  5.84341413e+04  1.79877775e+02 
 6.30957344e+04  4.73131869e+01  6.30957344e+04  1.79868013e+02 
 6.81292069e+04  4.73137348e+01  6.81292069e+04  1.79857470e+02 
 7.35642254e+04  4.73143737e+01  7.35642254e+04  1.79846081e+02 
 7.94328235e+04  4.73151187e+01  7.94328235e+04  1.79833780e+02 
 8.57695899e+04  4.73159874e+01  8.57695899e+04  1.79820491e+02 
 9.26118728e+04  4.73170003e+01  9.26118728e+04  1.79806135e+02 
 1.00000000e+05  4.73181815e+01  1.00000000e+05  1.79790624e+02 
 1.07977516e+05  4.73195586e+01  1.07977516e+05  1.79773864e+02 
 1.16591440e+05  4.73211648e+01  1.16591440e+05  1.79755753e+02 
 1.25892541e+05  4.73230377e+01  1.25892541e+05  1.79736178e+02 
 1.35935639e+05  4.73252218e+01  1.35935639e+05  1.79715018e+02 
 1.46779927e+05  4.73277688e+01  1.46779927e+05  1.79692140e+02 
 1.58489319e+05  4.73307392e+01  1.58489319e+05  1.79667400e+02 
 1.71132830e+05  4.73342041e+01  1.71132830e+05  1.79640640e+02 
 1.84784980e+05  4.73382461e+01  1.84784980e+05  1.79611686e+02 
 1.99526231e+05  4.73429601e+01  1.99526231e+05  1.79580347e+02 
 2.15443469e+05  4.73484592e+01  2.15443469e+05  1.79546415e+02 
 2.32630507e+05  4.73548754e+01  2.32630507e+05  1.79509657e+02 
 2.51188643e+05  4.73623621e+01  2.51188643e+05  1.79469817e+02 
 2.71227258e+05  4.73710989e+01  2.71227258e+05  1.79426610e+02 
 2.92864456e+05  4.73812950e+01  2.92864456e+05  1.79379718e+02 
 3.16227766e+05  4.73931994e+01  3.16227766e+05  1.79328784e+02 
 3.41454887e+05  4.74070977e+01  3.41454887e+05  1.79273406e+02 
 3.68694506e+05  4.74233275e+01  3.68694506e+05  1.79213127e+02 
 3.98107171e+05  4.74422911e+01  3.98107171e+05  1.79147428e+02 
 4.29866235e+05  4.74644486e+01  4.29866235e+05  1.79075713e+02 
 4.64158883e+05  4.74903529e+01  4.64158883e+05  1.78997294e+02 
 5.01187234e+05  4.75206523e+01  5.01187234e+05  1.78911367e+02 
 5.41169527e+05  4.75561050e+01  5.41169527e+05  1.78816992e+02 
 5.84341413e+05  4.75976155e+01  5.84341413e+05  1.78713054e+02 
 6.30957344e+05  4.76462619e+01  6.30957344e+05  1.78598224e+02 
 6.81292069e+05  4.77033159e+01  6.81292069e+05  1.78470897e+02 
 7.35642254e+05  4.77702946e+01  7.35642254e+05  1.78329120e+02 
 7.94328235e+05  4.78490101e+01  7.94328235e+05  1.78170489e+02 
 8.57695899e+05  4.79416797e+01  8.57695899e+05  1.77992008e+02 
 9.26118728e+05  4.80509443e+01  9.26118728e+05  1.77789906e+02 
 1.00000000e+06  4.81800191e+01  1.00000000e+06  1.77559372e+02 
 1.07977516e+06  4.83328862e+01  1.07977516e+06  1.77294163e+02 
 1.16591440e+06  4.85144447e+01  1.16591440e+06  1.76986073e+02 
 1.25892541e+06  4.87308100e+01  1.25892541e+06  1.76624106e+02 
 1.35935639e+06  4.89897629e+01  1.35935639e+06  1.76193241e+02 
 1.46779927e+06  4.93012563e+01  1.46779927e+06  1.75672442e+02 
 1.58489319e+06  4.96783561e+01  1.58489319e+06  1.75031447e+02 
 1.71132830e+06  5.01383833e+01  1.71132830e+06  1.74225336e+02 
 1.84784980e+06  5.07051700e+01  1.84784980e+06  1.73184500e+02 
 1.99526231e+06  5.14123126e+01  1.99526231e+06  1.71795907e+02 
 2.15443469e+06  5.23086408e+01  2.15443469e+06  1.69863950e+02 
 2.32630507e+06  5.34681857e+01  2.32630507e+06  1.67021904e+02 
 2.51188643e+06  5.50066414e+01  2.51188643e+06  1.62504824e+02 
 2.71227258e+06  5.70973073e+01  2.71227258e+06  1.54482325e+02 
 2.92864456e+06  5.98597544e+01  2.92864456e+06  1.37917036e+02 
 3.16227766e+06  6.20244215e+01  3.16227766e+06  1.01937081e+02 
 3.41454887e+06  5.97416037e+01  3.41454887e+06  5.93800878e+01 
 3.68694506e+06  5.55232186e+01  3.68694506e+06  3.75301052e+01 
 3.98107171e+06  5.18569975e+01  3.98107171e+06  2.75293179e+01 
 4.29866235e+06  4.88084098e+01  4.29866235e+06  2.22570450e+01 
 4.64158883e+06  4.61903438e+01  4.64158883e+06  1.91551599e+01 
 5.01187234e+06  4.38688390e+01  5.01187234e+06  1.72098925e+01 
 5.41169527e+06  4.17562111e+01  5.41169527e+06  1.59577815e+01 
 5.84341413e+06  3.97970279e+01  5.84341413e+06  1.51599223e+01 
 6.30957344e+06  3.79520078e+01  6.30957344e+06  1.46827044e+01 
 6.81292069e+06  3.61940717e+01  6.81292069e+06  1.44498968e+01 
 7.35642254e+06  3.45040479e+01  7.35642254e+06  1.44107532e+01 
 7.94328235e+06  3.28664325e+01  7.94328235e+06  1.45371216e+01 
 8.57695899e+06  3.12683260e+01  8.57695899e+06  1.48090627e+01 
 9.26118728e+06  2.97025619e+01  9.26118728e+06  1.52167998e+01 
 1.00000000e+07  2.81597313e+01  1.00000000e+07  1.57607137e+01 
 1.07977516e+07  2.66327545e+01  1.07977516e+07  1.64339246e+01 
 1.16591440e+07  2.51178450e+01  1.16591440e+07  1.72425151e+01 
 1.25892541e+07  2.36076521e+01  1.25892541e+07  1.82059071e+01 
 1.35935639e+07  2.20987242e+01  1.35935639e+07  1.93235488e+01 
 1.46779927e+07  2.05859643e+01  1.46779927e+07  2.06218860e+01 
 1.58489319e+07  1.90625858e+01  1.58489319e+07  2.21388373e+01 
 1.71132830e+07  1.75226071e+01  1.71132830e+07  2.38873115e+01 
 1.84784980e+07  1.59702295e+01  1.84784980e+07  2.59027636e+01 
 1.99526231e+07  1.43914349e+01  1.99526231e+07  2.83125842e+01 
 2.15443469e+07  1.27916402e+01  2.15443469e+07  3.10748287e+01 
 2.32630507e+07  1.11551543e+01  2.32630507e+07  3.44126034e+01 
 2.51188643e+07  9.48505912e+00  2.51188643e+07  3.84130740e+01 
 2.71227258e+07  7.79025134e+00  2.71227258e+07  4.32781081e+01 
 2.92864456e+07  6.06752974e+00  2.92864456e+07  4.91176950e+01 
 3.16227766e+07  4.36447399e+00  3.16227766e+07  5.64833665e+01 
 3.41454887e+07  2.74397570e+00  3.41454887e+07  6.55717747e+01 
 3.68694506e+07  1.30812765e+00  3.68694506e+07  7.68172990e+01 
 3.98107171e+07  1.26198061e-01  3.98107171e+07  8.90931905e+01 
 4.29866235e+07 -6.82348921e-01  4.29866235e+07  1.02932377e+02 
 4.64158883e+07 -9.61381862e-01  4.64158883e+07  1.16426237e+02 
 5.01187234e+07 -8.85332695e-01  5.01187234e+07  1.28270612e+02 
 5.41169527e+07 -5.12400219e-01  5.41169527e+07  1.38037017e+02 
 5.84341413e+07 -1.09792627e-01  5.84341413e+07  1.46424793e+02 
 6.30957344e+07  2.77976705e-01  6.30957344e+07  1.53545374e+02 
 6.81292069e+07  8.12473403e-01  6.81292069e+07  1.58514354e+02 
 7.35642254e+07  1.24227367e+00  7.35642254e+07  1.63723035e+02 
 7.94328235e+07  1.64875331e+00  7.94328235e+07  1.67999248e+02 
 8.57695899e+07  1.95778234e+00  8.57695899e+07  1.71864977e+02 
 9.26118728e+07  2.32511691e+00  9.26118728e+07  1.74881626e+02 
 1.00000000e+08  2.79669639e+00  1.00000000e+08  1.77730705e+02 
 1.07977516e+08  3.17507602e+00  1.07977516e+08  1.80155116e+02 
 1.16591440e+08  3.48334486e+00  1.16591440e+08  1.82482625e+02 
 1.25892541e+08  3.79879836e+00  1.25892541e+08  1.84639427e+02 
 1.35935639e+08  4.06404382e+00  1.35935639e+08  1.86214368e+02 
 1.46779927e+08  4.38840964e+00  1.46779927e+08  1.88066466e+02 
 1.58489319e+08  4.75332272e+00  1.58489319e+08  1.89071431e+02 
 1.71132830e+08  5.36083960e+00  1.71132830e+08  1.89727300e+02 
 1.84784980e+08  5.54280417e+00  1.84784980e+08  1.90503345e+02 
 1.99526231e+08  5.88376377e+00  1.99526231e+08  1.90705529e+02 
 2.15443469e+08  6.11050656e+00  2.15443469e+08  1.90719213e+02 
 2.32630507e+08  6.52245435e+00  2.32630507e+08  1.90598366e+02 
 2.51188643e+08  6.71750394e+00  2.51188643e+08  1.89669682e+02 
 2.71227258e+08  7.10378524e+00  2.71227258e+08  1.89145594e+02 
 2.92864456e+08  7.11162627e+00  2.92864456e+08  1.88460630e+02 
 3.16227766e+08  6.57858722e+00  3.16227766e+08  1.87715444e+02 
 3.41454887e+08  6.81283789e+00  3.41454887e+08  1.86651626e+02 
 3.68694506e+08  7.29654771e+00  3.68694506e+08  1.85778285e+02 
 3.98107171e+08  7.03856602e+00  3.98107171e+08  1.84903725e+02 
 4.29866235e+08  6.88189869e+00  4.29866235e+08  1.84248398e+02 
 4.64158883e+08  6.91338738e+00  4.64158883e+08  1.83492431e+02 
 5.01187234e+08  7.14410646e+00  5.01187234e+08  1.83163109e+02 
 5.41169527e+08  7.76424309e+00  5.41169527e+08  1.82322258e+02 
 5.84341413e+08  6.41876269e+00  5.84341413e+08  1.82057571e+02 
 6.30957344e+08  1.10604682e+01  6.30957344e+08  1.81556470e+02 
 6.81292069e+08  6.20976343e+00  6.81292069e+08  1.81290855e+02 
 7.35642254e+08  8.37328455e+00  7.35642254e+08  1.81108955e+02 
 7.94328235e+08  7.02398758e+00  7.94328235e+08  1.81058623e+02 
 8.57695899e+08  1.16907307e+01  8.57695899e+08  1.80010691e+02 
 9.26118728e+08  4.31896293e+00  9.26118728e+08  1.80210527e+02 
 1.00000000e+09  8.99233174e+00  1.00000000e+09  1.79977058e+02 
