 1.00000000e+00  4.75050887e+01  1.00000000e+00  1.79999998e+02 
 1.07977516e+00  4.75050887e+01  1.07977516e+00  1.79999997e+02 
 1.16591440e+00  4.75050887e+01  1.16591440e+00  1.79999997e+02 
 1.25892541e+00  4.75050887e+01  1.25892541e+00  1.79999997e+02 
 1.35935639e+00  4.75050887e+01  1.35935639e+00  1.79999997e+02 
 1.46779927e+00  4.75050887e+01  1.46779927e+00  1.79999996e+02 
 1.58489319e+00  4.75050887e+01  1.58489319e+00  1.79999996e+02 
 1.71132830e+00  4.75050887e+01  1.71132830e+00  1.79999996e+02 
 1.84784980e+00  4.75050887e+01  1.84784980e+00  1.79999996e+02 
 1.99526231e+00  4.75050887e+01  1.99526231e+00  1.79999995e+02 
 2.15443469e+00  4.75050887e+01  2.15443469e+00  1.79999995e+02 
 2.32630507e+00  4.75050887e+01  2.32630507e+00  1.79999994e+02 
 2.51188643e+00  4.75050887e+01  2.51188643e+00  1.79999994e+02 
 2.71227258e+00  4.75050887e+01  2.71227258e+00  1.79999993e+02 
 2.92864456e+00  4.75050887e+01  2.92864456e+00  1.79999993e+02 
 3.16227766e+00  4.75050887e+01  3.16227766e+00  1.79999992e+02 
 3.41454887e+00  4.75050887e+01  3.41454887e+00  1.79999992e+02 
 3.68694506e+00  4.75050887e+01  3.68694506e+00  1.79999991e+02 
 3.98107171e+00  4.75050887e+01  3.98107171e+00  1.79999990e+02 
 4.29866235e+00  4.75050887e+01  4.29866235e+00  1.79999990e+02 
 4.64158883e+00  4.75050887e+01  4.64158883e+00  1.79999989e+02 
 5.01187234e+00  4.75050887e+01  5.01187234e+00  1.79999988e+02 
 5.41169527e+00  4.75050887e+01  5.41169527e+00  1.79999987e+02 
 5.84341413e+00  4.75050887e+01  5.84341413e+00  1.79999986e+02 
 6.30957344e+00  4.75050887e+01  6.30957344e+00  1.79999985e+02 
 6.81292069e+00  4.75050887e+01  6.81292069e+00  1.79999984e+02 
 7.35642254e+00  4.75050887e+01  7.35642254e+00  1.79999982e+02 
 7.94328235e+00  4.75050887e+01  7.94328235e+00  1.79999981e+02 
 8.57695899e+00  4.75050887e+01  8.57695899e+00  1.79999979e+02 
 9.26118728e+00  4.75050887e+01  9.26118728e+00  1.79999978e+02 
 1.00000000e+01  4.75050887e+01  1.00000000e+01  1.79999976e+02 
 1.07977516e+01  4.75050887e+01  1.07977516e+01  1.79999974e+02 
 1.16591440e+01  4.75050887e+01  1.16591440e+01  1.79999972e+02 
 1.25892541e+01  4.75050887e+01  1.25892541e+01  1.79999970e+02 
 1.35935639e+01  4.75050887e+01  1.35935639e+01  1.79999967e+02 
 1.46779927e+01  4.75050887e+01  1.46779927e+01  1.79999965e+02 
 1.58489319e+01  4.75050887e+01  1.58489319e+01  1.79999962e+02 
 1.71132830e+01  4.75050887e+01  1.71132830e+01  1.79999959e+02 
 1.84784980e+01  4.75050887e+01  1.84784980e+01  1.79999956e+02 
 1.99526231e+01  4.75050887e+01  1.99526231e+01  1.79999952e+02 
 2.15443469e+01  4.75050887e+01  2.15443469e+01  1.79999948e+02 
 2.32630507e+01  4.75050887e+01  2.32630507e+01  1.79999944e+02 
 2.51188643e+01  4.75050887e+01  2.51188643e+01  1.79999940e+02 
 2.71227258e+01  4.75050887e+01  2.71227258e+01  1.79999935e+02 
 2.92864456e+01  4.75050887e+01  2.92864456e+01  1.79999930e+02 
 3.16227766e+01  4.75050887e+01  3.16227766e+01  1.79999924e+02 
 3.41454887e+01  4.75050887e+01  3.41454887e+01  1.79999918e+02 
 3.68694506e+01  4.75050887e+01  3.68694506e+01  1.79999912e+02 
 3.98107171e+01  4.75050887e+01  3.98107171e+01  1.79999905e+02 
 4.29866235e+01  4.75050887e+01  4.29866235e+01  1.79999897e+02 
 4.64158883e+01  4.75050887e+01  4.64158883e+01  1.79999889e+02 
 5.01187234e+01  4.75050887e+01  5.01187234e+01  1.79999880e+02 
 5.41169527e+01  4.75050887e+01  5.41169527e+01  1.79999870e+02 
 5.84341413e+01  4.75050887e+01  5.84341413e+01  1.79999860e+02 
 6.30957344e+01  4.75050887e+01  6.30957344e+01  1.79999849e+02 
 6.81292069e+01  4.75050887e+01  6.81292069e+01  1.79999837e+02 
 7.35642254e+01  4.75050887e+01  7.35642254e+01  1.79999824e+02 
 7.94328235e+01  4.75050887e+01  7.94328235e+01  1.79999809e+02 
 8.57695899e+01  4.75050887e+01  8.57695899e+01  1.79999794e+02 
 9.26118728e+01  4.75050887e+01  9.26118728e+01  1.79999778e+02 
 1.00000000e+02  4.75050887e+01  1.00000000e+02  1.79999760e+02 
 1.07977516e+02  4.75050887e+01  1.07977516e+02  1.79999741e+02 
 1.16591440e+02  4.75050887e+01  1.16591440e+02  1.79999720e+02 
 1.25892541e+02  4.75050887e+01  1.25892541e+02  1.79999698e+02 
 1.35935639e+02  4.75050887e+01  1.35935639e+02  1.79999674e+02 
 1.46779927e+02  4.75050887e+01  1.46779927e+02  1.79999648e+02 
 1.58489319e+02  4.75050887e+01  1.58489319e+02  1.79999620e+02 
 1.71132830e+02  4.75050887e+01  1.71132830e+02  1.79999590e+02 
 1.84784980e+02  4.75050887e+01  1.84784980e+02  1.79999557e+02 
 1.99526231e+02  4.75050887e+01  1.99526231e+02  1.79999521e+02 
 2.15443469e+02  4.75050887e+01  2.15443469e+02  1.79999483e+02 
 2.32630507e+02  4.75050887e+01  2.32630507e+02  1.79999442e+02 
 2.51188643e+02  4.75050887e+01  2.51188643e+02  1.79999397e+02 
 2.71227258e+02  4.75050887e+01  2.71227258e+02  1.79999349e+02 
 2.92864456e+02  4.75050887e+01  2.92864456e+02  1.79999298e+02 
 3.16227766e+02  4.75050888e+01  3.16227766e+02  1.79999241e+02 
 3.41454887e+02  4.75050888e+01  3.41454887e+02  1.79999181e+02 
 3.68694506e+02  4.75050888e+01  3.68694506e+02  1.79999116e+02 
 3.98107171e+02  4.75050888e+01  3.98107171e+02  1.79999045e+02 
 4.29866235e+02  4.75050888e+01  4.29866235e+02  1.79998969e+02 
 4.64158883e+02  4.75050888e+01  4.64158883e+02  1.79998887e+02 
 5.01187234e+02  4.75050889e+01  5.01187234e+02  1.79998798e+02 
 5.41169527e+02  4.75050889e+01  5.41169527e+02  1.79998702e+02 
 5.84341413e+02  4.75050889e+01  5.84341413e+02  1.79998598e+02 
 6.30957344e+02  4.75050890e+01  6.30957344e+02  1.79998487e+02 
 6.81292069e+02  4.75050890e+01  6.81292069e+02  1.79998366e+02 
 7.35642254e+02  4.75050891e+01  7.35642254e+02  1.79998235e+02 
 7.94328235e+02  4.75050892e+01  7.94328235e+02  1.79998095e+02 
 8.57695899e+02  4.75050892e+01  8.57695899e+02  1.79997943e+02 
 9.26118728e+02  4.75050893e+01  9.26118728e+02  1.79997779e+02 
 1.00000000e+03  4.75050894e+01  1.00000000e+03  1.79997601e+02 
 1.07977516e+03  4.75050896e+01  1.07977516e+03  1.79997410e+02 
 1.16591440e+03  4.75050897e+01  1.16591440e+03  1.79997203e+02 
 1.25892541e+03  4.75050899e+01  1.25892541e+03  1.79996980e+02 
 1.35935639e+03  4.75050901e+01  1.35935639e+03  1.79996739e+02 
 1.46779927e+03  4.75050903e+01  1.46779927e+03  1.79996479e+02 
 1.58489319e+03  4.75050906e+01  1.58489319e+03  1.79996198e+02 
 1.71132830e+03  4.75050909e+01  1.71132830e+03  1.79995895e+02 
 1.84784980e+03  4.75050913e+01  1.84784980e+03  1.79995568e+02 
 1.99526231e+03  4.75050917e+01  1.99526231e+03  1.79995214e+02 
 2.15443469e+03  4.75050922e+01  2.15443469e+03  1.79994832e+02 
 2.32630507e+03  4.75050928e+01  2.32630507e+03  1.79994420e+02 
 2.51188643e+03  4.75050935e+01  2.51188643e+03  1.79993975e+02 
 2.71227258e+03  4.75050943e+01  2.71227258e+03  1.79993494e+02 
 2.92864456e+03  4.75050952e+01  2.92864456e+03  1.79992975e+02 
 3.16227766e+03  4.75050963e+01  3.16227766e+03  1.79992415e+02 
 3.41454887e+03  4.75050976e+01  3.41454887e+03  1.79991810e+02 
 3.68694506e+03  4.75050990e+01  3.68694506e+03  1.79991156e+02 
 3.98107171e+03  4.75051007e+01  3.98107171e+03  1.79990451e+02 
 4.29866235e+03  4.75051028e+01  4.29866235e+03  1.79989689e+02 
 4.64158883e+03  4.75051051e+01  4.64158883e+03  1.79988867e+02 
 5.01187234e+03  4.75051078e+01  5.01187234e+03  1.79987978e+02 
 5.41169527e+03  4.75051110e+01  5.41169527e+03  1.79987019e+02 
 5.84341413e+03  4.75051147e+01  5.84341413e+03  1.79985984e+02 
 6.30957344e+03  4.75051190e+01  6.30957344e+03  1.79984866e+02 
 6.81292069e+03  4.75051240e+01  6.81292069e+03  1.79983658e+02 
 7.35642254e+03  4.75051299e+01  7.35642254e+03  1.79982355e+02 
 7.94328235e+03  4.75051367e+01  7.94328235e+03  1.79980947e+02 
 8.57695899e+03  4.75051447e+01  8.57695899e+03  1.79979427e+02 
 9.26118728e+03  4.75051540e+01  9.26118728e+03  1.79977786e+02 
 1.00000000e+04  4.75051648e+01  1.00000000e+04  1.79976013e+02 
 1.07977516e+04  4.75051775e+01  1.07977516e+04  1.79974100e+02 
 1.16591440e+04  4.75051922e+01  1.16591440e+04  1.79972034e+02 
 1.25892541e+04  4.75052094e+01  1.25892541e+04  1.79969802e+02 
 1.35935639e+04  4.75052294e+01  1.35935639e+04  1.79967393e+02 
 1.46779927e+04  4.75052527e+01  1.46779927e+04  1.79964792e+02 
 1.58489319e+04  4.75052799e+01  1.58489319e+04  1.79961983e+02 
 1.71132830e+04  4.75053117e+01  1.71132830e+04  1.79958950e+02 
 1.84784980e+04  4.75053487e+01  1.84784980e+04  1.79955675e+02 
 1.99526231e+04  4.75053918e+01  1.99526231e+04  1.79952139e+02 
 2.15443469e+04  4.75054421e+01  2.15443469e+04  1.79948320e+02 
 2.32630507e+04  4.75055008e+01  2.32630507e+04  1.79944197e+02 
 2.51188643e+04  4.75055691e+01  2.51188643e+04  1.79939744e+02 
 2.71227258e+04  4.75056488e+01  2.71227258e+04  1.79934937e+02 
 2.92864456e+04  4.75057418e+01  2.92864456e+04  1.79929745e+02 
 3.16227766e+04  4.75058501e+01  3.16227766e+04  1.79924139e+02 
 3.41454887e+04  4.75059765e+01  3.41454887e+04  1.79918086e+02 
 3.68694506e+04  4.75061238e+01  3.68694506e+04  1.79911549e+02 
 3.98107171e+04  4.75062956e+01  3.98107171e+04  1.79904490e+02 
 4.29866235e+04  4.75064958e+01  4.29866235e+04  1.79896867e+02 
 4.64158883e+04  4.75067293e+01  4.64158883e+04  1.79888635e+02 
 5.01187234e+04  4.75070015e+01  5.01187234e+04  1.79879745e+02 
 5.41169527e+04  4.75073189e+01  5.41169527e+04  1.79870145e+02 
 5.84341413e+04  4.75076890e+01  5.84341413e+04  1.79859777e+02 
 6.30957344e+04  4.75081205e+01  6.30957344e+04  1.79848580e+02 
 6.81292069e+04  4.75086236e+01  6.81292069e+04  1.79836486e+02 
 7.35642254e+04  4.75092102e+01  7.35642254e+04  1.79823424e+02 
 7.94328235e+04  4.75098943e+01  7.94328235e+04  1.79809316e+02 
 8.57695899e+04  4.75106918e+01  8.57695899e+04  1.79794077e+02 
 9.26118728e+04  4.75116218e+01  9.26118728e+04  1.79777614e+02 
 1.00000000e+05  4.75127062e+01  1.00000000e+05  1.79759829e+02 
 1.07977516e+05  4.75139707e+01  1.07977516e+05  1.79740615e+02 
 1.16591440e+05  4.75154451e+01  1.16591440e+05  1.79719852e+02 
 1.25892541e+05  4.75171647e+01  1.25892541e+05  1.79697416e+02 
 1.35935639e+05  4.75191700e+01  1.35935639e+05  1.79673167e+02 
 1.46779927e+05  4.75215082e+01  1.46779927e+05  1.79646955e+02 
 1.58489319e+05  4.75242352e+01  1.58489319e+05  1.79618616e+02 
 1.71132830e+05  4.75274159e+01  1.71132830e+05  1.79587970e+02 
 1.84784980e+05  4.75311257e+01  1.84784980e+05  1.79554822e+02 
 1.99526231e+05  4.75354528e+01  1.99526231e+05  1.79518958e+02 
 2.15443469e+05  4.75405007e+01  2.15443469e+05  1.79480142e+02 
 2.32630507e+05  4.75463894e+01  2.32630507e+05  1.79438114e+02 
 2.51188643e+05  4.75532596e+01  2.51188643e+05  1.79392588e+02 
 2.71227258e+05  4.75612774e+01  2.71227258e+05  1.79343247e+02 
 2.92864456e+05  4.75706336e+01  2.92864456e+05  1.79289739e+02 
 3.16227766e+05  4.75815548e+01  3.16227766e+05  1.79231670e+02 
 3.41454887e+05  4.75943045e+01  3.41454887e+05  1.79168599e+02 
 3.68694506e+05  4.76091939e+01  3.68694506e+05  1.79100030e+02 
 3.98107171e+05  4.76265807e+01  3.98107171e+05  1.79025399e+02 
 4.29866235e+05  4.76468995e+01  4.29866235e+05  1.78944064e+02 
 4.64158883e+05  4.76706441e+01  4.64158883e+05  1.78855290e+02 
 5.01187234e+05  4.76984063e+01  5.01187234e+05  1.78758226e+02 
 5.41169527e+05  4.77308854e+01  5.41169527e+05  1.78651880e+02 
 5.84341413e+05  4.77689029e+01  5.84341413e+05  1.78535091e+02 
 6.30957344e+05  4.78134249e+01  6.30957344e+05  1.78406482e+02 
 6.81292069e+05  4.78656176e+01  6.81292069e+05  1.78264406e+02 
 7.35642254e+05  4.79268520e+01  7.35642254e+05  1.78106878e+02 
 7.94328235e+05  4.79987670e+01  7.94328235e+05  1.77931478e+02 
 8.57695899e+05  4.80833427e+01  8.57695899e+05  1.77735218e+02 
 9.26118728e+05  4.81829561e+01  9.26118728e+05  1.77514374e+02 
 1.00000000e+06  4.83004900e+01  1.00000000e+06  1.77264238e+02 
 1.07977516e+06  4.84394710e+01  1.07977516e+06  1.76978779e+02 
 1.16591440e+06  4.86042373e+01  1.16591440e+06  1.76650151e+02 
 1.25892541e+06  4.88001688e+01  1.25892541e+06  1.76267971e+02 
 1.35935639e+06  4.90340038e+01  1.35935639e+06  1.75818254e+02 
 1.46779927e+06  4.93143468e+01  1.46779927e+06  1.75281719e+02 
 1.58489319e+06  4.96523093e+01  1.58489319e+06  1.74631116e+02 
 1.71132830e+06  5.00625319e+01  1.71132830e+06  1.73826805e+02 
 1.84784980e+06  5.05645073e+01  1.84784980e+06  1.72808988e+02 
 1.99526231e+06  5.11854006e+01  1.99526231e+06  1.71483465e+02 
 2.15443469e+06  5.19634920e+01  2.15443469e+06  1.69693788e+02 
 2.32630507e+06  5.29548003e+01  2.32630507e+06  1.67161647e+02 
 2.51188643e+06  5.42435571e+01  2.51188643e+06  1.63347079e+02 
 2.71227258e+06  5.59537514e+01  2.71227258e+06  1.57079862e+02 
 2.92864456e+06  5.82199929e+01  2.92864456e+06  1.45486652e+02 
 3.16227766e+06  6.07423692e+01  3.16227766e+06  1.21478751e+02 
 3.41454887e+06  6.09449918e+01  3.41454887e+06  8.09492739e+01 
 3.68694506e+06  5.75390440e+01  3.68694506e+06  4.93475236e+01 
 3.98107171e+06  5.37190436e+01  3.98107171e+06  3.39684214e+01 
 4.29866235e+06  5.04522268e+01  4.29866235e+06  2.61689504e+01 
 4.64158883e+06  4.76659941e+01  4.64158883e+06  2.17190781e+01 
 5.01187234e+06  4.52207141e+01  5.01187234e+06  1.89587751e+01 
 5.41169527e+06  4.30178216e+01  5.41169527e+06  1.71609714e+01 
 5.84341413e+06  4.09899668e+01  5.84341413e+06  1.59674115e+01 
 6.30957344e+06  3.90925847e+01  6.30957344e+06  1.51845259e+01 
 6.81292069e+06  3.72940211e+01  6.81292069e+06  1.47003485e+01 
 7.35642254e+06  3.55717844e+01  7.35642254e+06  1.44446961e+01 
 7.94328235e+06  3.39081233e+01  7.94328235e+06  1.43787195e+01 
 8.57695899e+06  3.22900997e+01  8.57695899e+06  1.44711370e+01 
 9.26118728e+06  3.07080221e+01  9.26118728e+06  1.47081524e+01 
 1.00000000e+07  2.91516452e+01  1.00000000e+07  1.50784011e+01 
 1.07977516e+07  2.76139608e+01  1.07977516e+07  1.55813102e+01 
 1.16591440e+07  2.60906985e+01  1.16591440e+07  1.62227089e+01 
 1.25892541e+07  2.45736015e+01  1.25892541e+07  1.69930171e+01 
 1.35935639e+07  2.30603518e+01  1.35935639e+07  1.79208774e+01 
 1.46779927e+07  2.15430038e+01  1.46779927e+07  1.90016674e+01 
 1.58489319e+07  2.00188603e+01  1.58489319e+07  2.02738422e+01 
 1.71132830e+07  1.84837306e+01  1.71132830e+07  2.17530690e+01 
 1.84784980e+07  1.69286335e+01  1.84784980e+07  2.34818529e+01 
 1.99526231e+07  1.53463934e+01  1.99526231e+07  2.55253632e+01 
 2.15443469e+07  1.37458616e+01  2.15443469e+07  2.79234349e+01 
 2.32630507e+07  1.20985945e+01  2.32630507e+07  3.07658269e+01 
 2.51188643e+07  1.04136658e+01  2.51188643e+07  3.41624747e+01 
 2.71227258e+07  8.69341186e+00  2.71227258e+07  3.83978690e+01 
 2.92864456e+07  6.92648659e+00  2.92864456e+07  4.35259458e+01 
 3.16227766e+07  5.13251974e+00  3.16227766e+07  4.98927264e+01 
 3.41454887e+07  3.36024356e+00  3.41454887e+07  5.80079271e+01 
 3.68694506e+07  1.67467045e+00  3.68694506e+07  6.80494245e+01 
 3.98107171e+07  2.53801253e-01  3.98107171e+07  8.07005725e+01 
 4.29866235e+07 -8.20323243e-01  4.29866235e+07  9.42670366e+01 
 4.64158883e+07 -1.37266788e+00  4.64158883e+07  1.09475662e+02 
 5.01187234e+07 -1.41496029e+00  5.01187234e+07  1.22978613e+02 
 5.41169527e+07 -1.10977365e+00  5.41169527e+07  1.34379458e+02 
 5.84341413e+07 -7.19703430e-01  5.84341413e+07  1.44117808e+02 
 6.30957344e+07 -1.26988015e-01  6.30957344e+07  1.51502801e+02 
 6.81292069e+07  3.46636760e-01  6.81292069e+07  1.58148745e+02 
 7.35642254e+07  8.93839372e-01  7.35642254e+07  1.63677408e+02 
 7.94328235e+07  1.35811170e+00  7.94328235e+07  1.67666150e+02 
 8.57695899e+07  1.75239915e+00  8.57695899e+07  1.71373019e+02 
 9.26118728e+07  2.22167118e+00  9.26118728e+07  1.74452493e+02 
 1.00000000e+08  2.57942418e+00  1.00000000e+08  1.77705756e+02 
 1.07977516e+08  3.05531151e+00  1.07977516e+08  1.80303143e+02 
 1.16591440e+08  3.38065366e+00  1.16591440e+08  1.82215864e+02 
 1.25892541e+08  3.58826574e+00  1.25892541e+08  1.84845663e+02 
 1.35935639e+08  4.11815416e+00  1.35935639e+08  1.86348208e+02 
 1.46779927e+08  4.30795364e+00  1.46779927e+08  1.87844304e+02 
 1.58489319e+08  4.68725879e+00  1.58489319e+08  1.89138825e+02 
 1.71132830e+08  4.88272334e+00  1.71132830e+08  1.90207700e+02 
 1.84784980e+08  5.49112941e+00  1.84784980e+08  1.90633744e+02 
 1.99526231e+08  5.84840856e+00  1.99526231e+08  1.90933922e+02 
 2.15443469e+08  5.76649137e+00  2.15443469e+08  1.91109478e+02 
 2.32630507e+08  6.91585056e+00  2.32630507e+08  1.90759343e+02 
 2.51188643e+08  6.72831068e+00  2.51188643e+08  1.90276684e+02 
 2.71227258e+08  7.68866157e+00  2.71227258e+08  1.89607469e+02 
 2.92864456e+08  6.00367994e+00  2.92864456e+08  1.89021218e+02 
 3.16227766e+08  7.30846341e+00  3.16227766e+08  1.88160026e+02 
 3.41454887e+08  7.68816885e+00  3.41454887e+08  1.86899833e+02 
 3.68694506e+08  7.35518620e+00  3.68694506e+08  1.86252787e+02 
 3.98107171e+08  8.25632680e+00  3.98107171e+08  1.85156964e+02 
 4.29866235e+08  9.87853608e+00  4.29866235e+08  1.84409559e+02 
 4.64158883e+08  6.98750015e+00  4.64158883e+08  1.83850262e+02 
 5.01187234e+08  7.24085181e+00  5.01187234e+08  1.83341511e+02 
 5.41169527e+08  7.84193399e+00  5.41169527e+08  1.82677232e+02 
 5.84341413e+08  4.56174422e+00  5.84341413e+08  1.82064060e+02 
 6.30957344e+08  1.11383151e+01  6.30957344e+08  1.82294911e+02 
 6.81292069e+08  6.29309994e+00  6.81292069e+08  1.81632140e+02 
 7.35642254e+08  8.45089081e+00  7.35642254e+08  1.81036868e+02 
 7.94328235e+08  7.10606063e+00  7.94328235e+08  1.80639471e+02 
 8.57695899e+08  5.75409697e+00  8.57695899e+08  1.80147373e+02 
 9.26118728e+08  4.39964375e+00  9.26118728e+08  1.80556662e+02 
 1.00000000e+09  9.06722313e+00  1.00000000e+09  1.79958221e+02 
