 1.00000000e+00  9.61210697e+01  1.00000000e+00 -1.73444820e-06 
 1.07977516e+00  9.61210697e+01  1.07977516e+00 -1.87281408e-06 
 1.16591440e+00  9.61210697e+01  1.16591440e+00 -2.02221813e-06 
 1.25892541e+00  9.61210697e+01  1.25892541e+00 -2.18354091e-06 
 1.35935639e+00  9.61210697e+01  1.35935639e+00 -2.35773324e-06 
 1.46779927e+00  9.61210697e+01  1.46779927e+00 -2.54582179e-06 
 1.58489319e+00  9.61210697e+01  1.58489319e+00 -2.74891514e-06 
 1.71132830e+00  9.61210697e+01  1.71132830e+00 -2.96821029e-06 
 1.84784980e+00  9.61210697e+01  1.84784980e+00 -3.20499975e-06 
 1.99526231e+00  9.61210697e+01  1.99526231e+00 -3.46067913e-06 
 2.15443469e+00  9.61210697e+01  2.15443469e+00 -3.73675536e-06 
 2.32630507e+00  9.61210697e+01  2.32630507e+00 -4.03485563e-06 
 2.51188643e+00  9.61210697e+01  2.51188643e+00 -4.35673689e-06 
 2.71227258e+00  9.61210697e+01  2.71227258e+00 -4.70429629e-06 
 2.92864456e+00  9.61210697e+01  2.92864456e+00 -5.07958229e-06 
 3.16227766e+00  9.61210697e+01  3.16227766e+00 -5.48480679e-06 
 3.41454887e+00  9.61210697e+01  3.41454887e+00 -5.92235814e-06 
 3.68694506e+00  9.61210697e+01  3.68694506e+00 -6.39481522e-06 
 3.98107171e+00  9.61210697e+01  3.98107171e+00 -6.90496264e-06 
 4.29866235e+00  9.61210697e+01  4.29866235e+00 -7.45580716e-06 
 4.64158883e+00  9.61210697e+01  4.64158883e+00 -8.05059539e-06 
 5.01187234e+00  9.61210697e+01  5.01187234e+00 -8.69283294e-06 
 5.41169527e+00  9.61210697e+01  5.41169527e+00 -9.38630510e-06 
 5.84341413e+00  9.61210697e+01  5.84341413e+00 -1.01350991e-05 
 6.30957344e+00  9.61210697e+01  6.30957344e+00 -1.09436283e-05 
 6.81292069e+00  9.61210697e+01  6.81292069e+00 -1.18166580e-05 
 7.35642254e+00  9.61210697e+01  7.35642254e+00 -1.27593338e-05 
 7.94328235e+00  9.61210697e+01  7.94328235e+00 -1.37772117e-05 
 8.57695899e+00  9.61210697e+01  8.57695899e+00 -1.48762911e-05 
 9.26118728e+00  9.61210697e+01  9.26118728e+00 -1.60630496e-05 
 1.00000000e+01  9.61210697e+01  1.00000000e+01 -1.73444820e-05 
 1.07977516e+01  9.61210697e+01  1.07977516e+01 -1.87281408e-05 
 1.16591440e+01  9.61210697e+01  1.16591440e+01 -2.02221813e-05 
 1.25892541e+01  9.61210697e+01  1.25892541e+01 -2.18354091e-05 
 1.35935639e+01  9.61210697e+01  1.35935639e+01 -2.35773324e-05 
 1.46779927e+01  9.61210697e+01  1.46779927e+01 -2.54582179e-05 
 1.58489319e+01  9.61210697e+01  1.58489319e+01 -2.74891514e-05 
 1.71132830e+01  9.61210697e+01  1.71132830e+01 -2.96821029e-05 
 1.84784980e+01  9.61210697e+01  1.84784980e+01 -3.20499975e-05 
 1.99526231e+01  9.61210697e+01  1.99526231e+01 -3.46067913e-05 
 2.15443469e+01  9.61210697e+01  2.15443469e+01 -3.73675536e-05 
 2.32630507e+01  9.61210697e+01  2.32630507e+01 -4.03485563e-05 
 2.51188643e+01  9.61210697e+01  2.51188643e+01 -4.35673689e-05 
 2.71227258e+01  9.61210697e+01  2.71227258e+01 -4.70429629e-05 
 2.92864456e+01  9.61210697e+01  2.92864456e+01 -5.07958229e-05 
 3.16227766e+01  9.61210697e+01  3.16227766e+01 -5.48480679e-05 
 3.41454887e+01  9.61210697e+01  3.41454887e+01 -5.92235814e-05 
 3.68694506e+01  9.61210697e+01  3.68694506e+01 -6.39481522e-05 
 3.98107171e+01  9.61210697e+01  3.98107171e+01 -6.90496264e-05 
 4.29866235e+01  9.61210697e+01  4.29866235e+01 -7.45580716e-05 
 4.64158883e+01  9.61210697e+01  4.64158883e+01 -8.05059539e-05 
 5.01187234e+01  9.61210697e+01  5.01187234e+01 -8.69283294e-05 
 5.41169527e+01  9.61210697e+01  5.41169527e+01 -9.38630510e-05 
 5.84341413e+01  9.61210697e+01  5.84341413e+01 -1.01350991e-04 
 6.30957344e+01  9.61210697e+01  6.30957344e+01 -1.09436283e-04 
 6.81292069e+01  9.61210697e+01  6.81292069e+01 -1.18166580e-04 
 7.35642254e+01  9.61210697e+01  7.35642254e+01 -1.27593338e-04 
 7.94328235e+01  9.61210697e+01  7.94328235e+01 -1.37772117e-04 
 8.57695899e+01  9.61210697e+01  8.57695899e+01 -1.48762911e-04 
 9.26118728e+01  9.61210697e+01  9.26118728e+01 -1.60630496e-04 
 1.00000000e+02  9.61210697e+01  1.00000000e+02 -1.73444820e-04 
 1.07977516e+02  9.61210697e+01  1.07977516e+02 -1.87281408e-04 
 1.16591440e+02  9.61210697e+01  1.16591440e+02 -2.02221813e-04 
 1.25892541e+02  9.61210697e+01  1.25892541e+02 -2.18354091e-04 
 1.35935639e+02  9.61210697e+01  1.35935639e+02 -2.35773324e-04 
 1.46779927e+02  9.61210697e+01  1.46779927e+02 -2.54582179e-04 
 1.58489319e+02  9.61210697e+01  1.58489319e+02 -2.74891514e-04 
 1.71132830e+02  9.61210697e+01  1.71132830e+02 -2.96821029e-04 
 1.84784980e+02  9.61210697e+01  1.84784980e+02 -3.20499975e-04 
 1.99526231e+02  9.61210697e+01  1.99526231e+02 -3.46067913e-04 
 2.15443469e+02  9.61210697e+01  2.15443469e+02 -3.73675536e-04 
 2.32630507e+02  9.61210697e+01  2.32630507e+02 -4.03485563e-04 
 2.51188643e+02  9.61210697e+01  2.51188643e+02 -4.35673689e-04 
 2.71227258e+02  9.61210697e+01  2.71227258e+02 -4.70429629e-04 
 2.92864456e+02  9.61210697e+01  2.92864456e+02 -5.07958229e-04 
 3.16227766e+02  9.61210697e+01  3.16227766e+02 -5.48480679e-04 
 3.41454887e+02  9.61210697e+01  3.41454887e+02 -5.92235814e-04 
 3.68694506e+02  9.61210697e+01  3.68694506e+02 -6.39481522e-04 
 3.98107171e+02  9.61210697e+01  3.98107171e+02 -6.90496264e-04 
 4.29866235e+02  9.61210697e+01  4.29866235e+02 -7.45580716e-04 
 4.64158883e+02  9.61210697e+01  4.64158883e+02 -8.05059538e-04 
 5.01187234e+02  9.61210697e+01  5.01187234e+02 -8.69283294e-04 
 5.41169527e+02  9.61210697e+01  5.41169527e+02 -9.38630510e-04 
 5.84341413e+02  9.61210697e+01  5.84341413e+02 -1.01350991e-03 
 6.30957344e+02  9.61210697e+01  6.30957344e+02 -1.09436283e-03 
 6.81292069e+02  9.61210697e+01  6.81292069e+02 -1.18166580e-03 
 7.35642254e+02  9.61210697e+01  7.35642254e+02 -1.27593338e-03 
 7.94328235e+02  9.61210697e+01  7.94328235e+02 -1.37772117e-03 
 8.57695899e+02  9.61210697e+01  8.57695899e+02 -1.48762910e-03 
 9.26118728e+02  9.61210697e+01  9.26118728e+02 -1.60630496e-03 
 1.00000000e+03  9.61210697e+01  1.00000000e+03 -1.73444820e-03 
 1.07977516e+03  9.61210697e+01  1.07977516e+03 -1.87281408e-03 
 1.16591440e+03  9.61210697e+01  1.16591440e+03 -2.02221813e-03 
 1.25892541e+03  9.61210697e+01  1.25892541e+03 -2.18354091e-03 
 1.35935639e+03  9.61210697e+01  1.35935639e+03 -2.35773324e-03 
 1.46779927e+03  9.61210697e+01  1.46779927e+03 -2.54582179e-03 
 1.58489319e+03  9.61210697e+01  1.58489319e+03 -2.74891514e-03 
 1.71132830e+03  9.61210697e+01  1.71132830e+03 -2.96821029e-03 
 1.84784980e+03  9.61210697e+01  1.84784980e+03 -3.20499975e-03 
 1.99526231e+03  9.61210697e+01  1.99526231e+03 -3.46067912e-03 
 2.15443469e+03  9.61210696e+01  2.15443469e+03 -3.73675536e-03 
 2.32630507e+03  9.61210696e+01  2.32630507e+03 -4.03485562e-03 
 2.51188643e+03  9.61210696e+01  2.51188643e+03 -4.35673689e-03 
 2.71227258e+03  9.61210696e+01  2.71227258e+03 -4.70429628e-03 
 2.92864456e+03  9.61210696e+01  2.92864456e+03 -5.07958227e-03 
 3.16227766e+03  9.61210696e+01  3.16227766e+03 -5.48480677e-03 
 3.41454887e+03  9.61210696e+01  3.41454887e+03 -5.92235812e-03 
 3.68694506e+03  9.61210696e+01  3.68694506e+03 -6.39481520e-03 
 3.98107171e+03  9.61210696e+01  3.98107171e+03 -6.90496261e-03 
 4.29866235e+03  9.61210696e+01  4.29866235e+03 -7.45580712e-03 
 4.64158883e+03  9.61210696e+01  4.64158883e+03 -8.05059534e-03 
 5.01187234e+03  9.61210696e+01  5.01187234e+03 -8.69283288e-03 
 5.41169527e+03  9.61210695e+01  5.41169527e+03 -9.38630503e-03 
 5.84341413e+03  9.61210695e+01  5.84341413e+03 -1.01350990e-02 
 6.30957344e+03  9.61210695e+01  6.30957344e+03 -1.09436282e-02 
 6.81292069e+03  9.61210695e+01  6.81292069e+03 -1.18166579e-02 
 7.35642254e+03  9.61210694e+01  7.35642254e+03 -1.27593336e-02 
 7.94328235e+03  9.61210694e+01  7.94328235e+03 -1.37772115e-02 
 8.57695899e+03  9.61210694e+01  8.57695899e+03 -1.48762908e-02 
 9.26118728e+03  9.61210693e+01  9.26118728e+03 -1.60630492e-02 
 1.00000000e+04  9.61210693e+01  1.00000000e+04 -1.73444815e-02 
 1.07977516e+04  9.61210692e+01  1.07977516e+04 -1.87281403e-02 
 1.16591440e+04  9.61210691e+01  1.16591440e+04 -2.02221806e-02 
 1.25892541e+04  9.61210690e+01  1.25892541e+04 -2.18354082e-02 
 1.35935639e+04  9.61210689e+01  1.35935639e+04 -2.35773313e-02 
 1.46779927e+04  9.61210688e+01  1.46779927e+04 -2.54582165e-02 
 1.58489319e+04  9.61210687e+01  1.58489319e+04 -2.74891496e-02 
 1.71132830e+04  9.61210685e+01  1.71132830e+04 -2.96821007e-02 
 1.84784980e+04  9.61210683e+01  1.84784980e+04 -3.20499947e-02 
 1.99526231e+04  9.61210681e+01  1.99526231e+04 -3.46067877e-02 
 2.15443469e+04  9.61210678e+01  2.15443469e+04 -3.73675491e-02 
 2.32630507e+04  9.61210675e+01  2.32630507e+04 -4.03485506e-02 
 2.51188643e+04  9.61210671e+01  2.51188643e+04 -4.35673618e-02 
 2.71227258e+04  9.61210667e+01  2.71227258e+04 -4.70429539e-02 
 2.92864456e+04  9.61210662e+01  2.92864456e+04 -5.07958115e-02 
 3.16227766e+04  9.61210656e+01  3.16227766e+04 -5.48480536e-02 
 3.41454887e+04  9.61210650e+01  3.41454887e+04 -5.92235635e-02 
 3.68694506e+04  9.61210642e+01  3.68694506e+04 -6.39481296e-02 
 3.98107171e+04  9.61210633e+01  3.98107171e+04 -6.90495980e-02 
 4.29866235e+04  9.61210622e+01  4.29866235e+04 -7.45580358e-02 
 4.64158883e+04  9.61210610e+01  4.64158883e+04 -8.05059088e-02 
 5.01187234e+04  9.61210595e+01  5.01187234e+04 -8.69282727e-02 
 5.41169527e+04  9.61210579e+01  5.41169527e+04 -9.38629796e-02 
 5.84341413e+04  9.61210559e+01  5.84341413e+04 -1.01350901e-01 
 6.30957344e+04  9.61210536e+01  6.30957344e+04 -1.09436170e-01 
 6.81292069e+04  9.61210510e+01  6.81292069e+04 -1.18166438e-01 
 7.35642254e+04  9.61210479e+01  7.35642254e+04 -1.27593159e-01 
 7.94328235e+04  9.61210442e+01  7.94328235e+04 -1.37771892e-01 
 8.57695899e+04  9.61210400e+01  8.57695899e+04 -1.48762626e-01 
 9.26118728e+04  9.61210351e+01  9.26118728e+04 -1.60630138e-01 
 1.00000000e+05  9.61210294e+01  1.00000000e+05 -1.73444369e-01 
 1.07977516e+05  9.61210227e+01  1.07977516e+05 -1.87280841e-01 
 1.16591440e+05  9.61210149e+01  1.16591440e+05 -2.02221099e-01 
 1.25892541e+05  9.61210058e+01  1.25892541e+05 -2.18353192e-01 
 1.35935639e+05  9.61209952e+01  1.35935639e+05 -2.35772193e-01 
 1.46779927e+05  9.61209829e+01  1.46779927e+05 -2.54580755e-01 
 1.58489319e+05  9.61209685e+01  1.58489319e+05 -2.74889721e-01 
 1.71132830e+05  9.61209517e+01  1.71132830e+05 -2.96818771e-01 
 1.84784980e+05  9.61209321e+01  1.84784980e+05 -3.20497132e-01 
 1.99526231e+05  9.61209093e+01  1.99526231e+05 -3.46064334e-01 
 2.15443469e+05  9.61208826e+01  2.15443469e+05 -3.73671031e-01 
 2.32630507e+05  9.61208516e+01  2.32630507e+05 -4.03479891e-01 
 2.51188643e+05  9.61208154e+01  2.51188643e+05 -4.35666549e-01 
 2.71227258e+05  9.61207733e+01  2.71227258e+05 -4.70420640e-01 
 2.92864456e+05  9.61207241e+01  2.92864456e+05 -5.07946912e-01 
 3.16227766e+05  9.61206667e+01  3.16227766e+05 -5.48466433e-01 
 3.41454887e+05  9.61205999e+01  3.41454887e+05 -5.92217879e-01 
 3.68694506e+05  9.61205220e+01  3.68694506e+05 -6.39458944e-01 
 3.98107171e+05  9.61204311e+01  3.98107171e+05 -6.90467840e-01 
 4.29866235e+05  9.61203251e+01  4.29866235e+05 -7.45544933e-01 
 4.64158883e+05  9.61202016e+01  4.64158883e+05 -8.05014491e-01 
 5.01187234e+05  9.61200576e+01  5.01187234e+05 -8.69226583e-01 
 5.41169527e+05  9.61198897e+01  5.41169527e+05 -9.38559117e-01 
 5.84341413e+05  9.61196940e+01  5.84341413e+05 -1.01342004e+00 
 6.30957344e+05  9.61194657e+01  6.30957344e+05 -1.09424969e+00 
 6.81292069e+05  9.61191997e+01  6.81292069e+05 -1.18152337e+00 
 7.35642254e+05  9.61188894e+01  7.35642254e+05 -1.27575408e+00 
 7.94328235e+05  9.61185278e+01  7.94328235e+05 -1.37749545e+00 
 8.57695899e+05  9.61181061e+01  8.57695899e+05 -1.48734495e+00 
 9.26118728e+05  9.61176146e+01  9.26118728e+05 -1.60594726e+00 
 1.00000000e+06  9.61170415e+01  1.00000000e+06 -1.73399791e+00 
 1.07977516e+06  9.61163734e+01  1.07977516e+06 -1.87224726e+00 
 1.16591440e+06  9.61155945e+01  1.16591440e+06 -2.02150462e+00 
 1.25892541e+06  9.61146865e+01  1.25892541e+06 -2.18264276e+00 
 1.35935639e+06  9.61136280e+01  1.35935639e+06 -2.35660269e+00 
 1.46779927e+06  9.61123941e+01  1.46779927e+06 -2.54439875e+00 
 1.58489319e+06  9.61109558e+01  1.58489319e+06 -2.74712398e+00 
 1.71132830e+06  9.61092791e+01  1.71132830e+06 -2.96595586e+00 
 1.84784980e+06  9.61073248e+01  1.84784980e+06 -3.20216233e+00 
 1.99526231e+06  9.61050470e+01  1.99526231e+06 -3.45710812e+00 
 2.15443469e+06  9.61023921e+01  2.15443469e+06 -3.73226132e+00 
 2.32630507e+06  9.60992981e+01  2.32630507e+06 -4.02920029e+00 
 2.51188643e+06  9.60956924e+01  2.51188643e+06 -4.34962064e+00 
 2.71227258e+06  9.60914908e+01  2.71227258e+06 -4.69534244e+00 
 2.92864456e+06  9.60865952e+01  2.92864456e+06 -5.06831735e+00 
 3.16227766e+06  9.60808916e+01  3.16227766e+06 -5.47063571e+00 
 3.41454887e+06  9.60742474e+01  3.41454887e+06 -5.90453335e+00 
 3.68694506e+06  9.60665086e+01  3.68694506e+06 -6.37239781e+00 
 3.98107171e+06  9.60574963e+01  3.98107171e+06 -6.87677383e+00 
 4.29866235e+06  9.60470027e+01  4.29866235e+06 -7.42036765e+00 
 4.64158883e+06  9.60347870e+01  4.64158883e+06 -8.00604960e+00 
 5.01187234e+06  9.60205697e+01  5.01187234e+06 -8.63685461e+00 
 5.41169527e+06  9.60040275e+01  5.41169527e+06 -9.31597961e+00 
 5.84341413e+06  9.59847859e+01  5.84341413e+06 -1.00467772e+01 
 6.30957344e+06  9.59624119e+01  6.30957344e+06 -1.08327442e+01 
 6.81292069e+06  9.59364054e+01  6.81292069e+06 -1.16775041e+01 
 7.35642254e+06  9.59061892e+01  7.35642254e+06 -1.25847813e+01 
 7.94328235e+06  9.58710977e+01  7.94328235e+06 -1.35583648e+01 
 8.57695899e+06  9.58303641e+01  8.57695899e+06 -1.46020592e+01 
 9.26118728e+06  9.57831051e+01  9.26118728e+06 -1.57196183e+01 
 1.00000000e+07  9.57283039e+01  1.00000000e+07 -1.69146555e+01 
 1.07977516e+07  9.56647885e+01  1.07977516e+07 -1.81905235e+01 
 1.16591440e+07  9.55912067e+01  1.16591440e+07 -1.95501463e+01 
 1.25892541e+07  9.55059938e+01  1.25892541e+07 -2.09957808e+01 
 1.35935639e+07  9.54073315e+01  1.35935639e+07 -2.25286605e+01 
 1.46779927e+07  9.52930970e+01  1.46779927e+07 -2.41484363e+01 
 1.58489319e+07  9.51608012e+01  1.58489319e+07 -2.58522538e+01 
 1.71132830e+07  9.50075311e+01  1.71132830e+07 -2.76331713e+01 
 1.84784980e+07  9.48299495e+01  1.84784980e+07 -2.94774026e+01 
 1.99526231e+07  9.46245144e+01  1.99526231e+07 -3.13596467e+01 
 2.15443469e+07  9.43883535e+01  2.15443469e+07 -3.32361153e+01 
 2.32630507e+07  9.41216981e+01  2.32630507e+07 -3.50380776e+01 
 2.51188643e+07  9.38328146e+01  2.51188643e+07 -3.66801511e+01 
 2.71227258e+07  9.35428963e+01  2.71227258e+07 -3.81152203e+01 
 2.92864456e+07  9.32790325e+01  2.92864456e+07 -3.94363349e+01 
 3.16227766e+07  9.30482797e+01  3.16227766e+07 -4.08826047e+01 
 3.41454887e+07  9.28251590e+01  3.41454887e+07 -4.26398082e+01 
 3.68694506e+07  9.25766611e+01  3.68694506e+07 -4.46979945e+01 
 3.98107171e+07  9.22856071e+01  3.98107171e+07 -4.69365356e+01 
 4.29866235e+07  9.19497795e+01  4.29866235e+07 -4.92407566e+01 
 4.64158883e+07  9.15733014e+01  4.64158883e+07 -5.15372087e+01 
 5.01187234e+07  9.11614546e+01  5.01187234e+07 -5.37851989e+01 
 5.41169527e+07  9.07189472e+01  5.41169527e+07 -5.59629307e+01 
 5.84341413e+07  9.02496557e+01  5.84341413e+07 -5.80584749e+01 
 6.30957344e+07  8.97567727e+01  6.30957344e+07 -6.00650746e+01 
 6.81292069e+07  8.92429945e+01  6.81292069e+07 -6.19788997e+01 
 7.35642254e+07  8.87106621e+01  7.35642254e+07 -6.37979918e+01 
 7.94328235e+07  8.81618508e+01  7.94328235e+07 -6.55217468e+01 
 8.57695899e+07  8.75984247e+01  8.57695899e+07 -6.71506292e+01 
 9.26118728e+07  8.70220681e+01  9.26118728e+07 -6.86859817e+01 
 1.00000000e+08  8.64343045e+01  1.00000000e+08 -7.01298732e+01 
 1.07977516e+08  8.58365094e+01  1.07977516e+08 -7.14849647e+01 
 1.16591440e+08  8.52299195e+01  1.16591440e+08 -7.27543852e+01 
 1.25892541e+08  8.46156410e+01  1.25892541e+08 -7.39416165e+01 
 1.35935639e+08  8.39946575e+01  1.35935639e+08 -7.50503871e+01 
 1.46779927e+08  8.33678382e+01  1.46779927e+08 -7.60845764e+01 
 1.58489319e+08  8.27359467e+01  1.58489319e+08 -7.70481288e+01 
 1.71132830e+08  8.20996505e+01  1.71132830e+08 -7.79449796e+01 
 1.84784980e+08  8.14595307e+01  1.84784980e+08 -7.87789941e+01 
 1.99526231e+08  8.08160923e+01  1.99526231e+08 -7.95539207e+01 
 2.15443469e+08  8.01697740e+01  2.15443469e+08 -8.02733582e+01 
 2.32630507e+08  7.95209584e+01  2.32630507e+08 -8.09407386e+01 
 2.51188643e+08  7.88699794e+01  2.51188643e+08 -8.15593205e+01 
 2.71227258e+08  7.82171297e+01  2.71227258e+08 -8.21321919e+01 
 2.92864456e+08  7.75626659e+01  2.92864456e+08 -8.26622765e+01 
 3.16227766e+08  7.69068123e+01  3.16227766e+08 -8.31523416e+01 
 3.41454887e+08  7.62497642e+01  3.41454887e+08 -8.36050033e+01 
 3.68694506e+08  7.55916902e+01  3.68694506e+08 -8.40227297e+01 
 3.98107171e+08  7.49327340e+01  3.98107171e+08 -8.44078408e+01 
 4.29866235e+08  7.42730168e+01  4.29866235e+08 -8.47625069e+01 
 4.64158883e+08  7.36126392e+01  4.64158883e+08 -8.50887456e+01 
 5.01187234e+08  7.29516839e+01  5.01187234e+08 -8.53884196e+01 
 5.41169527e+08  7.22902181e+01  5.41169527e+08 -8.56632354e+01 
 5.84341413e+08  7.16282959e+01  5.84341413e+08 -8.59147435e+01 
 6.30957344e+08  7.09659612e+01  6.30957344e+08 -8.61443421e+01 
 6.81292069e+08  7.03032501e+01  6.81292069e+08 -8.63532817e+01 
 7.35642254e+08  6.96401927e+01  7.35642254e+08 -8.65426726e+01 
 7.94328235e+08  6.89768153e+01  7.94328235e+08 -8.67134940e+01 
 8.57695899e+08  6.83131421e+01  8.57695899e+08 -8.68666033e+01 
 9.26118728e+08  6.76491957e+01  9.26118728e+08 -8.70027463e+01 
 1.00000000e+09  6.69849984e+01  1.00000000e+09 -8.71225665e+01 
