 1.00000000e+00  9.60387092e+01  1.00000000e+00 -1.71798353e-06 
 1.07977516e+00  9.60387092e+01  1.07977516e+00 -1.85503595e-06 
 1.16591440e+00  9.60387092e+01  1.16591440e+00 -2.00302174e-06 
 1.25892541e+00  9.60387092e+01  1.25892541e+00 -2.16281312e-06 
 1.35935639e+00  9.60387092e+01  1.35935639e+00 -2.33535189e-06 
 1.46779927e+00  9.60387092e+01  1.46779927e+00 -2.52165497e-06 
 1.58489319e+00  9.60387092e+01  1.58489319e+00 -2.72282040e-06 
 1.71132830e+00  9.60387092e+01  1.71132830e+00 -2.94003384e-06 
 1.84784980e+00  9.60387092e+01  1.84784980e+00 -3.17457552e-06 
 1.99526231e+00  9.60387092e+01  1.99526231e+00 -3.42782780e-06 
 2.15443469e+00  9.60387092e+01  2.15443469e+00 -3.70128332e-06 
 2.32630507e+00  9.60387092e+01  2.32630507e+00 -3.99655379e-06 
 2.51188643e+00  9.60387092e+01  2.51188643e+00 -4.31537952e-06 
 2.71227258e+00  9.60387092e+01  2.71227258e+00 -4.65963962e-06 
 2.92864456e+00  9.60387092e+01  2.92864456e+00 -5.03136313e-06 
 3.16227766e+00  9.60387092e+01  3.16227766e+00 -5.43274094e-06 
 3.41454887e+00  9.60387092e+01  3.41454887e+00 -5.86613873e-06 
 3.68694506e+00  9.60387092e+01  3.68694506e+00 -6.33411090e-06 
 3.98107171e+00  9.60387092e+01  3.98107171e+00 -6.83941563e-06 
 4.29866235e+00  9.60387092e+01  4.29866235e+00 -7.38503112e-06 
 4.64158883e+00  9.60387092e+01  4.64158883e+00 -7.97417318e-06 
 5.01187234e+00  9.60387092e+01  5.01187234e+00 -8.61031414e-06 
 5.41169527e+00  9.60387092e+01  5.41169527e+00 -9.29720334e-06 
 5.84341413e+00  9.60387092e+01  5.84341413e+00 -1.00388892e-05 
 6.30957344e+00  9.60387092e+01  6.30957344e+00 -1.08397433e-05 
 6.81292069e+00  9.60387092e+01  6.81292069e+00 -1.17044855e-05 
 7.35642254e+00  9.60387092e+01  7.35642254e+00 -1.26382128e-05 
 7.94328235e+00  9.60387092e+01  7.94328235e+00 -1.36464283e-05 
 8.57695899e+00  9.60387092e+01  8.57695899e+00 -1.47350743e-05 
 9.26118728e+00  9.60387092e+01  9.26118728e+00 -1.59105672e-05 
 1.00000000e+01  9.60387092e+01  1.00000000e+01 -1.71798353e-05 
 1.07977516e+01  9.60387092e+01  1.07977516e+01 -1.85503595e-05 
 1.16591440e+01  9.60387092e+01  1.16591440e+01 -2.00302174e-05 
 1.25892541e+01  9.60387092e+01  1.25892541e+01 -2.16281312e-05 
 1.35935639e+01  9.60387092e+01  1.35935639e+01 -2.33535189e-05 
 1.46779927e+01  9.60387092e+01  1.46779927e+01 -2.52165497e-05 
 1.58489319e+01  9.60387092e+01  1.58489319e+01 -2.72282040e-05 
 1.71132830e+01  9.60387092e+01  1.71132830e+01 -2.94003384e-05 
 1.84784980e+01  9.60387092e+01  1.84784980e+01 -3.17457552e-05 
 1.99526231e+01  9.60387092e+01  1.99526231e+01 -3.42782780e-05 
 2.15443469e+01  9.60387092e+01  2.15443469e+01 -3.70128332e-05 
 2.32630507e+01  9.60387092e+01  2.32630507e+01 -3.99655379e-05 
 2.51188643e+01  9.60387092e+01  2.51188643e+01 -4.31537952e-05 
 2.71227258e+01  9.60387092e+01  2.71227258e+01 -4.65963962e-05 
 2.92864456e+01  9.60387092e+01  2.92864456e+01 -5.03136313e-05 
 3.16227766e+01  9.60387092e+01  3.16227766e+01 -5.43274094e-05 
 3.41454887e+01  9.60387092e+01  3.41454887e+01 -5.86613873e-05 
 3.68694506e+01  9.60387092e+01  3.68694506e+01 -6.33411090e-05 
 3.98107171e+01  9.60387092e+01  3.98107171e+01 -6.83941563e-05 
 4.29866235e+01  9.60387092e+01  4.29866235e+01 -7.38503112e-05 
 4.64158883e+01  9.60387092e+01  4.64158883e+01 -7.97417318e-05 
 5.01187234e+01  9.60387092e+01  5.01187234e+01 -8.61031414e-05 
 5.41169527e+01  9.60387092e+01  5.41169527e+01 -9.29720334e-05 
 5.84341413e+01  9.60387092e+01  5.84341413e+01 -1.00388892e-04 
 6.30957344e+01  9.60387092e+01  6.30957344e+01 -1.08397433e-04 
 6.81292069e+01  9.60387092e+01  6.81292069e+01 -1.17044855e-04 
 7.35642254e+01  9.60387092e+01  7.35642254e+01 -1.26382128e-04 
 7.94328235e+01  9.60387092e+01  7.94328235e+01 -1.36464283e-04 
 8.57695899e+01  9.60387092e+01  8.57695899e+01 -1.47350743e-04 
 9.26118728e+01  9.60387092e+01  9.26118728e+01 -1.59105672e-04 
 1.00000000e+02  9.60387092e+01  1.00000000e+02 -1.71798353e-04 
 1.07977516e+02  9.60387092e+01  1.07977516e+02 -1.85503595e-04 
 1.16591440e+02  9.60387092e+01  1.16591440e+02 -2.00302174e-04 
 1.25892541e+02  9.60387092e+01  1.25892541e+02 -2.16281312e-04 
 1.35935639e+02  9.60387092e+01  1.35935639e+02 -2.33535189e-04 
 1.46779927e+02  9.60387092e+01  1.46779927e+02 -2.52165497e-04 
 1.58489319e+02  9.60387092e+01  1.58489319e+02 -2.72282040e-04 
 1.71132830e+02  9.60387092e+01  1.71132830e+02 -2.94003384e-04 
 1.84784980e+02  9.60387092e+01  1.84784980e+02 -3.17457552e-04 
 1.99526231e+02  9.60387092e+01  1.99526231e+02 -3.42782780e-04 
 2.15443469e+02  9.60387092e+01  2.15443469e+02 -3.70128332e-04 
 2.32630507e+02  9.60387092e+01  2.32630507e+02 -3.99655379e-04 
 2.51188643e+02  9.60387092e+01  2.51188643e+02 -4.31537952e-04 
 2.71227258e+02  9.60387092e+01  2.71227258e+02 -4.65963962e-04 
 2.92864456e+02  9.60387092e+01  2.92864456e+02 -5.03136313e-04 
 3.16227766e+02  9.60387092e+01  3.16227766e+02 -5.43274094e-04 
 3.41454887e+02  9.60387092e+01  3.41454887e+02 -5.86613873e-04 
 3.68694506e+02  9.60387092e+01  3.68694506e+02 -6.33411090e-04 
 3.98107171e+02  9.60387092e+01  3.98107171e+02 -6.83941563e-04 
 4.29866235e+02  9.60387092e+01  4.29866235e+02 -7.38503112e-04 
 4.64158883e+02  9.60387092e+01  4.64158883e+02 -7.97417318e-04 
 5.01187234e+02  9.60387092e+01  5.01187234e+02 -8.61031413e-04 
 5.41169527e+02  9.60387092e+01  5.41169527e+02 -9.29720334e-04 
 5.84341413e+02  9.60387092e+01  5.84341413e+02 -1.00388892e-03 
 6.30957344e+02  9.60387092e+01  6.30957344e+02 -1.08397433e-03 
 6.81292069e+02  9.60387092e+01  6.81292069e+02 -1.17044855e-03 
 7.35642254e+02  9.60387092e+01  7.35642254e+02 -1.26382128e-03 
 7.94328235e+02  9.60387092e+01  7.94328235e+02 -1.36464283e-03 
 8.57695899e+02  9.60387092e+01  8.57695899e+02 -1.47350743e-03 
 9.26118728e+02  9.60387092e+01  9.26118728e+02 -1.59105672e-03 
 1.00000000e+03  9.60387092e+01  1.00000000e+03 -1.71798353e-03 
 1.07977516e+03  9.60387092e+01  1.07977516e+03 -1.85503595e-03 
 1.16591440e+03  9.60387092e+01  1.16591440e+03 -2.00302174e-03 
 1.25892541e+03  9.60387092e+01  1.25892541e+03 -2.16281312e-03 
 1.35935639e+03  9.60387092e+01  1.35935639e+03 -2.33535189e-03 
 1.46779927e+03  9.60387092e+01  1.46779927e+03 -2.52165497e-03 
 1.58489319e+03  9.60387092e+01  1.58489319e+03 -2.72282040e-03 
 1.71132830e+03  9.60387092e+01  1.71132830e+03 -2.94003384e-03 
 1.84784980e+03  9.60387092e+01  1.84784980e+03 -3.17457552e-03 
 1.99526231e+03  9.60387092e+01  1.99526231e+03 -3.42782779e-03 
 2.15443469e+03  9.60387092e+01  2.15443469e+03 -3.70128331e-03 
 2.32630507e+03  9.60387092e+01  2.32630507e+03 -3.99655379e-03 
 2.51188643e+03  9.60387092e+01  2.51188643e+03 -4.31537952e-03 
 2.71227258e+03  9.60387092e+01  2.71227258e+03 -4.65963962e-03 
 2.92864456e+03  9.60387092e+01  2.92864456e+03 -5.03136312e-03 
 3.16227766e+03  9.60387092e+01  3.16227766e+03 -5.43274093e-03 
 3.41454887e+03  9.60387092e+01  3.41454887e+03 -5.86613872e-03 
 3.68694506e+03  9.60387092e+01  3.68694506e+03 -6.33411088e-03 
 3.98107171e+03  9.60387092e+01  3.98107171e+03 -6.83941560e-03 
 4.29866235e+03  9.60387091e+01  4.29866235e+03 -7.38503109e-03 
 4.64158883e+03  9.60387091e+01  4.64158883e+03 -7.97417313e-03 
 5.01187234e+03  9.60387091e+01  5.01187234e+03 -8.61031408e-03 
 5.41169527e+03  9.60387091e+01  5.41169527e+03 -9.29720327e-03 
 5.84341413e+03  9.60387091e+01  5.84341413e+03 -1.00388892e-02 
 6.30957344e+03  9.60387091e+01  6.30957344e+03 -1.08397432e-02 
 6.81292069e+03  9.60387090e+01  6.81292069e+03 -1.17044854e-02 
 7.35642254e+03  9.60387090e+01  7.35642254e+03 -1.26382126e-02 
 7.94328235e+03  9.60387090e+01  7.94328235e+03 -1.36464280e-02 
 8.57695899e+03  9.60387089e+01  8.57695899e+03 -1.47350740e-02 
 9.26118728e+03  9.60387089e+01  9.26118728e+03 -1.59105669e-02 
 1.00000000e+04  9.60387088e+01  1.00000000e+04 -1.71798349e-02 
 1.07977516e+04  9.60387088e+01  1.07977516e+04 -1.85503589e-02 
 1.16591440e+04  9.60387087e+01  1.16591440e+04 -2.00302167e-02 
 1.25892541e+04  9.60387086e+01  1.25892541e+04 -2.16281304e-02 
 1.35935639e+04  9.60387085e+01  1.35935639e+04 -2.33535178e-02 
 1.46779927e+04  9.60387084e+01  1.46779927e+04 -2.52165483e-02 
 1.58489319e+04  9.60387082e+01  1.58489319e+04 -2.72282023e-02 
 1.71132830e+04  9.60387081e+01  1.71132830e+04 -2.94003363e-02 
 1.84784980e+04  9.60387079e+01  1.84784980e+04 -3.17457525e-02 
 1.99526231e+04  9.60387076e+01  1.99526231e+04 -3.42782745e-02 
 2.15443469e+04  9.60387074e+01  2.15443469e+04 -3.70128288e-02 
 2.32630507e+04  9.60387071e+01  2.32630507e+04 -3.99655325e-02 
 2.51188643e+04  9.60387067e+01  2.51188643e+04 -4.31537884e-02 
 2.71227258e+04  9.60387063e+01  2.71227258e+04 -4.65963876e-02 
 2.92864456e+04  9.60387058e+01  2.92864456e+04 -5.03136204e-02 
 3.16227766e+04  9.60387053e+01  3.16227766e+04 -5.43273957e-02 
 3.41454887e+04  9.60387046e+01  3.41454887e+04 -5.86613701e-02 
 3.68694506e+04  9.60387038e+01  3.68694506e+04 -6.33410873e-02 
 3.98107171e+04  9.60387030e+01  3.98107171e+04 -6.83941290e-02 
 4.29866235e+04  9.60387019e+01  4.29866235e+04 -7.38502768e-02 
 4.64158883e+04  9.60387007e+01  4.64158883e+04 -7.97416885e-02 
 5.01187234e+04  9.60386993e+01  5.01187234e+04 -8.61030869e-02 
 5.41169527e+04  9.60386976e+01  5.41169527e+04 -9.29719648e-02 
 5.84341413e+04  9.60386957e+01  5.84341413e+04 -1.00388806e-01 
 6.30957344e+04  9.60386935e+01  6.30957344e+04 -1.08397324e-01 
 6.81292069e+04  9.60386909e+01  6.81292069e+04 -1.17044719e-01 
 7.35642254e+04  9.60386878e+01  7.35642254e+04 -1.26381955e-01 
 7.94328235e+04  9.60386843e+01  7.94328235e+04 -1.36464066e-01 
 8.57695899e+04  9.60386801e+01  8.57695899e+04 -1.47350470e-01 
 9.26118728e+04  9.60386753e+01  9.26118728e+04 -1.59105328e-01 
 1.00000000e+05  9.60386697e+01  1.00000000e+05 -1.71797920e-01 
 1.07977516e+05  9.60386631e+01  1.07977516e+05 -1.85503050e-01 
 1.16591440e+05  9.60386555e+01  1.16591440e+05 -2.00301488e-01 
 1.25892541e+05  9.60386466e+01  1.25892541e+05 -2.16280449e-01 
 1.35935639e+05  9.60386362e+01  1.35935639e+05 -2.33534102e-01 
 1.46779927e+05  9.60386241e+01  1.46779927e+05 -2.52164128e-01 
 1.58489319e+05  9.60386099e+01  1.58489319e+05 -2.72280317e-01 
 1.71132830e+05  9.60385935e+01  1.71132830e+05 -2.94001215e-01 
 1.84784980e+05  9.60385743e+01  1.84784980e+05 -3.17454821e-01 
 1.99526231e+05  9.60385519e+01  1.99526231e+05 -3.42779341e-01 
 2.15443469e+05  9.60385258e+01  2.15443469e+05 -3.70124003e-01 
 2.32630507e+05  9.60384953e+01  2.32630507e+05 -3.99649929e-01 
 2.51188643e+05  9.60384598e+01  2.51188643e+05 -4.31531091e-01 
 2.71227258e+05  9.60384185e+01  2.71227258e+05 -4.65955325e-01 
 2.92864456e+05  9.60383702e+01  2.92864456e+05 -5.03125439e-01 
 3.16227766e+05  9.60383140e+01  3.16227766e+05 -5.43260405e-01 
 3.41454887e+05  9.60382484e+01  3.41454887e+05 -5.86596639e-01 
 3.68694506e+05  9.60381720e+01  3.68694506e+05 -6.33389394e-01 
 3.98107171e+05  9.60380828e+01  3.98107171e+05 -6.83914249e-01 
 4.29866235e+05  9.60379789e+01  4.29866235e+05 -7.38468727e-01 
 4.64158883e+05  9.60378578e+01  4.64158883e+05 -7.97374030e-01 
 5.01187234e+05  9.60377165e+01  5.01187234e+05 -8.60976919e-01 
 5.41169527e+05  9.60375518e+01  5.41169527e+05 -9.29651731e-01 
 5.84341413e+05  9.60373598e+01  5.84341413e+05 -1.00380256e+00 
 6.30957344e+05  9.60371359e+01  6.30957344e+05 -1.08386560e+00 
 6.81292069e+05  9.60368749e+01  6.81292069e+05 -1.17031169e+00 
 7.35642254e+05  9.60365707e+01  7.35642254e+05 -1.26364898e+00 
 7.94328235e+05  9.60362159e+01  7.94328235e+05 -1.36442592e+00 
 8.57695899e+05  9.60358023e+01  8.57695899e+05 -1.47323438e+00 
 9.26118728e+05  9.60353201e+01  9.26118728e+05 -1.59071300e+00 
 1.00000000e+06  9.60347580e+01  1.00000000e+06 -1.71755084e+00 
 1.07977516e+06  9.60341026e+01  1.07977516e+06 -1.85449127e+00 
 1.16591440e+06  9.60333386e+01  1.16591440e+06 -2.00233611e+00 
 1.25892541e+06  9.60324479e+01  1.25892541e+06 -2.16195007e+00 
 1.35935639e+06  9.60314096e+01  1.35935639e+06 -2.33426552e+00 
 1.46779927e+06  9.60301992e+01  1.46779927e+06 -2.52028754e+00 
 1.58489319e+06  9.60287883e+01  1.58489319e+06 -2.72109925e+00 
 1.71132830e+06  9.60271435e+01  1.71132830e+06 -2.93786752e+00 
 1.84784980e+06  9.60252264e+01  1.84784980e+06 -3.17184900e+00 
 1.99526231e+06  9.60229919e+01  1.99526231e+06 -3.42439636e+00 
 2.15443469e+06  9.60203874e+01  2.15443469e+06 -3.69696493e+00 
 2.32630507e+06  9.60173521e+01  2.32630507e+06 -3.99111952e+00 
 2.51188643e+06  9.60138147e+01  2.51188643e+06 -4.30854147e+00 
 2.71227258e+06  9.60096926e+01  2.71227258e+06 -4.65103585e+00 
 2.92864456e+06  9.60048894e+01  2.92864456e+06 -5.02053866e+00 
 3.16227766e+06  9.59992933e+01  3.16227766e+06 -5.41912403e+00 
 3.41454887e+06  9.59927741e+01  3.41454887e+06 -5.84901107e+00 
 3.68694506e+06  9.59851804e+01  3.68694506e+06 -6.31257035e+00 
 3.98107171e+06  9.59763364e+01  3.98107171e+06 -6.81232959e+00 
 4.29866235e+06  9.59660382e+01  4.29866235e+06 -7.35097823e+00 
 4.64158883e+06  9.59540487e+01  4.64158883e+06 -7.93137057e+00 
 5.01187234e+06  9.59400934e+01  5.01187234e+06 -8.55652667e+00 
 5.41169527e+06  9.59238539e+01  5.41169527e+06 -9.22963056e+00 
 5.84341413e+06  9.59049617e+01  5.84341413e+06 -9.95402473e+00 
 6.30957344e+06  9.58829903e+01  6.30957344e+06 -1.07331999e+01 
 6.81292069e+06  9.58574465e+01  6.81292069e+06 -1.15707787e+01 
 7.35642254e+06  9.58277607e+01  7.35642254e+06 -1.24704914e+01 
 7.94328235e+06  9.57932752e+01  7.94328235e+06 -1.34361422e+01 
 8.57695899e+06  9.57532312e+01  8.57695899e+06 -1.44715618e+01 
 9.26118728e+06  9.57067530e+01  9.26118728e+06 -1.55805437e+01 
 1.00000000e+07  9.56528301e+01  1.00000000e+07 -1.67667576e+01 
 1.07977516e+07  9.55902948e+01  1.07977516e+07 -1.80336303e+01 
 1.16591440e+07  9.55177948e+01  1.16591440e+07 -1.93841790e+01 
 1.25892541e+07  9.54337588e+01  1.25892541e+07 -2.08207696e+01 
 1.35935639e+07  9.53363511e+01  1.35935639e+07 -2.23447489e+01 
 1.46779927e+07  9.52234151e+01  1.46779927e+07 -2.39558572e+01 
 1.58489319e+07  9.50924041e+01  1.58489319e+07 -2.56512400e+01 
 1.71132830e+07  9.49403166e+01  1.71132830e+07 -2.74237274e+01 
 1.84784980e+07  9.47636967e+01  1.84784980e+07 -2.92587968e+01 
 1.99526231e+07  9.45588902e+01  1.99526231e+07 -3.11294001e+01 
 2.15443469e+07  9.43230646e+01  2.15443469e+07 -3.29883275e+01 
 2.32630507e+07  9.40570237e+01  2.32630507e+07 -3.47618265e+01 
 2.51188643e+07  9.37707069e+01  2.51188643e+07 -3.63618896e+01 
 2.71227258e+07  9.34877080e+01  2.71227258e+07 -3.77523910e+01 
 2.92864456e+07  9.32350169e+01  2.92864456e+07 -3.90552868e+01 
 3.16227766e+07  9.30147896e+01  3.16227766e+07 -4.05254236e+01 
 3.41454887e+07  9.27973388e+01  3.41454887e+07 -4.23261273e+01 
 3.68694506e+07  9.25505088e+01  3.68694506e+07 -4.44195997e+01 
 3.98107171e+07  9.22597697e+01  3.98107171e+07 -4.66780067e+01 
 4.29866235e+07  9.19244411e+01  4.29866235e+07 -4.89914977e+01 
 4.64158883e+07  9.15490523e+01  4.64158883e+07 -5.12923957e+01 
 5.01187234e+07  9.11388095e+01  5.01187234e+07 -5.35435795e+01 
 5.41169527e+07  9.06982346e+01  5.41169527e+07 -5.57249617e+01 
 5.84341413e+07  9.02310357e+01  5.84341413e+07 -5.78252567e+01 
 6.30957344e+07  8.97402816e+01  6.30957344e+07 -5.98378264e+01 
 6.81292069e+07  8.92285853e+01  6.81292069e+07 -6.17587252e+01 
 7.35642254e+07  8.86982354e+01  7.35642254e+07 -6.35857890e+01 
 7.94328235e+07  8.81512767e+01  7.94328235e+07 -6.53181872e+01 
 8.57695899e+07  8.75895580e+01  8.57695899e+07 -6.69561686e+01 
 9.26118728e+07  8.70147583e+01  9.26118728e+07 -6.85008846e+01 
 1.00000000e+08  8.64284028e+01  1.00000000e+08 -6.99542428e+01 
 1.07977516e+08  8.58318729e+01  1.07977516e+08 -7.13187725e+01 
 1.16591440e+08  8.52264137e+01  1.16591440e+08 -7.25974984e+01 
 1.25892541e+08  8.46131409e+01  1.25892541e+08 -7.37938221e+01 
 1.35935639e+08  8.39930480e+01  1.35935639e+08 -7.49114121e+01 
 1.46779927e+08  8.33670136e+01  1.46779927e+08 -7.59541032e+01 
 1.58489319e+08  8.27358106e+01  1.58489319e+08 -7.69258069e+01 
 1.71132830e+08  8.21001146e+01  1.71132830e+08 -7.78304337e+01 
 1.84784980e+08  8.14605146e+01  1.84784980e+08 -7.86718298e+01 
 1.99526231e+08  8.08175231e+01  1.99526231e+08 -7.94537282e+01 
 2.15443469e+08  8.01715863e+01  2.15443469e+08 -8.01797165e+01 
 2.32630507e+08  7.95230937e+01  2.32630507e+08 -8.08532190e+01 
 2.51188643e+08  7.88723866e+01  2.51188643e+08 -8.14774915e+01 
 2.71227258e+08  7.82197644e+01  2.71227258e+08 -8.20556239e+01 
 2.92864456e+08  7.75654901e+01  2.92864456e+08 -8.25905464e+01 
 3.16227766e+08  7.69097942e+01  3.16227766e+08 -8.30850370e+01 
 3.41454887e+08  7.62528775e+01  3.41454887e+08 -8.35417257e+01 
 3.68694506e+08  7.55949131e+01  3.68694506e+08 -8.39630966e+01 
 3.98107171e+08  7.49360490e+01  3.98107171e+08 -8.43514875e+01 
 4.29866235e+08  7.42764100e+01  4.29866235e+08 -8.47090868e+01 
 4.64158883e+08  7.36160998e+01  4.64158883e+08 -8.50379305e+01 
 5.01187234e+08  7.29552036e+01  5.01187234e+08 -8.53398993e+01 
 5.41169527e+08  7.22937906e+01  5.41169527e+08 -8.56167169e+01 
 5.84341413e+08  7.16319167e+01  5.84341413e+08 -8.58699502e+01 
 6.30957344e+08  7.09696270e+01  6.30957344e+08 -8.61010122e+01 
 6.81292069e+08  7.03069585e+01  6.81292069e+08 -8.63111666e+01 
 7.35642254e+08  6.96439419e+01  7.35642254e+08 -8.65015353e+01 
 7.94328235e+08  6.89806041e+01  7.94328235e+08 -8.66731064e+01 
 8.57695899e+08  6.83169693e+01  8.57695899e+08 -8.68267446e+01 
 9.26118728e+08  6.76530604e+01  9.26118728e+08 -8.69632005e+01 
 1.00000000e+09  6.69888998e+01  1.00000000e+09 -8.70831203e+01 
