 1.00000000e+00  9.62948829e+01  1.00000000e+00 -1.77112729e-06 
 1.07977516e+00  9.62948829e+01  1.07977516e+00 -1.91241926e-06 
 1.16591440e+00  9.62948829e+01  1.16591440e+00 -2.06498281e-06 
 1.25892541e+00  9.62948829e+01  1.25892541e+00 -2.22971715e-06 
 1.35935639e+00  9.62948829e+01  1.35935639e+00 -2.40759320e-06 
 1.46779927e+00  9.62948829e+01  1.46779927e+00 -2.59965934e-06 
 1.58489319e+00  9.62948829e+01  1.58489319e+00 -2.80704758e-06 
 1.71132830e+00  9.62948829e+01  1.71132830e+00 -3.03098026e-06 
 1.84784980e+00  9.62948829e+01  1.84784980e+00 -3.27277720e-06 
 1.99526231e+00  9.62948829e+01  1.99526231e+00 -3.53386353e-06 
 2.15443469e+00  9.62948829e+01  2.15443469e+00 -3.81577807e-06 
 2.32630507e+00  9.62948829e+01  2.32630507e+00 -4.12018239e-06 
 2.51188643e+00  9.62948829e+01  2.51188643e+00 -4.44887060e-06 
 2.71227258e+00  9.62948829e+01  2.71227258e+00 -4.80377998e-06 
 2.92864456e+00  9.62948829e+01  2.92864456e+00 -5.18700231e-06 
 3.16227766e+00  9.62948829e+01  3.16227766e+00 -5.60079626e-06 
 3.41454887e+00  9.62948829e+01  3.41454887e+00 -6.04760069e-06 
 3.68694506e+00  9.62948829e+01  3.68694506e+00 -6.53004901e-06 
 3.98107171e+00  9.62948829e+01  3.98107171e+00 -7.05098474e-06 
 4.29866235e+00  9.62948829e+01  4.29866235e+00 -7.61347819e-06 
 4.64158883e+00  9.62948829e+01  4.64158883e+00 -8.22084465e-06 
 5.01187234e+00  9.62948829e+01  5.01187234e+00 -8.87666386e-06 
 5.41169527e+00  9.62948829e+01  5.41169527e+00 -9.58480116e-06 
 5.84341413e+00  9.62948829e+01  5.84341413e+00 -1.03494302e-05 
 6.30957344e+00  9.62948829e+01  6.30957344e+00 -1.11750577e-05 
 6.81292069e+00  9.62948829e+01  6.81292069e+00 -1.20665497e-05 
 7.35642254e+00  9.62948829e+01  7.35642254e+00 -1.30291607e-05 
 7.94328235e+00  9.62948829e+01  7.94328235e+00 -1.40685641e-05 
 8.57695899e+00  9.62948829e+01  8.57695899e+00 -1.51908861e-05 
 9.26118728e+00  9.62948829e+01  9.26118728e+00 -1.64027415e-05 
 1.00000000e+01  9.62948829e+01  1.00000000e+01 -1.77112729e-05 
 1.07977516e+01  9.62948829e+01  1.07977516e+01 -1.91241926e-05 
 1.16591440e+01  9.62948829e+01  1.16591440e+01 -2.06498281e-05 
 1.25892541e+01  9.62948829e+01  1.25892541e+01 -2.22971715e-05 
 1.35935639e+01  9.62948829e+01  1.35935639e+01 -2.40759320e-05 
 1.46779927e+01  9.62948829e+01  1.46779927e+01 -2.59965934e-05 
 1.58489319e+01  9.62948829e+01  1.58489319e+01 -2.80704758e-05 
 1.71132830e+01  9.62948829e+01  1.71132830e+01 -3.03098026e-05 
 1.84784980e+01  9.62948829e+01  1.84784980e+01 -3.27277720e-05 
 1.99526231e+01  9.62948829e+01  1.99526231e+01 -3.53386353e-05 
 2.15443469e+01  9.62948829e+01  2.15443469e+01 -3.81577807e-05 
 2.32630507e+01  9.62948829e+01  2.32630507e+01 -4.12018239e-05 
 2.51188643e+01  9.62948829e+01  2.51188643e+01 -4.44887060e-05 
 2.71227258e+01  9.62948829e+01  2.71227258e+01 -4.80377998e-05 
 2.92864456e+01  9.62948829e+01  2.92864456e+01 -5.18700231e-05 
 3.16227766e+01  9.62948829e+01  3.16227766e+01 -5.60079626e-05 
 3.41454887e+01  9.62948829e+01  3.41454887e+01 -6.04760069e-05 
 3.68694506e+01  9.62948829e+01  3.68694506e+01 -6.53004901e-05 
 3.98107171e+01  9.62948829e+01  3.98107171e+01 -7.05098474e-05 
 4.29866235e+01  9.62948829e+01  4.29866235e+01 -7.61347819e-05 
 4.64158883e+01  9.62948829e+01  4.64158883e+01 -8.22084465e-05 
 5.01187234e+01  9.62948829e+01  5.01187234e+01 -8.87666386e-05 
 5.41169527e+01  9.62948829e+01  5.41169527e+01 -9.58480116e-05 
 5.84341413e+01  9.62948829e+01  5.84341413e+01 -1.03494302e-04 
 6.30957344e+01  9.62948829e+01  6.30957344e+01 -1.11750577e-04 
 6.81292069e+01  9.62948829e+01  6.81292069e+01 -1.20665497e-04 
 7.35642254e+01  9.62948829e+01  7.35642254e+01 -1.30291607e-04 
 7.94328235e+01  9.62948829e+01  7.94328235e+01 -1.40685641e-04 
 8.57695899e+01  9.62948829e+01  8.57695899e+01 -1.51908861e-04 
 9.26118728e+01  9.62948829e+01  9.26118728e+01 -1.64027415e-04 
 1.00000000e+02  9.62948829e+01  1.00000000e+02 -1.77112729e-04 
 1.07977516e+02  9.62948829e+01  1.07977516e+02 -1.91241926e-04 
 1.16591440e+02  9.62948829e+01  1.16591440e+02 -2.06498281e-04 
 1.25892541e+02  9.62948829e+01  1.25892541e+02 -2.22971715e-04 
 1.35935639e+02  9.62948829e+01  1.35935639e+02 -2.40759320e-04 
 1.46779927e+02  9.62948829e+01  1.46779927e+02 -2.59965934e-04 
 1.58489319e+02  9.62948829e+01  1.58489319e+02 -2.80704758e-04 
 1.71132830e+02  9.62948829e+01  1.71132830e+02 -3.03098026e-04 
 1.84784980e+02  9.62948829e+01  1.84784980e+02 -3.27277720e-04 
 1.99526231e+02  9.62948829e+01  1.99526231e+02 -3.53386353e-04 
 2.15443469e+02  9.62948829e+01  2.15443469e+02 -3.81577807e-04 
 2.32630507e+02  9.62948829e+01  2.32630507e+02 -4.12018239e-04 
 2.51188643e+02  9.62948829e+01  2.51188643e+02 -4.44887060e-04 
 2.71227258e+02  9.62948829e+01  2.71227258e+02 -4.80377998e-04 
 2.92864456e+02  9.62948829e+01  2.92864456e+02 -5.18700231e-04 
 3.16227766e+02  9.62948829e+01  3.16227766e+02 -5.60079626e-04 
 3.41454887e+02  9.62948829e+01  3.41454887e+02 -6.04760069e-04 
 3.68694506e+02  9.62948829e+01  3.68694506e+02 -6.53004901e-04 
 3.98107171e+02  9.62948829e+01  3.98107171e+02 -7.05098473e-04 
 4.29866235e+02  9.62948829e+01  4.29866235e+02 -7.61347819e-04 
 4.64158883e+02  9.62948829e+01  4.64158883e+02 -8.22084464e-04 
 5.01187234e+02  9.62948829e+01  5.01187234e+02 -8.87666386e-04 
 5.41169527e+02  9.62948829e+01  5.41169527e+02 -9.58480116e-04 
 5.84341413e+02  9.62948829e+01  5.84341413e+02 -1.03494302e-03 
 6.30957344e+02  9.62948829e+01  6.30957344e+02 -1.11750577e-03 
 6.81292069e+02  9.62948828e+01  6.81292069e+02 -1.20665497e-03 
 7.35642254e+02  9.62948828e+01  7.35642254e+02 -1.30291607e-03 
 7.94328235e+02  9.62948828e+01  7.94328235e+02 -1.40685641e-03 
 8.57695899e+02  9.62948828e+01  8.57695899e+02 -1.51908861e-03 
 9.26118728e+02  9.62948828e+01  9.26118728e+02 -1.64027415e-03 
 1.00000000e+03  9.62948828e+01  1.00000000e+03 -1.77112729e-03 
 1.07977516e+03  9.62948828e+01  1.07977516e+03 -1.91241925e-03 
 1.16591440e+03  9.62948828e+01  1.16591440e+03 -2.06498281e-03 
 1.25892541e+03  9.62948828e+01  1.25892541e+03 -2.22971715e-03 
 1.35935639e+03  9.62948828e+01  1.35935639e+03 -2.40759320e-03 
 1.46779927e+03  9.62948828e+01  1.46779927e+03 -2.59965934e-03 
 1.58489319e+03  9.62948828e+01  1.58489319e+03 -2.80704758e-03 
 1.71132830e+03  9.62948828e+01  1.71132830e+03 -3.03098026e-03 
 1.84784980e+03  9.62948828e+01  1.84784980e+03 -3.27277720e-03 
 1.99526231e+03  9.62948828e+01  1.99526231e+03 -3.53386353e-03 
 2.15443469e+03  9.62948828e+01  2.15443469e+03 -3.81577807e-03 
 2.32630507e+03  9.62948828e+01  2.32630507e+03 -4.12018238e-03 
 2.51188643e+03  9.62948828e+01  2.51188643e+03 -4.44887060e-03 
 2.71227258e+03  9.62948828e+01  2.71227258e+03 -4.80377997e-03 
 2.92864456e+03  9.62948828e+01  2.92864456e+03 -5.18700229e-03 
 3.16227766e+03  9.62948828e+01  3.16227766e+03 -5.60079624e-03 
 3.41454887e+03  9.62948828e+01  3.41454887e+03 -6.04760067e-03 
 3.68694506e+03  9.62948828e+01  3.68694506e+03 -6.53004899e-03 
 3.98107171e+03  9.62948828e+01  3.98107171e+03 -7.05098470e-03 
 4.29866235e+03  9.62948828e+01  4.29866235e+03 -7.61347815e-03 
 4.64158883e+03  9.62948828e+01  4.64158883e+03 -8.22084460e-03 
 5.01187234e+03  9.62948827e+01  5.01187234e+03 -8.87666380e-03 
 5.41169527e+03  9.62948827e+01  5.41169527e+03 -9.58480109e-03 
 5.84341413e+03  9.62948827e+01  5.84341413e+03 -1.03494301e-02 
 6.30957344e+03  9.62948827e+01  6.30957344e+03 -1.11750576e-02 
 6.81292069e+03  9.62948827e+01  6.81292069e+03 -1.20665496e-02 
 7.35642254e+03  9.62948826e+01  7.35642254e+03 -1.30291605e-02 
 7.94328235e+03  9.62948826e+01  7.94328235e+03 -1.40685639e-02 
 8.57695899e+03  9.62948825e+01  8.57695899e+03 -1.51908858e-02 
 9.26118728e+03  9.62948825e+01  9.26118728e+03 -1.64027411e-02 
 1.00000000e+04  9.62948824e+01  1.00000000e+04 -1.77112724e-02 
 1.07977516e+04  9.62948824e+01  1.07977516e+04 -1.91241920e-02 
 1.16591440e+04  9.62948823e+01  1.16591440e+04 -2.06498274e-02 
 1.25892541e+04  9.62948822e+01  1.25892541e+04 -2.22971706e-02 
 1.35935639e+04  9.62948821e+01  1.35935639e+04 -2.40759308e-02 
 1.46779927e+04  9.62948819e+01  1.46779927e+04 -2.59965919e-02 
 1.58489319e+04  9.62948818e+01  1.58489319e+04 -2.80704739e-02 
 1.71132830e+04  9.62948816e+01  1.71132830e+04 -3.03098002e-02 
 1.84784980e+04  9.62948814e+01  1.84784980e+04 -3.27277690e-02 
 1.99526231e+04  9.62948812e+01  1.99526231e+04 -3.53386315e-02 
 2.15443469e+04  9.62948809e+01  2.15443469e+04 -3.81577759e-02 
 2.32630507e+04  9.62948806e+01  2.32630507e+04 -4.12018178e-02 
 2.51188643e+04  9.62948802e+01  2.51188643e+04 -4.44886985e-02 
 2.71227258e+04  9.62948798e+01  2.71227258e+04 -4.80377902e-02 
 2.92864456e+04  9.62948792e+01  2.92864456e+04 -5.18700111e-02 
 3.16227766e+04  9.62948786e+01  3.16227766e+04 -5.60079475e-02 
 3.41454887e+04  9.62948779e+01  3.41454887e+04 -6.04759878e-02 
 3.68694506e+04  9.62948771e+01  3.68694506e+04 -6.53004662e-02 
 3.98107171e+04  9.62948762e+01  3.98107171e+04 -7.05098172e-02 
 4.29866235e+04  9.62948751e+01  4.29866235e+04 -7.61347439e-02 
 4.64158883e+04  9.62948738e+01  4.64158883e+04 -8.22083986e-02 
 5.01187234e+04  9.62948723e+01  5.01187234e+04 -8.87665784e-02 
 5.41169527e+04  9.62948705e+01  5.41169527e+04 -9.58479358e-02 
 5.84341413e+04  9.62948685e+01  5.84341413e+04 -1.03494207e-01 
 6.30957344e+04  9.62948661e+01  6.30957344e+04 -1.11750457e-01 
 6.81292069e+04  9.62948633e+01  6.81292069e+04 -1.20665346e-01 
 7.35642254e+04  9.62948601e+01  7.35642254e+04 -1.30291417e-01 
 7.94328235e+04  9.62948563e+01  7.94328235e+04 -1.40685402e-01 
 8.57695899e+04  9.62948519e+01  8.57695899e+04 -1.51908559e-01 
 9.26118728e+04  9.62948468e+01  9.26118728e+04 -1.64027035e-01 
 1.00000000e+05  9.62948408e+01  1.00000000e+05 -1.77112251e-01 
 1.07977516e+05  9.62948338e+01  1.07977516e+05 -1.91241323e-01 
 1.16591440e+05  9.62948257e+01  1.16591440e+05 -2.06497523e-01 
 1.25892541e+05  9.62948162e+01  1.25892541e+05 -2.22970761e-01 
 1.35935639e+05  9.62948051e+01  1.35935639e+05 -2.40758118e-01 
 1.46779927e+05  9.62947922e+01  1.46779927e+05 -2.59964421e-01 
 1.58489319e+05  9.62947772e+01  1.58489319e+05 -2.80702854e-01 
 1.71132830e+05  9.62947596e+01  1.71132830e+05 -3.03095629e-01 
 1.84784980e+05  9.62947392e+01  1.84784980e+05 -3.27274702e-01 
 1.99526231e+05  9.62947154e+01  1.99526231e+05 -3.53382554e-01 
 2.15443469e+05  9.62946876e+01  2.15443469e+05 -3.81573024e-01 
 2.32630507e+05  9.62946552e+01  2.32630507e+05 -4.12012217e-01 
 2.51188643e+05  9.62946174e+01  2.51188643e+05 -4.44879479e-01 
 2.71227258e+05  9.62945733e+01  2.71227258e+05 -4.80368454e-01 
 2.92864456e+05  9.62945220e+01  2.92864456e+05 -5.18688216e-01 
 3.16227766e+05  9.62944621e+01  3.16227766e+05 -5.60064500e-01 
 3.41454887e+05  9.62943923e+01  3.41454887e+05 -6.04741027e-01 
 3.68694506e+05  9.62943109e+01  3.68694506e+05 -6.52980929e-01 
 3.98107171e+05  9.62942160e+01  3.98107171e+05 -7.05068294e-01 
 4.29866235e+05  9.62941054e+01  4.29866235e+05 -7.61309826e-01 
 4.64158883e+05  9.62939764e+01  4.64158883e+05 -8.22036635e-01 
 5.01187234e+05  9.62938261e+01  5.01187234e+05 -8.87606173e-01 
 5.41169527e+05  9.62936507e+01  5.41169527e+05 -9.58404315e-01 
 5.84341413e+05  9.62934463e+01  5.84341413e+05 -1.03484760e+00 
 6.30957344e+05  9.62932080e+01  6.30957344e+05 -1.11738564e+00 
 6.81292069e+05  9.62929302e+01  6.81292069e+05 -1.20650374e+00 
 7.35642254e+05  9.62926063e+01  7.35642254e+05 -1.30272569e+00 
 7.94328235e+05  9.62922286e+01  7.94328235e+05 -1.40661675e+00 
 8.57695899e+05  9.62917884e+01  8.57695899e+05 -1.51878691e+00 
 9.26118728e+05  9.62912751e+01  9.26118728e+05 -1.63989436e+00 
 1.00000000e+06  9.62906766e+01  1.00000000e+06 -1.77064919e+00 
 1.07977516e+06  9.62899790e+01  1.07977516e+06 -1.91181742e+00 
 1.16591440e+06  9.62891657e+01  1.16591440e+06 -2.06422523e+00 
 1.25892541e+06  9.62882176e+01  1.25892541e+06 -2.22876352e+00 
 1.35935639e+06  9.62871123e+01  1.35935639e+06 -2.40639282e+00 
 1.46779927e+06  9.62858239e+01  1.46779927e+06 -2.59814840e+00 
 1.58489319e+06  9.62843220e+01  1.58489319e+06 -2.80514579e+00 
 1.71132830e+06  9.62825713e+01  1.71132830e+06 -3.02858657e+00 
 1.84784980e+06  9.62805306e+01  1.84784980e+06 -3.26976450e+00 
 1.99526231e+06  9.62781521e+01  1.99526231e+06 -3.53007191e+00 
 2.15443469e+06  9.62753800e+01  2.15443469e+06 -3.81100636e+00 
 2.32630507e+06  9.62721492e+01  2.32630507e+06 -4.11417760e+00 
 2.51188643e+06  9.62683843e+01  2.51188643e+06 -4.44131461e+00 
 2.71227258e+06  9.62639970e+01  2.71227258e+06 -4.79427277e+00 
 2.92864456e+06  9.62588852e+01  2.92864456e+06 -5.17504108e+00 
 3.16227766e+06  9.62529297e+01  3.16227766e+06 -5.58574913e+00 
 3.41454887e+06  9.62459921e+01  3.41454887e+06 -6.02867377e+00 
 3.68694506e+06  9.62379116e+01  3.68694506e+06 -6.50624521e+00 
 3.98107171e+06  9.62285013e+01  3.98107171e+06 -7.02105216e+00 
 4.29866235e+06  9.62175444e+01  4.29866235e+06 -7.57584572e+00 
 4.64158883e+06  9.62047893e+01  4.64158883e+06 -8.17354142e+00 
 5.01187234e+06  9.61899444e+01  5.01187234e+06 -8.81721890e+00 
 5.41169527e+06  9.61726720e+01  5.41169527e+06 -9.51011825e+00 
 5.84341413e+06  9.61525809e+01  5.84341413e+06 -1.02556323e+01 
 6.30957344e+06  9.61292190e+01  6.30957344e+06 -1.10572932e+01 
 6.81292069e+06  9.61020640e+01  6.81292069e+06 -1.19187528e+01 
 7.35642254e+06  9.60705128e+01  7.35642254e+06 -1.28437528e+01 
 7.94328235e+06  9.60338698e+01  7.94328235e+06 -1.38360851e+01 
 8.57695899e+06  9.59913331e+01  8.57695899e+06 -1.48995361e+01 
 9.26118728e+06  9.59419785e+01  9.26118728e+06 -1.60378123e+01 
 1.00000000e+07  9.58847409e+01  1.00000000e+07 -1.72544389e+01 
 1.07977516e+07  9.58183915e+01  1.07977516e+07 -1.85526207e+01 
 1.16591440e+07  9.57415096e+01  1.16591440e+07 -1.99350465e+01 
 1.25892541e+07  9.56524488e+01  1.25892541e+07 -2.14036043e+01 
 1.35935639e+07  9.55492924e+01  1.35935639e+07 -2.29589466e+01 
 1.46779927e+07  9.54298016e+01  1.46779927e+07 -2.45997962e+01 
 1.58489319e+07  9.52913588e+01  1.58489319e+07 -2.63217891e+01 
 1.71132830e+07  9.51309376e+01  1.71132830e+07 -2.81154937e+01 
 1.84784980e+07  9.49451872e+01  1.84784980e+07 -2.99630406e+01 
 1.99526231e+07  9.47308826e+01  1.99526231e+07 -3.18327678e+01 
 2.15443469e+07  9.44863228e+01  2.15443469e+07 -3.36725280e+01 
 2.32630507e+07  9.42146152e+01  2.32630507e+07 -3.54080764e+01 
 2.51188643e+07  9.39287775e+01  2.51188643e+07 -3.69671593e+01 
 2.71227258e+07  9.36528060e+01  2.71227258e+07 -3.83545968e+01 
 2.92864456e+07  9.34066966e+01  2.92864456e+07 -3.97273213e+01 
 3.16227766e+07  9.31832417e+01  3.16227766e+07 -4.13118860e+01 
 3.41454887e+07  9.29522866e+01  3.41454887e+07 -4.32074832e+01 
 3.68694506e+07  9.26878654e+01  3.68694506e+07 -4.53487958e+01 
 3.98107171e+07  9.23800841e+01  3.98107171e+07 -4.76174563e+01 
 4.29866235e+07  9.20297286e+01  4.29866235e+07 -4.99196981e+01 
 4.64158883e+07  9.16412901e+01  4.64158883e+07 -5.21983390e+01 
 5.01187234e+07  9.12195975e+01  5.01187234e+07 -5.44215171e+01 
 5.41169527e+07  9.07688435e+01  5.41169527e+07 -5.65715849e+01 
 5.84341413e+07  9.02925131e+01  5.84341413e+07 -5.86384514e+01 
 6.30957344e+07  8.97935328e+01  6.30957344e+07 -6.06161771e+01 
 6.81292069e+07  8.92744218e+01  6.81292069e+07 -6.25013279e+01 
 7.35642254e+07  8.87374006e+01  7.35642254e+07 -6.42921766e+01 
 7.94328235e+07  8.81844577e+01  7.94328235e+07 -6.59882869e+01 
 8.57695899e+07  8.76173905e+01  8.57695899e+07 -6.75902629e+01 
 9.26118728e+07  8.70378286e+01  9.26118728e+07 -6.90995688e+01 
 1.00000000e+08  8.64472482e+01  1.00000000e+08 -7.05183773e+01 
 1.07977516e+08  8.58469824e+01  1.07977516e+08 -7.18494336e+01 
 1.16591440e+08  8.52382293e+01  1.16591440e+08 -7.30959297e+01 
 1.25892541e+08  8.46220593e+01  1.25892541e+08 -7.42613885e+01 
 1.35935639e+08  8.39994234e+01  1.35935639e+08 -7.53495586e+01 
 1.46779927e+08  8.33711612e+01  1.46779927e+08 -7.63643195e+01 
 1.58489319e+08  8.27380095e+01  1.58489319e+08 -7.73095984e+01 
 1.71132830e+08  8.21006125e+01  1.71132830e+08 -7.81893002e+01 
 1.84784980e+08  8.14595309e+01  1.84784980e+08 -7.90072499e+01 
 1.99526231e+08  8.08152524e+01  1.99526231e+08 -7.97671503e+01 
 2.15443469e+08  8.01682015e+01  2.15443469e+08 -8.04725540e+01 
 2.32630507e+08  7.95187482e+01  2.32630507e+08 -8.11268481e+01 
 2.51188643e+08  7.88672160e+01  2.51188643e+08 -8.17332506e+01 
 2.71227258e+08  7.82138882e+01  2.71227258e+08 -8.22948126e+01 
 2.92864456e+08  7.75590127e+01  2.92864456e+08 -8.28144243e+01 
 3.16227766e+08  7.69028059e+01  3.16227766e+08 -8.32948217e+01 
 3.41454887e+08  7.62454553e+01  3.41454887e+08 -8.37385903e+01 
 3.68694506e+08  7.55871223e+01  3.68694506e+08 -8.41481672e+01 
 3.98107171e+08  7.49279438e+01  3.98107171e+08 -8.45258407e+01 
 4.29866235e+08  7.42680346e+01  4.29866235e+08 -8.48737480e+01 
 4.64158883e+08  7.36074898e+01  4.64158883e+08 -8.51938727e+01 
 5.01187234e+08  7.29463871e+01  5.01187234e+08 -8.54880428e+01 
 5.41169527e+08  7.22847896e+01  5.41169527e+08 -8.57579303e+01 
 5.84341413e+08  7.16227479e+01  5.84341413e+08 -8.60050523e+01 
 6.30957344e+08  7.09603033e+01  6.30957344e+08 -8.62307753e+01 
 6.81292069e+08  7.02974898e+01  6.81292069e+08 -8.64363207e+01 
 7.35642254e+08  6.96343361e+01  7.35642254e+08 -8.66227732e+01 
 7.94328235e+08  6.89708677e+01  7.94328235e+08 -8.67910896e+01 
 8.57695899e+08  6.83071078e+01  8.57695899e+08 -8.69421093e+01 
 9.26118728e+08  6.76430790e+01  9.26118728e+08 -8.70765639e+01 
 1.00000000e+09  6.69788030e+01  1.00000000e+09 -8.71950867e+01 
