 1.00000000e+00  9.69540946e+01  1.00000000e+00 -1.90839067e-06 
 1.07977516e+00  9.69540946e+01  1.07977516e+00 -2.06063284e-06 
 1.16591440e+00  9.69540946e+01  1.16591440e+00 -2.22502016e-06 
 1.25892541e+00  9.69540946e+01  1.25892541e+00 -2.40252151e-06 
 1.35935639e+00  9.69540946e+01  1.35935639e+00 -2.59418305e-06 
 1.46779927e+00  9.69540946e+01  1.46779927e+00 -2.80113443e-06 
 1.58489319e+00  9.69540946e+01  1.58489319e+00 -3.02459538e-06 
 1.71132830e+00  9.69540946e+01  1.71132830e+00 -3.26588297e-06 
 1.84784980e+00  9.69540946e+01  1.84784980e+00 -3.52641931e-06 
 1.99526231e+00  9.69540946e+01  1.99526231e+00 -3.80773998e-06 
 2.15443469e+00  9.69540946e+01  2.15443469e+00 -4.11150306e-06 
 2.32630507e+00  9.69540946e+01  2.32630507e+00 -4.43949888e-06 
 2.51188643e+00  9.69540946e+01  2.51188643e+00 -4.79366063e-06 
 2.71227258e+00  9.69540946e+01  2.71227258e+00 -5.17607568e-06 
 2.92864456e+00  9.69540946e+01  2.92864456e+00 -5.58899796e-06 
 3.16227766e+00  9.69540946e+01  3.16227766e+00 -6.03486118e-06 
 3.41454887e+00  9.69540946e+01  3.41454887e+00 -6.51629321e-06 
 3.68694506e+00  9.69540946e+01  3.68694506e+00 -7.03613156e-06 
 3.98107171e+00  9.69540946e+01  3.98107171e+00 -7.59744010e-06 
 4.29866235e+00  9.69540946e+01  4.29866235e+00 -8.20352711e-06 
 4.64158883e+00  9.69540946e+01  4.64158883e+00 -8.85796482e-06 
 5.01187234e+00  9.69540946e+01  5.01187234e+00 -9.56461040e-06 
 5.41169527e+00  9.69540946e+01  5.41169527e+00 -1.03276288e-05 
 5.84341413e+00  9.69540946e+01  5.84341413e+00 -1.11515170e-05 
 6.30957344e+00  9.69540946e+01  6.30957344e+00 -1.20411311e-05 
 6.81292069e+00  9.69540946e+01  6.81292069e+00 -1.30017143e-05 
 7.35642254e+00  9.69540946e+01  7.35642254e+00 -1.40389281e-05 
 7.94328235e+00  9.69540946e+01  7.94328235e+00 -1.51588859e-05 
 8.57695899e+00  9.69540946e+01  8.57695899e+00 -1.63681885e-05 
 9.26118728e+00  9.69540946e+01  9.26118728e+00 -1.76739634e-05 
 1.00000000e+01  9.69540946e+01  1.00000000e+01 -1.90839067e-05 
 1.07977516e+01  9.69540946e+01  1.07977516e+01 -2.06063284e-05 
 1.16591440e+01  9.69540946e+01  1.16591440e+01 -2.22502016e-05 
 1.25892541e+01  9.69540946e+01  1.25892541e+01 -2.40252151e-05 
 1.35935639e+01  9.69540946e+01  1.35935639e+01 -2.59418305e-05 
 1.46779927e+01  9.69540946e+01  1.46779927e+01 -2.80113443e-05 
 1.58489319e+01  9.69540946e+01  1.58489319e+01 -3.02459538e-05 
 1.71132830e+01  9.69540946e+01  1.71132830e+01 -3.26588297e-05 
 1.84784980e+01  9.69540946e+01  1.84784980e+01 -3.52641931e-05 
 1.99526231e+01  9.69540946e+01  1.99526231e+01 -3.80773998e-05 
 2.15443469e+01  9.69540946e+01  2.15443469e+01 -4.11150306e-05 
 2.32630507e+01  9.69540946e+01  2.32630507e+01 -4.43949888e-05 
 2.51188643e+01  9.69540946e+01  2.51188643e+01 -4.79366063e-05 
 2.71227258e+01  9.69540946e+01  2.71227258e+01 -5.17607568e-05 
 2.92864456e+01  9.69540946e+01  2.92864456e+01 -5.58899796e-05 
 3.16227766e+01  9.69540946e+01  3.16227766e+01 -6.03486118e-05 
 3.41454887e+01  9.69540946e+01  3.41454887e+01 -6.51629321e-05 
 3.68694506e+01  9.69540946e+01  3.68694506e+01 -7.03613156e-05 
 3.98107171e+01  9.69540946e+01  3.98107171e+01 -7.59744010e-05 
 4.29866235e+01  9.69540946e+01  4.29866235e+01 -8.20352711e-05 
 4.64158883e+01  9.69540946e+01  4.64158883e+01 -8.85796482e-05 
 5.01187234e+01  9.69540946e+01  5.01187234e+01 -9.56461040e-05 
 5.41169527e+01  9.69540946e+01  5.41169527e+01 -1.03276288e-04 
 5.84341413e+01  9.69540946e+01  5.84341413e+01 -1.11515170e-04 
 6.30957344e+01  9.69540946e+01  6.30957344e+01 -1.20411311e-04 
 6.81292069e+01  9.69540946e+01  6.81292069e+01 -1.30017143e-04 
 7.35642254e+01  9.69540946e+01  7.35642254e+01 -1.40389281e-04 
 7.94328235e+01  9.69540946e+01  7.94328235e+01 -1.51588859e-04 
 8.57695899e+01  9.69540946e+01  8.57695899e+01 -1.63681885e-04 
 9.26118728e+01  9.69540946e+01  9.26118728e+01 -1.76739634e-04 
 1.00000000e+02  9.69540946e+01  1.00000000e+02 -1.90839067e-04 
 1.07977516e+02  9.69540946e+01  1.07977516e+02 -2.06063284e-04 
 1.16591440e+02  9.69540946e+01  1.16591440e+02 -2.22502016e-04 
 1.25892541e+02  9.69540946e+01  1.25892541e+02 -2.40252151e-04 
 1.35935639e+02  9.69540946e+01  1.35935639e+02 -2.59418305e-04 
 1.46779927e+02  9.69540946e+01  1.46779927e+02 -2.80113443e-04 
 1.58489319e+02  9.69540946e+01  1.58489319e+02 -3.02459538e-04 
 1.71132830e+02  9.69540946e+01  1.71132830e+02 -3.26588297e-04 
 1.84784980e+02  9.69540946e+01  1.84784980e+02 -3.52641931e-04 
 1.99526231e+02  9.69540946e+01  1.99526231e+02 -3.80773998e-04 
 2.15443469e+02  9.69540946e+01  2.15443469e+02 -4.11150306e-04 
 2.32630507e+02  9.69540946e+01  2.32630507e+02 -4.43949888e-04 
 2.51188643e+02  9.69540946e+01  2.51188643e+02 -4.79366063e-04 
 2.71227258e+02  9.69540946e+01  2.71227258e+02 -5.17607568e-04 
 2.92864456e+02  9.69540946e+01  2.92864456e+02 -5.58899796e-04 
 3.16227766e+02  9.69540946e+01  3.16227766e+02 -6.03486118e-04 
 3.41454887e+02  9.69540946e+01  3.41454887e+02 -6.51629321e-04 
 3.68694506e+02  9.69540946e+01  3.68694506e+02 -7.03613156e-04 
 3.98107171e+02  9.69540946e+01  3.98107171e+02 -7.59744010e-04 
 4.29866235e+02  9.69540946e+01  4.29866235e+02 -8.20352711e-04 
 4.64158883e+02  9.69540946e+01  4.64158883e+02 -8.85796482e-04 
 5.01187234e+02  9.69540946e+01  5.01187234e+02 -9.56461040e-04 
 5.41169527e+02  9.69540946e+01  5.41169527e+02 -1.03276287e-03 
 5.84341413e+02  9.69540946e+01  5.84341413e+02 -1.11515170e-03 
 6.30957344e+02  9.69540946e+01  6.30957344e+02 -1.20411311e-03 
 6.81292069e+02  9.69540946e+01  6.81292069e+02 -1.30017143e-03 
 7.35642254e+02  9.69540946e+01  7.35642254e+02 -1.40389281e-03 
 7.94328235e+02  9.69540946e+01  7.94328235e+02 -1.51588859e-03 
 8.57695899e+02  9.69540946e+01  8.57695899e+02 -1.63681885e-03 
 9.26118728e+02  9.69540946e+01  9.26118728e+02 -1.76739634e-03 
 1.00000000e+03  9.69540946e+01  1.00000000e+03 -1.90839067e-03 
 1.07977516e+03  9.69540946e+01  1.07977516e+03 -2.06063284e-03 
 1.16591440e+03  9.69540946e+01  1.16591440e+03 -2.22502016e-03 
 1.25892541e+03  9.69540946e+01  1.25892541e+03 -2.40252151e-03 
 1.35935639e+03  9.69540946e+01  1.35935639e+03 -2.59418305e-03 
 1.46779927e+03  9.69540946e+01  1.46779927e+03 -2.80113442e-03 
 1.58489319e+03  9.69540946e+01  1.58489319e+03 -3.02459538e-03 
 1.71132830e+03  9.69540946e+01  1.71132830e+03 -3.26588296e-03 
 1.84784980e+03  9.69540946e+01  1.84784980e+03 -3.52641931e-03 
 1.99526231e+03  9.69540946e+01  1.99526231e+03 -3.80773998e-03 
 2.15443469e+03  9.69540946e+01  2.15443469e+03 -4.11150305e-03 
 2.32630507e+03  9.69540946e+01  2.32630507e+03 -4.43949888e-03 
 2.51188643e+03  9.69540946e+01  2.51188643e+03 -4.79366062e-03 
 2.71227258e+03  9.69540946e+01  2.71227258e+03 -5.17607567e-03 
 2.92864456e+03  9.69540946e+01  2.92864456e+03 -5.58899795e-03 
 3.16227766e+03  9.69540946e+01  3.16227766e+03 -6.03486116e-03 
 3.41454887e+03  9.69540946e+01  3.41454887e+03 -6.51629319e-03 
 3.68694506e+03  9.69540946e+01  3.68694506e+03 -7.03613153e-03 
 3.98107171e+03  9.69540946e+01  3.98107171e+03 -7.59744006e-03 
 4.29866235e+03  9.69540945e+01  4.29866235e+03 -8.20352707e-03 
 4.64158883e+03  9.69540945e+01  4.64158883e+03 -8.85796476e-03 
 5.01187234e+03  9.69540945e+01  5.01187234e+03 -9.56461033e-03 
 5.41169527e+03  9.69540945e+01  5.41169527e+03 -1.03276287e-02 
 5.84341413e+03  9.69540945e+01  5.84341413e+03 -1.11515169e-02 
 6.30957344e+03  9.69540944e+01  6.30957344e+03 -1.20411309e-02 
 6.81292069e+03  9.69540944e+01  6.81292069e+03 -1.30017141e-02 
 7.35642254e+03  9.69540944e+01  7.35642254e+03 -1.40389279e-02 
 7.94328235e+03  9.69540943e+01  7.94328235e+03 -1.51588856e-02 
 8.57695899e+03  9.69540943e+01  8.57695899e+03 -1.63681881e-02 
 9.26118728e+03  9.69540942e+01  9.26118728e+03 -1.76739629e-02 
 1.00000000e+04  9.69540942e+01  1.00000000e+04 -1.90839061e-02 
 1.07977516e+04  9.69540941e+01  1.07977516e+04 -2.06063277e-02 
 1.16591440e+04  9.69540940e+01  1.16591440e+04 -2.22502007e-02 
 1.25892541e+04  9.69540939e+01  1.25892541e+04 -2.40252139e-02 
 1.35935639e+04  9.69540937e+01  1.35935639e+04 -2.59418290e-02 
 1.46779927e+04  9.69540936e+01  1.46779927e+04 -2.80113424e-02 
 1.58489319e+04  9.69540934e+01  1.58489319e+04 -3.02459514e-02 
 1.71132830e+04  9.69540932e+01  1.71132830e+04 -3.26588266e-02 
 1.84784980e+04  9.69540930e+01  1.84784980e+04 -3.52641893e-02 
 1.99526231e+04  9.69540927e+01  1.99526231e+04 -3.80773950e-02 
 2.15443469e+04  9.69540924e+01  2.15443469e+04 -4.11150246e-02 
 2.32630507e+04  9.69540920e+01  2.32630507e+04 -4.43949812e-02 
 2.51188643e+04  9.69540916e+01  2.51188643e+04 -4.79365967e-02 
 2.71227258e+04  9.69540911e+01  2.71227258e+04 -5.17607448e-02 
 2.92864456e+04  9.69540905e+01  2.92864456e+04 -5.58899644e-02 
 3.16227766e+04  9.69540898e+01  3.16227766e+04 -6.03485927e-02 
 3.41454887e+04  9.69540890e+01  3.41454887e+04 -6.51629080e-02 
 3.68694506e+04  9.69540880e+01  3.68694506e+04 -7.03612853e-02 
 3.98107171e+04  9.69540869e+01  3.98107171e+04 -7.59743628e-02 
 4.29866235e+04  9.69540857e+01  4.29866235e+04 -8.20352231e-02 
 4.64158883e+04  9.69540842e+01  4.64158883e+04 -8.85795878e-02 
 5.01187234e+04  9.69540824e+01  5.01187234e+04 -9.56460279e-02 
 5.41169527e+04  9.69540804e+01  5.41169527e+04 -1.03276192e-01 
 5.84341413e+04  9.69540780e+01  5.84341413e+04 -1.11515049e-01 
 6.30957344e+04  9.69540753e+01  6.30957344e+04 -1.20411159e-01 
 6.81292069e+04  9.69540721e+01  6.81292069e+04 -1.30016952e-01 
 7.35642254e+04  9.69540683e+01  7.35642254e+04 -1.40389041e-01 
 7.94328235e+04  9.69540640e+01  7.94328235e+04 -1.51588556e-01 
 8.57695899e+04  9.69540589e+01  8.57695899e+04 -1.63681504e-01 
 9.26118728e+04  9.69540530e+01  9.26118728e+04 -1.76739154e-01 
 1.00000000e+05  9.69540460e+01  1.00000000e+05 -1.90838462e-01 
 1.07977516e+05  9.69540380e+01  1.07977516e+05 -2.06062523e-01 
 1.16591440e+05  9.69540286e+01  1.16591440e+05 -2.22501058e-01 
 1.25892541e+05  9.69540176e+01  1.25892541e+05 -2.40250945e-01 
 1.35935639e+05  9.69540049e+01  1.35935639e+05 -2.59416787e-01 
 1.46779927e+05  9.69539900e+01  1.46779927e+05 -2.80111531e-01 
 1.58489319e+05  9.69539726e+01  1.58489319e+05 -3.02457132e-01 
 1.71132830e+05  9.69539523e+01  1.71132830e+05 -3.26585267e-01 
 1.84784980e+05  9.69539287e+01  1.84784980e+05 -3.52638117e-01 
 1.99526231e+05  9.69539012e+01  1.99526231e+05 -3.80769197e-01 
 2.15443469e+05  9.69538691e+01  2.15443469e+05 -4.11144261e-01 
 2.32630507e+05  9.69538317e+01  2.32630507e+05 -4.43942279e-01 
 2.51188643e+05  9.69537881e+01  2.51188643e+05 -4.79356483e-01 
 2.71227258e+05  9.69537372e+01  2.71227258e+05 -5.17595508e-01 
 2.92864456e+05  9.69536779e+01  2.92864456e+05 -5.58884613e-01 
 3.16227766e+05  9.69536088e+01  3.16227766e+05 -6.03467004e-01 
 3.41454887e+05  9.69535282e+01  3.41454887e+05 -6.51605258e-01 
 3.68694506e+05  9.69534342e+01  3.68694506e+05 -7.03582863e-01 
 3.98107171e+05  9.69533246e+01  3.98107171e+05 -7.59705873e-01 
 4.29866235e+05  9.69531968e+01  4.29866235e+05 -8.20304701e-01 
 4.64158883e+05  9.69530479e+01  4.64158883e+05 -8.85736042e-01 
 5.01187234e+05  9.69528742e+01  5.01187234e+05 -9.56384953e-01 
 5.41169527e+05  9.69526718e+01  5.41169527e+05 -1.03266709e+00 
 5.84341413e+05  9.69524357e+01  5.84341413e+05 -1.11503112e+00 
 6.30957344e+05  9.69521605e+01  6.30957344e+05 -1.20396131e+00 
 6.81292069e+05  9.69518397e+01  6.81292069e+05 -1.29998033e+00 
 7.35642254e+05  9.69514657e+01  7.35642254e+05 -1.40365225e+00 
 7.94328235e+05  9.69510296e+01  7.94328235e+05 -1.51558576e+00 
 8.57695899e+05  9.69505212e+01  8.57695899e+05 -1.63643763e+00 
 9.26118728e+05  9.69499285e+01  9.26118728e+05 -1.76691645e+00 
 1.00000000e+06  9.69492375e+01  1.00000000e+06 -1.90778658e+00 
 1.07977516e+06  9.69484320e+01  1.07977516e+06 -2.05987242e+00 
 1.16591440e+06  9.69474929e+01  1.16591440e+06 -2.22406297e+00 
 1.25892541e+06  9.69463983e+01  1.25892541e+06 -2.40131665e+00 
 1.35935639e+06  9.69451222e+01  1.35935639e+06 -2.59266648e+00 
 1.46779927e+06  9.69436347e+01  1.46779927e+06 -2.79922555e+00 
 1.58489319e+06  9.69419009e+01  1.58489319e+06 -3.02219281e+00 
 1.71132830e+06  9.69398799e+01  1.71132830e+06 -3.26285913e+00 
 1.84784980e+06  9.69375245e+01  1.84784980e+06 -3.52261372e+00 
 1.99526231e+06  9.69347792e+01  1.99526231e+06 -3.80295078e+00 
 2.15443469e+06  9.69315800e+01  2.15443469e+06 -4.10547637e+00 
 2.32630507e+06  9.69278519e+01  2.32630507e+06 -4.43191549e+00 
 2.51188643e+06  9.69235078e+01  2.51188643e+06 -4.78411921e+00 
 2.71227258e+06  9.69184466e+01  2.71227258e+06 -5.16407180e+00 
 2.92864456e+06  9.69125505e+01  2.92864456e+06 -5.57389775e+00 
 3.16227766e+06  9.69056826e+01  3.16227766e+06 -6.01586836e+00 
 3.41454887e+06  9.68976840e+01  3.41454887e+06 -6.49240781e+00 
 3.68694506e+06  9.68883703e+01  3.68694506e+06 -7.00609832e+00 
 3.98107171e+06  9.68775272e+01  3.98107171e+06 -7.55968400e+00 
 4.29866235e+06  9.68649065e+01  4.29866235e+06 -8.15607294e+00 
 4.64158883e+06  9.68502209e+01  4.64158883e+06 -8.79833692e+00 
 5.01187234e+06  9.68331373e+01  5.01187234e+06 -9.48970797e+00 
 5.41169527e+06  9.68132711e+01  5.41169527e+06 -1.02335709e+01 
 5.84341413e+06  9.67901778e+01  5.84341413e+06 -1.10334505e+01 
 6.30957344e+06  9.67633447e+01  6.30957344e+06 -1.18929926e+01 
 6.81292069e+06  9.67321810e+01  6.81292069e+06 -1.28159362e+01 
 7.35642254e+06  9.66960066e+01  7.35642254e+06 -1.38060759e+01 
 7.94328235e+06  9.66540396e+01  7.94328235e+06 -1.48672108e+01 
 8.57695899e+06  9.66053817e+01  8.57695899e+06 -1.60030770e+01 
 9.26118728e+06  9.65490014e+01  9.26118728e+06 -1.72172584e+01 
 1.00000000e+07  9.64837139e+01  1.00000000e+07 -1.85130671e+01 
 1.07977516e+07  9.64081561e+01  1.07977516e+07 -1.98933825e+01 
 1.16591440e+07  9.63207564e+01  1.16591440e+07 -2.13604239e+01 
 1.25892541e+07  9.62196943e+01  1.25892541e+07 -2.29154161e+01 
 1.35935639e+07  9.61028486e+01  1.35935639e+07 -2.45580686e+01 
 1.46779927e+07  9.59677321e+01  1.46779927e+07 -2.62857126e+01 
 1.58489319e+07  9.58114214e+01  1.58489319e+07 -2.80918036e+01 
 1.71132830e+07  9.56305262e+01  1.71132830e+07 -2.99632506e+01 
 1.84784980e+07  9.54213446e+01  1.84784980e+07 -3.18757235e+01 
 1.99526231e+07  9.51806279e+01  1.99526231e+07 -3.37861913e+01 
 2.15443469e+07  9.49079315e+01  2.15443469e+07 -3.56247290e+01 
 2.32630507e+07  9.46108313e+01  2.32630507e+07 -3.72994108e+01 
 2.51188643e+07  9.43110289e+01  2.51188643e+07 -3.87507004e+01 
 2.71227258e+07  9.40383024e+01  2.71227258e+07 -4.00669567e+01 
 2.92864456e+07  9.38016778e+01  2.92864456e+07 -4.15048985e+01 
 3.16227766e+07  9.35737666e+01  3.16227766e+07 -4.32674465e+01 
 3.41454887e+07  9.33190907e+01  3.41454887e+07 -4.53393419e+01 
 3.68694506e+07  9.30202633e+01  3.68694506e+07 -4.75880187e+01 
 3.98107171e+07  9.26759579e+01  3.98107171e+07 -4.98936400e+01 
 4.29866235e+07  9.22910517e+01  4.29866235e+07 -5.21829907e+01 
 4.64158883e+07  9.18712181e+01  4.64158883e+07 -5.44172753e+01 
 5.01187234e+07  9.14213206e+01  5.01187234e+07 -5.65765652e+01 
 5.41169527e+07  9.09452762e+01  5.41169527e+07 -5.86503823e+01 
 5.84341413e+07  9.04462691e+01  5.84341413e+07 -6.06330412e+01 
 6.30957344e+07  8.99269675e+01  6.30957344e+07 -6.25215100e+01 
 6.81292069e+07  8.93896769e+01  6.81292069e+07 -6.43144413e+01 
 7.35642254e+07  8.88364338e+01  7.35642254e+07 -6.60117097e+01 
 7.94328235e+07  8.82690624e+01  7.94328235e+07 -6.76141601e+01 
 8.57695899e+07  8.76892069e+01  8.57695899e+07 -6.91234378e+01 
 9.26118728e+07  8.70983513e+01  9.26118728e+07 -7.05418502e+01 
 1.00000000e+08  8.64978325e+01  1.00000000e+08 -7.18722431e+01 
 1.07977516e+08  8.58888504e+01  1.07977516e+08 -7.31178840e+01 
 1.16591440e+08  8.52724762e+01  1.16591440e+08 -7.42823538e+01 
 1.25892541e+08  8.46496608e+01  1.25892541e+08 -7.53694475e+01 
 1.35935639e+08  8.40212431e+01  1.35935639e+08 -7.63830830e+01 
 1.46779927e+08  8.33879594e+01  1.46779927e+08 -7.73272203e+01 
 1.58489319e+08  8.27504520e+01  1.58489319e+08 -7.82057927e+01 
 1.71132830e+08  8.21092797e+01  1.71132830e+08 -7.90226489e+01 
 1.84784980e+08  8.14649279e+01  1.84784980e+08 -7.97815109e+01 
 1.99526231e+08  8.08178182e+01  1.99526231e+08 -8.04859444e+01 
 2.15443469e+08  8.01683177e+01  2.15443469e+08 -8.11393443e+01 
 2.32630507e+08  7.95167473e+01  2.32630507e+08 -8.17449311e+01 
 2.51188643e+08  7.88633879e+01  2.51188643e+08 -8.23057541e+01 
 2.71227258e+08  7.82084855e+01  2.71227258e+08 -8.28246992e+01 
 2.92864456e+08  7.75522549e+01  2.92864456e+08 -8.33044964e+01 
 3.16227766e+08  7.68948828e+01  3.16227766e+08 -8.37477246e+01 
 3.41454887e+08  7.62365295e+01  3.41454887e+08 -8.41568148e+01 
 3.68694506e+08  7.55773316e+01  3.68694506e+08 -8.45340495e+01 
 3.98107171e+08  7.49174036e+01  3.98107171e+08 -8.48815607e+01 
 4.29866235e+08  7.42568403e+01  4.29866235e+08 -8.52013276e+01 
 4.64158883e+08  7.35957194e+01  4.64158883e+08 -8.54951744e+01 
 5.01187234e+08  7.29341038e+01  5.01187234e+08 -8.57647697e+01 
 5.41169527e+08  7.22720443e+01  5.41169527e+08 -8.60116279e+01 
 5.84341413e+08  7.16095821e+01  5.84341413e+08 -8.62371131e+01 
 6.30957344e+08  7.09467512e+01  6.30957344e+08 -8.64424449e+01 
 6.81292069e+08  7.02835805e+01  6.81292069e+08 -8.66287064e+01 
 7.35642254e+08  6.96200954e+01  7.35642254e+08 -8.67968536e+01 
 7.94328235e+08  6.89563195e+01  7.94328235e+08 -8.69477252e+01 
 8.57695899e+08  6.82922751e+01  8.57695899e+08 -8.70820526e+01 
 9.26118728e+08  6.76279842e+01  9.26118728e+08 -8.72004691e+01 
 1.00000000e+09  6.69634687e+01  1.00000000e+09 -8.73035184e+01 
