 1.00000000e+00  9.72113825e+01  1.00000000e+00 -1.96265906e-06 
 1.07977516e+00  9.72113825e+01  1.07977516e+00 -2.11923050e-06 
 1.16591440e+00  9.72113825e+01  1.16591440e+00 -2.28829246e-06 
 1.25892541e+00  9.72113825e+01  1.25892541e+00 -2.47084136e-06 
 1.35935639e+00  9.72113825e+01  1.35935639e+00 -2.66795313e-06 
 1.46779927e+00  9.72113825e+01  1.46779927e+00 -2.88078953e-06 
 1.58489319e+00  9.72113825e+01  1.58489319e+00 -3.11060498e-06 
 1.71132830e+00  9.72113825e+01  1.71132830e+00 -3.35875400e-06 
 1.84784980e+00  9.72113825e+01  1.84784980e+00 -3.62669914e-06 
 1.99526231e+00  9.72113825e+01  1.99526231e+00 -3.91601965e-06 
 2.15443469e+00  9.72113825e+01  2.15443469e+00 -4.22842076e-06 
 2.32630507e+00  9.72113825e+01  2.32630507e+00 -4.56574371e-06 
 2.51188643e+00  9.72113825e+01  2.51188643e+00 -4.92997666e-06 
 2.71227258e+00  9.72113825e+01  2.71227258e+00 -5.32326634e-06 
 2.92864456e+00  9.72113825e+01  2.92864456e+00 -5.74793078e-06 
 3.16227766e+00  9.72113825e+01  3.16227766e+00 -6.20647289e-06 
 3.41454887e+00  9.72113825e+01  3.41454887e+00 -6.70159527e-06 
 3.68694506e+00  9.72113825e+01  3.68694506e+00 -7.23621613e-06 
 3.98107171e+00  9.72113825e+01  3.98107171e+00 -7.81348644e-06 
 4.29866235e+00  9.72113825e+01  4.29866235e+00 -8.43680859e-06 
 4.64158883e+00  9.72113825e+01  4.64158883e+00 -9.10985637e-06 
 5.01187234e+00  9.72113825e+01  5.01187234e+00 -9.83659664e-06 
 5.41169527e+00  9.72113825e+01  5.41169527e+00 -1.06213127e-05 
 5.84341413e+00  9.72113825e+01  5.84341413e+00 -1.14686297e-05 
 6.30957344e+00  9.72113825e+01  6.30957344e+00 -1.23835415e-05 
 6.81292069e+00  9.72113825e+01  6.81292069e+00 -1.33714405e-05 
 7.35642254e+00  9.72113825e+01  7.35642254e+00 -1.44381493e-05 
 7.94328235e+00  9.72113825e+01  7.94328235e+00 -1.55899550e-05 
 8.57695899e+00  9.72113825e+01  8.57695899e+00 -1.68336462e-05 
 9.26118728e+00  9.72113825e+01  9.26118728e+00 -1.81765531e-05 
 1.00000000e+01  9.72113825e+01  1.00000000e+01 -1.96265906e-05 
 1.07977516e+01  9.72113825e+01  1.07977516e+01 -2.11923050e-05 
 1.16591440e+01  9.72113825e+01  1.16591440e+01 -2.28829246e-05 
 1.25892541e+01  9.72113825e+01  1.25892541e+01 -2.47084136e-05 
 1.35935639e+01  9.72113825e+01  1.35935639e+01 -2.66795313e-05 
 1.46779927e+01  9.72113825e+01  1.46779927e+01 -2.88078953e-05 
 1.58489319e+01  9.72113825e+01  1.58489319e+01 -3.11060498e-05 
 1.71132830e+01  9.72113825e+01  1.71132830e+01 -3.35875400e-05 
 1.84784980e+01  9.72113825e+01  1.84784980e+01 -3.62669914e-05 
 1.99526231e+01  9.72113825e+01  1.99526231e+01 -3.91601965e-05 
 2.15443469e+01  9.72113825e+01  2.15443469e+01 -4.22842076e-05 
 2.32630507e+01  9.72113825e+01  2.32630507e+01 -4.56574371e-05 
 2.51188643e+01  9.72113825e+01  2.51188643e+01 -4.92997666e-05 
 2.71227258e+01  9.72113825e+01  2.71227258e+01 -5.32326634e-05 
 2.92864456e+01  9.72113825e+01  2.92864456e+01 -5.74793078e-05 
 3.16227766e+01  9.72113825e+01  3.16227766e+01 -6.20647289e-05 
 3.41454887e+01  9.72113825e+01  3.41454887e+01 -6.70159527e-05 
 3.68694506e+01  9.72113825e+01  3.68694506e+01 -7.23621613e-05 
 3.98107171e+01  9.72113825e+01  3.98107171e+01 -7.81348644e-05 
 4.29866235e+01  9.72113825e+01  4.29866235e+01 -8.43680859e-05 
 4.64158883e+01  9.72113825e+01  4.64158883e+01 -9.10985637e-05 
 5.01187234e+01  9.72113825e+01  5.01187234e+01 -9.83659664e-05 
 5.41169527e+01  9.72113825e+01  5.41169527e+01 -1.06213127e-04 
 5.84341413e+01  9.72113825e+01  5.84341413e+01 -1.14686297e-04 
 6.30957344e+01  9.72113825e+01  6.30957344e+01 -1.23835415e-04 
 6.81292069e+01  9.72113825e+01  6.81292069e+01 -1.33714405e-04 
 7.35642254e+01  9.72113825e+01  7.35642254e+01 -1.44381493e-04 
 7.94328235e+01  9.72113825e+01  7.94328235e+01 -1.55899550e-04 
 8.57695899e+01  9.72113825e+01  8.57695899e+01 -1.68336462e-04 
 9.26118728e+01  9.72113825e+01  9.26118728e+01 -1.81765531e-04 
 1.00000000e+02  9.72113825e+01  1.00000000e+02 -1.96265906e-04 
 1.07977516e+02  9.72113825e+01  1.07977516e+02 -2.11923050e-04 
 1.16591440e+02  9.72113825e+01  1.16591440e+02 -2.28829246e-04 
 1.25892541e+02  9.72113825e+01  1.25892541e+02 -2.47084136e-04 
 1.35935639e+02  9.72113825e+01  1.35935639e+02 -2.66795313e-04 
 1.46779927e+02  9.72113825e+01  1.46779927e+02 -2.88078953e-04 
 1.58489319e+02  9.72113825e+01  1.58489319e+02 -3.11060498e-04 
 1.71132830e+02  9.72113825e+01  1.71132830e+02 -3.35875400e-04 
 1.84784980e+02  9.72113825e+01  1.84784980e+02 -3.62669914e-04 
 1.99526231e+02  9.72113825e+01  1.99526231e+02 -3.91601965e-04 
 2.15443469e+02  9.72113825e+01  2.15443469e+02 -4.22842076e-04 
 2.32630507e+02  9.72113825e+01  2.32630507e+02 -4.56574371e-04 
 2.51188643e+02  9.72113825e+01  2.51188643e+02 -4.92997666e-04 
 2.71227258e+02  9.72113825e+01  2.71227258e+02 -5.32326634e-04 
 2.92864456e+02  9.72113825e+01  2.92864456e+02 -5.74793078e-04 
 3.16227766e+02  9.72113825e+01  3.16227766e+02 -6.20647289e-04 
 3.41454887e+02  9.72113825e+01  3.41454887e+02 -6.70159527e-04 
 3.68694506e+02  9.72113825e+01  3.68694506e+02 -7.23621613e-04 
 3.98107171e+02  9.72113825e+01  3.98107171e+02 -7.81348644e-04 
 4.29866235e+02  9.72113825e+01  4.29866235e+02 -8.43680859e-04 
 4.64158883e+02  9.72113825e+01  4.64158883e+02 -9.10985636e-04 
 5.01187234e+02  9.72113825e+01  5.01187234e+02 -9.83659664e-04 
 5.41169527e+02  9.72113825e+01  5.41169527e+02 -1.06213127e-03 
 5.84341413e+02  9.72113825e+01  5.84341413e+02 -1.14686297e-03 
 6.30957344e+02  9.72113825e+01  6.30957344e+02 -1.23835415e-03 
 6.81292069e+02  9.72113825e+01  6.81292069e+02 -1.33714405e-03 
 7.35642254e+02  9.72113825e+01  7.35642254e+02 -1.44381493e-03 
 7.94328235e+02  9.72113825e+01  7.94328235e+02 -1.55899550e-03 
 8.57695899e+02  9.72113825e+01  8.57695899e+02 -1.68336462e-03 
 9.26118728e+02  9.72113825e+01  9.26118728e+02 -1.81765531e-03 
 1.00000000e+03  9.72113825e+01  1.00000000e+03 -1.96265906e-03 
 1.07977516e+03  9.72113825e+01  1.07977516e+03 -2.11923050e-03 
 1.16591440e+03  9.72113825e+01  1.16591440e+03 -2.28829246e-03 
 1.25892541e+03  9.72113825e+01  1.25892541e+03 -2.47084136e-03 
 1.35935639e+03  9.72113825e+01  1.35935639e+03 -2.66795313e-03 
 1.46779927e+03  9.72113825e+01  1.46779927e+03 -2.88078953e-03 
 1.58489319e+03  9.72113825e+01  1.58489319e+03 -3.11060498e-03 
 1.71132830e+03  9.72113825e+01  1.71132830e+03 -3.35875399e-03 
 1.84784980e+03  9.72113825e+01  1.84784980e+03 -3.62669914e-03 
 1.99526231e+03  9.72113825e+01  1.99526231e+03 -3.91601965e-03 
 2.15443469e+03  9.72113825e+01  2.15443469e+03 -4.22842075e-03 
 2.32630507e+03  9.72113825e+01  2.32630507e+03 -4.56574370e-03 
 2.51188643e+03  9.72113825e+01  2.51188643e+03 -4.92997665e-03 
 2.71227258e+03  9.72113825e+01  2.71227258e+03 -5.32326633e-03 
 2.92864456e+03  9.72113824e+01  2.92864456e+03 -5.74793076e-03 
 3.16227766e+03  9.72113824e+01  3.16227766e+03 -6.20647287e-03 
 3.41454887e+03  9.72113824e+01  3.41454887e+03 -6.70159525e-03 
 3.68694506e+03  9.72113824e+01  3.68694506e+03 -7.23621609e-03 
 3.98107171e+03  9.72113824e+01  3.98107171e+03 -7.81348640e-03 
 4.29866235e+03  9.72113824e+01  4.29866235e+03 -8.43680854e-03 
 4.64158883e+03  9.72113824e+01  4.64158883e+03 -9.10985630e-03 
 5.01187234e+03  9.72113824e+01  5.01187234e+03 -9.83659655e-03 
 5.41169527e+03  9.72113823e+01  5.41169527e+03 -1.06213126e-02 
 5.84341413e+03  9.72113823e+01  5.84341413e+03 -1.14686295e-02 
 6.30957344e+03  9.72113823e+01  6.30957344e+03 -1.23835413e-02 
 6.81292069e+03  9.72113823e+01  6.81292069e+03 -1.33714403e-02 
 7.35642254e+03  9.72113822e+01  7.35642254e+03 -1.44381491e-02 
 7.94328235e+03  9.72113822e+01  7.94328235e+03 -1.55899547e-02 
 8.57695899e+03  9.72113821e+01  8.57695899e+03 -1.68336458e-02 
 9.26118728e+03  9.72113820e+01  9.26118728e+03 -1.81765526e-02 
 1.00000000e+04  9.72113820e+01  1.00000000e+04 -1.96265899e-02 
 1.07977516e+04  9.72113819e+01  1.07977516e+04 -2.11923042e-02 
 1.16591440e+04  9.72113818e+01  1.16591440e+04 -2.28829235e-02 
 1.25892541e+04  9.72113817e+01  1.25892541e+04 -2.47084123e-02 
 1.35935639e+04  9.72113815e+01  1.35935639e+04 -2.66795297e-02 
 1.46779927e+04  9.72113814e+01  1.46779927e+04 -2.88078932e-02 
 1.58489319e+04  9.72113812e+01  1.58489319e+04 -3.11060471e-02 
 1.71132830e+04  9.72113810e+01  1.71132830e+04 -3.35875366e-02 
 1.84784980e+04  9.72113807e+01  1.84784980e+04 -3.62669872e-02 
 1.99526231e+04  9.72113804e+01  1.99526231e+04 -3.91601913e-02 
 2.15443469e+04  9.72113801e+01  2.15443469e+04 -4.22842009e-02 
 2.32630507e+04  9.72113797e+01  2.32630507e+04 -4.56574287e-02 
 2.51188643e+04  9.72113792e+01  2.51188643e+04 -4.92997560e-02 
 2.71227258e+04  9.72113787e+01  2.71227258e+04 -5.32326502e-02 
 2.92864456e+04  9.72113781e+01  2.92864456e+04 -5.74792911e-02 
 3.16227766e+04  9.72113774e+01  3.16227766e+04 -6.20647079e-02 
 3.41454887e+04  9.72113765e+01  3.41454887e+04 -6.70159263e-02 
 3.68694506e+04  9.72113755e+01  3.68694506e+04 -7.23621279e-02 
 3.98107171e+04  9.72113743e+01  3.98107171e+04 -7.81348224e-02 
 4.29866235e+04  9.72113730e+01  4.29866235e+04 -8.43680331e-02 
 4.64158883e+04  9.72113714e+01  4.64158883e+04 -9.10984971e-02 
 5.01187234e+04  9.72113696e+01  5.01187234e+04 -9.83658826e-02 
 5.41169527e+04  9.72113674e+01  5.41169527e+04 -1.06213022e-01 
 5.84341413e+04  9.72113649e+01  5.84341413e+04 -1.14686164e-01 
 6.30957344e+04  9.72113620e+01  6.30957344e+04 -1.23835248e-01 
 6.81292069e+04  9.72113586e+01  6.81292069e+04 -1.33714195e-01 
 7.35642254e+04  9.72113547e+01  7.35642254e+04 -1.44381229e-01 
 7.94328235e+04  9.72113501e+01  7.94328235e+04 -1.55899217e-01 
 8.57695899e+04  9.72113447e+01  8.57695899e+04 -1.68336043e-01 
 9.26118728e+04  9.72113384e+01  9.26118728e+04 -1.81765003e-01 
 1.00000000e+05  9.72113311e+01  1.00000000e+05 -1.96265241e-01 
 1.07977516e+05  9.72113226e+01  1.07977516e+05 -2.11922213e-01 
 1.16591440e+05  9.72113127e+01  1.16591440e+05 -2.28828192e-01 
 1.25892541e+05  9.72113011e+01  1.25892541e+05 -2.47082809e-01 
 1.35935639e+05  9.72112876e+01  1.35935639e+05 -2.66793643e-01 
 1.46779927e+05  9.72112718e+01  1.46779927e+05 -2.88076850e-01 
 1.58489319e+05  9.72112535e+01  1.58489319e+05 -3.11057850e-01 
 1.71132830e+05  9.72112320e+01  1.71132830e+05 -3.35872066e-01 
 1.84784980e+05  9.72112071e+01  1.84784980e+05 -3.62665718e-01 
 1.99526231e+05  9.72111780e+01  1.99526231e+05 -3.91596682e-01 
 2.15443469e+05  9.72111440e+01  2.15443469e+05 -4.22835425e-01 
 2.32630507e+05  9.72111045e+01  2.32630507e+05 -4.56565998e-01 
 2.51188643e+05  9.72110584e+01  2.51188643e+05 -4.92987125e-01 
 2.71227258e+05  9.72110046e+01  2.71227258e+05 -5.32313364e-01 
 2.92864456e+05  9.72109419e+01  2.92864456e+05 -5.74776372e-01 
 3.16227766e+05  9.72108688e+01  3.16227766e+05 -6.20626258e-01 
 3.41454887e+05  9.72107836e+01  3.41454887e+05 -6.70133051e-01 
 3.68694506e+05  9.72106842e+01  3.68694506e+05 -7.23588281e-01 
 3.98107171e+05  9.72105683e+01  3.98107171e+05 -7.81306683e-01 
 4.29866235e+05  9.72104333e+01  4.29866235e+05 -8.43628034e-01 
 4.64158883e+05  9.72102758e+01  4.64158883e+05 -9.10919136e-01 
 5.01187234e+05  9.72100922e+01  5.01187234e+05 -9.83575946e-01 
 5.41169527e+05  9.72098782e+01  5.41169527e+05 -1.06202588e+00 
 5.84341413e+05  9.72096286e+01  5.84341413e+05 -1.14673029e+00 
 6.30957344e+05  9.72093377e+01  6.30957344e+05 -1.23818712e+00 
 6.81292069e+05  9.72089985e+01  6.81292069e+05 -1.33693379e+00 
 7.35642254e+05  9.72086030e+01  7.35642254e+05 -1.44355025e+00 
 7.94328235e+05  9.72081420e+01  7.94328235e+05 -1.55866230e+00 
 8.57695899e+05  9.72076045e+01  8.57695899e+05 -1.68294518e+00 
 9.26118728e+05  9.72069778e+01  9.26118728e+05 -1.81712730e+00 
 1.00000000e+06  9.72062473e+01  1.00000000e+06 -1.96199440e+00 
 1.07977516e+06  9.72053958e+01  1.07977516e+06 -2.11839384e+00 
 1.16591440e+06  9.72044030e+01  1.16591440e+06 -2.28723930e+00 
 1.25892541e+06  9.72032458e+01  1.25892541e+06 -2.46951571e+00 
 1.35935639e+06  9.72018968e+01  1.35935639e+06 -2.66628453e+00 
 1.46779927e+06  9.72003243e+01  1.46779927e+06 -2.87868930e+00 
 1.58489319e+06  9.71984914e+01  1.58489319e+06 -3.10796159e+00 
 1.71132830e+06  9.71963551e+01  1.71132830e+06 -3.35542708e+00 
 1.84784980e+06  9.71938653e+01  1.84784980e+06 -3.62251216e+00 
 1.99526231e+06  9.71909636e+01  1.99526231e+06 -3.91075054e+00 
 2.15443469e+06  9.71875821e+01  2.15443469e+06 -4.22179024e+00 
 2.32630507e+06  9.71836418e+01  2.32630507e+06 -4.55740064e+00 
 2.51188643e+06  9.71790507e+01  2.51188643e+06 -4.91947959e+00 
 2.71227258e+06  9.71737021e+01  2.71227258e+06 -5.31006044e+00 
 2.92864456e+06  9.71674716e+01  2.92864456e+06 -5.73131887e+00 
 3.16227766e+06  9.71602150e+01  3.16227766e+06 -6.18557924e+00 
 3.41454887e+06  9.71517645e+01  3.41454887e+06 -6.67532023e+00 
 3.68694506e+06  9.71419256e+01  3.68694506e+06 -7.20317940e+00 
 3.98107171e+06  9.71304729e+01  3.98107171e+06 -7.77195636e+00 
 4.29866235e+06  9.71171449e+01  4.29866235e+06 -8.38461374e+00 
 4.64158883e+06  9.71016391e+01  4.64158883e+06 -9.04427563e+00 
 5.01187234e+06  9.70836056e+01  5.01187234e+06 -9.75422240e+00 
 5.41169527e+06  9.70626402e+01  5.41169527e+06 -1.05178810e+01 
 5.84341413e+06  9.70382765e+01  5.84341413e+06 -1.13388097e+01 
 6.30957344e+06  9.70099773e+01  6.30957344e+06 -1.22206753e+01 
 6.81292069e+06  9.69771245e+01  6.81292069e+06 -1.31672216e+01 
 7.35642254e+06  9.69390078e+01  7.35642254e+06 -1.41822266e+01 
 7.94328235e+06  9.68948123e+01  7.94328235e+06 -1.52694454e+01 
 8.57695899e+06  9.68436041e+01  8.57695899e+06 -1.64325358e+01 
 9.26118728e+06  9.67843136e+01  9.26118728e+06 -1.76749603e+01 
 1.00000000e+07  9.67157166e+01  1.00000000e+07 -1.89998575e+01 
 1.07977516e+07  9.66364103e+01  1.07977516e+07 -2.04098688e+01 
 1.16591440e+07  9.65447842e+01  1.16591440e+07 -2.19068977e+01 
 1.25892541e+07  9.64389825e+01  1.25892541e+07 -2.34917593e+01 
 1.35935639e+07  9.63168565e+01  1.35935639e+07 -2.51636386e+01 
 1.46779927e+07  9.61759051e+01  1.46779927e+07 -2.69192019e+01 
 1.58489319e+07  9.60132164e+01  1.58489319e+07 -2.87510692e+01 
 1.71132830e+07  9.58254575e+01  1.71132830e+07 -3.06451205e+01 
 1.84784980e+07  9.56090697e+01  1.84784980e+07 -3.25758372e+01 
 1.99526231e+07  9.53611034e+01  1.99526231e+07 -3.44991143e+01 
 2.15443469e+07  9.50816504e+01  2.15443469e+07 -3.63450606e+01 
 2.32630507e+07  9.47789862e+01  2.32630507e+07 -3.80252948e+01 
 2.51188643e+07  9.44749766e+01  2.51188643e+07 -3.94897329e+01 
 2.71227258e+07  9.41977810e+01  2.71227258e+07 -4.08363289e+01 
 2.92864456e+07  9.39537762e+01  2.92864456e+07 -4.23158687e+01 
 3.16227766e+07  9.37151229e+01  3.16227766e+07 -4.41123544e+01 
 3.41454887e+07  9.34481805e+01  3.41454887e+07 -4.62002592e+01 
 3.68694506e+07  9.31371917e+01  3.68694506e+07 -4.84489574e+01 
 3.98107171e+07  9.27814789e+01  3.98107171e+07 -5.07436989e+01 
 4.29866235e+07  9.23860376e+01  4.29866235e+07 -5.30150279e+01 
 4.64158883e+07  9.19565067e+01  4.64158883e+07 -5.52263721e+01 
 5.01187234e+07  9.14976980e+01  5.01187234e+07 -5.73591452e+01 
 5.41169527e+07  9.10134874e+01  5.41169527e+07 -5.94037912e+01 
 5.84341413e+07  9.05070272e+01  5.84341413e+07 -6.13553476e+01 
 6.30957344e+07  8.99809564e+01  6.30957344e+07 -6.32113988e+01 
 6.81292069e+07  8.94375491e+01  6.81292069e+07 -6.49711383e+01 
 7.35642254e+07  8.88788073e+01  7.35642254e+07 -6.66349161e+01 
 7.94328235e+07  8.83065171e+01  7.94328235e+07 -6.82039880e+01 
 8.57695899e+07  8.77222811e+01  8.57695899e+07 -6.96803461e+01 
 9.26118728e+07  8.71275404e+01  9.26118728e+07 -7.10665822e+01 
 1.00000000e+08  8.65235881e+01  1.00000000e+08 -7.23657674e+01 
 1.07977516e+08  8.59115810e+01  1.07977516e+08 -7.35813402e+01 
 1.16591440e+08  8.52925487e+01  1.16591440e+08 -7.47170042e+01 
 1.25892541e+08  8.46674030e+01  1.25892541e+08 -7.57766350e+01 
 1.35935639e+08  8.40369468e+01  1.35935639e+08 -7.67641967e+01 
 1.46779927e+08  8.34018833e+01  1.46779927e+08 -7.76836682e+01 
 1.58489319e+08  8.27628257e+01  1.58489319e+08 -7.85389806e+01 
 1.71132830e+08  8.21203068e+01  1.71132830e+08 -7.93339670e+01 
 1.84784980e+08  8.14747886e+01  1.84784980e+08 -8.00723238e+01 
 1.99526231e+08  8.08266723e+01  1.99526231e+08 -8.07575864e+01 
 2.15443469e+08  8.01763065e+01  2.15443469e+08 -8.13931162e+01 
 2.32630507e+08  7.95239953e+01  2.32630507e+08 -8.19820980e+01 
 2.51188643e+08  7.88700039e+01  2.51188643e+08 -8.25275440e+01 
 2.71227258e+08  7.82145639e+01  2.71227258e+08 -8.30323004e+01 
 2.92864456e+08  7.75578771e+01  2.92864456e+08 -8.34990551e+01 
 3.16227766e+08  7.69001175e+01  3.16227766e+08 -8.39303424e+01 
 3.41454887e+08  7.62414344e+01  3.41454887e+08 -8.43285461e+01 
 3.68694506e+08  7.55819542e+01  3.68694506e+08 -8.46958993e+01 
 3.98107171e+08  7.49217823e+01  3.98107171e+08 -8.50344833e+01 
 4.29866235e+08  7.42610061e+01  4.29866235e+08 -8.53462261e+01 
 4.64158883e+08  7.35996963e+01  4.64158883e+08 -8.56329008e+01 
 5.01187234e+08  7.29379105e+01  5.01187234e+08 -8.58961262e+01 
 5.41169527e+08  7.22756952e+01  5.41169527e+08 -8.61373698e+01 
 5.84341413e+08  7.16130883e+01  5.84341413e+08 -8.63579521e+01 
 6.30957344e+08  7.09501215e+01  6.30957344e+08 -8.65590536e+01 
 6.81292069e+08  7.02868220e+01  6.81292069e+08 -8.67417239e+01 
 7.35642254e+08  6.96232142e+01  7.35642254e+08 -8.69068908e+01 
 7.94328235e+08  6.89593210e+01  7.94328235e+08 -8.70553709e+01 
 8.57695899e+08  6.82951645e+01  8.57695899e+08 -8.71878793e+01 
 9.26118728e+08  6.76307662e+01  9.26118728e+08 -8.73050386e+01 
 1.00000000e+09  6.69661480e+01  1.00000000e+09 -8.74073869e+01 
