 1.00000000e+00  9.70371335e+01  1.00000000e+00 -1.92150402e-06 
 1.07977516e+00  9.70371335e+01  1.07977516e+00 -2.07479232e-06 
 1.16591440e+00  9.70371335e+01  1.16591440e+00 -2.24030921e-06 
 1.25892541e+00  9.70371335e+01  1.25892541e+00 -2.41903024e-06 
 1.35935639e+00  9.70371335e+01  1.35935639e+00 -2.61200877e-06 
 1.46779927e+00  9.70371335e+01  1.46779927e+00 -2.82038219e-06 
 1.58489319e+00  9.70371335e+01  1.58489319e+00 -3.04537864e-06 
 1.71132830e+00  9.70371335e+01  1.71132830e+00 -3.28832422e-06 
 1.84784980e+00  9.70371335e+01  1.84784980e+00 -3.55065082e-06 
 1.99526231e+00  9.70371335e+01  1.99526231e+00 -3.83390456e-06 
 2.15443469e+00  9.70371335e+01  2.15443469e+00 -4.13975492e-06 
 2.32630507e+00  9.70371335e+01  2.32630507e+00 -4.47000454e-06 
 2.51188643e+00  9.70371335e+01  2.51188643e+00 -4.82659988e-06 
 2.71227258e+00  9.70371335e+01  2.71227258e+00 -5.21164267e-06 
 2.92864456e+00  9.70371335e+01  2.92864456e+00 -5.62740231e-06 
 3.16227766e+00  9.70371335e+01  3.16227766e+00 -6.07632924e-06 
 3.41454887e+00  9.70371335e+01  3.41454887e+00 -6.56106939e-06 
 3.68694506e+00  9.70371335e+01  3.68694506e+00 -7.08447976e-06 
 3.98107171e+00  9.70371335e+01  3.98107171e+00 -7.64964529e-06 
 4.29866235e+00  9.70371335e+01  4.29866235e+00 -8.25989698e-06 
 4.64158883e+00  9.70371335e+01  4.64158883e+00 -8.91883161e-06 
 5.01187234e+00  9.70371335e+01  5.01187234e+00 -9.63033284e-06 
 5.41169527e+00  9.70371335e+01  5.41169527e+00 -1.03985942e-05 
 5.84341413e+00  9.70371335e+01  5.84341413e+00 -1.12281438e-05 
 6.30957344e+00  9.70371335e+01  6.30957344e+00 -1.21238707e-05 
 6.81292069e+00  9.70371335e+01  6.81292069e+00 -1.30910545e-05 
 7.35642254e+00  9.70371335e+01  7.35642254e+00 -1.41353955e-05 
 7.94328235e+00  9.70371335e+01  7.94328235e+00 -1.52630490e-05 
 8.57695899e+00  9.70371335e+01  8.57695899e+00 -1.64806612e-05 
 9.26118728e+00  9.70371335e+01  9.26118728e+00 -1.77954086e-05 
 1.00000000e+01  9.70371335e+01  1.00000000e+01 -1.92150402e-05 
 1.07977516e+01  9.70371335e+01  1.07977516e+01 -2.07479232e-05 
 1.16591440e+01  9.70371335e+01  1.16591440e+01 -2.24030921e-05 
 1.25892541e+01  9.70371335e+01  1.25892541e+01 -2.41903024e-05 
 1.35935639e+01  9.70371335e+01  1.35935639e+01 -2.61200877e-05 
 1.46779927e+01  9.70371335e+01  1.46779927e+01 -2.82038219e-05 
 1.58489319e+01  9.70371335e+01  1.58489319e+01 -3.04537864e-05 
 1.71132830e+01  9.70371335e+01  1.71132830e+01 -3.28832422e-05 
 1.84784980e+01  9.70371335e+01  1.84784980e+01 -3.55065082e-05 
 1.99526231e+01  9.70371335e+01  1.99526231e+01 -3.83390456e-05 
 2.15443469e+01  9.70371335e+01  2.15443469e+01 -4.13975492e-05 
 2.32630507e+01  9.70371335e+01  2.32630507e+01 -4.47000454e-05 
 2.51188643e+01  9.70371335e+01  2.51188643e+01 -4.82659988e-05 
 2.71227258e+01  9.70371335e+01  2.71227258e+01 -5.21164267e-05 
 2.92864456e+01  9.70371335e+01  2.92864456e+01 -5.62740231e-05 
 3.16227766e+01  9.70371335e+01  3.16227766e+01 -6.07632924e-05 
 3.41454887e+01  9.70371335e+01  3.41454887e+01 -6.56106939e-05 
 3.68694506e+01  9.70371335e+01  3.68694506e+01 -7.08447976e-05 
 3.98107171e+01  9.70371335e+01  3.98107171e+01 -7.64964529e-05 
 4.29866235e+01  9.70371335e+01  4.29866235e+01 -8.25989698e-05 
 4.64158883e+01  9.70371335e+01  4.64158883e+01 -8.91883161e-05 
 5.01187234e+01  9.70371335e+01  5.01187234e+01 -9.63033284e-05 
 5.41169527e+01  9.70371335e+01  5.41169527e+01 -1.03985942e-04 
 5.84341413e+01  9.70371335e+01  5.84341413e+01 -1.12281438e-04 
 6.30957344e+01  9.70371335e+01  6.30957344e+01 -1.21238707e-04 
 6.81292069e+01  9.70371335e+01  6.81292069e+01 -1.30910545e-04 
 7.35642254e+01  9.70371335e+01  7.35642254e+01 -1.41353955e-04 
 7.94328235e+01  9.70371335e+01  7.94328235e+01 -1.52630490e-04 
 8.57695899e+01  9.70371335e+01  8.57695899e+01 -1.64806612e-04 
 9.26118728e+01  9.70371335e+01  9.26118728e+01 -1.77954086e-04 
 1.00000000e+02  9.70371335e+01  1.00000000e+02 -1.92150402e-04 
 1.07977516e+02  9.70371335e+01  1.07977516e+02 -2.07479232e-04 
 1.16591440e+02  9.70371335e+01  1.16591440e+02 -2.24030921e-04 
 1.25892541e+02  9.70371335e+01  1.25892541e+02 -2.41903024e-04 
 1.35935639e+02  9.70371335e+01  1.35935639e+02 -2.61200877e-04 
 1.46779927e+02  9.70371335e+01  1.46779927e+02 -2.82038219e-04 
 1.58489319e+02  9.70371335e+01  1.58489319e+02 -3.04537864e-04 
 1.71132830e+02  9.70371335e+01  1.71132830e+02 -3.28832422e-04 
 1.84784980e+02  9.70371335e+01  1.84784980e+02 -3.55065082e-04 
 1.99526231e+02  9.70371335e+01  1.99526231e+02 -3.83390456e-04 
 2.15443469e+02  9.70371335e+01  2.15443469e+02 -4.13975492e-04 
 2.32630507e+02  9.70371335e+01  2.32630507e+02 -4.47000454e-04 
 2.51188643e+02  9.70371335e+01  2.51188643e+02 -4.82659988e-04 
 2.71227258e+02  9.70371335e+01  2.71227258e+02 -5.21164267e-04 
 2.92864456e+02  9.70371335e+01  2.92864456e+02 -5.62740231e-04 
 3.16227766e+02  9.70371335e+01  3.16227766e+02 -6.07632924e-04 
 3.41454887e+02  9.70371335e+01  3.41454887e+02 -6.56106939e-04 
 3.68694506e+02  9.70371335e+01  3.68694506e+02 -7.08447976e-04 
 3.98107171e+02  9.70371335e+01  3.98107171e+02 -7.64964529e-04 
 4.29866235e+02  9.70371335e+01  4.29866235e+02 -8.25989698e-04 
 4.64158883e+02  9.70371335e+01  4.64158883e+02 -8.91883160e-04 
 5.01187234e+02  9.70371335e+01  5.01187234e+02 -9.63033284e-04 
 5.41169527e+02  9.70371335e+01  5.41169527e+02 -1.03985942e-03 
 5.84341413e+02  9.70371335e+01  5.84341413e+02 -1.12281438e-03 
 6.30957344e+02  9.70371335e+01  6.30957344e+02 -1.21238707e-03 
 6.81292069e+02  9.70371335e+01  6.81292069e+02 -1.30910545e-03 
 7.35642254e+02  9.70371335e+01  7.35642254e+02 -1.41353955e-03 
 7.94328235e+02  9.70371335e+01  7.94328235e+02 -1.52630490e-03 
 8.57695899e+02  9.70371335e+01  8.57695899e+02 -1.64806612e-03 
 9.26118728e+02  9.70371335e+01  9.26118728e+02 -1.77954086e-03 
 1.00000000e+03  9.70371335e+01  1.00000000e+03 -1.92150402e-03 
 1.07977516e+03  9.70371335e+01  1.07977516e+03 -2.07479231e-03 
 1.16591440e+03  9.70371335e+01  1.16591440e+03 -2.24030921e-03 
 1.25892541e+03  9.70371335e+01  1.25892541e+03 -2.41903024e-03 
 1.35935639e+03  9.70371335e+01  1.35935639e+03 -2.61200877e-03 
 1.46779927e+03  9.70371335e+01  1.46779927e+03 -2.82038219e-03 
 1.58489319e+03  9.70371335e+01  1.58489319e+03 -3.04537864e-03 
 1.71132830e+03  9.70371335e+01  1.71132830e+03 -3.28832421e-03 
 1.84784980e+03  9.70371335e+01  1.84784980e+03 -3.55065081e-03 
 1.99526231e+03  9.70371335e+01  1.99526231e+03 -3.83390456e-03 
 2.15443469e+03  9.70371335e+01  2.15443469e+03 -4.13975491e-03 
 2.32630507e+03  9.70371335e+01  2.32630507e+03 -4.47000453e-03 
 2.51188643e+03  9.70371335e+01  2.51188643e+03 -4.82659987e-03 
 2.71227258e+03  9.70371335e+01  2.71227258e+03 -5.21164265e-03 
 2.92864456e+03  9.70371335e+01  2.92864456e+03 -5.62740229e-03 
 3.16227766e+03  9.70371335e+01  3.16227766e+03 -6.07632922e-03 
 3.41454887e+03  9.70371335e+01  3.41454887e+03 -6.56106936e-03 
 3.68694506e+03  9.70371335e+01  3.68694506e+03 -7.08447973e-03 
 3.98107171e+03  9.70371335e+01  3.98107171e+03 -7.64964525e-03 
 4.29866235e+03  9.70371334e+01  4.29866235e+03 -8.25989693e-03 
 4.64158883e+03  9.70371334e+01  4.64158883e+03 -8.91883154e-03 
 5.01187234e+03  9.70371334e+01  5.01187234e+03 -9.63033277e-03 
 5.41169527e+03  9.70371334e+01  5.41169527e+03 -1.03985941e-02 
 5.84341413e+03  9.70371334e+01  5.84341413e+03 -1.12281436e-02 
 6.30957344e+03  9.70371333e+01  6.30957344e+03 -1.21238706e-02 
 6.81292069e+03  9.70371333e+01  6.81292069e+03 -1.30910543e-02 
 7.35642254e+03  9.70371333e+01  7.35642254e+03 -1.41353952e-02 
 7.94328235e+03  9.70371332e+01  7.94328235e+03 -1.52630487e-02 
 8.57695899e+03  9.70371332e+01  8.57695899e+03 -1.64806608e-02 
 9.26118728e+03  9.70371331e+01  9.26118728e+03 -1.77954081e-02 
 1.00000000e+04  9.70371330e+01  1.00000000e+04 -1.92150396e-02 
 1.07977516e+04  9.70371330e+01  1.07977516e+04 -2.07479224e-02 
 1.16591440e+04  9.70371329e+01  1.16591440e+04 -2.24030911e-02 
 1.25892541e+04  9.70371328e+01  1.25892541e+04 -2.41903012e-02 
 1.35935639e+04  9.70371326e+01  1.35935639e+04 -2.61200861e-02 
 1.46779927e+04  9.70371325e+01  1.46779927e+04 -2.82038200e-02 
 1.58489319e+04  9.70371323e+01  1.58489319e+04 -3.04537839e-02 
 1.71132830e+04  9.70371321e+01  1.71132830e+04 -3.28832390e-02 
 1.84784980e+04  9.70371319e+01  1.84784980e+04 -3.55065042e-02 
 1.99526231e+04  9.70371316e+01  1.99526231e+04 -3.83390406e-02 
 2.15443469e+04  9.70371313e+01  2.15443469e+04 -4.13975429e-02 
 2.32630507e+04  9.70371309e+01  2.32630507e+04 -4.47000375e-02 
 2.51188643e+04  9.70371304e+01  2.51188643e+04 -4.82659888e-02 
 2.71227258e+04  9.70371299e+01  2.71227258e+04 -5.21164142e-02 
 2.92864456e+04  9.70371293e+01  2.92864456e+04 -5.62740073e-02 
 3.16227766e+04  9.70371286e+01  3.16227766e+04 -6.07632726e-02 
 3.41454887e+04  9.70371278e+01  3.41454887e+04 -6.56106690e-02 
 3.68694506e+04  9.70371269e+01  3.68694506e+04 -7.08447663e-02 
 3.98107171e+04  9.70371257e+01  3.98107171e+04 -7.64964134e-02 
 4.29866235e+04  9.70371245e+01  4.29866235e+04 -8.25989201e-02 
 4.64158883e+04  9.70371229e+01  4.64158883e+04 -8.91882534e-02 
 5.01187234e+04  9.70371212e+01  5.01187234e+04 -9.63032496e-02 
 5.41169527e+04  9.70371191e+01  5.41169527e+04 -1.03985843e-01 
 5.84341413e+04  9.70371168e+01  5.84341413e+04 -1.12281313e-01 
 6.30957344e+04  9.70371140e+01  6.30957344e+04 -1.21238550e-01 
 6.81292069e+04  9.70371107e+01  6.81292069e+04 -1.30910347e-01 
 7.35642254e+04  9.70371069e+01  7.35642254e+04 -1.41353706e-01 
 7.94328235e+04  9.70371025e+01  7.94328235e+04 -1.52630176e-01 
 8.57695899e+04  9.70370974e+01  8.57695899e+04 -1.64806217e-01 
 9.26118728e+04  9.70370914e+01  9.26118728e+04 -1.77953589e-01 
 1.00000000e+05  9.70370844e+01  1.00000000e+05 -1.92149776e-01 
 1.07977516e+05  9.70370762e+01  1.07977516e+05 -2.07478443e-01 
 1.16591440e+05  9.70370667e+01  1.16591440e+05 -2.24029929e-01 
 1.25892541e+05  9.70370556e+01  1.25892541e+05 -2.41901775e-01 
 1.35935639e+05  9.70370427e+01  1.35935639e+05 -2.61199304e-01 
 1.46779927e+05  9.70370276e+01  1.46779927e+05 -2.82036239e-01 
 1.58489319e+05  9.70370100e+01  1.58489319e+05 -3.04535372e-01 
 1.71132830e+05  9.70369896e+01  1.71132830e+05 -3.28829284e-01 
 1.84784980e+05  9.70369657e+01  1.84784980e+05 -3.55061131e-01 
 1.99526231e+05  9.70369378e+01  1.99526231e+05 -3.83385483e-01 
 2.15443469e+05  9.70369053e+01  2.15443469e+05 -4.13969231e-01 
 2.32630507e+05  9.70368675e+01  2.32630507e+05 -4.46992572e-01 
 2.51188643e+05  9.70368233e+01  2.51188643e+05 -4.82650065e-01 
 2.71227258e+05  9.70367719e+01  2.71227258e+05 -5.21151775e-01 
 2.92864456e+05  9.70367119e+01  2.92864456e+05 -5.62724504e-01 
 3.16227766e+05  9.70366419e+01  3.16227766e+05 -6.07613126e-01 
 3.41454887e+05  9.70365604e+01  3.41454887e+05 -6.56082015e-01 
 3.68694506e+05  9.70364653e+01  3.68694506e+05 -7.08416599e-01 
 3.98107171e+05  9.70363544e+01  3.98107171e+05 -7.64925028e-01 
 4.29866235e+05  9.70362251e+01  4.29866235e+05 -8.25939970e-01 
 4.64158883e+05  9.70360744e+01  4.64158883e+05 -8.91820558e-01 
 5.01187234e+05  9.70358987e+01  5.01187234e+05 -9.62954474e-01 
 5.41169527e+05  9.70356939e+01  5.41169527e+05 -1.03976021e+00 
 5.84341413e+05  9.70354550e+01  5.84341413e+05 -1.12268948e+00 
 6.30957344e+05  9.70351766e+01  6.30957344e+05 -1.21222984e+00 
 6.81292069e+05  9.70348520e+01  6.81292069e+05 -1.30890752e+00 
 7.35642254e+05  9.70344735e+01  7.35642254e+05 -1.41329038e+00 
 7.94328235e+05  9.70340323e+01  7.94328235e+05 -1.52599123e+00 
 8.57695899e+05  9.70335179e+01  8.57695899e+05 -1.64767126e+00 
 9.26118728e+05  9.70329182e+01  9.26118728e+05 -1.77904380e+00 
 1.00000000e+06  9.70322191e+01  1.00000000e+06 -1.92087832e+00 
 1.07977516e+06  9.70314041e+01  1.07977516e+06 -2.07400469e+00 
 1.16591440e+06  9.70304540e+01  1.16591440e+06 -2.23931777e+00 
 1.25892541e+06  9.70293465e+01  1.25892541e+06 -2.41778228e+00 
 1.35935639e+06  9.70280554e+01  1.35935639e+06 -2.61043796e+00 
 1.46779927e+06  9.70265505e+01  1.46779927e+06 -2.81840506e+00 
 1.58489319e+06  9.70247964e+01  1.58489319e+06 -3.04289017e+00 
 1.71132830e+06  9.70227518e+01  1.71132830e+06 -3.28519228e+00 
 1.84784980e+06  9.70203689e+01  1.84784980e+06 -3.54670921e+00 
 1.99526231e+06  9.70175918e+01  1.99526231e+06 -3.82894422e+00 
 2.15443469e+06  9.70143555e+01  2.15443469e+06 -4.13351294e+00 
 2.32630507e+06  9.70105844e+01  2.32630507e+06 -4.46215033e+00 
 2.51188643e+06  9.70061904e+01  2.51188643e+06 -4.81671784e+00 
 2.71227258e+06  9.70010714e+01  2.71227258e+06 -5.19921045e+00 
 2.92864456e+06  9.69951082e+01  2.92864456e+06 -5.61176355e+00 
 3.16227766e+06  9.69881628e+01  3.16227766e+06 -6.05665946e+00 
 3.41454887e+06  9.69800747e+01  3.41454887e+06 -6.53633328e+00 
 3.68694506e+06  9.69706577e+01  3.68694506e+06 -7.05337778e+00 
 3.98107171e+06  9.69596958e+01  3.98107171e+06 -7.61054703e+00 
 4.29866235e+06  9.69469388e+01  4.29866235e+06 -8.21075802e+00 
 4.64158883e+06  9.69320970e+01  4.64158883e+06 -8.85708992e+00 
 5.01187234e+06  9.69148354e+01  5.01187234e+06 -9.55278003e+00 
 5.41169527e+06  9.68947670e+01  5.41169527e+06 -1.03012156e+01 
 5.84341413e+06  9.68714454e+01  5.84341413e+06 -1.11059204e+01 
 6.30957344e+06  9.68443561e+01  6.30957344e+06 -1.19705343e+01 
 6.81292069e+06  9.68129076e+01  6.81292069e+06 -1.28987853e+01 
 7.35642254e+06  9.67764202e+01  7.35642254e+06 -1.38944503e+01 
 7.94328235e+06  9.67341142e+01  7.94328235e+06 -1.49613043e+01 
 8.57695899e+06  9.66850971e+01  8.57695899e+06 -1.61030528e+01 
 9.26118728e+06  9.66283475e+01  9.26118728e+06 -1.73232445e+01 
 1.00000000e+07  9.65626976e+01  1.00000000e+07 -1.86251586e+01 
 1.07977516e+07  9.64868120e+01  1.07977516e+07 -2.00116546e+01 
 1.16591440e+07  9.63991612e+01  1.16591440e+07 -2.14849705e+01 
 1.25892541e+07  9.62979878e+01  1.25892541e+07 -2.30464369e+01 
 1.35935639e+07  9.61812620e+01  1.35935639e+07 -2.46960481e+01 
 1.46779927e+07  9.60466241e+01  1.46779927e+07 -2.64317761e+01 
 1.58489319e+07  9.58913138e+01  1.58489319e+07 -2.82484040e+01 
 1.71132830e+07  9.57121104e+01  1.71132830e+07 -3.01354506e+01 
 1.84784980e+07  9.55053688e+01  1.84784980e+07 -3.20734379e+01 
 1.99526231e+07  9.52674261e+01  1.99526231e+07 -3.40274875e+01 
 2.15443469e+07  9.49961106e+01  2.15443469e+07 -3.59382658e+01 
 2.32630507e+07  9.46947499e+01  2.32630507e+07 -3.77172882e+01 
 2.51188643e+07  9.43791382e+01  2.51188643e+07 -3.92747221e+01 
 2.71227258e+07  9.40795012e+01  2.71227258e+07 -4.06209851e+01 
 2.92864456e+07  9.38190309e+01  2.92864456e+07 -4.19677954e+01 
 3.16227766e+07  9.35830612e+01  3.16227766e+07 -4.35894219e+01 
 3.41454887e+07  9.33323930e+01  3.41454887e+07 -4.55595470e+01 
 3.68694506e+07  9.30404365e+01  3.68694506e+07 -4.77621301e+01 
 3.98107171e+07  9.27012608e+01  3.98107171e+07 -5.00557400e+01 
 4.29866235e+07  9.23190247e+01  4.29866235e+07 -5.23470957e+01 
 4.64158883e+07  9.18999803e+01  4.64158883e+07 -5.45867995e+01 
 5.01187234e+07  9.14496818e+01  5.01187234e+07 -5.67505891e+01 
 5.41169527e+07  9.09725586e+01  5.41169527e+07 -5.88266423e+01 
 5.84341413e+07  9.04721273e+01  5.84341413e+07 -6.08091514e+01 
 6.30957344e+07  8.99512604e+01  6.30957344e+07 -6.26953944e+01 
 6.81292069e+07  8.94123851e+01  6.81292069e+07 -6.44844422e+01 
 7.35642254e+07  8.88576085e+01  7.35642254e+07 -6.61765743e+01 
 7.94328235e+07  8.82887935e+01  7.94328235e+07 -6.77729862e+01 
 8.57695899e+07  8.77076036e+01  8.57695899e+07 -6.92756117e+01 
 9.26118728e+07  8.71155302e+01  9.26118728e+07 -7.06869888e+01 
 1.00000000e+08  8.65139105e+01  1.00000000e+08 -7.20101436e+01 
 1.07977516e+08  8.59039402e+01  1.07977516e+08 -7.32484824e+01 
 1.16591440e+08  8.52866846e+01  1.16591440e+08 -7.44056915e+01 
 1.25892541e+08  8.46630878e+01  1.25892541e+08 -7.54856458e+01 
 1.35935639e+08  8.40339818e+01  1.35935639e+08 -7.64923236e+01 
 1.46779927e+08  8.34000957e+01  1.46779927e+08 -7.74297328e+01 
 1.58489319e+08  8.27620656e+01  1.58489319e+08 -7.83018444e+01 
 1.71132830e+08  8.21204438e+01  1.71132830e+08 -7.91125395e+01 
 1.84784980e+08  8.14757089e+01  1.84784980e+08 -7.98655663e+01 
 1.99526231e+08  8.08282761e+01  1.99526231e+08 -8.05645122e+01 
 2.15443469e+08  8.01785056e+01  2.15443469e+08 -8.12127880e+01 
 2.32630507e+08  7.95267113e+01  2.32630507e+08 -8.18136229e+01 
 2.51188643e+08  7.88731673e+01  2.51188643e+08 -8.23700691e+01 
 2.71227258e+08  7.82181132e+01  2.71227258e+08 -8.28850086e+01 
 2.92864456e+08  7.75617580e+01  2.92864456e+08 -8.33611622e+01 
 3.16227766e+08  7.69042832e+01  3.16227766e+08 -8.38010961e+01 
 3.41454887e+08  7.62458447e+01  3.41454887e+08 -8.42072259e+01 
 3.68694506e+08  7.55865753e+01  3.68694506e+08 -8.45818172e+01 
 3.98107171e+08  7.49265864e+01  3.98107171e+08 -8.49269849e+01 
 4.29866235e+08  7.42659703e+01  4.29866235e+08 -8.52446914e+01 
 4.64158883e+08  7.36048025e+01  4.64158883e+08 -8.55367444e+01 
 5.01187234e+08  7.29431443e+01  5.01187234e+08 -8.58047972e+01 
 5.41169527e+08  7.22810453e+01  5.41169527e+08 -8.60503504e+01 
 5.84341413e+08  7.16185457e+01  5.84341413e+08 -8.62747553e+01 
 6.30957344e+08  7.09556789e+01  6.30957344e+08 -8.64792210e+01 
 6.81292069e+08  7.02924735e+01  6.81292069e+08 -8.66648218e+01 
 7.35642254e+08  6.96289546e+01  7.35642254e+08 -8.68325068e+01 
 7.94328235e+08  6.89651455e+01  7.94328235e+08 -8.69831098e+01 
 8.57695899e+08  6.83010687e+01  8.57695899e+08 -8.71173595e+01 
 9.26118728e+08  6.76367461e+01  9.26118728e+08 -8.72358883e+01 
 1.00000000e+09  6.69721995e+01  1.00000000e+09 -8.73392407e+01 
