 1.00000000e+00  9.70376431e+01  1.00000000e+00 -1.91652480e-06 
 1.07977516e+00  9.70376431e+01  1.07977516e+00 -2.06941588e-06 
 1.16591440e+00  9.70376431e+01  1.16591440e+00 -2.23450387e-06 
 1.25892541e+00  9.70376431e+01  1.25892541e+00 -2.41276178e-06 
 1.35935639e+00  9.70376431e+01  1.35935639e+00 -2.60524024e-06 
 1.46779927e+00  9.70376431e+01  1.46779927e+00 -2.81307370e-06 
 1.58489319e+00  9.70376431e+01  1.58489319e+00 -3.03748711e-06 
 1.71132830e+00  9.70376431e+01  1.71132830e+00 -3.27980314e-06 
 1.84784980e+00  9.70376431e+01  1.84784980e+00 -3.54144997e-06 
 1.99526231e+00  9.70376431e+01  1.99526231e+00 -3.82396972e-06 
 2.15443469e+00  9.70376431e+01  2.15443469e+00 -4.12902752e-06 
 2.32630507e+00  9.70376431e+01  2.32630507e+00 -4.45842136e-06 
 2.51188643e+00  9.70376431e+01  2.51188643e+00 -4.81409265e-06 
 2.71227258e+00  9.70376431e+01  2.71227258e+00 -5.19813767e-06 
 2.92864456e+00  9.70376431e+01  2.92864456e+00 -5.61281995e-06 
 3.16227766e+00  9.70376431e+01  3.16227766e+00 -6.06058357e-06 
 3.41454887e+00  9.70376431e+01  3.41454887e+00 -6.54406761e-06 
 3.68694506e+00  9.70376431e+01  3.68694506e+00 -7.06612167e-06 
 3.98107171e+00  9.70376431e+01  3.98107171e+00 -7.62982267e-06 
 4.29866235e+00  9.70376431e+01  4.29866235e+00 -8.23849301e-06 
 4.64158883e+00  9.70376431e+01  4.64158883e+00 -8.89572013e-06 
 5.01187234e+00  9.70376431e+01  5.01187234e+00 -9.60537764e-06 
 5.41169527e+00  9.70376431e+01  5.41169527e+00 -1.03716482e-05 
 5.84341413e+00  9.70376431e+01  5.84341413e+00 -1.11990481e-05 
 6.30957344e+00  9.70376431e+01  6.30957344e+00 -1.20924540e-05 
 6.81292069e+00  9.70376431e+01  6.81292069e+00 -1.30571315e-05 
 7.35642254e+00  9.70376431e+01  7.35642254e+00 -1.40987663e-05 
 7.94328235e+00  9.70376431e+01  7.94328235e+00 -1.52234976e-05 
 8.57695899e+00  9.70376431e+01  8.57695899e+00 -1.64379546e-05 
 9.26118728e+00  9.70376431e+01  9.26118728e+00 -1.77492951e-05 
 1.00000000e+01  9.70376431e+01  1.00000000e+01 -1.91652480e-05 
 1.07977516e+01  9.70376431e+01  1.07977516e+01 -2.06941588e-05 
 1.16591440e+01  9.70376431e+01  1.16591440e+01 -2.23450387e-05 
 1.25892541e+01  9.70376431e+01  1.25892541e+01 -2.41276178e-05 
 1.35935639e+01  9.70376431e+01  1.35935639e+01 -2.60524024e-05 
 1.46779927e+01  9.70376431e+01  1.46779927e+01 -2.81307370e-05 
 1.58489319e+01  9.70376431e+01  1.58489319e+01 -3.03748711e-05 
 1.71132830e+01  9.70376431e+01  1.71132830e+01 -3.27980314e-05 
 1.84784980e+01  9.70376431e+01  1.84784980e+01 -3.54144997e-05 
 1.99526231e+01  9.70376431e+01  1.99526231e+01 -3.82396972e-05 
 2.15443469e+01  9.70376431e+01  2.15443469e+01 -4.12902752e-05 
 2.32630507e+01  9.70376431e+01  2.32630507e+01 -4.45842136e-05 
 2.51188643e+01  9.70376431e+01  2.51188643e+01 -4.81409265e-05 
 2.71227258e+01  9.70376431e+01  2.71227258e+01 -5.19813767e-05 
 2.92864456e+01  9.70376431e+01  2.92864456e+01 -5.61281995e-05 
 3.16227766e+01  9.70376431e+01  3.16227766e+01 -6.06058357e-05 
 3.41454887e+01  9.70376431e+01  3.41454887e+01 -6.54406761e-05 
 3.68694506e+01  9.70376431e+01  3.68694506e+01 -7.06612167e-05 
 3.98107171e+01  9.70376431e+01  3.98107171e+01 -7.62982267e-05 
 4.29866235e+01  9.70376431e+01  4.29866235e+01 -8.23849301e-05 
 4.64158883e+01  9.70376431e+01  4.64158883e+01 -8.89572013e-05 
 5.01187234e+01  9.70376431e+01  5.01187234e+01 -9.60537764e-05 
 5.41169527e+01  9.70376431e+01  5.41169527e+01 -1.03716482e-04 
 5.84341413e+01  9.70376431e+01  5.84341413e+01 -1.11990481e-04 
 6.30957344e+01  9.70376431e+01  6.30957344e+01 -1.20924540e-04 
 6.81292069e+01  9.70376431e+01  6.81292069e+01 -1.30571315e-04 
 7.35642254e+01  9.70376431e+01  7.35642254e+01 -1.40987663e-04 
 7.94328235e+01  9.70376431e+01  7.94328235e+01 -1.52234976e-04 
 8.57695899e+01  9.70376431e+01  8.57695899e+01 -1.64379546e-04 
 9.26118728e+01  9.70376431e+01  9.26118728e+01 -1.77492951e-04 
 1.00000000e+02  9.70376431e+01  1.00000000e+02 -1.91652480e-04 
 1.07977516e+02  9.70376431e+01  1.07977516e+02 -2.06941588e-04 
 1.16591440e+02  9.70376431e+01  1.16591440e+02 -2.23450387e-04 
 1.25892541e+02  9.70376431e+01  1.25892541e+02 -2.41276178e-04 
 1.35935639e+02  9.70376431e+01  1.35935639e+02 -2.60524024e-04 
 1.46779927e+02  9.70376431e+01  1.46779927e+02 -2.81307370e-04 
 1.58489319e+02  9.70376431e+01  1.58489319e+02 -3.03748711e-04 
 1.71132830e+02  9.70376431e+01  1.71132830e+02 -3.27980314e-04 
 1.84784980e+02  9.70376431e+01  1.84784980e+02 -3.54144997e-04 
 1.99526231e+02  9.70376431e+01  1.99526231e+02 -3.82396972e-04 
 2.15443469e+02  9.70376431e+01  2.15443469e+02 -4.12902752e-04 
 2.32630507e+02  9.70376431e+01  2.32630507e+02 -4.45842136e-04 
 2.51188643e+02  9.70376431e+01  2.51188643e+02 -4.81409265e-04 
 2.71227258e+02  9.70376431e+01  2.71227258e+02 -5.19813767e-04 
 2.92864456e+02  9.70376431e+01  2.92864456e+02 -5.61281995e-04 
 3.16227766e+02  9.70376431e+01  3.16227766e+02 -6.06058357e-04 
 3.41454887e+02  9.70376431e+01  3.41454887e+02 -6.54406761e-04 
 3.68694506e+02  9.70376431e+01  3.68694506e+02 -7.06612166e-04 
 3.98107171e+02  9.70376431e+01  3.98107171e+02 -7.62982267e-04 
 4.29866235e+02  9.70376431e+01  4.29866235e+02 -8.23849301e-04 
 4.64158883e+02  9.70376431e+01  4.64158883e+02 -8.89572013e-04 
 5.01187234e+02  9.70376431e+01  5.01187234e+02 -9.60537764e-04 
 5.41169527e+02  9.70376431e+01  5.41169527e+02 -1.03716482e-03 
 5.84341413e+02  9.70376431e+01  5.84341413e+02 -1.11990481e-03 
 6.30957344e+02  9.70376431e+01  6.30957344e+02 -1.20924540e-03 
 6.81292069e+02  9.70376431e+01  6.81292069e+02 -1.30571315e-03 
 7.35642254e+02  9.70376431e+01  7.35642254e+02 -1.40987663e-03 
 7.94328235e+02  9.70376431e+01  7.94328235e+02 -1.52234976e-03 
 8.57695899e+02  9.70376431e+01  8.57695899e+02 -1.64379546e-03 
 9.26118728e+02  9.70376431e+01  9.26118728e+02 -1.77492951e-03 
 1.00000000e+03  9.70376431e+01  1.00000000e+03 -1.91652480e-03 
 1.07977516e+03  9.70376431e+01  1.07977516e+03 -2.06941588e-03 
 1.16591440e+03  9.70376431e+01  1.16591440e+03 -2.23450387e-03 
 1.25892541e+03  9.70376431e+01  1.25892541e+03 -2.41276178e-03 
 1.35935639e+03  9.70376431e+01  1.35935639e+03 -2.60524024e-03 
 1.46779927e+03  9.70376431e+01  1.46779927e+03 -2.81307370e-03 
 1.58489319e+03  9.70376431e+01  1.58489319e+03 -3.03748711e-03 
 1.71132830e+03  9.70376431e+01  1.71132830e+03 -3.27980314e-03 
 1.84784980e+03  9.70376430e+01  1.84784980e+03 -3.54144997e-03 
 1.99526231e+03  9.70376430e+01  1.99526231e+03 -3.82396971e-03 
 2.15443469e+03  9.70376430e+01  2.15443469e+03 -4.12902751e-03 
 2.32630507e+03  9.70376430e+01  2.32630507e+03 -4.45842135e-03 
 2.51188643e+03  9.70376430e+01  2.51188643e+03 -4.81409264e-03 
 2.71227258e+03  9.70376430e+01  2.71227258e+03 -5.19813766e-03 
 2.92864456e+03  9.70376430e+01  2.92864456e+03 -5.61281993e-03 
 3.16227766e+03  9.70376430e+01  3.16227766e+03 -6.06058355e-03 
 3.41454887e+03  9.70376430e+01  3.41454887e+03 -6.54406758e-03 
 3.68694506e+03  9.70376430e+01  3.68694506e+03 -7.06612163e-03 
 3.98107171e+03  9.70376430e+01  3.98107171e+03 -7.62982263e-03 
 4.29866235e+03  9.70376430e+01  4.29866235e+03 -8.23849296e-03 
 4.64158883e+03  9.70376430e+01  4.64158883e+03 -8.89572006e-03 
 5.01187234e+03  9.70376429e+01  5.01187234e+03 -9.60537757e-03 
 5.41169527e+03  9.70376429e+01  5.41169527e+03 -1.03716481e-02 
 5.84341413e+03  9.70376429e+01  5.84341413e+03 -1.11990480e-02 
 6.30957344e+03  9.70376429e+01  6.30957344e+03 -1.20924538e-02 
 6.81292069e+03  9.70376428e+01  6.81292069e+03 -1.30571313e-02 
 7.35642254e+03  9.70376428e+01  7.35642254e+03 -1.40987660e-02 
 7.94328235e+03  9.70376428e+01  7.94328235e+03 -1.52234973e-02 
 8.57695899e+03  9.70376427e+01  8.57695899e+03 -1.64379542e-02 
 9.26118728e+03  9.70376426e+01  9.26118728e+03 -1.77492946e-02 
 1.00000000e+04  9.70376426e+01  1.00000000e+04 -1.91652474e-02 
 1.07977516e+04  9.70376425e+01  1.07977516e+04 -2.06941580e-02 
 1.16591440e+04  9.70376424e+01  1.16591440e+04 -2.23450377e-02 
 1.25892541e+04  9.70376423e+01  1.25892541e+04 -2.41276165e-02 
 1.35935639e+04  9.70376422e+01  1.35935639e+04 -2.60524008e-02 
 1.46779927e+04  9.70376420e+01  1.46779927e+04 -2.81307351e-02 
 1.58489319e+04  9.70376418e+01  1.58489319e+04 -3.03748687e-02 
 1.71132830e+04  9.70376416e+01  1.71132830e+04 -3.27980283e-02 
 1.84784980e+04  9.70376414e+01  1.84784980e+04 -3.54144958e-02 
 1.99526231e+04  9.70376411e+01  1.99526231e+04 -3.82396922e-02 
 2.15443469e+04  9.70376408e+01  2.15443469e+04 -4.12902690e-02 
 2.32630507e+04  9.70376404e+01  2.32630507e+04 -4.45842058e-02 
 2.51188643e+04  9.70376400e+01  2.51188643e+04 -4.81409166e-02 
 2.71227258e+04  9.70376395e+01  2.71227258e+04 -5.19813643e-02 
 2.92864456e+04  9.70376389e+01  2.92864456e+04 -5.61281838e-02 
 3.16227766e+04  9.70376382e+01  3.16227766e+04 -6.06058160e-02 
 3.41454887e+04  9.70376374e+01  3.41454887e+04 -6.54406512e-02 
 3.68694506e+04  9.70376364e+01  3.68694506e+04 -7.06611853e-02 
 3.98107171e+04  9.70376353e+01  3.98107171e+04 -7.62981873e-02 
 4.29866235e+04  9.70376340e+01  4.29866235e+04 -8.23848805e-02 
 4.64158883e+04  9.70376325e+01  4.64158883e+04 -8.89571388e-02 
 5.01187234e+04  9.70376308e+01  5.01187234e+04 -9.60536978e-02 
 5.41169527e+04  9.70376288e+01  5.41169527e+04 -1.03716383e-01 
 5.84341413e+04  9.70376264e+01  5.84341413e+04 -1.11990357e-01 
 6.30957344e+04  9.70376236e+01  6.30957344e+04 -1.20924383e-01 
 6.81292069e+04  9.70376204e+01  6.81292069e+04 -1.30571117e-01 
 7.35642254e+04  9.70376166e+01  7.35642254e+04 -1.40987414e-01 
 7.94328235e+04  9.70376123e+01  7.94328235e+04 -1.52234663e-01 
 8.57695899e+04  9.70376072e+01  8.57695899e+04 -1.64379152e-01 
 9.26118728e+04  9.70376012e+01  9.26118728e+04 -1.77492455e-01 
 1.00000000e+05  9.70375942e+01  1.00000000e+05 -1.91651856e-01 
 1.07977516e+05  9.70375861e+01  1.07977516e+05 -2.06940802e-01 
 1.16591440e+05  9.70375767e+01  1.16591440e+05 -2.23449397e-01 
 1.25892541e+05  9.70375657e+01  1.25892541e+05 -2.41274931e-01 
 1.35935639e+05  9.70375529e+01  1.35935639e+05 -2.60522455e-01 
 1.46779927e+05  9.70375379e+01  1.46779927e+05 -2.81305395e-01 
 1.58489319e+05  9.70375204e+01  1.58489319e+05 -3.03746225e-01 
 1.71132830e+05  9.70375001e+01  1.71132830e+05 -3.27977184e-01 
 1.84784980e+05  9.70374764e+01  1.84784980e+05 -3.54141056e-01 
 1.99526231e+05  9.70374487e+01  1.99526231e+05 -3.82392010e-01 
 2.15443469e+05  9.70374165e+01  2.15443469e+05 -4.12896506e-01 
 2.32630507e+05  9.70373789e+01  2.32630507e+05 -4.45834273e-01 
 2.51188643e+05  9.70373351e+01  2.51188643e+05 -4.81399365e-01 
 2.71227258e+05  9.70372840e+01  2.71227258e+05 -5.19801304e-01 
 2.92864456e+05  9.70372244e+01  2.92864456e+05 -5.61266305e-01 
 3.16227766e+05  9.70371549e+01  3.16227766e+05 -6.06038605e-01 
 3.41454887e+05  9.70370739e+01  3.41454887e+05 -6.54381895e-01 
 3.68694506e+05  9.70369795e+01  3.68694506e+05 -7.06580863e-01 
 3.98107171e+05  9.70368694e+01  3.98107171e+05 -7.62942858e-01 
 4.29866235e+05  9.70367411e+01  4.29866235e+05 -8.23799689e-01 
 4.64158883e+05  9.70365914e+01  4.64158883e+05 -8.89509557e-01 
 5.01187234e+05  9.70364169e+01  5.01187234e+05 -9.60459139e-01 
 5.41169527e+05  9.70362135e+01  5.41169527e+05 -1.03706584e+00 
 5.84341413e+05  9.70359764e+01  5.84341413e+05 -1.11978021e+00 
 6.30957344e+05  9.70356999e+01  6.30957344e+05 -1.20908854e+00 
 6.81292069e+05  9.70353776e+01  6.81292069e+05 -1.30551568e+00 
 7.35642254e+05  9.70350018e+01  7.35642254e+05 -1.40962804e+00 
 7.94328235e+05  9.70345637e+01  7.94328235e+05 -1.52203683e+00 
 8.57695899e+05  9.70340529e+01  8.57695899e+05 -1.64340153e+00 
 9.26118728e+05  9.70334574e+01  9.26118728e+05 -1.77443362e+00 
 1.00000000e+06  9.70327633e+01  1.00000000e+06 -1.91590057e+00 
 1.07977516e+06  9.70319540e+01  1.07977516e+06 -2.06863011e+00 
 1.16591440e+06  9.70310107e+01  1.16591440e+06 -2.23351477e+00 
 1.25892541e+06  9.70299110e+01  1.25892541e+06 -2.41151676e+00 
 1.35935639e+06  9.70286291e+01  1.35935639e+06 -2.60367314e+00 
 1.46779927e+06  9.70271348e+01  1.46779927e+06 -2.81110124e+00 
 1.58489319e+06  9.70253932e+01  1.58489319e+06 -3.03500453e+00 
 1.71132830e+06  9.70233631e+01  1.71132830e+06 -3.27667862e+00 
 1.84784980e+06  9.70209972e+01  1.84784980e+06 -3.53751771e+00 
 1.99526231e+06  9.70182399e+01  1.99526231e+06 -3.81902117e+00 
 2.15443469e+06  9.70150267e+01  2.15443469e+06 -4.12280042e+00 
 2.32630507e+06  9.70112825e+01  2.32630507e+06 -4.45058593e+00 
 2.51188643e+06  9.70069201e+01  2.51188643e+06 -4.80423431e+00 
 2.71227258e+06  9.70018378e+01  2.71227258e+06 -5.18573539e+00 
 2.92864456e+06  9.69959178e+01  2.92864456e+06 -5.59721902e+00 
 3.16227766e+06  9.69890227e+01  3.16227766e+06 -6.04096163e+00 
 3.41454887e+06  9.69809935e+01  3.41454887e+06 -6.51939204e+00 
 3.68694506e+06  9.69716455e+01  3.68694506e+06 -7.03509639e+00 
 3.98107171e+06  9.69607645e+01  3.98107171e+06 -7.59082170e+00 
 4.29866235e+06  9.69481022e+01  4.29866235e+06 -8.18947762e+00 
 4.64158883e+06  9.69333717e+01  4.64158883e+06 -8.83413566e+00 
 5.01187234e+06  9.69162409e+01  5.01187234e+06 -9.52802526e+00 
 5.41169527e+06  9.68963265e+01  5.41169527e+06 -1.02745258e+01 
 5.84341413e+06  9.68731863e+01  5.84341413e+06 -1.10771531e+01 
 6.30957344e+06  9.68463115e+01  6.30957344e+06 -1.19395400e+01 
 6.81292069e+06  9.68151169e+01  6.81292069e+06 -1.28654081e+01 
 7.35642254e+06  9.67789310e+01  7.35642254e+06 -1.38585302e+01 
 7.94328235e+06  9.67369845e+01  7.94328235e+06 -1.49226804e+01 
 8.57695899e+06  9.66883973e+01  8.57695899e+06 -1.60615688e+01 
 9.26118728e+06  9.66321644e+01  9.26118728e+06 -1.72787587e+01 
 1.00000000e+07  9.65671389e+01  1.00000000e+07 -1.85775590e+01 
 1.07977516e+07  9.64920127e+01  1.07977516e+07 -1.99608857e+01 
 1.16591440e+07  9.64052918e+01  1.16591440e+07 -2.14310786e+01 
 1.25892541e+07  9.63052657e+01  1.25892541e+07 -2.29896473e+01 
 1.35935639e+07  9.61899661e+01  1.35935639e+07 -2.46369015e+01 
 1.46779927e+07  9.60571114e+01  1.46779927e+07 -2.63713693e+01 
 1.58489319e+07  9.59040343e+01  1.58489319e+07 -2.81888193e+01 
 1.71132830e+07  9.57276033e+01  1.71132830e+07 -3.00805163e+01 
 1.84784980e+07  9.55241912e+01  1.84784980e+07 -3.20300177e+01 
 1.99526231e+07  9.52898904e+01  1.99526231e+07 -3.40073992e+01 
 2.15443469e+07  9.50215591e+01  2.15443469e+07 -3.59600094e+01 
 2.32630507e+07  9.47200565e+01  2.32630507e+07 -3.78032741e+01 
 2.51188643e+07  9.43971813e+01  2.51188643e+07 -3.94332946e+01 
 2.71227258e+07  9.40818107e+01  2.71227258e+07 -4.08117700e+01 
 2.92864456e+07  9.38053902e+01  2.92864456e+07 -4.21053603e+01 
 3.16227766e+07  9.35642217e+01  3.16227766e+07 -4.36251290e+01 
 3.41454887e+07  9.33182836e+01  3.41454887e+07 -4.55173553e+01 
 3.68694506e+07  9.30337454e+01  3.68694506e+07 -4.76862486e+01 
 3.98107171e+07  9.27006370e+01  3.98107171e+07 -4.99741996e+01 
 4.29866235e+07  9.23224706e+01  4.29866235e+07 -5.22714152e+01 
 4.64158883e+07  9.19059799e+01  4.64158883e+07 -5.45200035e+01 
 5.01187234e+07  9.14572682e+01  5.01187234e+07 -5.66924366e+01 
 5.41169527e+07  9.09811493e+01  5.41169527e+07 -5.87759529e+01 
 5.84341413e+07  9.04813745e+01  5.84341413e+07 -6.07646635e+01 
 6.30957344e+07  8.99609541e+01  6.30957344e+07 -6.26560230e+01 
 6.81292069e+07  8.94223948e+01  6.81292069e+07 -6.44493195e+01 
 7.35642254e+07  8.88678505e+01  7.35642254e+07 -6.61450222e+01 
 7.94328235e+07  8.82992116e+01  7.94328235e+07 -6.77444752e+01 
 8.57695899e+07  8.77181587e+01  8.57695899e+07 -6.92497237e+01 
 9.26118728e+07  8.71261937e+01  9.26118728e+07 -7.06633875e+01 
 1.00000000e+08  8.65246610e+01  1.00000000e+08 -7.19885524e+01 
 1.07977516e+08  8.59147615e+01  1.07977516e+08 -7.32286690e+01 
 1.16591440e+08  8.52975643e+01  1.16591440e+08 -7.43874573e+01 
 1.25892541e+08  8.46740164e+01  1.25892541e+08 -7.54688188e+01 
 1.35935639e+08  8.40449526e+01  1.35935639e+08 -7.64767543e+01 
 1.46779927e+08  8.34111041e+01  1.46779927e+08 -7.74152914e+01 
 1.58489319e+08  8.27731086e+01  1.58489319e+08 -7.82884197e+01 
 1.71132830e+08  8.21315197e+01  1.71132830e+08 -7.91000372e+01 
 1.84784980e+08  8.14868168e+01  1.84784980e+08 -7.98539081e+01 
 1.99526231e+08  8.08394152e+01  1.99526231e+08 -8.05536338e+01 
 2.15443469e+08  8.01896751e+01  2.15443469e+08 -8.12026363e+01 
 2.32630507e+08  7.95379102e+01  2.32630507e+08 -8.18041542e+01 
 2.51188643e+08  7.88843941e+01  2.51188643e+08 -8.23612454e+01 
 2.71227258e+08  7.82293660e+01  2.71227258e+08 -8.28767962e+01 
 2.92864456e+08  7.75730348e+01  2.92864456e+08 -8.33535298e+01 
 3.16227766e+08  7.69155816e+01  3.16227766e+08 -8.37940137e+01 
 3.41454887e+08  7.62571625e+01  3.41454887e+08 -8.42006643e+01 
 3.68694506e+08  7.55979103e+01  3.68694506e+08 -8.45757481e+01 
 3.98107171e+08  7.49379366e+01  3.98107171e+08 -8.49213809e+01 
 4.29866235e+08  7.42773339e+01  4.29866235e+08 -8.52395261e+01 
 4.64158883e+08  7.36161779e+01  4.64158883e+08 -8.55319928e+01 
 5.01187234e+08  7.29545301e+01  5.01187234e+08 -8.58004359e+01 
 5.41169527e+08  7.22924402e+01  5.41169527e+08 -8.60463574e+01 
 5.84341413e+08  7.16299488e+01  5.84341413e+08 -8.62711107e+01 
 6.30957344e+08  7.09670892e+01  6.30957344e+08 -8.64759063e+01 
 6.81292069e+08  7.03038901e+01  6.81292069e+08 -8.66618201e+01 
 7.35642254e+08  6.96403769e+01  7.35642254e+08 -8.68298031e+01 
 7.94328235e+08  6.89765729e+01  7.94328235e+08 -8.69806904e+01 
 8.57695899e+08  6.83125005e+01  8.57695899e+08 -8.71152123e+01 
 9.26118728e+08  6.76481817e+01  9.26118728e+08 -8.72340025e+01 
 1.00000000e+09  6.69836384e+01  1.00000000e+09 -8.73376070e+01 
