 1.00000000e+00  9.69530284e+01  1.00000000e+00 -1.90157198e-06 
 1.07977516e+00  9.69530284e+01  1.07977516e+00 -2.05327019e-06 
 1.16591440e+00  9.69530284e+01  1.16591440e+00 -2.21707016e-06 
 1.25892541e+00  9.69530284e+01  1.25892541e+00 -2.39393729e-06 
 1.35935639e+00  9.69530284e+01  1.35935639e+00 -2.58491403e-06 
 1.46779927e+00  9.69530284e+01  1.46779927e+00 -2.79112596e-06 
 1.58489319e+00  9.69530284e+01  1.58489319e+00 -3.01378849e-06 
 1.71132830e+00  9.69530284e+01  1.71132830e+00 -3.25421395e-06 
 1.84784980e+00  9.69530284e+01  1.84784980e+00 -3.51381940e-06 
 1.99526231e+00  9.69530284e+01  1.99526231e+00 -3.79413491e-06 
 2.15443469e+00  9.69530284e+01  2.15443469e+00 -4.09681264e-06 
 2.32630507e+00  9.69530284e+01  2.32630507e+00 -4.42363653e-06 
 2.51188643e+00  9.69530284e+01  2.51188643e+00 -4.77653286e-06 
 2.71227258e+00  9.69530284e+01  2.71227258e+00 -5.15758154e-06 
 2.92864456e+00  9.69530284e+01  2.92864456e+00 -5.56902845e-06 
 3.16227766e+00  9.69530284e+01  3.16227766e+00 -6.01329859e-06 
 3.41454887e+00  9.69530284e+01  3.41454887e+00 -6.49301047e-06 
 3.68694506e+00  9.69530284e+01  3.68694506e+00 -7.01099143e-06 
 3.98107171e+00  9.69530284e+01  3.98107171e+00 -7.57029441e-06 
 4.29866235e+00  9.69530284e+01  4.29866235e+00 -8.17421587e-06 
 4.64158883e+00  9.69530284e+01  4.64158883e+00 -8.82631527e-06 
 5.01187234e+00  9.69530284e+01  5.01187234e+00 -9.53043601e-06 
 5.41169527e+00  9.69530284e+01  5.41169527e+00 -1.02907281e-05 
 5.84341413e+00  9.69530284e+01  5.84341413e+00 -1.11116726e-05 
 6.30957344e+00  9.69530284e+01  6.30957344e+00 -1.19981081e-05 
 6.81292069e+00  9.69530284e+01  6.81292069e+00 -1.29552591e-05 
 7.35642254e+00  9.69530284e+01  7.35642254e+00 -1.39887670e-05 
 7.94328235e+00  9.69530284e+01  7.94328235e+00 -1.51047231e-05 
 8.57695899e+00  9.69530284e+01  8.57695899e+00 -1.63097049e-05 
 9.26118728e+00  9.69530284e+01  9.26118728e+00 -1.76108142e-05 
 1.00000000e+01  9.69530284e+01  1.00000000e+01 -1.90157198e-05 
 1.07977516e+01  9.69530284e+01  1.07977516e+01 -2.05327019e-05 
 1.16591440e+01  9.69530284e+01  1.16591440e+01 -2.21707016e-05 
 1.25892541e+01  9.69530284e+01  1.25892541e+01 -2.39393729e-05 
 1.35935639e+01  9.69530284e+01  1.35935639e+01 -2.58491403e-05 
 1.46779927e+01  9.69530284e+01  1.46779927e+01 -2.79112596e-05 
 1.58489319e+01  9.69530284e+01  1.58489319e+01 -3.01378849e-05 
 1.71132830e+01  9.69530284e+01  1.71132830e+01 -3.25421395e-05 
 1.84784980e+01  9.69530284e+01  1.84784980e+01 -3.51381940e-05 
 1.99526231e+01  9.69530284e+01  1.99526231e+01 -3.79413491e-05 
 2.15443469e+01  9.69530284e+01  2.15443469e+01 -4.09681264e-05 
 2.32630507e+01  9.69530284e+01  2.32630507e+01 -4.42363653e-05 
 2.51188643e+01  9.69530284e+01  2.51188643e+01 -4.77653286e-05 
 2.71227258e+01  9.69530284e+01  2.71227258e+01 -5.15758154e-05 
 2.92864456e+01  9.69530284e+01  2.92864456e+01 -5.56902845e-05 
 3.16227766e+01  9.69530284e+01  3.16227766e+01 -6.01329859e-05 
 3.41454887e+01  9.69530284e+01  3.41454887e+01 -6.49301047e-05 
 3.68694506e+01  9.69530284e+01  3.68694506e+01 -7.01099143e-05 
 3.98107171e+01  9.69530284e+01  3.98107171e+01 -7.57029441e-05 
 4.29866235e+01  9.69530284e+01  4.29866235e+01 -8.17421587e-05 
 4.64158883e+01  9.69530284e+01  4.64158883e+01 -8.82631527e-05 
 5.01187234e+01  9.69530284e+01  5.01187234e+01 -9.53043601e-05 
 5.41169527e+01  9.69530284e+01  5.41169527e+01 -1.02907281e-04 
 5.84341413e+01  9.69530284e+01  5.84341413e+01 -1.11116726e-04 
 6.30957344e+01  9.69530284e+01  6.30957344e+01 -1.19981081e-04 
 6.81292069e+01  9.69530284e+01  6.81292069e+01 -1.29552591e-04 
 7.35642254e+01  9.69530284e+01  7.35642254e+01 -1.39887670e-04 
 7.94328235e+01  9.69530284e+01  7.94328235e+01 -1.51047231e-04 
 8.57695899e+01  9.69530284e+01  8.57695899e+01 -1.63097049e-04 
 9.26118728e+01  9.69530284e+01  9.26118728e+01 -1.76108142e-04 
 1.00000000e+02  9.69530284e+01  1.00000000e+02 -1.90157198e-04 
 1.07977516e+02  9.69530284e+01  1.07977516e+02 -2.05327019e-04 
 1.16591440e+02  9.69530284e+01  1.16591440e+02 -2.21707016e-04 
 1.25892541e+02  9.69530284e+01  1.25892541e+02 -2.39393729e-04 
 1.35935639e+02  9.69530284e+01  1.35935639e+02 -2.58491403e-04 
 1.46779927e+02  9.69530284e+01  1.46779927e+02 -2.79112596e-04 
 1.58489319e+02  9.69530284e+01  1.58489319e+02 -3.01378849e-04 
 1.71132830e+02  9.69530284e+01  1.71132830e+02 -3.25421395e-04 
 1.84784980e+02  9.69530284e+01  1.84784980e+02 -3.51381940e-04 
 1.99526231e+02  9.69530284e+01  1.99526231e+02 -3.79413491e-04 
 2.15443469e+02  9.69530284e+01  2.15443469e+02 -4.09681264e-04 
 2.32630507e+02  9.69530284e+01  2.32630507e+02 -4.42363653e-04 
 2.51188643e+02  9.69530284e+01  2.51188643e+02 -4.77653286e-04 
 2.71227258e+02  9.69530284e+01  2.71227258e+02 -5.15758154e-04 
 2.92864456e+02  9.69530284e+01  2.92864456e+02 -5.56902845e-04 
 3.16227766e+02  9.69530284e+01  3.16227766e+02 -6.01329859e-04 
 3.41454887e+02  9.69530284e+01  3.41454887e+02 -6.49301047e-04 
 3.68694506e+02  9.69530284e+01  3.68694506e+02 -7.01099143e-04 
 3.98107171e+02  9.69530284e+01  3.98107171e+02 -7.57029441e-04 
 4.29866235e+02  9.69530284e+01  4.29866235e+02 -8.17421587e-04 
 4.64158883e+02  9.69530284e+01  4.64158883e+02 -8.82631527e-04 
 5.01187234e+02  9.69530284e+01  5.01187234e+02 -9.53043601e-04 
 5.41169527e+02  9.69530284e+01  5.41169527e+02 -1.02907281e-03 
 5.84341413e+02  9.69530284e+01  5.84341413e+02 -1.11116726e-03 
 6.30957344e+02  9.69530284e+01  6.30957344e+02 -1.19981081e-03 
 6.81292069e+02  9.69530284e+01  6.81292069e+02 -1.29552591e-03 
 7.35642254e+02  9.69530284e+01  7.35642254e+02 -1.39887670e-03 
 7.94328235e+02  9.69530284e+01  7.94328235e+02 -1.51047231e-03 
 8.57695899e+02  9.69530284e+01  8.57695899e+02 -1.63097049e-03 
 9.26118728e+02  9.69530284e+01  9.26118728e+02 -1.76108142e-03 
 1.00000000e+03  9.69530284e+01  1.00000000e+03 -1.90157198e-03 
 1.07977516e+03  9.69530284e+01  1.07977516e+03 -2.05327019e-03 
 1.16591440e+03  9.69530284e+01  1.16591440e+03 -2.21707016e-03 
 1.25892541e+03  9.69530284e+01  1.25892541e+03 -2.39393729e-03 
 1.35935639e+03  9.69530284e+01  1.35935639e+03 -2.58491402e-03 
 1.46779927e+03  9.69530284e+01  1.46779927e+03 -2.79112596e-03 
 1.58489319e+03  9.69530284e+01  1.58489319e+03 -3.01378849e-03 
 1.71132830e+03  9.69530284e+01  1.71132830e+03 -3.25421395e-03 
 1.84784980e+03  9.69530284e+01  1.84784980e+03 -3.51381940e-03 
 1.99526231e+03  9.69530284e+01  1.99526231e+03 -3.79413491e-03 
 2.15443469e+03  9.69530284e+01  2.15443469e+03 -4.09681264e-03 
 2.32630507e+03  9.69530284e+01  2.32630507e+03 -4.42363653e-03 
 2.51188643e+03  9.69530284e+01  2.51188643e+03 -4.77653285e-03 
 2.71227258e+03  9.69530284e+01  2.71227258e+03 -5.15758153e-03 
 2.92864456e+03  9.69530284e+01  2.92864456e+03 -5.56902843e-03 
 3.16227766e+03  9.69530284e+01  3.16227766e+03 -6.01329858e-03 
 3.41454887e+03  9.69530284e+01  3.41454887e+03 -6.49301044e-03 
 3.68694506e+03  9.69530284e+01  3.68694506e+03 -7.01099140e-03 
 3.98107171e+03  9.69530284e+01  3.98107171e+03 -7.57029437e-03 
 4.29866235e+03  9.69530283e+01  4.29866235e+03 -8.17421583e-03 
 4.64158883e+03  9.69530283e+01  4.64158883e+03 -8.82631521e-03 
 5.01187234e+03  9.69530283e+01  5.01187234e+03 -9.53043593e-03 
 5.41169527e+03  9.69530283e+01  5.41169527e+03 -1.02907280e-02 
 5.84341413e+03  9.69530283e+01  5.84341413e+03 -1.11116725e-02 
 6.30957344e+03  9.69530282e+01  6.30957344e+03 -1.19981079e-02 
 6.81292069e+03  9.69530282e+01  6.81292069e+03 -1.29552589e-02 
 7.35642254e+03  9.69530282e+01  7.35642254e+03 -1.39887668e-02 
 7.94328235e+03  9.69530281e+01  7.94328235e+03 -1.51047228e-02 
 8.57695899e+03  9.69530281e+01  8.57695899e+03 -1.63097045e-02 
 9.26118728e+03  9.69530280e+01  9.26118728e+03 -1.76108138e-02 
 1.00000000e+04  9.69530280e+01  1.00000000e+04 -1.90157192e-02 
 1.07977516e+04  9.69530279e+01  1.07977516e+04 -2.05327012e-02 
 1.16591440e+04  9.69530278e+01  1.16591440e+04 -2.21707006e-02 
 1.25892541e+04  9.69530277e+01  1.25892541e+04 -2.39393717e-02 
 1.35935639e+04  9.69530275e+01  1.35935639e+04 -2.58491388e-02 
 1.46779927e+04  9.69530274e+01  1.46779927e+04 -2.79112577e-02 
 1.58489319e+04  9.69530272e+01  1.58489319e+04 -3.01378825e-02 
 1.71132830e+04  9.69530270e+01  1.71132830e+04 -3.25421365e-02 
 1.84784980e+04  9.69530268e+01  1.84784980e+04 -3.51381902e-02 
 1.99526231e+04  9.69530265e+01  1.99526231e+04 -3.79413444e-02 
 2.15443469e+04  9.69530262e+01  2.15443469e+04 -4.09681204e-02 
 2.32630507e+04  9.69530258e+01  2.32630507e+04 -4.42363578e-02 
 2.51188643e+04  9.69530254e+01  2.51188643e+04 -4.77653191e-02 
 2.71227258e+04  9.69530249e+01  2.71227258e+04 -5.15758035e-02 
 2.92864456e+04  9.69530243e+01  2.92864456e+04 -5.56902695e-02 
 3.16227766e+04  9.69530236e+01  3.16227766e+04 -6.01329671e-02 
 3.41454887e+04  9.69530228e+01  3.41454887e+04 -6.49300809e-02 
 3.68694506e+04  9.69530219e+01  3.68694506e+04 -7.01098844e-02 
 3.98107171e+04  9.69530208e+01  3.98107171e+04 -7.57029064e-02 
 4.29866235e+04  9.69530196e+01  4.29866235e+04 -8.17421113e-02 
 4.64158883e+04  9.69530181e+01  4.64158883e+04 -8.82630930e-02 
 5.01187234e+04  9.69530164e+01  5.01187234e+04 -9.53042849e-02 
 5.41169527e+04  9.69530144e+01  5.41169527e+04 -1.02907186e-01 
 5.84341413e+04  9.69530120e+01  5.84341413e+04 -1.11116607e-01 
 6.30957344e+04  9.69530093e+01  6.30957344e+04 -1.19980931e-01 
 6.81292069e+04  9.69530061e+01  6.81292069e+04 -1.29552402e-01 
 7.35642254e+04  9.69530024e+01  7.35642254e+04 -1.39887432e-01 
 7.94328235e+04  9.69529981e+01  7.94328235e+04 -1.51046932e-01 
 8.57695899e+04  9.69529931e+01  8.57695899e+04 -1.63096672e-01 
 9.26118728e+04  9.69529872e+01  9.26118728e+04 -1.76107668e-01 
 1.00000000e+05  9.69529804e+01  1.00000000e+05 -1.90156601e-01 
 1.07977516e+05  9.69529724e+01  1.07977516e+05 -2.05326268e-01 
 1.16591440e+05  9.69529631e+01  1.16591440e+05 -2.21706069e-01 
 1.25892541e+05  9.69529522e+01  1.25892541e+05 -2.39392537e-01 
 1.35935639e+05  9.69529396e+01  1.35935639e+05 -2.58489902e-01 
 1.46779927e+05  9.69529249e+01  1.46779927e+05 -2.79110708e-01 
 1.58489319e+05  9.69529077e+01  1.58489319e+05 -3.01376471e-01 
 1.71132830e+05  9.69528876e+01  1.71132830e+05 -3.25418402e-01 
 1.84784980e+05  9.69528643e+01  1.84784980e+05 -3.51378172e-01 
 1.99526231e+05  9.69528370e+01  1.99526231e+05 -3.79408747e-01 
 2.15443469e+05  9.69528053e+01  2.15443469e+05 -4.09675292e-01 
 2.32630507e+05  9.69527683e+01  2.32630507e+05 -4.42356135e-01 
 2.51188643e+05  9.69527251e+01  2.51188643e+05 -4.77643821e-01 
 2.71227258e+05  9.69526748e+01  2.71227258e+05 -5.15746238e-01 
 2.92864456e+05  9.69526161e+01  2.92864456e+05 -5.56887844e-01 
 3.16227766e+05  9.69525477e+01  3.16227766e+05 -6.01310975e-01 
 3.41454887e+05  9.69524679e+01  3.41454887e+05 -6.49277272e-01 
 3.68694506e+05  9.69523749e+01  3.68694506e+05 -7.01069213e-01 
 3.98107171e+05  9.69522665e+01  3.98107171e+05 -7.56991762e-01 
 4.29866235e+05  9.69521401e+01  4.29866235e+05 -8.17374154e-01 
 4.64158883e+05  9.69519927e+01  4.64158883e+05 -8.82571813e-01 
 5.01187234e+05  9.69518209e+01  5.01187234e+05 -9.52968427e-01 
 5.41169527e+05  9.69516206e+01  5.41169527e+05 -1.02897817e+00 
 5.84341413e+05  9.69513870e+01  5.84341413e+05 -1.11104812e+00 
 6.30957344e+05  9.69511148e+01  6.30957344e+05 -1.19966083e+00 
 6.81292069e+05  9.69507973e+01  6.81292069e+05 -1.29533711e+00 
 7.35642254e+05  9.69504272e+01  7.35642254e+05 -1.39863902e+00 
 7.94328235e+05  9.69499957e+01  7.94328235e+05 -1.51017312e+00 
 8.57695899e+05  9.69494927e+01  8.57695899e+05 -1.63059385e+00 
 9.26118728e+05  9.69489062e+01  9.26118728e+05 -1.76060730e+00 
 1.00000000e+06  9.69482226e+01  1.00000000e+06 -1.90097515e+00 
 1.07977516e+06  9.69474256e+01  1.07977516e+06 -2.05251892e+00 
 1.16591440e+06  9.69464964e+01  1.16591440e+06 -2.21612448e+00 
 1.25892541e+06  9.69454133e+01  1.25892541e+06 -2.39274693e+00 
 1.35935639e+06  9.69441508e+01  1.35935639e+06 -2.58341571e+00 
 1.46779927e+06  9.69426790e+01  1.46779927e+06 -2.78924008e+00 
 1.58489319e+06  9.69409636e+01  1.58489319e+06 -3.01141487e+00 
 1.71132830e+06  9.69389640e+01  1.71132830e+06 -3.25122658e+00 
 1.84784980e+06  9.69366335e+01  1.84784980e+06 -3.51005973e+00 
 1.99526231e+06  9.69339175e+01  1.99526231e+06 -3.78940355e+00 
 2.15443469e+06  9.69307522e+01  2.15443469e+06 -4.09085882e+00 
 2.32630507e+06  9.69270638e+01  2.32630507e+06 -4.41614494e+00 
 2.51188643e+06  9.69227660e+01  2.51188643e+06 -4.76710710e+00 
 2.71227258e+06  9.69177589e+01  2.71227258e+06 -5.14572341e+00 
 2.92864456e+06  9.69119258e+01  2.92864456e+06 -5.55411193e+00 
 3.16227766e+06  9.69051316e+01  3.16227766e+06 -5.99453734e+00 
 3.41454887e+06  9.68972191e+01  3.41454887e+06 -6.46941706e+00 
 3.68694506e+06  9.68880059e+01  3.68694506e+06 -6.98132649e+00 
 3.98107171e+06  9.68772803e+01  3.98107171e+06 -7.53300303e+00 
 4.29866235e+06  9.68647971e+01  4.29866235e+06 -8.12734834e+00 
 4.64158883e+06  9.68502722e+01  4.64158883e+06 -8.76742832e+00 
 5.01187234e+06  9.68333769e+01  5.01187234e+06 -9.45647005e+00 
 5.41169527e+06  9.68137313e+01  5.41169527e+06 -1.01978548e+01 
 5.84341413e+06  9.67908968e+01  5.84341413e+06 -1.09951061e+01 
 6.30957344e+06  9.67643676e+01  6.30957344e+06 -1.18518715e+01 
 6.81292069e+06  9.67335612e+01  6.81292069e+06 -1.27718964e+01 
 7.35642254e+06  9.66978080e+01  7.35642254e+06 -1.37589885e+01 
 7.94328235e+06  9.66563383e+01  7.94328235e+06 -1.48169700e+01 
 8.57695899e+06  9.66082692e+01  8.57695899e+06 -1.59496146e+01 
 9.26118728e+06  9.65525883e+01  9.26118728e+06 -1.71605653e+01 
 1.00000000e+07  9.64881344e+01  1.00000000e+07 -1.84532274e+01 
 1.07977516e+07  9.64135746e+01  1.07977516e+07 -1.98306255e+01 
 1.16591440e+07  9.63273751e+01  1.16591440e+07 -2.12952080e+01 
 1.25892541e+07  9.62277622e+01  1.25892541e+07 -2.28485663e+01 
 1.35935639e+07  9.61126714e+01  1.35935639e+07 -2.44910051e+01 
 1.46779927e+07  9.59796769e+01  1.46779927e+07 -2.62208394e+01 
 1.58489319e+07  9.58259029e+01  1.58489319e+07 -2.80331658e+01 
 1.71132830e+07  9.56479359e+01  1.71132830e+07 -2.99176197e+01 
 1.84784980e+07  9.54418254e+01  1.84784980e+07 -3.18542184e+01 
 1.99526231e+07  9.52034809e+01  1.99526231e+07 -3.38059870e+01 
 2.15443469e+07  9.49303199e+01  2.15443469e+07 -3.57080468e+01 
 2.32630507e+07  9.46259014e+01  2.32630507e+07 -3.74609870e+01 
 2.51188643e+07  9.43082788e+01  2.51188643e+07 -3.89627206e+01 
 2.71227258e+07  9.40122513e+01  2.71227258e+07 -4.02305047e+01 
 2.92864456e+07  9.37628260e+01  2.92864456e+07 -4.15163041e+01 
 3.16227766e+07  9.35401757e+01  3.16227766e+07 -4.31241575e+01 
 3.41454887e+07  9.32998641e+01  3.41454887e+07 -4.51125614e+01 
 3.68694506e+07  9.30148367e+01  3.68694506e+07 -4.73406660e+01 
 3.98107171e+07  9.26806116e+01  3.98107171e+07 -4.96568044e+01 
 4.29866235e+07  9.23024221e+01  4.29866235e+07 -5.19668425e+01 
 4.64158883e+07  9.18870027e+01  4.64158883e+07 -5.42228320e+01 
 5.01187234e+07  9.14400737e+01  5.01187234e+07 -5.64017838e+01 
 5.41169527e+07  9.09661058e+01  5.41169527e+07 -5.84926103e+01 
 5.84341413e+07  9.04686166e+01  5.84341413e+07 -6.04898385e+01 
 6.30957344e+07  8.99504724e+01  6.30957344e+07 -6.23908454e+01 
 6.81292069e+07  8.94140962e+01  6.81292069e+07 -6.41946769e+01 
 7.35642254e+07  8.88615969e+01  7.35642254e+07 -6.59015298e+01 
 7.94328235e+07  8.82948439e+01  7.94328235e+07 -6.75124973e+01 
 8.57695899e+07  8.77155112e+01  8.57695899e+07 -6.90294116e+01 
 9.26118728e+07  8.71251033e+01  9.26118728e+07 -7.04547211e+01 
 1.00000000e+08  8.65249720e+01  1.00000000e+08 -7.17913784e+01 
 1.07977516e+08  8.59163283e+01  1.07977516e+08 -7.30427346e+01 
 1.16591440e+08  8.53002525e+01  1.16591440e+08 -7.42124379e+01 
 1.25892541e+08  8.46777025e+01  1.25892541e+08 -7.53043396e+01 
 1.35935639e+08  8.40495234e+01  1.35935639e+08 -7.63224064e+01 
 1.46779927e+08  8.34164559e+01  1.46779927e+08 -7.72706423e+01 
 1.58489319e+08  8.27791461e+01  1.58489319e+08 -7.81530201e+01 
 1.71132830e+08  8.21381554e+01  1.71132830e+08 -7.89734243e+01 
 1.84784980e+08  8.14939707e+01  1.84784980e+08 -7.97356081e+01 
 1.99526231e+08  8.08470146e+01  1.99526231e+08 -8.04431634e+01 
 2.15443469e+08  8.01976546e+01  2.15443469e+08 -8.10995062e+01 
 2.32630507e+08  7.95462119e+01  2.32630507e+08 -8.17078727e+01 
 2.51188643e+08  7.88929673e+01  2.51188643e+08 -8.22713234e+01 
 2.71227258e+08  7.82381671e+01  2.71227258e+08 -8.27927520e+01 
 2.92864456e+08  7.75820268e+01  2.92864456e+08 -8.32748940e+01 
 3.16227766e+08  7.69247335e+01  3.16227766e+08 -8.37203329e+01 
 3.41454887e+08  7.62664488e+01  3.41454887e+08 -8.41315038e+01 
 3.68694506e+08  7.56073101e+01  3.68694506e+08 -8.45106941e+01 
 3.98107171e+08  7.49474332e+01  3.98107171e+08 -8.48600411e+01 
 4.29866235e+08  7.42869139e+01  4.29866235e+08 -8.51815302e+01 
 4.64158883e+08  7.36258311e+01  4.64158883e+08 -8.54769924e+01 
 5.01187234e+08  7.29642484e+01  5.01187234e+08 -8.57481037e+01 
 5.41169527e+08  7.23022175e+01  5.41169527e+08 -8.59963861e+01 
 5.84341413e+08  7.16397803e+01  5.84341413e+08 -8.62232113e+01 
 6.30957344e+08  7.09769714e+01  6.30957344e+08 -8.64298065e+01 
 6.81292069e+08  7.03138201e+01  6.81292069e+08 -8.66172622e+01 
 7.35642254e+08  6.96503523e+01  7.35642254e+08 -8.67865413e+01 
 7.94328235e+08  6.89865915e+01  7.94328235e+08 -8.69384893e+01 
 8.57695899e+08  6.83225606e+01  8.57695899e+08 -8.70738436e+01 
 9.26118728e+08  6.76582814e+01  9.26118728e+08 -8.71932436e+01 
 1.00000000e+09  6.69937763e+01  1.00000000e+09 -8.72972385e+01 
