 1.00000000e+00  9.72114975e+01  1.00000000e+00 -1.95646956e-06 
 1.07977516e+00  9.72114975e+01  1.07977516e+00 -2.11254724e-06 
 1.16591440e+00  9.72114975e+01  1.16591440e+00 -2.28107604e-06 
 1.25892541e+00  9.72114975e+01  1.25892541e+00 -2.46304925e-06 
 1.35935639e+00  9.72114975e+01  1.35935639e+00 -2.65953941e-06 
 1.46779927e+00  9.72114975e+01  1.46779927e+00 -2.87170459e-06 
 1.58489319e+00  9.72114975e+01  1.58489319e+00 -3.10079529e-06 
 1.71132830e+00  9.72114975e+01  1.71132830e+00 -3.34816174e-06 
 1.84784980e+00  9.72114975e+01  1.84784980e+00 -3.61526189e-06 
 1.99526231e+00  9.72114975e+01  1.99526231e+00 -3.90366999e-06 
 2.15443469e+00  9.72114975e+01  2.15443469e+00 -4.21508590e-06 
 2.32630507e+00  9.72114975e+01  2.32630507e+00 -4.55134506e-06 
 2.51188643e+00  9.72114975e+01  2.51188643e+00 -4.91442935e-06 
 2.71227258e+00  9.72114975e+01  2.71227258e+00 -5.30647875e-06 
 2.92864456e+00  9.72114975e+01  2.92864456e+00 -5.72980396e-06 
 3.16227766e+00  9.72114975e+01  3.16227766e+00 -6.18690000e-06 
 3.41454887e+00  9.72114975e+01  3.41454887e+00 -6.68046095e-06 
 3.68694506e+00  9.72114975e+01  3.68694506e+00 -7.21339580e-06 
 3.98107171e+00  9.72114975e+01  3.98107171e+00 -7.78884562e-06 
 4.29866235e+00  9.72114975e+01  4.29866235e+00 -8.41020205e-06 
 4.64158883e+00  9.72114975e+01  4.64158883e+00 -9.08112728e-06 
 5.01187234e+00  9.72114975e+01  5.01187234e+00 -9.80557569e-06 
 5.41169527e+00  9.72114975e+01  5.41169527e+00 -1.05878171e-05 
 5.84341413e+00  9.72114975e+01  5.84341413e+00 -1.14324619e-05 
 6.30957344e+00  9.72114975e+01  6.30957344e+00 -1.23444884e-05 
 6.81292069e+00  9.72114975e+01  6.81292069e+00 -1.33292720e-05 
 7.35642254e+00  9.72114975e+01  7.35642254e+00 -1.43926168e-05 
 7.94328235e+00  9.72114975e+01  7.94328235e+00 -1.55407902e-05 
 8.57695899e+00  9.72114975e+01  8.57695899e+00 -1.67805592e-05 
 9.26118728e+00  9.72114975e+01  9.26118728e+00 -1.81192310e-05 
 1.00000000e+01  9.72114975e+01  1.00000000e+01 -1.95646956e-05 
 1.07977516e+01  9.72114975e+01  1.07977516e+01 -2.11254724e-05 
 1.16591440e+01  9.72114975e+01  1.16591440e+01 -2.28107604e-05 
 1.25892541e+01  9.72114975e+01  1.25892541e+01 -2.46304925e-05 
 1.35935639e+01  9.72114975e+01  1.35935639e+01 -2.65953941e-05 
 1.46779927e+01  9.72114975e+01  1.46779927e+01 -2.87170459e-05 
 1.58489319e+01  9.72114975e+01  1.58489319e+01 -3.10079529e-05 
 1.71132830e+01  9.72114975e+01  1.71132830e+01 -3.34816174e-05 
 1.84784980e+01  9.72114975e+01  1.84784980e+01 -3.61526189e-05 
 1.99526231e+01  9.72114975e+01  1.99526231e+01 -3.90366999e-05 
 2.15443469e+01  9.72114975e+01  2.15443469e+01 -4.21508590e-05 
 2.32630507e+01  9.72114975e+01  2.32630507e+01 -4.55134506e-05 
 2.51188643e+01  9.72114975e+01  2.51188643e+01 -4.91442935e-05 
 2.71227258e+01  9.72114975e+01  2.71227258e+01 -5.30647875e-05 
 2.92864456e+01  9.72114975e+01  2.92864456e+01 -5.72980396e-05 
 3.16227766e+01  9.72114975e+01  3.16227766e+01 -6.18690000e-05 
 3.41454887e+01  9.72114975e+01  3.41454887e+01 -6.68046095e-05 
 3.68694506e+01  9.72114975e+01  3.68694506e+01 -7.21339580e-05 
 3.98107171e+01  9.72114975e+01  3.98107171e+01 -7.78884562e-05 
 4.29866235e+01  9.72114975e+01  4.29866235e+01 -8.41020205e-05 
 4.64158883e+01  9.72114975e+01  4.64158883e+01 -9.08112728e-05 
 5.01187234e+01  9.72114975e+01  5.01187234e+01 -9.80557569e-05 
 5.41169527e+01  9.72114975e+01  5.41169527e+01 -1.05878171e-04 
 5.84341413e+01  9.72114975e+01  5.84341413e+01 -1.14324619e-04 
 6.30957344e+01  9.72114975e+01  6.30957344e+01 -1.23444884e-04 
 6.81292069e+01  9.72114975e+01  6.81292069e+01 -1.33292720e-04 
 7.35642254e+01  9.72114975e+01  7.35642254e+01 -1.43926168e-04 
 7.94328235e+01  9.72114975e+01  7.94328235e+01 -1.55407902e-04 
 8.57695899e+01  9.72114975e+01  8.57695899e+01 -1.67805592e-04 
 9.26118728e+01  9.72114975e+01  9.26118728e+01 -1.81192310e-04 
 1.00000000e+02  9.72114975e+01  1.00000000e+02 -1.95646956e-04 
 1.07977516e+02  9.72114975e+01  1.07977516e+02 -2.11254724e-04 
 1.16591440e+02  9.72114975e+01  1.16591440e+02 -2.28107604e-04 
 1.25892541e+02  9.72114975e+01  1.25892541e+02 -2.46304925e-04 
 1.35935639e+02  9.72114975e+01  1.35935639e+02 -2.65953941e-04 
 1.46779927e+02  9.72114975e+01  1.46779927e+02 -2.87170459e-04 
 1.58489319e+02  9.72114975e+01  1.58489319e+02 -3.10079529e-04 
 1.71132830e+02  9.72114975e+01  1.71132830e+02 -3.34816174e-04 
 1.84784980e+02  9.72114975e+01  1.84784980e+02 -3.61526189e-04 
 1.99526231e+02  9.72114975e+01  1.99526231e+02 -3.90366999e-04 
 2.15443469e+02  9.72114975e+01  2.15443469e+02 -4.21508590e-04 
 2.32630507e+02  9.72114975e+01  2.32630507e+02 -4.55134506e-04 
 2.51188643e+02  9.72114975e+01  2.51188643e+02 -4.91442935e-04 
 2.71227258e+02  9.72114975e+01  2.71227258e+02 -5.30647875e-04 
 2.92864456e+02  9.72114975e+01  2.92864456e+02 -5.72980395e-04 
 3.16227766e+02  9.72114975e+01  3.16227766e+02 -6.18690000e-04 
 3.41454887e+02  9.72114975e+01  3.41454887e+02 -6.68046095e-04 
 3.68694506e+02  9.72114975e+01  3.68694506e+02 -7.21339580e-04 
 3.98107171e+02  9.72114975e+01  3.98107171e+02 -7.78884562e-04 
 4.29866235e+02  9.72114975e+01  4.29866235e+02 -8.41020205e-04 
 4.64158883e+02  9.72114975e+01  4.64158883e+02 -9.08112728e-04 
 5.01187234e+02  9.72114975e+01  5.01187234e+02 -9.80557568e-04 
 5.41169527e+02  9.72114975e+01  5.41169527e+02 -1.05878171e-03 
 5.84341413e+02  9.72114975e+01  5.84341413e+02 -1.14324619e-03 
 6.30957344e+02  9.72114975e+01  6.30957344e+02 -1.23444884e-03 
 6.81292069e+02  9.72114975e+01  6.81292069e+02 -1.33292720e-03 
 7.35642254e+02  9.72114975e+01  7.35642254e+02 -1.43926168e-03 
 7.94328235e+02  9.72114975e+01  7.94328235e+02 -1.55407901e-03 
 8.57695899e+02  9.72114975e+01  8.57695899e+02 -1.67805592e-03 
 9.26118728e+02  9.72114975e+01  9.26118728e+02 -1.81192310e-03 
 1.00000000e+03  9.72114975e+01  1.00000000e+03 -1.95646956e-03 
 1.07977516e+03  9.72114975e+01  1.07977516e+03 -2.11254724e-03 
 1.16591440e+03  9.72114975e+01  1.16591440e+03 -2.28107604e-03 
 1.25892541e+03  9.72114975e+01  1.25892541e+03 -2.46304925e-03 
 1.35935639e+03  9.72114975e+01  1.35935639e+03 -2.65953940e-03 
 1.46779927e+03  9.72114975e+01  1.46779927e+03 -2.87170459e-03 
 1.58489319e+03  9.72114975e+01  1.58489319e+03 -3.10079529e-03 
 1.71132830e+03  9.72114975e+01  1.71132830e+03 -3.34816174e-03 
 1.84784980e+03  9.72114975e+01  1.84784980e+03 -3.61526188e-03 
 1.99526231e+03  9.72114975e+01  1.99526231e+03 -3.90366999e-03 
 2.15443469e+03  9.72114975e+01  2.15443469e+03 -4.21508589e-03 
 2.32630507e+03  9.72114975e+01  2.32630507e+03 -4.55134505e-03 
 2.51188643e+03  9.72114975e+01  2.51188643e+03 -4.91442934e-03 
 2.71227258e+03  9.72114975e+01  2.71227258e+03 -5.30647874e-03 
 2.92864456e+03  9.72114975e+01  2.92864456e+03 -5.72980394e-03 
 3.16227766e+03  9.72114975e+01  3.16227766e+03 -6.18689997e-03 
 3.41454887e+03  9.72114975e+01  3.41454887e+03 -6.68046092e-03 
 3.68694506e+03  9.72114975e+01  3.68694506e+03 -7.21339577e-03 
 3.98107171e+03  9.72114974e+01  3.98107171e+03 -7.78884558e-03 
 4.29866235e+03  9.72114974e+01  4.29866235e+03 -8.41020200e-03 
 4.64158883e+03  9.72114974e+01  4.64158883e+03 -9.08112722e-03 
 5.01187234e+03  9.72114974e+01  5.01187234e+03 -9.80557560e-03 
 5.41169527e+03  9.72114974e+01  5.41169527e+03 -1.05878170e-02 
 5.84341413e+03  9.72114974e+01  5.84341413e+03 -1.14324618e-02 
 6.30957344e+03  9.72114973e+01  6.30957344e+03 -1.23444882e-02 
 6.81292069e+03  9.72114973e+01  6.81292069e+03 -1.33292718e-02 
 7.35642254e+03  9.72114973e+01  7.35642254e+03 -1.43926165e-02 
 7.94328235e+03  9.72114972e+01  7.94328235e+03 -1.55407898e-02 
 8.57695899e+03  9.72114972e+01  8.57695899e+03 -1.67805588e-02 
 9.26118728e+03  9.72114971e+01  9.26118728e+03 -1.81192305e-02 
 1.00000000e+04  9.72114970e+01  1.00000000e+04 -1.95646950e-02 
 1.07977516e+04  9.72114969e+01  1.07977516e+04 -2.11254716e-02 
 1.16591440e+04  9.72114968e+01  1.16591440e+04 -2.28107594e-02 
 1.25892541e+04  9.72114967e+01  1.25892541e+04 -2.46304912e-02 
 1.35935639e+04  9.72114966e+01  1.35935639e+04 -2.65953924e-02 
 1.46779927e+04  9.72114964e+01  1.46779927e+04 -2.87170439e-02 
 1.58489319e+04  9.72114963e+01  1.58489319e+04 -3.10079503e-02 
 1.71132830e+04  9.72114960e+01  1.71132830e+04 -3.34816141e-02 
 1.84784980e+04  9.72114958e+01  1.84784980e+04 -3.61526147e-02 
 1.99526231e+04  9.72114955e+01  1.99526231e+04 -3.90366947e-02 
 2.15443469e+04  9.72114952e+01  2.15443469e+04 -4.21508524e-02 
 2.32630507e+04  9.72114948e+01  2.32630507e+04 -4.55134423e-02 
 2.51188643e+04  9.72114943e+01  2.51188643e+04 -4.91442831e-02 
 2.71227258e+04  9.72114938e+01  2.71227258e+04 -5.30647744e-02 
 2.92864456e+04  9.72114932e+01  2.92864456e+04 -5.72980230e-02 
 3.16227766e+04  9.72114924e+01  3.16227766e+04 -6.18689791e-02 
 3.41454887e+04  9.72114916e+01  3.41454887e+04 -6.68045833e-02 
 3.68694506e+04  9.72114906e+01  3.68694506e+04 -7.21339250e-02 
 3.98107171e+04  9.72114895e+01  3.98107171e+04 -7.78884147e-02 
 4.29866235e+04  9.72114881e+01  4.29866235e+04 -8.41019682e-02 
 4.64158883e+04  9.72114866e+01  4.64158883e+04 -9.08112070e-02 
 5.01187234e+04  9.72114847e+01  5.01187234e+04 -9.80556740e-02 
 5.41169527e+04  9.72114826e+01  5.41169527e+04 -1.05878066e-01 
 5.84341413e+04  9.72114801e+01  5.84341413e+04 -1.14324488e-01 
 6.30957344e+04  9.72114773e+01  6.30957344e+04 -1.23444719e-01 
 6.81292069e+04  9.72114739e+01  6.81292069e+04 -1.33292511e-01 
 7.35642254e+04  9.72114700e+01  7.35642254e+04 -1.43925906e-01 
 7.94328235e+04  9.72114654e+01  7.94328235e+04 -1.55407571e-01 
 8.57695899e+04  9.72114601e+01  8.57695899e+04 -1.67805177e-01 
 9.26118728e+04  9.72114539e+01  9.26118728e+04 -1.81191787e-01 
 1.00000000e+05  9.72114466e+01  1.00000000e+05 -1.95646298e-01 
 1.07977516e+05  9.72114382e+01  1.07977516e+05 -2.11253895e-01 
 1.16591440e+05  9.72114283e+01  1.16591440e+05 -2.28106560e-01 
 1.25892541e+05  9.72114168e+01  1.25892541e+05 -2.46303611e-01 
 1.35935639e+05  9.72114034e+01  1.35935639e+05 -2.65952286e-01 
 1.46779927e+05  9.72113878e+01  1.46779927e+05 -2.87168377e-01 
 1.58489319e+05  9.72113696e+01  1.58489319e+05 -3.10076908e-01 
 1.71132830e+05  9.72113484e+01  1.71132830e+05 -3.34812874e-01 
 1.84784980e+05  9.72113237e+01  1.84784980e+05 -3.61522034e-01 
 1.99526231e+05  9.72112948e+01  1.99526231e+05 -3.90361768e-01 
 2.15443469e+05  9.72112612e+01  2.15443469e+05 -4.21502005e-01 
 2.32630507e+05  9.72112220e+01  2.32630507e+05 -4.55126216e-01 
 2.51188643e+05  9.72111762e+01  2.51188643e+05 -4.91432498e-01 
 2.71227258e+05  9.72111229e+01  2.71227258e+05 -5.30634736e-01 
 2.92864456e+05  9.72110608e+01  2.92864456e+05 -5.72963854e-01 
 3.16227766e+05  9.72109883e+01  3.16227766e+05 -6.18669176e-01 
 3.41454887e+05  9.72109038e+01  3.41454887e+05 -6.68019879e-01 
 3.68694506e+05  9.72108054e+01  3.68694506e+05 -7.21306578e-01 
 3.98107171e+05  9.72106905e+01  3.98107171e+05 -7.78843015e-01 
 4.29866235e+05  9.72105566e+01  4.29866235e+05 -8.40967901e-01 
 4.64158883e+05  9.72104005e+01  4.64158883e+05 -9.08046883e-01 
 5.01187234e+05  9.72102185e+01  5.01187234e+05 -9.80474676e-01 
 5.41169527e+05  9.72100064e+01  5.41169527e+05 -1.05867736e+00 
 5.84341413e+05  9.72097590e+01  5.84341413e+05 -1.14311482e+00 
 6.30957344e+05  9.72094706e+01  6.30957344e+05 -1.23428346e+00 
 6.81292069e+05  9.72091344e+01  6.81292069e+05 -1.33271901e+00 
 7.35642254e+05  9.72087424e+01  7.35642254e+05 -1.43899960e+00 
 7.94328235e+05  9.72082854e+01  7.94328235e+05 -1.55374910e+00 
 8.57695899e+05  9.72077526e+01  8.57695899e+05 -1.67764061e+00 
 9.26118728e+05  9.72071315e+01  9.26118728e+05 -1.81140030e+00 
 1.00000000e+06  9.72064074e+01  1.00000000e+06 -1.95581146e+00 
 1.07977516e+06  9.72055633e+01  1.07977516e+06 -2.11171883e+00 
 1.16591440e+06  9.72045792e+01  1.16591440e+06 -2.28003328e+00 
 1.25892541e+06  9.72034321e+01  1.25892541e+06 -2.46173669e+00 
 1.35935639e+06  9.72020950e+01  1.35935639e+06 -2.65788729e+00 
 1.46779927e+06  9.72005363e+01  1.46779927e+06 -2.86962513e+00 
 1.58489319e+06  9.71987196e+01  1.58489319e+06 -3.09817805e+00 
 1.71132830e+06  9.71966021e+01  1.71132830e+06 -3.34486776e+00 
 1.84784980e+06  9.71941342e+01  1.84784980e+06 -3.61111639e+00 
 1.99526231e+06  9.71912580e+01  1.99526231e+06 -3.89845313e+00 
 2.15443469e+06  9.71879064e+01  2.15443469e+06 -4.20852121e+00 
 2.32630507e+06  9.71840009e+01  2.32630507e+06 -4.54308493e+00 
 2.51188643e+06  9.71794505e+01  2.51188643e+06 -4.90403679e+00 
 2.71227258e+06  9.71741493e+01  2.71227258e+06 -5.29340455e+00 
 2.92864456e+06  9.71679742e+01  2.92864456e+06 -5.71335807e+00 
 3.16227766e+06  9.71607821e+01  3.16227766e+06 -6.16621568e+00 
 3.41454887e+06  9.71524071e+01  3.41454887e+06 -6.65444990e+00 
 3.68694506e+06  9.71426565e+01  3.68694506e+06 -7.18069215e+00 
 3.98107171e+06  9.71313069e+01  3.98107171e+06 -7.74773591e+00 
 4.29866235e+06  9.71180994e+01  4.29866235e+06 -8.35853800e+00 
 4.64158883e+06  9.71027346e+01  4.64158883e+06 -9.01621718e+00 
 5.01187234e+06  9.70848662e+01  5.01187234e+06 -9.72404935e+00 
 5.41169527e+06  9.70640941e+01  5.41169527e+06 -1.04854583e+01 
 5.84341413e+06  9.70399572e+01  5.84341413e+06 -1.13040012e+01 
 6.30957344e+06  9.70119243e+01  6.30957344e+06 -1.21833463e+01 
 6.81292069e+06  9.69793845e+01  6.81292069e+06 -1.31272436e+01 
 7.35642254e+06  9.69416364e+01  7.35642254e+06 -1.41394830e+01 
 7.94328235e+06  9.68978757e+01  7.94328235e+06 -1.52238405e+01 
 8.57695899e+06  9.68471819e+01  8.57695899e+06 -1.63840082e+01 
 9.26118728e+06  9.67885018e+01  9.26118728e+06 -1.76235025e+01 
 1.00000000e+07  9.67206312e+01  1.00000000e+07 -1.89455457e+01 
 1.07977516e+07  9.66421929e+01  1.07977516e+07 -2.03529102e+01 
 1.16591440e+07  9.65516079e+01  1.16591440e+07 -2.18477051e+01 
 1.25892541e+07  9.64470598e+01  1.25892541e+07 -2.34310727e+01 
 1.35935639e+07  9.63264454e+01  1.35935639e+07 -2.51027272e+01 
 1.46779927e+07  9.61873114e+01  1.46779927e+07 -2.68602044e+01 
 1.58489319e+07  9.60267770e+01  1.58489319e+07 -2.86975643e+01 
 1.71132830e+07  9.58414695e+01  1.71132830e+07 -3.06030529e+01 
 1.84784980e+07  9.56275797e+01  1.84784980e+07 -3.25548552e+01 
 1.99526231e+07  9.53813708e+01  1.99526231e+07 -3.45138181e+01 
 2.15443469e+07  9.51010256e+01  2.15443469e+07 -3.64135089e+01 
 2.32630507e+07  9.47914301e+01  2.32630507e+07 -3.81571207e+01 
 2.51188643e+07  9.44718456e+01  2.51188643e+07 -3.96562081e+01 
 2.71227258e+07  9.41755686e+01  2.71227258e+07 -4.09514819e+01 
 2.92864456e+07  9.39223063e+01  2.92864456e+07 -4.22982894e+01 
 3.16227766e+07  9.36893048e+01  3.16227766e+07 -4.39670253e+01 
 3.41454887e+07  9.34349925e+01  3.41454887e+07 -4.59885143e+01 
 3.68694506e+07  9.31358397e+01  3.68694506e+07 -4.82225691e+01 
 3.98107171e+07  9.27887554e+01  3.98107171e+07 -5.05279010e+01 
 4.29866235e+07  9.23990953e+01  4.29866235e+07 -5.28179624e+01 
 4.64158883e+07  9.19733950e+01  4.64158883e+07 -5.50487129e+01 
 5.01187234e+07  9.15171853e+01  5.01187234e+07 -5.71990664e+01 
 5.41169527e+07  9.10348086e+01  5.41169527e+07 -5.92589758e+01 
 5.84341413e+07  9.05296991e+01  5.84341413e+07 -6.12236659e+01 
 6.30957344e+07  9.00046643e+01  6.30957344e+07 -6.30910712e+01 
 6.81292069e+07  8.94620795e+01  6.81292069e+07 -6.48607219e+01 
 7.35642254e+07  8.89040091e+01  7.35642254e+07 -6.65332448e+01 
 7.94328235e+07  8.83322784e+01  7.94328235e+07 -6.81101098e+01 
 8.57695899e+07  8.77485162e+01  8.57695899e+07 -6.95934710e+01 
 9.26118728e+07  8.71541817e+01  9.26118728e+07 -7.09860431e+01 
 1.00000000e+08  8.65505812e+01  1.00000000e+08 -7.22909908e+01 
 1.07977516e+08  8.59388815e+01  1.07977516e+08 -7.35118260e+01 
 1.16591440e+08  8.53201202e+01  1.16591440e+08 -7.46523118e+01 
 1.25892541e+08  8.46952156e+01  1.25892541e+08 -7.57163734e+01 
 1.35935639e+08  8.40649760e+01  1.35935639e+08 -7.67080184e+01 
 1.46779927e+08  8.34301089e+01  1.46779927e+08 -7.76312643e+01 
 1.58489319e+08  8.27912310e+01  1.58489319e+08 -7.84900781e+01 
 1.71132830e+08  8.21488774e+01  1.71132830e+08 -7.92883248e+01 
 1.84784980e+08  8.15035121e+01  1.84784980e+08 -8.00297297e+01 
 1.99526231e+08  8.08555370e+01  1.99526231e+08 -8.07178531e+01 
 2.15443469e+08  8.02053016e+01  2.15443469e+08 -8.13560768e+01 
 2.32630507e+08  7.95531098e+01  2.32630507e+08 -8.19476019e+01 
 2.51188643e+08  7.88992272e+01  2.51188643e+08 -8.24954522e+01 
 2.71227258e+08  7.82438856e+01  2.71227258e+08 -8.30024829e+01 
 2.92864456e+08  7.75872867e+01  2.92864456e+08 -8.34713881e+01 
 3.16227766e+08  7.69296054e+01  3.16227766e+08 -8.39047075e+01 
 3.41454887e+08  7.62709916e+01  3.41454887e+08 -8.43048293e+01 
 3.68694506e+08  7.56115724e+01  3.68694506e+08 -8.46739914e+01 
 3.98107171e+08  7.49514542e+01  3.98107171e+08 -8.50142803e+01 
 4.29866235e+08  7.42907249e+01  4.29866235e+08 -8.53276292e+01 
 4.64158883e+08  7.36294564e+01  4.64158883e+08 -8.56158173e+01 
 5.01187234e+08  7.29677068e+01  5.01187234e+08 -8.58804699e+01 
 5.41169527e+08  7.23055233e+01  5.41169527e+08 -8.61230606e+01 
 5.84341413e+08  7.16429445e+01  5.84341413e+08 -8.63449163e+01 
 6.30957344e+08  7.09800024e+01  6.30957344e+08 -8.65472241e+01 
 6.81292069e+08  7.03167246e+01  6.81292069e+08 -8.67310394e+01 
 7.35642254e+08  6.96531359e+01  7.35642254e+08 -8.68972962e+01 
 7.94328235e+08  6.89892595e+01  7.94328235e+08 -8.70468166e+01 
 8.57695899e+08  6.83251175e+01  8.57695899e+08 -8.71803212e+01 
 9.26118728e+08  6.76607320e+01  9.26118728e+08 -8.72984377e+01 
 1.00000000e+09  6.69961247e+01  1.00000000e+09 -8.74017093e+01 
