 1.00000000e+00  9.72083886e+01  1.00000000e+00 -1.96586579e-06 
 1.07977516e+00  9.72083886e+01  1.07977516e+00 -2.12269305e-06 
 1.16591440e+00  9.72083886e+01  1.16591440e+00 -2.29203123e-06 
 1.25892541e+00  9.72083886e+01  1.25892541e+00 -2.47487840e-06 
 1.35935639e+00  9.72083886e+01  1.35935639e+00 -2.67231222e-06 
 1.46779927e+00  9.72083886e+01  1.46779927e+00 -2.88549636e-06 
 1.58489319e+00  9.72083886e+01  1.58489319e+00 -3.11568730e-06 
 1.71132830e+00  9.72083886e+01  1.71132830e+00 -3.36424176e-06 
 1.84784980e+00  9.72083886e+01  1.84784980e+00 -3.63262470e-06 
 1.99526231e+00  9.72083886e+01  1.99526231e+00 -3.92241792e-06 
 2.15443469e+00  9.72083886e+01  2.15443469e+00 -4.23532945e-06 
 2.32630507e+00  9.72083886e+01  2.32630507e+00 -4.57320354e-06 
 2.51188643e+00  9.72083886e+01  2.51188643e+00 -4.93803160e-06 
 2.71227258e+00  9.72083886e+01  2.71227258e+00 -5.33196387e-06 
 2.92864456e+00  9.72083886e+01  2.92864456e+00 -5.75732215e-06 
 3.16227766e+00  9.72083886e+01  3.16227766e+00 -6.21661346e-06 
 3.41454887e+00  9.72083886e+01  3.41454887e+00 -6.71254481e-06 
 3.68694506e+00  9.72083886e+01  3.68694506e+00 -7.24803916e-06 
 3.98107171e+00  9.72083886e+01  3.98107171e+00 -7.82625266e-06 
 4.29866235e+00  9.72083886e+01  4.29866235e+00 -8.45059324e-06 
 4.64158883e+00  9.72083886e+01  4.64158883e+00 -9.12474068e-06 
 5.01187234e+00  9.72083886e+01  5.01187234e+00 -9.85266835e-06 
 5.41169527e+00  9.72083886e+01  5.41169527e+00 -1.06386666e-05 
 5.84341413e+00  9.72083886e+01  5.84341413e+00 -1.14873679e-05 
 6.30957344e+00  9.72083886e+01  6.30957344e+00 -1.24037746e-05 
 6.81292069e+00  9.72083886e+01  6.81292069e+00 -1.33932877e-05 
 7.35642254e+00  9.72083886e+01  7.35642254e+00 -1.44617394e-05 
 7.94328235e+00  9.72083886e+01  7.94328235e+00 -1.56154270e-05 
 8.57695899e+00  9.72083886e+01  8.57695899e+00 -1.68611502e-05 
 9.26118728e+00  9.72083886e+01  9.26118728e+00 -1.82062512e-05 
 1.00000000e+01  9.72083886e+01  1.00000000e+01 -1.96586579e-05 
 1.07977516e+01  9.72083886e+01  1.07977516e+01 -2.12269305e-05 
 1.16591440e+01  9.72083886e+01  1.16591440e+01 -2.29203123e-05 
 1.25892541e+01  9.72083886e+01  1.25892541e+01 -2.47487840e-05 
 1.35935639e+01  9.72083886e+01  1.35935639e+01 -2.67231222e-05 
 1.46779927e+01  9.72083886e+01  1.46779927e+01 -2.88549636e-05 
 1.58489319e+01  9.72083886e+01  1.58489319e+01 -3.11568730e-05 
 1.71132830e+01  9.72083886e+01  1.71132830e+01 -3.36424176e-05 
 1.84784980e+01  9.72083886e+01  1.84784980e+01 -3.63262470e-05 
 1.99526231e+01  9.72083886e+01  1.99526231e+01 -3.92241792e-05 
 2.15443469e+01  9.72083886e+01  2.15443469e+01 -4.23532945e-05 
 2.32630507e+01  9.72083886e+01  2.32630507e+01 -4.57320354e-05 
 2.51188643e+01  9.72083886e+01  2.51188643e+01 -4.93803160e-05 
 2.71227258e+01  9.72083886e+01  2.71227258e+01 -5.33196387e-05 
 2.92864456e+01  9.72083886e+01  2.92864456e+01 -5.75732215e-05 
 3.16227766e+01  9.72083886e+01  3.16227766e+01 -6.21661346e-05 
 3.41454887e+01  9.72083886e+01  3.41454887e+01 -6.71254481e-05 
 3.68694506e+01  9.72083886e+01  3.68694506e+01 -7.24803916e-05 
 3.98107171e+01  9.72083886e+01  3.98107171e+01 -7.82625266e-05 
 4.29866235e+01  9.72083886e+01  4.29866235e+01 -8.45059324e-05 
 4.64158883e+01  9.72083886e+01  4.64158883e+01 -9.12474068e-05 
 5.01187234e+01  9.72083886e+01  5.01187234e+01 -9.85266835e-05 
 5.41169527e+01  9.72083886e+01  5.41169527e+01 -1.06386666e-04 
 5.84341413e+01  9.72083886e+01  5.84341413e+01 -1.14873679e-04 
 6.30957344e+01  9.72083886e+01  6.30957344e+01 -1.24037746e-04 
 6.81292069e+01  9.72083886e+01  6.81292069e+01 -1.33932877e-04 
 7.35642254e+01  9.72083886e+01  7.35642254e+01 -1.44617394e-04 
 7.94328235e+01  9.72083886e+01  7.94328235e+01 -1.56154270e-04 
 8.57695899e+01  9.72083886e+01  8.57695899e+01 -1.68611502e-04 
 9.26118728e+01  9.72083886e+01  9.26118728e+01 -1.82062512e-04 
 1.00000000e+02  9.72083886e+01  1.00000000e+02 -1.96586579e-04 
 1.07977516e+02  9.72083886e+01  1.07977516e+02 -2.12269305e-04 
 1.16591440e+02  9.72083886e+01  1.16591440e+02 -2.29203123e-04 
 1.25892541e+02  9.72083886e+01  1.25892541e+02 -2.47487840e-04 
 1.35935639e+02  9.72083886e+01  1.35935639e+02 -2.67231222e-04 
 1.46779927e+02  9.72083886e+01  1.46779927e+02 -2.88549636e-04 
 1.58489319e+02  9.72083886e+01  1.58489319e+02 -3.11568730e-04 
 1.71132830e+02  9.72083886e+01  1.71132830e+02 -3.36424176e-04 
 1.84784980e+02  9.72083886e+01  1.84784980e+02 -3.63262470e-04 
 1.99526231e+02  9.72083886e+01  1.99526231e+02 -3.92241792e-04 
 2.15443469e+02  9.72083886e+01  2.15443469e+02 -4.23532945e-04 
 2.32630507e+02  9.72083886e+01  2.32630507e+02 -4.57320354e-04 
 2.51188643e+02  9.72083886e+01  2.51188643e+02 -4.93803160e-04 
 2.71227258e+02  9.72083886e+01  2.71227258e+02 -5.33196387e-04 
 2.92864456e+02  9.72083886e+01  2.92864456e+02 -5.75732215e-04 
 3.16227766e+02  9.72083886e+01  3.16227766e+02 -6.21661346e-04 
 3.41454887e+02  9.72083886e+01  3.41454887e+02 -6.71254481e-04 
 3.68694506e+02  9.72083886e+01  3.68694506e+02 -7.24803916e-04 
 3.98107171e+02  9.72083886e+01  3.98107171e+02 -7.82625266e-04 
 4.29866235e+02  9.72083886e+01  4.29866235e+02 -8.45059324e-04 
 4.64158883e+02  9.72083886e+01  4.64158883e+02 -9.12474068e-04 
 5.01187234e+02  9.72083886e+01  5.01187234e+02 -9.85266835e-04 
 5.41169527e+02  9.72083886e+01  5.41169527e+02 -1.06386666e-03 
 5.84341413e+02  9.72083886e+01  5.84341413e+02 -1.14873679e-03 
 6.30957344e+02  9.72083886e+01  6.30957344e+02 -1.24037746e-03 
 6.81292069e+02  9.72083886e+01  6.81292069e+02 -1.33932877e-03 
 7.35642254e+02  9.72083886e+01  7.35642254e+02 -1.44617394e-03 
 7.94328235e+02  9.72083886e+01  7.94328235e+02 -1.56154270e-03 
 8.57695899e+02  9.72083886e+01  8.57695899e+02 -1.68611502e-03 
 9.26118728e+02  9.72083886e+01  9.26118728e+02 -1.82062512e-03 
 1.00000000e+03  9.72083886e+01  1.00000000e+03 -1.96586579e-03 
 1.07977516e+03  9.72083886e+01  1.07977516e+03 -2.12269305e-03 
 1.16591440e+03  9.72083886e+01  1.16591440e+03 -2.29203123e-03 
 1.25892541e+03  9.72083886e+01  1.25892541e+03 -2.47487839e-03 
 1.35935639e+03  9.72083886e+01  1.35935639e+03 -2.67231222e-03 
 1.46779927e+03  9.72083886e+01  1.46779927e+03 -2.88549636e-03 
 1.58489319e+03  9.72083886e+01  1.58489319e+03 -3.11568730e-03 
 1.71132830e+03  9.72083886e+01  1.71132830e+03 -3.36424176e-03 
 1.84784980e+03  9.72083886e+01  1.84784980e+03 -3.63262469e-03 
 1.99526231e+03  9.72083886e+01  1.99526231e+03 -3.92241792e-03 
 2.15443469e+03  9.72083886e+01  2.15443469e+03 -4.23532944e-03 
 2.32630507e+03  9.72083886e+01  2.32630507e+03 -4.57320353e-03 
 2.51188643e+03  9.72083886e+01  2.51188643e+03 -4.93803159e-03 
 2.71227258e+03  9.72083886e+01  2.71227258e+03 -5.33196386e-03 
 2.92864456e+03  9.72083886e+01  2.92864456e+03 -5.75732213e-03 
 3.16227766e+03  9.72083885e+01  3.16227766e+03 -6.21661344e-03 
 3.41454887e+03  9.72083885e+01  3.41454887e+03 -6.71254478e-03 
 3.68694506e+03  9.72083885e+01  3.68694506e+03 -7.24803913e-03 
 3.98107171e+03  9.72083885e+01  3.98107171e+03 -7.82625262e-03 
 4.29866235e+03  9.72083885e+01  4.29866235e+03 -8.45059318e-03 
 4.64158883e+03  9.72083885e+01  4.64158883e+03 -9.12474062e-03 
 5.01187234e+03  9.72083885e+01  5.01187234e+03 -9.85266827e-03 
 5.41169527e+03  9.72083884e+01  5.41169527e+03 -1.06386665e-02 
 5.84341413e+03  9.72083884e+01  5.84341413e+03 -1.14873678e-02 
 6.30957344e+03  9.72083884e+01  6.30957344e+03 -1.24037744e-02 
 6.81292069e+03  9.72083884e+01  6.81292069e+03 -1.33932875e-02 
 7.35642254e+03  9.72083883e+01  7.35642254e+03 -1.44617391e-02 
 7.94328235e+03  9.72083883e+01  7.94328235e+03 -1.56154267e-02 
 8.57695899e+03  9.72083882e+01  8.57695899e+03 -1.68611498e-02 
 9.26118728e+03  9.72083882e+01  9.26118728e+03 -1.82062507e-02 
 1.00000000e+04  9.72083881e+01  1.00000000e+04 -1.96586572e-02 
 1.07977516e+04  9.72083880e+01  1.07977516e+04 -2.12269297e-02 
 1.16591440e+04  9.72083879e+01  1.16591440e+04 -2.29203113e-02 
 1.25892541e+04  9.72083878e+01  1.25892541e+04 -2.47487826e-02 
 1.35935639e+04  9.72083876e+01  1.35935639e+04 -2.67231205e-02 
 1.46779927e+04  9.72083875e+01  1.46779927e+04 -2.88549615e-02 
 1.58489319e+04  9.72083873e+01  1.58489319e+04 -3.11568704e-02 
 1.71132830e+04  9.72083871e+01  1.71132830e+04 -3.36424143e-02 
 1.84784980e+04  9.72083868e+01  1.84784980e+04 -3.63262428e-02 
 1.99526231e+04  9.72083865e+01  1.99526231e+04 -3.92241740e-02 
 2.15443469e+04  9.72083862e+01  2.15443469e+04 -4.23532879e-02 
 2.32630507e+04  9.72083858e+01  2.32630507e+04 -4.57320271e-02 
 2.51188643e+04  9.72083853e+01  2.51188643e+04 -4.93803055e-02 
 2.71227258e+04  9.72083848e+01  2.71227258e+04 -5.33196255e-02 
 2.92864456e+04  9.72083842e+01  2.92864456e+04 -5.75732049e-02 
 3.16227766e+04  9.72083834e+01  3.16227766e+04 -6.21661137e-02 
 3.41454887e+04  9.72083826e+01  3.41454887e+04 -6.71254218e-02 
 3.68694506e+04  9.72083816e+01  3.68694506e+04 -7.24803585e-02 
 3.98107171e+04  9.72083804e+01  3.98107171e+04 -7.82624849e-02 
 4.29866235e+04  9.72083791e+01  4.29866235e+04 -8.45058799e-02 
 4.64158883e+04  9.72083775e+01  4.64158883e+04 -9.12473408e-02 
 5.01187234e+04  9.72083756e+01  5.01187234e+04 -9.85266003e-02 
 5.41169527e+04  9.72083735e+01  5.41169527e+04 -1.06386561e-01 
 5.84341413e+04  9.72083710e+01  5.84341413e+04 -1.14873547e-01 
 6.30957344e+04  9.72083681e+01  6.30957344e+04 -1.24037580e-01 
 6.81292069e+04  9.72083647e+01  6.81292069e+04 -1.33932668e-01 
 7.35642254e+04  9.72083607e+01  7.35642254e+04 -1.44617131e-01 
 7.94328235e+04  9.72083561e+01  7.94328235e+04 -1.56153939e-01 
 8.57695899e+04  9.72083507e+01  8.57695899e+04 -1.68611085e-01 
 9.26118728e+04  9.72083444e+01  9.26118728e+04 -1.82061987e-01 
 1.00000000e+05  9.72083370e+01  1.00000000e+05 -1.96585918e-01 
 1.07977516e+05  9.72083285e+01  1.07977516e+05 -2.12268473e-01 
 1.16591440e+05  9.72083185e+01  1.16591440e+05 -2.29202076e-01 
 1.25892541e+05  9.72083069e+01  1.25892541e+05 -2.47486521e-01 
 1.35935639e+05  9.72082933e+01  1.35935639e+05 -2.67229562e-01 
 1.46779927e+05  9.72082775e+01  1.46779927e+05 -2.88547547e-01 
 1.58489319e+05  9.72082591e+01  1.58489319e+05 -3.11566100e-01 
 1.71132830e+05  9.72082376e+01  1.71132830e+05 -3.36420865e-01 
 1.84784980e+05  9.72082125e+01  1.84784980e+05 -3.63258300e-01 
 1.99526231e+05  9.72081833e+01  1.99526231e+05 -3.92236543e-01 
 2.15443469e+05  9.72081492e+01  2.15443469e+05 -4.23526337e-01 
 2.32630507e+05  9.72081095e+01  2.32630507e+05 -4.57312036e-01 
 2.51188643e+05  9.72080632e+01  2.51188643e+05 -4.93792687e-01 
 2.71227258e+05  9.72080092e+01  2.71227258e+05 -5.33183203e-01 
 2.92864456e+05  9.72079463e+01  2.92864456e+05 -5.75715618e-01 
 3.16227766e+05  9.72078729e+01  3.16227766e+05 -6.21640452e-01 
 3.41454887e+05  9.72077873e+01  3.41454887e+05 -6.71228177e-01 
 3.68694506e+05  9.72076876e+01  3.68694506e+05 -7.24770801e-01 
 3.98107171e+05  9.72075713e+01  3.98107171e+05 -7.82583578e-01 
 4.29866235e+05  9.72074357e+01  4.29866235e+05 -8.45006842e-01 
 4.64158883e+05  9.72072776e+01  4.64158883e+05 -9.12408000e-01 
 5.01187234e+05  9.72070933e+01  5.01187234e+05 -9.85183661e-01 
 5.41169527e+05  9.72068784e+01  5.41169527e+05 -1.06376195e+00 
 5.84341413e+05  9.72066279e+01  5.84341413e+05 -1.14860498e+00 
 6.30957344e+05  9.72063358e+01  6.30957344e+05 -1.24021152e+00 
 6.81292069e+05  9.72059952e+01  6.81292069e+05 -1.33911988e+00 
 7.35642254e+05  9.72055982e+01  7.35642254e+05 -1.44591097e+00 
 7.94328235e+05  9.72051354e+01  7.94328235e+05 -1.56121166e+00 
 8.57695899e+05  9.72045958e+01  8.57695899e+05 -1.68569830e+00 
 9.26118728e+05  9.72039667e+01  9.26118728e+05 -1.82010054e+00 
 1.00000000e+06  9.72032333e+01  1.00000000e+06 -1.96520544e+00 
 1.07977516e+06  9.72023784e+01  1.07977516e+06 -2.12186182e+00 
 1.16591440e+06  9.72013817e+01  1.16591440e+06 -2.29098491e+00 
 1.25892541e+06  9.72002199e+01  1.25892541e+06 -2.47356135e+00 
 1.35935639e+06  9.71988656e+01  1.35935639e+06 -2.67065444e+00 
 1.46779927e+06  9.71972869e+01  1.46779927e+06 -2.88340977e+00 
 1.58489319e+06  9.71954468e+01  1.58489319e+06 -3.11306106e+00 
 1.71132830e+06  9.71933020e+01  1.71132830e+06 -3.36093643e+00 
 1.84784980e+06  9.71908022e+01  1.84784980e+06 -3.62846487e+00 
 1.99526231e+06  9.71878889e+01  1.99526231e+06 -3.91718297e+00 
 2.15443469e+06  9.71844937e+01  2.15443469e+06 -4.22874191e+00 
 2.32630507e+06  9.71805375e+01  2.32630507e+06 -4.56491452e+00 
 2.51188643e+06  9.71759278e+01  2.51188643e+06 -4.92760250e+00 
 2.71227258e+06  9.71705573e+01  2.71227258e+06 -5.31884342e+00 
 2.92864456e+06  9.71643011e+01  2.92864456e+06 -5.74081766e+00 
 3.16227766e+06  9.71570142e+01  3.16227766e+06 -6.19585479e+00 
 3.41454887e+06  9.71485281e+01  3.41454887e+06 -6.68643932e+00 
 3.68694506e+06  9.71386473e+01  3.68694506e+06 -7.21521536e+00 
 3.98107171e+06  9.71271451e+01  3.98107171e+06 -7.78498982e+00 
 4.29866235e+06  9.71137585e+01  4.29866235e+06 -8.39873360e+00 
 4.64158883e+06  9.70981832e+01  4.64158883e+06 -9.05958012e+00 
 5.01187234e+06  9.70800670e+01  5.01187234e+06 -9.77082032e+00 
 5.41169527e+06  9.70590029e+01  5.41169527e+06 -1.05358931e+01 
 5.84341413e+06  9.70345212e+01  5.84341413e+06 -1.13583703e+01 
 6.30957344e+06  9.70060801e+01  6.30957344e+06 -1.22419340e+01 
 6.81292069e+06  9.69730559e+01  6.81292069e+06 -1.31903449e+01 
 7.35642254e+06  9.69347311e+01  7.35642254e+06 -1.42074000e+01 
 7.94328235e+06  9.68902814e+01  7.94328235e+06 -1.52968745e+01 
 8.57695899e+06  9.68387606e+01  8.57695899e+06 -1.64624465e+01 
 9.26118728e+06  9.67790830e+01  9.26118728e+06 -1.77075974e+01 
 1.00000000e+07  9.67100024e+01  1.00000000e+07 -1.90354781e+01 
 1.07977516e+07  9.66300865e+01  1.07977516e+07 -2.04487280e+01 
 1.16591440e+07  9.65376846e+01  1.16591440e+07 -2.19492183e+01 
 1.25892541e+07  9.64308860e+01  1.25892541e+07 -2.35376709e+01 
 1.35935639e+07  9.63074664e+01  1.35935639e+07 -2.52130596e+01 
 1.46779927e+07  9.61648237e+01  1.46779927e+07 -2.69716127e+01 
 1.58489319e+07  9.59999174e+01  1.58489319e+07 -2.88050821e+01 
 1.71132830e+07  9.58092728e+01  1.71132830e+07 -3.06976835e+01 
 1.84784980e+07  9.55892438e+01  1.84784980e+07 -3.26208522e+01 
 1.99526231e+07  9.53370518e+01  1.99526231e+07 -3.45254224e+01 
 2.15443469e+07  9.50536850e+01  2.15443469e+07 -3.63349525e+01 
 2.32630507e+07  9.47496368e+01  2.32630507e+07 -3.79583291e+01 
 2.51188643e+07  9.44496834e+01  2.51188643e+07 -3.93593538e+01 
 2.71227258e+07  9.41818723e+01  2.71227258e+07 -4.06692596e+01 
 2.92864456e+07  9.39473607e+01  2.92864456e+07 -4.21562065e+01 
 3.16227766e+07  9.37140521e+01  3.16227766e+07 -4.39827088e+01 
 3.41454887e+07  9.34489057e+01  3.41454887e+07 -4.60978786e+01 
 3.68694506e+07  9.31382479e+01  3.68694506e+07 -4.83641856e+01 
 3.98107171e+07  9.27825695e+01  3.98107171e+07 -5.06694678e+01 
 4.29866235e+07  9.23872221e+01  4.29866235e+07 -5.29475631e+01 
 4.64158883e+07  9.19578835e+01  4.64158883e+07 -5.51638582e+01 
 5.01187234e+07  9.14993298e+01  5.01187234e+07 -5.73007055e+01 
 5.41169527e+07  9.10154005e+01  5.41169527e+07 -5.93489602e+01 
 5.84341413e+07  9.05092236e+01  5.84341413e+07 -6.13038330e+01 
 6.30957344e+07  8.99834248e+01  6.30957344e+07 -6.31629802e+01 
 6.81292069e+07  8.94402721e+01  6.81292069e+07 -6.49256266e+01 
 7.35642254e+07  8.88817657e+01  7.35642254e+07 -6.65921382e+01 
 7.94328235e+07  8.83096914e+01  7.94328235e+07 -6.81637813e+01 
 8.57695899e+07  8.77256533e+01  8.57695899e+07 -6.96425577e+01 
 9.26118728e+07  8.71310940e+01  9.26118728e+07 -7.10310694e+01 
 1.00000000e+08  8.65273083e+01  1.00000000e+08 -7.23323977e+01 
 1.07977516e+08  8.59154546e+01  1.07977516e+08 -7.35499919e+01 
 1.16591440e+08  8.52965637e+01  1.16591440e+08 -7.46875661e+01 
 1.25892541e+08  8.46715485e+01  1.25892541e+08 -7.57490058e+01 
 1.35935639e+08  8.40412125e+01  1.35935639e+08 -7.67382836e+01 
 1.46779927e+08  8.34062595e+01  1.46779927e+08 -7.76593860e+01 
 1.58489319e+08  8.27673031e+01  1.58489319e+08 -7.85162501e+01 
 1.71132830e+08  8.21248763e+01  1.71132830e+08 -7.93127131e+01 
 1.84784980e+08  8.14794417e+01  1.84784980e+08 -8.00524751e+01 
 1.99526231e+08  8.08314007e+01  1.99526231e+08 -8.07390740e+01 
 2.15443469e+08  8.01811023e+01  2.15443469e+08 -8.13758732e+01 
 2.32630507e+08  7.95288511e+01  2.32630507e+08 -8.19660594e+01 
 2.51188643e+08  7.88749128e+01  2.51188643e+08 -8.25126463e+01 
 2.71227258e+08  7.82195196e+01  2.71227258e+08 -8.30184820e+01 
 2.92864456e+08  7.75628736e+01  2.92864456e+08 -8.34862559e+01 
 3.16227766e+08  7.69051495e+01  3.16227766e+08 -8.39185043e+01 
 3.41454887e+08  7.62464972e+01  3.41454887e+08 -8.43176130e+01 
 3.68694506e+08  7.55870436e+01  3.68694506e+08 -8.46858175e+01 
 3.98107171e+08  7.49268947e+01  3.98107171e+08 -8.50252016e+01 
 4.29866235e+08  7.42661381e+01  4.29866235e+08 -8.53376959e+01 
 4.64158883e+08  7.36048452e+01  4.64158883e+08 -8.56250765e+01 
 5.01187234e+08  7.29430739e+01  5.01187234e+08 -8.58889654e+01 
 5.41169527e+08  7.22808711e+01  5.41169527e+08 -8.61308331e+01 
 5.84341413e+08  7.16182751e+01  5.84341413e+08 -8.63520032e+01 
 6.30957344e+08  7.09553176e+01  6.30957344e+08 -8.65536596e+01 
 6.81292069e+08  7.02920262e+01  6.81292069e+08 -8.67368546e+01 
 7.35642254e+08  6.96284255e+01  7.35642254e+08 -8.69025191e+01 
 7.94328235e+08  6.89645384e+01  7.94328235e+08 -8.70514727e+01 
 8.57695899e+08  6.83003871e+01  8.57695899e+08 -8.71844329e+01 
 9.26118728e+08  6.76359933e+01  9.26118728e+08 -8.73020251e+01 
 1.00000000e+09  6.69713790e+01  1.00000000e+09 -8.74047896e+01 
