 1.00000000e+00  9.69539210e+01  1.00000000e+00 -1.89683619e-06 
 1.07977516e+00  9.69539210e+01  1.07977516e+00 -2.04815661e-06 
 1.16591440e+00  9.69539210e+01  1.16591440e+00 -2.21154863e-06 
 1.25892541e+00  9.69539210e+01  1.25892541e+00 -2.38797528e-06 
 1.35935639e+00  9.69539210e+01  1.35935639e+00 -2.57847640e-06 
 1.46779927e+00  9.69539210e+01  1.46779927e+00 -2.78417477e-06 
 1.58489319e+00  9.69539210e+01  1.58489319e+00 -3.00628277e-06 
 1.71132830e+00  9.69539210e+01  1.71132830e+00 -3.24610946e-06 
 1.84784980e+00  9.69539210e+01  1.84784980e+00 -3.50506837e-06 
 1.99526231e+00  9.69539210e+01  1.99526231e+00 -3.78468577e-06 
 2.15443469e+00  9.69539210e+01  2.15443469e+00 -4.08660969e-06 
 2.32630507e+00  9.69539210e+01  2.32630507e+00 -4.41261964e-06 
 2.51188643e+00  9.69539210e+01  2.51188643e+00 -4.76463709e-06 
 2.71227258e+00  9.69539210e+01  2.71227258e+00 -5.14473679e-06 
 2.92864456e+00  9.69539210e+01  2.92864456e+00 -5.55515900e-06 
 3.16227766e+00  9.69539210e+01  3.16227766e+00 -5.99832271e-06 
 3.41454887e+00  9.69539210e+01  3.41454887e+00 -6.47683988e-06 
 3.68694506e+00  9.69539210e+01  3.68694506e+00 -6.99353083e-06 
 3.98107171e+00  9.69539210e+01  3.98107171e+00 -7.55144089e-06 
 4.29866235e+00  9.69539210e+01  4.29866235e+00 -8.15385831e-06 
 4.64158883e+00  9.69539210e+01  4.64158883e+00 -8.80433368e-06 
 5.01187234e+00  9.69539210e+01  5.01187234e+00 -9.50670083e-06 
 5.41169527e+00  9.69539210e+01  5.41169527e+00 -1.02650994e-05 
 5.84341413e+00  9.69539210e+01  5.84341413e+00 -1.10839994e-05 
 6.30957344e+00  9.69539210e+01  6.30957344e+00 -1.19682273e-05 
 6.81292069e+00  9.69539210e+01  6.81292069e+00 -1.29229945e-05 
 7.35642254e+00  9.69539210e+01  7.35642254e+00 -1.39539285e-05 
 7.94328235e+00  9.69539210e+01  7.94328235e+00 -1.50671054e-05 
 8.57695899e+00  9.69539210e+01  8.57695899e+00 -1.62690862e-05 
 9.26118728e+00  9.69539210e+01  9.26118728e+00 -1.75669552e-05 
 1.00000000e+01  9.69539210e+01  1.00000000e+01 -1.89683619e-05 
 1.07977516e+01  9.69539210e+01  1.07977516e+01 -2.04815661e-05 
 1.16591440e+01  9.69539210e+01  1.16591440e+01 -2.21154863e-05 
 1.25892541e+01  9.69539210e+01  1.25892541e+01 -2.38797528e-05 
 1.35935639e+01  9.69539210e+01  1.35935639e+01 -2.57847640e-05 
 1.46779927e+01  9.69539210e+01  1.46779927e+01 -2.78417477e-05 
 1.58489319e+01  9.69539210e+01  1.58489319e+01 -3.00628277e-05 
 1.71132830e+01  9.69539210e+01  1.71132830e+01 -3.24610946e-05 
 1.84784980e+01  9.69539210e+01  1.84784980e+01 -3.50506837e-05 
 1.99526231e+01  9.69539210e+01  1.99526231e+01 -3.78468577e-05 
 2.15443469e+01  9.69539210e+01  2.15443469e+01 -4.08660969e-05 
 2.32630507e+01  9.69539210e+01  2.32630507e+01 -4.41261964e-05 
 2.51188643e+01  9.69539210e+01  2.51188643e+01 -4.76463709e-05 
 2.71227258e+01  9.69539210e+01  2.71227258e+01 -5.14473679e-05 
 2.92864456e+01  9.69539210e+01  2.92864456e+01 -5.55515900e-05 
 3.16227766e+01  9.69539210e+01  3.16227766e+01 -5.99832271e-05 
 3.41454887e+01  9.69539210e+01  3.41454887e+01 -6.47683988e-05 
 3.68694506e+01  9.69539210e+01  3.68694506e+01 -6.99353083e-05 
 3.98107171e+01  9.69539210e+01  3.98107171e+01 -7.55144089e-05 
 4.29866235e+01  9.69539210e+01  4.29866235e+01 -8.15385831e-05 
 4.64158883e+01  9.69539210e+01  4.64158883e+01 -8.80433368e-05 
 5.01187234e+01  9.69539210e+01  5.01187234e+01 -9.50670083e-05 
 5.41169527e+01  9.69539210e+01  5.41169527e+01 -1.02650994e-04 
 5.84341413e+01  9.69539210e+01  5.84341413e+01 -1.10839994e-04 
 6.30957344e+01  9.69539210e+01  6.30957344e+01 -1.19682273e-04 
 6.81292069e+01  9.69539210e+01  6.81292069e+01 -1.29229945e-04 
 7.35642254e+01  9.69539210e+01  7.35642254e+01 -1.39539285e-04 
 7.94328235e+01  9.69539210e+01  7.94328235e+01 -1.50671054e-04 
 8.57695899e+01  9.69539210e+01  8.57695899e+01 -1.62690862e-04 
 9.26118728e+01  9.69539210e+01  9.26118728e+01 -1.75669552e-04 
 1.00000000e+02  9.69539210e+01  1.00000000e+02 -1.89683619e-04 
 1.07977516e+02  9.69539210e+01  1.07977516e+02 -2.04815661e-04 
 1.16591440e+02  9.69539210e+01  1.16591440e+02 -2.21154863e-04 
 1.25892541e+02  9.69539210e+01  1.25892541e+02 -2.38797528e-04 
 1.35935639e+02  9.69539210e+01  1.35935639e+02 -2.57847640e-04 
 1.46779927e+02  9.69539210e+01  1.46779927e+02 -2.78417477e-04 
 1.58489319e+02  9.69539210e+01  1.58489319e+02 -3.00628277e-04 
 1.71132830e+02  9.69539210e+01  1.71132830e+02 -3.24610946e-04 
 1.84784980e+02  9.69539210e+01  1.84784980e+02 -3.50506837e-04 
 1.99526231e+02  9.69539210e+01  1.99526231e+02 -3.78468577e-04 
 2.15443469e+02  9.69539210e+01  2.15443469e+02 -4.08660969e-04 
 2.32630507e+02  9.69539210e+01  2.32630507e+02 -4.41261964e-04 
 2.51188643e+02  9.69539210e+01  2.51188643e+02 -4.76463709e-04 
 2.71227258e+02  9.69539210e+01  2.71227258e+02 -5.14473679e-04 
 2.92864456e+02  9.69539210e+01  2.92864456e+02 -5.55515900e-04 
 3.16227766e+02  9.69539210e+01  3.16227766e+02 -5.99832271e-04 
 3.41454887e+02  9.69539210e+01  3.41454887e+02 -6.47683988e-04 
 3.68694506e+02  9.69539210e+01  3.68694506e+02 -6.99353083e-04 
 3.98107171e+02  9.69539210e+01  3.98107171e+02 -7.55144089e-04 
 4.29866235e+02  9.69539210e+01  4.29866235e+02 -8.15385831e-04 
 4.64158883e+02  9.69539210e+01  4.64158883e+02 -8.80433368e-04 
 5.01187234e+02  9.69539210e+01  5.01187234e+02 -9.50670083e-04 
 5.41169527e+02  9.69539210e+01  5.41169527e+02 -1.02650994e-03 
 5.84341413e+02  9.69539210e+01  5.84341413e+02 -1.10839994e-03 
 6.30957344e+02  9.69539210e+01  6.30957344e+02 -1.19682273e-03 
 6.81292069e+02  9.69539210e+01  6.81292069e+02 -1.29229945e-03 
 7.35642254e+02  9.69539210e+01  7.35642254e+02 -1.39539285e-03 
 7.94328235e+02  9.69539210e+01  7.94328235e+02 -1.50671054e-03 
 8.57695899e+02  9.69539210e+01  8.57695899e+02 -1.62690862e-03 
 9.26118728e+02  9.69539210e+01  9.26118728e+02 -1.75669552e-03 
 1.00000000e+03  9.69539210e+01  1.00000000e+03 -1.89683619e-03 
 1.07977516e+03  9.69539210e+01  1.07977516e+03 -2.04815661e-03 
 1.16591440e+03  9.69539210e+01  1.16591440e+03 -2.21154863e-03 
 1.25892541e+03  9.69539210e+01  1.25892541e+03 -2.38797528e-03 
 1.35935639e+03  9.69539210e+01  1.35935639e+03 -2.57847640e-03 
 1.46779927e+03  9.69539210e+01  1.46779927e+03 -2.78417477e-03 
 1.58489319e+03  9.69539209e+01  1.58489319e+03 -3.00628276e-03 
 1.71132830e+03  9.69539209e+01  1.71132830e+03 -3.24610946e-03 
 1.84784980e+03  9.69539209e+01  1.84784980e+03 -3.50506837e-03 
 1.99526231e+03  9.69539209e+01  1.99526231e+03 -3.78468576e-03 
 2.15443469e+03  9.69539209e+01  2.15443469e+03 -4.08660968e-03 
 2.32630507e+03  9.69539209e+01  2.32630507e+03 -4.41261963e-03 
 2.51188643e+03  9.69539209e+01  2.51188643e+03 -4.76463708e-03 
 2.71227258e+03  9.69539209e+01  2.71227258e+03 -5.14473678e-03 
 2.92864456e+03  9.69539209e+01  2.92864456e+03 -5.55515899e-03 
 3.16227766e+03  9.69539209e+01  3.16227766e+03 -5.99832269e-03 
 3.41454887e+03  9.69539209e+01  3.41454887e+03 -6.47683986e-03 
 3.68694506e+03  9.69539209e+01  3.68694506e+03 -6.99353080e-03 
 3.98107171e+03  9.69539209e+01  3.98107171e+03 -7.55144085e-03 
 4.29866235e+03  9.69539209e+01  4.29866235e+03 -8.15385826e-03 
 4.64158883e+03  9.69539209e+01  4.64158883e+03 -8.80433362e-03 
 5.01187234e+03  9.69539208e+01  5.01187234e+03 -9.50670076e-03 
 5.41169527e+03  9.69539208e+01  5.41169527e+03 -1.02650993e-02 
 5.84341413e+03  9.69539208e+01  5.84341413e+03 -1.10839993e-02 
 6.30957344e+03  9.69539208e+01  6.30957344e+03 -1.19682271e-02 
 6.81292069e+03  9.69539207e+01  6.81292069e+03 -1.29229943e-02 
 7.35642254e+03  9.69539207e+01  7.35642254e+03 -1.39539283e-02 
 7.94328235e+03  9.69539207e+01  7.94328235e+03 -1.50671051e-02 
 8.57695899e+03  9.69539206e+01  8.57695899e+03 -1.62690858e-02 
 9.26118728e+03  9.69539206e+01  9.26118728e+03 -1.75669547e-02 
 1.00000000e+04  9.69539205e+01  1.00000000e+04 -1.89683613e-02 
 1.07977516e+04  9.69539204e+01  1.07977516e+04 -2.04815653e-02 
 1.16591440e+04  9.69539203e+01  1.16591440e+04 -2.21154854e-02 
 1.25892541e+04  9.69539202e+01  1.25892541e+04 -2.38797516e-02 
 1.35935639e+04  9.69539201e+01  1.35935639e+04 -2.57847625e-02 
 1.46779927e+04  9.69539199e+01  1.46779927e+04 -2.78417458e-02 
 1.58489319e+04  9.69539198e+01  1.58489319e+04 -3.00628253e-02 
 1.71132830e+04  9.69539196e+01  1.71132830e+04 -3.24610916e-02 
 1.84784980e+04  9.69539193e+01  1.84784980e+04 -3.50506799e-02 
 1.99526231e+04  9.69539191e+01  1.99526231e+04 -3.78468529e-02 
 2.15443469e+04  9.69539187e+01  2.15443469e+04 -4.08660909e-02 
 2.32630507e+04  9.69539184e+01  2.32630507e+04 -4.41261889e-02 
 2.51188643e+04  9.69539179e+01  2.51188643e+04 -4.76463614e-02 
 2.71227258e+04  9.69539174e+01  2.71227258e+04 -5.14473559e-02 
 2.92864456e+04  9.69539169e+01  2.92864456e+04 -5.55515750e-02 
 3.16227766e+04  9.69539162e+01  3.16227766e+04 -5.99832082e-02 
 3.41454887e+04  9.69539154e+01  3.41454887e+04 -6.47683749e-02 
 3.68694506e+04  9.69539145e+01  3.68694506e+04 -6.99352783e-02 
 3.98107171e+04  9.69539134e+01  3.98107171e+04 -7.55143711e-02 
 4.29866235e+04  9.69539121e+01  4.29866235e+04 -8.15385355e-02 
 4.64158883e+04  9.69539107e+01  4.64158883e+04 -8.80432769e-02 
 5.01187234e+04  9.69539090e+01  5.01187234e+04 -9.50669329e-02 
 5.41169527e+04  9.69539070e+01  5.41169527e+04 -1.02650899e-01 
 5.84341413e+04  9.69539047e+01  5.84341413e+04 -1.10839874e-01 
 6.30957344e+04  9.69539019e+01  6.30957344e+04 -1.19682122e-01 
 6.81292069e+04  9.69538988e+01  6.81292069e+04 -1.29229756e-01 
 7.35642254e+04  9.69538951e+01  7.35642254e+04 -1.39539047e-01 
 7.94328235e+04  9.69538908e+01  7.94328235e+04 -1.50670754e-01 
 8.57695899e+04  9.69538858e+01  8.57695899e+04 -1.62690484e-01 
 9.26118728e+04  9.69538800e+01  9.26118728e+04 -1.75669076e-01 
 1.00000000e+05  9.69538732e+01  1.00000000e+05 -1.89683020e-01 
 1.07977516e+05  9.69538653e+01  1.07977516e+05 -2.04814906e-01 
 1.16591440e+05  9.69538560e+01  1.16591440e+05 -2.21153913e-01 
 1.25892541e+05  9.69538453e+01  1.25892541e+05 -2.38796333e-01 
 1.35935639e+05  9.69538327e+01  1.35935639e+05 -2.57846135e-01 
 1.46779927e+05  9.69538181e+01  1.46779927e+05 -2.78415582e-01 
 1.58489319e+05  9.69538010e+01  1.58489319e+05 -3.00625891e-01 
 1.71132830e+05  9.69537811e+01  1.71132830e+05 -3.24607943e-01 
 1.84784980e+05  9.69537579e+01  1.84784980e+05 -3.50503056e-01 
 1.99526231e+05  9.69537309e+01  1.99526231e+05 -3.78463817e-01 
 2.15443469e+05  9.69536993e+01  2.15443469e+05 -4.08654977e-01 
 2.32630507e+05  9.69536625e+01  2.32630507e+05 -4.41254420e-01 
 2.51188643e+05  9.69536197e+01  2.51188643e+05 -4.76454212e-01 
 2.71227258e+05  9.69535697e+01  2.71227258e+05 -5.14461722e-01 
 2.92864456e+05  9.69535114e+01  2.92864456e+05 -5.55500848e-01 
 3.16227766e+05  9.69534435e+01  3.16227766e+05 -5.99813322e-01 
 3.41454887e+05  9.69533642e+01  3.41454887e+05 -6.47660133e-01 
 3.68694506e+05  9.69532719e+01  3.68694506e+05 -6.99323051e-01 
 3.98107171e+05  9.69531642e+01  3.98107171e+05 -7.55106282e-01 
 4.29866235e+05  9.69530386e+01  4.29866235e+05 -8.15338236e-01 
 4.64158883e+05  9.69528923e+01  4.64158883e+05 -8.80373450e-01 
 5.01187234e+05  9.69527216e+01  5.01187234e+05 -9.50594653e-01 
 5.41169527e+05  9.69525226e+01  5.41169527e+05 -1.02641498e+00 
 5.84341413e+05  9.69522906e+01  5.84341413e+05 -1.10828040e+00 
 6.30957344e+05  9.69520202e+01  6.30957344e+05 -1.19667224e+00 
 6.81292069e+05  9.69517049e+01  6.81292069e+05 -1.29211001e+00 
 7.35642254e+05  9.69513373e+01  7.35642254e+05 -1.39515437e+00 
 7.94328235e+05  9.69509087e+01  7.94328235e+05 -1.50641033e+00 
 8.57695899e+05  9.69504091e+01  8.57695899e+05 -1.62653070e+00 
 9.26118728e+05  9.69498266e+01  9.26118728e+05 -1.75621978e+00 
 1.00000000e+06  9.69491476e+01  1.00000000e+06 -1.89623733e+00 
 1.07977516e+06  9.69483560e+01  1.07977516e+06 -2.04740277e+00 
 1.16591440e+06  9.69474332e+01  1.16591440e+06 -2.21059973e+00 
 1.25892541e+06  9.69463574e+01  1.25892541e+06 -2.38678087e+00 
 1.35935639e+06  9.69451034e+01  1.35935639e+06 -2.57697298e+00 
 1.46779927e+06  9.69436417e+01  1.46779927e+06 -2.78228248e+00 
 1.58489319e+06  9.69419379e+01  1.58489319e+06 -3.00390108e+00 
 1.71132830e+06  9.69399521e+01  1.71132830e+06 -3.24311194e+00 
 1.84784980e+06  9.69376375e+01  1.84784980e+06 -3.50129595e+00 
 1.99526231e+06  9.69349401e+01  1.99526231e+06 -3.77993838e+00 
 2.15443469e+06  9.69317967e+01  2.15443469e+06 -4.08063574e+00 
 2.32630507e+06  9.69281337e+01  2.32630507e+06 -4.40510276e+00 
 2.51188643e+06  9.69238657e+01  2.51188643e+06 -4.75517959e+00 
 2.71227258e+06  9.69188934e+01  2.71227258e+06 -5.13283882e+00 
 2.92864456e+06  9.69131012e+01  2.92864456e+06 -5.54019252e+00 
 3.16227766e+06  9.69063549e+01  3.16227766e+06 -5.97949885e+00 
 3.41454887e+06  9.68984986e+01  3.41454887e+06 -6.45316808e+00 
 3.68694506e+06  9.68893513e+01  3.68694506e+06 -6.96376783e+00 
 3.98107171e+06  9.68787032e+01  3.98107171e+06 -7.51402700e+00 
 4.29866235e+06  9.68663113e+01  4.29866235e+06 -8.10683796e+00 
 4.64158883e+06  9.68518940e+01  4.64158883e+06 -8.74525648e+00 
 5.01187234e+06  9.68351259e+01  5.01187234e+06 -9.43249859e+00 
 5.41169527e+06  9.68156308e+01  5.41169527e+06 -1.01719336e+01 
 5.84341413e+06  9.67929751e+01  5.84341413e+06 -1.09670720e+01 
 6.30957344e+06  9.67666586e+01  6.30957344e+06 -1.18215477e+01 
 6.81292069e+06  9.67361066e+01  6.81292069e+06 -1.27390917e+01 
 7.35642254e+06  9.67006583e+01  7.35642254e+06 -1.37234974e+01 
 7.94328235e+06  9.66595563e+01  7.94328235e+06 -1.47785733e+01 
 8.57695899e+06  9.66119327e+01  8.57695899e+06 -1.59080825e+01 
 9.26118728e+06  9.65567950e+01  9.26118728e+06 -1.71156636e+01 
 1.00000000e+07  9.64930082e+01  1.00000000e+07 -1.84047298e+01 
 1.07977516e+07  9.64192742e+01  1.07977516e+07 -1.97783368e+01 
 1.16591440e+07  9.63341058e+01  1.16591440e+07 -2.12390078e+01 
 1.25892541e+07  9.62357929e+01  1.25892541e+07 -2.27884889e+01 
 1.35935639e+07  9.61223564e+01  1.35935639e+07 -2.44273874e+01 
 1.46779927e+07  9.59914849e+01  1.46779927e+07 -2.61545956e+01 
 1.58489319e+07  9.58404491e+01  1.58489319e+07 -2.79662992e+01 
 1.71132830e+07  9.56660007e+01  1.71132830e+07 -2.98541695e+01 
 1.84784980e+07  9.54643068e+01  1.84784980e+07 -3.18019561e+01 
 1.99526231e+07  9.52311259e+01  1.99526231e+07 -3.37791547e+01 
 2.15443469e+07  9.49628676e+01  2.15443469e+07 -3.57304515e+01 
 2.32630507e+07  9.46601171e+01  2.32630507e+07 -3.75643045e+01 
 2.51188643e+07  9.43355771e+01  2.51188643e+07 -3.91652514e+01 
 2.71227258e+07  9.40214111e+01  2.71227258e+07 -4.04907602e+01 
 2.92864456e+07  9.37522147e+01  2.92864456e+07 -4.17323509e+01 
 3.16227766e+07  9.35216226e+01  3.16227766e+07 -4.32347803e+01 
 3.41454887e+07  9.32844455e+01  3.41454887e+07 -4.51406509e+01 
 3.68694506e+07  9.30056228e+01  3.68694506e+07 -4.73315193e+01 
 3.98107171e+07  9.26764191e+01  3.98107171e+07 -4.96384897e+01 
 4.29866235e+07  9.23014215e+01  4.29866235e+07 -5.19506735e+01 
 4.64158883e+07  9.18878363e+01  4.64158883e+07 -5.42118120e+01 
 5.01187234e+07  9.14419046e+01  5.01187234e+07 -5.63958120e+01 
 5.41169527e+07  9.09684520e+01  5.41169527e+07 -5.84907194e+01 
 5.84341413e+07  9.04712078e+01  5.84341413e+07 -6.04909962e+01 
 6.30957344e+07  8.99531586e+01  6.30957344e+07 -6.23941875e+01 
 6.81292069e+07  8.94167950e+01  6.81292069e+07 -6.41995395e+01 
 7.35642254e+07  8.88642634e+01  7.35642254e+07 -6.59074210e+01 
 7.94328235e+07  8.82974541e+01  7.94328235e+07 -6.75190572e+01 
 8.57695899e+07  8.77180530e+01  8.57695899e+07 -6.90363769e+01 
 9.26118728e+07  8.71275709e+01  9.26118728e+07 -7.04618971e+01 
 1.00000000e+08  8.65273636e+01  1.00000000e+08 -7.17986184e+01 
 1.07977516e+08  8.59186446e+01  1.07977516e+08 -7.30499251e+01 
 1.16591440e+08  8.53024955e+01  1.16591440e+08 -7.42194892e+01 
 1.25892541e+08  8.46798760e+01  1.25892541e+08 -7.53111795e+01 
 1.35935639e+08  8.40516320e+01  1.35935639e+08 -7.63289768e+01 
 1.46779927e+08  8.34185053e+01  1.46779927e+08 -7.72768981e+01 
 1.58489319e+08  8.27811430e+01  1.58489319e+08 -7.81589285e+01 
 1.71132830e+08  8.21401068e+01  1.71132830e+08 -7.89789650e+01 
 1.84784980e+08  8.14958838e+01  1.84784980e+08 -7.97407724e+01 
 1.99526231e+08  8.08488962e+01  1.99526231e+08 -8.04479534e+01 
 2.15443469e+08  8.01995110e+01  2.15443469e+08 -8.11039327e+01 
 2.32630507e+08  7.95480482e+01  2.32630507e+08 -8.17119527e+01 
 2.51188643e+08  7.88947880e+01  2.51188643e+08 -8.22750777e+01 
 2.71227258e+08  7.82399756e+01  2.71227258e+08 -8.27962031e+01 
 2.92864456e+08  7.75838256e+01  2.92864456e+08 -8.32780643e+01 
 3.16227766e+08  7.69265247e+01  3.16227766e+08 -8.37232438e+01 
 3.41454887e+08  7.62682339e+01  3.41454887e+08 -8.41341751e+01 
 3.68694506e+08  7.56090902e+01  3.68694506e+08 -8.45131437e+01 
 3.98107171e+08  7.49492091e+01  3.98107171e+08 -8.48622853e+01 
 4.29866235e+08  7.42886864e+01  4.29866235e+08 -8.51835836e+01 
 4.64158883e+08  7.36276007e+01  4.64158883e+08 -8.54788682e+01 
 5.01187234e+08  7.29660156e+01  5.01187234e+08 -8.57498137e+01 
 5.41169527e+08  7.23039827e+01  5.41169527e+08 -8.59979410e+01 
 5.84341413e+08  7.16415438e+01  5.84341413e+08 -8.62246208e+01 
 6.30957344e+08  7.09787335e+01  6.30957344e+08 -8.64310794e+01 
 6.81292069e+08  7.03155810e+01  6.81292069e+08 -8.66184062e+01 
 7.35642254e+08  6.96521121e+01  7.35642254e+08 -8.67875635e+01 
 7.94328235e+08  6.89883506e+01  7.94328235e+08 -8.69393959e+01 
 8.57695899e+08  6.83243188e+01  8.57695899e+08 -8.70746402e+01 
 9.26118728e+08  6.76600391e+01  9.26118728e+08 -8.71939349e+01 
 1.00000000e+09  6.69955334e+01  1.00000000e+09 -8.72978286e+01 
