 1.00000000e+00  9.72108193e+01  1.00000000e+00 -1.96178667e-06 
 1.07977516e+00  9.72108193e+01  1.07977516e+00 -2.11828852e-06 
 1.16591440e+00  9.72108193e+01  1.16591440e+00 -2.28727533e-06 
 1.25892541e+00  9.72108193e+01  1.25892541e+00 -2.46974309e-06 
 1.35935639e+00  9.72108193e+01  1.35935639e+00 -2.66676725e-06 
 1.46779927e+00  9.72108193e+01  1.46779927e+00 -2.87950904e-06 
 1.58489319e+00  9.72108193e+01  1.58489319e+00 -3.10922234e-06 
 1.71132830e+00  9.72108193e+01  1.71132830e+00 -3.35726105e-06 
 1.84784980e+00  9.72108193e+01  1.84784980e+00 -3.62508710e-06 
 1.99526231e+00  9.72108193e+01  1.99526231e+00 -3.91427901e-06 
 2.15443469e+00  9.72108193e+01  2.15443469e+00 -4.22654125e-06 
 2.32630507e+00  9.72108193e+01  2.32630507e+00 -4.56371427e-06 
 2.51188643e+00  9.72108193e+01  2.51188643e+00 -4.92778532e-06 
 2.71227258e+00  9.72108193e+01  2.71227258e+00 -5.32090019e-06 
 2.92864456e+00  9.72108193e+01  2.92864456e+00 -5.74537586e-06 
 3.16227766e+00  9.72108193e+01  3.16227766e+00 -6.20371416e-06 
 3.41454887e+00  9.72108193e+01  3.41454887e+00 -6.69861646e-06 
 3.68694506e+00  9.72108193e+01  3.68694506e+00 -7.23299968e-06 
 3.98107171e+00  9.72108193e+01  3.98107171e+00 -7.81001340e-06 
 4.29866235e+00  9.72108193e+01  4.29866235e+00 -8.43305849e-06 
 4.64158883e+00  9.72108193e+01  4.64158883e+00 -9.10580710e-06 
 5.01187234e+00  9.72108193e+01  5.01187234e+00 -9.83222434e-06 
 5.41169527e+00  9.72108193e+01  5.41169527e+00 -1.06165916e-05 
 5.84341413e+00  9.72108193e+01  5.84341413e+00 -1.14635319e-05 
 6.30957344e+00  9.72108193e+01  6.30957344e+00 -1.23780371e-05 
 6.81292069e+00  9.72108193e+01  6.81292069e+00 -1.33654970e-05 
 7.35642254e+00  9.72108193e+01  7.35642254e+00 -1.44317317e-05 
 7.94328235e+00  9.72108193e+01  7.94328235e+00 -1.55830254e-05 
 8.57695899e+00  9.72108193e+01  8.57695899e+00 -1.68261638e-05 
 9.26118728e+00  9.72108193e+01  9.26118728e+00 -1.81684737e-05 
 1.00000000e+01  9.72108193e+01  1.00000000e+01 -1.96178667e-05 
 1.07977516e+01  9.72108193e+01  1.07977516e+01 -2.11828852e-05 
 1.16591440e+01  9.72108193e+01  1.16591440e+01 -2.28727533e-05 
 1.25892541e+01  9.72108193e+01  1.25892541e+01 -2.46974309e-05 
 1.35935639e+01  9.72108193e+01  1.35935639e+01 -2.66676725e-05 
 1.46779927e+01  9.72108193e+01  1.46779927e+01 -2.87950904e-05 
 1.58489319e+01  9.72108193e+01  1.58489319e+01 -3.10922234e-05 
 1.71132830e+01  9.72108193e+01  1.71132830e+01 -3.35726105e-05 
 1.84784980e+01  9.72108193e+01  1.84784980e+01 -3.62508710e-05 
 1.99526231e+01  9.72108193e+01  1.99526231e+01 -3.91427901e-05 
 2.15443469e+01  9.72108193e+01  2.15443469e+01 -4.22654125e-05 
 2.32630507e+01  9.72108193e+01  2.32630507e+01 -4.56371427e-05 
 2.51188643e+01  9.72108193e+01  2.51188643e+01 -4.92778532e-05 
 2.71227258e+01  9.72108193e+01  2.71227258e+01 -5.32090019e-05 
 2.92864456e+01  9.72108193e+01  2.92864456e+01 -5.74537586e-05 
 3.16227766e+01  9.72108193e+01  3.16227766e+01 -6.20371416e-05 
 3.41454887e+01  9.72108193e+01  3.41454887e+01 -6.69861646e-05 
 3.68694506e+01  9.72108193e+01  3.68694506e+01 -7.23299968e-05 
 3.98107171e+01  9.72108193e+01  3.98107171e+01 -7.81001340e-05 
 4.29866235e+01  9.72108193e+01  4.29866235e+01 -8.43305849e-05 
 4.64158883e+01  9.72108193e+01  4.64158883e+01 -9.10580710e-05 
 5.01187234e+01  9.72108193e+01  5.01187234e+01 -9.83222434e-05 
 5.41169527e+01  9.72108193e+01  5.41169527e+01 -1.06165916e-04 
 5.84341413e+01  9.72108193e+01  5.84341413e+01 -1.14635319e-04 
 6.30957344e+01  9.72108193e+01  6.30957344e+01 -1.23780371e-04 
 6.81292069e+01  9.72108193e+01  6.81292069e+01 -1.33654970e-04 
 7.35642254e+01  9.72108193e+01  7.35642254e+01 -1.44317317e-04 
 7.94328235e+01  9.72108193e+01  7.94328235e+01 -1.55830254e-04 
 8.57695899e+01  9.72108193e+01  8.57695899e+01 -1.68261638e-04 
 9.26118728e+01  9.72108193e+01  9.26118728e+01 -1.81684737e-04 
 1.00000000e+02  9.72108193e+01  1.00000000e+02 -1.96178667e-04 
 1.07977516e+02  9.72108193e+01  1.07977516e+02 -2.11828852e-04 
 1.16591440e+02  9.72108193e+01  1.16591440e+02 -2.28727533e-04 
 1.25892541e+02  9.72108193e+01  1.25892541e+02 -2.46974309e-04 
 1.35935639e+02  9.72108193e+01  1.35935639e+02 -2.66676725e-04 
 1.46779927e+02  9.72108193e+01  1.46779927e+02 -2.87950904e-04 
 1.58489319e+02  9.72108193e+01  1.58489319e+02 -3.10922234e-04 
 1.71132830e+02  9.72108193e+01  1.71132830e+02 -3.35726105e-04 
 1.84784980e+02  9.72108193e+01  1.84784980e+02 -3.62508710e-04 
 1.99526231e+02  9.72108193e+01  1.99526231e+02 -3.91427901e-04 
 2.15443469e+02  9.72108193e+01  2.15443469e+02 -4.22654125e-04 
 2.32630507e+02  9.72108193e+01  2.32630507e+02 -4.56371427e-04 
 2.51188643e+02  9.72108193e+01  2.51188643e+02 -4.92778532e-04 
 2.71227258e+02  9.72108193e+01  2.71227258e+02 -5.32090019e-04 
 2.92864456e+02  9.72108193e+01  2.92864456e+02 -5.74537586e-04 
 3.16227766e+02  9.72108193e+01  3.16227766e+02 -6.20371416e-04 
 3.41454887e+02  9.72108193e+01  3.41454887e+02 -6.69861646e-04 
 3.68694506e+02  9.72108193e+01  3.68694506e+02 -7.23299968e-04 
 3.98107171e+02  9.72108193e+01  3.98107171e+02 -7.81001340e-04 
 4.29866235e+02  9.72108193e+01  4.29866235e+02 -8.43305849e-04 
 4.64158883e+02  9.72108193e+01  4.64158883e+02 -9.10580710e-04 
 5.01187234e+02  9.72108193e+01  5.01187234e+02 -9.83222433e-04 
 5.41169527e+02  9.72108193e+01  5.41169527e+02 -1.06165916e-03 
 5.84341413e+02  9.72108193e+01  5.84341413e+02 -1.14635319e-03 
 6.30957344e+02  9.72108193e+01  6.30957344e+02 -1.23780371e-03 
 6.81292069e+02  9.72108193e+01  6.81292069e+02 -1.33654970e-03 
 7.35642254e+02  9.72108193e+01  7.35642254e+02 -1.44317317e-03 
 7.94328235e+02  9.72108193e+01  7.94328235e+02 -1.55830254e-03 
 8.57695899e+02  9.72108193e+01  8.57695899e+02 -1.68261638e-03 
 9.26118728e+02  9.72108193e+01  9.26118728e+02 -1.81684737e-03 
 1.00000000e+03  9.72108193e+01  1.00000000e+03 -1.96178667e-03 
 1.07977516e+03  9.72108193e+01  1.07977516e+03 -2.11828852e-03 
 1.16591440e+03  9.72108193e+01  1.16591440e+03 -2.28727533e-03 
 1.25892541e+03  9.72108193e+01  1.25892541e+03 -2.46974309e-03 
 1.35935639e+03  9.72108193e+01  1.35935639e+03 -2.66676724e-03 
 1.46779927e+03  9.72108193e+01  1.46779927e+03 -2.87950903e-03 
 1.58489319e+03  9.72108193e+01  1.58489319e+03 -3.10922233e-03 
 1.71132830e+03  9.72108193e+01  1.71132830e+03 -3.35726105e-03 
 1.84784980e+03  9.72108193e+01  1.84784980e+03 -3.62508709e-03 
 1.99526231e+03  9.72108193e+01  1.99526231e+03 -3.91427901e-03 
 2.15443469e+03  9.72108193e+01  2.15443469e+03 -4.22654125e-03 
 2.32630507e+03  9.72108193e+01  2.32630507e+03 -4.56371426e-03 
 2.51188643e+03  9.72108193e+01  2.51188643e+03 -4.92778530e-03 
 2.71227258e+03  9.72108193e+01  2.71227258e+03 -5.32090018e-03 
 2.92864456e+03  9.72108192e+01  2.92864456e+03 -5.74537585e-03 
 3.16227766e+03  9.72108192e+01  3.16227766e+03 -6.20371414e-03 
 3.41454887e+03  9.72108192e+01  3.41454887e+03 -6.69861643e-03 
 3.68694506e+03  9.72108192e+01  3.68694506e+03 -7.23299964e-03 
 3.98107171e+03  9.72108192e+01  3.98107171e+03 -7.81001336e-03 
 4.29866235e+03  9.72108192e+01  4.29866235e+03 -8.43305843e-03 
 4.64158883e+03  9.72108192e+01  4.64158883e+03 -9.10580703e-03 
 5.01187234e+03  9.72108192e+01  5.01187234e+03 -9.83222425e-03 
 5.41169527e+03  9.72108191e+01  5.41169527e+03 -1.06165915e-02 
 5.84341413e+03  9.72108191e+01  5.84341413e+03 -1.14635318e-02 
 6.30957344e+03  9.72108191e+01  6.30957344e+03 -1.23780369e-02 
 6.81292069e+03  9.72108191e+01  6.81292069e+03 -1.33654968e-02 
 7.35642254e+03  9.72108190e+01  7.35642254e+03 -1.44317314e-02 
 7.94328235e+03  9.72108190e+01  7.94328235e+03 -1.55830251e-02 
 8.57695899e+03  9.72108189e+01  8.57695899e+03 -1.68261634e-02 
 9.26118728e+03  9.72108189e+01  9.26118728e+03 -1.81684732e-02 
 1.00000000e+04  9.72108188e+01  1.00000000e+04 -1.96178660e-02 
 1.07977516e+04  9.72108187e+01  1.07977516e+04 -2.11828844e-02 
 1.16591440e+04  9.72108186e+01  1.16591440e+04 -2.28727522e-02 
 1.25892541e+04  9.72108185e+01  1.25892541e+04 -2.46974296e-02 
 1.35935639e+04  9.72108183e+01  1.35935639e+04 -2.66676708e-02 
 1.46779927e+04  9.72108182e+01  1.46779927e+04 -2.87950883e-02 
 1.58489319e+04  9.72108180e+01  1.58489319e+04 -3.10922207e-02 
 1.71132830e+04  9.72108178e+01  1.71132830e+04 -3.35726072e-02 
 1.84784980e+04  9.72108175e+01  1.84784980e+04 -3.62508668e-02 
 1.99526231e+04  9.72108172e+01  1.99526231e+04 -3.91427848e-02 
 2.15443469e+04  9.72108169e+01  2.15443469e+04 -4.22654059e-02 
 2.32630507e+04  9.72108165e+01  2.32630507e+04 -4.56371344e-02 
 2.51188643e+04  9.72108161e+01  2.51188643e+04 -4.92778427e-02 
 2.71227258e+04  9.72108155e+01  2.71227258e+04 -5.32089887e-02 
 2.92864456e+04  9.72108149e+01  2.92864456e+04 -5.74537420e-02 
 3.16227766e+04  9.72108142e+01  3.16227766e+04 -6.20371206e-02 
 3.41454887e+04  9.72108133e+01  3.41454887e+04 -6.69861383e-02 
 3.68694506e+04  9.72108123e+01  3.68694506e+04 -7.23299636e-02 
 3.98107171e+04  9.72108112e+01  3.98107171e+04 -7.81000922e-02 
 4.29866235e+04  9.72108098e+01  4.29866235e+04 -8.43305323e-02 
 4.64158883e+04  9.72108082e+01  4.64158883e+04 -9.10580048e-02 
 5.01187234e+04  9.72108064e+01  5.01187234e+04 -9.83221600e-02 
 5.41169527e+04  9.72108043e+01  5.41169527e+04 -1.06165811e-01 
 5.84341413e+04  9.72108018e+01  5.84341413e+04 -1.14635187e-01 
 6.30957344e+04  9.72107989e+01  6.30957344e+04 -1.23780204e-01 
 6.81292069e+04  9.72107955e+01  6.81292069e+04 -1.33654761e-01 
 7.35642254e+04  9.72107915e+01  7.35642254e+04 -1.44317053e-01 
 7.94328235e+04  9.72107869e+01  7.94328235e+04 -1.55829922e-01 
 8.57695899e+04  9.72107816e+01  8.57695899e+04 -1.68261220e-01 
 9.26118728e+04  9.72107753e+01  9.26118728e+04 -1.81684212e-01 
 1.00000000e+05  9.72107680e+01  1.00000000e+05 -1.96178005e-01 
 1.07977516e+05  9.72107595e+01  1.07977516e+05 -2.11828018e-01 
 1.16591440e+05  9.72107496e+01  1.16591440e+05 -2.28726484e-01 
 1.25892541e+05  9.72107380e+01  1.25892541e+05 -2.46972988e-01 
 1.35935639e+05  9.72107245e+01  1.35935639e+05 -2.66675062e-01 
 1.46779927e+05  9.72107088e+01  1.46779927e+05 -2.87948810e-01 
 1.58489319e+05  9.72106904e+01  1.58489319e+05 -3.10919598e-01 
 1.71132830e+05  9.72106691e+01  1.71132830e+05 -3.35722787e-01 
 1.84784980e+05  9.72106441e+01  1.84784980e+05 -3.62504533e-01 
 1.99526231e+05  9.72106151e+01  1.99526231e+05 -3.91422642e-01 
 2.15443469e+05  9.72105812e+01  2.15443469e+05 -4.22647505e-01 
 2.32630507e+05  9.72105417e+01  2.32630507e+05 -4.56363092e-01 
 2.51188643e+05  9.72104956e+01  2.51188643e+05 -4.92768039e-01 
 2.71227258e+05  9.72104419e+01  2.71227258e+05 -5.32076809e-01 
 2.92864456e+05  9.72103793e+01  2.92864456e+05 -5.74520957e-01 
 3.16227766e+05  9.72103063e+01  3.16227766e+05 -6.20350481e-01 
 3.41454887e+05  9.72102212e+01  3.41454887e+05 -6.69835291e-01 
 3.68694506e+05  9.72101220e+01  3.68694506e+05 -7.23266789e-01 
 3.98107171e+05  9.72100063e+01  3.98107171e+05 -7.80959571e-01 
 4.29866235e+05  9.72098715e+01  4.29866235e+05 -8.43253265e-01 
 4.64158883e+05  9.72097142e+01  4.64158883e+05 -9.10514512e-01 
 5.01187234e+05  9.72095309e+01  5.01187234e+05 -9.83139098e-01 
 5.41169527e+05  9.72093171e+01  5.41169527e+05 -1.06155425e+00 
 5.84341413e+05  9.72090679e+01  5.84341413e+05 -1.14622112e+00 
 6.30957344e+05  9.72087774e+01  6.30957344e+05 -1.23763745e+00 
 6.81292069e+05  9.72084387e+01  6.81292069e+05 -1.33634040e+00 
 7.35642254e+05  9.72080438e+01  7.35642254e+05 -1.44290969e+00 
 7.94328235e+05  9.72075834e+01  7.94328235e+05 -1.55797086e+00 
 8.57695899e+05  9.72070467e+01  8.57695899e+05 -1.68219885e+00 
 9.26118728e+05  9.72064210e+01  9.26118728e+05 -1.81632178e+00 
 1.00000000e+06  9.72056916e+01  1.00000000e+06 -1.96112504e+00 
 1.07977516e+06  9.72048412e+01  1.07977516e+06 -2.11745567e+00 
 1.16591440e+06  9.72038499e+01  1.16591440e+06 -2.28622697e+00 
 1.25892541e+06  9.72026943e+01  1.25892541e+06 -2.46842349e+00 
 1.35935639e+06  9.72013472e+01  1.35935639e+06 -2.66510626e+00 
 1.46779927e+06  9.71997771e+01  1.46779927e+06 -2.87741841e+00 
 1.58489319e+06  9.71979468e+01  1.58489319e+06 -3.10659102e+00 
 1.71132830e+06  9.71958136e+01  1.71132830e+06 -3.35394934e+00 
 1.84784980e+06  9.71933273e+01  1.84784980e+06 -3.62091926e+00 
 1.99526231e+06  9.71904298e+01  1.99526231e+06 -3.90903399e+00 
 2.15443469e+06  9.71870531e+01  2.15443469e+06 -4.21994107e+00 
 2.32630507e+06  9.71831184e+01  2.32630507e+06 -4.55540939e+00 
 2.51188643e+06  9.71785340e+01  2.51188643e+06 -4.91733632e+00 
 2.71227258e+06  9.71731930e+01  2.71227258e+06 -5.30775480e+00 
 2.92864456e+06  9.71669713e+01  2.92864456e+06 -5.72884014e+00 
 3.16227766e+06  9.71597249e+01  3.16227766e+06 -6.18291642e+00 
 3.41454887e+06  9.71512864e+01  3.41454887e+06 -6.67246216e+00 
 3.68694506e+06  9.71414614e+01  3.68694506e+06 -7.20011496e+00 
 3.98107171e+06  9.71300247e+01  3.98107171e+06 -7.76867469e+00 
 4.29866235e+06  9.71167152e+01  4.29866235e+06 -8.38110457e+00 
 4.64158883e+06  9.71012308e+01  4.64158883e+06 -9.04052970e+00 
 5.01187234e+06  9.70832220e+01  5.01187234e+06 -9.75023203e+00 
 5.41169527e+06  9.70622850e+01  5.41169527e+06 -1.05136409e+01 
 5.84341413e+06  9.70379541e+01  5.84341413e+06 -1.13343177e+01 
 6.30957344e+06  9.70096924e+01  6.30957344e+06 -1.22159338e+01 
 6.81292069e+06  9.69768825e+01  6.81292069e+06 -1.31622393e+01 
 7.35642254e+06  9.69388145e+01  7.35642254e+06 -1.41770202e+01 
 7.94328235e+06  9.68946742e+01  7.94328235e+06 -1.52640431e+01 
 8.57695899e+06  9.68435280e+01  8.57695899e+06 -1.64269804e+01 
 9.26118728e+06  9.67843069e+01  9.26118728e+06 -1.76693145e+01 
 1.00000000e+07  9.67157864e+01  1.00000000e+07 -1.89942106e+01 
 1.07977516e+07  9.66365632e+01  1.07977516e+07 -2.04043460e+01 
 1.16591440e+07  9.65450251e+01  1.16591440e+07 -2.19016733e+01 
 1.25892541e+07  9.64393131e+01  1.25892541e+07 -2.34870755e+01 
 1.35935639e+07  9.63172714e+01  1.35935639e+07 -2.51598319e+01 
 1.46779927e+07  9.61763858e+01  1.46779927e+07 -2.69167414e+01 
 1.58489319e+07  9.60137185e+01  1.58489319e+07 -2.87506079e+01 
 1.71132830e+07  9.58258856e+01  1.71132830e+07 -3.06475489e+01 
 1.84784980e+07  9.56092273e+01  1.84784980e+07 -3.25822895e+01 
 1.99526231e+07  9.53606014e+01  1.99526231e+07 -3.45107305e+01 
 2.15443469e+07  9.50797797e+01  2.15443469e+07 -3.63619643e+01 
 2.32630507e+07  9.47747058e+01  2.32630507e+07 -3.80438696e+01 
 2.51188643e+07  9.44675060e+01  2.51188643e+07 -3.94988944e+01 
 2.71227258e+07  9.41880102e+01  2.71227258e+07 -4.08200183e+01 
 2.92864456e+07  9.39445496e+01  2.92864456e+07 -4.22672456e+01 
 3.16227766e+07  9.37089262e+01  3.16227766e+07 -4.40409237e+01 
 3.41454887e+07  9.34455721e+01  3.41454887e+07 -4.61205181e+01 
 3.68694506e+07  9.31375299e+01  3.68694506e+07 -4.83704216e+01 
 3.98107171e+07  9.27839245e+01  3.98107171e+07 -5.06703609e+01 
 4.29866235e+07  9.23899377e+01  4.29866235e+07 -5.29478551e+01 
 4.64158883e+07  9.19614238e+01  4.64158883e+07 -5.51651211e+01 
 5.01187234e+07  9.15033506e+01  5.01187234e+07 -5.73032147e+01 
 5.41169527e+07  9.10196933e+01  5.41169527e+07 -5.93525489e+01 
 5.84341413e+07  9.05136650e+01  5.84341413e+07 -6.13082328e+01 
 6.30957344e+07  8.99879420e+01  6.30957344e+07 -6.31679403e+01 
 6.81292069e+07  8.94448219e+01  6.81292069e+07 -6.49309454e+01 
 7.35642254e+07  8.88863219e+01  7.35642254e+07 -6.65976636e+01 
 7.94328235e+07  8.83142380e+01  7.94328235e+07 -6.81694016e+01 
 8.57695899e+07  8.77301803e+01  8.57695899e+07 -6.96481912e+01 
 9.26118728e+07  8.71355950e+01  9.26118728e+07 -7.10366553e+01 
 1.00000000e+08  8.65317792e+01  1.00000000e+08 -7.23378896e+01 
 1.07977516e+08  8.59198928e+01  1.07977516e+08 -7.35553527e+01 
 1.16591440e+08  8.53009680e+01  1.16591440e+08 -7.46927651e+01 
 1.25892541e+08  8.46759186e+01  1.25892541e+08 -7.57540171e+01 
 1.35935639e+08  8.40455492e+01  1.35935639e+08 -7.67430856e+01 
 1.46779927e+08  8.34105645e+01  1.46779927e+08 -7.76639609e+01 
 1.58489319e+08  8.27715786e+01  1.58489319e+08 -7.85205848e+01 
 1.71132830e+08  8.21291251e+01  1.71132830e+08 -7.93167996e+01 
 1.84784980e+08  8.14836668e+01  1.84784980e+08 -8.00563101e+01 
 1.99526231e+08  8.08356052e+01  1.99526231e+08 -8.07426589e+01 
 2.15443469e+08  8.01852893e+01  2.15443469e+08 -8.13792134e+01 
 2.32630507e+08  7.95330231e+01  2.32630507e+08 -8.19691633e+01 
 2.51188643e+08  7.88790724e+01  2.51188643e+08 -8.25155243e+01 
 2.71227258e+08  7.82236688e+01  2.71227258e+08 -8.30211456e+01 
 2.92864456e+08  7.75670141e+01  2.92864456e+08 -8.34887172e+01 
 3.16227766e+08  7.69092829e+01  3.16227766e+08 -8.39207755e+01 
 3.41454887e+08  7.62506247e+01  3.41454887e+08 -8.43197060e+01 
 3.68694506e+08  7.55911662e+01  3.68694506e+08 -8.46877437e+01 
 3.98107171e+08  7.49310133e+01  3.98107171e+08 -8.50269720e+01 
 4.29866235e+08  7.42702534e+01  4.29866235e+08 -8.53393210e+01 
 4.64158883e+08  7.36089580e+01  4.64158883e+08 -8.56265661e+01 
 5.01187234e+08  7.29471847e+01  5.01187234e+08 -8.58903287e+01 
 5.41169527e+08  7.22849803e+01  5.41169527e+08 -8.61320788e+01 
 5.84341413e+08  7.16223829e+01  5.84341413e+08 -8.63531393e+01 
 6.30957344e+08  7.09594244e+01  6.30957344e+08 -8.65546934e+01 
 6.81292069e+08  7.02961322e+01  6.81292069e+08 -8.67377929e+01 
 7.35642254e+08  6.96325309e+01  7.35642254e+08 -8.69033681e+01 
 7.94328235e+08  6.89686434e+01  7.94328235e+08 -8.70522379e+01 
 8.57695899e+08  6.83044917e+01  8.57695899e+08 -8.71851193e+01 
 9.26118728e+08  6.76400977e+01  9.26118728e+08 -8.73026372e+01 
 1.00000000e+09  6.69754831e+01  1.00000000e+09 -8.74053314e+01 
