 1.00000000e+00  9.70369683e+01  1.00000000e+00 -1.91583262e-06 
 1.07977516e+00  9.70369683e+01  1.07977516e+00 -2.06866847e-06 
 1.16591440e+00  9.70369683e+01  1.16591440e+00 -2.23369684e-06 
 1.25892541e+00  9.70369683e+01  1.25892541e+00 -2.41189037e-06 
 1.35935639e+00  9.70369683e+01  1.35935639e+00 -2.60429931e-06 
 1.46779927e+00  9.70369683e+01  1.46779927e+00 -2.81205771e-06 
 1.58489319e+00  9.70369683e+01  1.58489319e+00 -3.03639007e-06 
 1.71132830e+00  9.70369683e+01  1.71132830e+00 -3.27861858e-06 
 1.84784980e+00  9.70369683e+01  1.84784980e+00 -3.54017091e-06 
 1.99526231e+00  9.70369683e+01  1.99526231e+00 -3.82258862e-06 
 2.15443469e+00  9.70369683e+01  2.15443469e+00 -4.12753625e-06 
 2.32630507e+00  9.70369683e+01  2.32630507e+00 -4.45681112e-06 
 2.51188643e+00  9.70369683e+01  2.51188643e+00 -4.81235395e-06 
 2.71227258e+00  9.70369683e+01  2.71227258e+00 -5.19626027e-06 
 2.92864456e+00  9.70369683e+01  2.92864456e+00 -5.61079278e-06 
 3.16227766e+00  9.70369683e+01  3.16227766e+00 -6.05839468e-06 
 3.41454887e+00  9.70369683e+01  3.41454887e+00 -6.54170410e-06 
 3.68694506e+00  9.70369683e+01  3.68694506e+00 -7.06356961e-06 
 3.98107171e+00  9.70369683e+01  3.98107171e+00 -7.62706702e-06 
 4.29866235e+00  9.70369683e+01  4.29866235e+00 -8.23551753e-06 
 4.64158883e+00  9.70369683e+01  4.64158883e+00 -8.89250728e-06 
 5.01187234e+00  9.70369683e+01  5.01187234e+00 -9.60190849e-06 
 5.41169527e+00  9.70369683e+01  5.41169527e+00 -1.03679023e-05 
 5.84341413e+00  9.70369683e+01  5.84341413e+00 -1.11950034e-05 
 6.30957344e+00  9.70369683e+01  6.30957344e+00 -1.20880866e-05 
 6.81292069e+00  9.70369683e+01  6.81292069e+00 -1.30524157e-05 
 7.35642254e+00  9.70369683e+01  7.35642254e+00 -1.40936743e-05 
 7.94328235e+00  9.70369683e+01  7.94328235e+00 -1.52179994e-05 
 8.57695899e+00  9.70369683e+01  8.57695899e+00 -1.64320178e-05 
 9.26118728e+00  9.70369683e+01  9.26118728e+00 -1.77428847e-05 
 1.00000000e+01  9.70369683e+01  1.00000000e+01 -1.91583262e-05 
 1.07977516e+01  9.70369683e+01  1.07977516e+01 -2.06866847e-05 
 1.16591440e+01  9.70369683e+01  1.16591440e+01 -2.23369684e-05 
 1.25892541e+01  9.70369683e+01  1.25892541e+01 -2.41189037e-05 
 1.35935639e+01  9.70369683e+01  1.35935639e+01 -2.60429931e-05 
 1.46779927e+01  9.70369683e+01  1.46779927e+01 -2.81205771e-05 
 1.58489319e+01  9.70369683e+01  1.58489319e+01 -3.03639007e-05 
 1.71132830e+01  9.70369683e+01  1.71132830e+01 -3.27861858e-05 
 1.84784980e+01  9.70369683e+01  1.84784980e+01 -3.54017091e-05 
 1.99526231e+01  9.70369683e+01  1.99526231e+01 -3.82258862e-05 
 2.15443469e+01  9.70369683e+01  2.15443469e+01 -4.12753625e-05 
 2.32630507e+01  9.70369683e+01  2.32630507e+01 -4.45681112e-05 
 2.51188643e+01  9.70369683e+01  2.51188643e+01 -4.81235395e-05 
 2.71227258e+01  9.70369683e+01  2.71227258e+01 -5.19626027e-05 
 2.92864456e+01  9.70369683e+01  2.92864456e+01 -5.61079278e-05 
 3.16227766e+01  9.70369683e+01  3.16227766e+01 -6.05839468e-05 
 3.41454887e+01  9.70369683e+01  3.41454887e+01 -6.54170410e-05 
 3.68694506e+01  9.70369683e+01  3.68694506e+01 -7.06356961e-05 
 3.98107171e+01  9.70369683e+01  3.98107171e+01 -7.62706702e-05 
 4.29866235e+01  9.70369683e+01  4.29866235e+01 -8.23551753e-05 
 4.64158883e+01  9.70369683e+01  4.64158883e+01 -8.89250728e-05 
 5.01187234e+01  9.70369683e+01  5.01187234e+01 -9.60190849e-05 
 5.41169527e+01  9.70369683e+01  5.41169527e+01 -1.03679023e-04 
 5.84341413e+01  9.70369683e+01  5.84341413e+01 -1.11950034e-04 
 6.30957344e+01  9.70369683e+01  6.30957344e+01 -1.20880866e-04 
 6.81292069e+01  9.70369683e+01  6.81292069e+01 -1.30524157e-04 
 7.35642254e+01  9.70369683e+01  7.35642254e+01 -1.40936743e-04 
 7.94328235e+01  9.70369683e+01  7.94328235e+01 -1.52179994e-04 
 8.57695899e+01  9.70369683e+01  8.57695899e+01 -1.64320178e-04 
 9.26118728e+01  9.70369683e+01  9.26118728e+01 -1.77428847e-04 
 1.00000000e+02  9.70369683e+01  1.00000000e+02 -1.91583262e-04 
 1.07977516e+02  9.70369683e+01  1.07977516e+02 -2.06866847e-04 
 1.16591440e+02  9.70369683e+01  1.16591440e+02 -2.23369684e-04 
 1.25892541e+02  9.70369683e+01  1.25892541e+02 -2.41189037e-04 
 1.35935639e+02  9.70369683e+01  1.35935639e+02 -2.60429931e-04 
 1.46779927e+02  9.70369683e+01  1.46779927e+02 -2.81205771e-04 
 1.58489319e+02  9.70369683e+01  1.58489319e+02 -3.03639007e-04 
 1.71132830e+02  9.70369683e+01  1.71132830e+02 -3.27861858e-04 
 1.84784980e+02  9.70369683e+01  1.84784980e+02 -3.54017091e-04 
 1.99526231e+02  9.70369683e+01  1.99526231e+02 -3.82258862e-04 
 2.15443469e+02  9.70369683e+01  2.15443469e+02 -4.12753625e-04 
 2.32630507e+02  9.70369683e+01  2.32630507e+02 -4.45681112e-04 
 2.51188643e+02  9.70369683e+01  2.51188643e+02 -4.81235395e-04 
 2.71227258e+02  9.70369683e+01  2.71227258e+02 -5.19626027e-04 
 2.92864456e+02  9.70369683e+01  2.92864456e+02 -5.61079278e-04 
 3.16227766e+02  9.70369683e+01  3.16227766e+02 -6.05839468e-04 
 3.41454887e+02  9.70369683e+01  3.41454887e+02 -6.54170410e-04 
 3.68694506e+02  9.70369683e+01  3.68694506e+02 -7.06356961e-04 
 3.98107171e+02  9.70369683e+01  3.98107171e+02 -7.62706702e-04 
 4.29866235e+02  9.70369683e+01  4.29866235e+02 -8.23551753e-04 
 4.64158883e+02  9.70369683e+01  4.64158883e+02 -8.89250728e-04 
 5.01187234e+02  9.70369683e+01  5.01187234e+02 -9.60190849e-04 
 5.41169527e+02  9.70369683e+01  5.41169527e+02 -1.03679023e-03 
 5.84341413e+02  9.70369683e+01  5.84341413e+02 -1.11950034e-03 
 6.30957344e+02  9.70369683e+01  6.30957344e+02 -1.20880866e-03 
 6.81292069e+02  9.70369683e+01  6.81292069e+02 -1.30524157e-03 
 7.35642254e+02  9.70369683e+01  7.35642254e+02 -1.40936743e-03 
 7.94328235e+02  9.70369683e+01  7.94328235e+02 -1.52179994e-03 
 8.57695899e+02  9.70369683e+01  8.57695899e+02 -1.64320178e-03 
 9.26118728e+02  9.70369683e+01  9.26118728e+02 -1.77428847e-03 
 1.00000000e+03  9.70369683e+01  1.00000000e+03 -1.91583262e-03 
 1.07977516e+03  9.70369683e+01  1.07977516e+03 -2.06866847e-03 
 1.16591440e+03  9.70369683e+01  1.16591440e+03 -2.23369684e-03 
 1.25892541e+03  9.70369683e+01  1.25892541e+03 -2.41189036e-03 
 1.35935639e+03  9.70369683e+01  1.35935639e+03 -2.60429931e-03 
 1.46779927e+03  9.70369683e+01  1.46779927e+03 -2.81205771e-03 
 1.58489319e+03  9.70369683e+01  1.58489319e+03 -3.03639007e-03 
 1.71132830e+03  9.70369683e+01  1.71132830e+03 -3.27861858e-03 
 1.84784980e+03  9.70369683e+01  1.84784980e+03 -3.54017091e-03 
 1.99526231e+03  9.70369683e+01  1.99526231e+03 -3.82258862e-03 
 2.15443469e+03  9.70369683e+01  2.15443469e+03 -4.12753624e-03 
 2.32630507e+03  9.70369683e+01  2.32630507e+03 -4.45681112e-03 
 2.51188643e+03  9.70369683e+01  2.51188643e+03 -4.81235394e-03 
 2.71227258e+03  9.70369683e+01  2.71227258e+03 -5.19626026e-03 
 2.92864456e+03  9.70369683e+01  2.92864456e+03 -5.61079276e-03 
 3.16227766e+03  9.70369683e+01  3.16227766e+03 -6.05839466e-03 
 3.41454887e+03  9.70369683e+01  3.41454887e+03 -6.54170408e-03 
 3.68694506e+03  9.70369683e+01  3.68694506e+03 -7.06356958e-03 
 3.98107171e+03  9.70369682e+01  3.98107171e+03 -7.62706698e-03 
 4.29866235e+03  9.70369682e+01  4.29866235e+03 -8.23551748e-03 
 4.64158883e+03  9.70369682e+01  4.64158883e+03 -8.89250722e-03 
 5.01187234e+03  9.70369682e+01  5.01187234e+03 -9.60190841e-03 
 5.41169527e+03  9.70369682e+01  5.41169527e+03 -1.03679022e-02 
 5.84341413e+03  9.70369682e+01  5.84341413e+03 -1.11950033e-02 
 6.30957344e+03  9.70369681e+01  6.30957344e+03 -1.20880864e-02 
 6.81292069e+03  9.70369681e+01  6.81292069e+03 -1.30524155e-02 
 7.35642254e+03  9.70369681e+01  7.35642254e+03 -1.40936740e-02 
 7.94328235e+03  9.70369680e+01  7.94328235e+03 -1.52179991e-02 
 8.57695899e+03  9.70369680e+01  8.57695899e+03 -1.64320174e-02 
 9.26118728e+03  9.70369679e+01  9.26118728e+03 -1.77428842e-02 
 1.00000000e+04  9.70369678e+01  1.00000000e+04 -1.91583255e-02 
 1.07977516e+04  9.70369678e+01  1.07977516e+04 -2.06866840e-02 
 1.16591440e+04  9.70369677e+01  1.16591440e+04 -2.23369674e-02 
 1.25892541e+04  9.70369675e+01  1.25892541e+04 -2.41189024e-02 
 1.35935639e+04  9.70369674e+01  1.35935639e+04 -2.60429916e-02 
 1.46779927e+04  9.70369673e+01  1.46779927e+04 -2.81205751e-02 
 1.58489319e+04  9.70369671e+01  1.58489319e+04 -3.03638982e-02 
 1.71132830e+04  9.70369669e+01  1.71132830e+04 -3.27861827e-02 
 1.84784980e+04  9.70369667e+01  1.84784980e+04 -3.54017052e-02 
 1.99526231e+04  9.70369664e+01  1.99526231e+04 -3.82258813e-02 
 2.15443469e+04  9.70369661e+01  2.15443469e+04 -4.12753563e-02 
 2.32630507e+04  9.70369657e+01  2.32630507e+04 -4.45681034e-02 
 2.51188643e+04  9.70369652e+01  2.51188643e+04 -4.81235297e-02 
 2.71227258e+04  9.70369647e+01  2.71227258e+04 -5.19625903e-02 
 2.92864456e+04  9.70369641e+01  2.92864456e+04 -5.61079122e-02 
 3.16227766e+04  9.70369634e+01  3.16227766e+04 -6.05839272e-02 
 3.41454887e+04  9.70369626e+01  3.41454887e+04 -6.54170163e-02 
 3.68694506e+04  9.70369617e+01  3.68694506e+04 -7.06356649e-02 
 3.98107171e+04  9.70369606e+01  3.98107171e+04 -7.62706310e-02 
 4.29866235e+04  9.70369593e+01  4.29866235e+04 -8.23551259e-02 
 4.64158883e+04  9.70369578e+01  4.64158883e+04 -8.89250106e-02 
 5.01187234e+04  9.70369561e+01  5.01187234e+04 -9.60190066e-02 
 5.41169527e+04  9.70369540e+01  5.41169527e+04 -1.03678924e-01 
 5.84341413e+04  9.70369517e+01  5.84341413e+04 -1.11949910e-01 
 6.30957344e+04  9.70369489e+01  6.30957344e+04 -1.20880710e-01 
 6.81292069e+04  9.70369457e+01  6.81292069e+04 -1.30523960e-01 
 7.35642254e+04  9.70369419e+01  7.35642254e+04 -1.40936495e-01 
 7.94328235e+04  9.70369376e+01  7.94328235e+04 -1.52179682e-01 
 8.57695899e+04  9.70369325e+01  8.57695899e+04 -1.64319785e-01 
 9.26118728e+04  9.70369265e+01  9.26118728e+04 -1.77428353e-01 
 1.00000000e+05  9.70369196e+01  1.00000000e+05 -1.91582640e-01 
 1.07977516e+05  9.70369115e+01  1.07977516e+05 -2.06866064e-01 
 1.16591440e+05  9.70369020e+01  1.16591440e+05 -2.23368698e-01 
 1.25892541e+05  9.70368910e+01  1.25892541e+05 -2.41187796e-01 
 1.35935639e+05  9.70368782e+01  1.35935639e+05 -2.60428369e-01 
 1.46779927e+05  9.70368633e+01  1.46779927e+05 -2.81203804e-01 
 1.58489319e+05  9.70368458e+01  1.58489319e+05 -3.03636531e-01 
 1.71132830e+05  9.70368255e+01  1.71132830e+05 -3.27858741e-01 
 1.84784980e+05  9.70368018e+01  1.84784980e+05 -3.54013167e-01 
 1.99526231e+05  9.70367742e+01  1.99526231e+05 -3.82253922e-01 
 2.15443469e+05  9.70367420e+01  2.15443469e+05 -4.12747406e-01 
 2.32630507e+05  9.70367045e+01  2.32630507e+05 -4.45673283e-01 
 2.51188643e+05  9.70366607e+01  2.51188643e+05 -4.81225539e-01 
 2.71227258e+05  9.70366097e+01  2.71227258e+05 -5.19613618e-01 
 2.92864456e+05  9.70365501e+01  2.92864456e+05 -5.61063656e-01 
 3.16227766e+05  9.70364808e+01  3.16227766e+05 -6.05819802e-01 
 3.41454887e+05  9.70363999e+01  3.41454887e+05 -6.54145652e-01 
 3.68694506e+05  9.70363056e+01  3.68694506e+05 -7.06325792e-01 
 3.98107171e+05  9.70361956e+01  3.98107171e+05 -7.62667464e-01 
 4.29866235e+05  9.70360674e+01  4.29866235e+05 -8.23502355e-01 
 4.64158883e+05  9.70359180e+01  4.64158883e+05 -8.89188541e-01 
 5.01187234e+05  9.70357437e+01  5.01187234e+05 -9.60112563e-01 
 5.41169527e+05  9.70355406e+01  5.41169527e+05 -1.03669168e+00 
 5.84341413e+05  9.70353037e+01  5.84341413e+05 -1.11937627e+00 
 6.30957344e+05  9.70350276e+01  6.30957344e+05 -1.20865247e+00 
 6.81292069e+05  9.70347056e+01  6.81292069e+05 -1.30504495e+00 
 7.35642254e+05  9.70343303e+01  7.35642254e+05 -1.40911991e+00 
 7.94328235e+05  9.70338927e+01  7.94328235e+05 -1.52148836e+00 
 8.57695899e+05  9.70333826e+01  8.57695899e+05 -1.64280954e+00 
 9.26118728e+05  9.70327879e+01  9.26118728e+05 -1.77379471e+00 
 1.00000000e+06  9.70320946e+01  1.00000000e+06 -1.91521108e+00 
 1.07977516e+06  9.70312863e+01  1.07977516e+06 -2.06788609e+00 
 1.16591440e+06  9.70303441e+01  1.16591440e+06 -2.23271200e+00 
 1.25892541e+06  9.70292458e+01  1.25892541e+06 -2.41065072e+00 
 1.35935639e+06  9.70279655e+01  1.35935639e+06 -2.60273897e+00 
 1.46779927e+06  9.70264731e+01  1.46779927e+06 -2.81009376e+00 
 1.58489319e+06  9.70247335e+01  1.58489319e+06 -3.03391820e+00 
 1.71132830e+06  9.70227060e+01  1.71132830e+06 -3.27550755e+00 
 1.84784980e+06  9.70203429e+01  1.84784980e+06 -3.53625563e+00 
 1.99526231e+06  9.70175890e+01  1.99526231e+06 -3.81766144e+00 
 2.15443469e+06  9.70143797e+01  2.15443469e+06 -4.12133604e+00 
 2.32630507e+06  9.70106401e+01  2.32630507e+06 -4.44900955e+00 
 2.51188643e+06  9.70062830e+01  2.51188643e+06 -4.80253824e+00 
 2.71227258e+06  9.70012069e+01  2.71227258e+06 -5.18391163e+00 
 2.92864456e+06  9.69952940e+01  2.92864456e+06 -5.59525937e+00 
 3.16227766e+06  9.69884073e+01  3.16227766e+06 -6.03885773e+00 
 3.41454887e+06  9.69803877e+01  3.41454887e+06 -6.51713549e+00 
 3.68694506e+06  9.69710508e+01  3.68694506e+06 -7.03267895e+00 
 3.98107171e+06  9.69601827e+01  3.98107171e+06 -7.58823547e+00 
 4.29866235e+06  9.69475353e+01  4.29866235e+06 -8.18671534e+00 
 4.64158883e+06  9.69328220e+01  4.64158883e+06 -8.83119110e+00 
 5.01187234e+06  9.69157109e+01  5.01187234e+06 -9.52489371e+00 
 5.41169527e+06  9.68958192e+01  5.41169527e+06 -1.02712047e+01 
 5.84341413e+06  9.68727050e+01  5.84341413e+06 -1.10736429e+01 
 6.30957344e+06  9.68458598e+01  6.30957344e+06 -1.19358451e+01 
 6.81292069e+06  9.68146989e+01  6.81292069e+06 -1.28615385e+01 
 7.35642254e+06  9.67785510e+01  7.35642254e+06 -1.38545031e+01 
 7.94328235e+06  9.67366471e+01  7.94328235e+06 -1.49185223e+01 
 8.57695899e+06  9.66881074e+01  8.57695899e+06 -1.60573189e+01 
 9.26118728e+06  9.66319268e+01  9.26118728e+06 -1.72744724e+01 
 1.00000000e+07  9.65669581e+01  1.00000000e+07 -1.85733131e+01 
 1.07977516e+07  9.64918921e+01  1.07977516e+07 -1.99567853e+01 
 1.16591440e+07  9.64052331e+01  1.16591440e+07 -2.14272660e+01 
 1.25892541e+07  9.63052672e+01  1.25892541e+07 -2.29863148e+01 
 1.35935639e+07  9.61900202e+01  1.35935639e+07 -2.46343084e+01 
 1.46779927e+07  9.60572002e+01  1.46779927e+07 -2.63698661e+01 
 1.58489319e+07  9.59041217e+01  1.58489319e+07 -2.81888797e+01 
 1.71132830e+07  9.57276198e+01  1.71132830e+07 -3.00827759e+01 
 1.84784980e+07  9.55240051e+01  1.84784980e+07 -3.20353020e+01 
 1.99526231e+07  9.52892523e+01  1.99526231e+07 -3.40166662e+01 
 2.15443469e+07  9.50200057e+01  2.15443469e+07 -3.59739599e+01 
 2.32630507e+07  9.47167977e+01  2.32630507e+07 -3.78209725e+01 
 2.51188643e+07  9.43912004e+01  2.51188643e+07 -3.94489201e+01 
 2.71227258e+07  9.40727642e+01  2.71227258e+07 -4.08115440e+01 
 2.92864456e+07  9.37950733e+01  2.92864456e+07 -4.20743711e+01 
 3.16227766e+07  9.35558328e+01  3.16227766e+07 -4.35635901e+01 
 3.41454887e+07  9.33135863e+01  3.41454887e+07 -4.54398879e+01 
 3.68694506e+07  9.30325124e+01  3.68694506e+07 -4.76065505e+01 
 3.98107171e+07  9.27019371e+01  3.98107171e+07 -4.98989967e+01 
 4.29866235e+07  9.23254801e+01  4.29866235e+07 -5.22026740e+01 
 4.64158883e+07  9.19101416e+01  4.64158883e+07 -5.44576727e+01 
 5.01187234e+07  9.14622329e+01  5.01187234e+07 -5.66358507e+01 
 5.41169527e+07  9.09866992e+01  5.41169527e+07 -5.87243679e+01 
 5.84341413e+07  9.04873703e+01  5.84341413e+07 -6.07174200e+01 
 6.30957344e+07  8.99673029e+01  6.30957344e+07 -6.26125755e+01 
 6.81292069e+07  8.94290316e+01  6.81292069e+07 -6.44092245e+01 
 7.35642254e+07  8.88747280e+01  7.35642254e+07 -6.61079178e+01 
 7.94328235e+07  8.83062940e+01  7.94328235e+07 -6.77100622e+01 
 8.57695899e+07  8.77254178e+01  8.57695899e+07 -6.92177506e+01 
 9.26118728e+07  8.71336069e+01  9.26118728e+07 -7.06336397e+01 
 1.00000000e+08  8.65322099e+01  1.00000000e+08 -7.19608441e+01 
 1.07977516e+08  8.59224308e+01  1.07977516e+08 -7.32028374e+01 
 1.16591440e+08  8.53053411e+01  1.16591440e+08 -7.43633591e+01 
 1.25892541e+08  8.46818901e+01  1.25892541e+08 -7.54463265e+01 
 1.35935639e+08  8.40529138e+01  1.35935639e+08 -7.64557544e+01 
 1.46779927e+08  8.34191449e+01  1.46779927e+08 -7.73956827e+01 
 1.58489319e+08  8.27812220e+01  1.58489319e+08 -7.82701116e+01 
 1.71132830e+08  8.21396993e+01  1.71132830e+08 -7.90829485e+01 
 1.84784980e+08  8.14950570e+01  1.84784980e+08 -7.98379655e+01 
 1.99526231e+08  8.08477106e+01  1.99526231e+08 -8.05387708e+01 
 2.15443469e+08  8.01980207e+01  2.15443469e+08 -8.11887921e+01 
 2.32630507e+08  7.95463010e+01  2.32630507e+08 -8.17912721e+01 
 2.51188643e+08  7.88928255e+01  2.51188643e+08 -8.23492725e+01 
 2.71227258e+08  7.82378337e+01  2.71227258e+08 -8.28656822e+01 
 2.92864456e+08  7.75815345e+01  2.92864456e+08 -8.33432264e+01 
 3.16227766e+08  7.69241095e+01  3.16227766e+08 -8.37844747e+01 
 3.41454887e+08  7.62657150e+01  3.41454887e+08 -8.41918452e+01 
 3.68694506e+08  7.56064842e+01  3.68694506e+08 -8.45676062e+01 
 3.98107171e+08  7.49465291e+01  3.98107171e+08 -8.49138754e+01 
 4.29866235e+08  7.42859424e+01  4.29866235e+08 -8.52326184e+01 
 4.64158883e+08  7.36248003e+01  4.64158883e+08 -8.55256466e+01 
 5.01187234e+08  7.29631646e+01  5.01187234e+08 -8.57946174e+01 
 5.41169527e+08  7.23010853e+01  5.41169527e+08 -8.60410352e+01 
 5.84341413e+08  7.16386031e+01  5.84341413e+08 -8.62662559e+01 
 6.30957344e+08  7.09757516e+01  6.30957344e+08 -8.64714925e+01 
 6.81292069e+08  7.03125596e+01  6.81292069e+08 -8.66578234e+01 
 7.35642254e+08  6.96490525e+01  7.35642254e+08 -8.68262018e+01 
 7.94328235e+08  6.89852539e+01  7.94328235e+08 -8.69774652e+01 
 8.57695899e+08  6.83211863e+01  8.57695899e+08 -8.71123459e+01 
 9.26118728e+08  6.76568716e+01  9.26118728e+08 -8.72314796e+01 
 1.00000000e+09  6.69923320e+01  1.00000000e+09 -8.73354141e+01 
