 1.00000000e+00  9.69532554e+01  1.00000000e+00 -1.90767384e-06 
 1.07977516e+00  9.69532554e+01  1.07977516e+00 -2.05985883e-06 
 1.16591440e+00  9.69532554e+01  1.16591440e+00 -2.22418441e-06 
 1.25892541e+00  9.69532554e+01  1.25892541e+00 -2.40161908e-06 
 1.35935639e+00  9.69532554e+01  1.35935639e+00 -2.59320863e-06 
 1.46779927e+00  9.69532554e+01  1.46779927e+00 -2.80008227e-06 
 1.58489319e+00  9.69532554e+01  1.58489319e+00 -3.02345929e-06 
 1.71132830e+00  9.69532554e+01  1.71132830e+00 -3.26465624e-06 
 1.84784980e+00  9.69532554e+01  1.84784980e+00 -3.52509473e-06 
 1.99526231e+00  9.69532554e+01  1.99526231e+00 -3.80630973e-06 
 2.15443469e+00  9.69532554e+01  2.15443469e+00 -4.10995871e-06 
 2.32630507e+00  9.69532554e+01  2.32630507e+00 -4.43783133e-06 
 2.51188643e+00  9.69532554e+01  2.51188643e+00 -4.79186004e-06 
 2.71227258e+00  9.69532554e+01  2.71227258e+00 -5.17413146e-06 
 2.92864456e+00  9.69532554e+01  2.92864456e+00 -5.58689863e-06 
 3.16227766e+00  9.69532554e+01  3.16227766e+00 -6.03259438e-06 
 3.41454887e+00  9.69532554e+01  3.41454887e+00 -6.51384558e-06 
 3.68694506e+00  9.69532554e+01  3.68694506e+00 -7.03348866e-06 
 3.98107171e+00  9.69532554e+01  3.98107171e+00 -7.59458636e-06 
 4.29866235e+00  9.69532554e+01  4.29866235e+00 -8.20044572e-06 
 4.64158883e+00  9.69532554e+01  4.64158883e+00 -8.85463761e-06 
 5.01187234e+00  9.69532554e+01  5.01187234e+00 -9.56101777e-06 
 5.41169527e+00  9.69532554e+01  5.41169527e+00 -1.03237495e-05 
 5.84341413e+00  9.69532554e+01  5.84341413e+00 -1.11473283e-05 
 6.30957344e+00  9.69532554e+01  6.30957344e+00 -1.20366082e-05 
 6.81292069e+00  9.69532554e+01  6.81292069e+00 -1.29968306e-05 
 7.35642254e+00  9.69532554e+01  7.35642254e+00 -1.40336549e-05 
 7.94328235e+00  9.69532554e+01  7.94328235e+00 -1.51531920e-05 
 8.57695899e+00  9.69532554e+01  8.57695899e+00 -1.63620403e-05 
 9.26118728e+00  9.69532554e+01  9.26118728e+00 -1.76673247e-05 
 1.00000000e+01  9.69532554e+01  1.00000000e+01 -1.90767384e-05 
 1.07977516e+01  9.69532554e+01  1.07977516e+01 -2.05985883e-05 
 1.16591440e+01  9.69532554e+01  1.16591440e+01 -2.22418441e-05 
 1.25892541e+01  9.69532554e+01  1.25892541e+01 -2.40161908e-05 
 1.35935639e+01  9.69532554e+01  1.35935639e+01 -2.59320863e-05 
 1.46779927e+01  9.69532554e+01  1.46779927e+01 -2.80008227e-05 
 1.58489319e+01  9.69532554e+01  1.58489319e+01 -3.02345929e-05 
 1.71132830e+01  9.69532554e+01  1.71132830e+01 -3.26465624e-05 
 1.84784980e+01  9.69532554e+01  1.84784980e+01 -3.52509473e-05 
 1.99526231e+01  9.69532554e+01  1.99526231e+01 -3.80630973e-05 
 2.15443469e+01  9.69532554e+01  2.15443469e+01 -4.10995871e-05 
 2.32630507e+01  9.69532554e+01  2.32630507e+01 -4.43783133e-05 
 2.51188643e+01  9.69532554e+01  2.51188643e+01 -4.79186004e-05 
 2.71227258e+01  9.69532554e+01  2.71227258e+01 -5.17413146e-05 
 2.92864456e+01  9.69532554e+01  2.92864456e+01 -5.58689863e-05 
 3.16227766e+01  9.69532554e+01  3.16227766e+01 -6.03259438e-05 
 3.41454887e+01  9.69532554e+01  3.41454887e+01 -6.51384558e-05 
 3.68694506e+01  9.69532554e+01  3.68694506e+01 -7.03348866e-05 
 3.98107171e+01  9.69532554e+01  3.98107171e+01 -7.59458636e-05 
 4.29866235e+01  9.69532554e+01  4.29866235e+01 -8.20044572e-05 
 4.64158883e+01  9.69532554e+01  4.64158883e+01 -8.85463761e-05 
 5.01187234e+01  9.69532554e+01  5.01187234e+01 -9.56101777e-05 
 5.41169527e+01  9.69532554e+01  5.41169527e+01 -1.03237495e-04 
 5.84341413e+01  9.69532554e+01  5.84341413e+01 -1.11473283e-04 
 6.30957344e+01  9.69532554e+01  6.30957344e+01 -1.20366082e-04 
 6.81292069e+01  9.69532554e+01  6.81292069e+01 -1.29968306e-04 
 7.35642254e+01  9.69532554e+01  7.35642254e+01 -1.40336549e-04 
 7.94328235e+01  9.69532554e+01  7.94328235e+01 -1.51531920e-04 
 8.57695899e+01  9.69532554e+01  8.57695899e+01 -1.63620403e-04 
 9.26118728e+01  9.69532554e+01  9.26118728e+01 -1.76673247e-04 
 1.00000000e+02  9.69532554e+01  1.00000000e+02 -1.90767384e-04 
 1.07977516e+02  9.69532554e+01  1.07977516e+02 -2.05985883e-04 
 1.16591440e+02  9.69532554e+01  1.16591440e+02 -2.22418441e-04 
 1.25892541e+02  9.69532554e+01  1.25892541e+02 -2.40161908e-04 
 1.35935639e+02  9.69532554e+01  1.35935639e+02 -2.59320863e-04 
 1.46779927e+02  9.69532554e+01  1.46779927e+02 -2.80008227e-04 
 1.58489319e+02  9.69532554e+01  1.58489319e+02 -3.02345929e-04 
 1.71132830e+02  9.69532554e+01  1.71132830e+02 -3.26465624e-04 
 1.84784980e+02  9.69532554e+01  1.84784980e+02 -3.52509473e-04 
 1.99526231e+02  9.69532554e+01  1.99526231e+02 -3.80630973e-04 
 2.15443469e+02  9.69532554e+01  2.15443469e+02 -4.10995871e-04 
 2.32630507e+02  9.69532554e+01  2.32630507e+02 -4.43783133e-04 
 2.51188643e+02  9.69532554e+01  2.51188643e+02 -4.79186004e-04 
 2.71227258e+02  9.69532554e+01  2.71227258e+02 -5.17413146e-04 
 2.92864456e+02  9.69532554e+01  2.92864456e+02 -5.58689863e-04 
 3.16227766e+02  9.69532554e+01  3.16227766e+02 -6.03259438e-04 
 3.41454887e+02  9.69532554e+01  3.41454887e+02 -6.51384558e-04 
 3.68694506e+02  9.69532554e+01  3.68694506e+02 -7.03348866e-04 
 3.98107171e+02  9.69532554e+01  3.98107171e+02 -7.59458636e-04 
 4.29866235e+02  9.69532554e+01  4.29866235e+02 -8.20044572e-04 
 4.64158883e+02  9.69532554e+01  4.64158883e+02 -8.85463761e-04 
 5.01187234e+02  9.69532554e+01  5.01187234e+02 -9.56101777e-04 
 5.41169527e+02  9.69532554e+01  5.41169527e+02 -1.03237495e-03 
 5.84341413e+02  9.69532554e+01  5.84341413e+02 -1.11473283e-03 
 6.30957344e+02  9.69532554e+01  6.30957344e+02 -1.20366082e-03 
 6.81292069e+02  9.69532554e+01  6.81292069e+02 -1.29968306e-03 
 7.35642254e+02  9.69532554e+01  7.35642254e+02 -1.40336549e-03 
 7.94328235e+02  9.69532554e+01  7.94328235e+02 -1.51531920e-03 
 8.57695899e+02  9.69532554e+01  8.57695899e+02 -1.63620403e-03 
 9.26118728e+02  9.69532554e+01  9.26118728e+02 -1.76673247e-03 
 1.00000000e+03  9.69532554e+01  1.00000000e+03 -1.90767384e-03 
 1.07977516e+03  9.69532554e+01  1.07977516e+03 -2.05985883e-03 
 1.16591440e+03  9.69532554e+01  1.16591440e+03 -2.22418441e-03 
 1.25892541e+03  9.69532554e+01  1.25892541e+03 -2.40161908e-03 
 1.35935639e+03  9.69532554e+01  1.35935639e+03 -2.59320863e-03 
 1.46779927e+03  9.69532554e+01  1.46779927e+03 -2.80008227e-03 
 1.58489319e+03  9.69532554e+01  1.58489319e+03 -3.02345929e-03 
 1.71132830e+03  9.69532554e+01  1.71132830e+03 -3.26465624e-03 
 1.84784980e+03  9.69532554e+01  1.84784980e+03 -3.52509472e-03 
 1.99526231e+03  9.69532554e+01  1.99526231e+03 -3.80630973e-03 
 2.15443469e+03  9.69532554e+01  2.15443469e+03 -4.10995870e-03 
 2.32630507e+03  9.69532554e+01  2.32630507e+03 -4.43783132e-03 
 2.51188643e+03  9.69532554e+01  2.51188643e+03 -4.79186004e-03 
 2.71227258e+03  9.69532554e+01  2.71227258e+03 -5.17413145e-03 
 2.92864456e+03  9.69532554e+01  2.92864456e+03 -5.58689862e-03 
 3.16227766e+03  9.69532554e+01  3.16227766e+03 -6.03259436e-03 
 3.41454887e+03  9.69532553e+01  3.41454887e+03 -6.51384555e-03 
 3.68694506e+03  9.69532553e+01  3.68694506e+03 -7.03348863e-03 
 3.98107171e+03  9.69532553e+01  3.98107171e+03 -7.59458633e-03 
 4.29866235e+03  9.69532553e+01  4.29866235e+03 -8.20044568e-03 
 4.64158883e+03  9.69532553e+01  4.64158883e+03 -8.85463755e-03 
 5.01187234e+03  9.69532553e+01  5.01187234e+03 -9.56101769e-03 
 5.41169527e+03  9.69532553e+01  5.41169527e+03 -1.03237494e-02 
 5.84341413e+03  9.69532552e+01  5.84341413e+03 -1.11473282e-02 
 6.30957344e+03  9.69532552e+01  6.30957344e+03 -1.20366081e-02 
 6.81292069e+03  9.69532552e+01  6.81292069e+03 -1.29968304e-02 
 7.35642254e+03  9.69532551e+01  7.35642254e+03 -1.40336546e-02 
 7.94328235e+03  9.69532551e+01  7.94328235e+03 -1.51531917e-02 
 8.57695899e+03  9.69532550e+01  8.57695899e+03 -1.63620399e-02 
 9.26118728e+03  9.69532550e+01  9.26118728e+03 -1.76673243e-02 
 1.00000000e+04  9.69532549e+01  1.00000000e+04 -1.90767378e-02 
 1.07977516e+04  9.69532548e+01  1.07977516e+04 -2.05985876e-02 
 1.16591440e+04  9.69532547e+01  1.16591440e+04 -2.22418431e-02 
 1.25892541e+04  9.69532546e+01  1.25892541e+04 -2.40161896e-02 
 1.35935639e+04  9.69532545e+01  1.35935639e+04 -2.59320848e-02 
 1.46779927e+04  9.69532544e+01  1.46779927e+04 -2.80008208e-02 
 1.58489319e+04  9.69532542e+01  1.58489319e+04 -3.02345905e-02 
 1.71132830e+04  9.69532540e+01  1.71132830e+04 -3.26465594e-02 
 1.84784980e+04  9.69532537e+01  1.84784980e+04 -3.52509435e-02 
 1.99526231e+04  9.69532535e+01  1.99526231e+04 -3.80630925e-02 
 2.15443469e+04  9.69532531e+01  2.15443469e+04 -4.10995811e-02 
 2.32630507e+04  9.69532528e+01  2.32630507e+04 -4.43783057e-02 
 2.51188643e+04  9.69532523e+01  2.51188643e+04 -4.79185909e-02 
 2.71227258e+04  9.69532518e+01  2.71227258e+04 -5.17413026e-02 
 2.92864456e+04  9.69532512e+01  2.92864456e+04 -5.58689712e-02 
 3.16227766e+04  9.69532505e+01  3.16227766e+04 -6.03259248e-02 
 3.41454887e+04  9.69532497e+01  3.41454887e+04 -6.51384318e-02 
 3.68694506e+04  9.69532488e+01  3.68694506e+04 -7.03348565e-02 
 3.98107171e+04  9.69532477e+01  3.98107171e+04 -7.59458257e-02 
 4.29866235e+04  9.69532464e+01  4.29866235e+04 -8.20044095e-02 
 4.64158883e+04  9.69532449e+01  4.64158883e+04 -8.85463160e-02 
 5.01187234e+04  9.69532432e+01  5.01187234e+04 -9.56101020e-02 
 5.41169527e+04  9.69532412e+01  5.41169527e+04 -1.03237400e-01 
 5.84341413e+04  9.69532388e+01  5.84341413e+04 -1.11473163e-01 
 6.30957344e+04  9.69532361e+01  6.30957344e+04 -1.20365931e-01 
 6.81292069e+04  9.69532329e+01  6.81292069e+04 -1.29968116e-01 
 7.35642254e+04  9.69532291e+01  7.35642254e+04 -1.40336309e-01 
 7.94328235e+04  9.69532248e+01  7.94328235e+04 -1.51531618e-01 
 8.57695899e+04  9.69532197e+01  8.57695899e+04 -1.63620024e-01 
 9.26118728e+04  9.69532138e+01  9.26118728e+04 -1.76672770e-01 
 1.00000000e+05  9.69532069e+01  1.00000000e+05 -1.90766783e-01 
 1.07977516e+05  9.69531988e+01  1.07977516e+05 -2.05985126e-01 
 1.16591440e+05  9.69531894e+01  1.16591440e+05 -2.22417488e-01 
 1.25892541e+05  9.69531785e+01  1.25892541e+05 -2.40160708e-01 
 1.35935639e+05  9.69531657e+01  1.35935639e+05 -2.59319353e-01 
 1.46779927e+05  9.69531509e+01  1.46779927e+05 -2.80006325e-01 
 1.58489319e+05  9.69531335e+01  1.58489319e+05 -3.02343535e-01 
 1.71132830e+05  9.69531133e+01  1.71132830e+05 -3.26462610e-01 
 1.84784980e+05  9.69530897e+01  1.84784980e+05 -3.52505678e-01 
 1.99526231e+05  9.69530622e+01  1.99526231e+05 -3.80626196e-01 
 2.15443469e+05  9.69530302e+01  2.15443469e+05 -4.10989857e-01 
 2.32630507e+05  9.69529928e+01  2.32630507e+05 -4.43775562e-01 
 2.51188643e+05  9.69529492e+01  2.51188643e+05 -4.79176473e-01 
 2.71227258e+05  9.69528984e+01  2.71227258e+05 -5.17401147e-01 
 2.92864456e+05  9.69528392e+01  2.92864456e+05 -5.58674758e-01 
 3.16227766e+05  9.69527701e+01  3.16227766e+05 -6.03240421e-01 
 3.41454887e+05  9.69526896e+01  3.41454887e+05 -6.51360617e-01 
 3.68694506e+05  9.69525958e+01  3.68694506e+05 -7.03318728e-01 
 3.98107171e+05  9.69524863e+01  3.98107171e+05 -7.59420694e-01 
 4.29866235e+05  9.69523587e+01  4.29866235e+05 -8.19996807e-01 
 4.64158883e+05  9.69522100e+01  4.64158883e+05 -8.85403630e-01 
 5.01187234e+05  9.69520366e+01  5.01187234e+05 -9.56026077e-01 
 5.41169527e+05  9.69518344e+01  5.41169527e+05 -1.03227965e+00 
 5.84341413e+05  9.69515986e+01  5.84341413e+05 -1.11461286e+00 
 6.30957344e+05  9.69513238e+01  6.30957344e+05 -1.20350980e+00 
 6.81292069e+05  9.69510033e+01  6.81292069e+05 -1.29949294e+00 
 7.35642254e+05  9.69506298e+01  7.35642254e+05 -1.40312615e+00 
 7.94328235e+05  9.69501942e+01  7.94328235e+05 -1.51501791e+00 
 8.57695899e+05  9.69496865e+01  8.57695899e+05 -1.63582476e+00 
 9.26118728e+05  9.69490945e+01  9.26118728e+05 -1.76625503e+00 
 1.00000000e+06  9.69484044e+01  1.00000000e+06 -1.90707283e+00 
 1.07977516e+06  9.69475999e+01  1.07977516e+06 -2.05910229e+00 
 1.16591440e+06  9.69466621e+01  1.16591440e+06 -2.22323210e+00 
 1.25892541e+06  9.69455688e+01  1.25892541e+06 -2.40042037e+00 
 1.35935639e+06  9.69442943e+01  1.35935639e+06 -2.59169980e+00 
 1.46779927e+06  9.69428087e+01  1.46779927e+06 -2.79818314e+00 
 1.58489319e+06  9.69410770e+01  1.58489319e+06 -3.02106899e+00 
 1.71132830e+06  9.69390586e+01  1.71132830e+06 -3.26164785e+00 
 1.84784980e+06  9.69367061e+01  1.84784980e+06 -3.52130857e+00 
 1.99526231e+06  9.69339643e+01  1.99526231e+06 -3.80154500e+00 
 2.15443469e+06  9.69307691e+01  2.15443469e+06 -4.10396283e+00 
 2.32630507e+06  9.69270456e+01  2.32630507e+06 -4.43028672e+00 
 2.51188643e+06  9.69227069e+01  2.51188643e+06 -4.78236745e+00 
 2.71227258e+06  9.69176520e+01  2.71227258e+06 -5.16218903e+00 
 2.92864456e+06  9.69117631e+01  2.92864456e+06 -5.57187578e+00 
 3.16227766e+06  9.69049036e+01  3.16227766e+06 -6.01369894e+00 
 3.41454887e+06  9.68969148e+01  3.41454887e+06 -6.49008276e+00 
 3.68694506e+06  9.68876122e+01  3.68694506e+06 -7.00360973e+00 
 3.98107171e+06  9.68767821e+01  3.98107171e+06 -7.55702450e+00 
 4.29866235e+06  9.68641765e+01  4.29866235e+06 -8.15323604e+00 
 4.64158883e+06  9.68495080e+01  4.64158883e+06 -8.79531745e+00 
 5.01187234e+06  9.68324442e+01  5.01187234e+06 -9.48650270e+00 
 5.41169527e+06  9.68126006e+01  5.41169527e+06 -1.02301792e+01 
 5.84341413e+06  9.67895331e+01  5.84341413e+06 -1.10298756e+01 
 6.30957344e+06  9.67627292e+01  6.30957344e+06 -1.18892425e+01 
 6.81292069e+06  9.67315983e+01  6.81292069e+06 -1.28120254e+01 
 7.35642254e+06  9.66954607e+01  7.35642254e+06 -1.38020277e+01 
 7.94328235e+06  9.66535345e+01  7.94328235e+06 -1.48630597e+01 
 8.57695899e+06  9.66049213e+01  8.57695899e+06 -1.59988727e+01 
 9.26118728e+06  9.65485891e+01  9.26118728e+06 -1.72130697e+01 
 1.00000000e+07  9.64833518e+01  1.00000000e+07 -1.85089888e+01 
 1.07977516e+07  9.64078446e+01  1.07977516e+07 -1.98895427e+01 
 1.16591440e+07  9.63204923e+01  1.16591440e+07 -2.13569952e+01 
 1.25892541e+07  9.62194685e+01  1.25892541e+07 -2.29126298e+01 
 1.35935639e+07  9.61026419e+01  1.35935639e+07 -2.45562336e+01 
 1.46779927e+07  9.59675079e+01  1.46779927e+07 -2.62852396e+01 
 1.58489319e+07  9.58111130e+01  1.58489319e+07 -2.80932311e+01 
 1.71132830e+07  9.56300128e+01  1.71132830e+07 -2.99672566e+01 
 1.84784980e+07  9.54204077e+01  1.84784980e+07 -3.18830655e+01 
 1.99526231e+07  9.51788797e+01  1.99526231e+07 -3.37973973e+01 
 2.15443469e+07  9.49047297e+01  2.15443469e+07 -3.56390975e+01 
 2.32630507e+07  9.46053229e+01  2.32630507e+07 -3.73126754e+01 
 2.51188643e+07  9.43027220e+01  2.51188643e+07 -3.87522655e+01 
 2.71227258e+07  9.40282514e+01  2.71227258e+07 -4.00429333e+01 
 2.92864456e+07  9.37925569e+01  2.92864456e+07 -4.14506945e+01 
 3.16227766e+07  9.35677415e+01  3.16227766e+07 -4.31929564e+01 
 3.41454887e+07  9.33165354e+01  3.41454887e+07 -4.52580949e+01 
 3.68694506e+07  9.30205127e+01  3.68694506e+07 -4.75085389e+01 
 3.98107171e+07  9.26782148e+01  3.98107171e+07 -4.98193742e+01 
 4.29866235e+07  9.22947097e+01  4.29866235e+07 -5.21147037e+01 
 4.64158883e+07  9.18758734e+01  4.64158883e+07 -5.43546908e+01 
 5.01187234e+07  9.14267126e+01  5.01187234e+07 -5.65191134e+01 
 5.41169527e+07  9.09512344e+01  5.41169527e+07 -5.85974797e+01 
 5.84341413e+07  9.04526782e+01  5.84341413e+07 -6.05841739e+01 
 6.30957344e+07  8.99337464e+01  6.30957344e+07 -6.24762467e+01 
 6.81292069e+07  8.93967657e+01  6.81292069e+07 -6.42724229e+01 
 7.35642254e+07  8.88437868e+01  7.35642254e+07 -6.59726355e+01 
 7.94328235e+07  8.82766435e+01  7.94328235e+07 -6.75777747e+01 
 8.57695899e+07  8.76969869e+01  8.57695899e+07 -6.90895206e+01 
 9.26118728e+07  8.71063061e+01  9.26118728e+07 -7.05102085e+01 
 1.00000000e+08  8.65059420e+01  1.00000000e+08 -7.18427062e+01 
 1.07977516e+08  8.58970976e+01  1.07977516e+08 -7.30902997e+01 
 1.16591440e+08  8.52808467e+01  1.16591440e+08 -7.42565858e+01 
 1.25892541e+08  8.46581422e+01  1.25892541e+08 -7.53453729e+01 
 1.35935639e+08  8.40298248e+01  1.35935639e+08 -7.63605912e+01 
 1.46779927e+08  8.33966318e+01  1.46779927e+08 -7.73062118e+01 
 1.58489319e+08  8.27592069e+01  1.58489319e+08 -7.81861772e+01 
 1.71132830e+08  8.21181096e+01  1.71132830e+08 -7.90043449e+01 
 1.84784980e+08  8.14738256e+01  1.84784980e+08 -7.97644437e+01 
 1.99526231e+08  8.08267772e+01  1.99526231e+08 -8.04700453e+01 
 2.15443469e+08  8.01773319e+01  2.15443469e+08 -8.11245495e+01 
 2.32630507e+08  7.95258107e+01  2.32630507e+08 -8.17311800e+01 
 2.51188643e+08  7.88724949e+01  2.51188643e+08 -8.22929894e+01 
 2.71227258e+08  7.82176309e+01  2.71227258e+08 -8.28128656e+01 
 2.92864456e+08  7.75614339e+01  2.92864456e+08 -8.32935405e+01 
 3.16227766e+08  7.69040909e+01  3.16227766e+08 -8.37375951e+01 
 3.41454887e+08  7.62457628e+01  3.41454887e+08 -8.41474621e+01 
 3.68694506e+08  7.55865866e+01  3.68694506e+08 -8.45254261e+01 
 3.98107171e+08  7.49266772e+01  3.98107171e+08 -8.48736216e+01 
 4.29866235e+08  7.42661300e+01  4.29866235e+08 -8.51940302e+01 
 4.64158883e+08  7.36050229e+01  4.64158883e+08 -8.54884788e+01 
 5.01187234e+08  7.29434193e+01  5.01187234e+08 -8.57586389e+01 
 5.41169527e+08  7.22813701e+01  5.41169527e+08 -8.60060278e+01 
 5.84341413e+08  7.16189169e+01  5.84341413e+08 -8.62320125e+01 
 6.30957344e+08  7.09560939e+01  6.30957344e+08 -8.64378154e+01 
 6.81292069e+08  7.02929301e+01  6.81292069e+08 -8.66245224e+01 
 7.35642254e+08  6.96294512e+01  7.35642254e+08 -8.67930922e+01 
 7.94328235e+08  6.89656807e+01  7.94328235e+08 -8.69443658e+01 
 8.57695899e+08  6.83016410e+01  8.57695899e+08 -8.70790770e+01 
 9.26118728e+08  6.76373542e+01  9.26118728e+08 -8.71978614e+01 
 1.00000000e+09  6.69728423e+01  1.00000000e+09 -8.73012647e+01 
