 1.00000000e+00  9.80379374e+01  1.00000000e+00 -2.15761137e-06 
 1.07977516e+00  9.80379374e+01  1.07977516e+00 -2.32973516e-06 
 1.16591440e+00  9.80379374e+01  1.16591440e+00 -2.51559016e-06 
 1.25892541e+00  9.80379374e+01  1.25892541e+00 -2.71627178e-06 
 1.35935639e+00  9.80379374e+01  1.35935639e+00 -2.93296280e-06 
 1.46779927e+00  9.80379374e+01  1.46779927e+00 -3.16694038e-06 
 1.58489319e+00  9.80379374e+01  1.58489319e+00 -3.41958357e-06 
 1.71132830e+00  9.80379374e+01  1.71132830e+00 -3.69238140e-06 
 1.84784980e+00  9.80379374e+01  1.84784980e+00 -3.98694173e-06 
 1.99526231e+00  9.80379374e+01  1.99526231e+00 -4.30500065e-06 
 2.15443469e+00  9.80379374e+01  2.15443469e+00 -4.64843278e-06 
 2.32630507e+00  9.80379374e+01  2.32630507e+00 -5.01926225e-06 
 2.51188643e+00  9.80379374e+01  2.51188643e+00 -5.41967472e-06 
 2.71227258e+00  9.80379374e+01  2.71227258e+00 -5.85203015e-06 
 2.92864456e+00  9.80379374e+01  2.92864456e+00 -6.31887680e-06 
 3.16227766e+00  9.80379374e+01  3.16227766e+00 -6.82296622e-06 
 3.41454887e+00  9.80379374e+01  3.41454887e+00 -7.36726946e-06 
 3.68694506e+00  9.80379374e+01  3.68694506e+00 -7.95499458e-06 
 3.98107171e+00  9.80379374e+01  3.98107171e+00 -8.58960556e-06 
 4.29866235e+00  9.80379374e+01  4.29866235e+00 -9.27484274e-06 
 4.64158883e+00  9.80379374e+01  4.64158883e+00 -1.00147448e-05 
 5.01187234e+00  9.80379374e+01  5.01187234e+00 -1.08136727e-05 
 5.41169527e+00  9.80379374e+01  5.41169527e+00 -1.16763352e-05 
 5.84341413e+00  9.80379374e+01  5.84341413e+00 -1.26078168e-05 
 6.30957344e+00  9.80379374e+01  6.30957344e+00 -1.36136074e-05 
 6.81292069e+00  9.80379374e+01  6.81292069e+00 -1.46996351e-05 
 7.35642254e+00  9.80379374e+01  7.35642254e+00 -1.58723009e-05 
 7.94328235e+00  9.80379374e+01  7.94328235e+00 -1.71385163e-05 
 8.57695899e+00  9.80379374e+01  8.57695899e+00 -1.85057442e-05 
 9.26118728e+00  9.80379374e+01  9.26118728e+00 -1.99820429e-05 
 1.00000000e+01  9.80379374e+01  1.00000000e+01 -2.15761137e-05 
 1.07977516e+01  9.80379374e+01  1.07977516e+01 -2.32973516e-05 
 1.16591440e+01  9.80379374e+01  1.16591440e+01 -2.51559016e-05 
 1.25892541e+01  9.80379374e+01  1.25892541e+01 -2.71627178e-05 
 1.35935639e+01  9.80379374e+01  1.35935639e+01 -2.93296280e-05 
 1.46779927e+01  9.80379374e+01  1.46779927e+01 -3.16694038e-05 
 1.58489319e+01  9.80379374e+01  1.58489319e+01 -3.41958357e-05 
 1.71132830e+01  9.80379374e+01  1.71132830e+01 -3.69238140e-05 
 1.84784980e+01  9.80379374e+01  1.84784980e+01 -3.98694173e-05 
 1.99526231e+01  9.80379374e+01  1.99526231e+01 -4.30500065e-05 
 2.15443469e+01  9.80379374e+01  2.15443469e+01 -4.64843278e-05 
 2.32630507e+01  9.80379374e+01  2.32630507e+01 -5.01926225e-05 
 2.51188643e+01  9.80379374e+01  2.51188643e+01 -5.41967472e-05 
 2.71227258e+01  9.80379374e+01  2.71227258e+01 -5.85203015e-05 
 2.92864456e+01  9.80379374e+01  2.92864456e+01 -6.31887680e-05 
 3.16227766e+01  9.80379374e+01  3.16227766e+01 -6.82296622e-05 
 3.41454887e+01  9.80379374e+01  3.41454887e+01 -7.36726946e-05 
 3.68694506e+01  9.80379374e+01  3.68694506e+01 -7.95499458e-05 
 3.98107171e+01  9.80379374e+01  3.98107171e+01 -8.58960556e-05 
 4.29866235e+01  9.80379374e+01  4.29866235e+01 -9.27484274e-05 
 4.64158883e+01  9.80379374e+01  4.64158883e+01 -1.00147448e-04 
 5.01187234e+01  9.80379374e+01  5.01187234e+01 -1.08136727e-04 
 5.41169527e+01  9.80379374e+01  5.41169527e+01 -1.16763352e-04 
 5.84341413e+01  9.80379374e+01  5.84341413e+01 -1.26078168e-04 
 6.30957344e+01  9.80379374e+01  6.30957344e+01 -1.36136074e-04 
 6.81292069e+01  9.80379374e+01  6.81292069e+01 -1.46996351e-04 
 7.35642254e+01  9.80379374e+01  7.35642254e+01 -1.58723009e-04 
 7.94328235e+01  9.80379374e+01  7.94328235e+01 -1.71385163e-04 
 8.57695899e+01  9.80379374e+01  8.57695899e+01 -1.85057442e-04 
 9.26118728e+01  9.80379374e+01  9.26118728e+01 -1.99820429e-04 
 1.00000000e+02  9.80379374e+01  1.00000000e+02 -2.15761137e-04 
 1.07977516e+02  9.80379374e+01  1.07977516e+02 -2.32973516e-04 
 1.16591440e+02  9.80379374e+01  1.16591440e+02 -2.51559016e-04 
 1.25892541e+02  9.80379374e+01  1.25892541e+02 -2.71627178e-04 
 1.35935639e+02  9.80379374e+01  1.35935639e+02 -2.93296280e-04 
 1.46779927e+02  9.80379374e+01  1.46779927e+02 -3.16694038e-04 
 1.58489319e+02  9.80379374e+01  1.58489319e+02 -3.41958357e-04 
 1.71132830e+02  9.80379374e+01  1.71132830e+02 -3.69238140e-04 
 1.84784980e+02  9.80379374e+01  1.84784980e+02 -3.98694173e-04 
 1.99526231e+02  9.80379374e+01  1.99526231e+02 -4.30500065e-04 
 2.15443469e+02  9.80379374e+01  2.15443469e+02 -4.64843278e-04 
 2.32630507e+02  9.80379374e+01  2.32630507e+02 -5.01926225e-04 
 2.51188643e+02  9.80379374e+01  2.51188643e+02 -5.41967472e-04 
 2.71227258e+02  9.80379374e+01  2.71227258e+02 -5.85203015e-04 
 2.92864456e+02  9.80379374e+01  2.92864456e+02 -6.31887680e-04 
 3.16227766e+02  9.80379374e+01  3.16227766e+02 -6.82296622e-04 
 3.41454887e+02  9.80379374e+01  3.41454887e+02 -7.36726946e-04 
 3.68694506e+02  9.80379374e+01  3.68694506e+02 -7.95499458e-04 
 3.98107171e+02  9.80379374e+01  3.98107171e+02 -8.58960556e-04 
 4.29866235e+02  9.80379374e+01  4.29866235e+02 -9.27484274e-04 
 4.64158883e+02  9.80379374e+01  4.64158883e+02 -1.00147448e-03 
 5.01187234e+02  9.80379374e+01  5.01187234e+02 -1.08136727e-03 
 5.41169527e+02  9.80379374e+01  5.41169527e+02 -1.16763352e-03 
 5.84341413e+02  9.80379374e+01  5.84341413e+02 -1.26078168e-03 
 6.30957344e+02  9.80379374e+01  6.30957344e+02 -1.36136074e-03 
 6.81292069e+02  9.80379374e+01  6.81292069e+02 -1.46996351e-03 
 7.35642254e+02  9.80379374e+01  7.35642254e+02 -1.58723009e-03 
 7.94328235e+02  9.80379374e+01  7.94328235e+02 -1.71385163e-03 
 8.57695899e+02  9.80379374e+01  8.57695899e+02 -1.85057442e-03 
 9.26118728e+02  9.80379374e+01  9.26118728e+02 -1.99820429e-03 
 1.00000000e+03  9.80379374e+01  1.00000000e+03 -2.15761137e-03 
 1.07977516e+03  9.80379374e+01  1.07977516e+03 -2.32973516e-03 
 1.16591440e+03  9.80379374e+01  1.16591440e+03 -2.51559016e-03 
 1.25892541e+03  9.80379374e+01  1.25892541e+03 -2.71627178e-03 
 1.35935639e+03  9.80379374e+01  1.35935639e+03 -2.93296280e-03 
 1.46779927e+03  9.80379374e+01  1.46779927e+03 -3.16694038e-03 
 1.58489319e+03  9.80379374e+01  1.58489319e+03 -3.41958356e-03 
 1.71132830e+03  9.80379374e+01  1.71132830e+03 -3.69238140e-03 
 1.84784980e+03  9.80379374e+01  1.84784980e+03 -3.98694172e-03 
 1.99526231e+03  9.80379373e+01  1.99526231e+03 -4.30500064e-03 
 2.15443469e+03  9.80379373e+01  2.15443469e+03 -4.64843277e-03 
 2.32630507e+03  9.80379373e+01  2.32630507e+03 -5.01926224e-03 
 2.51188643e+03  9.80379373e+01  2.51188643e+03 -5.41967470e-03 
 2.71227258e+03  9.80379373e+01  2.71227258e+03 -5.85203013e-03 
 2.92864456e+03  9.80379373e+01  2.92864456e+03 -6.31887678e-03 
 3.16227766e+03  9.80379373e+01  3.16227766e+03 -6.82296620e-03 
 3.41454887e+03  9.80379373e+01  3.41454887e+03 -7.36726943e-03 
 3.68694506e+03  9.80379373e+01  3.68694506e+03 -7.95499453e-03 
 3.98107171e+03  9.80379373e+01  3.98107171e+03 -8.58960551e-03 
 4.29866235e+03  9.80379373e+01  4.29866235e+03 -9.27484267e-03 
 4.64158883e+03  9.80379372e+01  4.64158883e+03 -1.00147447e-02 
 5.01187234e+03  9.80379372e+01  5.01187234e+03 -1.08136726e-02 
 5.41169527e+03  9.80379372e+01  5.41169527e+03 -1.16763351e-02 
 5.84341413e+03  9.80379372e+01  5.84341413e+03 -1.26078166e-02 
 6.30957344e+03  9.80379371e+01  6.30957344e+03 -1.36136072e-02 
 6.81292069e+03  9.80379371e+01  6.81292069e+03 -1.46996348e-02 
 7.35642254e+03  9.80379370e+01  7.35642254e+03 -1.58723005e-02 
 7.94328235e+03  9.80379370e+01  7.94328235e+03 -1.71385158e-02 
 8.57695899e+03  9.80379369e+01  8.57695899e+03 -1.85057436e-02 
 9.26118728e+03  9.80379368e+01  9.26118728e+03 -1.99820422e-02 
 1.00000000e+04  9.80379368e+01  1.00000000e+04 -2.15761128e-02 
 1.07977516e+04  9.80379367e+01  1.07977516e+04 -2.32973505e-02 
 1.16591440e+04  9.80379365e+01  1.16591440e+04 -2.51559002e-02 
 1.25892541e+04  9.80379364e+01  1.25892541e+04 -2.71627160e-02 
 1.35935639e+04  9.80379362e+01  1.35935639e+04 -2.93296258e-02 
 1.46779927e+04  9.80379360e+01  1.46779927e+04 -3.16694010e-02 
 1.58489319e+04  9.80379358e+01  1.58489319e+04 -3.41958321e-02 
 1.71132830e+04  9.80379356e+01  1.71132830e+04 -3.69238095e-02 
 1.84784980e+04  9.80379353e+01  1.84784980e+04 -3.98694116e-02 
 1.99526231e+04  9.80379349e+01  1.99526231e+04 -4.30499994e-02 
 2.15443469e+04  9.80379345e+01  2.15443469e+04 -4.64843188e-02 
 2.32630507e+04  9.80379340e+01  2.32630507e+04 -5.01926113e-02 
 2.51188643e+04  9.80379335e+01  2.51188643e+04 -5.41967330e-02 
 2.71227258e+04  9.80379328e+01  2.71227258e+04 -5.85202837e-02 
 2.92864456e+04  9.80379321e+01  2.92864456e+04 -6.31887456e-02 
 3.16227766e+04  9.80379312e+01  3.16227766e+04 -6.82296340e-02 
 3.41454887e+04  9.80379302e+01  3.41454887e+04 -7.36726591e-02 
 3.68694506e+04  9.80379290e+01  3.68694506e+04 -7.95499011e-02 
 3.98107171e+04  9.80379276e+01  3.98107171e+04 -8.58959993e-02 
 4.29866235e+04  9.80379259e+01  4.29866235e+04 -9.27483565e-02 
 4.64158883e+04  9.80379240e+01  4.64158883e+04 -1.00147359e-01 
 5.01187234e+04  9.80379218e+01  5.01187234e+04 -1.08136615e-01 
 5.41169527e+04  9.80379193e+01  5.41169527e+04 -1.16763211e-01 
 5.84341413e+04  9.80379162e+01  5.84341413e+04 -1.26077989e-01 
 6.30957344e+04  9.80379127e+01  6.30957344e+04 -1.36135850e-01 
 6.81292069e+04  9.80379087e+01  6.81292069e+04 -1.46996069e-01 
 7.35642254e+04  9.80379039e+01  7.35642254e+04 -1.58722654e-01 
 7.94328235e+04  9.80378983e+01  7.94328235e+04 -1.71384715e-01 
 8.57695899e+04  9.80378919e+01  8.57695899e+04 -1.85056879e-01 
 9.26118728e+04  9.80378843e+01  9.26118728e+04 -1.99819720e-01 
 1.00000000e+05  9.80378755e+01  1.00000000e+05 -2.15760244e-01 
 1.07977516e+05  9.80378652e+01  1.07977516e+05 -2.32972393e-01 
 1.16591440e+05  9.80378533e+01  1.16591440e+05 -2.51557602e-01 
 1.25892541e+05  9.80378393e+01  1.25892541e+05 -2.71625397e-01 
 1.35935639e+05  9.80378230e+01  1.35935639e+05 -2.93294038e-01 
 1.46779927e+05  9.80378041e+01  1.46779927e+05 -3.16691216e-01 
 1.58489319e+05  9.80377820e+01  1.58489319e+05 -3.41954804e-01 
 1.71132830e+05  9.80377562e+01  1.71132830e+05 -3.69233667e-01 
 1.84784980e+05  9.80377261e+01  1.84784980e+05 -3.98688541e-01 
 1.99526231e+05  9.80376911e+01  1.99526231e+05 -4.30492976e-01 
 2.15443469e+05  9.80376502e+01  2.15443469e+05 -4.64834353e-01 
 2.32630507e+05  9.80376026e+01  2.32630507e+05 -5.01914990e-01 
 2.51188643e+05  9.80375470e+01  2.51188643e+05 -5.41953327e-01 
 2.71227258e+05  9.80374822e+01  2.71227258e+05 -5.85185207e-01 
 2.92864456e+05  9.80374067e+01  2.92864456e+05 -6.31865262e-01 
 3.16227766e+05  9.80373187e+01  3.16227766e+05 -6.82268401e-01 
 3.41454887e+05  9.80372161e+01  3.41454887e+05 -7.36691418e-01 
 3.68694506e+05  9.80370964e+01  3.68694506e+05 -7.95454731e-01 
 3.98107171e+05  9.80369569e+01  3.98107171e+05 -8.58904249e-01 
 4.29866235e+05  9.80367942e+01  4.29866235e+05 -9.27413389e-01 
 4.64158883e+05  9.80366046e+01  4.64158883e+05 -1.00138525e+00 
 5.01187234e+05  9.80363835e+01  5.01187234e+05 -1.08125493e+00 
 5.41169527e+05  9.80361257e+01  5.41169527e+05 -1.16749210e+00 
 5.84341413e+05  9.80358251e+01  5.84341413e+05 -1.26060364e+00 
 6.30957344e+05  9.80354748e+01  6.30957344e+05 -1.36113662e+00 
 6.81292069e+05  9.80350663e+01  6.81292069e+05 -1.46968138e+00 
 7.35642254e+05  9.80345901e+01  7.35642254e+05 -1.58687493e+00 
 7.94328235e+05  9.80340349e+01  7.94328235e+05 -1.71340454e+00 
 8.57695899e+05  9.80333876e+01  8.57695899e+05 -1.85001162e+00 
 9.26118728e+05  9.80326331e+01  9.26118728e+05 -1.99749585e+00 
 1.00000000e+06  9.80317535e+01  1.00000000e+06 -2.15671959e+00 
 1.07977516e+06  9.80307281e+01  1.07977516e+06 -2.32861265e+00 
 1.16591440e+06  9.80295329e+01  1.16591440e+06 -2.51417723e+00 
 1.25892541e+06  9.80281396e+01  1.25892541e+06 -2.71449334e+00 
 1.35935639e+06  9.80265155e+01  1.35935639e+06 -2.93072437e+00 
 1.46779927e+06  9.80246226e+01  1.46779927e+06 -3.16412310e+00 
 1.58489319e+06  9.80224164e+01  1.58489319e+06 -3.41603788e+00 
 1.71132830e+06  9.80198451e+01  1.71132830e+06 -3.68791921e+00 
 1.84784980e+06  9.80168486e+01  1.84784980e+06 -3.98132646e+00 
 1.99526231e+06  9.80133569e+01  1.99526231e+06 -4.29793480e+00 
 2.15443469e+06  9.80092883e+01  2.15443469e+06 -4.63954232e+00 
 2.32630507e+06  9.80045482e+01  2.32630507e+06 -5.00807703e+00 
 2.51188643e+06  9.79990264e+01  2.51188643e+06 -5.40560389e+00 
 2.71227258e+06  9.79925947e+01  2.71227258e+06 -5.83433143e+00 
 2.92864456e+06  9.79851046e+01  2.92864456e+06 -6.29661797e+00 
 3.16227766e+06  9.79763833e+01  3.16227766e+06 -6.79497694e+00 
 3.41454887e+06  9.79662308e+01  3.41454887e+06 -7.33208110e+00 
 3.68694506e+06  9.79544149e+01  3.68694506e+06 -7.91076516e+00 
 3.98107171e+06  9.79406671e+01  3.98107171e+06 -8.53402618e+00 
 4.29866235e+06  9.79246766e+01  4.29866235e+06 -9.20502114e+00 
 4.64158883e+06  9.79060846e+01  4.64158883e+06 -9.92706079e+00 
 5.01187234e+06  9.78844767e+01  5.01187234e+06 -1.07035988e+01 
 5.41169527e+06  9.78593759e+01  5.41169527e+06 -1.15382150e+01 
 5.84341413e+06  9.78302332e+01  5.84341413e+06 -1.24345911e+01 
 6.30957344e+06  9.77964183e+01  6.30957344e+06 -1.33964774e+01 
 6.81292069e+06  9.77572086e+01  6.81292069e+06 -1.44276486e+01 
 7.35642254e+06  9.77117772e+01  7.35642254e+06 -1.55318456e+01 
 7.94328235e+06  9.76591795e+01  7.94328235e+06 -1.67127005e+01 
 8.57695899e+06  9.75983380e+01  8.57695899e+06 -1.79736407e+01 
 9.26118728e+06  9.75280241e+01  9.26118728e+06 -1.93177661e+01 
 1.00000000e+07  9.74468376e+01  1.00000000e+07 -2.07476879e+01 
 1.07977516e+07  9.73531796e+01  1.07977516e+07 -2.22653130e+01 
 1.16591440e+07  9.72452186e+01  1.16591440e+07 -2.38715396e+01 
 1.25892541e+07  9.71208442e+01  1.25892541e+07 -2.55657999e+01 
 1.35935639e+07  9.69776068e+01  1.35935639e+07 -2.73453204e+01 
 1.46779927e+07  9.68126433e+01  1.46779927e+07 -2.92038489e+01 
 1.58489319e+07  9.66226165e+01  1.58489319e+07 -3.11293575e+01 
 1.71132830e+07  9.64037695e+01  1.71132830e+07 -3.30998630e+01 
 1.84784980e+07  9.61524291e+01  1.84784980e+07 -3.50762376e+01 
 1.99526231e+07  9.58668355e+01  1.99526231e+07 -3.69923347e+01 
 2.15443469e+07  9.55519058e+01  2.15443469e+07 -3.87518812e+01 
 2.32630507e+07  9.52269017e+01  2.32630507e+07 -4.02672764e+01 
 2.51188643e+07  9.49249966e+01  2.51188643e+07 -4.15808781e+01 
 2.71227258e+07  9.46653298e+01  2.71227258e+07 -4.29491120e+01 
 2.92864456e+07  9.44244518e+01  2.92864456e+07 -4.46381775e+01 
 3.16227766e+07  9.41610162e+01  3.16227766e+07 -4.66718064e+01 
 3.41454887e+07  9.38523880e+01  3.41454887e+07 -4.89071218e+01 
 3.68694506e+07  9.34961659e+01  3.68694506e+07 -5.12044670e+01 
 3.98107171e+07  9.30980002e+01  3.98107171e+07 -5.34799197e+01 
 4.29866235e+07  9.26644966e+01  4.29866235e+07 -5.56915336e+01 
 4.64158883e+07  9.22011723e+01  4.64158883e+07 -5.78196539e+01 
 5.01187234e+07  9.17123333e+01  5.01187234e+07 -5.98552134e+01 
 5.41169527e+07  9.12013747e+01  5.41169527e+07 -6.17941492e+01 
 5.84341413e+07  9.06710656e+01  5.84341413e+07 -6.36349479e+01 
 6.30957344e+07  9.01237439e+01  6.30957344e+07 -6.53775879e+01 
 6.81292069e+07  8.95614361e+01  6.81292069e+07 -6.70230663e+01 
 7.35642254e+07  8.89859297e+01  7.35642254e+07 -6.85731592e+01 
 7.94328235e+07  8.83988157e+01  7.94328235e+07 -7.00302704e+01 
 8.57695899e+07  8.78015154e+01  8.57695899e+07 -7.13973136e+01 
 9.26118728e+07  8.71952983e+01  9.26118728e+07 -7.26776065e+01 
 1.00000000e+08  8.65812962e+01  1.00000000e+08 -7.38747738e+01 
 1.07977516e+08  8.59605134e+01  1.07977516e+08 -7.49926561e+01 
 1.16591440e+08  8.53338374e+01  1.16591440e+08 -7.60352270e+01 
 1.25892541e+08  8.47020485e+01  1.25892541e+08 -7.70065178e+01 
 1.35935639e+08  8.40658289e+01  1.35935639e+08 -7.79105518e+01 
 1.46779927e+08  8.34257726e+01  1.46779927e+08 -7.87512873e+01 
 1.58489319e+08  8.27823947e+01  1.58489319e+08 -7.95325716e+01 
 1.71132830e+08  8.21361412e+01  1.71132830e+08 -8.02581059e+01 
 1.84784980e+08  8.14873985e+01  1.84784980e+08 -8.09314230e+01 
 1.99526231e+08  8.08365016e+01  1.99526231e+08 -8.15558751e+01 
 2.15443469e+08  8.01837415e+01  2.15443469e+08 -8.21346323e+01 
 2.32630507e+08  7.95293719e+01  2.32630507e+08 -8.26706864e+01 
 2.51188643e+08  7.88736136e+01  2.51188643e+08 -8.31668594e+01 
 2.71227258e+08  7.82166584e+01  2.71227258e+08 -8.36258106e+01 
 2.92864456e+08  7.75586718e+01  2.92864456e+08 -8.40500432e+01 
 3.16227766e+08  7.68997952e+01  3.16227766e+08 -8.44419076e+01 
 3.41454887e+08  7.62401482e+01  3.41454887e+08 -8.48036028e+01 
 3.68694506e+08  7.55798305e+01  3.68694506e+08 -8.51371754e+01 
 3.98107171e+08  7.49189245e+01  3.98107171e+08 -8.54445188e+01 
 4.29866235e+08  7.42574970e+01  4.29866235e+08 -8.57273731e+01 
 4.64158883e+08  7.35956024e+01  4.64158883e+08 -8.59873259e+01 
 5.01187234e+08  7.29332848e+01  5.01187234e+08 -8.62258158e+01 
 5.41169527e+08  7.22705805e+01  5.41169527e+08 -8.64441381e+01 
 5.84341413e+08  7.16075200e+01  5.84341413e+08 -8.66434520e+01 
 6.30957344e+08  7.09441298e+01  6.30957344e+08 -8.68247898e+01 
 6.81292069e+08  7.02804340e+01  6.81292069e+08 -8.69890669e+01 
 7.35642254e+08  6.96164554e+01  7.35642254e+08 -8.71370919e+01 
 7.94328235e+08  6.89522159e+01  7.94328235e+08 -8.72695765e+01 
 8.57695899e+08  6.82877372e+01  8.57695899e+08 -8.73871438e+01 
 9.26118728e+08  6.76230409e+01  9.26118728e+08 -8.74903366e+01 
 1.00000000e+09  6.69581485e+01  1.00000000e+09 -8.75796228e+01 
