 1.00000000e+00  9.77815805e+01  1.00000000e+00 -2.08612669e-06 
 1.07977516e+00  9.77815805e+01  1.07977516e+00 -2.25254779e-06 
 1.16591440e+00  9.77815805e+01  1.16591440e+00 -2.43224515e-06 
 1.25892541e+00  9.77815805e+01  1.25892541e+00 -2.62627790e-06 
 1.35935639e+00  9.77815805e+01  1.35935639e+00 -2.83578965e-06 
 1.46779927e+00  9.77815805e+01  1.46779927e+00 -3.06201523e-06 
 1.58489319e+00  9.77815805e+01  1.58489319e+00 -3.30628799e-06 
 1.71132830e+00  9.77815805e+01  1.71132830e+00 -3.57004765e-06 
 1.84784980e+00  9.77815805e+01  1.84784980e+00 -3.85484878e-06 
 1.99526231e+00  9.77815805e+01  1.99526231e+00 -4.16236997e-06 
 2.15443469e+00  9.77815805e+01  2.15443469e+00 -4.49442371e-06 
 2.32630507e+00  9.77815805e+01  2.32630507e+00 -4.85296709e-06 
 2.51188643e+00  9.77815805e+01  2.51188643e+00 -5.24011333e-06 
 2.71227258e+00  9.77815805e+01  2.71227258e+00 -5.65814422e-06 
 2.92864456e+00  9.77815805e+01  2.92864456e+00 -6.10952359e-06 
 3.16227766e+00  9.77815805e+01  3.16227766e+00 -6.59691183e-06 
 3.41454887e+00  9.77815805e+01  3.41454887e+00 -7.12318154e-06 
 3.68694506e+00  9.77815805e+01  3.68694506e+00 -7.69143450e-06 
 3.98107171e+00  9.77815805e+01  3.98107171e+00 -8.30501994e-06 
 4.29866235e+00  9.77815805e+01  4.29866235e+00 -8.96755425e-06 
 4.64158883e+00  9.77815805e+01  4.64158883e+00 -9.68294235e-06 
 5.01187234e+00  9.77815805e+01  5.01187234e+00 -1.04554006e-05 
 5.41169527e+00  9.77815805e+01  5.41169527e+00 -1.12894819e-05 
 5.84341413e+00  9.77815805e+01  5.84341413e+00 -1.21901022e-05 
 6.30957344e+00  9.77815805e+01  6.30957344e+00 -1.31625696e-05 
 6.81292069e+00  9.77815805e+01  6.81292069e+00 -1.42126157e-05 
 7.35642254e+00  9.77815805e+01  7.35642254e+00 -1.53464294e-05 
 7.94328235e+00  9.77815805e+01  7.94328235e+00 -1.65706933e-05 
 8.57695899e+00  9.77815805e+01  8.57695899e+00 -1.78926231e-05 
 9.26118728e+00  9.77815805e+01  9.26118728e+00 -1.93200100e-05 
 1.00000000e+01  9.77815805e+01  1.00000000e+01 -2.08612669e-05 
 1.07977516e+01  9.77815805e+01  1.07977516e+01 -2.25254779e-05 
 1.16591440e+01  9.77815805e+01  1.16591440e+01 -2.43224515e-05 
 1.25892541e+01  9.77815805e+01  1.25892541e+01 -2.62627790e-05 
 1.35935639e+01  9.77815805e+01  1.35935639e+01 -2.83578965e-05 
 1.46779927e+01  9.77815805e+01  1.46779927e+01 -3.06201523e-05 
 1.58489319e+01  9.77815805e+01  1.58489319e+01 -3.30628799e-05 
 1.71132830e+01  9.77815805e+01  1.71132830e+01 -3.57004765e-05 
 1.84784980e+01  9.77815805e+01  1.84784980e+01 -3.85484878e-05 
 1.99526231e+01  9.77815805e+01  1.99526231e+01 -4.16236997e-05 
 2.15443469e+01  9.77815805e+01  2.15443469e+01 -4.49442371e-05 
 2.32630507e+01  9.77815805e+01  2.32630507e+01 -4.85296709e-05 
 2.51188643e+01  9.77815805e+01  2.51188643e+01 -5.24011333e-05 
 2.71227258e+01  9.77815805e+01  2.71227258e+01 -5.65814422e-05 
 2.92864456e+01  9.77815805e+01  2.92864456e+01 -6.10952359e-05 
 3.16227766e+01  9.77815805e+01  3.16227766e+01 -6.59691183e-05 
 3.41454887e+01  9.77815805e+01  3.41454887e+01 -7.12318154e-05 
 3.68694506e+01  9.77815805e+01  3.68694506e+01 -7.69143450e-05 
 3.98107171e+01  9.77815805e+01  3.98107171e+01 -8.30501994e-05 
 4.29866235e+01  9.77815805e+01  4.29866235e+01 -8.96755425e-05 
 4.64158883e+01  9.77815805e+01  4.64158883e+01 -9.68294235e-05 
 5.01187234e+01  9.77815805e+01  5.01187234e+01 -1.04554006e-04 
 5.41169527e+01  9.77815805e+01  5.41169527e+01 -1.12894819e-04 
 5.84341413e+01  9.77815805e+01  5.84341413e+01 -1.21901022e-04 
 6.30957344e+01  9.77815805e+01  6.30957344e+01 -1.31625696e-04 
 6.81292069e+01  9.77815805e+01  6.81292069e+01 -1.42126157e-04 
 7.35642254e+01  9.77815805e+01  7.35642254e+01 -1.53464294e-04 
 7.94328235e+01  9.77815805e+01  7.94328235e+01 -1.65706933e-04 
 8.57695899e+01  9.77815805e+01  8.57695899e+01 -1.78926231e-04 
 9.26118728e+01  9.77815805e+01  9.26118728e+01 -1.93200100e-04 
 1.00000000e+02  9.77815805e+01  1.00000000e+02 -2.08612669e-04 
 1.07977516e+02  9.77815805e+01  1.07977516e+02 -2.25254779e-04 
 1.16591440e+02  9.77815805e+01  1.16591440e+02 -2.43224515e-04 
 1.25892541e+02  9.77815805e+01  1.25892541e+02 -2.62627790e-04 
 1.35935639e+02  9.77815805e+01  1.35935639e+02 -2.83578965e-04 
 1.46779927e+02  9.77815805e+01  1.46779927e+02 -3.06201523e-04 
 1.58489319e+02  9.77815805e+01  1.58489319e+02 -3.30628799e-04 
 1.71132830e+02  9.77815805e+01  1.71132830e+02 -3.57004765e-04 
 1.84784980e+02  9.77815805e+01  1.84784980e+02 -3.85484878e-04 
 1.99526231e+02  9.77815805e+01  1.99526231e+02 -4.16236997e-04 
 2.15443469e+02  9.77815805e+01  2.15443469e+02 -4.49442371e-04 
 2.32630507e+02  9.77815805e+01  2.32630507e+02 -4.85296709e-04 
 2.51188643e+02  9.77815805e+01  2.51188643e+02 -5.24011333e-04 
 2.71227258e+02  9.77815805e+01  2.71227258e+02 -5.65814422e-04 
 2.92864456e+02  9.77815805e+01  2.92864456e+02 -6.10952359e-04 
 3.16227766e+02  9.77815805e+01  3.16227766e+02 -6.59691183e-04 
 3.41454887e+02  9.77815805e+01  3.41454887e+02 -7.12318154e-04 
 3.68694506e+02  9.77815805e+01  3.68694506e+02 -7.69143450e-04 
 3.98107171e+02  9.77815805e+01  3.98107171e+02 -8.30501994e-04 
 4.29866235e+02  9.77815805e+01  4.29866235e+02 -8.96755425e-04 
 4.64158883e+02  9.77815805e+01  4.64158883e+02 -9.68294235e-04 
 5.01187234e+02  9.77815805e+01  5.01187234e+02 -1.04554006e-03 
 5.41169527e+02  9.77815805e+01  5.41169527e+02 -1.12894819e-03 
 5.84341413e+02  9.77815805e+01  5.84341413e+02 -1.21901022e-03 
 6.30957344e+02  9.77815805e+01  6.30957344e+02 -1.31625696e-03 
 6.81292069e+02  9.77815805e+01  6.81292069e+02 -1.42126157e-03 
 7.35642254e+02  9.77815805e+01  7.35642254e+02 -1.53464294e-03 
 7.94328235e+02  9.77815805e+01  7.94328235e+02 -1.65706933e-03 
 8.57695899e+02  9.77815805e+01  8.57695899e+02 -1.78926231e-03 
 9.26118728e+02  9.77815805e+01  9.26118728e+02 -1.93200100e-03 
 1.00000000e+03  9.77815805e+01  1.00000000e+03 -2.08612669e-03 
 1.07977516e+03  9.77815805e+01  1.07977516e+03 -2.25254778e-03 
 1.16591440e+03  9.77815805e+01  1.16591440e+03 -2.43224515e-03 
 1.25892541e+03  9.77815805e+01  1.25892541e+03 -2.62627790e-03 
 1.35935639e+03  9.77815805e+01  1.35935639e+03 -2.83578965e-03 
 1.46779927e+03  9.77815805e+01  1.46779927e+03 -3.06201523e-03 
 1.58489319e+03  9.77815805e+01  1.58489319e+03 -3.30628799e-03 
 1.71132830e+03  9.77815805e+01  1.71132830e+03 -3.57004765e-03 
 1.84784980e+03  9.77815805e+01  1.84784980e+03 -3.85484878e-03 
 1.99526231e+03  9.77815805e+01  1.99526231e+03 -4.16236996e-03 
 2.15443469e+03  9.77815805e+01  2.15443469e+03 -4.49442370e-03 
 2.32630507e+03  9.77815804e+01  2.32630507e+03 -4.85296708e-03 
 2.51188643e+03  9.77815804e+01  2.51188643e+03 -5.24011331e-03 
 2.71227258e+03  9.77815804e+01  2.71227258e+03 -5.65814420e-03 
 2.92864456e+03  9.77815804e+01  2.92864456e+03 -6.10952357e-03 
 3.16227766e+03  9.77815804e+01  3.16227766e+03 -6.59691180e-03 
 3.41454887e+03  9.77815804e+01  3.41454887e+03 -7.12318151e-03 
 3.68694506e+03  9.77815804e+01  3.68694506e+03 -7.69143446e-03 
 3.98107171e+03  9.77815804e+01  3.98107171e+03 -8.30501989e-03 
 4.29866235e+03  9.77815804e+01  4.29866235e+03 -8.96755419e-03 
 4.64158883e+03  9.77815804e+01  4.64158883e+03 -9.68294227e-03 
 5.01187234e+03  9.77815803e+01  5.01187234e+03 -1.04554005e-02 
 5.41169527e+03  9.77815803e+01  5.41169527e+03 -1.12894818e-02 
 5.84341413e+03  9.77815803e+01  5.84341413e+03 -1.21901020e-02 
 6.30957344e+03  9.77815803e+01  6.30957344e+03 -1.31625694e-02 
 6.81292069e+03  9.77815802e+01  6.81292069e+03 -1.42126154e-02 
 7.35642254e+03  9.77815802e+01  7.35642254e+03 -1.53464291e-02 
 7.94328235e+03  9.77815801e+01  7.94328235e+03 -1.65706929e-02 
 8.57695899e+03  9.77815801e+01  8.57695899e+03 -1.78926226e-02 
 9.26118728e+03  9.77815800e+01  9.26118728e+03 -1.93200093e-02 
 1.00000000e+04  9.77815799e+01  1.00000000e+04 -2.08612661e-02 
 1.07977516e+04  9.77815798e+01  1.07977516e+04 -2.25254768e-02 
 1.16591440e+04  9.77815797e+01  1.16591440e+04 -2.43224502e-02 
 1.25892541e+04  9.77815796e+01  1.25892541e+04 -2.62627774e-02 
 1.35935639e+04  9.77815794e+01  1.35935639e+04 -2.83578945e-02 
 1.46779927e+04  9.77815792e+01  1.46779927e+04 -3.06201497e-02 
 1.58489319e+04  9.77815790e+01  1.58489319e+04 -3.30628767e-02 
 1.71132830e+04  9.77815788e+01  1.71132830e+04 -3.57004725e-02 
 1.84784980e+04  9.77815785e+01  1.84784980e+04 -3.85484827e-02 
 1.99526231e+04  9.77815782e+01  1.99526231e+04 -4.16236933e-02 
 2.15443469e+04  9.77815778e+01  2.15443469e+04 -4.49442290e-02 
 2.32630507e+04  9.77815774e+01  2.32630507e+04 -4.85296607e-02 
 2.51188643e+04  9.77815768e+01  2.51188643e+04 -5.24011205e-02 
 2.71227258e+04  9.77815762e+01  2.71227258e+04 -5.65814261e-02 
 2.92864456e+04  9.77815755e+01  2.92864456e+04 -6.10952157e-02 
 3.16227766e+04  9.77815747e+01  3.16227766e+04 -6.59690928e-02 
 3.41454887e+04  9.77815738e+01  3.41454887e+04 -7.12317833e-02 
 3.68694506e+04  9.77815726e+01  3.68694506e+04 -7.69143046e-02 
 3.98107171e+04  9.77815713e+01  3.98107171e+04 -8.30501485e-02 
 4.29866235e+04  9.77815698e+01  4.29866235e+04 -8.96754785e-02 
 4.64158883e+04  9.77815681e+01  4.64158883e+04 -9.68293429e-02 
 5.01187234e+04  9.77815660e+01  5.01187234e+04 -1.04553905e-01 
 5.41169527e+04  9.77815636e+01  5.41169527e+04 -1.12894692e-01 
 5.84341413e+04  9.77815608e+01  5.84341413e+04 -1.21900861e-01 
 6.30957344e+04  9.77815575e+01  6.30957344e+04 -1.31625493e-01 
 6.81292069e+04  9.77815537e+01  6.81292069e+04 -1.42125902e-01 
 7.35642254e+04  9.77815493e+01  7.35642254e+04 -1.53463973e-01 
 7.94328235e+04  9.77815441e+01  7.94328235e+04 -1.65706529e-01 
 8.57695899e+04  9.77815381e+01  8.57695899e+04 -1.78925722e-01 
 9.26118728e+04  9.77815311e+01  9.26118728e+04 -1.93199459e-01 
 1.00000000e+05  9.77815229e+01  1.00000000e+05 -2.08611863e-01 
 1.07977516e+05  9.77815133e+01  1.07977516e+05 -2.25253764e-01 
 1.16591440e+05  9.77815022e+01  1.16591440e+05 -2.43223237e-01 
 1.25892541e+05  9.77814892e+01  1.25892541e+05 -2.62626182e-01 
 1.35935639e+05  9.77814740e+01  1.35935639e+05 -2.83576940e-01 
 1.46779927e+05  9.77814563e+01  1.46779927e+05 -3.06198973e-01 
 1.58489319e+05  9.77814357e+01  1.58489319e+05 -3.30625589e-01 
 1.71132830e+05  9.77814117e+01  1.71132830e+05 -3.57000725e-01 
 1.84784980e+05  9.77813837e+01  1.84784980e+05 -3.85479791e-01 
 1.99526231e+05  9.77813511e+01  1.99526231e+05 -4.16230593e-01 
 2.15443469e+05  9.77813130e+01  2.15443469e+05 -4.49434309e-01 
 2.32630507e+05  9.77812687e+01  2.32630507e+05 -4.85286560e-01 
 2.51188643e+05  9.77812169e+01  2.51188643e+05 -5.23998556e-01 
 2.71227258e+05  9.77811566e+01  2.71227258e+05 -5.65798337e-01 
 2.92864456e+05  9.77810863e+01  2.92864456e+05 -6.10932109e-01 
 3.16227766e+05  9.77810043e+01  3.16227766e+05 -6.59665690e-01 
 3.41454887e+05  9.77809087e+01  3.41454887e+05 -7.12286061e-01 
 3.68694506e+05  9.77807973e+01  3.68694506e+05 -7.69103048e-01 
 3.98107171e+05  9.77806673e+01  3.98107171e+05 -8.30451132e-01 
 4.29866235e+05  9.77805159e+01  4.29866235e+05 -8.96691395e-01 
 4.64158883e+05  9.77803392e+01  4.64158883e+05 -9.68213628e-01 
 5.01187234e+05  9.77801333e+01  5.01187234e+05 -1.04543859e+00 
 5.41169527e+05  9.77798933e+01  5.41169527e+05 -1.12882045e+00 
 5.84341413e+05  9.77796134e+01  5.84341413e+05 -1.21884940e+00 
 6.30957344e+05  9.77792871e+01  6.30957344e+05 -1.31605451e+00 
 6.81292069e+05  9.77789067e+01  6.81292069e+05 -1.42100672e+00 
 7.35642254e+05  9.77784631e+01  7.35642254e+05 -1.53432212e+00 
 7.94328235e+05  9.77779461e+01  7.94328235e+05 -1.65666547e+00 
 8.57695899e+05  9.77773433e+01  8.57695899e+05 -1.78875392e+00 
 9.26118728e+05  9.77766406e+01  9.26118728e+05 -1.93136104e+00 
 1.00000000e+06  9.77758214e+01  1.00000000e+06 -2.08532112e+00 
 1.07977516e+06  9.77748665e+01  1.07977516e+06 -2.25153377e+00 
 1.16591440e+06  9.77737533e+01  1.16591440e+06 -2.43096878e+00 
 1.25892541e+06  9.77724557e+01  1.25892541e+06 -2.62467134e+00 
 1.35935639e+06  9.77709431e+01  1.35935639e+06 -2.83376753e+00 
 1.46779927e+06  9.77691801e+01  1.46779927e+06 -3.05947015e+00 
 1.58489319e+06  9.77671253e+01  1.58489319e+06 -3.30308484e+00 
 1.71132830e+06  9.77647304e+01  1.71132830e+06 -3.56601647e+00 
 1.84784980e+06  9.77619395e+01  1.84784980e+06 -3.84977579e+00 
 1.99526231e+06  9.77586872e+01  1.99526231e+06 -4.15598634e+00 
 2.15443469e+06  9.77548976e+01  2.15443469e+06 -4.48639142e+00 
 2.32630507e+06  9.77504823e+01  2.32630507e+06 -4.84286123e+00 
 2.51188643e+06  9.77453387e+01  2.51188643e+06 -5.22739987e+00 
 2.71227258e+06  9.77393474e+01  2.71227258e+06 -5.64215219e+00 
 2.92864456e+06  9.77323698e+01  2.92864456e+06 -6.08941024e+00 
 3.16227766e+06  9.77242449e+01  3.16227766e+06 -6.57161903e+00 
 3.41454887e+06  9.77147861e+01  3.41454887e+06 -7.09138131e+00 
 3.68694506e+06  9.77037770e+01  3.68694506e+06 -7.65146104e+00 
 3.98107171e+06  9.76909670e+01  3.98107171e+06 -8.25478486e+00 
 4.29866235e+06  9.76760662e+01  4.29866235e+06 -8.90444114e+00 
 4.64158883e+06  9.76587397e+01  4.64158883e+06 -9.60367573e+00 
 5.01187234e+06  9.76386008e+01  5.01187234e+06 -1.03558835e+01 
 5.41169527e+06  9.76152042e+01  5.41169527e+06 -1.11645949e+01 
 5.84341413e+06  9.75880374e+01  5.84341413e+06 -1.20334554e+01 
 6.30957344e+06  9.75565118e+01  6.30957344e+06 -1.29661977e+01 
 6.81292069e+06  9.75199528e+01  6.81292069e+06 -1.39666038e+01 
 7.35642254e+06  9.74775887e+01  7.35642254e+06 -1.50384551e+01 
 7.94328235e+06  9.74285383e+01  7.94328235e+06 -1.61854692e+01 
 8.57695899e+06  9.73717969e+01  8.57695899e+06 -1.74112189e+01 
 9.26118728e+06  9.73062211e+01  9.26118728e+06 -1.87190304e+01 
 1.00000000e+07  9.72305099e+01  1.00000000e+07 -2.01118544e+01 
 1.07977516e+07  9.71431822e+01  1.07977516e+07 -2.15921000e+01 
 1.16591440e+07  9.70425470e+01  1.16591440e+07 -2.31614110e+01 
 1.25892541e+07  9.69266635e+01  1.25892541e+07 -2.48203486e+01 
 1.35935639e+07  9.67932839e+01  1.35935639e+07 -2.65678999e+01 
 1.46779927e+07  9.66397739e+01  1.46779927e+07 -2.84006521e+01 
 1.58489319e+07  9.64630072e+01  1.58489319e+07 -3.03112927e+01 
 1.71132830e+07  9.62592633e+01  1.71132830e+07 -3.22857519e+01 
 1.84784980e+07  9.60242652e+01  1.84784980e+07 -3.42977069e+01 
 1.99526231e+07  9.57538439e+01  1.99526231e+07 -3.62986642e+01 
 2.15443469e+07  9.54466054e+01  2.15443469e+07 -3.82041723e+01 
 2.32630507e+07  9.51111051e+01  2.32630507e+07 -3.98928095e+01 
 2.51188643e+07  9.47761640e+01  2.51188643e+07 -4.12777851e+01 
 2.71227258e+07  9.44829587e+01  2.71227258e+07 -4.24889757e+01 
 2.92864456e+07  9.42385858e+01  2.92864456e+07 -4.38936932e+01 
 3.16227766e+07  9.39988565e+01  3.16227766e+07 -4.57193160e+01 
 3.41454887e+07  9.37204650e+01  3.41454887e+07 -4.78748958e+01 
 3.68694506e+07  9.33900854e+01  3.68694506e+07 -5.01722530e+01 
 3.98107171e+07  9.30118801e+01  3.98107171e+07 -5.24816783e+01 
 4.29866235e+07  9.25938264e+01  4.29866235e+07 -5.47384721e+01 
 4.64158883e+07  9.21428776e+01  4.64158883e+07 -5.69141653e+01 
 5.01187234e+07  9.16643123e+01  5.01187234e+07 -5.89967974e+01 
 5.41169527e+07  9.11621153e+01  5.41169527e+07 -6.09815364e+01 
 5.84341413e+07  9.06394073e+01  5.84341413e+07 -6.28667442e+01 
 6.30957344e+07  9.00987431e+01  6.30957344e+07 -6.46524086e+01 
 6.81292069e+07  8.95422922e+01  6.81292069e+07 -6.63395216e+01 
 7.35642254e+07  8.89719451e+01  7.35642254e+07 -6.79298156e+01 
 7.94328235e+07  8.83893734e+01  7.94328235e+07 -6.94256246e+01 
 8.57695899e+07  8.77960666e+01  8.57695899e+07 -7.08297835e+01 
 9.26118728e+07  8.71933543e+01  9.26118728e+07 -7.21455387e+01 
 1.00000000e+08  8.65824227e+01  1.00000000e+08 -7.33764594e+01 
 1.07977516e+08  8.59643261e+01  1.07977516e+08 -7.45263530e+01 
 1.16591440e+08  8.53399977e+01  1.16591440e+08 -7.55991839e+01 
 1.25892541e+08  8.47102590e+01  1.25892541e+08 -7.65989970e+01 
 1.35935639e+08  8.40758292e+01  1.35935639e+08 -7.75298494e+01 
 1.46779927e+08  8.34373346e+01  1.46779927e+08 -7.83957489e+01 
 1.58489319e+08  8.27953186e+01  1.58489319e+08 -7.92006025e+01 
 1.71132830e+08  8.21502513e+01  1.71132830e+08 -7.99481764e+01 
 1.84784980e+08  8.15025397e+01  1.84784980e+08 -8.06420681e+01 
 1.99526231e+08  8.08525362e+01  1.99526231e+08 -8.12856917e+01 
 2.15443469e+08  8.02005479e+01  2.15443469e+08 -8.18822745e+01 
 2.32630507e+08  7.95468424e+01  2.32630507e+08 -8.24348613e+01 
 2.51188643e+08  7.88916536e+01  2.51188643e+08 -8.29463236e+01 
 2.71227258e+08  7.82351858e+01  2.71227258e+08 -8.34193693e+01 
 2.92864456e+08  7.75776159e+01  2.92864456e+08 -8.38565503e+01 
 3.16227766e+08  7.69190964e+01  3.16227766e+08 -8.42602671e+01 
 3.41454887e+08  7.62597567e+01  3.41454887e+08 -8.46327707e+01 
 3.68694506e+08  7.55997058e+01  3.68694506e+08 -8.49761611e+01 
 3.98107171e+08  7.49390337e+01  3.98107171e+08 -8.52923865e+01 
 4.29866235e+08  7.42778140e+01  4.29866235e+08 -8.55832414e+01 
 4.64158883e+08  7.36161068e+01  4.64158883e+08 -8.58503668e+01 
 5.01187234e+08  7.29539605e+01  5.01187234e+08 -8.60952522e+01 
 5.41169527e+08  7.22914146e+01  5.41169527e+08 -8.63192399e+01 
 5.84341413e+08  7.16285020e+01  5.84341413e+08 -8.65235316e+01 
 6.30957344e+08  7.09652511e+01  6.30957344e+08 -8.67091966e+01 
 6.81292069e+08  7.03016869e+01  6.81292069e+08 -8.68771816e+01 
 7.35642254e+08  6.96378328e+01  7.35642254e+08 -8.70283203e+01 
 7.94328235e+08  6.89737112e+01  7.94328235e+08 -8.71633437e+01 
 8.57695899e+08  6.83093441e+01  8.57695899e+08 -8.72828889e+01 
 9.26118728e+08  6.76447534e+01  9.26118728e+08 -8.73875075e+01 
 1.00000000e+09  6.69799609e+01  1.00000000e+09 -8.74776719e+01 
