 1.00000000e+00  6.25794203e+01  1.00000000e+00 -1.66002316e-04 
 1.07977516e+00  6.25794203e+01  1.07977516e+00 -1.79245178e-04 
 1.16591440e+00  6.25794203e+01  1.16591440e+00 -1.93544491e-04 
 1.25892541e+00  6.25794203e+01  1.25892541e+00 -2.08984535e-04 
 1.35935639e+00  6.25794203e+01  1.35935639e+00 -2.25656310e-04 
 1.46779927e+00  6.25794203e+01  1.46779927e+00 -2.43658079e-04 
 1.58489319e+00  6.25794203e+01  1.58489319e+00 -2.63095941e-04 
 1.71132830e+00  6.25794203e+01  1.71132830e+00 -2.84084463e-04 
 1.84784980e+00  6.25794203e+01  1.84784980e+00 -3.06747347e-04 
 1.99526231e+00  6.25794203e+01  1.99526231e+00 -3.31218166e-04 
 2.15443469e+00  6.25794203e+01  2.15443469e+00 -3.57641149e-04 
 2.32630507e+00  6.25794203e+01  2.32630507e+00 -3.86172030e-04 
 2.51188643e+00  6.25794203e+01  2.51188643e+00 -4.16978966e-04 
 2.71227258e+00  6.25794203e+01  2.71227258e+00 -4.50243531e-04 
 2.92864456e+00  6.25794203e+01  2.92864456e+00 -4.86161782e-04 
 3.16227766e+00  6.25794203e+01  3.16227766e+00 -5.24945417e-04 
 3.41454887e+00  6.25794203e+01  3.41454887e+00 -5.66823023e-04 
 3.68694506e+00  6.25794203e+01  3.68694506e+00 -6.12041421e-04 
 3.98107171e+00  6.25794203e+01  3.98107171e+00 -6.60867125e-04 
 4.29866235e+00  6.25794203e+01  4.29866235e+00 -7.13587907e-04 
 4.64158883e+00  6.25794203e+01  4.64158883e+00 -7.70514498e-04 
 5.01187234e+00  6.25794203e+01  5.01187234e+00 -8.31982418e-04 
 5.41169527e+00  6.25794203e+01  5.41169527e+00 -8.98353950e-04 
 5.84341413e+00  6.25794203e+01  5.84341413e+00 -9.70020282e-04 
 6.30957344e+00  6.25794203e+01  6.30957344e+00 -1.04740381e-03 
 6.81292069e+00  6.25794203e+01  6.81292069e+00 -1.13096062e-03 
 7.35642254e+00  6.25794203e+01  7.35642254e+00 -1.22118318e-03 
 7.94328235e+00  6.25794203e+01  7.94328235e+00 -1.31860327e-03 
 8.57695899e+00  6.25794203e+01  8.57695899e+00 -1.42379506e-03 
 9.26118728e+00  6.25794203e+01  9.26118728e+00 -1.53737854e-03 
 1.00000000e+01  6.25794203e+01  1.00000000e+01 -1.66002316e-03 
 1.07977516e+01  6.25794203e+01  1.07977516e+01 -1.79245178e-03 
 1.16591440e+01  6.25794203e+01  1.16591440e+01 -1.93544491e-03 
 1.25892541e+01  6.25794203e+01  1.25892541e+01 -2.08984535e-03 
 1.35935639e+01  6.25794203e+01  1.35935639e+01 -2.25656310e-03 
 1.46779927e+01  6.25794203e+01  1.46779927e+01 -2.43658078e-03 
 1.58489319e+01  6.25794203e+01  1.58489319e+01 -2.63095941e-03 
 1.71132830e+01  6.25794203e+01  1.71132830e+01 -2.84084463e-03 
 1.84784980e+01  6.25794203e+01  1.84784980e+01 -3.06747347e-03 
 1.99526231e+01  6.25794203e+01  1.99526231e+01 -3.31218166e-03 
 2.15443469e+01  6.25794203e+01  2.15443469e+01 -3.57641149e-03 
 2.32630507e+01  6.25794203e+01  2.32630507e+01 -3.86172030e-03 
 2.51188643e+01  6.25794203e+01  2.51188643e+01 -4.16978966e-03 
 2.71227258e+01  6.25794203e+01  2.71227258e+01 -4.50243530e-03 
 2.92864456e+01  6.25794202e+01  2.92864456e+01 -4.86161781e-03 
 3.16227766e+01  6.25794202e+01  3.16227766e+01 -5.24945416e-03 
 3.41454887e+01  6.25794202e+01  3.41454887e+01 -5.66823021e-03 
 3.68694506e+01  6.25794202e+01  3.68694506e+01 -6.12041420e-03 
 3.98107171e+01  6.25794202e+01  3.98107171e+01 -6.60867123e-03 
 4.29866235e+01  6.25794202e+01  4.29866235e+01 -7.13587905e-03 
 4.64158883e+01  6.25794202e+01  4.64158883e+01 -7.70514495e-03 
 5.01187234e+01  6.25794202e+01  5.01187234e+01 -8.31982413e-03 
 5.41169527e+01  6.25794202e+01  5.41169527e+01 -8.98353944e-03 
 5.84341413e+01  6.25794202e+01  5.84341413e+01 -9.70020275e-03 
 6.30957344e+01  6.25794202e+01  6.30957344e+01 -1.04740380e-02 
 6.81292069e+01  6.25794201e+01  6.81292069e+01 -1.13096061e-02 
 7.35642254e+01  6.25794201e+01  7.35642254e+01 -1.22118317e-02 
 7.94328235e+01  6.25794201e+01  7.94328235e+01 -1.31860325e-02 
 8.57695899e+01  6.25794200e+01  8.57695899e+01 -1.42379504e-02 
 9.26118728e+01  6.25794200e+01  9.26118728e+01 -1.53737851e-02 
 1.00000000e+02  6.25794200e+01  1.00000000e+02 -1.66002313e-02 
 1.07977516e+02  6.25794199e+01  1.07977516e+02 -1.79245174e-02 
 1.16591440e+02  6.25794199e+01  1.16591440e+02 -1.93544486e-02 
 1.25892541e+02  6.25794198e+01  1.25892541e+02 -2.08984528e-02 
 1.35935639e+02  6.25794197e+01  1.35935639e+02 -2.25656301e-02 
 1.46779927e+02  6.25794196e+01  1.46779927e+02 -2.43658067e-02 
 1.58489319e+02  6.25794195e+01  1.58489319e+02 -2.63095927e-02 
 1.71132830e+02  6.25794194e+01  1.71132830e+02 -2.84084445e-02 
 1.84784980e+02  6.25794192e+01  1.84784980e+02 -3.06747325e-02 
 1.99526231e+02  6.25794191e+01  1.99526231e+02 -3.31218138e-02 
 2.15443469e+02  6.25794189e+01  2.15443469e+02 -3.57641114e-02 
 2.32630507e+02  6.25794186e+01  2.32630507e+02 -3.86171985e-02 
 2.51188643e+02  6.25794183e+01  2.51188643e+02 -4.16978910e-02 
 2.71227258e+02  6.25794180e+01  2.71227258e+02 -4.50243460e-02 
 2.92864456e+02  6.25794176e+01  2.92864456e+02 -4.86161693e-02 
 3.16227766e+02  6.25794172e+01  3.16227766e+02 -5.24945305e-02 
 3.41454887e+02  6.25794167e+01  3.41454887e+02 -5.66822882e-02 
 3.68694506e+02  6.25794161e+01  3.68694506e+02 -6.12041244e-02 
 3.98107171e+02  6.25794154e+01  3.98107171e+02 -6.60866902e-02 
 4.29866235e+02  6.25794146e+01  4.29866235e+02 -7.13587626e-02 
 4.64158883e+02  6.25794137e+01  4.64158883e+02 -7.70514144e-02 
 5.01187234e+02  6.25794126e+01  5.01187234e+02 -8.31981972e-02 
 5.41169527e+02  6.25794113e+01  5.41169527e+02 -8.98353389e-02 
 5.84341413e+02  6.25794098e+01  5.84341413e+02 -9.70019576e-02 
 6.30957344e+02  6.25794081e+01  6.30957344e+02 -1.04740292e-01 
 6.81292069e+02  6.25794061e+01  6.81292069e+02 -1.13095950e-01 
 7.35642254e+02  6.25794037e+01  7.35642254e+02 -1.22118177e-01 
 7.94328235e+02  6.25794010e+01  7.94328235e+02 -1.31860150e-01 
 8.57695899e+02  6.25793978e+01  8.57695899e+02 -1.42379283e-01 
 9.26118728e+02  6.25793940e+01  9.26118728e+02 -1.53737573e-01 
 1.00000000e+03  6.25793896e+01  1.00000000e+03 -1.66001962e-01 
 1.07977516e+03  6.25793846e+01  1.07977516e+03 -1.79244732e-01 
 1.16591440e+03  6.25793786e+01  1.16591440e+03 -1.93543930e-01 
 1.25892541e+03  6.25793717e+01  1.25892541e+03 -2.08983827e-01 
 1.35935639e+03  6.25793637e+01  1.35935639e+03 -2.25655420e-01 
 1.46779927e+03  6.25793543e+01  1.46779927e+03 -2.43656958e-01 
 1.58489319e+03  6.25793434e+01  1.58489319e+03 -2.63094531e-01 
 1.71132830e+03  6.25793306e+01  1.71132830e+03 -2.84082687e-01 
 1.84784980e+03  6.25793157e+01  1.84784980e+03 -3.06745111e-01 
 1.99526231e+03  6.25792984e+01  1.99526231e+03 -3.31215351e-01 
 2.15443469e+03  6.25792782e+01  2.15443469e+03 -3.57637606e-01 
 2.32630507e+03  6.25792546e+01  2.32630507e+03 -3.86167569e-01 
 2.51188643e+03  6.25792271e+01  2.51188643e+03 -4.16973351e-01 
 2.71227258e+03  6.25791950e+01  2.71227258e+03 -4.50236461e-01 
 2.92864456e+03  6.25791577e+01  2.92864456e+03 -4.86152880e-01 
 3.16227766e+03  6.25791141e+01  3.16227766e+03 -5.24934212e-01 
 3.41454887e+03  6.25790633e+01  3.41454887e+03 -5.66808915e-01 
 3.68694506e+03  6.25790041e+01  3.68694506e+03 -6.12023663e-01 
 3.98107171e+03  6.25789350e+01  3.98107171e+03 -6.60844768e-01 
 4.29866235e+03  6.25788546e+01  4.29866235e+03 -7.13559763e-01 
 4.64158883e+03  6.25787607e+01  4.64158883e+03 -7.70479065e-01 
 5.01187234e+03  6.25786513e+01  5.01187234e+03 -8.31937810e-01 
 5.41169527e+03  6.25785237e+01  5.41169527e+03 -8.98297796e-01 
 5.84341413e+03  6.25783750e+01  5.84341413e+03 -9.69949590e-01 
 6.30957344e+03  6.25782015e+01  6.30957344e+03 -1.04731481e+00 
 6.81292069e+03  6.25779994e+01  6.81292069e+03 -1.13084858e+00 
 7.35642254e+03  6.25777637e+01  7.35642254e+03 -1.22104214e+00 
 7.94328235e+03  6.25774888e+01  7.94328235e+03 -1.31842571e+00 
 8.57695899e+03  6.25771685e+01  8.57695899e+03 -1.42357154e+00 
 9.26118728e+03  6.25767950e+01  9.26118728e+03 -1.53709716e+00 
 1.00000000e+04  6.25763596e+01  1.00000000e+04 -1.65966894e+00 
 1.07977516e+04  6.25758520e+01  1.07977516e+04 -1.79200588e+00 
 1.16591440e+04  6.25752602e+01  1.16591440e+04 -1.93488360e+00 
 1.25892541e+04  6.25745704e+01  1.25892541e+04 -2.08913876e+00 
 1.35935639e+04  6.25737662e+01  1.35935639e+04 -2.25567366e+00 
 1.46779927e+04  6.25728289e+01  1.46779927e+04 -2.43546120e+00 
 1.58489319e+04  6.25717362e+01  1.58489319e+04 -2.62955014e+00 
 1.71132830e+04  6.25704626e+01  1.71132830e+04 -2.83907077e+00 
 1.84784980e+04  6.25689782e+01  1.84784980e+04 -3.06524078e+00 
 1.99526231e+04  6.25672480e+01  1.99526231e+04 -3.30937152e+00 
 2.15443469e+04  6.25652318e+01  2.15443469e+04 -3.57287472e+00 
 2.32630507e+04  6.25628821e+01  2.32630507e+04 -3.85726919e+00 
 2.51188643e+04  6.25601442e+01  2.51188643e+04 -4.16418817e+00 
 2.71227258e+04  6.25569542e+01  2.71227258e+04 -4.49538654e+00 
 2.92864456e+04  6.25532378e+01  2.92864456e+04 -4.85274846e+00 
 3.16227766e+04  6.25489088e+01  3.16227766e+04 -5.23829495e+00 
 3.41454887e+04  6.25438668e+01  3.41454887e+04 -5.65419131e+00 
 3.68694506e+04  6.25379958e+01  3.68694506e+04 -6.10275455e+00 
 3.98107171e+04  6.25311604e+01  3.98107171e+04 -6.58645995e+00 
 4.29866235e+04  6.25232044e+01  4.29866235e+04 -7.10794726e+00 
 4.64158883e+04  6.25139465e+01  4.64158883e+04 -7.67002565e+00 
 5.01187234e+04  6.25031771e+01  5.01187234e+04 -8.27567704e+00 
 5.41169527e+04  6.24906541e+01  5.41169527e+04 -8.92805725e+00 
 5.84341413e+04  6.24760983e+01  5.84341413e+04 -9.63049471e+00 
 6.30957344e+04  6.24591881e+01  6.30957344e+04 -1.03864850e+01 
 6.81292069e+04  6.24395539e+01  6.81292069e+04 -1.11996815e+01 
 7.35642254e+04  6.24167723e+01  7.35642254e+04 -1.20738793e+01 
 7.94328235e+04  6.23903590e+01  7.94328235e+04 -1.30129933e+01 
 8.57695899e+04  6.23597622e+01  8.57695899e+04 -1.40210267e+01 
 9.26118728e+04  6.23243556e+01  9.26118728e+04 -1.51020300e+01 
 1.00000000e+05  6.22834311e+01  1.00000000e+05 -1.62600478e+01 
 1.07977516e+05  6.22361922e+01  1.07977516e+05 -1.74990523e+01 
 1.16591440e+05  6.21817483e+01  1.16591440e+05 -1.88228622e+01 
 1.25892541e+05  6.21191102e+01  1.25892541e+05 -2.02350454e+01 
 1.35935639e+05  6.20471871e+01  1.35935639e+05 -2.17388049e+01 
 1.46779927e+05  6.19647876e+01  1.46779927e+05 -2.33368505e+01 
 1.58489319e+05  6.18706236e+01  1.58489319e+05 -2.50312558e+01 
 1.71132830e+05  6.17633182e+01  1.71132830e+05 -2.68233061e+01 
 1.84784980e+05  6.16414210e+01  1.84784980e+05 -2.87133440e+01 
 1.99526231e+05  6.15034274e+01  1.99526231e+05 -3.07006191e+01 
 2.15443469e+05  6.13478057e+01  2.15443469e+05 -3.27831555e+01 
 2.32630507e+05  6.11730310e+01  2.32630507e+05 -3.49576482e+01 
 2.51188643e+05  6.09776235e+01  2.51188643e+05 -3.72194039e+01 
 2.71227258e+05  6.07601929e+01  2.71227258e+05 -3.95623385e+01 
 2.92864456e+05  6.05194831e+01  2.92864456e+05 -4.19790427e+01 
 3.16227766e+05  6.02544177e+01  3.16227766e+05 -4.44609255e+01 
 3.41454887e+05  5.99641399e+01  3.41454887e+05 -4.69984301e+01 
 3.68694506e+05  5.96480462e+01  3.68694506e+05 -4.95813227e+01 
 3.98107171e+05  5.93058083e+01  3.98107171e+05 -5.21990345e+01 
 4.29866235e+05  5.89373828e+01  4.29866235e+05 -5.48410372e+01 
 4.64158883e+05  5.85430059e+01  4.64158883e+05 -5.74972269e+01 
 5.01187234e+05  5.81231757e+01  5.01187234e+05 -6.01582907e+01 
 5.41169527e+05  5.76786207e+01  5.41169527e+05 -6.28160300e+01 
 5.84341413e+05  5.72102592e+01  5.84341413e+05 -6.54636217e+01 
 6.30957344e+05  5.67191524e+01  6.30957344e+05 -6.80958065e+01 
 6.81292069e+05  5.62064533e+01  6.81292069e+05 -7.07089987e+01 
 7.35642254e+05  5.56733566e+01  7.35642254e+05 -7.33013197e+01 
 7.94328235e+05  5.51210504e+01  7.94328235e+05 -7.58725640e+01 
 8.57695899e+05  5.45506731e+01  8.57695899e+05 -7.84241099e+01 
 9.26118728e+05  5.39632756e+01  9.26118728e+05 -8.09587845e+01 
 1.00000000e+06  5.33597894e+01  1.00000000e+06 -8.34807003e+01 
 1.07977516e+06  5.27410021e+01  1.07977516e+06 -8.59950698e+01 
 1.16591440e+06  5.21075370e+01  1.16591440e+06 -8.85080109e+01 
 1.25892541e+06  5.14598392e+01  1.25892541e+06 -9.10263449e+01 
 1.35935639e+06  5.07981660e+01  1.35935639e+06 -9.35573954e+01 
 1.46779927e+06  5.01225810e+01  1.46779927e+06 -9.61087857e+01 
 1.58489319e+06  4.94329521e+01  1.58489319e+06 -9.86882390e+01 
 1.71132830e+06  4.87289537e+01  1.71132830e+06 -1.01303378e+02 
 1.84784980e+06  4.80100718e+01  1.84784980e+06 -1.03961525e+02 
 1.99526231e+06  4.72756140e+01  1.99526231e+06 -1.06669507e+02 
 2.15443469e+06  4.65247237e+01  2.15443469e+06 -1.09433456e+02 
 2.32630507e+06  4.57563994e+01  2.32630507e+06 -1.12258628e+02 
 2.51188643e+06  4.49695204e+01  2.51188643e+06 -1.15149230e+02 
 2.71227258e+06  4.41628780e+01  2.71227258e+06 -1.18108271e+02 
 2.92864456e+06  4.33352126e+01  2.92864456e+06 -1.21137449e+02 
 3.16227766e+06  4.24852565e+01  3.16227766e+06 -1.24237089e+02 
 3.41454887e+06  4.16117806e+01  3.41454887e+06 -1.27406140e+02 
 3.68694506e+06  4.07136426e+01  3.68694506e+06 -1.30642246e+02 
 3.98107171e+06  3.97898343e+01  3.98107171e+06 -1.33941896e+02 
 4.29866235e+06  3.88395245e+01  4.29866235e+06 -1.37300659e+02 
 4.64158883e+06  3.78620944e+01  4.64158883e+06 -1.40713498e+02 
 5.01187234e+06  3.68571611e+01  5.01187234e+06 -1.44175145e+02 
 5.41169527e+06  3.58245878e+01  5.41169527e+06 -1.47680527e+02 
 5.84341413e+06  3.47644788e+01  5.84341413e+06 -1.51225220e+02 
 6.30957344e+06  3.36771589e+01  6.30957344e+06 -1.54805893e+02 
 6.81292069e+06  3.25631379e+01  6.81292069e+06 -1.58420748e+02 
 7.35642254e+06  3.14230631e+01  7.35642254e+06 -1.62069917e+02 
 7.94328235e+06  3.02576613e+01  7.94328235e+06 -1.65755823e+02 
 8.57695899e+06  2.90676742e+01  8.57695899e+06 -1.69483514e+02 
 9.26118728e+06  2.78537885e+01  9.26118728e+06 -1.73260986e+02 
 1.00000000e+07  2.66165642e+01  1.00000000e+07 -1.77099520e+02 
 1.07977516e+07  2.53563607e+01  1.07977516e+07 -1.81014095e+02 
 1.16591440e+07  2.40732639e+01  1.16591440e+07 -1.85023939e+02 
 1.25892541e+07  2.27670135e+01  1.25892541e+07 -1.89153297e+02 
 1.35935639e+07  2.14369346e+01  1.35935639e+07 -1.93432563e+02 
 1.46779927e+07  2.00818812e+01  1.46779927e+07 -1.97899938e+02 
 1.58489319e+07  1.87002067e+01  1.58489319e+07 -2.02603895e+02 
 1.71132830e+07  1.72898011e+01  1.71132830e+07 -2.07606817e+02 
 1.84784980e+07  1.58482678e+01  1.84784980e+07 -2.12990358e+02 
 1.99526231e+07  1.43734032e+01  1.99526231e+07 -2.18863265e+02 
 2.15443469e+07  1.28642990e+01  2.15443469e+07 -2.25372459e+02 
 2.32630507e+07  1.13237083e+01  2.32630507e+07 -2.32717709e+02 
 2.51188643e+07  9.76287359e+00  2.51188643e+07 -2.41167640e+02 
 2.71227258e+07  8.21073391e+00  2.71227258e+07 -2.51066351e+02 
 2.92864456e+07  6.72923690e+00  2.92864456e+07 -2.62797712e+02 
 3.16227766e+07  5.43106488e+00  3.16227766e+07 -2.76637051e+02 
 3.41454887e+07  4.47803346e+00  3.41454887e+07 -2.92427641e+02 
 3.68694506e+07  4.02130089e+00  3.68694506e+07 -3.09252638e+02 
 3.98107171e+07  4.09769436e+00  3.98107171e+07 -3.25628422e+02 
 4.29866235e+07  4.59919720e+00  4.29866235e+07 -3.40302217e+02 
 4.64158883e+07  5.35901960e+00  4.64158883e+07 -3.52785627e+02 
 5.01187234e+07  6.24078080e+00  5.01187234e+07 -3.63199094e+02 
 5.41169527e+07  7.16280836e+00  5.41169527e+07 -3.71899051e+02 
 5.84341413e+07  8.08507274e+00  5.84341413e+07 -3.79249900e+02 
 6.30957344e+07  8.99158130e+00  6.30957344e+07 -3.85547106e+02 
 6.81292069e+07  9.87845765e+00  6.81292069e+07 -3.91010373e+02 
 7.35642254e+07  1.07473823e+01  7.35642254e+07 -3.95797479e+02 
 7.94328235e+07  1.16022973e+01  7.94328235e+07 -4.00019984e+02 
 8.57695899e+07  1.24478340e+01  8.57695899e+07 -4.03755748e+02 
 9.26118728e+07  1.32885929e+01  9.26118728e+07 -4.07057798e+02 
 1.00000000e+08  1.41288197e+01  1.00000000e+08 -4.09960245e+02 
 1.07977516e+08  1.49722466e+01  1.07977516e+08 -4.12482063e+02 
 1.16591440e+08  1.58219736e+01  1.16591440e+08 -4.14629383e+02 
 1.25892541e+08  1.66803212e+01  1.25892541e+08 -4.16396824e+02 
 1.35935639e+08  1.75486070e+01  1.35935639e+08 -4.17768298e+02 
 1.46779927e+08  1.84268152e+01  1.46779927e+08 -4.18717738e+02 
 1.58489319e+08  1.93131415e+01  1.58489319e+08 -4.19210250e+02 
 1.71132830e+08  2.02034219e+01  1.71132830e+08 -4.19204358e+02 
 1.84784980e+08  2.10905019e+01  1.84784980e+08 -4.18656102e+02 
 1.99526231e+08  2.19636862e+01  1.99526231e+08 -4.17525766e+02 
 2.15443469e+08  2.28085154e+01  2.15443469e+08 -4.15787641e+02 
 2.32630507e+08  2.36072204e+01  2.32630507e+08 -4.13442178e+02 
 2.51188643e+08  2.43401949e+01  2.51188643e+08 -4.10528121e+02 
 2.71227258e+08  2.49885856e+01  2.71227258e+08 -4.07130151e+02 
 2.92864456e+08  2.55375687e+01  2.92864456e+08 -4.03376962e+02 
 3.16227766e+08  2.59792975e+01  3.16227766e+08 -3.99427169e+02 
 3.41454887e+08  2.63143422e+01  3.41454887e+08 -3.95445992e+02 
 3.68694506e+08  2.65510266e+01  3.68694506e+08 -3.91580728e+02 
 3.98107171e+08  2.67030683e+01  3.98107171e+08 -3.87943489e+02 
 4.29866235e+08  2.67866038e+01  4.29866235e+08 -3.84605171e+02 
 4.64158883e+08  2.68176331e+01  4.64158883e+08 -3.81599104e+02 
 5.01187234e+08  2.68103918e+01  5.01187234e+08 -3.78929884e+02 
 5.41169527e+08  2.67766398e+01  5.41169527e+08 -3.76583155e+02 
 5.84341413e+08  2.67255920e+01  5.84341413e+08 -3.74533870e+02 
 6.30957344e+08  2.66641940e+01  6.30957344e+08 -3.72752234e+02 
 6.81292069e+08  2.65975216e+01  6.81292069e+08 -3.71207503e+02 
 7.35642254e+08  2.65291835e+01  7.35642254e+08 -3.69870180e+02 
 7.94328235e+08  2.64616711e+01  7.94328235e+08 -3.68713131e+02 
 8.57695899e+08  2.63966431e+01  8.57695899e+08 -3.67712040e+02 
 9.26118728e+08  2.63351457e+01  9.26118728e+08 -3.66845492e+02 
 1.00000000e+09  2.62777826e+01  1.00000000e+09 -3.66094850e+02 
