 1.00000000e+00  8.08252110e+01  1.00000000e+00 -1.79998792e+02 
 1.07977516e+00  8.08252110e+01  1.07977516e+00 -1.79998696e+02 
 1.16591440e+00  8.08252110e+01  1.16591440e+00 -1.79998592e+02 
 1.25892541e+00  8.08252110e+01  1.25892541e+00 -1.79998480e+02 
 1.35935639e+00  8.08252110e+01  1.35935639e+00 -1.79998358e+02 
 1.46779927e+00  8.08252110e+01  1.46779927e+00 -1.79998227e+02 
 1.58489319e+00  8.08252110e+01  1.58489319e+00 -1.79998086e+02 
 1.71132830e+00  8.08252110e+01  1.71132830e+00 -1.79997933e+02 
 1.84784980e+00  8.08252110e+01  1.84784980e+00 -1.79997768e+02 
 1.99526231e+00  8.08252110e+01  1.99526231e+00 -1.79997590e+02 
 2.15443469e+00  8.08252110e+01  2.15443469e+00 -1.79997398e+02 
 2.32630507e+00  8.08252110e+01  2.32630507e+00 -1.79997191e+02 
 2.51188643e+00  8.08252110e+01  2.51188643e+00 -1.79996966e+02 
 2.71227258e+00  8.08252110e+01  2.71227258e+00 -1.79996724e+02 
 2.92864456e+00  8.08252110e+01  2.92864456e+00 -1.79996463e+02 
 3.16227766e+00  8.08252110e+01  3.16227766e+00 -1.79996181e+02 
 3.41454887e+00  8.08252110e+01  3.41454887e+00 -1.79995876e+02 
 3.68694506e+00  8.08252110e+01  3.68694506e+00 -1.79995547e+02 
 3.98107171e+00  8.08252110e+01  3.98107171e+00 -1.79995192e+02 
 4.29866235e+00  8.08252110e+01  4.29866235e+00 -1.79994809e+02 
 4.64158883e+00  8.08252110e+01  4.64158883e+00 -1.79994394e+02 
 5.01187234e+00  8.08252109e+01  5.01187234e+00 -1.79993947e+02 
 5.41169527e+00  8.08252109e+01  5.41169527e+00 -1.79993464e+02 
 5.84341413e+00  8.08252109e+01  5.84341413e+00 -1.79992943e+02 
 6.30957344e+00  8.08252109e+01  6.30957344e+00 -1.79992380e+02 
 6.81292069e+00  8.08252109e+01  6.81292069e+00 -1.79991772e+02 
 7.35642254e+00  8.08252109e+01  7.35642254e+00 -1.79991116e+02 
 7.94328235e+00  8.08252109e+01  7.94328235e+00 -1.79990407e+02 
 8.57695899e+00  8.08252108e+01  8.57695899e+00 -1.79989642e+02 
 9.26118728e+00  8.08252108e+01  9.26118728e+00 -1.79988816e+02 
 1.00000000e+01  8.08252108e+01  1.00000000e+01 -1.79987923e+02 
 1.07977516e+01  8.08252108e+01  1.07977516e+01 -1.79986960e+02 
 1.16591440e+01  8.08252107e+01  1.16591440e+01 -1.79985920e+02 
 1.25892541e+01  8.08252107e+01  1.25892541e+01 -1.79984796e+02 
 1.35935639e+01  8.08252106e+01  1.35935639e+01 -1.79983583e+02 
 1.46779927e+01  8.08252106e+01  1.46779927e+01 -1.79982274e+02 
 1.58489319e+01  8.08252105e+01  1.58489319e+01 -1.79980860e+02 
 1.71132830e+01  8.08252104e+01  1.71132830e+01 -1.79979333e+02 
 1.84784980e+01  8.08252103e+01  1.84784980e+01 -1.79977684e+02 
 1.99526231e+01  8.08252102e+01  1.99526231e+01 -1.79975904e+02 
 2.15443469e+01  8.08252101e+01  2.15443469e+01 -1.79973981e+02 
 2.32630507e+01  8.08252099e+01  2.32630507e+01 -1.79971906e+02 
 2.51188643e+01  8.08252097e+01  2.51188643e+01 -1.79969665e+02 
 2.71227258e+01  8.08252095e+01  2.71227258e+01 -1.79967245e+02 
 2.92864456e+01  8.08252093e+01  2.92864456e+01 -1.79964632e+02 
 3.16227766e+01  8.08252090e+01  3.16227766e+01 -1.79961810e+02 
 3.41454887e+01  8.08252087e+01  3.41454887e+01 -1.79958763e+02 
 3.68694506e+01  8.08252083e+01  3.68694506e+01 -1.79955474e+02 
 3.98107171e+01  8.08252079e+01  3.98107171e+01 -1.79951922e+02 
 4.29866235e+01  8.08252073e+01  4.29866235e+01 -1.79948086e+02 
 4.64158883e+01  8.08252067e+01  4.64158883e+01 -1.79943945e+02 
 5.01187234e+01  8.08252060e+01  5.01187234e+01 -1.79939473e+02 
 5.41169527e+01  8.08252052e+01  5.41169527e+01 -1.79934644e+02 
 5.84341413e+01  8.08252043e+01  5.84341413e+01 -1.79929431e+02 
 6.30957344e+01  8.08252031e+01  6.30957344e+01 -1.79923801e+02 
 6.81292069e+01  8.08252018e+01  6.81292069e+01 -1.79917722e+02 
 7.35642254e+01  8.08252003e+01  7.35642254e+01 -1.79911158e+02 
 7.94328235e+01  8.08251985e+01  7.94328235e+01 -1.79904071e+02 
 8.57695899e+01  8.08251965e+01  8.57695899e+01 -1.79896418e+02 
 9.26118728e+01  8.08251941e+01  9.26118728e+01 -1.79888155e+02 
 1.00000000e+02  8.08251913e+01  1.00000000e+02 -1.79879233e+02 
 1.07977516e+02  8.08251880e+01  1.07977516e+02 -1.79869599e+02 
 1.16591440e+02  8.08251842e+01  1.16591440e+02 -1.79859196e+02 
 1.25892541e+02  8.08251797e+01  1.25892541e+02 -1.79847963e+02 
 1.35935639e+02  8.08251745e+01  1.35935639e+02 -1.79835834e+02 
 1.46779927e+02  8.08251685e+01  1.46779927e+02 -1.79822738e+02 
 1.58489319e+02  8.08251614e+01  1.58489319e+02 -1.79808597e+02 
 1.71132830e+02  8.08251532e+01  1.71132830e+02 -1.79793328e+02 
 1.84784980e+02  8.08251436e+01  1.84784980e+02 -1.79776841e+02 
 1.99526231e+02  8.08251325e+01  1.99526231e+02 -1.79759039e+02 
 2.15443469e+02  8.08251194e+01  2.15443469e+02 -1.79739816e+02 
 2.32630507e+02  8.08251042e+01  2.32630507e+02 -1.79719060e+02 
 2.51188643e+02  8.08250865e+01  2.51188643e+02 -1.79696649e+02 
 2.71227258e+02  8.08250659e+01  2.71227258e+02 -1.79672449e+02 
 2.92864456e+02  8.08250418e+01  2.92864456e+02 -1.79646320e+02 
 3.16227766e+02  8.08250137e+01  3.16227766e+02 -1.79618106e+02 
 3.41454887e+02  8.08249810e+01  3.41454887e+02 -1.79587641e+02 
 3.68694506e+02  8.08249429e+01  3.68694506e+02 -1.79554746e+02 
 3.98107171e+02  8.08248984e+01  3.98107171e+02 -1.79519228e+02 
 4.29866235e+02  8.08248465e+01  4.29866235e+02 -1.79480876e+02 
 4.64158883e+02  8.08247860e+01  4.64158883e+02 -1.79439466e+02 
 5.01187234e+02  8.08247155e+01  5.01187234e+02 -1.79394752e+02 
 5.41169527e+02  8.08246333e+01  5.41169527e+02 -1.79346473e+02 
 5.84341413e+02  8.08245375e+01  5.84341413e+02 -1.79294343e+02 
 6.30957344e+02  8.08244258e+01  6.30957344e+02 -1.79238055e+02 
 6.81292069e+02  8.08242955e+01  6.81292069e+02 -1.79177279e+02 
 7.35642254e+02  8.08241436e+01  7.35642254e+02 -1.79111657e+02 
 7.94328235e+02  8.08239666e+01  7.94328235e+02 -1.79040803e+02 
 8.57695899e+02  8.08237601e+01  8.57695899e+02 -1.78964299e+02 
 9.26118728e+02  8.08235196e+01  9.26118728e+02 -1.78881697e+02 
 1.00000000e+03  8.08232390e+01  1.00000000e+03 -1.78792510e+02 
 1.07977516e+03  8.08229119e+01  1.07977516e+03 -1.78696216e+02 
 1.16591440e+03  8.08225305e+01  1.16591440e+03 -1.78592248e+02 
 1.25892541e+03  8.08220859e+01  1.25892541e+03 -1.78479997e+02 
 1.35935639e+03  8.08215676e+01  1.35935639e+03 -1.78358804e+02 
 1.46779927e+03  8.08209634e+01  1.46779927e+03 -1.78227961e+02 
 1.58489319e+03  8.08202591e+01  1.58489319e+03 -1.78086700e+02 
 1.71132830e+03  8.08194380e+01  1.71132830e+03 -1.77934198e+02 
 1.84784980e+03  8.08184809e+01  1.84784980e+03 -1.77769564e+02 
 1.99526231e+03  8.08173655e+01  1.99526231e+03 -1.77591839e+02 
 2.15443469e+03  8.08160650e+01  2.15443469e+03 -1.77399990e+02 
 2.32630507e+03  8.08145494e+01  2.32630507e+03 -1.77192904e+02 
 2.51188643e+03  8.08127829e+01  2.51188643e+03 -1.76969384e+02 
 2.71227258e+03  8.08107245e+01  2.71227258e+03 -1.76728138e+02 
 2.92864456e+03  8.08083256e+01  2.92864456e+03 -1.76467783e+02 
 3.16227766e+03  8.08055305e+01  3.16227766e+03 -1.76186827e+02 
 3.41454887e+03  8.08022738e+01  3.41454887e+03 -1.75883672e+02 
 3.68694506e+03  8.07984800e+01  3.68694506e+03 -1.75556601e+02 
 3.98107171e+03  8.07940607e+01  3.98107171e+03 -1.75203774e+02 
 4.29866235e+03  8.07889140e+01  4.29866235e+03 -1.74823224e+02 
 4.64158883e+03  8.07829209e+01  4.64158883e+03 -1.74412848e+02 
 5.01187234e+03  8.07759442e+01  5.01187234e+03 -1.73970402e+02 
 5.41169527e+03  8.07678238e+01  5.41169527e+03 -1.73493498e+02 
 5.84341413e+03  8.07583751e+01  5.84341413e+03 -1.72979600e+02 
 6.30957344e+03  8.07473851e+01  6.30957344e+03 -1.72426022e+02 
 6.81292069e+03  8.07346062e+01  6.81292069e+03 -1.71829934e+02 
 7.35642254e+03  8.07197549e+01  7.35642254e+03 -1.71188357e+02 
 7.94328235e+03  8.07025032e+01  7.94328235e+03 -1.70498181e+02 
 8.57695899e+03  8.06824753e+01  8.57695899e+03 -1.69756170e+02 
 9.26118728e+03  8.06592405e+01  9.26118728e+03 -1.68958988e+02 
 1.00000000e+04  8.06323068e+01  1.00000000e+04 -1.68103219e+02 
 1.07977516e+04  8.06011141e+01  1.07977516e+04 -1.67185410e+02 
 1.16591440e+04  8.05650261e+01  1.16591440e+04 -1.66202111e+02 
 1.25892541e+04  8.05233259e+01  1.25892541e+04 -1.65149937e+02 
 1.35935639e+04  8.04752074e+01  1.35935639e+04 -1.64025641e+02 
 1.46779927e+04  8.04197693e+01  1.46779927e+04 -1.62826203e+02 
 1.58489319e+04  8.03560152e+01  1.58489319e+04 -1.61548926e+02 
 1.71132830e+04  8.02828457e+01  1.71132830e+04 -1.60191573e+02 
 1.84784980e+04  8.01990637e+01  1.84784980e+04 -1.58752489e+02 
 1.99526231e+04  8.01033792e+01  1.99526231e+04 -1.57230757e+02 
 2.15443469e+04  7.99944170e+01  2.15443469e+04 -1.55626359e+02 
 2.32630507e+04  7.98707341e+01  2.32630507e+04 -1.53940333e+02 
 2.51188643e+04  7.97308411e+01  2.51188643e+04 -1.52174928e+02 
 2.71227258e+04  7.95732302e+01  2.71227258e+04 -1.50333740e+02 
 2.92864456e+04  7.93964115e+01  2.92864456e+04 -1.48421816e+02 
 3.16227766e+04  7.91989521e+01  3.16227766e+04 -1.46445716e+02 
 3.41454887e+04  7.89795218e+01  3.41454887e+04 -1.44413506e+02 
 3.68694506e+04  7.87369403e+01  3.68694506e+04 -1.42334691e+02 
 3.98107171e+04  7.84702210e+01  3.98107171e+04 -1.40220071e+02 
 4.29866235e+04  7.81786130e+01  4.29866235e+04 -1.38081516e+02 
 4.64158883e+04  7.78616339e+01  4.64158883e+04 -1.35931678e+02 
 5.01187234e+04  7.75190901e+01  5.01187234e+04 -1.33783659e+02 
 5.41169527e+04  7.71510878e+01  5.41169527e+04 -1.31650628e+02 
 5.84341413e+04  7.67580267e+01  5.84341413e+04 -1.29545461e+02 
 6.30957344e+04  7.63405818e+01  6.30957344e+04 -1.27480382e+02 
 6.81292069e+04  7.58996730e+01  6.81292069e+04 -1.25466674e+02 
 7.35642254e+04  7.54364272e+01  7.35642254e+04 -1.23514418e+02 
 7.94328235e+04  7.49521337e+01  7.94328235e+04 -1.21632336e+02 
 8.57695899e+04  7.44481965e+01  8.57695899e+04 -1.19827709e+02 
 9.26118728e+04  7.39260896e+01  9.26118728e+04 -1.18106344e+02 
 1.00000000e+05  7.33873144e+01  1.00000000e+05 -1.16472629e+02 
 1.07977516e+05  7.28333633e+01  1.07977516e+05 -1.14929625e+02 
 1.16591440e+05  7.22656883e+01  1.16591440e+05 -1.13479197e+02 
 1.25892541e+05  7.16856778e+01  1.25892541e+05 -1.12122165e+02 
 1.35935639e+05  7.10946389e+01  1.35935639e+05 -1.10858471e+02 
 1.46779927e+05  7.04937858e+01  1.46779927e+05 -1.09687340e+02 
 1.58489319e+05  6.98842332e+01  1.58489319e+05 -1.08607438e+02 
 1.71132830e+05  6.92669941e+01  1.71132830e+05 -1.07617014e+02 
 1.84784980e+05  6.86429804e+01  1.84784980e+05 -1.06714036e+02 
 1.99526231e+05  6.80130059e+01  1.99526231e+05 -1.05896303e+02 
 2.15443469e+05  6.73777913e+01  2.15443469e+05 -1.05161537e+02 
 2.32630507e+05  6.67379698e+01  2.32630507e+05 -1.04507475e+02 
 2.51188643e+05  6.60940933e+01  2.51188643e+05 -1.03931934e+02 
 2.71227258e+05  6.54466385e+01  2.71227258e+05 -1.03432865e+02 
 2.92864456e+05  6.47960137e+01  2.92864456e+05 -1.03008402e+02 
 3.16227766e+05  6.41425639e+01  3.16227766e+05 -1.02656897e+02 
 3.41454887e+05  6.34865763e+01  3.41454887e+05 -1.02376953e+02 
 3.68694506e+05  6.28282850e+01  3.68694506e+05 -1.02167438e+02 
 3.98107171e+05  6.21678748e+01  3.98107171e+05 -1.02027512e+02 
 4.29866235e+05  6.15054844e+01  4.29866235e+05 -1.01956636e+02 
 4.64158883e+05  6.08412089e+01  4.64158883e+05 -1.01954584e+02 
 5.01187234e+05  6.01751018e+01  5.01187234e+05 -1.02021452e+02 
 5.41169527e+05  5.95071754e+01  5.41169527e+05 -1.02157660e+02 
 5.84341413e+05  5.88374014e+01  5.84341413e+05 -1.02363962e+02 
 6.30957344e+05  5.81657104e+01  6.30957344e+05 -1.02641441e+02 
 6.81292069e+05  5.74919905e+01  6.81292069e+05 -1.02991514e+02 
 7.35642254e+05  5.68160852e+01  7.35642254e+05 -1.03415929e+02 
 7.94328235e+05  5.61377907e+01  7.94328235e+05 -1.03916759e+02 
 8.57695899e+05  5.54568524e+01  8.57695899e+05 -1.04496391e+02 
 9.26118728e+05  5.47729606e+01  9.26118728e+05 -1.05157522e+02 
 1.00000000e+06  5.40857454e+01  1.00000000e+06 -1.05903131e+02 
 1.07977516e+06  5.33947716e+01  1.07977516e+06 -1.06736465e+02 
 1.16591440e+06  5.26995319e+01  1.16591440e+06 -1.07661001e+02 
 1.25892541e+06  5.19994412e+01  1.25892541e+06 -1.08680410e+02 
 1.35935639e+06  5.12938297e+01  1.35935639e+06 -1.09798501e+02 
 1.46779927e+06  5.05819364e+01  1.46779927e+06 -1.11019163e+02 
 1.58489319e+06  4.98629037e+01  1.58489319e+06 -1.12346283e+02 
 1.71132830e+06  4.91357722e+01  1.71132830e+06 -1.13783655e+02 
 1.84784980e+06  4.83994783e+01  1.84784980e+06 -1.15334873e+02 
 1.99526231e+06  4.76528537e+01  1.99526231e+06 -1.17003210e+02 
 2.15443469e+06  4.68946279e+01  2.15443469e+06 -1.18791475e+02 
 2.32630507e+06  4.61234362e+01  2.32630507e+06 -1.20701877e+02 
 2.51188643e+06  4.53378319e+01  2.51188643e+06 -1.22735869e+02 
 2.71227258e+06  4.45363043e+01  2.71227258e+06 -1.24894006e+02 
 2.92864456e+06  4.37173043e+01  2.92864456e+06 -1.27175817e+02 
 3.16227766e+06  4.28792746e+01  3.16227766e+06 -1.29579702e+02 
 3.41454887e+06  4.20206877e+01  3.41454887e+06 -1.32102873e+02 
 3.68694506e+06  4.11400866e+01  3.68694506e+06 -1.34741353e+02 
 3.98107171e+06  4.02361293e+01  3.98107171e+06 -1.37490045e+02 
 4.29866235e+06  3.93076318e+01  4.29866235e+06 -1.40342872e+02 
 4.64158883e+06  3.83536084e+01  4.64158883e+06 -1.43293005e+02 
 5.01187234e+06  3.73733036e+01  5.01187234e+06 -1.46333168e+02 
 5.41169527e+06  3.63662139e+01  5.41169527e+06 -1.49456002e+02 
 5.84341413e+06  3.53320958e+01  5.84341413e+06 -1.52654486e+02 
 6.30957344e+06  3.42709593e+01  6.30957344e+06 -1.55922376e+02 
 6.81292069e+06  3.31830450e+01  6.81292069e+06 -1.59254653e+02 
 7.35642254e+06  3.20687871e+01  7.35642254e+06 -1.62647949e+02 
 7.94328235e+06  3.09287635e+01  7.94328235e+06 -1.66100949e+02 
 8.57695899e+06  2.97636346e+01  8.57695899e+06 -1.69614749e+02 
 9.26118728e+06  2.85740751e+01  9.26118728e+06 -1.73193196e+02 
 1.00000000e+07  2.73606992e+01  1.00000000e+07 -1.76843219e+02 
 1.07977516e+07  2.61239827e+01  1.07977516e+07 -1.80575185e+02 
 1.16591440e+07  2.48641817e+01  1.16591440e+07 -1.84403350e+02 
 1.25892541e+07  2.35812490e+01  1.25892541e+07 -1.88346456e+02 
 1.35935639e+07  2.22747501e+01  1.35935639e+07 -1.92428595e+02 
 1.46779927e+07  2.09437794e+01  1.46779927e+07 -1.96680490e+02 
 1.58489319e+07  1.95868880e+01  1.58489319e+07 -2.01141392e+02 
 1.71132830e+07  1.82020385e+01  1.71132830e+07 -2.05861938e+02 
 1.84784980e+07  1.67866335e+01  1.84784980e+07 -2.10908413e+02 
 1.99526231e+07  1.53377100e+01  1.99526231e+07 -2.16369121e+02 
 2.15443469e+07  1.38524993e+01  2.15443469e+07 -2.22363797e+02 
 2.32630507e+07  1.23297669e+01  2.32630507e+07 -2.29057104e+02 
 2.51188643e+07  1.07727775e+01  2.51188643e+07 -2.36676590e+02 
 2.71227258e+07  9.19549015e+00  2.71227258e+07 -2.45531788e+02 
 2.92864456e+07  7.63452910e+00  2.92864456e+07 -2.56018556e+02 
 3.16227766e+07  6.16873477e+00  3.16227766e+07 -2.68560187e+02 
 3.41454887e+07  4.93866383e+00  3.41454887e+07 -2.83388271e+02 
 3.68694506e+07  4.13148066e+00  3.68694506e+07 -3.00117501e+02 
 3.98107171e+07  3.88734420e+00  3.98107171e+07 -3.17462883e+02 
 4.29866235e+07  4.18678943e+00  4.29866235e+07 -3.33749459e+02 
 4.64158883e+07  4.86903221e+00  4.64158883e+07 -3.47883305e+02 
 5.01187234e+07  5.75383559e+00  5.01187234e+07 -3.59656023e+02 
 5.41169527e+07  6.71687364e+00  5.41169527e+07 -3.69369994e+02 
 5.84341413e+07  7.69245541e+00  5.84341413e+07 -3.77449526e+02 
 6.30957344e+07  8.65224232e+00  6.30957344e+07 -3.84267229e+02 
 6.81292069e+07  9.58733052e+00  6.81292069e+07 -3.90106061e+02 
 7.35642254e+07  1.04978411e+01  7.35642254e+07 -3.95169485e+02 
 7.94328235e+07  1.13876548e+01  7.94328235e+07 -3.99600812e+02 
 8.57695899e+07  1.22619235e+01  8.57695899e+07 -4.03499964e+02 
 9.26118728e+07  1.31259500e+01  9.26118728e+07 -4.06935614e+02 
 1.00000000e+08  1.39847065e+01  1.00000000e+08 -4.09953373e+02 
 1.07977516e+08  1.48426290e+01  1.07977516e+08 -4.12581072e+02 
 1.16591440e+08  1.57035067e+01  1.16591440e+08 -4.14832037e+02 
 1.25892541e+08  1.65703688e+01  1.25892541e+08 -4.16707016e+02 
 1.35935639e+08  1.74453118e+01  1.35935639e+08 -4.18195299e+02 
 1.46779927e+08  1.83292287e+01  1.46779927e+08 -4.19275478e+02 
 1.58489319e+08  1.92214130e+01  1.58489319e+08 -4.19916352e+02 
 1.71132830e+08  2.01190312e+01  1.71132830e+08 -4.20078579e+02 
 1.84784980e+08  2.10164934e+01  1.84784980e+08 -4.19717834e+02 
 1.99526231e+08  2.19048195e+01  1.99526231e+08 -4.18790311e+02 
 2.15443469e+08  2.27711999e+01  2.15443469e+08 -4.17261254e+02 
 2.32630507e+08  2.35990725e+01  2.32630507e+08 -4.15116522e+02 
 2.51188643e+08  2.43691001e+01  2.51188643e+08 -4.12375633e+02 
 2.71227258e+08  2.50613190e+01  2.71227258e+08 -4.09102622e+02 
 2.92864456e+08  2.56583030e+01  2.92864456e+08 -4.05409323e+02 
 3.16227766e+08  2.61485461e+01  3.16227766e+08 -4.01446638e+02 
 3.41454887e+08  2.65288088e+01  3.41454887e+08 -3.97383886e+02 
 3.68694506e+08  2.68044258e+01  3.68694506e+08 -3.93382650e+02 
 3.98107171e+08  2.69875163e+01  3.98107171e+08 -3.89574574e+02 
 4.29866235e+08  2.70940095e+01  4.29866235e+08 -3.86049890e+02 
 4.64158883e+08  2.71406906e+01  4.64158883e+08 -3.82857424e+02 
 5.01187234e+08  2.71430736e+01  5.01187234e+08 -3.80012172e+02 
 5.41169527e+08  2.71142949e+01  5.41169527e+08 -3.77505562e+02 
 5.84341413e+08  2.70648164e+01  5.84341413e+08 -3.75314910e+02 
 6.30957344e+08  2.70026092e+01  6.30957344e+08 -3.73410596e+02 
 6.81292069e+08  2.69335452e+01  6.81292069e+08 -3.71760822e+02 
 7.35642254e+08  2.68618291e+01  7.35642254e+08 -3.70334446e+02 
 7.94328235e+08  2.67903879e+01  7.94328235e+08 -3.69102478e+02 
 8.57695899e+08  2.67211915e+01  8.57695899e+08 -3.68038748e+02 
 9.26118728e+08  2.66555047e+01  9.26118728e+08 -3.67120095e+02 
 1.00000000e+09  2.65940787e+01  1.00000000e+09 -3.66326291e+02 
