 1.00000000e+00  5.93304354e+01  1.00000000e+00 -1.79999912e+02 
 1.07977516e+00  5.93304354e+01  1.07977516e+00 -1.79999905e+02 
 1.16591440e+00  5.93304354e+01  1.16591440e+00 -1.79999897e+02 
 1.25892541e+00  5.93304354e+01  1.25892541e+00 -1.79999889e+02 
 1.35935639e+00  5.93304354e+01  1.35935639e+00 -1.79999880e+02 
 1.46779927e+00  5.93304354e+01  1.46779927e+00 -1.79999870e+02 
 1.58489319e+00  5.93304354e+01  1.58489319e+00 -1.79999860e+02 
 1.71132830e+00  5.93304354e+01  1.71132830e+00 -1.79999849e+02 
 1.84784980e+00  5.93304354e+01  1.84784980e+00 -1.79999837e+02 
 1.99526231e+00  5.93304354e+01  1.99526231e+00 -1.79999824e+02 
 2.15443469e+00  5.93304354e+01  2.15443469e+00 -1.79999809e+02 
 2.32630507e+00  5.93304354e+01  2.32630507e+00 -1.79999794e+02 
 2.51188643e+00  5.93304354e+01  2.51188643e+00 -1.79999778e+02 
 2.71227258e+00  5.93304354e+01  2.71227258e+00 -1.79999760e+02 
 2.92864456e+00  5.93304354e+01  2.92864456e+00 -1.79999741e+02 
 3.16227766e+00  5.93304354e+01  3.16227766e+00 -1.79999720e+02 
 3.41454887e+00  5.93304354e+01  3.41454887e+00 -1.79999698e+02 
 3.68694506e+00  5.93304354e+01  3.68694506e+00 -1.79999674e+02 
 3.98107171e+00  5.93304354e+01  3.98107171e+00 -1.79999648e+02 
 4.29866235e+00  5.93304354e+01  4.29866235e+00 -1.79999620e+02 
 4.64158883e+00  5.93304354e+01  4.64158883e+00 -1.79999590e+02 
 5.01187234e+00  5.93304354e+01  5.01187234e+00 -1.79999557e+02 
 5.41169527e+00  5.93304354e+01  5.41169527e+00 -1.79999521e+02 
 5.84341413e+00  5.93304354e+01  5.84341413e+00 -1.79999483e+02 
 6.30957344e+00  5.93304354e+01  6.30957344e+00 -1.79999442e+02 
 6.81292069e+00  5.93304354e+01  6.81292069e+00 -1.79999397e+02 
 7.35642254e+00  5.93304354e+01  7.35642254e+00 -1.79999349e+02 
 7.94328235e+00  5.93304354e+01  7.94328235e+00 -1.79999298e+02 
 8.57695899e+00  5.93304354e+01  8.57695899e+00 -1.79999241e+02 
 9.26118728e+00  5.93304354e+01  9.26118728e+00 -1.79999181e+02 
 1.00000000e+01  5.93304354e+01  1.00000000e+01 -1.79999116e+02 
 1.07977516e+01  5.93304354e+01  1.07977516e+01 -1.79999045e+02 
 1.16591440e+01  5.93304354e+01  1.16591440e+01 -1.79998969e+02 
 1.25892541e+01  5.93304354e+01  1.25892541e+01 -1.79998887e+02 
 1.35935639e+01  5.93304354e+01  1.35935639e+01 -1.79998798e+02 
 1.46779927e+01  5.93304354e+01  1.46779927e+01 -1.79998702e+02 
 1.58489319e+01  5.93304354e+01  1.58489319e+01 -1.79998598e+02 
 1.71132830e+01  5.93304354e+01  1.71132830e+01 -1.79998487e+02 
 1.84784980e+01  5.93304354e+01  1.84784980e+01 -1.79998366e+02 
 1.99526231e+01  5.93304354e+01  1.99526231e+01 -1.79998235e+02 
 2.15443469e+01  5.93304354e+01  2.15443469e+01 -1.79998095e+02 
 2.32630507e+01  5.93304354e+01  2.32630507e+01 -1.79997943e+02 
 2.51188643e+01  5.93304354e+01  2.51188643e+01 -1.79997779e+02 
 2.71227258e+01  5.93304354e+01  2.71227258e+01 -1.79997601e+02 
 2.92864456e+01  5.93304354e+01  2.92864456e+01 -1.79997410e+02 
 3.16227766e+01  5.93304354e+01  3.16227766e+01 -1.79997203e+02 
 3.41454887e+01  5.93304354e+01  3.41454887e+01 -1.79996980e+02 
 3.68694506e+01  5.93304354e+01  3.68694506e+01 -1.79996739e+02 
 3.98107171e+01  5.93304354e+01  3.98107171e+01 -1.79996479e+02 
 4.29866235e+01  5.93304354e+01  4.29866235e+01 -1.79996198e+02 
 4.64158883e+01  5.93304354e+01  4.64158883e+01 -1.79995895e+02 
 5.01187234e+01  5.93304354e+01  5.01187234e+01 -1.79995568e+02 
 5.41169527e+01  5.93304354e+01  5.41169527e+01 -1.79995214e+02 
 5.84341413e+01  5.93304354e+01  5.84341413e+01 -1.79994832e+02 
 6.30957344e+01  5.93304353e+01  6.30957344e+01 -1.79994420e+02 
 6.81292069e+01  5.93304353e+01  6.81292069e+01 -1.79993975e+02 
 7.35642254e+01  5.93304353e+01  7.35642254e+01 -1.79993494e+02 
 7.94328235e+01  5.93304353e+01  7.94328235e+01 -1.79992975e+02 
 8.57695899e+01  5.93304353e+01  8.57695899e+01 -1.79992415e+02 
 9.26118728e+01  5.93304353e+01  9.26118728e+01 -1.79991810e+02 
 1.00000000e+02  5.93304353e+01  1.00000000e+02 -1.79991157e+02 
 1.07977516e+02  5.93304352e+01  1.07977516e+02 -1.79990451e+02 
 1.16591440e+02  5.93304352e+01  1.16591440e+02 -1.79989689e+02 
 1.25892541e+02  5.93304352e+01  1.25892541e+02 -1.79988867e+02 
 1.35935639e+02  5.93304351e+01  1.35935639e+02 -1.79987979e+02 
 1.46779927e+02  5.93304351e+01  1.46779927e+02 -1.79987020e+02 
 1.58489319e+02  5.93304350e+01  1.58489319e+02 -1.79985984e+02 
 1.71132830e+02  5.93304350e+01  1.71132830e+02 -1.79984866e+02 
 1.84784980e+02  5.93304349e+01  1.84784980e+02 -1.79983659e+02 
 1.99526231e+02  5.93304348e+01  1.99526231e+02 -1.79982355e+02 
 2.15443469e+02  5.93304347e+01  2.15443469e+02 -1.79980947e+02 
 2.32630507e+02  5.93304346e+01  2.32630507e+02 -1.79979427e+02 
 2.51188643e+02  5.93304345e+01  2.51188643e+02 -1.79977786e+02 
 2.71227258e+02  5.93304344e+01  2.71227258e+02 -1.79976014e+02 
 2.92864456e+02  5.93304342e+01  2.92864456e+02 -1.79974101e+02 
 3.16227766e+02  5.93304340e+01  3.16227766e+02 -1.79972034e+02 
 3.41454887e+02  5.93304338e+01  3.41454887e+02 -1.79969803e+02 
 3.68694506e+02  5.93304335e+01  3.68694506e+02 -1.79967395e+02 
 3.98107171e+02  5.93304332e+01  3.98107171e+02 -1.79964793e+02 
 4.29866235e+02  5.93304328e+01  4.29866235e+02 -1.79961985e+02 
 4.64158883e+02  5.93304324e+01  4.64158883e+02 -1.79958952e+02 
 5.01187234e+02  5.93304318e+01  5.01187234e+02 -1.79955678e+02 
 5.41169527e+02  5.93304313e+01  5.41169527e+02 -1.79952142e+02 
 5.84341413e+02  5.93304306e+01  5.84341413e+02 -1.79948324e+02 
 6.30957344e+02  5.93304298e+01  6.30957344e+02 -1.79944201e+02 
 6.81292069e+02  5.93304288e+01  6.81292069e+02 -1.79939750e+02 
 7.35642254e+02  5.93304277e+01  7.35642254e+02 -1.79934944e+02 
 7.94328235e+02  5.93304265e+01  7.94328235e+02 -1.79929754e+02 
 8.57695899e+02  5.93304250e+01  8.57695899e+02 -1.79924150e+02 
 9.26118728e+02  5.93304233e+01  9.26118728e+02 -1.79918099e+02 
 1.00000000e+03  5.93304213e+01  1.00000000e+03 -1.79911565e+02 
 1.07977516e+03  5.93304189e+01  1.07977516e+03 -1.79904510e+02 
 1.16591440e+03  5.93304162e+01  1.16591440e+03 -1.79896893e+02 
 1.25892541e+03  5.93304130e+01  1.25892541e+03 -1.79888667e+02 
 1.35935639e+03  5.93304093e+01  1.35935639e+03 -1.79879786e+02 
 1.46779927e+03  5.93304049e+01  1.46779927e+03 -1.79870196e+02 
 1.58489319e+03  5.93303999e+01  1.58489319e+03 -1.79859840e+02 
 1.71132830e+03  5.93303940e+01  1.71132830e+03 -1.79848659e+02 
 1.84784980e+03  5.93303871e+01  1.84784980e+03 -1.79836586e+02 
 1.99526231e+03  5.93303791e+01  1.99526231e+03 -1.79823550e+02 
 2.15443469e+03  5.93303698e+01  2.15443469e+03 -1.79809474e+02 
 2.32630507e+03  5.93303589e+01  2.32630507e+03 -1.79794275e+02 
 2.51188643e+03  5.93303462e+01  2.51188643e+03 -1.79777863e+02 
 2.71227258e+03  5.93303314e+01  2.71227258e+03 -1.79760142e+02 
 2.92864456e+03  5.93303142e+01  2.92864456e+03 -1.79741008e+02 
 3.16227766e+03  5.93302940e+01  3.16227766e+03 -1.79720348e+02 
 3.41454887e+03  5.93302706e+01  3.41454887e+03 -1.79698039e+02 
 3.68694506e+03  5.93302433e+01  3.68694506e+03 -1.79673951e+02 
 3.98107171e+03  5.93302114e+01  3.98107171e+03 -1.79647941e+02 
 4.29866235e+03  5.93301742e+01  4.29866235e+03 -1.79619857e+02 
 4.64158883e+03  5.93301309e+01  4.64158883e+03 -1.79589532e+02 
 5.01187234e+03  5.93300803e+01  5.01187234e+03 -1.79556789e+02 
 5.41169527e+03  5.93300214e+01  5.41169527e+03 -1.79521434e+02 
 5.84341413e+03  5.93299527e+01  5.84341413e+03 -1.79483260e+02 
 6.30957344e+03  5.93298727e+01  6.30957344e+03 -1.79442041e+02 
 6.81292069e+03  5.93297793e+01  6.81292069e+03 -1.79397534e+02 
 7.35642254e+03  5.93296705e+01  7.35642254e+03 -1.79349479e+02 
 7.94328235e+03  5.93295436e+01  7.94328235e+03 -1.79297591e+02 
 8.57695899e+03  5.93293956e+01  8.57695899e+03 -1.79241566e+02 
 9.26118728e+03  5.93292231e+01  9.26118728e+03 -1.79181075e+02 
 1.00000000e+04  5.93290220e+01  1.00000000e+04 -1.79115760e+02 
 1.07977516e+04  5.93287876e+01  1.07977516e+04 -1.79045240e+02 
 1.16591440e+04  5.93285142e+01  1.16591440e+04 -1.78969098e+02 
 1.25892541e+04  5.93281956e+01  1.25892541e+04 -1.78886889e+02 
 1.35935639e+04  5.93278241e+01  1.35935639e+04 -1.78798129e+02 
 1.46779927e+04  5.93273909e+01  1.46779927e+04 -1.78702299e+02 
 1.58489319e+04  5.93268860e+01  1.58489319e+04 -1.78598837e+02 
 1.71132830e+04  5.93262974e+01  1.71132830e+04 -1.78487138e+02 
 1.84784980e+04  5.93256113e+01  1.84784980e+04 -1.78366547e+02 
 1.99526231e+04  5.93248114e+01  1.99526231e+04 -1.78236362e+02 
 2.15443469e+04  5.93238789e+01  2.15443469e+04 -1.78095824e+02 
 2.32630507e+04  5.93227920e+01  2.32630507e+04 -1.77944114e+02 
 2.51188643e+04  5.93215251e+01  2.51188643e+04 -1.77780352e+02 
 2.71227258e+04  5.93200485e+01  2.71227258e+04 -1.77603590e+02 
 2.92864456e+04  5.93183275e+01  2.92864456e+04 -1.77412808e+02 
 3.16227766e+04  5.93163219e+01  3.16227766e+04 -1.77206906e+02 
 3.41454887e+04  5.93139845e+01  3.41454887e+04 -1.76984706e+02 
 3.68694506e+04  5.93112610e+01  3.68694506e+04 -1.76744940e+02 
 3.98107171e+04  5.93080876e+01  3.98107171e+04 -1.76486247e+02 
 4.29866235e+04  5.93043906e+01  4.29866235e+04 -1.76207170e+02 
 4.64158883e+04  5.93000841e+01  4.64158883e+04 -1.75906147e+02 
 5.01187234e+04  5.92950683e+01  5.01187234e+04 -1.75581508e+02 
 5.41169527e+04  5.92892273e+01  5.41169527e+04 -1.75231473e+02 
 5.84341413e+04  5.92824270e+01  5.84341413e+04 -1.74854142e+02 
 6.30957344e+04  5.92745115e+01  6.30957344e+04 -1.74447500e+02 
 6.81292069e+04  5.92653004e+01  6.81292069e+04 -1.74009408e+02 
 7.35642254e+04  5.92545850e+01  7.35642254e+04 -1.73537609e+02 
 7.94328235e+04  5.92421241e+01  7.94328235e+04 -1.73029727e+02 
 8.57695899e+04  5.92276397e+01  8.57695899e+04 -1.72483276e+02 
 9.26118728e+04  5.92108112e+01  9.26118728e+04 -1.71895668e+02 
 1.00000000e+05  5.91912705e+01  1.00000000e+05 -1.71264224e+02 
 1.07977516e+05  5.91685952e+01  1.07977516e+05 -1.70586203e+02 
 1.16591440e+05  5.91423024e+01  1.16591440e+05 -1.69858821e+02 
 1.25892541e+05  5.91118416e+01  1.25892541e+05 -1.69079294e+02 
 1.35935639e+05  5.90765873e+01  1.35935639e+05 -1.68244883e+02 
 1.46779927e+05  5.90358323e+01  1.46779927e+05 -1.67352954e+02 
 1.58489319e+05  5.89887803e+01  1.58489319e+05 -1.66401049e+02 
 1.71132830e+05  5.89345401e+01  1.71132830e+05 -1.65386978e+02 
 1.84784980e+05  5.88721209e+01  1.84784980e+05 -1.64308925e+02 
 1.99526231e+05  5.88004290e+01  1.99526231e+05 -1.63165565e+02 
 2.15443469e+05  5.87182679e+01  2.15443469e+05 -1.61956207e+02 
 2.32630507e+05  5.86243417e+01  2.32630507e+05 -1.60680947e+02 
 2.51188643e+05  5.85172627e+01  2.51188643e+05 -1.59340827e+02 
 2.71227258e+05  5.83955649e+01  2.71227258e+05 -1.57938007e+02 
 2.92864456e+05  5.82577234e+01  2.92864456e+05 -1.56475929e+02 
 3.16227766e+05  5.81021797e+01  3.16227766e+05 -1.54959462e+02 
 3.41454887e+05  5.79273745e+01  3.41454887e+05 -1.53395029e+02 
 3.68694506e+05  5.77317855e+01  3.68694506e+05 -1.51790678e+02 
 3.98107171e+05  5.75139697e+01  3.98107171e+05 -1.50156114e+02 
 4.29866235e+05  5.72726081e+01  4.29866235e+05 -1.48502652e+02 
 4.64158883e+05  5.70065496e+01  4.64158883e+05 -1.46843093e+02 
 5.01187234e+05  5.67148507e+01  5.01187234e+05 -1.45191538e+02 
 5.41169527e+05  5.63968082e+01  5.41169527e+05 -1.43563116e+02 
 5.84341413e+05  5.60519806e+01  5.84341413e+05 -1.41973662e+02 
 6.30957344e+05  5.56801968e+01  6.30957344e+05 -1.40439361e+02 
 6.81292069e+05  5.52815513e+01  6.81292069e+05 -1.38976371e+02 
 7.35642254e+05  5.48563839e+01  7.35642254e+05 -1.37600471e+02 
 7.94328235e+05  5.44052479e+01  7.94328235e+05 -1.36326736e+02 
 8.57695899e+05  5.39288678e+01  8.57695899e+05 -1.35169270e+02 
 9.26118728e+05  5.34280895e+01  9.26118728e+05 -1.34141011e+02 
 1.00000000e+06  5.29038278e+01  1.00000000e+06 -1.33253599e+02 
 1.07977516e+06  5.23570135e+01  1.07977516e+06 -1.32517314e+02 
 1.16591440e+06  5.17885427e+01  1.16591440e+06 -1.31941070e+02 
 1.25892541e+06  5.11992316e+01  1.25892541e+06 -1.31532447e+02 
 1.35935639e+06  5.05897772e+01  1.35935639e+06 -1.31297759e+02 
 1.46779927e+06  4.99607258e+01  1.46779927e+06 -1.31242118e+02 
 1.58489319e+06  4.93124488e+01  1.58489319e+06 -1.31369517e+02 
 1.71132830e+06  4.86451265e+01  1.71132830e+06 -1.31682875e+02 
 1.84784980e+06  4.79587398e+01  1.84784980e+06 -1.32184086e+02 
 1.99526231e+06  4.72530690e+01  1.99526231e+06 -1.32874021e+02 
 2.15443469e+06  4.65277018e+01  2.15443469e+06 -1.33752523e+02 
 2.32630507e+06  4.57820475e+01  2.32630507e+06 -1.34818369e+02 
 2.51188643e+06  4.50153595e+01  2.51188643e+06 -1.36069228e+02 
 2.71227258e+06  4.42267662e+01  2.71227258e+06 -1.37501611e+02 
 2.92864456e+06  4.34153076e+01  2.92864456e+06 -1.39110834e+02 
 3.16227766e+06  4.25799793e+01  3.16227766e+06 -1.40891015e+02 
 3.41454887e+06  4.17197807e+01  3.41454887e+06 -1.42835105e+02 
 3.68694506e+06  4.08337656e+01  3.68694506e+06 -1.44934985e+02 
 3.98107171e+06  3.99210923e+01  3.98107171e+06 -1.47181628e+02 
 4.29866235e+06  3.89810703e+01  4.29866235e+06 -1.49565337e+02 
 4.64158883e+06  3.80131983e+01  4.64158883e+06 -1.52076054e+02 
 5.01187234e+06  3.70171927e+01  5.01187234e+06 -1.54703727e+02 
 5.41169527e+06  3.59930018e+01  5.41169527e+06 -1.57438731e+02 
 5.84341413e+06  3.49408044e+01  5.84341413e+06 -1.60272308e+02 
 6.30957344e+06  3.38609934e+01  6.30957344e+06 -1.63197007e+02 
 6.81292069e+06  3.27541437e+01  6.81292069e+06 -1.66207110e+02 
 7.35642254e+06  3.16209679e+01  7.35642254e+06 -1.69299024e+02 
 7.94328235e+06  3.04622602e+01  7.94328235e+06 -1.72471631e+02 
 8.57695899e+06  2.92788341e+01  8.57695899e+06 -1.75726612e+02 
 9.26118728e+06  2.80714534e+01  9.26118728e+06 -1.79068751e+02 
 1.00000000e+07  2.68407614e+01  1.00000000e+07 -1.82506256e+02 
 1.07977516e+07  2.55872074e+01  1.07977516e+07 -1.86051148e+02 
 1.16591440e+07  2.43109732e+01  1.16591440e+07 -1.89719771e+02 
 1.25892541e+07  2.30118999e+01  1.25892541e+07 -1.93533526e+02 
 1.35935639e+07  2.16894180e+01  1.35935639e+07 -1.97519935e+02 
 1.46779927e+07  2.03424873e+01  1.46779927e+07 -2.01714237e+02 
 1.58489319e+07  1.89695622e+01  1.58489319e+07 -2.06161737e+02 
 1.71132830e+07  1.75686168e+01  1.71132830e+07 -2.10921315e+02 
 1.84784980e+07  1.61373015e+01  1.84784980e+07 -2.16070593e+02 
 1.99526231e+07  1.46733796e+01  1.99526231e+07 -2.21713502e+02 
 2.15443469e+07  1.31757486e+01  2.15443469e+07 -2.27991062e+02 
 2.32630507e+07  1.16466467e+01  2.32630507e+07 -2.35095794e+02 
 2.51188643e+07  1.00961861e+01  2.51188643e+07 -2.43287954e+02 
 2.71227258e+07  8.55107791e+00  2.71227258e+07 -2.52904039e+02 
 2.92864456e+07  7.06942512e+00  2.92864456e+07 -2.64327426e+02 
 3.16227766e+07  5.75883241e+00  3.16227766e+07 -2.77853937e+02 
 3.41454887e+07  4.77823942e+00  3.41454887e+07 -2.93382306e+02 
 3.68694506e+07  4.28436463e+00  3.68694506e+07 -3.10066191e+02 
 3.98107171e+07  4.32775881e+00  3.98107171e+07 -3.26440553e+02 
 4.29866235e+07  4.81074863e+00  4.29866235e+07 -3.41194999e+02 
 4.64158883e+07  5.56678261e+00  4.64158883e+07 -3.53768950e+02 
 5.01187234e+07  6.45441299e+00  5.01187234e+07 -3.64244458e+02 
 5.41169527e+07  7.38710247e+00  5.41169527e+07 -3.72969836e+02 
 5.84341413e+07  8.32174371e+00  5.84341413e+07 -3.80314326e+02 
 6.30957344e+07  9.24070856e+00  6.30957344e+07 -3.86580965e+02 
 6.81292069e+07  1.01393308e+01  6.81292069e+07 -3.91996152e+02 
 7.35642254e+07  1.10189404e+01  7.35642254e+07 -3.96722764e+02 
 7.94328235e+07  1.18833444e+01  7.94328235e+07 -4.00876053e+02 
 8.57695899e+07  1.27371399e+01  8.57695899e+07 -4.04536512e+02 
 9.26118728e+07  1.35849357e+01  9.26118728e+07 -4.07759047e+02 
 1.00000000e+08  1.44310007e+01  1.00000000e+08 -4.10579124e+02 
 1.07977516e+08  1.52790894e+01  1.07977516e+08 -4.13016719e+02 
 1.16591440e+08  1.61323174e+01  1.16591440e+08 -4.15078733e+02 
 1.25892541e+08  1.69930096e+01  1.25892541e+08 -4.16760418e+02 
 1.35935639e+08  1.78624774e+01  1.35935639e+08 -4.18046258e+02 
 1.46779927e+08  1.87406890e+01  1.46779927e+08 -4.18910748e+02 
 1.58489319e+08  1.96258173e+01  1.58489319e+08 -4.19319606e+02 
 1.71132830e+08  2.05136723e+01  1.71132830e+08 -4.19232048e+02 
 1.84784980e+08  2.13970753e+01  1.84784980e+08 -4.18604923e+02 
 1.99526231e+08  2.22653136e+01  1.99526231e+08 -4.17399475e+02 
 2.15443469e+08  2.31039252e+01  2.15443469e+08 -4.15591137e+02 
 2.32630507e+08  2.38951669e+01  2.32630507e+08 -4.13181729e+02 
 2.51188643e+08  2.46195090e+01  2.51188643e+08 -4.10211593e+02 
 2.71227258e+08  2.52582561e+01  2.71227258e+08 -4.06767154e+02 
 2.92864456e+08  2.57968521e+01  2.92864456e+08 -4.02978741e+02 
 3.16227766e+08  2.62278281e+01  3.16227766e+08 -3.99006083e+02 
 3.41454887e+08  2.65522018e+01  3.41454887e+08 -3.95014603e+02 
 3.68694506e+08  2.67787379e+01  3.68694506e+08 -3.91150706e+02 
 3.98107171e+08  2.69215087e+01  3.98107171e+08 -3.87524665e+02 
 4.29866235e+08  2.69968700e+01  4.29866235e+08 -3.84205005e+02 
 4.64158883e+08  2.70208984e+01  4.64158883e+08 -3.81222613e+02 
 5.01187234e+08  2.70077903e+01  5.01187234e+08 -3.78579930e+02 
 5.41169527e+08  2.69691916e+01  5.41169527e+08 -3.76260934e+02 
 5.84341413e+08  2.69141689e+01  5.84341413e+08 -3.74239426e+02 
 6.30957344e+08  2.68495159e+01  6.30957344e+08 -3.72484916e+02 
 6.81292069e+08  2.67801718e+01  6.81292069e+08 -3.70966313e+02 
 7.35642254e+08  2.67096326e+01  7.35642254e+08 -3.69654001e+02 
 7.94328235e+08  2.66403021e+01  7.94328235e+08 -3.68520854e+02 
 8.57695899e+08  2.65737726e+01  8.57695899e+08 -3.67542632e+02 
 9.26118728e+08  2.65110410e+01  9.26118728e+08 -3.66698010e+02 
 1.00000000e+09  2.64526729e+01  1.00000000e+09 -3.65968439e+02 
