 1.00000000e+00  6.47333004e+01  1.00000000e+00 -2.58105675e-04 
 1.07977516e+00  6.47333004e+01  1.07977516e+00 -2.78696097e-04 
 1.16591440e+00  6.47333004e+01  1.16591440e+00 -3.00929123e-04 
 1.25892541e+00  6.47333004e+01  1.25892541e+00 -3.24935793e-04 
 1.35935639e+00  6.47333004e+01  1.35935639e+00 -3.50857599e-04 
 1.46779927e+00  6.47333004e+01  1.46779927e+00 -3.78847321e-04 
 1.58489319e+00  6.47333004e+01  1.58489319e+00 -4.09069927e-04 
 1.71132830e+00  6.47333004e+01  1.71132830e+00 -4.41703547e-04 
 1.84784980e+00  6.47333004e+01  1.84784980e+00 -4.76940519e-04 
 1.99526231e+00  6.47333004e+01  1.99526231e+00 -5.14988527e-04 
 2.15443469e+00  6.47333004e+01  2.15443469e+00 -5.56071820e-04 
 2.32630507e+00  6.47333004e+01  2.32630507e+00 -6.00432540e-04 
 2.51188643e+00  6.47333004e+01  2.51188643e+00 -6.48332143e-04 
 2.71227258e+00  6.47333004e+01  2.71227258e+00 -7.00052945e-04 
 2.92864456e+00  6.47333004e+01  2.92864456e+00 -7.55899782e-04 
 3.16227766e+00  6.47333004e+01  3.16227766e+00 -8.16201810e-04 
 3.41454887e+00  6.47333004e+01  3.41454887e+00 -8.81314442e-04 
 3.68694506e+00  6.47333004e+01  3.68694506e+00 -9.51621444e-04 
 3.98107171e+00  6.47333004e+01  3.98107171e+00 -1.02753720e-03 
 4.29866235e+00  6.47333004e+01  4.29866235e+00 -1.10950915e-03 
 4.64158883e+00  6.47333004e+01  4.64158883e+00 -1.19802042e-03 
 5.01187234e+00  6.47333004e+01  5.01187234e+00 -1.29359269e-03 
 5.41169527e+00  6.47333004e+01  5.41169527e+00 -1.39678926e-03 
 5.84341413e+00  6.47333004e+01  5.84341413e+00 -1.50821835e-03 
 6.30957344e+00  6.47333004e+01  6.30957344e+00 -1.62853671e-03 
 6.81292069e+00  6.47333004e+01  6.81292069e+00 -1.75845349e-03 
 7.35642254e+00  6.47333004e+01  7.35642254e+00 -1.89873441e-03 
 7.94328235e+00  6.47333004e+01  7.94328235e+00 -2.05020625e-03 
 8.57695899e+00  6.47333004e+01  8.57695899e+00 -2.21376179e-03 
 9.26118728e+00  6.47333004e+01  9.26118728e+00 -2.39036499e-03 
 1.00000000e+01  6.47333004e+01  1.00000000e+01 -2.58105675e-03 
 1.07977516e+01  6.47333004e+01  1.07977516e+01 -2.78696097e-03 
 1.16591440e+01  6.47333004e+01  1.16591440e+01 -3.00929123e-03 
 1.25892541e+01  6.47333004e+01  1.25892541e+01 -3.24935793e-03 
 1.35935639e+01  6.47333004e+01  1.35935639e+01 -3.50857598e-03 
 1.46779927e+01  6.47333004e+01  1.46779927e+01 -3.78847320e-03 
 1.58489319e+01  6.47333004e+01  1.58489319e+01 -4.09069927e-03 
 1.71132830e+01  6.47333004e+01  1.71132830e+01 -4.41703546e-03 
 1.84784980e+01  6.47333004e+01  1.84784980e+01 -4.76940518e-03 
 1.99526231e+01  6.47333004e+01  1.99526231e+01 -5.14988525e-03 
 2.15443469e+01  6.47333004e+01  2.15443469e+01 -5.56071818e-03 
 2.32630507e+01  6.47333004e+01  2.32630507e+01 -6.00432538e-03 
 2.51188643e+01  6.47333004e+01  2.51188643e+01 -6.48332140e-03 
 2.71227258e+01  6.47333004e+01  2.71227258e+01 -7.00052942e-03 
 2.92864456e+01  6.47333004e+01  2.92864456e+01 -7.55899778e-03 
 3.16227766e+01  6.47333004e+01  3.16227766e+01 -8.16201805e-03 
 3.41454887e+01  6.47333004e+01  3.41454887e+01 -8.81314436e-03 
 3.68694506e+01  6.47333003e+01  3.68694506e+01 -9.51621437e-03 
 3.98107171e+01  6.47333003e+01  3.98107171e+01 -1.02753719e-02 
 4.29866235e+01  6.47333003e+01  4.29866235e+01 -1.10950913e-02 
 4.64158883e+01  6.47333003e+01  4.64158883e+01 -1.19802040e-02 
 5.01187234e+01  6.47333002e+01  5.01187234e+01 -1.29359267e-02 
 5.41169527e+01  6.47333002e+01  5.41169527e+01 -1.39678924e-02 
 5.84341413e+01  6.47333002e+01  5.84341413e+01 -1.50821832e-02 
 6.30957344e+01  6.47333001e+01  6.30957344e+01 -1.62853668e-02 
 6.81292069e+01  6.47333001e+01  6.81292069e+01 -1.75845345e-02 
 7.35642254e+01  6.47333000e+01  7.35642254e+01 -1.89873435e-02 
 7.94328235e+01  6.47332999e+01  7.94328235e+01 -2.05020618e-02 
 8.57695899e+01  6.47332999e+01  8.57695899e+01 -2.21376169e-02 
 9.26118728e+01  6.47332998e+01  9.26118728e+01 -2.39036488e-02 
 1.00000000e+02  6.47332997e+01  1.00000000e+02 -2.58105660e-02 
 1.07977516e+02  6.47332995e+01  1.07977516e+02 -2.78696078e-02 
 1.16591440e+02  6.47332994e+01  1.16591440e+02 -3.00929100e-02 
 1.25892541e+02  6.47332992e+01  1.25892541e+02 -3.24935763e-02 
 1.35935639e+02  6.47332990e+01  1.35935639e+02 -3.50857561e-02 
 1.46779927e+02  6.47332987e+01  1.46779927e+02 -3.78847274e-02 
 1.58489319e+02  6.47332985e+01  1.58489319e+02 -4.09069868e-02 
 1.71132830e+02  6.47332981e+01  1.71132830e+02 -4.41703472e-02 
 1.84784980e+02  6.47332977e+01  1.84784980e+02 -4.76940425e-02 
 1.99526231e+02  6.47332973e+01  1.99526231e+02 -5.14988408e-02 
 2.15443469e+02  6.47332968e+01  2.15443469e+02 -5.56071671e-02 
 2.32630507e+02  6.47332962e+01  2.32630507e+02 -6.00432352e-02 
 2.51188643e+02  6.47332954e+01  2.51188643e+02 -6.48331907e-02 
 2.71227258e+02  6.47332946e+01  2.71227258e+02 -7.00052648e-02 
 2.92864456e+02  6.47332936e+01  2.92864456e+02 -7.55899408e-02 
 3.16227766e+02  6.47332925e+01  3.16227766e+02 -8.16201339e-02 
 3.41454887e+02  6.47332912e+01  3.41454887e+02 -8.81313849e-02 
 3.68694506e+02  6.47332897e+01  3.68694506e+02 -9.51620699e-02 
 3.98107171e+02  6.47332879e+01  3.98107171e+02 -1.02753626e-01 
 4.29866235e+02  6.47332858e+01  4.29866235e+02 -1.10950796e-01 
 4.64158883e+02  6.47332833e+01  4.64158883e+02 -1.19801893e-01 
 5.01187234e+02  6.47332805e+01  5.01187234e+02 -1.29359082e-01 
 5.41169527e+02  6.47332772e+01  5.41169527e+02 -1.39678690e-01 
 5.84341413e+02  6.47332733e+01  5.84341413e+02 -1.50821538e-01 
 6.30957344e+02  6.47332688e+01  6.30957344e+02 -1.62853298e-01 
 6.81292069e+02  6.47332636e+01  6.81292069e+02 -1.75844879e-01 
 7.35642254e+02  6.47332575e+01  7.35642254e+02 -1.89872848e-01 
 7.94328235e+02  6.47332504e+01  7.94328235e+02 -2.05019879e-01 
 8.57695899e+02  6.47332421e+01  8.57695899e+02 -2.21375240e-01 
 9.26118728e+02  6.47332324e+01  9.26118728e+02 -2.39035318e-01 
 1.00000000e+03  6.47332211e+01  1.00000000e+03 -2.58104187e-01 
 1.07977516e+03  6.47332079e+01  1.07977516e+03 -2.78694223e-01 
 1.16591440e+03  6.47331925e+01  1.16591440e+03 -3.00926765e-01 
 1.25892541e+03  6.47331746e+01  1.25892541e+03 -3.24932824e-01 
 1.35935639e+03  6.47331538e+01  1.35935639e+03 -3.50853861e-01 
 1.46779927e+03  6.47331294e+01  1.46779927e+03 -3.78842615e-01 
 1.58489319e+03  6.47331011e+01  1.58489319e+03 -4.09064003e-01 
 1.71132830e+03  6.47330680e+01  1.71132830e+03 -4.41696088e-01 
 1.84784980e+03  6.47330294e+01  1.84784980e+03 -4.76931129e-01 
 1.99526231e+03  6.47329844e+01  1.99526231e+03 -5.14976705e-01 
 2.15443469e+03  6.47329320e+01  2.15443469e+03 -5.56056937e-01 
 2.32630507e+03  6.47328709e+01  2.32630507e+03 -6.00413804e-01 
 2.51188643e+03  6.47327996e+01  2.51188643e+03 -6.48308557e-01 
 2.71227258e+03  6.47327165e+01  2.71227258e+03 -7.00023254e-01 
 2.92864456e+03  6.47326196e+01  2.92864456e+03 -7.55862402e-01 
 3.16227766e+03  6.47325066e+01  3.16227766e+03 -8.16154748e-01 
 3.41454887e+03  6.47323750e+01  3.41454887e+03 -8.81255197e-01 
 3.68694506e+03  6.47322214e+01  3.68694506e+03 -9.51546863e-01 
 3.98107171e+03  6.47320425e+01  3.98107171e+03 -1.02744331e+00 
 4.29866235e+03  6.47318337e+01  4.29866235e+03 -1.10939095e+00 
 4.64158883e+03  6.47315905e+01  4.64158883e+03 -1.19787162e+00 
 5.01187234e+03  6.47313068e+01  5.01187234e+03 -1.29340538e+00 
 5.41169527e+03  6.47309762e+01  5.41169527e+03 -1.39655346e+00 
 5.84341413e+03  6.47305907e+01  5.84341413e+03 -1.50792151e+00 
 6.30957344e+03  6.47301412e+01  6.30957344e+03 -1.62816303e+00 
 6.81292069e+03  6.47296172e+01  6.81292069e+03 -1.75798308e+00 
 7.35642254e+03  6.47290065e+01  7.35642254e+03 -1.89814225e+00 
 7.94328235e+03  6.47282944e+01  7.94328235e+03 -2.04946083e+00 
 8.57695899e+03  6.47274643e+01  8.57695899e+03 -2.21282345e+00 
 9.26118728e+03  6.47264968e+01  9.26118728e+03 -2.38918388e+00 
 1.00000000e+04  6.47253691e+01  1.00000000e+04 -2.57957005e+00 
 1.07977516e+04  6.47240546e+01  1.07977516e+04 -2.78508968e+00 
 1.16591440e+04  6.47225224e+01  1.16591440e+04 -3.00693589e+00 
 1.25892541e+04  6.47207367e+01  1.25892541e+04 -3.24639347e+00 
 1.35935639e+04  6.47186558e+01  1.35935639e+04 -3.50484505e+00 
 1.46779927e+04  6.47162308e+01  1.46779927e+04 -3.78377781e+00 
 1.58489319e+04  6.47134051e+01  1.58489319e+04 -4.08479038e+00 
 1.71132830e+04  6.47101129e+01  1.71132830e+04 -4.40960000e+00 
 1.84784980e+04  6.47062776e+01  1.84784980e+04 -4.76004944e+00 
 1.99526231e+04  6.47018103e+01  1.99526231e+04 -5.13811430e+00 
 2.15443469e+04  6.46966076e+01  2.15443469e+04 -5.54591010e+00 
 2.32630507e+04  6.46905494e+01  2.32630507e+04 -5.98569868e+00 
 2.51188643e+04  6.46834968e+01  2.51188643e+04 -6.45989466e+00 
 2.71227258e+04  6.46752884e+01  2.71227258e+04 -6.97107030e+00 
 2.92864456e+04  6.46657376e+01  2.92864456e+04 -7.52195985e+00 
 3.16227766e+04  6.46546285e+01  3.16227766e+04 -8.11546164e+00 
 3.41454887e+04  6.46417119e+01  3.41454887e+04 -8.75463791e+00 
 3.68694506e+04  6.46267004e+01  3.68694506e+04 -9.44271199e+00 
 3.98107171e+04  6.46092633e+01  3.98107171e+04 -1.01830611e+01 
 4.29866235e+04  6.45890206e+01  4.29866235e+04 -1.09792044e+01 
 4.64158883e+04  6.45655377e+01  4.64158883e+04 -1.18347856e+01 
 5.01187234e+04  6.45383172e+01  5.01187234e+04 -1.27535463e+01 
 5.41169527e+04  6.45067935e+01  5.41169527e+04 -1.37392929e+01 
 5.84341413e+04  6.44703250e+01  5.84341413e+04 -1.47958506e+01 
 6.30957344e+04  6.44281874e+01  6.30957344e+04 -1.59270066e+01 
 6.81292069e+04  6.43795671e+01  6.81292069e+04 -1.71364383e+01 
 7.35642254e+04  6.43235560e+01  7.35642254e+04 -1.84276275e+01 
 7.94328235e+04  6.42591472e+01  7.94328235e+04 -1.98037572e+01 
 8.57695899e+04  6.41852336e+01  8.57695899e+04 -2.12675927e+01 
 9.26118728e+04  6.41006088e+01  9.26118728e+04 -2.28213475e+01 
 1.00000000e+05  6.40039725e+01  1.00000000e+05 -2.44665359e+01 
 1.07977516e+05  6.38939406e+01  1.07977516e+05 -2.62038176e+01 
 1.16591440e+05  6.37690608e+01  1.16591440e+05 -2.80328417e+01 
 1.25892541e+05  6.36278348e+01  1.25892541e+05 -2.99520959e+01 
 1.35935639e+05  6.34687472e+01  1.35935639e+05 -3.19587789e+01 
 1.46779927e+05  6.32903006e+01  1.46779927e+05 -3.40487026e+01 
 1.58489319e+05  6.30910562e+01  1.58489319e+05 -3.62162415e+01 
 1.71132830e+05  6.28696789e+01  1.71132830e+05 -3.84543447e+01 
 1.84784980e+05  6.26249836e+01  1.84784980e+05 -4.07546151e+01 
 1.99526231e+05  6.23559797e+01  1.99526231e+05 -4.31074677e+01 
 2.15443469e+05  6.20619112e+01  2.15443469e+05 -4.55023617e+01 
 2.32630507e+05  6.17422888e+01  2.32630507e+05 -4.79281003e+01 
 2.51188643e+05  6.13969099e+01  2.51188643e+05 -5.03731796e+01 
 2.71227258e+05  6.10258664e+01  2.71227258e+05 -5.28261694e+01 
 2.92864456e+05  6.06295381e+01  2.92864456e+05 -5.52760913e+01 
 3.16227766e+05  6.02085727e+01  3.16227766e+05 -5.77127792e+01 
 3.41454887e+05  5.97638544e+01  3.41454887e+05 -6.01271873e+01 
 3.68694506e+05  5.92964630e+01  3.68694506e+05 -6.25116403e+01 
 3.98107171e+05  5.88076286e+01  3.98107171e+05 -6.48600045e+01 
 4.29866235e+05  5.82986829e+01  4.29866235e+05 -6.71677862e+01 
 4.64158883e+05  5.77710122e+01  4.64158883e+05 -6.94321577e+01 
 5.01187234e+05  5.72260134e+01  5.01187234e+05 -7.16519197e+01 
 5.41169527e+05  5.66650552e+01  5.41169527e+05 -7.38274184e+01 
 5.84341413e+05  5.60894455e+01  5.84341413e+05 -7.59604220e+01 
 6.30957344e+05  5.55004046e+01  6.30957344e+05 -7.80539810e+01 
 6.81292069e+05  5.48990451e+01  6.81292069e+05 -8.01122731e+01 
 7.35642254e+05  5.42863567e+01  7.35642254e+05 -8.21404498e+01 
 7.94328235e+05  5.36631960e+01  7.94328235e+05 -8.41444870e+01 
 8.57695899e+05  5.30302789e+01  8.57695899e+05 -8.61310454e+01 
 9.26118728e+05  5.23881773e+01  9.26118728e+05 -8.81073420e+01 
 1.00000000e+06  5.17373160e+01  1.00000000e+06 -9.00810332e+01 
 1.07977516e+06  5.10779717e+01  1.07977516e+06 -9.20601084e+01 
 1.16591440e+06  5.04102724e+01  1.16591440e+06 -9.40527915e+01 
 1.25892541e+06  4.97341970e+01  1.25892541e+06 -9.60674477e+01 
 1.35935639e+06  4.90495752e+01  1.35935639e+06 -9.81124924e+01 
 1.46779927e+06  4.83560869e+01  1.46779927e+06 -1.00196299e+02 
 1.58489319e+06  4.76532632e+01  1.58489319e+06 -1.02327102e+02 
 1.71132830e+06  4.69404861e+01  1.71132830e+06 -1.04512894e+02 
 1.84784980e+06  4.62169913e+01  1.84784980e+06 -1.06761310e+02 
 1.99526231e+06  4.54818720e+01  1.99526231e+06 -1.09079509e+02 
 2.15443469e+06  4.47340849e+01  2.15443469e+06 -1.11474038e+02 
 2.32630507e+06  4.39724609e+01  2.32630507e+06 -1.13950690e+02 
 2.51188643e+06  4.31957197e+01  2.51188643e+06 -1.16514368e+02 
 2.71227258e+06  4.24024898e+01  2.71227258e+06 -1.19168938e+02 
 2.92864456e+06  4.15913341e+01  2.92864456e+06 -1.21917114e+02 
 3.16227766e+06  4.07607826e+01  3.16227766e+06 -1.24760353e+02 
 3.41454887e+06  3.99093690e+01  3.41454887e+06 -1.27698799e+02 
 3.68694506e+06  3.90356735e+01  3.68694506e+06 -1.30731282e+02 
 3.98107171e+06  3.81383672e+01  3.98107171e+06 -1.33855379e+02 
 4.29866235e+06  3.72162564e+01  4.29866235e+06 -1.37067558e+02 
 4.64158883e+06  3.62683238e+01  4.64158883e+06 -1.40363396e+02 
 5.01187234e+06  3.52937625e+01  5.01187234e+06 -1.43737887e+02 
 5.41169527e+06  3.42919997e+01  5.41169527e+06 -1.47185813e+02 
 5.84341413e+06  3.32627062e+01  5.84341413e+06 -1.50702170e+02 
 6.30957344e+06  3.22057915e+01  6.30957344e+06 -1.54282638e+02 
 6.81292069e+06  3.11213816e+01  6.81292069e+06 -1.57924049e+02 
 7.35642254e+06  3.00097811e+01  7.35642254e+06 -1.61624867e+02 
 7.94328235e+06  2.88714210e+01  7.94328235e+06 -1.65385636e+02 
 8.57695899e+06  2.77067931e+01  8.57695899e+06 -1.69209421e+02 
 9.26118728e+06  2.65163748e+01  9.26118728e+06 -1.73102241e+02 
 1.00000000e+07  2.53005455e+01  1.00000000e+07 -1.77073523e+02 
 1.07977516e+07  2.40594961e+01  1.07977516e+07 -1.81136635e+02 
 1.16591440e+07  2.27931337e+01  1.16591440e+07 -1.85309571e+02 
 1.25892541e+07  2.15009822e+01  1.25892541e+07 -1.89615892e+02 
 1.35935639e+07  2.01820828e+01  1.35935639e+07 -1.94086094e+02 
 1.46779927e+07  1.88349019e+01  1.46779927e+07 -1.98759628e+02 
 1.58489319e+07  1.74572671e+01  1.58489319e+07 -2.03687927e+02 
 1.71132830e+07  1.60463760e+01  1.71132830e+07 -2.08938965e+02 
 1.84784980e+07  1.45989775e+01  1.84784980e+07 -2.14604111e+02 
 1.99526231e+07  1.31119411e+01  1.99526231e+07 -2.20808355e+02 
 2.15443469e+07  1.15836703e+01  2.15443469e+07 -2.27725164e+02 
 2.32630507e+07  1.00173102e+01  2.32630507e+07 -2.35596496e+02 
 2.51188643e+07  8.42758928e+00  2.51188643e+07 -2.44754446e+02 
 2.71227258e+07  6.85427133e+00  2.71227258e+07 -2.55626231e+02 
 2.92864456e+07  5.38429120e+00  2.92864456e+07 -2.68665303e+02 
 3.16227766e+07  4.17295553e+00  3.16227766e+07 -2.84094194e+02 
 3.41454887e+07  3.42198818e+00  3.41454887e+07 -3.01419539e+02 
 3.68694506e+07  3.26737711e+00  3.68694506e+07 -3.19171958e+02 
 3.98107171e+07  3.66291263e+00  3.98107171e+07 -3.35583985e+02 
 4.29866235e+07  4.42398231e+00  4.29866235e+07 -3.49635996e+02 
 4.64158883e+07  5.36473477e+00  4.64158883e+07 -3.61241661e+02 
 5.01187234e+07  6.36583979e+00  5.01187234e+07 -3.70780035e+02 
 5.41169527e+07  7.36806775e+00  5.41169527e+07 -3.78704896e+02 
 5.84341413e+07  8.34786526e+00  5.84341413e+07 -3.85394193e+02 
 6.30957344e+07  9.29935185e+00  6.30957344e+07 -3.91127385e+02 
 6.81292069e+07  1.02244769e+01  6.81292069e+07 -3.96102218e+02 
 7.35642254e+07  1.11282352e+01  7.35642254e+07 -4.00456323e+02 
 7.94328235e+07  1.20164811e+01  7.94328235e+07 -4.04284470e+02 
 8.57695899e+07  1.28949766e+01  8.57695899e+07 -4.07650619e+02 
 9.26118728e+07  1.37689964e+01  9.26118728e+07 -4.10595842e+02 
 1.00000000e+08  1.46431549e+01  1.00000000e+08 -4.13143326e+02 
 1.07977516e+08  1.55212932e+01  1.07977516e+08 -4.15301400e+02 
 1.16591440e+08  1.64063335e+01  1.16591440e+08 -4.17065290e+02 
 1.25892541e+08  1.73000476e+01  1.25892541e+08 -4.18418164e+02 
 1.35935639e+08  1.82026993e+01  1.35935639e+08 -4.19332018e+02 
 1.46779927e+08  1.91125395e+01  1.46779927e+08 -4.19769004e+02 
 1.58489319e+08  2.00251620e+01  1.58489319e+08 -4.19683997e+02 
 1.71132830e+08  2.09327867e+01  1.71132830e+08 -4.19029338e+02 
 1.84784980e+08  2.18236393e+01  1.84784980e+08 -4.17762713e+02 
 1.99526231e+08  2.26817396e+01  1.99526231e+08 -4.15858631e+02 
 2.15443469e+08  2.34875317e+01  2.15443469e+08 -4.13322629e+02 
 2.32630507e+08  2.42197689e+01  2.32630507e+08 -4.10204940e+02 
 2.51188643e+08  2.48587057e+01  2.51188643e+08 -4.06607855e+02 
 2.71227258e+08  2.53899343e+01  2.71227258e+08 -4.02680673e+02 
 2.92864456e+08  2.58075023e+01  2.92864456e+08 -3.98600179e+02 
 3.16227766e+08  2.61149372e+01  3.16227766e+08 -3.94542066e+02 
 3.41454887e+08  2.63237553e+01  3.41454887e+08 -3.90654093e+02 
 3.68694506e+08  2.64502981e+01  3.68694506e+08 -3.87040336e+02 
 3.98107171e+08  2.65123246e+01  3.98107171e+08 -3.83759035e+02 
 4.29866235e+08  2.65264487e+01  4.29866235e+08 -3.80830199e+02 
 4.64158883e+08  2.65067638e+01  4.64158883e+08 -3.78247058e+02 
 5.01187234e+08  2.64644492e+01  5.01187234e+08 -3.75986912e+02 
 5.41169527e+08  2.64079654e+01  5.41169527e+08 -3.74019369e+02 
 5.84341413e+08  2.63435011e+01  5.84341413e+08 -3.72311728e+02 
 6.30957344e+08  2.62754647e+01  6.30957344e+08 -3.70832091e+02 
 6.81292069e+08  2.62069207e+01  6.81292069e+08 -3.69550934e+02 
 7.35642254e+08  2.61399428e+01  7.35642254e+08 -3.68441752e+02 
 7.94328235e+08  2.60758823e+01  7.94328235e+08 -3.67481185e+02 
 8.57695899e+08  2.60155702e+01  8.57695899e+08 -3.66648879e+02 
 9.26118728e+08  2.59594659e+01  9.26118728e+08 -3.65927237e+02 
 1.00000000e+09  2.59077664e+01  1.00000000e+09 -3.65301123e+02 
