 1.00000000e+00  6.20429248e+01  1.00000000e+00 -1.93415549e-04 
 1.07977516e+00  6.20429248e+01  1.07977516e+00 -2.08845306e-04 
 1.16591440e+00  6.20429248e+01  1.16591440e+00 -2.25505975e-04 
 1.25892541e+00  6.20429248e+01  1.25892541e+00 -2.43495750e-04 
 1.35935639e+00  6.20429248e+01  1.35935639e+00 -2.62920663e-04 
 1.46779927e+00  6.20429248e+01  1.46779927e+00 -2.83895202e-04 
 1.58489319e+00  6.20429248e+01  1.58489319e+00 -3.06542988e-04 
 1.71132830e+00  6.20429248e+01  1.71132830e+00 -3.30997504e-04 
 1.84784980e+00  6.20429248e+01  1.84784980e+00 -3.57402884e-04 
 1.99526231e+00  6.20429248e+01  1.99526231e+00 -3.85914757e-04 
 2.15443469e+00  6.20429248e+01  2.15443469e+00 -4.16701169e-04 
 2.32630507e+00  6.20429248e+01  2.32630507e+00 -4.49943573e-04 
 2.51188643e+00  6.20429248e+01  2.51188643e+00 -4.85837894e-04 
 2.71227258e+00  6.20429248e+01  2.71227258e+00 -5.24595691e-04 
 2.92864456e+00  6.20429248e+01  2.92864456e+00 -5.66445398e-04 
 3.16227766e+00  6.20429248e+01  3.16227766e+00 -6.11633671e-04 
 3.41454887e+00  6.20429248e+01  3.41454887e+00 -6.60426847e-04 
 3.68694506e+00  6.20429248e+01  3.68694506e+00 -7.13112505e-04 
 3.98107171e+00  6.20429248e+01  3.98107171e+00 -7.70001171e-04 
 4.29866235e+00  6.20429248e+01  4.29866235e+00 -8.31428140e-04 
 4.64158883e+00  6.20429248e+01  4.64158883e+00 -8.97755455e-04 
 5.01187234e+00  6.20429248e+01  5.01187234e+00 -9.69374042e-04 
 5.41169527e+00  6.20429248e+01  5.41169527e+00 -1.04670601e-03 
 5.84341413e+00  6.20429248e+01  5.84341413e+00 -1.13020716e-03 
 6.30957344e+00  6.20429248e+01  6.30957344e+00 -1.22036961e-03 
 6.81292069e+00  6.20429248e+01  6.81292069e+00 -1.31772480e-03 
 7.35642254e+00  6.20429248e+01  7.35642254e+00 -1.42284651e-03 
 7.94328235e+00  6.20429248e+01  7.94328235e+00 -1.53635432e-03 
 8.57695899e+00  6.20429248e+01  8.57695899e+00 -1.65891723e-03 
 9.26118728e+00  6.20429248e+01  9.26118728e+00 -1.79125763e-03 
 1.00000000e+01  6.20429248e+01  1.00000000e+01 -1.93415549e-03 
 1.07977516e+01  6.20429248e+01  1.07977516e+01 -2.08845306e-03 
 1.16591440e+01  6.20429248e+01  1.16591440e+01 -2.25505974e-03 
 1.25892541e+01  6.20429248e+01  1.25892541e+01 -2.43495750e-03 
 1.35935639e+01  6.20429248e+01  1.35935639e+01 -2.62920663e-03 
 1.46779927e+01  6.20429248e+01  1.46779927e+01 -2.83895202e-03 
 1.58489319e+01  6.20429248e+01  1.58489319e+01 -3.06542987e-03 
 1.71132830e+01  6.20429248e+01  1.71132830e+01 -3.30997504e-03 
 1.84784980e+01  6.20429248e+01  1.84784980e+01 -3.57402884e-03 
 1.99526231e+01  6.20429248e+01  1.99526231e+01 -3.85914756e-03 
 2.15443469e+01  6.20429248e+01  2.15443469e+01 -4.16701169e-03 
 2.32630507e+01  6.20429248e+01  2.32630507e+01 -4.49943572e-03 
 2.51188643e+01  6.20429248e+01  2.51188643e+01 -4.85837893e-03 
 2.71227258e+01  6.20429248e+01  2.71227258e+01 -5.24595690e-03 
 2.92864456e+01  6.20429248e+01  2.92864456e+01 -5.66445396e-03 
 3.16227766e+01  6.20429248e+01  3.16227766e+01 -6.11633669e-03 
 3.41454887e+01  6.20429248e+01  3.41454887e+01 -6.60426844e-03 
 3.68694506e+01  6.20429248e+01  3.68694506e+01 -7.13112503e-03 
 3.98107171e+01  6.20429248e+01  3.98107171e+01 -7.70001168e-03 
 4.29866235e+01  6.20429247e+01  4.29866235e+01 -8.31428135e-03 
 4.64158883e+01  6.20429247e+01  4.64158883e+01 -8.97755449e-03 
 5.01187234e+01  6.20429247e+01  5.01187234e+01 -9.69374034e-03 
 5.41169527e+01  6.20429247e+01  5.41169527e+01 -1.04670600e-02 
 5.84341413e+01  6.20429247e+01  5.84341413e+01 -1.13020714e-02 
 6.30957344e+01  6.20429247e+01  6.30957344e+01 -1.22036960e-02 
 6.81292069e+01  6.20429246e+01  6.81292069e+01 -1.31772478e-02 
 7.35642254e+01  6.20429246e+01  7.35642254e+01 -1.42284649e-02 
 7.94328235e+01  6.20429246e+01  7.94328235e+01 -1.53635429e-02 
 8.57695899e+01  6.20429245e+01  8.57695899e+01 -1.65891720e-02 
 9.26118728e+01  6.20429245e+01  9.26118728e+01 -1.79125758e-02 
 1.00000000e+02  6.20429244e+01  1.00000000e+02 -1.93415544e-02 
 1.07977516e+02  6.20429243e+01  1.07977516e+02 -2.08845299e-02 
 1.16591440e+02  6.20429242e+01  1.16591440e+02 -2.25505965e-02 
 1.25892541e+02  6.20429242e+01  1.25892541e+02 -2.43495739e-02 
 1.35935639e+02  6.20429240e+01  1.35935639e+02 -2.62920649e-02 
 1.46779927e+02  6.20429239e+01  1.46779927e+02 -2.83895183e-02 
 1.58489319e+02  6.20429238e+01  1.58489319e+02 -3.06542964e-02 
 1.71132830e+02  6.20429236e+01  1.71132830e+02 -3.30997475e-02 
 1.84784980e+02  6.20429234e+01  1.84784980e+02 -3.57402847e-02 
 1.99526231e+02  6.20429231e+01  1.99526231e+02 -3.85914710e-02 
 2.15443469e+02  6.20429228e+01  2.15443469e+02 -4.16701111e-02 
 2.32630507e+02  6.20429225e+01  2.32630507e+02 -4.49943499e-02 
 2.51188643e+02  6.20429221e+01  2.51188643e+02 -4.85837802e-02 
 2.71227258e+02  6.20429217e+01  2.71227258e+02 -5.24595574e-02 
 2.92864456e+02  6.20429212e+01  2.92864456e+02 -5.66445251e-02 
 3.16227766e+02  6.20429206e+01  3.16227766e+02 -6.11633486e-02 
 3.41454887e+02  6.20429198e+01  3.41454887e+02 -6.60426613e-02 
 3.68694506e+02  6.20429190e+01  3.68694506e+02 -7.13112212e-02 
 3.98107171e+02  6.20429181e+01  3.98107171e+02 -7.70000802e-02 
 4.29866235e+02  6.20429169e+01  4.29866235e+02 -8.31427675e-02 
 4.64158883e+02  6.20429156e+01  4.64158883e+02 -8.97754869e-02 
 5.01187234e+02  6.20429141e+01  5.01187234e+02 -9.69373305e-02 
 5.41169527e+02  6.20429123e+01  5.41169527e+02 -1.04670509e-01 
 5.84341413e+02  6.20429102e+01  5.84341413e+02 -1.13020599e-01 
 6.30957344e+02  6.20429078e+01  6.30957344e+02 -1.22036814e-01 
 6.81292069e+02  6.20429050e+01  6.81292069e+02 -1.31772295e-01 
 7.35642254e+02  6.20429017e+01  7.35642254e+02 -1.42284418e-01 
 7.94328235e+02  6.20428979e+01  7.94328235e+02 -1.53635138e-01 
 8.57695899e+02  6.20428934e+01  8.57695899e+02 -1.65891354e-01 
 9.26118728e+02  6.20428882e+01  9.26118728e+02 -1.79125298e-01 
 1.00000000e+03  6.20428821e+01  1.00000000e+03 -1.93414963e-01 
 1.07977516e+03  6.20428750e+01  1.07977516e+03 -2.08844569e-01 
 1.16591440e+03  6.20428667e+01  1.16591440e+03 -2.25505046e-01 
 1.25892541e+03  6.20428571e+01  1.25892541e+03 -2.43494581e-01 
 1.35935639e+03  6.20428459e+01  1.35935639e+03 -2.62919192e-01 
 1.46779927e+03  6.20428328e+01  1.46779927e+03 -2.83893349e-01 
 1.58489319e+03  6.20428175e+01  1.58489319e+03 -3.06540656e-01 
 1.71132830e+03  6.20427997e+01  1.71132830e+03 -3.30994569e-01 
 1.84784980e+03  6.20427790e+01  1.84784980e+03 -3.57399188e-01 
 1.99526231e+03  6.20427548e+01  1.99526231e+03 -3.85910105e-01 
 2.15443469e+03  6.20427265e+01  2.15443469e+03 -4.16695311e-01 
 2.32630507e+03  6.20426936e+01  2.32630507e+03 -4.49936198e-01 
 2.51188643e+03  6.20426553e+01  2.51188643e+03 -4.85828611e-01 
 2.71227258e+03  6.20426106e+01  2.71227258e+03 -5.24584005e-01 
 2.92864456e+03  6.20425584e+01  2.92864456e+03 -5.66430685e-01 
 3.16227766e+03  6.20424976e+01  3.16227766e+03 -6.11615146e-01 
 3.41454887e+03  6.20424267e+01  3.41454887e+03 -6.60403526e-01 
 3.68694506e+03  6.20423441e+01  3.68694506e+03 -7.13083149e-01 
 3.98107171e+03  6.20422478e+01  3.98107171e+03 -7.69964214e-01 
 4.29866235e+03  6.20421355e+01  4.29866235e+03 -8.31381614e-01 
 4.64158883e+03  6.20420045e+01  4.64158883e+03 -8.97696882e-01 
 5.01187234e+03  6.20418518e+01  5.01187234e+03 -9.69300307e-01 
 5.41169527e+03  6.20416738e+01  5.41169527e+03 -1.04661319e+00 
 5.84341413e+03  6.20414663e+01  5.84341413e+03 -1.13009030e+00 
 6.30957344e+03  6.20412244e+01  6.30957344e+03 -1.22022251e+00 
 6.81292069e+03  6.20409423e+01  6.81292069e+03 -1.31753960e+00 
 7.35642254e+03  6.20406134e+01  7.35642254e+03 -1.42261337e+00 
 7.94328235e+03  6.20402300e+01  7.94328235e+03 -1.53606083e+00 
 8.57695899e+03  6.20397831e+01  8.57695899e+03 -1.65854777e+00 
 9.26118728e+03  6.20392620e+01  9.26118728e+03 -1.79079254e+00 
 1.00000000e+04  6.20386547e+01  1.00000000e+04 -1.93357004e+00 
 1.07977516e+04  6.20379466e+01  1.07977516e+04 -2.08771609e+00 
 1.16591440e+04  6.20371212e+01  1.16591440e+04 -2.25413206e+00 
 1.25892541e+04  6.20361590e+01  1.25892541e+04 -2.43378977e+00 
 1.35935639e+04  6.20350375e+01  1.35935639e+04 -2.62773678e+00 
 1.46779927e+04  6.20337303e+01  1.46779927e+04 -2.83710191e+00 
 1.58489319e+04  6.20322066e+01  1.58489319e+04 -3.06310122e+00 
 1.71132830e+04  6.20304308e+01  1.71132830e+04 -3.30704415e+00 
 1.84784980e+04  6.20283613e+01  1.84784980e+04 -3.57034011e+00 
 1.99526231e+04  6.20259497e+01  1.99526231e+04 -3.85450527e+00 
 2.15443469e+04  6.20231397e+01  2.15443469e+04 -4.16116964e+00 
 2.32630507e+04  6.20198657e+01  2.32630507e+04 -4.49208434e+00 
 2.51188643e+04  6.20160515e+01  2.51188643e+04 -4.84912895e+00 
 2.71227258e+04  6.20116088e+01  2.71227258e+04 -5.23431901e+00 
 2.92864456e+04  6.20064346e+01  2.92864456e+04 -5.64981313e+00 
 3.16227766e+04  6.20004096e+01  3.16227766e+04 -6.09792028e+00 
 3.41454887e+04  6.19933955e+01  3.41454887e+04 -6.58110596e+00 
 3.68694506e+04  6.19852317e+01  3.68694506e+04 -7.10199795e+00 
 3.98107171e+04  6.19757328e+01  3.98107171e+04 -7.66339090e+00 
 4.29866235e+04  6.19646836e+01  4.29866235e+04 -8.26824869e+00 
 4.64158883e+04  6.19518365e+01  4.64158883e+04 -8.91970548e+00 
 5.01187234e+04  6.19369051e+01  5.01187234e+04 -9.62106271e+00 
 5.41169527e+04  6.19195606e+01  5.41169527e+04 -1.03757833e+01 
 5.84341413e+04  6.18994246e+01  5.84341413e+04 -1.11874803e+01 
 6.30957344e+04  6.18760641e+01  6.30957344e+04 -1.20598999e+01 
 6.81292069e+04  6.18489842e+01  6.81292069e+04 -1.29968970e+01 
 7.35642254e+04  6.18176212e+01  7.35642254e+04 -1.40024018e+01 
 7.94328235e+04  6.17813360e+01  7.94328235e+04 -1.50803766e+01 
 8.57695899e+04  6.17394065e+01  8.57695899e+04 -1.62347589e+01 
 9.26118728e+04  6.16910217e+01  9.26118728e+04 -1.74693929e+01 
 1.00000000e+05  6.16352756e+01  1.00000000e+05 -1.87879438e+01 
 1.07977516e+05  6.15711633e+01  1.07977516e+05 -2.01937971e+01 
 1.16591440e+05  6.14975793e+01  1.16591440e+05 -2.16899421e+01 
 1.25892541e+05  6.14133176e+01  1.25892541e+05 -2.32788383e+01 
 1.35935639e+05  6.13170780e+01  1.35935639e+05 -2.49622711e+01 
 1.46779927e+05  6.12074744e+01  1.46779927e+05 -2.67411970e+01 
 1.58489319e+05  6.10830509e+01  1.58489319e+05 -2.86155887e+01 
 1.71132830e+05  6.09423033e+01  1.71132830e+05 -3.05842869e+01 
 1.84784980e+05  6.07837074e+01  1.84784980e+05 -3.26448702e+01 
 1.99526231e+05  6.06057534e+01  1.99526231e+05 -3.47935584e+01 
 2.15443469e+05  6.04069866e+01  2.15443469e+05 -3.70251618e+01 
 2.32630507e+05  6.01860517e+01  2.32630507e+05 -3.93330895e+01 
 2.51188643e+05  5.99417381e+01  2.51188643e+05 -4.17094276e+01 
 2.71227258e+05  5.96730257e+01  2.71227258e+05 -4.41450962e+01 
 2.92864456e+05  5.93791237e+01  2.92864456e+05 -4.66300788e+01 
 3.16227766e+05  5.90595029e+01  3.16227766e+05 -4.91537208e+01 
 3.41454887e+05  5.87139161e+01  3.41454887e+05 -5.17050793e+01 
 3.68694506e+05  5.83424057e+01  3.68694506e+05 -5.42733027e+01 
 3.98107171e+05  5.79452969e+01  3.98107171e+05 -5.68480134e+01 
 4.29866235e+05  5.75231778e+01  4.29866235e+05 -5.94196682e+01 
 4.64158883e+05  5.70768670e+01  4.64158883e+05 -6.19798737e+01 
 5.01187234e+05  5.66073730e+01  5.01187234e+05 -6.45216365e+01 
 5.41169527e+05  5.61158463e+01  5.41169527e+05 -6.70395412e+01 
 5.84341413e+05  5.56035307e+01  5.84341413e+05 -6.95298489e+01 
 6.30957344e+05  5.50717137e+01  6.30957344e+05 -7.19905250e+01 
 6.81292069e+05  5.45216808e+01  6.81292069e+05 -7.44212011e+01 
 7.35642254e+05  5.39546746e+01  7.35642254e+05 -7.68230869e+01 
 7.94328235e+05  5.33718593e+01  7.94328235e+05 -7.91988418e+01 
 8.57695899e+05  5.27742918e+01  8.57695899e+05 -8.15524238e+01 
 9.26118728e+05  5.21628987e+01  9.26118728e+05 -8.38889197e+01 
 1.00000000e+06  5.15384585e+01  1.00000000e+06 -8.62143743e+01 
 1.07977516e+06  5.09015884e+01  1.07977516e+06 -8.85356153e+01 
 1.16591440e+06  5.02527354e+01  1.16591440e+06 -9.08600845e+01 
 1.25892541e+06  4.95921698e+01  1.25892541e+06 -9.31956724e+01 
 1.35935639e+06  4.89199820e+01  1.35935639e+06 -9.55505588e+01 
 1.46779927e+06  4.82360805e+01  1.46779927e+06 -9.79330545e+01 
 1.58489319e+06  4.75401927e+01  1.58489319e+06 -1.00351446e+02 
 1.71132830e+06  4.68318675e+01  1.71132830e+06 -1.02813836e+02 
 1.84784980e+06  4.61104800e+01  1.84784980e+06 -1.05327987e+02 
 1.99526231e+06  4.53752392e+01  1.99526231e+06 -1.07901154e+02 
 2.15443469e+06  4.46252002e+01  2.15443469e+06 -1.10539921e+02 
 2.32630507e+06  4.38592793e+01  2.32630507e+06 -1.13250036e+02 
 2.51188643e+06  4.30762755e+01  2.51188643e+06 -1.16036256e+02 
 2.71227258e+06  4.22748970e+01  2.71227258e+06 -1.18902199e+02 
 2.92864456e+06  4.14537941e+01  2.92864456e+06 -1.21850234e+02 
 3.16227766e+06  4.06115973e+01  3.16227766e+06 -1.24881400e+02 
 3.41454887e+06  3.97469605e+01  3.41454887e+06 -1.27995383e+02 
 3.68694506e+06  3.88586071e+01  3.68694506e+06 -1.31190558e+02 
 3.98107171e+06  3.79453761e+01  3.98107171e+06 -1.34464107e+02 
 4.29866235e+06  3.70062667e+01  4.29866235e+06 -1.37812216e+02 
 4.64158883e+06  3.60404752e+01  4.64158883e+06 -1.41230361e+02 
 5.01187234e+06  3.50474237e+01  5.01187234e+06 -1.44713661e+02 
 5.41169527e+06  3.40267751e+01  5.41169527e+06 -1.48257290e+02 
 5.84341413e+06  3.29784334e+01  5.84341413e+06 -1.51856936e+02 
 6.30957344e+06  3.19025281e+01  6.30957344e+06 -1.55509271e+02 
 6.81292069e+06  3.07993826e+01  6.81292069e+06 -1.59212414e+02 
 7.35642254e+06  2.96694680e+01  7.35642254e+06 -1.62966388e+02 
 7.94328235e+06  2.85133446e+01  7.94328235e+06 -1.66773544e+02 
 8.57695899e+06  2.73315934e+01  8.57695899e+06 -1.70638970e+02 
 9.26118728e+06  2.61247395e+01  9.26118728e+06 -1.74570904e+02 
 1.00000000e+07  2.48931710e+01  1.00000000e+07 -1.78581192e+02 
 1.07977516e+07  2.36370534e+01  1.07977516e+07 -1.82685840e+02 
 1.16591440e+07  2.23562417e+01  1.16591440e+07 -1.86905764e+02 
 1.25892541e+07  2.10501930e+01  1.25892541e+07 -1.91267839e+02 
 1.35935639e+07  1.97178843e+01  1.35935639e+07 -1.95806435e+02 
 1.46779927e+07  1.83577494e+01  1.46779927e+07 -2.00565696e+02 
 1.58489319e+07  1.69676621e+01  1.58489319e+07 -2.05602934e+02 
 1.71132830e+07  1.55450298e+01  1.71132830e+07 -2.10993681e+02 
 1.84784980e+07  1.40871292e+01  1.84784980e+07 -2.16839199e+02 
 1.99526231e+07  1.25919610e+01  1.99526231e+07 -2.23277400e+02 
 2.15443469e+07  1.10601927e+01  2.15443469e+07 -2.30498037e+02 
 2.32630507e+07  9.49930839e+00  2.32630507e+07 -2.38761319e+02 
 2.51188643e+07  7.93195305e+00  2.51188643e+07 -2.48412526e+02 
 2.71227258e+07  6.41098845e+00  2.71227258e+07 -2.59865470e+02 
 2.92864456e+07  5.04037896e+00  2.92864456e+07 -2.73485999e+02 
 3.16227766e+07  3.98448358e+00  3.16227766e+07 -2.89280130e+02 
 3.41454887e+07  3.42112997e+00  3.41454887e+07 -3.06471300e+02 
 3.68694506e+07  3.42625450e+00  3.68694506e+07 -3.23520075e+02 
 3.98107171e+07  3.90853973e+00  3.98107171e+07 -3.38942701e+02 
 4.29866235e+07  4.68843528e+00  4.29866235e+07 -3.52062293e+02 
 4.64158883e+07  5.60930586e+00  4.64158883e+07 -3.62944108e+02 
 5.01187234e+07  6.57574110e+00  5.01187234e+07 -3.71966374e+02 
 5.41169527e+07  7.54117223e+00  5.41169527e+07 -3.79532718e+02 
 5.84341413e+07  8.48726815e+00  5.84341413e+07 -3.85971802e+02 
 6.30957344e+07  9.40974103e+00  6.30957344e+07 -3.91526632e+02 
 6.81292069e+07  1.03106162e+01  6.81292069e+07 -3.96370267e+02 
 7.35642254e+07  1.11944187e+01  7.35642254e+07 -4.00623970e+02 
 7.94328235e+07  1.20663921e+01  7.94328235e+07 -4.04371579e+02 
 8.57695899e+07  1.29316983e+01  8.57695899e+07 -4.07669555e+02 
 9.26118728e+07  1.37950666e+01  9.26118728e+07 -4.10553627e+02 
 1.00000000e+08  1.46606206e+01  1.00000000e+08 -4.13042992e+02 
 1.07977516e+08  1.55317457e+01  1.07977516e+08 -4.15142843e+02 
 1.16591440e+08  1.64109179e+01  1.16591440e+08 -4.16845845e+02 
 1.25892541e+08  1.72994420e+01  1.25892541e+08 -4.18133060e+02 
 1.35935639e+08  1.81970650e+01  1.35935639e+08 -4.18974850e+02 
 1.46779927e+08  1.91014473e+01  1.46779927e+08 -4.19332374e+02 
 1.58489319e+08  2.00075079e+01  1.58489319e+08 -4.19160483e+02 
 1.71132830e+08  2.09067264e+01  1.71132830e+08 -4.18412929e+02 
 1.84784980e+08  2.17865927e+01  1.84784980e+08 -4.17050786e+02 
 1.99526231e+08  2.26305321e+01  1.99526231e+08 -4.15054314e+02 
 2.15443469e+08  2.34187411e+01  2.15443469e+08 -4.12437047e+02 
 2.32630507e+08  2.41302905e+01  2.32630507e+08 -4.09258398e+02 
 2.51188643e+08  2.47464353e+01  2.51188643e+08 -4.05628905e+02 
 2.71227258e+08  2.52543391e+01  2.71227258e+08 -4.01702586e+02 
 2.92864456e+08  2.56498224e+01  2.92864456e+08 -3.97655647e+02 
 3.16227766e+08  2.59379119e+01  3.16227766e+08 -3.93658053e+02 
 3.41454887e+08  2.61310100e+01  3.41454887e+08 -3.89848730e+02 
 3.68694506e+08  2.62456643e+01  3.68694506e+08 -3.86322499e+02 
 3.98107171e+08  2.62993232e+01  3.98107171e+08 -3.83129938e+02 
 4.29866235e+08  2.63080168e+01  4.29866235e+08 -3.80285808e+02 
 4.64158883e+08  2.62851874e+01  4.64158883e+08 -3.77780369e+02 
 5.01187234e+08  2.62414186e+01  5.01187234e+08 -3.75589670e+02 
 5.41169527e+08  2.61846810e+01  5.41169527e+08 -3.73683159e+02 
 5.84341413e+08  2.61207852e+01  5.84341413e+08 -3.72028583e+02 
 6.30957344e+08  2.60538587e+01  6.30957344e+08 -3.70594777e+02 
 6.81292069e+08  2.59867622e+01  6.81292069e+08 -3.69353041e+02 
 7.35642254e+08  2.59214231e+01  7.35642254e+08 -3.68277686e+02 
 7.94328235e+08  2.58590896e+01  7.94328235e+08 -3.67346108e+02 
 8.57695899e+08  2.58005204e+01  8.57695899e+08 -3.66538639e+02 
 9.26118728e+08  2.57461254e+01  9.26118728e+08 -3.65838286e+02 
 1.00000000e+09  2.56960685e+01  1.00000000e+09 -3.65230442e+02 
