 1.00000000e+00  6.13619684e+01  1.00000000e+00 -1.78356426e-04 
 1.07977516e+00  6.13619684e+01  1.07977516e+00 -1.92584839e-04 
 1.16591440e+00  6.13619684e+01  1.16591440e+00 -2.07948326e-04 
 1.25892541e+00  6.13619684e+01  1.25892541e+00 -2.24537437e-04 
 1.35935639e+00  6.13619684e+01  1.35935639e+00 -2.42449947e-04 
 1.46779927e+00  6.13619684e+01  1.46779927e+00 -2.61791431e-04 
 1.58489319e+00  6.13619684e+01  1.58489319e+00 -2.82675885e-04 
 1.71132830e+00  6.13619684e+01  1.71132830e+00 -3.05226400e-04 
 1.84784980e+00  6.13619684e+01  1.84784980e+00 -3.29575886e-04 
 1.99526231e+00  6.13619684e+01  1.99526231e+00 -3.55867855e-04 
 2.15443469e+00  6.13619684e+01  2.15443469e+00 -3.84257271e-04 
 2.32630507e+00  6.13619684e+01  2.32630507e+00 -4.14911457e-04 
 2.51188643e+00  6.13619684e+01  2.51188643e+00 -4.48011086e-04 
 2.71227258e+00  6.13619684e+01  2.71227258e+00 -4.83751243e-04 
 2.92864456e+00  6.13619684e+01  2.92864456e+00 -5.22342577e-04 
 3.16227766e+00  6.13619684e+01  3.16227766e+00 -5.64012541e-04 
 3.41454887e+00  6.13619684e+01  3.41454887e+00 -6.09006733e-04 
 3.68694506e+00  6.13619684e+01  3.68694506e+00 -6.57590344e-04 
 3.98107171e+00  6.13619684e+01  3.98107171e+00 -7.10049721e-04 
 4.29866235e+00  6.13619684e+01  4.29866235e+00 -7.66694052e-04 
 4.64158883e+00  6.13619684e+01  4.64158883e+00 -8.27857195e-04 
 5.01187234e+00  6.13619684e+01  5.01187234e+00 -8.93899637e-04 
 5.41169527e+00  6.13619684e+01  5.41169527e+00 -9.65210626e-04 
 5.84341413e+00  6.13619684e+01  5.84341413e+00 -1.04221046e-03 
 6.30957344e+00  6.13619684e+01  6.30957344e+00 -1.12535297e-03 
 6.81292069e+00  6.13619684e+01  6.81292069e+00 -1.21512818e-03 
 7.35642254e+00  6.13619684e+01  7.35642254e+00 -1.31206523e-03 
 7.94328235e+00  6.13619684e+01  7.94328235e+00 -1.41673545e-03 
 8.57695899e+00  6.13619684e+01  8.57695899e+00 -1.52975575e-03 
 9.26118728e+00  6.13619684e+01  9.26118728e+00 -1.65179226e-03 
 1.00000000e+01  6.13619684e+01  1.00000000e+01 -1.78356426e-03 
 1.07977516e+01  6.13619684e+01  1.07977516e+01 -1.92584839e-03 
 1.16591440e+01  6.13619684e+01  1.16591440e+01 -2.07948325e-03 
 1.25892541e+01  6.13619684e+01  1.25892541e+01 -2.24537437e-03 
 1.35935639e+01  6.13619684e+01  1.35935639e+01 -2.42449947e-03 
 1.46779927e+01  6.13619684e+01  1.46779927e+01 -2.61791431e-03 
 1.58489319e+01  6.13619684e+01  1.58489319e+01 -2.82675885e-03 
 1.71132830e+01  6.13619684e+01  1.71132830e+01 -3.05226400e-03 
 1.84784980e+01  6.13619684e+01  1.84784980e+01 -3.29575885e-03 
 1.99526231e+01  6.13619684e+01  1.99526231e+01 -3.55867855e-03 
 2.15443469e+01  6.13619684e+01  2.15443469e+01 -3.84257271e-03 
 2.32630507e+01  6.13619684e+01  2.32630507e+01 -4.14911457e-03 
 2.51188643e+01  6.13619684e+01  2.51188643e+01 -4.48011086e-03 
 2.71227258e+01  6.13619684e+01  2.71227258e+01 -4.83751243e-03 
 2.92864456e+01  6.13619684e+01  2.92864456e+01 -5.22342576e-03 
 3.16227766e+01  6.13619684e+01  3.16227766e+01 -5.64012540e-03 
 3.41454887e+01  6.13619684e+01  3.41454887e+01 -6.09006732e-03 
 3.68694506e+01  6.13619683e+01  3.68694506e+01 -6.57590342e-03 
 3.98107171e+01  6.13619683e+01  3.98107171e+01 -7.10049718e-03 
 4.29866235e+01  6.13619683e+01  4.29866235e+01 -7.66694049e-03 
 4.64158883e+01  6.13619683e+01  4.64158883e+01 -8.27857191e-03 
 5.01187234e+01  6.13619683e+01  5.01187234e+01 -8.93899631e-03 
 5.41169527e+01  6.13619683e+01  5.41169527e+01 -9.65210619e-03 
 5.84341413e+01  6.13619683e+01  5.84341413e+01 -1.04221045e-02 
 6.30957344e+01  6.13619682e+01  6.30957344e+01 -1.12535296e-02 
 6.81292069e+01  6.13619682e+01  6.81292069e+01 -1.21512817e-02 
 7.35642254e+01  6.13619682e+01  7.35642254e+01 -1.31206521e-02 
 7.94328235e+01  6.13619682e+01  7.94328235e+01 -1.41673543e-02 
 8.57695899e+01  6.13619681e+01  8.57695899e+01 -1.52975572e-02 
 9.26118728e+01  6.13619681e+01  9.26118728e+01 -1.65179223e-02 
 1.00000000e+02  6.13619680e+01  1.00000000e+02 -1.78356421e-02 
 1.07977516e+02  6.13619680e+01  1.07977516e+02 -1.92584833e-02 
 1.16591440e+02  6.13619679e+01  1.16591440e+02 -2.07948318e-02 
 1.25892541e+02  6.13619678e+01  1.25892541e+02 -2.24537428e-02 
 1.35935639e+02  6.13619677e+01  1.35935639e+02 -2.42449936e-02 
 1.46779927e+02  6.13619676e+01  1.46779927e+02 -2.61791417e-02 
 1.58489319e+02  6.13619675e+01  1.58489319e+02 -2.82675867e-02 
 1.71132830e+02  6.13619673e+01  1.71132830e+02 -3.05226377e-02 
 1.84784980e+02  6.13619672e+01  1.84784980e+02 -3.29575857e-02 
 1.99526231e+02  6.13619670e+01  1.99526231e+02 -3.55867820e-02 
 2.15443469e+02  6.13619667e+01  2.15443469e+02 -3.84257226e-02 
 2.32630507e+02  6.13619665e+01  2.32630507e+02 -4.14911401e-02 
 2.51188643e+02  6.13619661e+01  2.51188643e+02 -4.48011015e-02 
 2.71227258e+02  6.13619658e+01  2.71227258e+02 -4.83751154e-02 
 2.92864456e+02  6.13619653e+01  2.92864456e+02 -5.22342465e-02 
 3.16227766e+02  6.13619648e+01  3.16227766e+02 -5.64012399e-02 
 3.41454887e+02  6.13619642e+01  3.41454887e+02 -6.09006555e-02 
 3.68694506e+02  6.13619635e+01  3.68694506e+02 -6.57590119e-02 
 3.98107171e+02  6.13619627e+01  3.98107171e+02 -7.10049438e-02 
 4.29866235e+02  6.13619618e+01  4.29866235e+02 -7.66693696e-02 
 4.64158883e+02  6.13619607e+01  4.64158883e+02 -8.27856746e-02 
 5.01187234e+02  6.13619594e+01  5.01187234e+02 -8.93899072e-02 
 5.41169527e+02  6.13619579e+01  5.41169527e+02 -9.65209914e-02 
 5.84341413e+02  6.13619562e+01  5.84341413e+02 -1.04220956e-01 
 6.30957344e+02  6.13619541e+01  6.30957344e+02 -1.12535184e-01 
 6.81292069e+02  6.13619518e+01  6.81292069e+02 -1.21512677e-01 
 7.35642254e+02  6.13619490e+01  7.35642254e+02 -1.31206345e-01 
 7.94328235e+02  6.13619458e+01  7.94328235e+02 -1.41673320e-01 
 8.57695899e+02  6.13619421e+01  8.57695899e+02 -1.52975292e-01 
 9.26118728e+02  6.13619377e+01  9.26118728e+02 -1.65178870e-01 
 1.00000000e+03  6.13619326e+01  1.00000000e+03 -1.78355977e-01 
 1.07977516e+03  6.13619266e+01  1.07977516e+03 -1.92584273e-01 
 1.16591440e+03  6.13619197e+01  1.16591440e+03 -2.07947614e-01 
 1.25892541e+03  6.13619116e+01  1.25892541e+03 -2.24536541e-01 
 1.35935639e+03  6.13619022e+01  1.35935639e+03 -2.42448819e-01 
 1.46779927e+03  6.13618912e+01  1.46779927e+03 -2.61790011e-01 
 1.58489319e+03  6.13618785e+01  1.58489319e+03 -2.82674098e-01 
 1.71132830e+03  6.13618635e+01  1.71132830e+03 -3.05224150e-01 
 1.84784980e+03  6.13618461e+01  1.84784980e+03 -3.29573053e-01 
 1.99526231e+03  6.13618258e+01  1.99526231e+03 -3.55864289e-01 
 2.15443469e+03  6.13618022e+01  2.15443469e+03 -3.84252781e-01 
 2.32630507e+03  6.13617746e+01  2.32630507e+03 -4.14905805e-01 
 2.51188643e+03  6.13617424e+01  2.51188643e+03 -4.48003971e-01 
 2.71227258e+03  6.13617050e+01  2.71227258e+03 -4.83742287e-01 
 2.92864456e+03  6.13616613e+01  2.92864456e+03 -5.22331300e-01 
 3.16227766e+03  6.13616103e+01  3.16227766e+03 -5.63998342e-01 
 3.41454887e+03  6.13615509e+01  3.41454887e+03 -6.08988857e-01 
 3.68694506e+03  6.13614816e+01  3.68694506e+03 -6.57567843e-01 
 3.98107171e+03  6.13614008e+01  3.98107171e+03 -7.10021392e-01 
 4.29866235e+03  6.13613067e+01  4.29866235e+03 -7.66658389e-01 
 4.64158883e+03  6.13611969e+01  4.64158883e+03 -8.27812302e-01 
 5.01187234e+03  6.13610689e+01  5.01187234e+03 -8.93843116e-01 
 5.41169527e+03  6.13609197e+01  5.41169527e+03 -9.65139476e-01 
 5.84341413e+03  6.13607458e+01  5.84341413e+03 -1.04212089e+00 
 6.30957344e+03  6.13605429e+01  6.30957344e+03 -1.12524021e+00 
 6.81292069e+03  6.13603065e+01  6.81292069e+03 -1.21498623e+00 
 7.35642254e+03  6.13600308e+01  7.35642254e+03 -1.31188653e+00 
 7.94328235e+03  6.13597094e+01  7.94328235e+03 -1.41651049e+00 
 8.57695899e+03  6.13593347e+01  8.57695899e+03 -1.52947255e+00 
 9.26118728e+03  6.13588979e+01  9.26118728e+03 -1.65143575e+00 
 1.00000000e+04  6.13583887e+01  1.00000000e+04 -1.78311547e+00 
 1.07977516e+04  6.13577950e+01  1.07977516e+04 -1.92528344e+00 
 1.16591440e+04  6.13571030e+01  1.16591440e+04 -2.07877210e+00 
 1.25892541e+04  6.13562962e+01  1.25892541e+04 -2.24447917e+00 
 1.35935639e+04  6.13553558e+01  1.35935639e+04 -2.42337263e+00 
 1.46779927e+04  6.13542597e+01  1.46779927e+04 -2.61649593e+00 
 1.58489319e+04  6.13529821e+01  1.58489319e+04 -2.82497353e+00 
 1.71132830e+04  6.13514928e+01  1.71132830e+04 -3.05001685e+00 
 1.84784980e+04  6.13497572e+01  1.84784980e+04 -3.29293055e+00 
 1.99526231e+04  6.13477345e+01  1.99526231e+04 -3.55511890e+00 
 2.15443469e+04  6.13453773e+01  2.15443469e+04 -3.83809282e+00 
 2.32630507e+04  6.13426307e+01  2.32630507e+04 -4.14347687e+00 
 2.51188643e+04  6.13394305e+01  2.51188643e+04 -4.47301654e+00 
 2.71227258e+04  6.13357024e+01  2.71227258e+04 -4.82858579e+00 
 2.92864456e+04  6.13313596e+01  2.92864456e+04 -5.21219452e+00 
 3.16227766e+04  6.13263017e+01  3.16227766e+04 -5.62599590e+00 
 3.41454887e+04  6.13204121e+01  3.41454887e+04 -6.07229375e+00 
 3.68694506e+04  6.13135552e+01  3.68694506e+04 -6.55354895e+00 
 3.98107171e+04  6.13055742e+01  3.98107171e+04 -7.07238545e+00 
 4.29866235e+04  6.12962873e+01  4.29866235e+04 -7.63159517e+00 
 4.64158883e+04  6.12854843e+01  4.64158883e+04 -8.23414096e+00 
 5.01187234e+04  6.12729225e+01  5.01187234e+04 -8.88315786e+00 
 5.41169527e+04  6.12583218e+01  5.41169527e+04 -9.58195119e+00 
 5.84341413e+04  6.12413597e+01  5.84341413e+04 -1.03339911e+01 
 6.30957344e+04  6.12216658e+01  6.30957344e+04 -1.11429027e+01 
 6.81292069e+04  6.11988154e+01  6.81292069e+04 -1.20124498e+01 
 7.35642254e+04  6.11723232e+01  7.35642254e+04 -1.29465125e+01 
 7.94328235e+04  6.11416362e+01  7.94328235e+04 -1.39490552e+01 
 8.57695899e+04  6.11061265e+01  8.57695899e+04 -1.50240847e+01 
 9.26118728e+04  6.10650848e+01  9.26118728e+04 -1.61755973e+01 
 1.00000000e+05  6.10177133e+01  1.00000000e+05 -1.74075108e+01 
 1.07977516e+05  6.09631199e+01  1.07977516e+05 -1.87235829e+01 
 1.16591440e+05  6.09003140e+01  1.16591440e+05 -2.01273130e+01 
 1.25892541e+05  6.08282042e+01  1.25892541e+05 -2.16218281e+01 
 1.35935639e+05  6.07455984e+01  1.35935639e+05 -2.32097526e+01 
 1.46779927e+05  6.06512084e+01  1.46779927e+05 -2.48930654e+01 
 1.58489319e+05  6.05436581e+01  1.58489319e+05 -2.66729471e+01 
 1.71132830e+05  6.04214986e+01  1.71132830e+05 -2.85496249e+01 
 1.84784980e+05  6.02832284e+01  1.84784980e+05 -3.05222231e+01 
 1.99526231e+05  6.01273205e+01  1.99526231e+05 -3.25886293e+01 
 2.15443469e+05  5.99522560e+01  2.15443469e+05 -3.47453935e+01 
 2.32630507e+05  5.97565640e+01  2.32630507e+05 -3.69876683e+01 
 2.51188643e+05  5.95388646e+01  2.51188643e+05 -3.93092084e+01 
 2.71227258e+05  5.92979153e+01  2.71227258e+05 -4.17024384e+01 
 2.92864456e+05  5.90326556e+01  2.92864456e+05 -4.41585971e+01 
 3.16227766e+05  5.87422476e+01  3.16227766e+05 -4.66679566e+01 
 3.41454887e+05  5.84261093e+01  3.41454887e+05 -4.92201124e+01 
 3.68694506e+05  5.80839363e+01  3.68694506e+05 -5.18043251e+01 
 3.98107171e+05  5.77157120e+01  3.98107171e+05 -5.44098993e+01 
 4.29866235e+05  5.73217020e+01  4.29866235e+05 -5.70265659e+01 
 4.64158883e+05  5.69024363e+01  4.64158883e+05 -5.96448492e+01 
 5.01187234e+05  5.64586780e+01  5.01187234e+05 -6.22563887e+01 
 5.41169527e+05  5.59913833e+01  5.41169527e+05 -6.48542015e+01 
 5.84341413e+05  5.55016547e+01  5.84341413e+05 -6.74328696e+01 
 6.30957344e+05  5.49906906e+01  6.30957344e+05 -6.99886498e+01 
 6.81292069e+05  5.44597359e+01  6.81292069e+05 -7.25195097e+01 
 7.35642254e+05  5.39100347e+01  7.35642254e+05 -7.50250969e+01 
 7.94328235e+05  5.33427878e+01  7.94328235e+05 -7.75066530e+01 
 8.57695899e+05  5.27591158e+01  8.57695899e+05 -7.99668870e+01 
 9.26118728e+05  5.21600285e+01  9.26118728e+05 -8.24098190e+01 
 1.00000000e+06  5.15464003e+01  1.00000000e+06 -8.48406074e+01 
 1.07977516e+06  5.09189510e+01  1.07977516e+06 -8.72653655e+01 
 1.16591440e+06  5.02782321e+01  1.16591440e+06 -8.96909777e+01 
 1.25892541e+06  4.96246162e+01  1.25892541e+06 -9.21249145e+01 
 1.35935639e+06  4.89582913e+01  1.35935639e+06 -9.45750518e+01 
 1.46779927e+06  4.82792570e+01  1.46779927e+06 -9.70494920e+01 
 1.58489319e+06  4.75873243e+01  1.58489319e+06 -9.95563867e+01 
 1.71132830e+06  4.68821172e+01  1.71132830e+06 -1.02103760e+02 
 1.84784980e+06  4.61630787e+01  1.84784980e+06 -1.04699331e+02 
 1.99526231e+06  4.54294786e+01  1.99526231e+06 -1.07350336e+02 
 2.15443469e+06  4.46804265e+01  2.15443469e+06 -1.10063346e+02 
 2.32630507e+06  4.39148888e+01  2.32630507e+06 -1.12844099e+02 
 2.51188643e+06  4.31317117e+01  2.51188643e+06 -1.15697331e+02 
 2.71227258e+06  4.23296494e+01  2.71227258e+06 -1.18626628e+02 
 2.92864456e+06  4.15073985e+01  2.92864456e+06 -1.21634317e+02 
 3.16227766e+06  4.06636382e+01  3.16227766e+06 -1.24721380e+02 
 3.41454887e+06  3.97970749e+01  3.41454887e+06 -1.27887448e+02 
 3.68694506e+06  3.89064889e+01  3.68694506e+06 -1.31130838e+02 
 3.98107171e+06  3.79907820e+01  3.98107171e+06 -1.34448692e+02 
 4.29866235e+06  3.70490213e+01  4.29866235e+06 -1.37837180e+02 
 4.64158883e+06  3.60804765e+01  4.64158883e+06 -1.41291793e+02 
 5.01187234e+06  3.50846468e+01  5.01187234e+06 -1.44807707e+02 
 5.41169527e+06  3.40612754e+01  5.41169527e+06 -1.48380198e+02 
 5.84341413e+06  3.30103475e+01  5.84341413e+06 -1.52005101e+02 
 6.30957344e+06  3.19320740e+01  6.30957344e+06 -1.55679267e+02 
 6.81292069e+06  3.08268585e+01  6.81292069e+06 -1.59401031e+02 
 7.35642254e+06  2.96952504e+01  7.35642254e+06 -1.63170639e+02 
 7.94328235e+06  2.85378867e+01  7.94328235e+06 -1.66990658e+02 
 8.57695899e+06  2.73554238e+01  8.57695899e+06 -1.70866366e+02 
 9.26118728e+06  2.61484633e+01  9.26118728e+06 -1.74806138e+02 
 1.00000000e+07  2.49174723e+01  1.00000000e+07 -1.78821867e+02 
 1.07977516e+07  2.36627008e+01  1.07977516e+07 -1.82929495e+02 
 1.16591440e+07  2.23840977e+01  1.16591440e+07 -1.87149704e+02 
 1.25892541e+07  2.10812263e+01  1.25892541e+07 -1.91508914e+02 
 1.35935639e+07  1.97531867e+01  1.35935639e+07 -1.96040733e+02 
 1.46779927e+07  1.83985540e+01  1.46779927e+07 -2.00788112e+02 
 1.58489319e+07  1.70153627e+01  1.58489319e+07 -2.05806545e+02 
 1.71132830e+07  1.56011912e+01  1.71132830e+07 -2.11168844e+02 
 1.84784980e+07  1.41534721e+01  1.84784980e+07 -2.16972189e+02 
 1.99526231e+07  1.26702785e+01  1.99526231e+07 -2.23348385e+02 
 2.15443469e+07  1.11521042e+01  2.15443469e+07 -2.30478115e+02 
 2.32630507e+07  9.60565081e+00  2.32630507e+07 -2.38608574e+02 
 2.51188643e+07  8.05142476e+00  2.51188643e+07 -2.48068135e+02 
 2.71227258e+07  6.53752125e+00  2.71227258e+07 -2.59254623e+02 
 2.92864456e+07  5.15934850e+00  2.92864456e+07 -2.72536487e+02 
 3.16227766e+07  4.07110574e+00  3.16227766e+07 -2.87975537e+02 
 3.41454887e+07  3.44886085e+00  3.41454887e+07 -3.04917404e+02 
 3.68694506e+07  3.38453944e+00  3.68694506e+07 -3.21927237e+02 
 3.98107171e+07  3.80913636e+00  3.98107171e+07 -3.37500204e+02 
 4.29866235e+07  4.55273852e+00  4.29866235e+07 -3.50854010e+02 
 4.64158883e+07  5.45552945e+00  4.64158883e+07 -3.61968886e+02 
 5.01187234e+07  6.41538502e+00  5.01187234e+07 -3.71187481e+02 
 5.41169527e+07  7.38041531e+00  5.41169527e+07 -3.78907902e+02 
 5.84341413e+07  8.32902234e+00  5.84341413e+07 -3.85464402e+02 
 6.30957344e+07  9.25510390e+00  6.30957344e+07 -3.91107763e+02 
 6.81292069e+07  1.01597191e+01  6.81292069e+07 -3.96018034e+02 
 7.35642254e+07  1.10468892e+01  7.35642254e+07 -4.00322083e+02 
 7.94328235e+07  1.19215996e+01  7.94328235e+07 -4.04108110e+02 
 8.57695899e+07  1.27888860e+01  8.57695899e+07 -4.07436008e+02 
 9.26118728e+07  1.36534240e+01  9.26118728e+07 -4.10344301e+02 
 1.00000000e+08  1.45193291e+01  1.00000000e+08 -4.12854568e+02 
 1.07977516e+08  1.53900162e+01  1.07977516e+08 -4.14974159e+02 
 1.16591440e+08  1.62680312e+01  1.16591440e+08 -4.16697778e+02 
 1.25892541e+08  1.71548022e+01  1.25892541e+08 -4.18008476e+02 
 1.35935639e+08  1.80502733e+01  1.35935639e+08 -4.18878529e+02 
 1.46779927e+08  1.89523984e+01  1.46779927e+08 -4.19270825e+02 
 1.58489319e+08  1.98565066e+01  1.58489319e+08 -4.19141494e+02 
 1.71132830e+08  2.07546077e+01  1.71132830e+08 -4.18444711e+02 
 1.84784980e+08  2.16348078e+01  1.84784980e+08 -4.17140562e+02 
 1.99526231e+08  2.24811420e+01  1.99526231e+08 -4.15206391e+02 
 2.15443469e+08  2.32742479e+01  2.15443469e+08 -4.12650664e+02 
 2.32630507e+08  2.39932677e+01  2.32630507e+08 -4.09526081e+02 
 2.51188643e+08  2.46190056e+01  2.51188643e+08 -4.05936290e+02 
 2.71227258e+08  2.51376687e+01  2.71227258e+08 -4.02030331e+02 
 2.92864456e+08  2.55438501e+01  2.92864456e+08 -3.97983091e+02 
 3.16227766e+08  2.58414423e+01  3.16227766e+08 -3.93967219e+02 
 3.41454887e+08  2.60421055e+01  3.41454887e+08 -3.90127083e+02 
 3.68694506e+08  2.61621382e+01  3.68694506e+08 -3.86563717e+02 
 3.98107171e+08  2.62191401e+01  3.98107171e+08 -3.83333022e+02 
 4.29866235e+08  2.62295172e+01  4.29866235e+08 -3.80453411e+02 
 4.64158883e+08  2.62071511e+01  4.64158883e+08 -3.77917126e+02 
 5.01187234e+08  2.61630272e+01  5.01187234e+08 -3.75700924e+02 
 5.41169527e+08  2.61054373e+01  5.41169527e+08 -3.73774166e+02 
 5.84341413e+08  2.60404281e+01  5.84341413e+08 -3.72104102e+02 
 6.30957344e+08  2.59722899e+01  6.30957344e+08 -3.70658903e+02 
 6.81292069e+08  2.59039908e+01  6.81292069e+08 -3.69409196e+02 
 7.35642254e+08  2.58375252e+01  7.35642254e+08 -3.68328663e+02 
 7.94328235e+08  2.57741801e+01  7.94328235e+08 -3.67394151e+02 
 8.57695899e+08  2.57147338e+01  8.57695899e+08 -3.66585521e+02 
 9.26118728e+08  2.56596019e+01  9.26118728e+08 -3.65885389e+02 
 1.00000000e+09  2.56089454e+01  1.00000000e+09 -3.65278832e+02 
