 1.00000000e+00  7.16236429e+01  1.00000000e+00 -5.34308476e-04 
 1.07977516e+00  7.16236429e+01  1.07977516e+00 -5.76933021e-04 
 1.16591440e+00  7.16236429e+01  1.16591440e+00 -6.22957946e-04 
 1.25892541e+00  7.16236429e+01  1.25892541e+00 -6.72654518e-04 
 1.35935639e+00  7.16236429e+01  1.35935639e+00 -7.26315641e-04 
 1.46779927e+00  7.16236429e+01  1.46779927e+00 -7.84257589e-04 
 1.58489319e+00  7.16236429e+01  1.58489319e+00 -8.46821866e-04 
 1.71132830e+00  7.16236429e+01  1.71132830e+00 -9.14377217e-04 
 1.84784980e+00  7.16236429e+01  1.84784980e+00 -9.87321808e-04 
 1.99526231e+00  7.16236429e+01  1.99526231e+00 -1.06608557e-03 
 2.15443469e+00  7.16236429e+01  2.15443469e+00 -1.15113272e-03 
 2.32630507e+00  7.16236429e+01  2.32630507e+00 -1.24296451e-03 
 2.51188643e+00  7.16236429e+01  2.51188643e+00 -1.34212221e-03 
 2.71227258e+00  7.16236429e+01  2.71227258e+00 -1.44919023e-03 
 2.92864456e+00  7.16236429e+01  2.92864456e+00 -1.56479961e-03 
 3.16227766e+00  7.16236429e+01  3.16227766e+00 -1.68963176e-03 
 3.41454887e+00  7.16236429e+01  3.41454887e+00 -1.82442240e-03 
 3.68694506e+00  7.16236429e+01  3.68694506e+00 -1.96996600e-03 
 3.98107171e+00  7.16236429e+01  3.98107171e+00 -2.12712035e-03 
 4.29866235e+00  7.16236429e+01  4.29866235e+00 -2.29681172e-03 
 4.64158883e+00  7.16236429e+01  4.64158883e+00 -2.48004025e-03 
 5.01187234e+00  7.16236429e+01  5.01187234e+00 -2.67788587e-03 
 5.41169527e+00  7.16236429e+01  5.41169527e+00 -2.89151465e-03 
 5.84341413e+00  7.16236429e+01  5.84341413e+00 -3.12218570e-03 
 6.30957344e+00  7.16236429e+01  6.30957344e+00 -3.37125857e-03 
 6.81292069e+00  7.16236429e+01  6.81292069e+00 -3.64020126e-03 
 7.35642254e+00  7.16236429e+01  7.35642254e+00 -3.93059891e-03 
 7.94328235e+00  7.16236429e+01  7.94328235e+00 -4.24416308e-03 
 8.57695899e+00  7.16236429e+01  8.57695899e+00 -4.58274187e-03 
 9.26118728e+00  7.16236429e+01  9.26118728e+00 -4.94833085e-03 
 1.00000000e+01  7.16236429e+01  1.00000000e+01 -5.34308474e-03 
 1.07977516e+01  7.16236428e+01  1.07977516e+01 -5.76933019e-03 
 1.16591440e+01  7.16236428e+01  1.16591440e+01 -6.22957944e-03 
 1.25892541e+01  7.16236428e+01  1.25892541e+01 -6.72654515e-03 
 1.35935639e+01  7.16236428e+01  1.35935639e+01 -7.26315637e-03 
 1.46779927e+01  7.16236428e+01  1.46779927e+01 -7.84257585e-03 
 1.58489319e+01  7.16236428e+01  1.58489319e+01 -8.46821860e-03 
 1.71132830e+01  7.16236428e+01  1.71132830e+01 -9.14377210e-03 
 1.84784980e+01  7.16236428e+01  1.84784980e+01 -9.87321799e-03 
 1.99526231e+01  7.16236427e+01  1.99526231e+01 -1.06608555e-02 
 2.15443469e+01  7.16236427e+01  2.15443469e+01 -1.15113270e-02 
 2.32630507e+01  7.16236427e+01  2.32630507e+01 -1.24296450e-02 
 2.51188643e+01  7.16236427e+01  2.51188643e+01 -1.34212219e-02 
 2.71227258e+01  7.16236426e+01  2.71227258e+01 -1.44919020e-02 
 2.92864456e+01  7.16236426e+01  2.92864456e+01 -1.56479958e-02 
 3.16227766e+01  7.16236425e+01  3.16227766e+01 -1.68963171e-02 
 3.41454887e+01  7.16236425e+01  3.41454887e+01 -1.82442235e-02 
 3.68694506e+01  7.16236424e+01  3.68694506e+01 -1.96996593e-02 
 3.98107171e+01  7.16236423e+01  3.98107171e+01 -2.12712026e-02 
 4.29866235e+01  7.16236422e+01  4.29866235e+01 -2.29681161e-02 
 4.64158883e+01  7.16236421e+01  4.64158883e+01 -2.48004011e-02 
 5.01187234e+01  7.16236420e+01  5.01187234e+01 -2.67788569e-02 
 5.41169527e+01  7.16236418e+01  5.41169527e+01 -2.89151442e-02 
 5.84341413e+01  7.16236417e+01  5.84341413e+01 -3.12218541e-02 
 6.30957344e+01  7.16236415e+01  6.30957344e+01 -3.37125821e-02 
 6.81292069e+01  7.16236412e+01  6.81292069e+01 -3.64020081e-02 
 7.35642254e+01  7.16236409e+01  7.35642254e+01 -3.93059834e-02 
 7.94328235e+01  7.16236406e+01  7.94328235e+01 -4.24416236e-02 
 8.57695899e+01  7.16236402e+01  8.57695899e+01 -4.58274097e-02 
 9.26118728e+01  7.16236398e+01  9.26118728e+01 -4.94832972e-02 
 1.00000000e+02  7.16236393e+01  1.00000000e+02 -5.34308332e-02 
 1.07977516e+02  7.16236387e+01  1.07977516e+02 -5.76932840e-02 
 1.16591440e+02  7.16236380e+01  1.16591440e+02 -6.22957718e-02 
 1.25892541e+02  7.16236372e+01  1.25892541e+02 -6.72654231e-02 
 1.35935639e+02  7.16236362e+01  1.35935639e+02 -7.26315280e-02 
 1.46779927e+02  7.16236351e+01  1.46779927e+02 -7.84257134e-02 
 1.58489319e+02  7.16236339e+01  1.58489319e+02 -8.46821293e-02 
 1.71132830e+02  7.16236324e+01  1.71132830e+02 -9.14376497e-02 
 1.84784980e+02  7.16236306e+01  1.84784980e+02 -9.87320901e-02 
 1.99526231e+02  7.16236286e+01  1.99526231e+02 -1.06608442e-01 
 2.15443469e+02  7.16236262e+01  2.15443469e+02 -1.15113128e-01 
 2.32630507e+02  7.16236234e+01  2.32630507e+02 -1.24296270e-01 
 2.51188643e+02  7.16236202e+01  2.51188643e+02 -1.34211993e-01 
 2.71227258e+02  7.16236164e+01  2.71227258e+02 -1.44918736e-01 
 2.92864456e+02  7.16236120e+01  2.92864456e+02 -1.56479600e-01 
 3.16227766e+02  7.16236069e+01  3.16227766e+02 -1.68962721e-01 
 3.41454887e+02  7.16236010e+01  3.41454887e+02 -1.82441668e-01 
 3.68694506e+02  7.16235940e+01  3.68694506e+02 -1.96995879e-01 
 3.98107171e+02  7.16235859e+01  3.98107171e+02 -2.12711128e-01 
 4.29866235e+02  7.16235764e+01  4.29866235e+02 -2.29680030e-01 
 4.64158883e+02  7.16235654e+01  4.64158883e+02 -2.48002587e-01 
 5.01187234e+02  7.16235526e+01  5.01187234e+02 -2.67786776e-01 
 5.41169527e+02  7.16235376e+01  5.41169527e+02 -2.89149185e-01 
 5.84341413e+02  7.16235201e+01  5.84341413e+02 -3.12215700e-01 
 6.30957344e+02  7.16234997e+01  6.30957344e+02 -3.37122244e-01 
 6.81292069e+02  7.16234760e+01  6.81292069e+02 -3.64015578e-01 
 7.35642254e+02  7.16234483e+01  7.35642254e+02 -3.93054165e-01 
 7.94328235e+02  7.16234160e+01  7.94328235e+02 -4.24409099e-01 
 8.57695899e+02  7.16233783e+01  8.57695899e+02 -4.58265113e-01 
 9.26118728e+02  7.16233344e+01  9.26118728e+02 -4.94821659e-01 
 1.00000000e+03  7.16232832e+01  1.00000000e+03 -5.34294090e-01 
 1.07977516e+03  7.16232236e+01  1.07977516e+03 -5.76914912e-01 
 1.16591440e+03  7.16231540e+01  1.16591440e+03 -6.22935149e-01 
 1.25892541e+03  7.16230729e+01  1.25892541e+03 -6.72625818e-01 
 1.35935639e+03  7.16229783e+01  1.35935639e+03 -7.26279511e-01 
 1.46779927e+03  7.16228681e+01  1.46779927e+03 -7.84212105e-01 
 1.58489319e+03  7.16227395e+01  1.58489319e+03 -8.46764597e-01 
 1.71132830e+03  7.16225896e+01  1.71132830e+03 -9.14305127e-01 
 1.84784980e+03  7.16224149e+01  1.84784980e+03 -9.87231054e-01 
 1.99526231e+03  7.16222112e+01  1.99526231e+03 -1.06597132e+00 
 2.15443469e+03  7.16219737e+01  2.15443469e+03 -1.15098889e+00 
 2.32630507e+03  7.16216969e+01  2.32630507e+03 -1.24278346e+00 
 2.51188643e+03  7.16213741e+01  2.51188643e+03 -1.34189429e+00 
 2.71227258e+03  7.16209977e+01  2.71227258e+03 -1.44890329e+00 
 2.92864456e+03  7.16205590e+01  2.92864456e+03 -1.56443841e+00 
 3.16227766e+03  7.16200476e+01  3.16227766e+03 -1.68917706e+00 
 3.41454887e+03  7.16194514e+01  3.41454887e+03 -1.82385002e+00 
 3.68694506e+03  7.16187563e+01  3.68694506e+03 -1.96924549e+00 
 3.98107171e+03  7.16179460e+01  3.98107171e+03 -2.12621337e+00 
 4.29866235e+03  7.16170016e+01  4.29866235e+03 -2.29567006e+00 
 4.64158883e+03  7.16159007e+01  4.64158883e+03 -2.47860320e+00 
 5.01187234e+03  7.16146175e+01  5.01187234e+03 -2.67607705e+00 
 5.41169527e+03  7.16131219e+01  5.41169527e+03 -2.88923796e+00 
 5.84341413e+03  7.16113788e+01  5.84341413e+03 -3.11932020e+00 
 6.30957344e+03  7.16093473e+01  6.30957344e+03 -3.36765214e+00 
 6.81292069e+03  7.16069800e+01  6.81292069e+03 -3.63566252e+00 
 7.35642254e+03  7.16042215e+01  7.35642254e+03 -3.92488711e+00 
 7.94328235e+03  7.16010076e+01  7.94328235e+03 -4.23697551e+00 
 8.57695899e+03  7.15972634e+01  8.57695899e+03 -4.57369795e+00 
 9.26118728e+03  7.15929020e+01  9.26118728e+03 -4.93695204e+00 
 1.00000000e+04  7.15878228e+01  1.00000000e+04 -5.32876984e+00 
 1.07977516e+04  7.15819081e+01  1.07977516e+04 -5.75132346e+00 
 1.16591440e+04  7.15750223e+01  1.16591440e+04 -6.20693192e+00 
 1.25892541e+04  7.15670078e+01  1.25892541e+04 -6.69806520e+00 
 1.35935639e+04  7.15576823e+01  1.35935639e+04 -7.22734856e+00 
 1.46779927e+04  7.15468346e+01  1.46779927e+04 -7.79756416e+00 
 1.58489319e+04  7.15342213e+01  1.58489319e+04 -8.41165119e+00 
 1.71132830e+04  7.15195612e+01  1.71132830e+04 -9.07270242e+00 
 1.84784980e+04  7.15025310e+01  1.84784980e+04 -9.78395767e+00 
 1.99526231e+04  7.14827591e+01  1.99526231e+04 -1.05487912e+01 
 2.15443469e+04  7.14598198e+01  2.15443469e+04 -1.13706953e+01 
 2.32630507e+04  7.14332268e+01  2.32630507e+04 -1.22532539e+01 
 2.51188643e+04  7.14024254e+01  2.51188643e+04 -1.32001088e+01 
 2.71227258e+04  7.13667870e+01  2.71227258e+04 -1.42149165e+01 
 2.92864456e+04  7.13256014e+01  2.92864456e+04 -1.53012910e+01 
 3.16227766e+04  7.12780699e+01  3.16227766e+04 -1.64627330e+01 
 3.41454887e+04  7.12233010e+01  3.41454887e+04 -1.77025467e+01 
 3.68694506e+04  7.11603043e+01  3.68694506e+04 -1.90237355e+01 
 3.98107171e+04  7.10879900e+01  3.98107171e+04 -2.04288856e+01 
 4.29866235e+04  7.10051692e+01  4.29866235e+04 -2.19200328e+01 
 4.64158883e+04  7.09105583e+01  4.64158883e+04 -2.34985146e+01 
 5.01187234e+04  7.08027888e+01  5.01187234e+04 -2.51648138e+01 
 5.41169527e+04  7.06804219e+01  5.41169527e+04 -2.69184009e+01 
 5.84341413e+04  7.05419701e+01  5.84341413e+04 -2.87575800e+01 
 6.30957344e+04  7.03859248e+01  6.30957344e+04 -3.06793545e+01 
 6.81292069e+04  7.02107906e+01  6.81292069e+04 -3.26793204e+01 
 7.35642254e+04  7.00151266e+01  7.35642254e+04 -3.47516100e+01 
 7.94328235e+04  6.97975895e+01  7.94328235e+04 -3.68888859e+01 
 8.57695899e+04  6.95569809e+01  8.57695899e+04 -3.90824107e+01 
 9.26118728e+04  6.92922928e+01  9.26118728e+04 -4.13221904e+01 
 1.00000000e+05  6.90027486e+01  1.00000000e+05 -4.35971905e+01 
 1.07977516e+05  6.86878365e+01  1.07977516e+05 -4.58956267e+01 
 1.16591440e+05  6.83473330e+01  1.16591440e+05 -4.82053029e+01 
 1.25892541e+05  6.79813119e+01  1.25892541e+05 -5.05139854e+01 
 1.35935639e+05  6.75901411e+01  1.35935639e+05 -5.28097796e+01 
 1.46779927e+05  6.71744650e+01  1.46779927e+05 -5.50814903e+01 
 1.58489319e+05  6.67351752e+01  1.58489319e+05 -5.73189366e+01 
 1.71132830e+05  6.62733720e+01  1.71132830e+05 -5.95132056e+01 
 1.84784980e+05  6.57903202e+01  1.84784980e+05 -6.16568317e+01 
 1.99526231e+05  6.52874026e+01  1.99526231e+05 -6.37439056e+01 
 2.15443469e+05  6.47660731e+01  2.15443469e+05 -6.57701001e+01 
 2.32630507e+05  6.42278141e+01  2.32630507e+05 -6.77326452e+01 
 2.51188643e+05  6.36740988e+01  2.51188643e+05 -6.96302430e+01 
 2.71227258e+05  6.31063594e+01  2.71227258e+05 -7.14629518e+01 
 2.92864456e+05  6.25259619e+01  2.92864456e+05 -7.32320443e+01 
 3.16227766e+05  6.19341880e+01  3.16227766e+05 -7.49398572e+01 
 3.41454887e+05  6.13322214e+01  3.41454887e+05 -7.65896392e+01 
 3.68694506e+05  6.07211409e+01  3.68694506e+05 -7.81854057e+01 
 3.98107171e+05  6.01019160e+01  3.98107171e+05 -7.97318068e+01 
 4.29866235e+05  5.94754062e+01  4.29866235e+05 -8.12340094e+01 
 4.64158883e+05  5.88423632e+01  4.64158883e+05 -8.26975963e+01 
 5.01187234e+05  5.82034336e+01  5.01187234e+05 -8.41284819e+01 
 5.41169527e+05  5.75591625e+01  5.41169527e+05 -8.55328426e+01 
 5.84341413e+05  5.69099983e+01  5.84341413e+05 -8.69170633e+01 
 6.30957344e+05  5.62562963e+01  6.30957344e+05 -8.82876935e+01 
 6.81292069e+05  5.55983226e+01  6.81292069e+05 -8.96514166e+01 
 7.35642254e+05  5.49362569e+01  7.35642254e+05 -9.10150247e+01 
 7.94328235e+05  5.42701943e+01  7.94328235e+05 -9.23854021e+01 
 8.57695899e+05  5.36001470e+01  8.57695899e+05 -9.37695100e+01 
 9.26118728e+05  5.29260439e+01  9.26118728e+05 -9.51743747e+01 
 1.00000000e+06  5.22477299e+01  1.00000000e+06 -9.66070757e+01 
 1.07977516e+06  5.15649638e+01  1.07977516e+06 -9.80747311e+01 
 1.16591440e+06  5.08774156e+01  1.16591440e+06 -9.95844778e+01 
 1.25892541e+06  5.01846631e+01  1.25892541e+06 -1.01143447e+02 
 1.35935639e+06  4.94861870e+01  1.35935639e+06 -1.02758732e+02 
 1.46779927e+06  4.87813674e+01  1.46779927e+06 -1.04437337e+02 
 1.58489319e+06  4.80694782e+01  1.58489319e+06 -1.06186131e+02 
 1.71132830e+06  4.73496844e+01  1.71132830e+06 -1.08011766e+02 
 1.84784980e+06  4.66210384e+01  1.84784980e+06 -1.09920598e+02 
 1.99526231e+06  4.58824794e+01  1.99526231e+06 -1.11918582e+02 
 2.15443469e+06  4.51328355e+01  2.15443469e+06 -1.14011156e+02 
 2.32630507e+06  4.43708283e+01  2.32630507e+06 -1.16203115e+02 
 2.51188643e+06  4.35950833e+01  2.51188643e+06 -1.18498471e+02 
 2.71227258e+06  4.28041449e+01  2.71227258e+06 -1.20900317e+02 
 2.92864456e+06  4.19964974e+01  2.92864456e+06 -1.23410698e+02 
 3.16227766e+06  4.11705923e+01  3.16227766e+06 -1.26030501e+02 
 3.41454887e+06  4.03248825e+01  3.41454887e+06 -1.28759381e+02 
 3.68694506e+06  3.94578605e+01  3.68694506e+06 -1.31595726e+02 
 3.98107171e+06  3.85681009e+01  3.98107171e+06 -1.34536697e+02 
 4.29866235e+06  3.76543044e+01  4.29866235e+06 -1.37578330e+02 
 4.64158883e+06  3.67153390e+01  4.64158883e+06 -1.40715724e+02 
 5.01187234e+06  3.57502764e+01  5.01187234e+06 -1.43943308e+02 
 5.41169527e+06  3.47584192e+01  5.41169527e+06 -1.47255181e+02 
 5.84341413e+06  3.37393152e+01  5.84341413e+06 -1.50645520e+02 
 6.30957344e+06  3.26927575e+01  6.30957344e+06 -1.54109022e+02 
 6.81292069e+06  3.16187681e+01  6.81292069e+06 -1.57641370e+02 
 7.35642254e+06  3.05175648e+01  7.35642254e+06 -1.61239705e+02 
 7.94328235e+06  2.93895125e+01  7.94328235e+06 -1.64903081e+02 
 8.57695899e+06  2.82350615e+01  8.57695899e+06 -1.68632892e+02 
 9.26118728e+06  2.70546723e+01  9.26118728e+06 -1.72433304e+02 
 1.00000000e+07  2.58487324e+01  1.00000000e+07 -1.76311679e+02 
 1.07977516e+07  2.46174627e+01  1.07977516e+07 -1.80279068e+02 
 1.16591440e+07  2.33608181e+01  1.16591440e+07 -1.84350809e+02 
 1.25892541e+07  2.20783798e+01  1.25892541e+07 -1.88547353e+02 
 1.35935639e+07  2.07692419e+01  1.35935639e+07 -1.92895442e+02 
 1.46779927e+07  1.94318969e+01  1.46779927e+07 -1.97429867e+02 
 1.58489319e+07  1.80641295e+01  1.58489319e+07 -2.02196100e+02 
 1.71132830e+07  1.66629514e+01  1.71132830e+07 -2.07254317e+02 
 1.84784980e+07  1.52246419e+01  1.84784980e+07 -2.12685505e+02 
 1.99526231e+07  1.37450542e+01  1.99526231e+07 -2.18600779e+02 
 2.15443469e+07  1.22205274e+01  2.15443469e+07 -2.25155404e+02 
 2.32630507e+07  1.06501578e+01  2.32630507e+07 -2.32569080e+02 
 2.51188643e+07  9.04100556e+00  2.51188643e+07 -2.41152198e+02 
 2.71227258e+07  7.41923753e+00  2.71227258e+07 -2.51328412e+02 
 2.92864456e+07  5.85128666e+00  2.92864456e+07 -2.63612950e+02 
 3.16227766e+07  4.47342490e+00  3.16227766e+07 -2.78436053e+02 
 3.41454887e+07  3.49866098e+00  3.41454887e+07 -2.95667352e+02 
 3.68694506e+07  3.12915172e+00  3.68694506e+07 -3.14069742e+02 
 3.98107171e+07  3.39226973e+00  3.98107171e+07 -3.31629728e+02 
 4.29866235e+07  4.11415092e+00  4.29866235e+07 -3.46849294e+02 
 4.64158883e+07  5.07326541e+00  4.64158883e+07 -3.59374981e+02 
 5.01187234e+07  6.11554133e+00  5.01187234e+07 -3.69558985e+02 
 5.41169527e+07  7.16266533e+00  5.41169527e+07 -3.77918516e+02 
 5.84341413e+07  8.18323553e+00  5.84341413e+07 -3.84899455e+02 
 6.30957344e+07  9.16899008e+00  6.30957344e+07 -3.90831681e+02 
 6.81292069e+07  1.01217085e+01  6.81292069e+07 -3.95946668e+02 
 7.35642254e+07  1.10469651e+01  7.35642254e+07 -4.00404112e+02 
 7.94328235e+07  1.19513572e+01  7.94328235e+07 -4.04313479e+02 
 8.57695899e+07  1.28413455e+01  8.57695899e+07 -4.07748966e+02 
 9.26118728e+07  1.37228065e+01  9.26118728e+07 -4.10759302e+02 
 1.00000000e+08  1.46008716e+01  1.00000000e+08 -4.13373938e+02 
 1.07977516e+08  1.54798541e+01  1.07977516e+08 -4.15606847e+02 
 1.16591440e+08  1.63631608e+01  1.16591440e+08 -4.17458779e+02 
 1.25892541e+08  1.72531333e+01  1.25892541e+08 -4.18918580e+02 
 1.35935639e+08  1.81507798e+01  1.35935639e+08 -4.19964138e+02 
 1.46779927e+08  1.90553749e+01  1.46779927e+08 -4.20563486e+02 
 1.58489319e+08  1.99639260e+01  1.58489319e+08 -4.20676722e+02 
 1.71132830e+08  2.08705460e+01  1.71132830e+08 -4.20259549e+02 
 1.84784980e+08  2.17658445e+01  1.84784980e+08 -4.19269273e+02 
 1.99526231e+08  2.26365614e+01  1.99526231e+08 -4.17673885e+02 
 2.15443469e+08  2.34657791e+01  2.15443469e+08 -4.15463990e+02 
 2.32630507e+08  2.42340942e+01  2.32630507e+08 -4.12665713e+02 
 2.51188643e+08  2.49219604e+01  2.51188643e+08 -4.09350497e+02 
 2.71227258e+08  2.55129367e+01  2.71227258e+08 -4.05636414e+02 
 2.92864456e+08  2.59969331e+01  2.92864456e+08 -4.01677183e+02 
 3.16227766e+08  2.63722047e+01  3.16227766e+08 -3.97640206e+02 
 3.41454887e+08  2.66452439e+01  3.41454887e+08 -3.93680884e+02 
 3.68694506e+08  2.68287240e+01  3.68694506e+08 -3.89922447e+02 
 3.98107171e+08  2.69385076e+01  3.98107171e+08 -3.86446925e+02 
 4.29866235e+08  2.69908680e+01  4.29866235e+08 -3.83296862e+02 
 4.64158883e+08  2.70006003e+01  4.64158883e+08 -3.80483528e+02 
 5.01187234e+08  2.69801102e+01  5.01187234e+08 -3.77996946e+02 
 5.41169527e+08  2.69392339e+01  5.41169527e+08 -3.75814717e+02 
 5.84341413e+08  2.68854678e+01  5.84341413e+08 -3.73908520e+02 
 6.30957344e+08  2.68243600e+01  6.30957344e+08 -3.72248330e+02 
 6.81292069e+08  2.67599195e+01  6.81292069e+08 -3.70804877e+02 
 7.35642254e+08  2.66949761e+01  7.35642254e+08 -3.69550930e+02 
 7.94328235e+08  2.66314730e+01  7.94328235e+08 -3.68461858e+02 
 8.57695899e+08  2.65706956e+01  8.57695899e+08 -3.67515783e+02 
 9.26118728e+08  2.65134457e+01  9.26118728e+08 -3.66693505e+02 
 1.00000000e+09  2.64601744e+01  1.00000000e+09 -3.65978317e+02 
