 1.00000000e+00  6.22095879e+01  1.00000000e+00 -1.83887163e-04 
 1.07977516e+00  6.22095879e+01  1.07977516e+00 -1.98556791e-04 
 1.16591440e+00  6.22095879e+01  1.16591440e+00 -2.14396691e-04 
 1.25892541e+00  6.22095879e+01  1.25892541e+00 -2.31500222e-04 
 1.35935639e+00  6.22095879e+01  1.35935639e+00 -2.49968190e-04 
 1.46779927e+00  6.22095879e+01  1.46779927e+00 -2.69909443e-04 
 1.58489319e+00  6.22095879e+01  1.58489319e+00 -2.91441512e-04 
 1.71132830e+00  6.22095879e+01  1.71132830e+00 -3.14691306e-04 
 1.84784980e+00  6.22095879e+01  1.84784980e+00 -3.39795856e-04 
 1.99526231e+00  6.22095879e+01  1.99526231e+00 -3.66903126e-04 
 2.15443469e+00  6.22095879e+01  2.15443469e+00 -3.96172882e-04 
 2.32630507e+00  6.22095879e+01  2.32630507e+00 -4.27777638e-04 
 2.51188643e+00  6.22095879e+01  2.51188643e+00 -4.61903669e-04 
 2.71227258e+00  6.22095879e+01  2.71227258e+00 -4.98752109e-04 
 2.92864456e+00  6.22095879e+01  2.92864456e+00 -5.38540140e-04 
 3.16227766e+00  6.22095879e+01  3.16227766e+00 -5.81502267e-04 
 3.41454887e+00  6.22095879e+01  3.41454887e+00 -6.27891704e-04 
 3.68694506e+00  6.22095879e+01  3.68694506e+00 -6.77981867e-04 
 3.98107171e+00  6.22095879e+01  3.98107171e+00 -7.32067981e-04 
 4.29866235e+00  6.22095879e+01  4.29866235e+00 -7.90468822e-04 
 4.64158883e+00  6.22095879e+01  4.64158883e+00 -8.53528601e-04 
 5.01187234e+00  6.22095879e+01  5.01187234e+00 -9.21618984e-04 
 5.41169527e+00  6.22095879e+01  5.41169527e+00 -9.95141288e-04 
 5.84341413e+00  6.22095879e+01  5.84341413e+00 -1.07452885e-03 
 6.30957344e+00  6.22095879e+01  6.30957344e+00 -1.16024956e-03 
 6.81292069e+00  6.22095879e+01  6.81292069e+00 -1.25280866e-03 
 7.35642254e+00  6.22095879e+01  7.35642254e+00 -1.35275167e-03 
 7.94328235e+00  6.22095879e+01  7.94328235e+00 -1.46066765e-03 
 8.57695899e+00  6.22095879e+01  8.57695899e+00 -1.57719265e-03 
 9.26118728e+00  6.22095879e+01  9.26118728e+00 -1.70301345e-03 
 1.00000000e+01  6.22095879e+01  1.00000000e+01 -1.83887163e-03 
 1.07977516e+01  6.22095879e+01  1.07977516e+01 -1.98556791e-03 
 1.16591440e+01  6.22095879e+01  1.16591440e+01 -2.14396691e-03 
 1.25892541e+01  6.22095879e+01  1.25892541e+01 -2.31500222e-03 
 1.35935639e+01  6.22095879e+01  1.35935639e+01 -2.49968190e-03 
 1.46779927e+01  6.22095879e+01  1.46779927e+01 -2.69909443e-03 
 1.58489319e+01  6.22095879e+01  1.58489319e+01 -2.91441512e-03 
 1.71132830e+01  6.22095879e+01  1.71132830e+01 -3.14691306e-03 
 1.84784980e+01  6.22095879e+01  1.84784980e+01 -3.39795856e-03 
 1.99526231e+01  6.22095879e+01  1.99526231e+01 -3.66903126e-03 
 2.15443469e+01  6.22095879e+01  2.15443469e+01 -3.96172882e-03 
 2.32630507e+01  6.22095879e+01  2.32630507e+01 -4.27777638e-03 
 2.51188643e+01  6.22095879e+01  2.51188643e+01 -4.61903668e-03 
 2.71227258e+01  6.22095879e+01  2.71227258e+01 -4.98752108e-03 
 2.92864456e+01  6.22095879e+01  2.92864456e+01 -5.38540138e-03 
 3.16227766e+01  6.22095879e+01  3.16227766e+01 -5.81502265e-03 
 3.41454887e+01  6.22095879e+01  3.41454887e+01 -6.27891702e-03 
 3.68694506e+01  6.22095879e+01  3.68694506e+01 -6.77981865e-03 
 3.98107171e+01  6.22095879e+01  3.98107171e+01 -7.32067978e-03 
 4.29866235e+01  6.22095879e+01  4.29866235e+01 -7.90468819e-03 
 4.64158883e+01  6.22095879e+01  4.64158883e+01 -8.53528596e-03 
 5.01187234e+01  6.22095879e+01  5.01187234e+01 -9.21618978e-03 
 5.41169527e+01  6.22095878e+01  5.41169527e+01 -9.95141280e-03 
 5.84341413e+01  6.22095878e+01  5.84341413e+01 -1.07452884e-02 
 6.30957344e+01  6.22095878e+01  6.30957344e+01 -1.16024955e-02 
 6.81292069e+01  6.22095878e+01  6.81292069e+01 -1.25280864e-02 
 7.35642254e+01  6.22095877e+01  7.35642254e+01 -1.35275165e-02 
 7.94328235e+01  6.22095877e+01  7.94328235e+01 -1.46066763e-02 
 8.57695899e+01  6.22095877e+01  8.57695899e+01 -1.57719262e-02 
 9.26118728e+01  6.22095876e+01  9.26118728e+01 -1.70301341e-02 
 1.00000000e+02  6.22095876e+01  1.00000000e+02 -1.83887158e-02 
 1.07977516e+02  6.22095875e+01  1.07977516e+02 -1.98556785e-02 
 1.16591440e+02  6.22095874e+01  1.16591440e+02 -2.14396683e-02 
 1.25892541e+02  6.22095873e+01  1.25892541e+02 -2.31500212e-02 
 1.35935639e+02  6.22095873e+01  1.35935639e+02 -2.49968178e-02 
 1.46779927e+02  6.22095871e+01  1.46779927e+02 -2.69909427e-02 
 1.58489319e+02  6.22095870e+01  1.58489319e+02 -2.91441493e-02 
 1.71132830e+02  6.22095868e+01  1.71132830e+02 -3.14691282e-02 
 1.84784980e+02  6.22095867e+01  1.84784980e+02 -3.39795826e-02 
 1.99526231e+02  6.22095864e+01  1.99526231e+02 -3.66903088e-02 
 2.15443469e+02  6.22095862e+01  2.15443469e+02 -3.96172834e-02 
 2.32630507e+02  6.22095859e+01  2.32630507e+02 -4.27777578e-02 
 2.51188643e+02  6.22095856e+01  2.51188643e+02 -4.61903592e-02 
 2.71227258e+02  6.22095852e+01  2.71227258e+02 -4.98752013e-02 
 2.92864456e+02  6.22095847e+01  2.92864456e+02 -5.38540018e-02 
 3.16227766e+02  6.22095842e+01  3.16227766e+02 -5.81502114e-02 
 3.41454887e+02  6.22095836e+01  3.41454887e+02 -6.27891512e-02 
 3.68694506e+02  6.22095828e+01  3.68694506e+02 -6.77981625e-02 
 3.98107171e+02  6.22095820e+01  3.98107171e+02 -7.32067676e-02 
 4.29866235e+02  6.22095810e+01  4.29866235e+02 -7.90468439e-02 
 4.64158883e+02  6.22095798e+01  4.64158883e+02 -8.53528118e-02 
 5.01187234e+02  6.22095785e+01  5.01187234e+02 -9.21618376e-02 
 5.41169527e+02  6.22095769e+01  5.41169527e+02 -9.95140522e-02 
 5.84341413e+02  6.22095751e+01  5.84341413e+02 -1.07452788e-01 
 6.30957344e+02  6.22095730e+01  6.30957344e+02 -1.16024835e-01 
 6.81292069e+02  6.22095705e+01  6.81292069e+02 -1.25280713e-01 
 7.35642254e+02  6.22095676e+01  7.35642254e+02 -1.35274975e-01 
 7.94328235e+02  6.22095642e+01  7.94328235e+02 -1.46066523e-01 
 8.57695899e+02  6.22095603e+01  8.57695899e+02 -1.57718961e-01 
 9.26118728e+02  6.22095556e+01  9.26118728e+02 -1.70300961e-01 
 1.00000000e+03  6.22095503e+01  1.00000000e+03 -1.83886679e-01 
 1.07977516e+03  6.22095440e+01  1.07977516e+03 -1.98556182e-01 
 1.16591440e+03  6.22095368e+01  1.16591440e+03 -2.14395925e-01 
 1.25892541e+03  6.22095283e+01  1.25892541e+03 -2.31499258e-01 
 1.35935639e+03  6.22095184e+01  1.35935639e+03 -2.49966976e-01 
 1.46779927e+03  6.22095069e+01  1.46779927e+03 -2.69907915e-01 
 1.58489319e+03  6.22094934e+01  1.58489319e+03 -2.91439589e-01 
 1.71132830e+03  6.22094777e+01  1.71132830e+03 -3.14688885e-01 
 1.84784980e+03  6.22094594e+01  1.84784980e+03 -3.39792808e-01 
 1.99526231e+03  6.22094381e+01  1.99526231e+03 -3.66899288e-01 
 2.15443469e+03  6.22094132e+01  2.15443469e+03 -3.96168050e-01 
 2.32630507e+03  6.22093843e+01  2.32630507e+03 -4.27771556e-01 
 2.51188643e+03  6.22093505e+01  2.51188643e+03 -4.61896013e-01 
 2.71227258e+03  6.22093110e+01  2.71227258e+03 -4.98742468e-01 
 2.92864456e+03  6.22092651e+01  2.92864456e+03 -5.38528003e-01 
 3.16227766e+03  6.22092115e+01  3.16227766e+03 -5.81486987e-01 
 3.41454887e+03  6.22091491e+01  3.41454887e+03 -6.27872469e-01 
 3.68694506e+03  6.22090763e+01  3.68694506e+03 -6.77957652e-01 
 3.98107171e+03  6.22089914e+01  3.98107171e+03 -7.32037493e-01 
 4.29866235e+03  6.22088924e+01  4.29866235e+03 -7.90430445e-01 
 4.64158883e+03  6.22087770e+01  4.64158883e+03 -8.53480286e-01 
 5.01187234e+03  6.22086425e+01  5.01187234e+03 -9.21558160e-01 
 5.41169527e+03  6.22084857e+01  5.41169527e+03 -9.95064719e-01 
 5.84341413e+03  6.22083028e+01  5.84341413e+03 -1.07443245e+00 
 6.30957344e+03  6.22080897e+01  6.30957344e+03 -1.16012821e+00 
 6.81292069e+03  6.22078411e+01  6.81292069e+03 -1.25265589e+00 
 7.35642254e+03  6.22075513e+01  7.35642254e+03 -1.35255935e+00 
 7.94328235e+03  6.22072135e+01  7.94328235e+03 -1.46042555e+00 
 8.57695899e+03  6.22068197e+01  8.57695899e+03 -1.57688788e+00 
 9.26118728e+03  6.22063606e+01  9.26118728e+03 -1.70262980e+00 
 1.00000000e+04  6.22058253e+01  1.00000000e+04 -1.83838867e+00 
 1.07977516e+04  6.22052014e+01  1.07977516e+04 -1.98495995e+00 
 1.16591440e+04  6.22044740e+01  1.16591440e+04 -2.14320160e+00 
 1.25892541e+04  6.22036261e+01  1.25892541e+04 -2.31403888e+00 
 1.35935639e+04  6.22026377e+01  1.35935639e+04 -2.49846928e+00 
 1.46779927e+04  6.22014856e+01  1.46779927e+04 -2.69756807e+00 
 1.58489319e+04  6.22001428e+01  1.58489319e+04 -2.91249392e+00 
 1.71132830e+04  6.21985776e+01  1.71132830e+04 -3.14449490e+00 
 1.84784980e+04  6.21967535e+01  1.84784980e+04 -3.39491505e+00 
 1.99526231e+04  6.21946277e+01  1.99526231e+04 -3.66520082e+00 
 2.15443469e+04  6.21921505e+01  2.15443469e+04 -3.95690823e+00 
 2.32630507e+04  6.21892640e+01  2.32630507e+04 -4.27171002e+00 
 2.51188643e+04  6.21859011e+01  2.51188643e+04 -4.61140312e+00 
 2.71227258e+04  6.21819835e+01  2.71227258e+04 -4.97791620e+00 
 2.92864456e+04  6.21774202e+01  2.92864456e+04 -5.37331712e+00 
 3.16227766e+04  6.21721057e+01  3.16227766e+04 -5.79982051e+00 
 3.41454887e+04  6.21659177e+01  3.41454887e+04 -6.25979499e+00 
 3.68694506e+04  6.21587140e+01  3.68694506e+04 -6.75576925e+00 
 3.98107171e+04  6.21503299e+01  3.98107171e+04 -7.29043827e+00 
 4.29866235e+04  6.21405750e+01  4.29866235e+04 -7.86666747e+00 
 4.64158883e+04  6.21292288e+01  4.64158883e+04 -8.48749542e+00 
 5.01187234e+04  6.21160370e+01  5.01187234e+04 -9.15613427e+00 
 5.41169527e+04  6.21007063e+01  5.41169527e+04 -9.87596690e+00 
 5.84341413e+04  6.20828993e+01  5.84341413e+04 -1.06505406e+01 
 6.30957344e+04  6.20622285e+01  6.30957344e+04 -1.14835547e+01 
 6.81292069e+04  6.20382501e+01  6.81292069e+04 -1.23788439e+01 
 7.35642254e+04  6.20104575e+01  7.35642254e+04 -1.33403518e+01 
 7.94328235e+04  6.19782740e+01  7.94328235e+04 -1.43720969e+01 
 8.57695899e+04  6.19410457e+01  8.57695899e+04 -1.54781277e+01 
 9.26118728e+04  6.18980349e+01  9.26118728e+04 -1.66624648e+01 
 1.00000000e+05  6.18484132e+01  1.00000000e+05 -1.79290293e+01 
 1.07977516e+05  6.17912565e+01  1.07977516e+05 -1.92815563e+01 
 1.16591440e+05  6.17255407e+01  1.16591440e+05 -2.07234916e+01 
 1.25892541e+05  6.16501406e+01  1.25892541e+05 -2.22578732e+01 
 1.35935639e+05  6.15638306e+01  1.35935639e+05 -2.38871958e+01 
 1.46779927e+05  6.14652913e+01  1.46779927e+05 -2.56132661e+01 
 1.58489319e+05  6.13531189e+01  1.58489319e+05 -2.74370476e+01 
 1.71132830e+05  6.12258420e+01  1.71132830e+05 -2.93585069e+01 
 1.84784980e+05  6.10819443e+01  1.84784980e+05 -3.13764684e+01 
 1.99526231e+05  6.09198932e+01  1.99526231e+05 -3.34884898e+01 
 2.15443469e+05  6.07381756e+01  2.15443469e+05 -3.56907724e+01 
 2.32630507e+05  6.05353392e+01  2.32630507e+05 -3.79781203e+01 
 2.51188643e+05  6.03100362e+01  2.51188643e+05 -4.03439599e+01 
 2.71227258e+05  6.00610697e+01  2.71227258e+05 -4.27804327e+01 
 2.92864456e+05  5.97874369e+01  2.92864456e+05 -4.52785627e+01 
 3.16227766e+05  5.94883682e+01  3.16227766e+05 -4.78285011e+01 
 3.41454887e+05  5.91633561e+01  3.41454887e+05 -5.04198338e+01 
 3.68694506e+05  5.88121737e+01  3.68694506e+05 -5.30419378e+01 
 3.98107171e+05  5.84348793e+01  3.98107171e+05 -5.56843632e+01 
 4.29866235e+05  5.80318068e+01  4.29866235e+05 -5.83372146e+01 
 4.64158883e+05  5.76035428e+01  4.64158883e+05 -6.09915046e+01 
 5.01187234e+05  5.71508920e+01  5.01187234e+05 -6.36394573e+01 
 5.41169527e+05  5.66748341e+01  5.41169527e+05 -6.62747469e+01 
 5.84341413e+05  5.61764748e+01  5.84341413e+05 -6.88926579e+01 
 6.30957344e+05  5.56569952e+01  6.30957344e+05 -7.14901695e+01 
 6.81292069e+05  5.51176021e+01  6.81292069e+05 -7.40659646e+01 
 7.35642254e+05  5.45594816e+01  7.35642254e+05 -7.66203761e+01 
 7.94328235e+05  5.39837573e+01  7.94328235e+05 -7.91552822e+01 
 8.57695899e+05  5.33914553e+01  8.57695899e+05 -8.16739608e+01 
 9.26118728e+05  5.27834747e+01  9.26118728e+05 -8.41809189e+01 
 1.00000000e+06  5.21605644e+01  1.00000000e+06 -8.66817063e+01 
 1.07977516e+06  5.15233059e+01  1.07977516e+06 -8.91827193e+01 
 1.16591440e+06  5.08721000e+01  1.16591440e+06 -9.16910019e+01 
 1.25892541e+06  5.02071589e+01  1.25892541e+06 -9.42140465e+01 
 1.35935639e+06  4.95285014e+01  1.35935639e+06 -9.67595972e+01 
 1.46779927e+06  4.88359524e+01  1.46779927e+06 -9.93354507e+01 
 1.58489319e+06  4.81291450e+01  1.58489319e+06 -1.01949262e+02 
 1.71132830e+06  4.74075272e+01  1.71132830e+06 -1.04608348e+02 
 1.84784980e+06  4.66703719e+01  1.84784980e+06 -1.07319492e+02 
 1.99526231e+06  4.59167925e+01  1.99526231e+06 -1.10088753e+02 
 2.15443469e+06  4.51457628e+01  2.15443469e+06 -1.12921286e+02 
 2.32630507e+06  4.43561431e+01  2.32630507e+06 -1.15821170e+02 
 2.51188643e+06  4.35467129e+01  2.51188643e+06 -1.18791269e+02 
 2.71227258e+06  4.27162086e+01  2.71227258e+06 -1.21833124e+02 
 2.92864456e+06  4.18633667e+01  2.92864456e+06 -1.24946899e+02 
 3.16227766e+06  4.09869713e+01  3.16227766e+06 -1.28131388e+02 
 3.41454887e+06  4.00859024e+01  3.41454887e+06 -1.31384092e+02 
 3.68694506e+06  3.91591828e+01  3.68694506e+06 -1.34701387e+02 
 3.98107171e+06  3.82060207e+01  3.98107171e+06 -1.38078763e+02 
 4.29866235e+06  3.72258435e+01  4.29866235e+06 -1.41511148e+02 
 4.64158883e+06  3.62183202e+01  4.64158883e+06 -1.44993288e+02 
 5.01187234e+06  3.51833701e+01  5.01187234e+06 -1.48520173e+02 
 5.41169527e+06  3.41211556e+01  5.41169527e+06 -1.52087492e+02 
 5.84341413e+06  3.30320600e+01  5.84341413e+06 -1.55692068e+02 
 6.30957344e+06  3.19166509e+01  6.30957344e+06 -1.59332288e+02 
 6.81292069e+06  3.07756308e+01  6.81292069e+06 -1.63008487e+02 
 7.35642254e+06  2.96097790e+01  7.35642254e+06 -1.66723293e+02 
 7.94328235e+06  2.84198854e+01  7.94328235e+06 -1.70481950e+02 
 8.57695899e+06  2.72066809e+01  8.57695899e+06 -1.74292617e+02 
 9.26118728e+06  2.59707639e+01  9.26118728e+06 -1.78166700e+02 
 1.00000000e+07  2.47125264e+01  1.00000000e+07 -1.82119251e+02 
 1.07977516e+07  2.34320778e+01  1.07977516e+07 -1.86169507e+02 
 1.16591440e+07  2.21291707e+01  1.16591440e+07 -1.90341668e+02 
 1.25892541e+07  2.08031272e+01  1.25892541e+07 -1.94666032e+02 
 1.35935639e+07  1.94527769e+01  1.35935639e+07 -1.99180686e+02 
 1.46779927e+07  1.80764203e+01  1.46779927e+07 -2.03934025e+02 
 1.58489319e+07  1.66718560e+01  1.58489319e+07 -2.08988489e+02 
 1.71132830e+07  1.52365507e+01  1.71132830e+07 -2.14426110e+02 
 1.84784980e+07  1.37681149e+01  1.84784980e+07 -2.20356622e+02 
 1.99526231e+07  1.22654209e+01  1.99526231e+07 -2.26929047e+02 
 2.15443469e+07  1.07310359e+01  2.15443469e+07 -2.34347127e+02 
 2.32630507e+07  9.17623784e+00  2.32630507e+07 -2.42886354e+02 
 2.51188643e+07  7.63067349e+00  2.51188643e+07 -2.52901294e+02 
 2.71227258e+07  6.15852730e+00  2.71227258e+07 -2.64788001e+02 
 2.92864456e+07  4.87718620e+00  2.92864456e+07 -2.78825767e+02 
 3.16227766e+07  3.95465532e+00  3.16227766e+07 -2.94832455e+02 
 3.41454887e+07  3.54421537e+00  3.41454887e+07 -3.11826965e+02 
 3.68694506e+07  3.67561386e+00  3.68694506e+07 -3.28265831e+02 
 3.98107171e+07  4.22991596e+00  3.98107171e+07 -3.42894929e+02 
 4.29866235e+07  5.03440702e+00  4.29866235e+07 -3.55267122e+02 
 4.64158883e+07  5.95248526e+00  4.64158883e+07 -3.65541794e+02 
 5.01187234e+07  6.90444044e+00  5.01187234e+07 -3.74096299e+02 
 5.41169527e+07  7.85218923e+00  5.41169527e+07 -3.81302830e+02 
 5.84341413e+07  8.78110796e+00  5.84341413e+07 -3.87458422e+02 
 6.30957344e+07  9.68817830e+00  6.30957344e+07 -3.92782032e+02 
 6.81292069e+07  1.05755985e+01  6.81292069e+07 -3.97430038e+02 
 7.35642254e+07  1.14476194e+01  7.35642254e+07 -4.01512507e+02 
 7.94328235e+07  1.23090524e+01  7.94328235e+07 -4.05105841e+02 
 8.57695899e+07  1.31645891e+01  8.57695899e+07 -4.08261618e+02 
 9.26118728e+07  1.40184936e+01  9.26118728e+07 -4.11012448e+02 
 1.00000000e+08  1.48744431e+01  1.00000000e+08 -4.13375713e+02 
 1.07977516e+08  1.57353973e+01  1.07977516e+08 -4.15355855e+02 
 1.16591440e+08  1.66034303e+01  1.16591440e+08 -4.16945760e+02 
 1.25892541e+08  1.74794812e+01  1.25892541e+08 -4.18127696e+02 
 1.35935639e+08  1.83629945e+01  1.35935639e+08 -4.18874281e+02 
 1.46779927e+08  1.92514390e+01  1.46779927e+08 -4.19150056e+02 
 1.58489319e+08  2.01397278e+01  1.58489319e+08 -4.18914329e+02 
 1.71132830e+08  2.10196178e+01  1.71132830e+08 -4.18126120e+02 
 1.84784980e+08  2.18792617e+01  1.84784980e+08 -4.16751873e+02 
 1.99526231e+08  2.27031994e+01  1.99526231e+08 -4.14776086e+02 
 2.15443469e+08  2.34731515e+01  2.15443469e+08 -4.12213663e+02 
 2.32630507e+08  2.41699033e+01  2.32630507e+08 -4.09120809e+02 
 2.51188643e+08  2.47762112e+01  2.51188643e+08 -4.05599511e+02 
 2.71227258e+08  2.52800662e+01  2.71227258e+08 -4.01791014e+02 
 2.92864456e+08  2.56771581e+01  2.92864456e+08 -3.97857550e+02 
 3.16227766e+08  2.59714926e+01  3.16227766e+08 -3.93957542e+02 
 3.41454887e+08  2.61739432e+01  3.41454887e+08 -3.90223221e+02 
 3.68694506e+08  2.62994907e+01  3.68694506e+08 -3.86747853e+02 
 3.98107171e+08  2.63643127e+01  3.98107171e+08 -3.83584240e+02 
 4.29866235e+08  2.63835876e+01  4.29866235e+08 -3.80751283e+02 
 4.64158883e+08  2.63702905e+01  4.64158883e+08 -3.78243794e+02 
 5.01187234e+08  2.63348189e+01  5.01187234e+08 -3.76041920e+02 
 5.41169527e+08  2.62851337e+01  5.41169527e+08 -3.74118424e+02 
 5.84341413e+08  2.62271317e+01  5.84341413e+08 -3.72443567e+02 
 6.30957344e+08  2.61650704e+01  6.30957344e+08 -3.70988009e+02 
 6.81292069e+08  2.61019542e+01  6.81292069e+08 -3.69724332e+02 
 7.35642254e+08  2.60398512e+01  7.35642254e+08 -3.68627713e+02 
 7.94328235e+08  2.59801389e+01  7.94328235e+08 -3.67676110e+02 
 8.57695899e+08  2.59236907e+01  8.57695899e+08 -3.66850189e+02 
 9.26118728e+08  2.58710146e+01  9.26118728e+08 -3.66133139e+02 
 1.00000000e+09  2.58223570e+01  1.00000000e+09 -3.65510422e+02 
