 1.00000000e+00  8.76227214e+01  1.00000000e+00 -3.19224868e-03 
 1.07977516e+00  8.76227214e+01  1.07977516e+00 -3.44691084e-03 
 1.16591440e+00  8.76227213e+01  1.16591440e+00 -3.72188871e-03 
 1.25892541e+00  8.76227213e+01  1.25892541e+00 -4.01880298e-03 
 1.35935639e+00  8.76227213e+01  1.35935639e+00 -4.33940364e-03 
 1.46779927e+00  8.76227213e+01  1.46779927e+00 -4.68558027e-03 
 1.58489319e+00  8.76227213e+01  1.58489319e+00 -5.05937320e-03 
 1.71132830e+00  8.76227213e+01  1.71132830e+00 -5.46298551e-03 
 1.84784980e+00  8.76227213e+01  1.84784980e+00 -5.89879606e-03 
 1.99526231e+00  8.76227213e+01  1.99526231e+00 -6.36937347e-03 
 2.15443469e+00  8.76227213e+01  2.15443469e+00 -6.87749127e-03 
 2.32630507e+00  8.76227213e+01  2.32630507e+00 -7.42614425e-03 
 2.51188643e+00  8.76227213e+01  2.51188643e+00 -8.01856611e-03 
 2.71227258e+00  8.76227213e+01  2.71227258e+00 -8.65824851e-03 
 2.92864456e+00  8.76227213e+01  2.92864456e+00 -9.34896168e-03 
 3.16227766e+00  8.76227212e+01  3.16227766e+00 -1.00947766e-02 
 3.41454887e+00  8.76227212e+01  3.41454887e+00 -1.09000890e-02 
 3.68694506e+00  8.76227212e+01  3.68694506e+00 -1.17696454e-02 
 3.98107171e+00  8.76227212e+01  3.98107171e+00 -1.27085707e-02 
 4.29866235e+00  8.76227211e+01  4.29866235e+00 -1.37223990e-02 
 4.64158883e+00  8.76227211e+01  4.64158883e+00 -1.48171055e-02 
 5.01187234e+00  8.76227210e+01  5.01187234e+00 -1.59991425e-02 
 5.41169527e+00  8.76227210e+01  5.41169527e+00 -1.72754766e-02 
 5.84341413e+00  8.76227209e+01  5.84341413e+00 -1.86536304e-02 
 6.30957344e+00  8.76227208e+01  6.30957344e+00 -2.01417267e-02 
 6.81292069e+00  8.76227207e+01  6.81292069e+00 -2.17485361e-02 
 7.35642254e+00  8.76227206e+01  7.35642254e+00 -2.34835289e-02 
 7.94328235e+00  8.76227205e+01  7.94328235e+00 -2.53569310e-02 
 8.57695899e+00  8.76227204e+01  8.57695899e+00 -2.73797840e-02 
 9.26118728e+00  8.76227202e+01  9.26118728e+00 -2.95640103e-02 
 1.00000000e+01  8.76227200e+01  1.00000000e+01 -3.19224836e-02 
 1.07977516e+01  8.76227198e+01  1.07977516e+01 -3.44691043e-02 
 1.16591440e+01  8.76227196e+01  1.16591440e+01 -3.72188820e-02 
 1.25892541e+01  8.76227193e+01  1.25892541e+01 -4.01880234e-02 
 1.35935639e+01  8.76227189e+01  1.35935639e+01 -4.33940283e-02 
 1.46779927e+01  8.76227185e+01  1.46779927e+01 -4.68557925e-02 
 1.58489319e+01  8.76227180e+01  1.58489319e+01 -5.05937191e-02 
 1.71132830e+01  8.76227175e+01  1.71132830e+01 -5.46298390e-02 
 1.84784980e+01  8.76227168e+01  1.84784980e+01 -5.89879403e-02 
 1.99526231e+01  8.76227161e+01  1.99526231e+01 -6.36937091e-02 
 2.15443469e+01  8.76227152e+01  2.15443469e+01 -6.87748805e-02 
 2.32630507e+01  8.76227141e+01  2.32630507e+01 -7.42614019e-02 
 2.51188643e+01  8.76227129e+01  2.51188643e+01 -8.01856100e-02 
 2.71227258e+01  8.76227115e+01  2.71227258e+01 -8.65824208e-02 
 2.92864456e+01  8.76227099e+01  2.92864456e+01 -9.34895358e-02 
 3.16227766e+01  8.76227080e+01  3.16227766e+01 -1.00947664e-01 
 3.41454887e+01  8.76227058e+01  3.41454887e+01 -1.09000762e-01 
 3.68694506e+01  8.76227032e+01  3.68694506e+01 -1.17696292e-01 
 3.98107171e+01  8.76227002e+01  3.98107171e+01 -1.27085504e-01 
 4.29866235e+01  8.76226967e+01  4.29866235e+01 -1.37223734e-01 
 4.64158883e+01  8.76226926e+01  4.64158883e+01 -1.48170733e-01 
 5.01187234e+01  8.76226878e+01  5.01187234e+01 -1.59991019e-01 
 5.41169527e+01  8.76226823e+01  5.41169527e+01 -1.72754255e-01 
 5.84341413e+01  8.76226758e+01  5.84341413e+01 -1.86535661e-01 
 6.30957344e+01  8.76226682e+01  6.30957344e+01 -2.01416458e-01 
 6.81292069e+01  8.76226594e+01  6.81292069e+01 -2.17484342e-01 
 7.35642254e+01  8.76226491e+01  7.35642254e+01 -2.34834006e-01 
 7.94328235e+01  8.76226371e+01  7.94328235e+01 -2.53567695e-01 
 8.57695899e+01  8.76226231e+01  8.57695899e+01 -2.73795806e-01 
 9.26118728e+01  8.76226069e+01  9.26118728e+01 -2.95637543e-01 
 1.00000000e+02  8.76225879e+01  1.00000000e+02 -3.19221613e-01 
 1.07977516e+02  8.76225657e+01  1.07977516e+02 -3.44686986e-01 
 1.16591440e+02  8.76225398e+01  1.16591440e+02 -3.72183708e-01 
 1.25892541e+02  8.76225097e+01  1.25892541e+02 -4.01873799e-01 
 1.35935639e+02  8.76224746e+01  1.35935639e+02 -4.33932183e-01 
 1.46779927e+02  8.76224336e+01  1.46779927e+02 -4.68547728e-01 
 1.58489319e+02  8.76223859e+01  1.58489319e+02 -5.05924355e-01 
 1.71132830e+02  8.76223303e+01  1.71132830e+02 -5.46282231e-01 
 1.84784980e+02  8.76222654e+01  1.84784980e+02 -5.89859062e-01 
 1.99526231e+02  8.76221897e+01  1.99526231e+02 -6.36911478e-01 
 2.15443469e+02  8.76221015e+01  2.15443469e+02 -6.87716563e-01 
 2.32630507e+02  8.76219987e+01  2.32630507e+02 -7.42573432e-01 
 2.51188643e+02  8.76218787e+01  2.51188643e+02 -8.01804998e-01 
 2.71227258e+02  8.76217390e+01  2.71227258e+02 -8.65759881e-01 
 2.92864456e+02  8.76215761e+01  2.92864456e+02 -9.34814383e-01 
 3.16227766e+02  8.76213860e+01  3.16227766e+02 -1.00937470e+00 
 3.41454887e+02  8.76211645e+01  3.41454887e+02 -1.08987928e+00 
 3.68694506e+02  8.76209062e+01  3.68694506e+02 -1.17680135e+00 
 3.98107171e+02  8.76206052e+01  3.98107171e+02 -1.27065166e+00 
 4.29866235e+02  8.76202542e+01  4.29866235e+02 -1.37198131e+00 
 4.64158883e+02  8.76198449e+01  4.64158883e+02 -1.48138501e+00 
 5.01187234e+02  8.76193679e+01  5.01187234e+02 -1.59950445e+00 
 5.41169527e+02  8.76188117e+01  5.41169527e+02 -1.72703179e+00 
 5.84341413e+02  8.76181634e+01  5.84341413e+02 -1.86471366e+00 
 6.30957344e+02  8.76174076e+01  6.30957344e+02 -2.01335524e+00 
 6.81292069e+02  8.76165266e+01  6.81292069e+02 -2.17382464e+00 
 7.35642254e+02  8.76154997e+01  7.35642254e+02 -2.34705769e+00 
 7.94328235e+02  8.76143026e+01  7.94328235e+02 -2.53406279e+00 
 8.57695899e+02  8.76129074e+01  8.57695899e+02 -2.73592637e+00 
 9.26118728e+02  8.76112807e+01  9.26118728e+02 -2.95381805e+00 
 1.00000000e+03  8.76093858e+01  1.00000000e+03 -3.18899757e+00 
 1.07977516e+03  8.76071772e+01  1.07977516e+03 -3.44281920e+00 
 1.16591440e+03  8.76046037e+01  1.16591440e+03 -3.71673949e+00 
 1.25892541e+03  8.76016051e+01  1.25892541e+03 -4.01232323e+00 
 1.35935639e+03  8.75981115e+01  1.35935639e+03 -4.33125007e+00 
 1.46779927e+03  8.75940423e+01  1.46779927e+03 -4.67532159e+00 
 1.58489319e+03  8.75893019e+01  1.58489319e+03 -5.04646647e+00 
 1.71132830e+03  8.75837821e+01  1.71132830e+03 -5.44674941e+00 
 1.84784980e+03  8.75773550e+01  1.84784980e+03 -5.87837415e+00 
 1.99526231e+03  8.75698740e+01  1.99526231e+03 -6.34369062e+00 
 2.15443469e+03  8.75611673e+01  2.15443469e+03 -6.84519712e+00 
 2.32630507e+03  8.75510386e+01  2.32630507e+03 -7.38554544e+00 
 2.51188643e+03  8.75392596e+01  2.51188643e+03 -7.96753911e+00 
 2.71227258e+03  8.75255649e+01  2.71227258e+03 -8.59413024e+00 
 2.92864456e+03  8.75096538e+01  2.92864456e+03 -9.26841992e+00 
 3.16227766e+03  8.74911752e+01  3.16227766e+03 -9.99363975e+00 
 3.41454887e+03  8.74697303e+01  3.41454887e+03 -1.07731443e+01 
 3.68694506e+03  8.74448602e+01  3.68694506e+03 -1.16103834e+01 
 3.98107171e+03  8.74160417e+01  3.98107171e+03 -1.25088735e+01 
 4.29866235e+03  8.73826828e+01  4.29866235e+03 -1.34721622e+01 
 4.64158883e+03  8.73441090e+01  4.64158883e+03 -1.45037669e+01 
 5.01187234e+03  8.72995643e+01  5.01187234e+03 -1.56071219e+01 
 5.41169527e+03  8.72481988e+01  5.41169527e+03 -1.67854892e+01 
 5.84341413e+03  8.71890687e+01  5.84341413e+03 -1.80418718e+01 
 6.30957344e+03  8.71211288e+01  6.30957344e+03 -1.93788947e+01 
 6.81292069e+03  8.70432360e+01  6.81292069e+03 -2.07986841e+01 
 7.35642254e+03  8.69541489e+01  7.35642254e+03 -2.23027200e+01 
 7.94328235e+03  8.68525367e+01  7.94328235e+03 -2.38916842e+01 
 8.57695899e+03  8.67369924e+01  8.57695899e+03 -2.55653048e+01 
 9.26118728e+03  8.66060474e+01  9.26118728e+03 -2.73221867e+01 
 1.00000000e+04  8.64582004e+01  1.00000000e+04 -2.91596764e+01 
 1.07977516e+04  8.62919477e+01  1.07977516e+04 -3.10737378e+01 
 1.16591440e+04  8.61058197e+01  1.16591440e+04 -3.30588618e+01 
 1.25892541e+04  8.58984274e+01  1.25892541e+04 -3.51080518e+01 
 1.35935639e+04  8.56685022e+01  1.35935639e+04 -3.72128287e+01 
 1.46779927e+04  8.54149490e+01  1.46779927e+04 -3.93633677e+01 
 1.58489319e+04  8.51368859e+01  1.58489319e+04 -4.15486619e+01 
 1.71132830e+04  8.48336823e+01  1.71132830e+04 -4.37567827e+01 
 1.84784980e+04  8.45049871e+01  1.84784980e+04 -4.59751929e+01 
 1.99526231e+04  8.41507464e+01  1.99526231e+04 -4.81911174e+01 
 2.15443469e+04  8.37712045e+01  2.15443469e+04 -5.03919118e+01 
 2.32630507e+04  8.33668912e+01  2.32630507e+04 -5.25654174e+01 
 2.51188643e+04  8.29385999e+01  2.51188643e+04 -5.47003082e+01 
 2.71227258e+04  8.24873542e+01  2.71227258e+04 -5.67863827e+01 
 2.92864456e+04  8.20143627e+01  2.92864456e+04 -5.88147450e+01 
 3.16227766e+04  8.15209758e+01  3.16227766e+04 -6.07779649e+01 
 3.41454887e+04  8.10086390e+01  3.41454887e+04 -6.26701296e+01 
 3.68694506e+04  8.04788465e+01  3.68694506e+04 -6.44868232e+01 
 3.98107171e+04  7.99331044e+01  3.98107171e+04 -6.62250832e+01 
 4.29866235e+04  7.93728943e+01  4.29866235e+04 -6.78832751e+01 
 4.64158883e+04  7.87996470e+01  4.64158883e+04 -6.94609585e+01 
 5.01187234e+04  7.82147221e+01  5.01187234e+04 -7.09587448e+01 
 5.41169527e+04  7.76193919e+01  5.41169527e+04 -7.23781144e+01 
 5.84341413e+04  7.70148347e+01  5.84341413e+04 -7.37212921e+01 
 6.30957344e+04  7.64021281e+01  6.30957344e+04 -7.49910703e+01 
 6.81292069e+04  7.57822506e+01  6.81292069e+04 -7.61907071e+01 
 7.35642254e+04  7.51560821e+01  7.35642254e+04 -7.73237888e+01 
 7.94328235e+04  7.45244089e+01  7.94328235e+04 -7.83941403e+01 
 8.57695899e+04  7.38879294e+01  8.57695899e+04 -7.94057479e+01 
 9.26118728e+04  7.32472604e+01  9.26118728e+04 -8.03626797e+01 
 1.00000000e+05  7.26029439e+01  1.00000000e+05 -8.12690456e+01 
 1.07977516e+05  7.19554539e+01  1.07977516e+05 -8.21289487e+01 
 1.16591440e+05  7.13052031e+01  1.16591440e+05 -8.29464576e+01 
 1.25892541e+05  7.06525495e+01  1.25892541e+05 -8.37255857e+01 
 1.35935639e+05  6.99978017e+01  1.35935639e+05 -8.44702783e+01 
 1.46779927e+05  6.93412249e+01  1.46779927e+05 -8.51844028e+01 
 1.58489319e+05  6.86830451e+01  1.58489319e+05 -8.58717494e+01 
 1.71132830e+05  6.80234538e+01  1.71132830e+05 -8.65360316e+01 
 1.84784980e+05  6.73626114e+01  1.84784980e+05 -8.71808915e+01 
 1.99526231e+05  6.67006508e+01  1.99526231e+05 -8.78099070e+01 
 2.15443469e+05  6.60376794e+01  2.15443469e+05 -8.84266028e+01 
 2.32630507e+05  6.53737820e+01  2.32630507e+05 -8.90344625e+01 
 2.51188643e+05  6.47090223e+01  2.51188643e+05 -8.96369380e+01 
 2.71227258e+05  6.40434441e+01  2.71227258e+05 -9.02374684e+01 
 2.92864456e+05  6.33770726e+01  2.92864456e+05 -9.08394882e+01 
 3.16227766e+05  6.27099146e+01  3.16227766e+05 -9.14464480e+01 
 3.41454887e+05  6.20419586e+01  3.41454887e+05 -9.20618259e+01 
 3.68694506e+05  6.13731750e+01  3.68694506e+05 -9.26891443e+01 
 3.98107171e+05  6.07035150e+01  3.98107171e+05 -9.33319849e+01 
 4.29866235e+05  6.00329097e+01  4.29866235e+05 -9.39940042e+01 
 4.64158883e+05  5.93612688e+01  4.64158883e+05 -9.46789467e+01 
 5.01187234e+05  5.86884787e+01  5.01187234e+05 -9.53906619e+01 
 5.41169527e+05  5.80143997e+01  5.41169527e+05 -9.61331140e+01 
 5.84341413e+05  5.73388638e+01  5.84341413e+05 -9.69103967e+01 
 6.30957344e+05  5.66616710e+01  6.30957344e+05 -9.77267409e+01 
 6.81292069e+05  5.59825855e+01  6.81292069e+05 -9.85865238e+01 
 7.35642254e+05  5.53013313e+01  7.35642254e+05 -9.94942733e+01 
 7.94328235e+05  5.46175873e+01  7.94328235e+05 -1.00454668e+02 
 8.57695899e+05  5.39309815e+01  8.57695899e+05 -1.01472535e+02 
 9.26118728e+05  5.32410852e+01  9.26118728e+05 -1.02552838e+02 
 1.00000000e+06  5.25474063e+01  1.00000000e+06 -1.03700663e+02 
 1.07977516e+06  5.18493825e+01  1.07977516e+06 -1.04921187e+02 
 1.16591440e+06  5.11463742e+01  1.16591440e+06 -1.06219649e+02 
 1.25892541e+06  5.04376575e+01  1.25892541e+06 -1.07601298e+02 
 1.35935639e+06  4.97224177e+01  1.35935639e+06 -1.09071330e+02 
 1.46779927e+06  4.89997434e+01  1.46779927e+06 -1.10634815e+02 
 1.58489319e+06  4.82686222e+01  1.58489319e+06 -1.12296605e+02 
 1.71132830e+06  4.75279385e+01  1.71132830e+06 -1.14061221e+02 
 1.84784980e+06  4.67764742e+01  1.84784980e+06 -1.15932739e+02 
 1.99526231e+06  4.60129132e+01  1.99526231e+06 -1.17914647e+02 
 2.15443469e+06  4.52358504e+01  2.15443469e+06 -1.20009707e+02 
 2.32630507e+06  4.44438067e+01  2.32630507e+06 -1.22219812e+02 
 2.51188643e+06  4.36352494e+01  2.51188643e+06 -1.24545848e+02 
 2.71227258e+06  4.28086199e+01  2.71227258e+06 -1.26987580e+02 
 2.92864456e+06  4.19623674e+01  2.92864456e+06 -1.29543570e+02 
 3.16227766e+06  4.10949876e+01  3.16227766e+06 -1.32211145e+02 
 3.41454887e+06  4.02050658e+01  3.41454887e+06 -1.34986425e+02 
 3.68694506e+06  3.92913206e+01  3.68694506e+06 -1.37864420e+02 
 3.98107171e+06  3.83526468e+01  3.98107171e+06 -1.40839217e+02 
 4.29866235e+06  3.73881523e+01  4.29866235e+06 -1.43904235e+02 
 4.64158883e+06  3.63971863e+01  4.64158883e+06 -1.47052565e+02 
 5.01187234e+06  3.53793561e+01  5.01187234e+06 -1.50277357e+02 
 5.41169527e+06  3.43345289e+01  5.41169527e+06 -1.53572258e+02 
 5.84341413e+06  3.32628189e+01  5.84341413e+06 -1.56931856e+02 
 6.30957344e+06  3.21645582e+01  6.30957344e+06 -1.60352124e+02 
 6.81292069e+06  3.10402548e+01  6.81292069e+06 -1.63830844e+02 
 7.35642254e+06  2.98905369e+01  7.35642254e+06 -1.67367987e+02 
 7.94328235e+06  2.87160893e+01  7.94328235e+06 -1.70966072e+02 
 8.57695899e+06  2.75175817e+01  8.57695899e+06 -1.74630500e+02 
 9.26118728e+06  2.62955926e+01  9.26118728e+06 -1.78369895e+02 
 1.00000000e+07  2.50505295e+01  1.00000000e+07 -1.82196504e+02 
 1.07977516e+07  2.37825469e+01  1.07977516e+07 -1.86126705e+02 
 1.16591440e+07  2.24914623e+01  1.16591440e+07 -1.90181719e+02 
 1.25892541e+07  2.11766727e+01  1.25892541e+07 -1.94388648e+02 
 1.35935639e+07  1.98370755e+01  1.35935639e+07 -1.98782018e+02 
 1.46779927e+07  1.84710083e+01  1.46779927e+07 -2.03406075e+02 
 1.58489319e+07  1.70762346e+01  1.58489319e+07 -2.08318236e+02 
 1.71132830e+07  1.56500405e+01  1.71132830e+07 -2.13594225e+02 
 1.84784980e+07  1.41895780e+01  1.84784980e+07 -2.19335715e+02 
 1.99526231e+07  1.26927372e+01  1.99526231e+07 -2.25681451e+02 
 2.15443469e+07  1.11601327e+01  2.15443469e+07 -2.32822713e+02 
 2.32630507e+07  9.59935087e+00  2.32630507e+07 -2.41022224e+02 
 2.51188643e+07  8.03349658e+00  2.51188643e+07 -2.50628743e+02 
 2.71227258e+07  6.51659062e+00  2.71227258e+07 -2.62059173e+02 
 2.92864456e+07  5.15474112e+00  2.92864456e+07 -2.75677153e+02 
 3.16227766e+07  4.11474851e+00  3.16227766e+07 -2.91471959e+02 
 3.41454887e+07  3.57440726e+00  3.41454887e+07 -3.08633579e+02 
 3.68694506e+07  3.60494834e+00  3.68694506e+07 -3.25596680e+02 
 3.98107171e+07  4.10917128e+00  3.98107171e+07 -3.40885723e+02 
 4.29866235e+07  4.90522787e+00  4.29866235e+07 -3.53851749e+02 
 4.64158883e+07  5.83735603e+00  4.64158883e+07 -3.64580917e+02 
 5.01187234e+07  6.81174831e+00  5.01187234e+07 -3.73459668e+02 
 5.41169527e+07  7.78302031e+00  5.41169527e+07 -3.80892691e+02 
 5.84341413e+07  8.73350187e+00  5.84341413e+07 -3.87207289e+02 
 6.30957344e+07  9.65921144e+00  6.30957344e+07 -3.92644796e+02 
 6.81292069e+07  1.05622777e+01  6.81292069e+07 -3.97376950e+02 
 7.35642254e+07  1.14472188e+01  7.35642254e+07 -4.01524180e+02 
 7.94328235e+07  1.23192108e+01  7.94328235e+07 -4.05169948e+02 
 8.57695899e+07  1.31833143e+01  8.57695899e+07 -4.08370770e+02 
 9.26118728e+07  1.40441378e+01  9.26118728e+07 -4.11162854e+02 
 1.00000000e+08  1.49056772e+01  1.00000000e+08 -4.13566329e+02 
 1.07977516e+08  1.57711970e+01  1.07977516e+08 -4.15587842e+02 
 1.16591440e+08  1.66430798e+01  1.16591440e+08 -4.17222117e+02 
 1.25892541e+08  1.75225970e+01  1.25892541e+08 -4.18452962e+02 
 1.35935639e+08  1.84095699e+01  1.35935639e+08 -4.19254215e+02 
 1.46779927e+08  1.93019065e+01  1.46779927e+08 -4.19591173e+02 
 1.58489319e+08  2.01950295e+01  1.58489319e+08 -4.19423204e+02 
 1.71132830e+08  2.10812629e+01  1.71132830e+08 -4.18708325e+02 
 1.84784980e+08  2.19493364e+01  1.84784980e+08 -4.17410507e+02 
 1.99526231e+08  2.27842778e+01  1.99526231e+08 -4.15509974e+02 
 2.15443469e+08  2.35680574e+01  2.15443469e+08 -4.13015581e+02 
 2.32630507e+08  2.42813049e+01  2.32630507e+08 -4.09976385e+02 
 2.51188643e+08  2.49061092e+01  2.51188643e+08 -4.06487581e+02 
 2.71227258e+08  2.54293303e+01  2.71227258e+08 -4.02685892e+02 
 2.92864456e+08  2.58452989e+01  2.92864456e+08 -3.98732783e+02 
 3.16227766e+08  2.61567750e+01  3.16227766e+08 -3.94789900e+02 
 3.41454887e+08  2.63737805e+01  3.41454887e+08 -3.90995512e+02 
 3.68694506e+08  2.65109422e+01  3.68694506e+08 -3.87449862e+02 
 3.98107171e+08  2.65845097e+01  3.98107171e+08 -3.84212051e+02 
 4.29866235e+08  2.66100005e+01  4.29866235e+08 -3.81305729e+02 
 4.64158883e+08  2.66008389e+01  4.64158883e+08 -3.78728779e+02 
 5.01187234e+08  2.65678750e+01  5.01187234e+08 -3.76463013e+02 
 5.41169527e+08  2.65194682e+01  5.41169527e+08 -3.74481873e+02 
 5.84341413e+08  2.64618421e+01  5.84341413e+08 -3.72755677e+02 
 6.30957344e+08  2.63995108e+01  6.30957344e+08 -3.71254791e+02 
 6.81292069e+08  2.63356757e+01  6.81292069e+08 -3.69951331e+02 
 7.35642254e+08  2.62725538e+01  7.35642254e+08 -3.68819939e+02 
 7.94328235e+08  2.62116343e+01  7.94328235e+08 -3.67838026e+02 
 8.57695899e+08  2.61538738e+01  8.57695899e+08 -3.66985735e+02 
 9.26118728e+08  2.60998417e+01  9.26118728e+08 -3.66245761e+02 
 1.00000000e+09  2.60498291e+01  1.00000000e+09 -3.65603119e+02 
