 1.00000000e+00  6.22236559e+01  1.00000000e+00 -1.91405399e-04 
 1.07977516e+00  6.22236559e+01  1.07977516e+00 -2.06674796e-04 
 1.16591440e+00  6.22236559e+01  1.16591440e+00 -2.23162311e-04 
 1.25892541e+00  6.22236559e+01  1.25892541e+00 -2.40965121e-04 
 1.35935639e+00  6.22236559e+01  1.35935639e+00 -2.60188152e-04 
 1.46779927e+00  6.22236559e+01  1.46779927e+00 -2.80944704e-04 
 1.58489319e+00  6.22236559e+01  1.58489319e+00 -3.03357114e-04 
 1.71132830e+00  6.22236559e+01  1.71132830e+00 -3.27557477e-04 
 1.84784980e+00  6.22236559e+01  1.84784980e+00 -3.53688428e-04 
 1.99526231e+00  6.22236559e+01  1.99526231e+00 -3.81903979e-04 
 2.15443469e+00  6.22236559e+01  2.15443469e+00 -4.12370431e-04 
 2.32630507e+00  6.22236559e+01  2.32630507e+00 -4.45267349e-04 
 2.51188643e+00  6.22236559e+01  2.51188643e+00 -4.80788625e-04 
 2.71227258e+00  6.22236559e+01  2.71227258e+00 -5.19143615e-04 
 2.92864456e+00  6.22236559e+01  2.92864456e+00 -5.60558381e-04 
 3.16227766e+00  6.22236559e+01  3.16227766e+00 -6.05277017e-04 
 3.41454887e+00  6.22236559e+01  3.41454887e+00 -6.53563089e-04 
 3.68694506e+00  6.22236559e+01  3.68694506e+00 -7.05701191e-04 
 3.98107171e+00  6.22236559e+01  3.98107171e+00 -7.61998618e-04 
 4.29866235e+00  6.22236559e+01  4.29866235e+00 -8.22787181e-04 
 4.64158883e+00  6.22236559e+01  4.64158883e+00 -8.88425162e-04 
 5.01187234e+00  6.22236559e+01  5.01187234e+00 -9.59299424e-04 
 5.41169527e+00  6.22236559e+01  5.41169527e+00 -1.03582769e-03 
 5.84341413e+00  6.22236559e+01  5.84341413e+00 -1.11846101e-03 
 6.30957344e+00  6.22236559e+01  6.30957344e+00 -1.20768642e-03 
 6.81292069e+00  6.22236559e+01  6.81292069e+00 -1.30402980e-03 
 7.35642254e+00  6.22236559e+01  7.35642254e+00 -1.40805899e-03 
 7.94328235e+00  6.22236559e+01  7.94328235e+00 -1.52038713e-03 
 8.57695899e+00  6.22236559e+01  8.57695899e+00 -1.64167626e-03 
 9.26118728e+00  6.22236559e+01  9.26118728e+00 -1.77264125e-03 
 1.00000000e+01  6.22236559e+01  1.00000000e+01 -1.91405399e-03 
 1.07977516e+01  6.22236559e+01  1.07977516e+01 -2.06674796e-03 
 1.16591440e+01  6.22236559e+01  1.16591440e+01 -2.23162311e-03 
 1.25892541e+01  6.22236559e+01  1.25892541e+01 -2.40965121e-03 
 1.35935639e+01  6.22236559e+01  1.35935639e+01 -2.60188152e-03 
 1.46779927e+01  6.22236559e+01  1.46779927e+01 -2.80944704e-03 
 1.58489319e+01  6.22236559e+01  1.58489319e+01 -3.03357114e-03 
 1.71132830e+01  6.22236559e+01  1.71132830e+01 -3.27557477e-03 
 1.84784980e+01  6.22236558e+01  1.84784980e+01 -3.53688427e-03 
 1.99526231e+01  6.22236558e+01  1.99526231e+01 -3.81903979e-03 
 2.15443469e+01  6.22236558e+01  2.15443469e+01 -4.12370431e-03 
 2.32630507e+01  6.22236558e+01  2.32630507e+01 -4.45267349e-03 
 2.51188643e+01  6.22236558e+01  2.51188643e+01 -4.80788624e-03 
 2.71227258e+01  6.22236558e+01  2.71227258e+01 -5.19143614e-03 
 2.92864456e+01  6.22236558e+01  2.92864456e+01 -5.60558380e-03 
 3.16227766e+01  6.22236558e+01  3.16227766e+01 -6.05277015e-03 
 3.41454887e+01  6.22236558e+01  3.41454887e+01 -6.53563087e-03 
 3.68694506e+01  6.22236558e+01  3.68694506e+01 -7.05701188e-03 
 3.98107171e+01  6.22236558e+01  3.98107171e+01 -7.61998614e-03 
 4.29866235e+01  6.22236558e+01  4.29866235e+01 -8.22787177e-03 
 4.64158883e+01  6.22236558e+01  4.64158883e+01 -8.88425157e-03 
 5.01187234e+01  6.22236558e+01  5.01187234e+01 -9.59299417e-03 
 5.41169527e+01  6.22236557e+01  5.41169527e+01 -1.03582768e-02 
 5.84341413e+01  6.22236557e+01  5.84341413e+01 -1.11846100e-02 
 6.30957344e+01  6.22236557e+01  6.30957344e+01 -1.20768641e-02 
 6.81292069e+01  6.22236557e+01  6.81292069e+01 -1.30402978e-02 
 7.35642254e+01  6.22236556e+01  7.35642254e+01 -1.40805897e-02 
 7.94328235e+01  6.22236556e+01  7.94328235e+01 -1.52038710e-02 
 8.57695899e+01  6.22236556e+01  8.57695899e+01 -1.64167622e-02 
 9.26118728e+01  6.22236555e+01  9.26118728e+01 -1.77264120e-02 
 1.00000000e+02  6.22236554e+01  1.00000000e+02 -1.91405393e-02 
 1.07977516e+02  6.22236554e+01  1.07977516e+02 -2.06674789e-02 
 1.16591440e+02  6.22236553e+01  1.16591440e+02 -2.23162302e-02 
 1.25892541e+02  6.22236552e+01  1.25892541e+02 -2.40965109e-02 
 1.35935639e+02  6.22236551e+01  1.35935639e+02 -2.60188138e-02 
 1.46779927e+02  6.22236550e+01  1.46779927e+02 -2.80944687e-02 
 1.58489319e+02  6.22236548e+01  1.58489319e+02 -3.03357091e-02 
 1.71132830e+02  6.22236546e+01  1.71132830e+02 -3.27557449e-02 
 1.84784980e+02  6.22236544e+01  1.84784980e+02 -3.53688392e-02 
 1.99526231e+02  6.22236542e+01  1.99526231e+02 -3.81903935e-02 
 2.15443469e+02  6.22236539e+01  2.15443469e+02 -4.12370375e-02 
 2.32630507e+02  6.22236536e+01  2.32630507e+02 -4.45267278e-02 
 2.51188643e+02  6.22236532e+01  2.51188643e+02 -4.80788535e-02 
 2.71227258e+02  6.22236528e+01  2.71227258e+02 -5.19143503e-02 
 2.92864456e+02  6.22236523e+01  2.92864456e+02 -5.60558240e-02 
 3.16227766e+02  6.22236517e+01  3.16227766e+02 -6.05276839e-02 
 3.41454887e+02  6.22236510e+01  3.41454887e+02 -6.53562865e-02 
 3.68694506e+02  6.22236502e+01  3.68694506e+02 -7.05700908e-02 
 3.98107171e+02  6.22236493e+01  3.98107171e+02 -7.61998262e-02 
 4.29866235e+02  6.22236482e+01  4.29866235e+02 -8.22786733e-02 
 4.64158883e+02  6.22236469e+01  4.64158883e+02 -8.88424598e-02 
 5.01187234e+02  6.22236454e+01  5.01187234e+02 -9.59298714e-02 
 5.41169527e+02  6.22236437e+01  5.41169527e+02 -1.03582680e-01 
 5.84341413e+02  6.22236416e+01  5.84341413e+02 -1.11845989e-01 
 6.30957344e+02  6.22236393e+01  6.30957344e+02 -1.20768501e-01 
 6.81292069e+02  6.22236365e+01  6.81292069e+02 -1.30402802e-01 
 7.35642254e+02  6.22236333e+01  7.35642254e+02 -1.40805675e-01 
 7.94328235e+02  6.22236296e+01  7.94328235e+02 -1.52038430e-01 
 8.57695899e+02  6.22236252e+01  8.57695899e+02 -1.64167270e-01 
 9.26118728e+02  6.22236201e+01  9.26118728e+02 -1.77263676e-01 
 1.00000000e+03  6.22236142e+01  1.00000000e+03 -1.91404834e-01 
 1.07977516e+03  6.22236073e+01  1.07977516e+03 -2.06674085e-01 
 1.16591440e+03  6.22235992e+01  1.16591440e+03 -2.23161416e-01 
 1.25892541e+03  6.22235898e+01  1.25892541e+03 -2.40963994e-01 
 1.35935639e+03  6.22235788e+01  1.35935639e+03 -2.60186735e-01 
 1.46779927e+03  6.22235661e+01  1.46779927e+03 -2.80942920e-01 
 1.58489319e+03  6.22235512e+01  1.58489319e+03 -3.03354867e-01 
 1.71132830e+03  6.22235338e+01  1.71132830e+03 -3.27554648e-01 
 1.84784980e+03  6.22235135e+01  1.84784980e+03 -3.53684867e-01 
 1.99526231e+03  6.22234899e+01  1.99526231e+03 -3.81899497e-01 
 2.15443469e+03  6.22234624e+01  2.15443469e+03 -4.12364788e-01 
 2.32630507e+03  6.22234303e+01  2.32630507e+03 -4.45260245e-01 
 2.51188643e+03  6.22233929e+01  2.51188643e+03 -4.80779681e-01 
 2.71227258e+03  6.22233492e+01  2.71227258e+03 -5.19132355e-01 
 2.92864456e+03  6.22232984e+01  2.92864456e+03 -5.60544206e-01 
 3.16227766e+03  6.22232390e+01  3.16227766e+03 -6.05259171e-01 
 3.41454887e+03  6.22231699e+01  3.41454887e+03 -6.53540623e-01 
 3.68694506e+03  6.22230893e+01  3.68694506e+03 -7.05672909e-01 
 3.98107171e+03  6.22229952e+01  3.98107171e+03 -7.61963010e-01 
 4.29866235e+03  6.22228857e+01  4.29866235e+03 -8.22742357e-01 
 4.64158883e+03  6.22227579e+01  4.64158883e+03 -8.88368732e-01 
 5.01187234e+03  6.22226089e+01  5.01187234e+03 -9.59228385e-01 
 5.41169527e+03  6.22224353e+01  5.41169527e+03 -1.03573826e+00 
 5.84341413e+03  6.22222328e+01  5.84341413e+03 -1.11834843e+00 
 6.30957344e+03  6.22219967e+01  6.30957344e+03 -1.20754470e+00 
 6.81292069e+03  6.22217215e+01  6.81292069e+03 -1.30385138e+00 
 7.35642254e+03  6.22214007e+01  7.35642254e+03 -1.40783438e+00 
 7.94328235e+03  6.22210266e+01  7.94328235e+03 -1.52010437e+00 
 8.57695899e+03  6.22205905e+01  8.57695899e+03 -1.64132031e+00 
 9.26118728e+03  6.22200821e+01  9.26118728e+03 -1.77219316e+00 
 1.00000000e+04  6.22194895e+01  1.00000000e+04 -1.91348995e+00 
 1.07977516e+04  6.22187985e+01  1.07977516e+04 -2.06603792e+00 
 1.16591440e+04  6.22179932e+01  1.16591440e+04 -2.23072932e+00 
 1.25892541e+04  6.22170544e+01  1.25892541e+04 -2.40852616e+00 
 1.35935639e+04  6.22159600e+01  1.35935639e+04 -2.60046538e+00 
 1.46779927e+04  6.22146845e+01  1.46779927e+04 -2.80766453e+00 
 1.58489319e+04  6.22131978e+01  1.58489319e+04 -3.03132754e+00 
 1.71132830e+04  6.22114651e+01  1.71132830e+04 -3.27275092e+00 
 1.84784980e+04  6.22094457e+01  1.84784980e+04 -3.53333024e+00 
 1.99526231e+04  6.22070924e+01  1.99526231e+04 -3.81456697e+00 
 2.15443469e+04  6.22043504e+01  2.15443469e+04 -4.11807548e+00 
 2.32630507e+04  6.22011555e+01  2.32630507e+04 -4.44559033e+00 
 2.51188643e+04  6.21974336e+01  2.51188643e+04 -4.79897365e+00 
 2.71227258e+04  6.21930980e+01  2.71227258e+04 -5.18022255e+00 
 2.92864456e+04  6.21880486e+01  2.92864456e+04 -5.59147655e+00 
 3.16227766e+04  6.21821688e+01  3.16227766e+04 -6.03502458e+00 
 3.41454887e+04  6.21753233e+01  3.41454887e+04 -6.51331154e+00 
 3.68694506e+04  6.21673555e+01  3.68694506e+04 -7.02894433e+00 
 3.98107171e+04  6.21580841e+01  3.98107171e+04 -7.58469635e+00 
 4.29866235e+04  6.21472991e+01  4.29866235e+04 -8.18351053e+00 
 4.64158883e+04  6.21347581e+01  4.64158883e+04 -8.82850063e+00 
 5.01187234e+04  6.21201816e+01  5.01187234e+04 -9.52294902e+00 
 5.41169527e+04  6.21032476e+01  5.41169527e+04 -1.02703011e+01 
 5.84341413e+04  6.20835863e+01  5.84341413e+04 -1.10741557e+01 
 6.30957344e+04  6.20607737e+01  6.30957344e+04 -1.19382483e+01 
 6.81292069e+04  6.20343254e+01  6.81292069e+04 -1.28664288e+01 
 7.35642254e+04  6.20036890e+01  7.35642254e+04 -1.38626290e+01 
 7.94328235e+04  6.19682379e+01  7.94328235e+04 -1.49308212e+01 
 8.57695899e+04  6.19272639e+01  8.57695899e+04 -1.60749648e+01 
 9.26118728e+04  6.18799702e+01  9.26118728e+04 -1.72989378e+01 
 1.00000000e+05  6.18254664e+01  1.00000000e+05 -1.86064564e+01 
 1.07977516e+05  6.17627636e+01  1.07977516e+05 -2.00009753e+01 
 1.16591440e+05  6.16907718e+01  1.16591440e+05 -2.14855737e+01 
 1.25892541e+05  6.16083010e+01  1.25892541e+05 -2.30628256e+01 
 1.35935639e+05  6.15140649e+01  1.35935639e+05 -2.47346560e+01 
 1.46779927e+05  6.14066899e+01  1.46779927e+05 -2.65021885e+01 
 1.58489319e+05  6.12847293e+01  1.58489319e+05 -2.83655891e+01 
 1.71132830e+05  6.11466842e+01  1.71132830e+05 -3.03239163e+01 
 1.84784980e+05  6.09910304e+01  1.84784980e+05 -3.23749884e+01 
 1.99526231e+05  6.08162519e+01  1.99526231e+05 -3.45152791e+01 
 2.15443469e+05  6.06208809e+01  2.15443469e+05 -3.67398600e+01 
 2.32630507e+05  6.04035411e+01  2.32630507e+05 -3.90423971e+01 
 2.51188643e+05  6.01629939e+01  2.51188643e+05 -4.14152193e+01 
 2.71227258e+05  5.98981829e+01  2.71227258e+05 -4.38494598e+01 
 2.92864456e+05  5.96082755e+01  2.92864456e+05 -4.63352769e+01 
 3.16227766e+05  5.92926954e+01  3.16227766e+05 -4.88621415e+01 
 3.41454887e+05  5.89511457e+01  3.41454887e+05 -5.14191794e+01 
 3.68694506e+05  5.85836178e+01  3.68694506e+05 -5.39955478e+01 
 3.98107171e+05  5.81903879e+01  3.98107171e+05 -5.65808205e+01 
 4.29866235e+05  5.77719979e+01  4.29866235e+05 -5.91653526e+01 
 4.64158883e+05  5.73292257e+01  4.64158883e+05 -6.17406047e+01 
 5.01187234e+05  5.68630451e+01  5.01187234e+05 -6.42994046e+01 
 5.41169527e+05  5.63745788e+01  5.41169527e+05 -6.68361364e+01 
 5.84341413e+05  5.58650496e+01  5.84341413e+05 -6.93468524e+01 
 6.30957344e+05  5.53357303e+01  6.30957344e+05 -7.18293104e+01 
 6.81292069e+05  5.47878974e+01  6.81292069e+05 -7.42829452e+01 
 7.35642254e+05  5.42227889e+01  7.35642254e+05 -7.67087865e+01 
 7.94328235e+05  5.36415679e+01  7.94328235e+05 -7.91093344e+01 
 8.57695899e+05  5.30452923e+01  8.57695899e+05 -8.14884094e+01 
 9.26118728e+05  5.24348906e+01  9.26118728e+05 -8.38509841e+01 
 1.00000000e+06  5.18111433e+01  1.00000000e+06 -8.62030069e+01 
 1.07977516e+06  5.11746689e+01  1.07977516e+06 -8.85512263e+01 
 1.16591440e+06  5.05259143e+01  1.16591440e+06 -9.09030157e+01 
 1.25892541e+06  4.98651478e+01  1.25892541e+06 -9.32662035e+01 
 1.35935639e+06  4.91924557e+01  1.35935639e+06 -9.56489070e+01 
 1.46779927e+06  4.85077403e+01  1.46779927e+06 -9.80593684e+01 
 1.58489319e+06  4.78107210e+01  1.58489319e+06 -1.00505793e+02 
 1.71132830e+06  4.71009373e+01  1.71132830e+06 -1.02996183e+02 
 1.84784980e+06  4.63777539e+01  1.84784980e+06 -1.05538177e+02 
 1.99526231e+06  4.56403701e+01  1.99526231e+06 -1.08138875e+02 
 2.15443469e+06  4.48878321e+01  2.15443469e+06 -1.10804674e+02 
 2.32630507e+06  4.41190505e+01  2.32630507e+06 -1.13541096e+02 
 2.51188643e+06  4.33328230e+01  2.51188643e+06 -1.16352636e+02 
 2.71227258e+06  4.25278625e+01  2.71227258e+06 -1.19242619e+02 
 2.92864456e+06  4.17028322e+01  2.92864456e+06 -1.22213088e+02 
 3.16227766e+06  4.08563850e+01  3.16227766e+06 -1.25264741e+02 
 3.41454887e+06  3.99872081e+01  3.41454887e+06 -1.28396911e+02 
 3.68694506e+06  3.90940697e+01  3.68694506e+06 -1.31607629e+02 
 3.98107171e+06  3.81758661e+01  3.98107171e+06 -1.34893755e+02 
 4.29866235e+06  3.72316646e+01  4.29866235e+06 -1.38251194e+02 
 4.64158883e+06  3.62607402e+01  4.64158883e+06 -1.41675194e+02 
 5.01187234e+06  3.52626015e+01  5.01187234e+06 -1.45160709e+02 
 5.41169527e+06  3.42370035e+01  5.41169527e+06 -1.48702823e+02 
 5.84341413e+06  3.31839451e+01  5.84341413e+06 -1.52297197e+02 
 6.30957344e+06  3.21036510e+01  6.30957344e+06 -1.55940534e+02 
 6.81292069e+06  3.09965378e+01  6.81292069e+06 -1.59631033e+02 
 7.35642254e+06  2.98631663e+01  7.35642254e+06 -1.63368811e+02 
 7.94328235e+06  2.87041826e+01  7.94328235e+06 -1.67156302e+02 
 8.57695899e+06  2.75202492e+01  8.57695899e+06 -1.70998636e+02 
 9.26118728e+06  2.63119706e+01  9.26118728e+06 -1.74904005e+02 
 1.00000000e+07  2.50798131e+01  1.00000000e+07 -1.78884080e+02 
 1.07977516e+07  2.38240217e+01  1.07977516e+07 -1.82954506e+02 
 1.16591440e+07  2.25445348e+01  1.16591440e+07 -1.87135583e+02 
 1.25892541e+07  2.12408977e+01  1.25892541e+07 -1.91453228e+02 
 1.35935639e+07  1.99121808e+01  1.35935639e+07 -1.95940385e+02 
 1.46779927e+07  1.85569113e+01  1.46779927e+07 -2.00639127e+02 
 1.58489319e+07  1.71730439e+01  1.58489319e+07 -2.05603790e+02 
 1.71132830e+07  1.57580241e+01  1.71132830e+07 -2.10905660e+02 
 1.84784980e+07  1.43090573e+01  1.84784980e+07 -2.16639932e+02 
 1.99526231e+07  1.28238256e+01  1.99526231e+07 -2.22935906e+02 
 2.15443469e+07  1.13021438e+01  2.15443469e+07 -2.29971363e+02 
 2.32630507e+07  9.74954375e+00  2.32630507e+07 -2.37990855e+02 
 2.51188643e+07  8.18459055e+00  2.51188643e+07 -2.47322510e+02 
 2.71227258e+07  6.65248536e+00  2.71227258e+07 -2.58371706e+02 
 2.92864456e+07  5.24545578e+00  2.92864456e+07 -2.71532357e+02 
 3.16227766e+07  4.11727746e+00  3.16227766e+07 -2.86917516e+02 
 3.41454887e+07  3.45129345e+00  3.41454887e+07 -3.03928110e+02 
 3.68694506e+07  3.35310851e+00  3.68694506e+07 -3.21127437e+02 
 3.98107171e+07  3.76192148e+00  3.98107171e+07 -3.36936010e+02 
 4.29866235e+07  4.50472541e+00  4.29866235e+07 -3.50496514e+02 
 4.64158883e+07  5.41428495e+00  4.64158883e+07 -3.61761862e+02 
 5.01187234e+07  6.38298818e+00  5.01187234e+07 -3.71080318e+02 
 5.41169527e+07  7.35623785e+00  5.41169527e+07 -3.78864470e+02 
 5.84341413e+07  8.31142206e+00  5.84341413e+07 -3.85461350e+02 
 6.30957344e+07  9.24219330e+00  6.30957344e+07 -3.91130857e+02 
 6.81292069e+07  1.01496509e+01  6.81292069e+07 -3.96059188e+02 
 7.35642254e+07  1.10379321e+01  7.35642254e+07 -4.00377430e+02 
 7.94328235e+07  1.19121354e+01  7.94328235e+07 -4.04176879e+02 
 8.57695899e+07  1.27773838e+01  8.57695899e+07 -4.07519967e+02 
 9.26118728e+07  1.36384166e+01  9.26118728e+07 -4.10447570e+02 
 1.00000000e+08  1.44994047e+01  1.00000000e+08 -4.12983717e+02 
 1.07977516e+08  1.53638332e+01  1.07977516e+08 -4.15138495e+02 
 1.16591440e+08  1.62343676e+01  1.16591440e+08 -4.16909795e+02 
 1.25892541e+08  1.71126524e+01  1.25892541e+08 -4.18284374e+02 
 1.35935639e+08  1.79990066e+01  1.35935639e+08 -4.19238726e+02 
 1.46779927e+08  1.88919970e+01  1.46779927e+08 -4.19740260e+02 
 1.58489319e+08  1.97878923e+01  1.58489319e+08 -4.19749437e+02 
 1.71132830e+08  2.06800474e+01  1.71132830e+08 -4.19223640e+02 
 1.84784980e+08  2.15583441e+01  1.84784980e+08 -4.18123560e+02 
 1.99526231e+08  2.24089231e+01  1.99526231e+08 -4.16422583e+02 
 2.15443469e+08  2.32145494e+01  2.15443469e+08 -4.14118724e+02 
 2.32630507e+08  2.39559653e+01  2.32630507e+08 -4.11246895e+02 
 2.51188643e+08  2.46143738e+01  2.51188643e+08 -4.07887218e+02 
 2.71227258e+08  2.51746806e+01  2.71227258e+08 -4.04164195e+02 
 2.92864456e+08  2.56285217e+01  2.92864456e+08 -4.00233707e+02 
 3.16227766e+08  2.59758697e+01  3.16227766e+08 -3.96260232e+02 
 3.41454887e+08  2.62245391e+01  3.41454887e+08 -3.92392039e+02 
 3.68694506e+08  2.63879156e+01  3.68694506e+08 -3.88743128e+02 
 3.98107171e+08  2.64819759e+01  3.98107171e+08 -3.85386407e+02 
 4.29866235e+08  2.65226721e+01  4.29866235e+08 -3.82356893e+02 
 4.64158883e+08  2.65242432e+01  4.64158883e+08 -3.79660453e+02 
 5.01187234e+08  2.64984652e+01  5.01187234e+08 -3.77283701e+02 
 5.41169527e+08  2.64545703e+01  5.41169527e+08 -3.75202404e+02 
 5.84341413e+08  2.63995237e+01  5.84341413e+08 -3.73387513e+02 
 6.30957344e+08  2.63384298e+01  6.30957344e+08 -3.71808996e+02 
 6.81292069e+08  2.62749380e+01  6.81292069e+08 -3.70438013e+02 
 7.35642254e+08  2.62115935e+01  7.35642254e+08 -3.69248012e+02 
 7.94328235e+08  2.61501181e+01  7.94328235e+08 -3.68215165e+02 
 8.57695899e+08  2.60916274e+01  8.57695899e+08 -3.67318431e+02 
 9.26118728e+08  2.60367956e+01  9.26118728e+08 -3.66539445e+02 
 1.00000000e+09  2.59859794e+01  1.00000000e+09 -3.65862293e+02 
