 1.00000000e+00  6.24278190e+01  1.00000000e+00 -1.99479523e-04 
 1.07977516e+00  6.24278190e+01  1.07977516e+00 -2.15393034e-04 
 1.16591440e+00  6.24278190e+01  1.16591440e+00 -2.32576048e-04 
 1.25892541e+00  6.24278190e+01  1.25892541e+00 -2.51129840e-04 
 1.35935639e+00  6.24278190e+01  1.35935639e+00 -2.71163764e-04 
 1.46779927e+00  6.24278190e+01  1.46779927e+00 -2.92795897e-04 
 1.58489319e+00  6.24278190e+01  1.58489319e+00 -3.16153737e-04 
 1.71132830e+00  6.24278190e+01  1.71132830e+00 -3.41374953e-04 
 1.84784980e+00  6.24278190e+01  1.84784980e+00 -3.68608195e-04 
 1.99526231e+00  6.24278190e+01  1.99526231e+00 -3.98013974e-04 
 2.15443469e+00  6.24278190e+01  2.15443469e+00 -4.29765603e-04 
 2.32630507e+00  6.24278190e+01  2.32630507e+00 -4.64050224e-04 
 2.51188643e+00  6.24278190e+01  2.51188643e+00 -5.01069906e-04 
 2.71227258e+00  6.24278190e+01  2.71227258e+00 -5.41042839e-04 
 2.92864456e+00  6.24278190e+01  2.92864456e+00 -5.84204620e-04 
 3.16227766e+00  6.24278190e+01  3.16227766e+00 -6.30809638e-04 
 3.41454887e+00  6.24278190e+01  3.41454887e+00 -6.81132579e-04 
 3.68694506e+00  6.24278190e+01  3.68694506e+00 -7.35470041e-04 
 3.98107171e+00  6.24278190e+01  3.98107171e+00 -7.94142283e-04 
 4.29866235e+00  6.24278190e+01  4.29866235e+00 -8.57495113e-04 
 4.64158883e+00  6.24278190e+01  4.64158883e+00 -9.25901925e-04 
 5.01187234e+00  6.24278190e+01  5.01187234e+00 -9.99765901e-04 
 5.41169527e+00  6.24278190e+01  5.41169527e+00 -1.07952239e-03 
 5.84341413e+00  6.24278190e+01  5.84341413e+00 -1.16564146e-03 
 6.30957344e+00  6.24278190e+01  6.30957344e+00 -1.25863070e-03 
 6.81292069e+00  6.24278190e+01  6.81292069e+00 -1.35903817e-03 
 7.35642254e+00  6.24278190e+01  7.35642254e+00 -1.46745566e-03 
 7.94328235e+00  6.24278190e+01  7.94328235e+00 -1.58452217e-03 
 8.57695899e+00  6.24278190e+01  8.57695899e+00 -1.71092768e-03 
 9.26118728e+00  6.24278190e+01  9.26118728e+00 -1.84741722e-03 
 1.00000000e+01  6.24278190e+01  1.00000000e+01 -1.99479523e-03 
 1.07977516e+01  6.24278190e+01  1.07977516e+01 -2.15393034e-03 
 1.16591440e+01  6.24278190e+01  1.16591440e+01 -2.32576048e-03 
 1.25892541e+01  6.24278190e+01  1.25892541e+01 -2.51129840e-03 
 1.35935639e+01  6.24278190e+01  1.35935639e+01 -2.71163764e-03 
 1.46779927e+01  6.24278190e+01  1.46779927e+01 -2.92795897e-03 
 1.58489319e+01  6.24278190e+01  1.58489319e+01 -3.16153737e-03 
 1.71132830e+01  6.24278190e+01  1.71132830e+01 -3.41374953e-03 
 1.84784980e+01  6.24278190e+01  1.84784980e+01 -3.68608195e-03 
 1.99526231e+01  6.24278190e+01  1.99526231e+01 -3.98013974e-03 
 2.15443469e+01  6.24278190e+01  2.15443469e+01 -4.29765603e-03 
 2.32630507e+01  6.24278190e+01  2.32630507e+01 -4.64050223e-03 
 2.51188643e+01  6.24278190e+01  2.51188643e+01 -5.01069905e-03 
 2.71227258e+01  6.24278190e+01  2.71227258e+01 -5.41042838e-03 
 2.92864456e+01  6.24278190e+01  2.92864456e+01 -5.84204618e-03 
 3.16227766e+01  6.24278190e+01  3.16227766e+01 -6.30809636e-03 
 3.41454887e+01  6.24278190e+01  3.41454887e+01 -6.81132577e-03 
 3.68694506e+01  6.24278190e+01  3.68694506e+01 -7.35470038e-03 
 3.98107171e+01  6.24278190e+01  3.98107171e+01 -7.94142279e-03 
 4.29866235e+01  6.24278189e+01  4.29866235e+01 -8.57495108e-03 
 4.64158883e+01  6.24278189e+01  4.64158883e+01 -9.25901918e-03 
 5.01187234e+01  6.24278189e+01  5.01187234e+01 -9.99765893e-03 
 5.41169527e+01  6.24278189e+01  5.41169527e+01 -1.07952238e-02 
 5.84341413e+01  6.24278189e+01  5.84341413e+01 -1.16564145e-02 
 6.30957344e+01  6.24278188e+01  6.30957344e+01 -1.25863068e-02 
 6.81292069e+01  6.24278188e+01  6.81292069e+01 -1.35903815e-02 
 7.35642254e+01  6.24278188e+01  7.35642254e+01 -1.46745563e-02 
 7.94328235e+01  6.24278187e+01  7.94328235e+01 -1.58452214e-02 
 8.57695899e+01  6.24278187e+01  8.57695899e+01 -1.71092764e-02 
 9.26118728e+01  6.24278186e+01  9.26118728e+01 -1.84741717e-02 
 1.00000000e+02  6.24278186e+01  1.00000000e+02 -1.99479516e-02 
 1.07977516e+02  6.24278185e+01  1.07977516e+02 -2.15393026e-02 
 1.16591440e+02  6.24278184e+01  1.16591440e+02 -2.32576038e-02 
 1.25892541e+02  6.24278183e+01  1.25892541e+02 -2.51129827e-02 
 1.35935639e+02  6.24278182e+01  1.35935639e+02 -2.71163748e-02 
 1.46779927e+02  6.24278180e+01  1.46779927e+02 -2.92795877e-02 
 1.58489319e+02  6.24278179e+01  1.58489319e+02 -3.16153712e-02 
 1.71132830e+02  6.24278177e+01  1.71132830e+02 -3.41374921e-02 
 1.84784980e+02  6.24278175e+01  1.84784980e+02 -3.68608155e-02 
 1.99526231e+02  6.24278172e+01  1.99526231e+02 -3.98013923e-02 
 2.15443469e+02  6.24278169e+01  2.15443469e+02 -4.29765539e-02 
 2.32630507e+02  6.24278166e+01  2.32630507e+02 -4.64050143e-02 
 2.51188643e+02  6.24278161e+01  2.51188643e+02 -5.01069804e-02 
 2.71227258e+02  6.24278157e+01  2.71227258e+02 -5.41042710e-02 
 2.92864456e+02  6.24278151e+01  2.92864456e+02 -5.84204457e-02 
 3.16227766e+02  6.24278145e+01  3.16227766e+02 -6.30809434e-02 
 3.41454887e+02  6.24278137e+01  3.41454887e+02 -6.81132322e-02 
 3.68694506e+02  6.24278128e+01  3.68694506e+02 -7.35469717e-02 
 3.98107171e+02  6.24278118e+01  3.98107171e+02 -7.94141875e-02 
 4.29866235e+02  6.24278106e+01  4.29866235e+02 -8.57494599e-02 
 4.64158883e+02  6.24278092e+01  4.64158883e+02 -9.25901278e-02 
 5.01187234e+02  6.24278076e+01  5.01187234e+02 -9.99765087e-02 
 5.41169527e+02  6.24278057e+01  5.41169527e+02 -1.07952136e-01 
 5.84341413e+02  6.24278034e+01  5.84341413e+02 -1.16564017e-01 
 6.30957344e+02  6.24278009e+01  6.30957344e+02 -1.25862907e-01 
 6.81292069e+02  6.24277978e+01  6.81292069e+02 -1.35903612e-01 
 7.35642254e+02  6.24277943e+01  7.35642254e+02 -1.46745308e-01 
 7.94328235e+02  6.24277902e+01  7.94328235e+02 -1.58451893e-01 
 8.57695899e+02  6.24277855e+01  8.57695899e+02 -1.71092360e-01 
 9.26118728e+02  6.24277799e+01  9.26118728e+02 -1.84741207e-01 
 1.00000000e+03  6.24277734e+01  1.00000000e+03 -1.99478876e-01 
 1.07977516e+03  6.24277658e+01  1.07977516e+03 -2.15392219e-01 
 1.16591440e+03  6.24277570e+01  1.16591440e+03 -2.32575023e-01 
 1.25892541e+03  6.24277467e+01  1.25892541e+03 -2.51128549e-01 
 1.35935639e+03  6.24277347e+01  1.35935639e+03 -2.71162139e-01 
 1.46779927e+03  6.24277207e+01  1.46779927e+03 -2.92793851e-01 
 1.58489319e+03  6.24277044e+01  1.58489319e+03 -3.16151162e-01 
 1.71132830e+03  6.24276854e+01  1.71132830e+03 -3.41371710e-01 
 1.84784980e+03  6.24276632e+01  1.84784980e+03 -3.68604113e-01 
 1.99526231e+03  6.24276373e+01  1.99526231e+03 -3.98008834e-01 
 2.15443469e+03  6.24276072e+01  2.15443469e+03 -4.29759132e-01 
 2.32630507e+03  6.24275720e+01  2.32630507e+03 -4.64042078e-01 
 2.51188643e+03  6.24275311e+01  2.51188643e+03 -5.01059652e-01 
 2.71227258e+03  6.24274833e+01  2.71227258e+03 -5.41029931e-01 
 2.92864456e+03  6.24274276e+01  2.92864456e+03 -5.84188366e-01 
 3.16227766e+03  6.24273626e+01  3.16227766e+03 -6.30789176e-01 
 3.41454887e+03  6.24272869e+01  3.41454887e+03 -6.81106820e-01 
 3.68694506e+03  6.24271986e+01  3.68694506e+03 -7.35437614e-01 
 3.98107171e+03  6.24270957e+01  3.98107171e+03 -7.94101458e-01 
 4.29866235e+03  6.24269757e+01  4.29866235e+03 -8.57443717e-01 
 4.64158883e+03  6.24268358e+01  4.64158883e+03 -9.25837223e-01 
 5.01187234e+03  6.24266727e+01  5.01187234e+03 -9.99684452e-01 
 5.41169527e+03  6.24264825e+01  5.41169527e+03 -1.07941985e+00 
 5.84341413e+03  6.24262609e+01  5.84341413e+03 -1.16551238e+00 
 6.30957344e+03  6.24260024e+01  6.30957344e+03 -1.25846820e+00 
 6.81292069e+03  6.24257010e+01  6.81292069e+03 -1.35883360e+00 
 7.35642254e+03  6.24253497e+01  7.35642254e+03 -1.46719813e+00 
 7.94328235e+03  6.24249401e+01  7.94328235e+03 -1.58419798e+00 
 8.57695899e+03  6.24244626e+01  8.57695899e+03 -1.71051957e+00 
 9.26118728e+03  6.24239060e+01  9.26118728e+03 -1.84690348e+00 
 1.00000000e+04  6.24232571e+01  1.00000000e+04 -1.99414853e+00 
 1.07977516e+04  6.24225007e+01  1.07977516e+04 -2.15311628e+00 
 1.16591440e+04  6.24216190e+01  1.16591440e+04 -2.32473577e+00 
 1.25892541e+04  6.24205911e+01  1.25892541e+04 -2.51000854e+00 
 1.35935639e+04  6.24193931e+01  1.35935639e+04 -2.71001407e+00 
 1.46779927e+04  6.24179967e+01  1.46779927e+04 -2.92591542e+00 
 1.58489319e+04  6.24163691e+01  1.58489319e+04 -3.15896526e+00 
 1.71132830e+04  6.24144723e+01  1.71132830e+04 -3.41051229e+00 
 1.84784980e+04  6.24122617e+01  1.84784980e+04 -3.68200771e+00 
 1.99526231e+04  6.24096859e+01  1.99526231e+04 -3.97501240e+00 
 2.15443469e+04  6.24066846e+01  2.15443469e+04 -4.29120376e+00 
 2.32630507e+04  6.24031880e+01  2.32630507e+04 -4.63238325e+00 
 2.51188643e+04  6.23991147e+01  2.51188643e+04 -5.00048356e+00 
 2.71227258e+04  6.23943704e+01  2.71227258e+04 -5.39757625e+00 
 2.92864456e+04  6.23888455e+01  2.92864456e+04 -5.82587863e+00 
 3.16227766e+04  6.23824126e+01  3.16227766e+04 -6.28776064e+00 
 3.41454887e+04  6.23749244e+01  3.41454887e+04 -6.78575105e+00 
 3.68694506e+04  6.23662099e+01  3.68694506e+04 -7.32254239e+00 
 3.98107171e+04  6.23560715e+01  3.98107171e+04 -7.90099490e+00 
 4.29866235e+04  6.23442804e+01  4.29866235e+04 -8.52413808e+00 
 4.64158883e+04  6.23305731e+01  4.64158883e+04 -9.19517035e+00 
 5.01187234e+04  6.23146455e+01  5.01187234e+04 -9.91745469e+00 
 5.41169527e+04  6.22961482e+01  5.41169527e+04 -1.06945104e+01 
 5.84341413e+04  6.22746802e+01  5.84341413e+04 -1.15300000e+01 
 6.30957344e+04  6.22497825e+01  6.30957344e+04 -1.24277081e+01 
 6.81292069e+04  6.22209315e+01  6.81292069e+04 -1.33915143e+01 
 7.35642254e+04  6.21875322e+01  7.35642254e+04 -1.44253551e+01 
 7.94328235e+04  6.21489103e+01  7.94328235e+04 -1.55331749e+01 
 8.57695899e+04  6.21043066e+01  8.57695899e+04 -1.67188644e+01 
 9.26118728e+04  6.20528696e+01  9.26118728e+04 -1.79861845e+01 
 1.00000000e+05  6.19936514e+01  1.00000000e+05 -1.93386743e+01 
 1.07977516e+05  6.19256042e+01  1.07977516e+05 -2.07795434e+01 
 1.16591440e+05  6.18475789e+01  1.16591440e+05 -2.23115476e+01 
 1.25892541e+05  6.17583287e+01  1.25892541e+05 -2.39368500e+01 
 1.35935639e+05  6.16565150e+01  1.35935639e+05 -2.56568716e+01 
 1.46779927e+05  6.15407204e+01  1.46779927e+05 -2.74721361e+01 
 1.58489319e+05  6.14094656e+01  1.58489319e+05 -2.93821145e+01 
 1.71132830e+05  6.12612349e+01  1.71132830e+05 -3.13850848e+01 
 1.84784980e+05  6.10945070e+01  1.84784980e+05 -3.34780146e+01 
 1.99526231e+05  6.09077918e+01  1.99526231e+05 -3.56564805e+01 
 2.15443469e+05  6.06996734e+01  2.15443469e+05 -3.79146435e+01 
 2.32630507e+05  6.04688553e+01  2.32630507e+05 -4.02452843e+01 
 2.51188643e+05  6.02142061e+01  2.51188643e+05 -4.26399168e+01 
 2.71227258e+05  5.99348025e+01  2.71227258e+05 -4.50889758e+01 
 2.92864456e+05  5.96299664e+01  2.92864456e+05 -4.75820769e+01 
 3.16227766e+05  5.92992919e+01  3.16227766e+05 -5.01083409e+01 
 3.41454887e+05  5.89426605e+01  3.41454887e+05 -5.26567587e+01 
 3.68694506e+05  5.85602429e+01  3.68694506e+05 -5.52165744e+01 
 3.98107171e+05  5.81524861e+01  3.98107171e+05 -5.77776631e+01 
 4.29866235e+05  5.77200882e+01  4.29866235e+05 -6.03308734e+01 
 4.64158883e+05  5.72639620e+01  4.64158883e+05 -6.28683166e+01 
 5.01187234e+05  5.67851911e+01  5.01187234e+05 -6.53835865e+01 
 5.41169527e+05  5.62849813e+01  5.41169527e+05 -6.78719034e+01 
 5.84341413e+05  5.57646114e+01  5.84341413e+05 -7.03301817e+01 
 6.30957344e+05  5.52253851e+01  6.30957344e+05 -7.27570278e+01 
 6.81292069e+05  5.46685875e+01  6.81292069e+05 -7.51526803e+01 
 7.35642254e+05  5.40954465e+01  7.35642254e+05 -7.75189034e+01 
 7.94328235e+05  5.35071007e+01  7.94328235e+05 -7.98588483e+01 
 8.57695899e+05  5.29045728e+01  8.57695899e+05 -8.21768951e+01 
 9.26118728e+05  5.22887498e+01  9.26118728e+05 -8.44784841e+01 
 1.00000000e+06  5.16603666e+01  1.00000000e+06 -8.67699438e+01 
 1.07977516e+06  5.10199960e+01  1.07977516e+06 -8.90583233e+01 
 1.16591440e+06  5.03680398e+01  1.16591440e+06 -9.13512279e+01 
 1.25892541e+06  4.97047248e+01  1.25892541e+06 -9.36566614e+01 
 1.35935639e+06  4.90300994e+01  1.35935639e+06 -9.59828719e+01 
 1.46779927e+06  4.83440329e+01  1.46779927e+06 -9.83382019e+01 
 1.58489319e+06  4.76462160e+01  1.58489319e+06 -1.00730937e+02 
 1.71132830e+06  4.69361639e+01  1.71132830e+06 -1.03169155e+02 
 1.84784980e+06  4.62132211e+01  1.84784980e+06 -1.05660568e+02 
 1.99526231e+06  4.54765692e+01  1.99526231e+06 -1.08212365e+02 
 2.15443469e+06  4.47252387e+01  2.15443469e+06 -1.10831050e+02 
 2.32630507e+06  4.39581242e+01  2.32630507e+06 -1.13522279e+02 
 2.51188643e+06  4.31740059e+01  2.51188643e+06 -1.16290703e+02 
 2.71227258e+06  4.23715764e+01  2.71227258e+06 -1.19139832e+02 
 2.92864456e+06  4.15494728e+01  2.92864456e+06 -1.22071920e+02 
 3.16227766e+06  4.07063154e+01  3.16227766e+06 -1.25087887e+02 
 3.41454887e+06  3.98407506e+01  3.41454887e+06 -1.28187299e+02 
 3.68694506e+06  3.89514967e+01  3.68694506e+06 -1.31368412e+02 
 3.98107171e+06  3.80373904e+01  3.98107171e+06 -1.34628291e+02 
 4.29866235e+06  3.70974306e+01  4.29866235e+06 -1.37963012e+02 
 4.64158883e+06  3.61308154e+01  4.64158883e+06 -1.41367946e+02 
 5.01187234e+06  3.51369703e+01  5.01187234e+06 -1.44838114e+02 
 5.41169527e+06  3.41155626e+01  5.41169527e+06 -1.48368602e+02 
 5.84341413e+06  3.30665018e+01  5.84341413e+06 -1.51955015e+02 
 6.30957344e+06  3.19899228e+01  6.30957344e+06 -1.55593946e+02 
 6.81292069e+06  3.08861548e+01  6.81292069e+06 -1.59283444e+02 
 7.35642254e+06  2.97556742e+01  7.35642254e+06 -1.63023454e+02 
 7.94328235e+06  2.85990459e+01  7.94328235e+06 -1.66816249e+02 
 8.57695899e+06  2.74168547e+01  8.57695899e+06 -1.70666824e+02 
 9.26118728e+06  2.62096288e+01  9.26118728e+06 -1.74583307e+02 
 1.00000000e+07  2.49777581e+01  1.00000000e+07 -1.78577408e+02 
 1.07977516e+07  2.37214084e+01  1.07977516e+07 -1.82664961e+02 
 1.16591440e+07  2.24404330e+01  1.16591440e+07 -1.86866657e+02 
 1.25892541e+07  2.11342840e+01  1.25892541e+07 -1.91209078e+02 
 1.35935639e+07  1.98019283e+01  1.35935639e+07 -1.95726213e+02 
 1.46779927e+07  1.84417804e+01  1.46779927e+07 -2.00461699e+02 
 1.58489319e+07  1.70516786e+01  1.58489319e+07 -2.05472171e+02 
 1.71132830e+07  1.56289665e+01  1.71132830e+07 -2.10832269e+02 
 1.84784980e+07  1.41708055e+01  1.84784980e+07 -2.16642070e+02 
 1.99526231e+07  1.26749888e+01  1.99526231e+07 -2.23037971e+02 
 2.15443469e+07  1.11418111e+01  2.15443469e+07 -2.30207914e+02 
 2.32630507e+07  9.57809485e+00  2.32630507e+07 -2.38410367e+02 
 2.51188643e+07  8.00536056e+00  2.51188643e+07 -2.47990175e+02 
 2.71227258e+07  6.47476554e+00  2.71227258e+07 -2.59365274e+02 
 2.92864456e+07  5.08839863e+00  2.92864456e+07 -2.72916309e+02 
 3.16227766e+07  4.01043671e+00  3.16227766e+07 -2.88679140e+02 
 3.41454887e+07  3.42305368e+00  3.41454887e+07 -3.05907943e+02 
 3.68694506e+07  3.40984117e+00  3.68694506e+07 -3.23059612e+02 
 3.98107171e+07  3.88358774e+00  3.98107171e+07 -3.38608048e+02 
 4.29866235e+07  4.66278625e+00  4.29866235e+07 -3.51837227e+02 
 4.64158883e+07  5.58687395e+00  4.64158883e+07 -3.62799233e+02 
 5.01187234e+07  6.55764283e+00  5.01187234e+07 -3.71875554e+02 
 5.41169527e+07  7.52715157e+00  5.41169527e+07 -3.79477208e+02 
 5.84341413e+07  8.47654317e+00  5.84341413e+07 -3.85939301e+02 
 6.30957344e+07  9.40138881e+00  6.30957344e+07 -3.91509453e+02 
 6.81292069e+07  1.03037186e+01  6.81292069e+07 -3.96363853e+02 
 7.35642254e+07  1.11881035e+01  7.35642254e+07 -4.00625933e+02 
 7.94328235e+07  1.20598336e+01  7.94328235e+07 -4.04381131e+02 
 8.57695899e+07  1.29241052e+01  8.57695899e+07 -4.07687225e+02 
 9.26118728e+07  1.37856703e+01  9.26118728e+07 -4.10581172e+02 
 1.00000000e+08  1.46486699e+01  1.00000000e+08 -4.13083449e+02 
 1.07977516e+08  1.55165143e+01  1.07977516e+08 -4.15200690e+02 
 1.16591440e+08  1.63917282e+01  1.16591440e+08 -4.16927252e+02 
 1.25892541e+08  1.72757152e+01  1.25892541e+08 -4.18246188e+02 
 1.35935639e+08  1.81684048e+01  1.35935639e+08 -4.19130149e+02 
 1.46779927e+08  1.90677674e+01  1.46779927e+08 -4.19542786e+02 
 1.58489319e+08  1.99692105e+01  1.58489319e+08 -4.19441379e+02 
 1.71132830e+08  2.08649258e+01  1.71132830e+08 -4.18781533e+02 
 1.84784980e+08  2.17433542e+01  1.84784980e+08 -4.17524771e+02 
 1.99526231e+08  2.25890544e+01  1.99526231e+08 -4.15649318e+02 
 2.15443469e+08  2.33833648e+01  2.15443469e+08 -4.13163119e+02 
 2.32630507e+08  2.41062002e+01  2.32630507e+08 -4.10116037e+02 
 2.51188643e+08  2.47389957e+01  2.51188643e+08 -4.06606089e+02 
 2.71227258e+08  2.52681818e+01  2.71227258e+08 -4.02774461e+02 
 2.92864456e+08  2.56879903e+01  2.92864456e+08 -3.98787724e+02 
 3.16227766e+08  2.60013995e+01  3.16227766e+08 -3.94812037e+02 
 3.41454887e+08  2.62188502e+01  3.41454887e+08 -3.90988727e+02 
 3.68694506e+08  2.63554377e+01  3.68694506e+08 -3.87419480e+02 
 3.98107171e+08  2.64278207e+01  3.98107171e+08 -3.84163590e+02 
 4.29866235e+08  2.64518228e+01  4.29866235e+08 -3.81244192e+02 
 4.64158883e+08  2.64410767e+01  4.64158883e+08 -3.78658374e+02 
 5.01187234e+08  2.64065663e+01  5.01187234e+08 -3.76387125e+02 
 5.41169527e+08  2.63567351e+01  5.41169527e+08 -3.74403121e+02 
 5.84341413e+08  2.62978568e+01  5.84341413e+08 -3.72675999e+02 
 6.30957344e+08  2.62344718e+01  6.30957344e+08 -3.71175523e+02 
 6.81292069e+08  2.61697897e+01  6.81292069e+08 -3.69873285e+02 
 7.35642254e+08  2.61060218e+01  7.35642254e+08 -3.68743483e+02 
 7.94328235e+08  2.60446418e+01  7.94328235e+08 -3.67763159e+02 
 8.57695899e+08  2.59865837e+01  8.57695899e+08 -3.66912163e+02 
 9.26118728e+08  2.59323906e+01  9.26118728e+08 -3.66172970e+02 
 1.00000000e+09  2.58823265e+01  1.00000000e+09 -3.65530436e+02 
