 1.00000000e+00  7.07292777e+01  1.00000000e+00 -4.92247136e-04 
 1.07977516e+00  7.07292777e+01  1.07977516e+00 -5.31516231e-04 
 1.16591440e+00  7.07292777e+01  1.16591440e+00 -5.73918025e-04 
 1.25892541e+00  7.07292777e+01  1.25892541e+00 -6.19702428e-04 
 1.35935639e+00  7.07292777e+01  1.35935639e+00 -6.69139290e-04 
 1.46779927e+00  7.07292777e+01  1.46779927e+00 -7.22519985e-04 
 1.58489319e+00  7.07292777e+01  1.58489319e+00 -7.80159135e-04 
 1.71132830e+00  7.07292777e+01  1.71132830e+00 -8.42396456e-04 
 1.84784980e+00  7.07292777e+01  1.84784980e+00 -9.09598770e-04 
 1.99526231e+00  7.07292777e+01  1.99526231e+00 -9.82162160e-04 
 2.15443469e+00  7.07292777e+01  2.15443469e+00 -1.06051431e-03 
 2.32630507e+00  7.07292777e+01  2.32630507e+00 -1.14511701e-03 
 2.51188643e+00  7.07292777e+01  2.51188643e+00 -1.23646890e-03 
 2.71227258e+00  7.07292777e+01  2.71227258e+00 -1.33510841e-03 
 2.92864456e+00  7.07292777e+01  2.92864456e+00 -1.44161690e-03 
 3.16227766e+00  7.07292777e+01  3.16227766e+00 -1.55662212e-03 
 3.41454887e+00  7.07292777e+01  3.41454887e+00 -1.68080190e-03 
 3.68694506e+00  7.07292777e+01  3.68694506e+00 -1.81488815e-03 
 3.98107171e+00  7.07292777e+01  3.98107171e+00 -1.95967114e-03 
 4.29866235e+00  7.07292777e+01  4.29866235e+00 -2.11600423e-03 
 4.64158883e+00  7.07292777e+01  4.64158883e+00 -2.28480881e-03 
 5.01187234e+00  7.07292777e+01  5.01187234e+00 -2.46707980e-03 
 5.41169527e+00  7.07292777e+01  5.41169527e+00 -2.66389149e-03 
 5.84341413e+00  7.07292777e+01  5.84341413e+00 -2.87640387e-03 
 6.30957344e+00  7.07292777e+01  6.30957344e+00 -3.10586945e-03 
 6.81292069e+00  7.07292777e+01  6.81292069e+00 -3.35364069e-03 
 7.35642254e+00  7.07292777e+01  7.35642254e+00 -3.62117792e-03 
 7.94328235e+00  7.07292777e+01  7.94328235e+00 -3.91005798e-03 
 8.57695899e+00  7.07292777e+01  8.57695899e+00 -4.22198349e-03 
 9.26118728e+00  7.07292777e+01  9.26118728e+00 -4.55879290e-03 
 1.00000000e+01  7.07292777e+01  1.00000000e+01 -4.92247135e-03 
 1.07977516e+01  7.07292777e+01  1.07977516e+01 -5.31516230e-03 
 1.16591440e+01  7.07292777e+01  1.16591440e+01 -5.73918023e-03 
 1.25892541e+01  7.07292776e+01  1.25892541e+01 -6.19702426e-03 
 1.35935639e+01  7.07292776e+01  1.35935639e+01 -6.69139287e-03 
 1.46779927e+01  7.07292776e+01  1.46779927e+01 -7.22519982e-03 
 1.58489319e+01  7.07292776e+01  1.58489319e+01 -7.80159130e-03 
 1.71132830e+01  7.07292776e+01  1.71132830e+01 -8.42396451e-03 
 1.84784980e+01  7.07292776e+01  1.84784980e+01 -9.09598763e-03 
 1.99526231e+01  7.07292776e+01  1.99526231e+01 -9.82162151e-03 
 2.15443469e+01  7.07292776e+01  2.15443469e+01 -1.06051429e-02 
 2.32630507e+01  7.07292775e+01  2.32630507e+01 -1.14511699e-02 
 2.51188643e+01  7.07292775e+01  2.51188643e+01 -1.23646888e-02 
 2.71227258e+01  7.07292775e+01  2.71227258e+01 -1.33510839e-02 
 2.92864456e+01  7.07292774e+01  2.92864456e+01 -1.44161687e-02 
 3.16227766e+01  7.07292774e+01  3.16227766e+01 -1.55662209e-02 
 3.41454887e+01  7.07292773e+01  3.41454887e+01 -1.68080186e-02 
 3.68694506e+01  7.07292773e+01  3.68694506e+01 -1.81488809e-02 
 3.98107171e+01  7.07292772e+01  3.98107171e+01 -1.95967107e-02 
 4.29866235e+01  7.07292771e+01  4.29866235e+01 -2.11600414e-02 
 4.64158883e+01  7.07292770e+01  4.64158883e+01 -2.28480870e-02 
 5.01187234e+01  7.07292769e+01  5.01187234e+01 -2.46707966e-02 
 5.41169527e+01  7.07292768e+01  5.41169527e+01 -2.66389132e-02 
 5.84341413e+01  7.07292767e+01  5.84341413e+01 -2.87640365e-02 
 6.30957344e+01  7.07292765e+01  6.30957344e+01 -3.10586918e-02 
 6.81292069e+01  7.07292763e+01  6.81292069e+01 -3.35364034e-02 
 7.35642254e+01  7.07292761e+01  7.35642254e+01 -3.62117748e-02 
 7.94328235e+01  7.07292758e+01  7.94328235e+01 -3.91005742e-02 
 8.57695899e+01  7.07292755e+01  8.57695899e+01 -4.22198279e-02 
 9.26118728e+01  7.07292751e+01  9.26118728e+01 -4.55879203e-02 
 1.00000000e+02  7.07292747e+01  1.00000000e+02 -4.92247024e-02 
 1.07977516e+02  7.07292742e+01  1.07977516e+02 -5.31516090e-02 
 1.16591440e+02  7.07292736e+01  1.16591440e+02 -5.73917847e-02 
 1.25892541e+02  7.07292729e+01  1.25892541e+02 -6.19702205e-02 
 1.35935639e+02  7.07292721e+01  1.35935639e+02 -6.69139009e-02 
 1.46779927e+02  7.07292711e+01  1.46779927e+02 -7.22519632e-02 
 1.58489319e+02  7.07292701e+01  1.58489319e+02 -7.80158689e-02 
 1.71132830e+02  7.07292688e+01  1.71132830e+02 -8.42395896e-02 
 1.84784980e+02  7.07292673e+01  1.84784980e+02 -9.09598065e-02 
 1.99526231e+02  7.07292656e+01  1.99526231e+02 -9.82161271e-02 
 2.15443469e+02  7.07292636e+01  2.15443469e+02 -1.06051319e-01 
 2.32630507e+02  7.07292612e+01  2.32630507e+02 -1.14511560e-01 
 2.51188643e+02  7.07292585e+01  2.51188643e+02 -1.23646713e-01 
 2.71227258e+02  7.07292553e+01  2.71227258e+02 -1.33510618e-01 
 2.92864456e+02  7.07292516e+01  2.92864456e+02 -1.44161409e-01 
 3.16227766e+02  7.07292473e+01  3.16227766e+02 -1.55661858e-01 
 3.41454887e+02  7.07292422e+01  3.41454887e+02 -1.68079745e-01 
 3.68694506e+02  7.07292364e+01  3.68694506e+02 -1.81488254e-01 
 3.98107171e+02  7.07292295e+01  3.98107171e+02 -1.95966409e-01 
 4.29866235e+02  7.07292215e+01  4.29866235e+02 -2.11599534e-01 
 4.64158883e+02  7.07292122e+01  4.64158883e+02 -2.28479762e-01 
 5.01187234e+02  7.07292013e+01  5.01187234e+02 -2.46706572e-01 
 5.41169527e+02  7.07291886e+01  5.41169527e+02 -2.66387377e-01 
 5.84341413e+02  7.07291738e+01  5.84341413e+02 -2.87638156e-01 
 6.30957344e+02  7.07291566e+01  6.30957344e+02 -3.10584136e-01 
 6.81292069e+02  7.07291365e+01  6.81292069e+02 -3.35360533e-01 
 7.35642254e+02  7.07291131e+01  7.35642254e+02 -3.62113340e-01 
 7.94328235e+02  7.07290858e+01  7.94328235e+02 -3.91000193e-01 
 8.57695899e+02  7.07290540e+01  8.57695899e+02 -4.22191293e-01 
 9.26118728e+02  7.07290168e+01  9.26118728e+02 -4.55870403e-01 
 1.00000000e+03  7.07289735e+01  1.00000000e+03 -4.92235949e-01 
 1.07977516e+03  7.07289231e+01  1.07977516e+03 -5.31502148e-01 
 1.16591440e+03  7.07288642e+01  1.16591440e+03 -5.73900296e-01 
 1.25892541e+03  7.07287956e+01  1.25892541e+03 -6.19680110e-01 
 1.35935639e+03  7.07287157e+01  1.35935639e+03 -6.69111194e-01 
 1.46779927e+03  7.07286225e+01  1.46779927e+03 -7.22484615e-01 
 1.58489319e+03  7.07285137e+01  1.58489319e+03 -7.80114605e-01 
 1.71132830e+03  7.07283870e+01  1.71132830e+03 -8.42340402e-01 
 1.84784980e+03  7.07282393e+01  1.84784980e+03 -9.09528203e-01 
 1.99526231e+03  7.07280670e+01  1.99526231e+03 -9.82073325e-01 
 2.15443469e+03  7.07278661e+01  2.15443469e+03 -1.06040246e+00 
 2.32630507e+03  7.07276320e+01  2.32630507e+03 -1.14497621e+00 
 2.51188643e+03  7.07273590e+01  2.51188643e+03 -1.23629167e+00 
 2.71227258e+03  7.07270408e+01  2.71227258e+03 -1.33488530e+00 
 2.92864456e+03  7.07266697e+01  2.92864456e+03 -1.44133602e+00 
 3.16227766e+03  7.07262371e+01  3.16227766e+03 -1.55626853e+00 
 3.41454887e+03  7.07257329e+01  3.41454887e+03 -1.68035679e+00 
 3.68694506e+03  7.07251451e+01  3.68694506e+03 -1.81432784e+00 
 3.98107171e+03  7.07244597e+01  3.98107171e+03 -1.95896582e+00 
 4.29866235e+03  7.07236609e+01  4.29866235e+03 -2.11511637e+00 
 4.64158883e+03  7.07227296e+01  4.64158883e+03 -2.28369119e+00 
 5.01187234e+03  7.07216443e+01  5.01187234e+03 -2.46567306e+00 
 5.41169527e+03  7.07203791e+01  5.41169527e+03 -2.66212082e+00 
 5.84341413e+03  7.07189044e+01  5.84341413e+03 -2.87417516e+00 
 6.30957344e+03  7.07171857e+01  6.30957344e+03 -3.10306435e+00 
 6.81292069e+03  7.07151827e+01  6.81292069e+03 -3.35011023e+00 
 7.35642254e+03  7.07128485e+01  7.35642254e+03 -3.61673474e+00 
 7.94328235e+03  7.07101286e+01  7.94328235e+03 -3.90446644e+00 
 8.57695899e+03  7.07069596e+01  8.57695899e+03 -4.21494723e+00 
 9.26118728e+03  7.07032678e+01  9.26118728e+03 -4.54993932e+00 
 1.00000000e+04  7.06989674e+01  1.00000000e+04 -4.91133195e+00 
 1.07977516e+04  7.06939589e+01  1.07977516e+04 -5.30114835e+00 
 1.16591440e+04  7.06881267e+01  1.16591440e+04 -5.72155196e+00 
 1.25892541e+04  7.06813366e+01  1.25892541e+04 -6.17485240e+00 
 1.35935639e+04  7.06734334e+01  1.35935639e+04 -6.66351067e+00 
 1.46779927e+04  7.06642371e+01  1.46779927e+04 -7.19014289e+00 
 1.58489319e+04  7.06535394e+01  1.58489319e+04 -7.75752258e+00 
 1.71132830e+04  7.06411000e+01  1.71132830e+04 -8.36858079e+00 
 1.84784980e+04  7.06266414e+01  1.84784980e+04 -9.02640323e+00 
 1.99526231e+04  7.06098444e+01  1.99526231e+04 -9.73422358e+00 
 2.15443469e+04  7.05903422e+01  2.15443469e+04 -1.04954129e+01 
 2.32630507e+04  7.05677144e+01  2.32630507e+04 -1.13134616e+01 
 2.51188643e+04  7.05414799e+01  2.51188643e+04 -1.21919555e+01 
 2.71227258e+04  7.05110915e+01  2.71227258e+04 -1.31345434e+01 
 2.92864456e+04  7.04759274e+01  2.92864456e+04 -1.41448932e+01 
 3.16227766e+04  7.04352850e+01  3.16227766e+04 -1.52266371e+01 
 3.41454887e+04  7.03883741e+01  3.41454887e+04 -1.63833025e+01 
 3.68694506e+04  7.03343116e+01  3.68694506e+04 -1.76182291e+01 
 3.98107171e+04  7.02721168e+01  3.98107171e+04 -1.89344679e+01 
 4.29866235e+04  7.02007088e+01  4.29866235e+04 -2.03346651e+01 
 4.64158883e+04  7.01189077e+01  4.64158883e+04 -2.18209307e+01 
 5.01187234e+04  7.00254381e+01  5.01187234e+04 -2.33946913e+01 
 5.41169527e+04  6.99189388e+01  5.41169527e+04 -2.50565365e+01 
 5.84341413e+04  6.97979764e+01  5.84341413e+04 -2.68060579e+01 
 6.30957344e+04  6.96610667e+01  6.30957344e+04 -2.86416976e+01 
 6.81292069e+04  6.95067012e+01  6.81292069e+04 -3.05606085e+01 
 7.35642254e+04  6.93333820e+01  7.35642254e+04 -3.25585494e+01 
 7.94328235e+04  6.91396604e+01  7.94328235e+04 -3.46298167e+01 
 8.57695899e+04  6.89241819e+01  8.57695899e+04 -3.67672399e+01 
 9.26118728e+04  6.86857323e+01  9.26118728e+04 -3.89622407e+01 
 1.00000000e+05  6.84232835e+01  1.00000000e+05 -4.12049691e+01 
 1.07977516e+05  6.81360353e+01  1.07977516e+05 -4.34845171e+01 
 1.16591440e+05  6.78234497e+01  1.16591440e+05 -4.57891984e+01 
 1.25892541e+05  6.74852747e+01  1.25892541e+05 -4.81068864e+01 
 1.35935639e+05  6.71215557e+01  1.35935639e+05 -5.04253837e+01 
 1.46779927e+05  6.67326328e+01  1.46779927e+05 -5.27328038e+01 
 1.58489319e+05  6.63191243e+01  1.58489319e+05 -5.50179299e+01 
 1.71132830e+05  6.58818988e+01  1.71132830e+05 -5.72705380e+01 
 1.84784980e+05  6.54220373e+01  1.84784980e+05 -5.94816563e+01 
 1.99526231e+05  6.49407894e+01  1.99526231e+05 -6.16437533e+01 
 2.15443469e+05  6.44395261e+01  2.15443469e+05 -6.37508492e+01 
 2.32630507e+05  6.39196936e+01  2.32630507e+05 -6.57985555e+01 
 2.51188643e+05  6.33827702e+01  2.51188643e+05 -6.77840505e+01 
 2.71227258e+05  6.28302272e+01  2.71227258e+05 -6.97060025e+01 
 2.92864456e+05  6.22634973e+01  2.92864456e+05 -7.15644522e+01 
 3.16227766e+05  6.16839481e+01  3.16227766e+05 -7.33606782e+01 
 3.41454887e+05  6.10928633e+01  3.41454887e+05 -7.50970445e+01 
 3.68694506e+05  6.04914292e+01  3.68694506e+05 -7.67768483e+01 
 3.98107171e+05  5.98807257e+01  3.98107171e+05 -7.84041764e+01 
 4.29866235e+05  5.92617229e+01  4.29866235e+05 -7.99837695e+01 
 4.64158883e+05  5.86352793e+01  4.64158883e+05 -8.15209057e+01 
 5.01187234e+05  5.80021432e+01  5.01187234e+05 -8.30212954e+01 
 5.41169527e+05  5.73629556e+01  5.41169527e+05 -8.44909978e+01 
 5.84341413e+05  5.67182534e+01  5.84341413e+05 -8.59363481e+01 
 6.30957344e+05  5.60684735e+01  6.30957344e+05 -8.73639028e+01 
 6.81292069e+05  5.54139566e+01  6.81292069e+05 -8.87803946e+01 
 7.35642254e+05  5.47549501e+01  7.35642254e+05 -9.01926983e+01 
 7.94328235e+05  5.40916110e+01  7.94328235e+05 -9.16078045e+01 
 8.57695899e+05  5.34240074e+01  8.57695899e+05 -9.30327989e+01 
 9.26118728e+05  5.27521192e+01  9.26118728e+05 -9.44748453e+01 
 1.00000000e+06  5.20758380e+01  1.00000000e+06 -9.59411686e+01 
 1.07977516e+06  5.13949656e+01  1.07977516e+06 -9.74390387e+01 
 1.16591440e+06  5.07092119e+01  1.16591440e+06 -9.89757491e+01 
 1.25892541e+06  5.00181915e+01  1.25892541e+06 -1.00558592e+02 
 1.35935639e+06  4.93214204e+01  1.35935639e+06 -1.02194822e+02 
 1.46779927e+06  4.86183116e+01  1.46779927e+06 -1.03891619e+02 
 1.58489319e+06  4.79081708e+01  1.58489319e+06 -1.05656024e+02 
 1.71132830e+06  4.71901932e+01  1.71132830e+06 -1.07494877e+02 
 1.84784980e+06  4.64634599e+01  1.84784980e+06 -1.09414733e+02 
 1.99526231e+06  4.57269375e+01  1.99526231e+06 -1.11421757e+02 
 2.15443469e+06  4.49794793e+01  2.15443469e+06 -1.13521617e+02 
 2.32630507e+06  4.42198300e+01  2.32630507e+06 -1.15719355e+02 
 2.51188643e+06  4.34466350e+01  2.51188643e+06 -1.18019251e+02 
 2.71227258e+06  4.26584546e+01  2.71227258e+06 -1.20424687e+02 
 2.92864456e+06  4.18537842e+01  2.92864456e+06 -1.22938016e+02 
 3.16227766e+06  4.10310805e+01  3.16227766e+06 -1.25560449e+02 
 3.41454887e+06  4.01887948e+01  3.41454887e+06 -1.28291971e+02 
 3.68694506e+06  3.93254102e+01  3.68694506e+06 -1.31131306e+02 
 3.98107171e+06  3.84394842e+01  3.98107171e+06 -1.34075942e+02 
 4.29866235e+06  3.75296918e+01  4.29866235e+06 -1.37122221e+02 
 4.64158883e+06  3.65948679e+01  4.64158883e+06 -1.40265513e+02 
 5.01187234e+06  3.56340445e+01  5.01187234e+06 -1.43500478e+02 
 5.41169527e+06  3.46464791e+01  5.41169527e+06 -1.46821391e+02 
 5.84341413e+06  3.36316718e+01  5.84341413e+06 -1.50222544e+02 
 6.30957344e+06  3.25893670e+01  6.30957344e+06 -1.53698684e+02 
 6.81292069e+06  3.15195396e+01  6.81292069e+06 -1.57245488e+02 
 7.35642254e+06  3.04223640e+01  7.35642254e+06 -1.60860035e+02 
 7.94328235e+06  2.92981675e+01  7.94328235e+06 -1.64541267e+02 
 8.57695899e+06  2.81473693e+01  8.57695899e+06 -1.68290445e+02 
 9.26118728e+06  2.69704072e+01  9.26118728e+06 -1.72111576e+02 
 1.00000000e+07  2.57676532e+01  1.00000000e+07 -1.76011870e+02 
 1.07977516e+07  2.45393211e+01  1.07977516e+07 -1.80002234e+02 
 1.16591440e+07  2.32853662e+01  1.16591440e+07 -1.84097896e+02 
 1.25892541e+07  2.20053768e+01  1.25892541e+07 -1.88319237e+02 
 1.35935639e+07  2.06984615e+01  1.35935639e+07 -1.92692991e+02 
 1.46779927e+07  1.93631345e+01  1.46779927e+07 -1.97254008e+02 
 1.58489319e+07  1.79972114e+01  1.58489319e+07 -2.02047919e+02 
 1.71132830e+07  1.65977478e+01  1.71132830e+07 -2.07135166e+02 
 1.84784980e+07  1.51610879e+01  1.84784980e+07 -2.12597151e+02 
 1.99526231e+07  1.36831849e+01  1.99526231e+07 -2.18545569e+02 
 2.15443469e+07  1.21605408e+01  2.15443469e+07 -2.25136441e+02 
 2.32630507e+07  1.05925256e+01  2.32630507e+07 -2.32590333e+02 
 2.51188643e+07  8.98666458e+00  2.51188643e+07 -2.41218260e+02 
 2.71227258e+07  7.36988405e+00  2.71227258e+07 -2.51443232e+02 
 2.92864456e+07  5.80968049e+00  2.92864456e+07 -2.63775984e+02 
 3.16227766e+07  4.44318210e+00  3.16227766e+07 -2.78634265e+02 
 3.41454887e+07  3.48241556e+00  3.41454887e+07 -2.95867288e+02 
 3.68694506e+07  3.12537928e+00  3.68694506e+07 -3.14226809e+02 
 3.98107171e+07  3.39516492e+00  3.98107171e+07 -3.31718056e+02 
 4.29866235e+07  4.11788267e+00  4.29866235e+07 -3.46874154e+02 
 4.64158883e+07  5.07477183e+00  4.64158883e+07 -3.59356313e+02 
 5.01187234e+07  6.11407502e+00  5.01187234e+07 -3.69515478e+02 
 5.41169527e+07  7.15858079e+00  5.41169527e+07 -3.77862974e+02 
 5.84341413e+07  8.17724908e+00  5.84341413e+07 -3.84839579e+02 
 6.30957344e+07  9.16187518e+00  6.30957344e+07 -3.90771742e+02 
 6.81292069e+07  1.01142027e+01  6.81292069e+07 -3.95888758e+02 
 7.35642254e+07  1.10397585e+01  7.35642254e+07 -4.00348901e+02 
 7.94328235e+07  1.19451069e+01  7.94328235e+07 -4.04260611e+02 
 8.57695899e+07  1.28366946e+01  8.57695899e+07 -4.07697223e+02 
 9.26118728e+07  1.37203998e+01  9.26118728e+07 -4.10706610e+02 
 1.00000000e+08  1.46013641e+01  1.00000000e+08 -4.13317267e+02 
 1.07977516e+08  1.54839087e+01  1.07977516e+08 -4.15542020e+02 
 1.16591440e+08  1.63714315e+01  1.16591440e+08 -4.17380203e+02 
 1.25892541e+08  1.72662281e+01  1.25892541e+08 -4.18818926e+02 
 1.35935639e+08  1.81691939e+01  1.35935639e+08 -4.19833997e+02 
 1.46779927e+08  1.90793863e+01  1.46779927e+08 -4.20391069e+02 
 1.58489319e+08  1.99934430e+01  1.58489319e+08 -4.20447731e+02 
 1.71132830e+08  2.09049049e+01  1.71132830e+08 -4.19957420e+02 
 1.84784980e+08  2.18035724e+01  1.84784980e+08 -4.18876062e+02 
 1.99526231e+08  2.26751500e+01  1.99526231e+08 -4.17172118e+02 
 2.15443469e+08  2.35015628e+01  2.15443469e+08 -4.14839628e+02 
 2.32630507e+08  2.42623618e+01  2.32630507e+08 -4.11911962e+02 
 2.51188643e+08  2.49374093e+01  2.51188643e+08 -4.08471477e+02 
 2.71227258e+08  2.55104584e+01  2.71227258e+08 -4.04649098e+02 
 2.92864456e+08  2.59725249e+01  2.92864456e+08 -4.00610198e+02 
 3.16227766e+08  2.63236688e+01  3.16227766e+08 -3.96529383e+02 
 3.41454887e+08  2.65724052e+01  3.41454887e+08 -3.92563142e+02 
 3.68694506e+08  2.67331445e+01  3.68694506e+08 -3.88830300e+02 
 3.98107171e+08  2.68228979e+01  3.98107171e+08 -3.85405207e+02 
 4.29866235e+08  2.68584592e+01  4.29866235e+08 -3.82321915e+02 
 4.64158883e+08  2.68546490e+01  4.64158883e+08 -3.79584117e+02 
 5.01187234e+08  2.68235921e+01  5.01187234e+08 -3.77175959e+02 
 5.41169527e+08  2.67746997e+01  5.41169527e+08 -3.75070953e+02 
 5.84341413e+08  2.67150094e+01  5.84341413e+08 -3.73238210e+02 
 6.30957344e+08  2.66496387e+01  6.30957344e+08 -3.71646283e+02 
 6.81292069e+08  2.65822220e+01  6.81292069e+08 -3.70265278e+02 
 7.35642254e+08  2.65152784e+01  7.35642254e+08 -3.69067865e+02 
 7.94328235e+08  2.64505019e+01  7.94328235e+08 -3.68029631e+02 
 8.57695899e+08  2.63889825e+01  8.57695899e+08 -3.67129094e+02 
 9.26118728e+08  2.63313718e+01  9.26118728e+08 -3.66347537e+02 
 1.00000000e+09  2.62780073e+01  1.00000000e+09 -3.65668761e+02 
