 1.00000000e+00  6.16282193e+01  1.00000000e+00 -1.75046947e-04 
 1.07977516e+00  6.16282193e+01  1.07977516e+00 -1.89011345e-04 
 1.16591440e+00  6.16282193e+01  1.16591440e+00 -2.04089756e-04 
 1.25892541e+00  6.16282193e+01  1.25892541e+00 -2.20371050e-04 
 1.35935639e+00  6.16282193e+01  1.35935639e+00 -2.37951186e-04 
 1.46779927e+00  6.16282193e+01  1.46779927e+00 -2.56933780e-04 
 1.58489319e+00  6.16282193e+01  1.58489319e+00 -2.77430714e-04 
 1.71132830e+00  6.16282193e+01  1.71132830e+00 -2.99562795e-04 
 1.84784980e+00  6.16282193e+01  1.84784980e+00 -3.23460465e-04 
 1.99526231e+00  6.16282193e+01  1.99526231e+00 -3.49264576e-04 
 2.15443469e+00  6.16282193e+01  2.15443469e+00 -3.77127215e-04 
 2.32630507e+00  6.16282193e+01  2.32630507e+00 -4.07212600e-04 
 2.51188643e+00  6.16282193e+01  2.51188643e+00 -4.39698051e-04 
 2.71227258e+00  6.16282193e+01  2.71227258e+00 -4.74775034e-04 
 2.92864456e+00  6.16282193e+01  2.92864456e+00 -5.12650290e-04 
 3.16227766e+00  6.16282193e+01  3.16227766e+00 -5.53547050e-04 
 3.41454887e+00  6.16282193e+01  3.41454887e+00 -5.97706355e-04 
 3.68694506e+00  6.16282193e+01  3.68694506e+00 -6.45388477e-04 
 3.98107171e+00  6.16282193e+01  3.98107171e+00 -6.96874447e-04 
 4.29866235e+00  6.16282193e+01  4.29866235e+00 -7.52467720e-04 
 4.64158883e+00  6.16282193e+01  4.64158883e+00 -8.12495954e-04 
 5.01187234e+00  6.16282193e+01  5.01187234e+00 -8.77312951e-04 
 5.41169527e+00  6.16282193e+01  5.41169527e+00 -9.47300734e-04 
 5.84341413e+00  6.16282193e+01  5.84341413e+00 -1.02287180e-03 
 6.30957344e+00  6.16282193e+01  6.30957344e+00 -1.10447157e-03 
 6.81292069e+00  6.16282193e+01  6.81292069e+00 -1.19258097e-03 
 7.35642254e+00  6.16282193e+01  7.35642254e+00 -1.28771931e-03 
 7.94328235e+00  6.16282193e+01  7.94328235e+00 -1.39044732e-03 
 8.57695899e+00  6.16282193e+01  8.57695899e+00 -1.50137048e-03 
 9.26118728e+00  6.16282193e+01  9.26118728e+00 -1.62114256e-03 
 1.00000000e+01  6.16282193e+01  1.00000000e+01 -1.75046947e-03 
 1.07977516e+01  6.16282193e+01  1.07977516e+01 -1.89011345e-03 
 1.16591440e+01  6.16282193e+01  1.16591440e+01 -2.04089756e-03 
 1.25892541e+01  6.16282193e+01  1.25892541e+01 -2.20371050e-03 
 1.35935639e+01  6.16282193e+01  1.35935639e+01 -2.37951186e-03 
 1.46779927e+01  6.16282193e+01  1.46779927e+01 -2.56933780e-03 
 1.58489319e+01  6.16282193e+01  1.58489319e+01 -2.77430714e-03 
 1.71132830e+01  6.16282193e+01  1.71132830e+01 -2.99562795e-03 
 1.84784980e+01  6.16282193e+01  1.84784980e+01 -3.23460465e-03 
 1.99526231e+01  6.16282193e+01  1.99526231e+01 -3.49264576e-03 
 2.15443469e+01  6.16282193e+01  2.15443469e+01 -3.77127214e-03 
 2.32630507e+01  6.16282193e+01  2.32630507e+01 -4.07212599e-03 
 2.51188643e+01  6.16282193e+01  2.51188643e+01 -4.39698050e-03 
 2.71227258e+01  6.16282193e+01  2.71227258e+01 -4.74775033e-03 
 2.92864456e+01  6.16282192e+01  2.92864456e+01 -5.12650289e-03 
 3.16227766e+01  6.16282192e+01  3.16227766e+01 -5.53547048e-03 
 3.41454887e+01  6.16282192e+01  3.41454887e+01 -5.97706354e-03 
 3.68694506e+01  6.16282192e+01  3.68694506e+01 -6.45388475e-03 
 3.98107171e+01  6.16282192e+01  3.98107171e+01 -6.96874445e-03 
 4.29866235e+01  6.16282192e+01  4.29866235e+01 -7.52467716e-03 
 4.64158883e+01  6.16282192e+01  4.64158883e+01 -8.12495950e-03 
 5.01187234e+01  6.16282192e+01  5.01187234e+01 -8.77312946e-03 
 5.41169527e+01  6.16282192e+01  5.41169527e+01 -9.47300727e-03 
 5.84341413e+01  6.16282192e+01  5.84341413e+01 -1.02287180e-02 
 6.30957344e+01  6.16282191e+01  6.30957344e+01 -1.10447156e-02 
 6.81292069e+01  6.16282191e+01  6.81292069e+01 -1.19258095e-02 
 7.35642254e+01  6.16282191e+01  7.35642254e+01 -1.28771929e-02 
 7.94328235e+01  6.16282191e+01  7.94328235e+01 -1.39044730e-02 
 8.57695899e+01  6.16282190e+01  8.57695899e+01 -1.50137046e-02 
 9.26118728e+01  6.16282190e+01  9.26118728e+01 -1.62114253e-02 
 1.00000000e+02  6.16282189e+01  1.00000000e+02 -1.75046943e-02 
 1.07977516e+02  6.16282189e+01  1.07977516e+02 -1.89011340e-02 
 1.16591440e+02  6.16282188e+01  1.16591440e+02 -2.04089750e-02 
 1.25892541e+02  6.16282187e+01  1.25892541e+02 -2.20371041e-02 
 1.35935639e+02  6.16282186e+01  1.35935639e+02 -2.37951176e-02 
 1.46779927e+02  6.16282185e+01  1.46779927e+02 -2.56933767e-02 
 1.58489319e+02  6.16282184e+01  1.58489319e+02 -2.77430698e-02 
 1.71132830e+02  6.16282183e+01  1.71132830e+02 -2.99562774e-02 
 1.84784980e+02  6.16282181e+01  1.84784980e+02 -3.23460439e-02 
 1.99526231e+02  6.16282179e+01  1.99526231e+02 -3.49264544e-02 
 2.15443469e+02  6.16282177e+01  2.15443469e+02 -3.77127174e-02 
 2.32630507e+02  6.16282174e+01  2.32630507e+02 -4.07212548e-02 
 2.51188643e+02  6.16282171e+01  2.51188643e+02 -4.39697985e-02 
 2.71227258e+02  6.16282168e+01  2.71227258e+02 -4.74774952e-02 
 2.92864456e+02  6.16282164e+01  2.92864456e+02 -5.12650186e-02 
 3.16227766e+02  6.16282159e+01  3.16227766e+02 -5.53546920e-02 
 3.41454887e+02  6.16282153e+01  3.41454887e+02 -5.97706192e-02 
 3.68694506e+02  6.16282147e+01  3.68694506e+02 -6.45388271e-02 
 3.98107171e+02  6.16282139e+01  3.98107171e+02 -6.96874188e-02 
 4.29866235e+02  6.16282130e+01  4.29866235e+02 -7.52467393e-02 
 4.64158883e+02  6.16282120e+01  4.64158883e+02 -8.12495543e-02 
 5.01187234e+02  6.16282108e+01  5.01187234e+02 -8.77312433e-02 
 5.41169527e+02  6.16282094e+01  5.41169527e+02 -9.47300082e-02 
 5.84341413e+02  6.16282077e+01  5.84341413e+02 -1.02287098e-01 
 6.30957344e+02  6.16282058e+01  6.30957344e+02 -1.10447054e-01 
 6.81292069e+02  6.16282036e+01  6.81292069e+02 -1.19257967e-01 
 7.35642254e+02  6.16282010e+01  7.35642254e+02 -1.28771767e-01 
 7.94328235e+02  6.16281979e+01  7.94328235e+02 -1.39044526e-01 
 8.57695899e+02  6.16281944e+01  8.57695899e+02 -1.50136789e-01 
 9.26118728e+02  6.16281902e+01  9.26118728e+02 -1.62113929e-01 
 1.00000000e+03  6.16281854e+01  1.00000000e+03 -1.75046535e-01 
 1.07977516e+03  6.16281798e+01  1.07977516e+03 -1.89010827e-01 
 1.16591440e+03  6.16281733e+01  1.16591440e+03 -2.04089104e-01 
 1.25892541e+03  6.16281657e+01  1.25892541e+03 -2.20370229e-01 
 1.35935639e+03  6.16281568e+01  1.35935639e+03 -2.37950153e-01 
 1.46779927e+03  6.16281464e+01  1.46779927e+03 -2.56932480e-01 
 1.58489319e+03  6.16281343e+01  1.58489319e+03 -2.77429077e-01 
 1.71132830e+03  6.16281202e+01  1.71132830e+03 -2.99560734e-01 
 1.84784980e+03  6.16281038e+01  1.84784980e+03 -3.23457870e-01 
 1.99526231e+03  6.16280846e+01  1.99526231e+03 -3.49261310e-01 
 2.15443469e+03  6.16280623e+01  2.15443469e+03 -3.77123102e-01 
 2.32630507e+03  6.16280362e+01  2.32630507e+03 -4.07207422e-01 
 2.51188643e+03  6.16280059e+01  2.51188643e+03 -4.39691533e-01 
 2.71227258e+03  6.16279705e+01  2.71227258e+03 -4.74766831e-01 
 2.92864456e+03  6.16279292e+01  2.92864456e+03 -5.12639959e-01 
 3.16227766e+03  6.16278810e+01  3.16227766e+03 -5.53534044e-01 
 3.41454887e+03  6.16278249e+01  3.41454887e+03 -5.97689982e-01 
 3.68694506e+03  6.16277595e+01  3.68694506e+03 -6.45367866e-01 
 3.98107171e+03  6.16276832e+01  3.98107171e+03 -6.96848499e-01 
 4.29866235e+03  6.16275943e+01  4.29866235e+03 -7.52435053e-01 
 4.64158883e+03  6.16274906e+01  4.64158883e+03 -8.12454830e-01 
 5.01187234e+03  6.16273697e+01  5.01187234e+03 -8.77261180e-01 
 5.41169527e+03  6.16272287e+01  5.41169527e+03 -9.47235558e-01 
 5.84341413e+03  6.16270644e+01  5.84341413e+03 -1.02278976e+00 
 6.30957344e+03  6.16268728e+01  6.30957344e+03 -1.10436828e+00 
 6.81292069e+03  6.16266494e+01  6.81292069e+03 -1.19245093e+00 
 7.35642254e+03  6.16263890e+01  7.35642254e+03 -1.28755561e+00 
 7.94328235e+03  6.16260854e+01  7.94328235e+03 -1.39024125e+00 
 8.57695899e+03  6.16257315e+01  8.57695899e+03 -1.50111107e+00 
 9.26118728e+03  6.16253188e+01  9.26118728e+03 -1.62081598e+00 
 1.00000000e+04  6.16248379e+01  1.00000000e+04 -1.75005838e+00 
 1.07977516e+04  6.16242771e+01  1.07977516e+04 -1.88959595e+00 
 1.16591440e+04  6.16236233e+01  1.16591440e+04 -2.04024611e+00 
 1.25892541e+04  6.16228613e+01  1.25892541e+04 -2.20289047e+00 
 1.35935639e+04  6.16219729e+01  1.35935639e+04 -2.37847963e+00 
 1.46779927e+04  6.16209374e+01  1.46779927e+04 -2.56803847e+00 
 1.58489319e+04  6.16197304e+01  1.58489319e+04 -2.77267166e+00 
 1.71132830e+04  6.16183236e+01  1.71132830e+04 -2.99356939e+00 
 1.84784980e+04  6.16166838e+01  1.84784980e+04 -3.23201366e+00 
 1.99526231e+04  6.16147728e+01  1.99526231e+04 -3.48938474e+00 
 2.15443469e+04  6.16125459e+01  2.15443469e+04 -3.76716802e+00 
 2.32630507e+04  6.16099509e+01  2.32630507e+04 -4.06696106e+00 
 2.51188643e+04  6.16069272e+01  2.51188643e+04 -4.39048093e+00 
 2.71227258e+04  6.16034045e+01  2.71227258e+04 -4.73957183e+00 
 2.92864456e+04  6.15993008e+01  2.92864456e+04 -5.11621255e+00 
 3.16227766e+04  6.15945211e+01  3.16227766e+04 -5.52252421e+00 
 3.41454887e+04  6.15889550e+01  3.41454887e+04 -5.96077759e+00 
 3.68694506e+04  6.15824742e+01  3.68694506e+04 -6.43340020e+00 
 3.98107171e+04  6.15749302e+01  3.98107171e+04 -6.94298262e+00 
 4.29866235e+04  6.15661509e+01  4.29866235e+04 -7.49228410e+00 
 4.64158883e+04  6.15559370e+01  4.64158883e+04 -8.08423630e+00 
 5.01187234e+04  6.15440583e+01  5.01187234e+04 -8.72194568e+00 
 5.41169527e+04  6.15302491e+01  5.41169527e+04 -9.40869309e+00 
 5.84341413e+04  6.15142033e+01  5.84341413e+04 -1.01479299e+01 
 6.30957344e+04  6.14955688e+01  6.30957344e+04 -1.09432703e+01 
 6.81292069e+04  6.14739417e+01  6.81292069e+04 -1.17984779e+01 
 7.35642254e+04  6.14488597e+01  7.35642254e+04 -1.27174458e+01 
 7.94328235e+04  6.14197956e+01  7.94328235e+04 -1.37041694e+01 
 8.57695899e+04  6.13861498e+01  8.57695899e+04 -1.47627082e+01 
 9.26118728e+04  6.13472435e+01  9.26118728e+04 -1.58971379e+01 
 1.00000000e+05  6.13023119e+01  1.00000000e+05 -1.71114888e+01 
 1.07977516e+05  6.12504976e+01  1.07977516e+05 -1.84096695e+01 
 1.16591440e+05  6.11908460e+01  1.16591440e+05 -1.97953765e+01 
 1.25892541e+05  6.11223020e+01  1.25892541e+05 -2.12719857e+01 
 1.35935639e+05  6.10437085e+01  1.35935639e+05 -2.28424286e+01 
 1.46779927e+05  6.09538100e+01  1.46779927e+05 -2.45090555e+01 
 1.58489319e+05  6.08512587e+01  1.58489319e+05 -2.62734853e+01 
 1.71132830e+05  6.07346270e+01  1.71132830e+05 -2.81364510e+01 
 1.84784980e+05  6.06024253e+01  1.84784980e+05 -3.00976481e+01 
 1.99526231e+05  6.04531265e+01  1.99526231e+05 -3.21555934e+01 
 2.15443469e+05  6.02851972e+01  2.15443469e+05 -3.43075110e+01 
 2.32630507e+05  6.00971348e+01  2.32630507e+05 -3.65492553e+01 
 2.51188643e+05  5.98875096e+01  2.51188643e+05 -3.88752866e+01 
 2.71227258e+05  5.96550102e+01  2.71227258e+05 -4.12787133e+01 
 2.92864456e+05  5.93984881e+01  2.92864456e+05 -4.37514064e+01 
 3.16227766e+05  5.91170012e+01  3.16227766e+05 -4.62841915e+01 
 3.41454887e+05  5.88098487e+01  3.41454887e+05 -4.88671123e+01 
 3.68694506e+05  5.84765981e+01  3.68694506e+05 -5.14897560e+01 
 3.98107171e+05  5.81170990e+01  3.98107171e+05 -5.41416210e+01 
 4.29866235e+05  5.77314833e+01  4.29866235e+05 -5.68124991e+01 
 4.64158883e+05  5.73201515e+01  4.64158883e+05 -5.94928534e+01 
 5.01187234e+05  5.68837456e+01  5.01187234e+05 -6.21741560e+01 
 5.41169527e+05  5.64231112e+01  5.41169527e+05 -6.48491763e+01 
 5.84341413e+05  5.59392525e+01  5.84341413e+05 -6.75121921e+01 
 6.30957344e+05  5.54332816e+01  6.30957344e+05 -7.01591286e+01 
 6.81292069e+05  5.49063683e+01  6.81292069e+05 -7.27876159e+01 
 7.35642254e+05  5.43596898e+01  7.35642254e+05 -7.53969771e+01 
 7.94328235e+05  5.37943861e+01  7.94328235e+05 -7.79881541e+01 
 8.57695899e+05  5.32115196e+01  8.57695899e+05 -8.05635864e+01 
 9.26118728e+05  5.26120410e+01  9.26118728e+05 -8.31270523e+01 
 1.00000000e+06  5.19967624e+01  1.00000000e+06 -8.56834871e+01 
 1.07977516e+06  5.13663351e+01  1.07977516e+06 -8.82387868e+01 
 1.16591440e+06  5.07212336e+01  1.16591440e+06 -9.07996029e+01 
 1.25892541e+06  5.00617450e+01  1.25892541e+06 -9.33731354e+01 
 1.35935639e+06  4.93879618e+01  1.35935639e+06 -9.59669243e+01 
 1.46779927e+06  4.86997800e+01  1.46779927e+06 -9.85886425e+01 
 1.58489319e+06  4.79968997e+01  1.58489319e+06 -1.01245889e+02 
 1.71132830e+06  4.72788315e+01  1.71132830e+06 -1.03945981e+02 
 1.84784980e+06  4.65449059e+01  1.84784980e+06 -1.06695756e+02 
 1.99526231e+06  4.57942879e+01  1.99526231e+06 -1.09501366e+02 
 2.15443469e+06  4.50259974e+01  2.15443469e+06 -1.12368091e+02 
 2.32630507e+06  4.42389354e+01  2.32630507e+06 -1.15300167e+02 
 2.51188643e+06  4.34319153e+01  2.51188643e+06 -1.18300632e+02 
 2.71227258e+06  4.26037021e+01  2.71227258e+06 -1.21371220e+02 
 2.92864456e+06  4.17530550e+01  2.92864456e+06 -1.24512293e+02 
 3.16227766e+06  4.08787748e+01  3.16227766e+06 -1.27722850e+02 
 3.41454887e+06  3.99797529e+01  3.41454887e+06 -1.31000593e+02 
 3.68694506e+06  3.90550185e+01  3.68694506e+06 -1.34342093e+02 
 3.98107171e+06  3.81037819e+01  3.98107171e+06 -1.37743021e+02 
 4.29866235e+06  3.71254687e+01  4.29866235e+06 -1.41198468e+02 
 4.64158883e+06  3.61197435e+01  4.64158883e+06 -1.44703326e+02 
 5.01187234e+06  3.50865195e+01  5.01187234e+06 -1.48252711e+02 
 5.41169527e+06  3.40259517e+01  5.41169527e+06 -1.51842418e+02 
 5.84341413e+06  3.29384165e+01  5.84341413e+06 -1.55469359e+02 
 6.30957344e+06  3.18244750e+01  6.30957344e+06 -1.59131998e+02 
 6.81292069e+06  3.06848250e+01  6.81292069e+06 -1.62830737e+02 
 7.35642254e+06  2.95202425e+01  7.35642254e+06 -1.66568276e+02 
 7.94328235e+06  2.83315168e+01  7.94328235e+06 -1.70349930e+02 
 8.57695899e+06  2.71193800e+01  8.57695899e+06 -1.74183948e+02 
 9.26118728e+06  2.58844347e+01  9.26118728e+06 -1.78081847e+02 
 1.00000000e+07  2.46270796e+01  1.00000000e+07 -1.82058821e+02 
 1.07977516e+07  2.33474346e+01  1.07977516e+07 -1.86134296e+02 
 1.16591440e+07  2.20452664e+01  1.16591440e+07 -1.90332716e+02 
 1.25892541e+07  2.07199180e+01  1.25892541e+07 -1.94684698e+02 
 1.35935639e+07  1.93702490e+01  1.35935639e+07 -1.99228747e+02 
 1.46779927e+07  1.79946052e+01  1.46779927e+07 -2.04013799e+02 
 1.58489319e+07  1.65908558e+01  1.58489319e+07 -2.09103004e+02 
 1.71132830e+07  1.51565799e+01  1.71132830e+07 -2.14579294e+02 
 1.84784980e+07  1.36895728e+01  1.84784980e+07 -2.20553537e+02 
 1.99526231e+07  1.21890144e+01  1.99526231e+07 -2.27176071e+02 
 2.15443469e+07  1.06579858e+01  2.15443469e+07 -2.34651905e+02 
 2.32630507e+07  9.10860718e+00  2.32630507e+07 -2.43257000e+02 
 2.51188643e+07  7.57181222e+00  2.51188643e+07 -2.53343623e+02 
 2.71227258e+07  6.11340668e+00  2.71227258e+07 -2.65298708e+02 
 2.92864456e+07  4.85179051e+00  2.92864456e+07 -2.79380383e+02 
 3.16227766e+07  3.95308485e+00  3.16227766e+07 -2.95375765e+02 
 3.41454887e+07  3.56432042e+00  3.41454887e+07 -3.12287561e+02 
 3.68694506e+07  3.70863651e+00  3.68694506e+07 -3.28597171e+02 
 3.98107171e+07  4.26605009e+00  3.98107171e+07 -3.43096992e+02 
 4.29866235e+07  5.06744215e+00  4.29866235e+07 -3.55368225e+02 
 4.64158883e+07  5.98003801e+00  4.64158883e+07 -3.65573878e+02 
 5.01187234e+07  6.92635832e+00  5.01187234e+07 -3.74084091e+02 
 5.41169527e+07  7.86925540e+00  5.41169527e+07 -3.81262814e+02 
 5.84341413e+07  8.79437724e+00  5.84341413e+07 -3.87400805e+02 
 6.30957344e+07  9.69870837e+00  6.30957344e+07 -3.92712779e+02 
 6.81292069e+07  1.05843659e+01  6.81292069e+07 -3.97352309e+02 
 7.35642254e+07  1.14555100e+01  7.35642254e+07 -4.01427543e+02 
 7.94328235e+07  1.23168758e+01  7.94328235e+07 -4.05013457e+02 
 8.57695899e+07  1.31730975e+01  8.57695899e+07 -4.08160431e+02 
 9.26118728e+07  1.40283953e+01  9.26118728e+07 -4.10899936e+02 
 1.00000000e+08  1.48864057e+01  1.00000000e+08 -4.13248140e+02 
 1.07977516e+08  1.57500364e+01  1.07977516e+08 -4.15208111e+02 
 1.16591440e+08  1.66212794e+01  1.16591440e+08 -4.16771135e+02 
 1.25892541e+08  1.75009354e+01  1.25892541e+08 -4.17917639e+02 
 1.35935639e+08  1.83882210e+01  1.35935639e+08 -4.18618197e+02 
 1.46779927e+08  1.92802486e+01  1.46779927e+08 -4.18835244e+02 
 1.58489319e+08  2.01714047e+01  1.58489319e+08 -4.18526246e+02 
 1.71132830e+08  2.10527203e+01  1.71132830e+08 -4.17649177e+02 
 1.84784980e+08  2.19114315e+01  1.84784980e+08 -4.16171036e+02 
 1.99526231e+08  2.27310548e+01  1.99526231e+08 -4.14079426e+02 
 2.15443469e+08  2.34923712e+01  2.15443469e+08 -4.11395679e+02 
 2.32630507e+08  2.41756040e+01  2.32630507e+08 -4.08185755e+02 
 2.51188643e+08  2.47636301e+01  2.51188643e+08 -4.04563392e+02 
 2.71227258e+08  2.52453970e+01  2.71227258e+08 -4.00680891e+02 
 2.92864456e+08  2.56182442e+01  2.92864456e+08 -3.96707781e+02 
 3.16227766e+08  2.58881060e+01  3.16227766e+08 -3.92804146e+02 
 3.41454887e+08  2.60675762e+01  3.41454887e+08 -3.89098448e+02 
 3.68694506e+08  2.61728173e+01  3.68694506e+08 -3.85676691e+02 
 3.98107171e+08  2.62205718e+01  3.98107171e+08 -3.82583323e+02 
 4.29866235e+08  2.62260770e+01  4.29866235e+08 -3.79829630e+02 
 4.64158883e+08  2.62020436e+01  4.64158883e+08 -3.77404446e+02 
 5.01187234e+08  2.61584502e+01  5.01187234e+08 -3.75283733e+02 
 5.41169527e+08  2.61027996e+01  5.41169527e+08 -3.73437613e+02 
 5.84341413e+08  2.60405573e+01  5.84341413e+08 -3.71834867e+02 
 6.30957344e+08  2.59756048e+01  6.30957344e+08 -3.70445478e+02 
 6.81292069e+08  2.59106337e+01  6.81292069e+08 -3.69241872e+02 
 7.35642254e+08  2.58474588e+01  7.35642254e+08 -3.68199390e+02 
 7.94328235e+08  2.57872562e+01  7.94328235e+08 -3.67296334e+02 
 8.57695899e+08  2.57307410e+01  8.57695899e+08 -3.66513813e+02 
 9.26118728e+08  2.56782982e+01  9.26118728e+08 -3.65835488e+02 
 1.00000000e+09  2.56300798e+01  1.00000000e+09 -3.65247307e+02 
