 1.00000000e+00  6.49740404e+01  1.00000000e+00 -3.07815117e-04 
 1.07977516e+00  6.49740404e+01  1.07977516e+00 -3.32371118e-04 
 1.16591440e+00  6.49740404e+01  1.16591440e+00 -3.58886078e-04 
 1.25892541e+00  6.49740404e+01  1.25892541e+00 -3.87516273e-04 
 1.35935639e+00  6.49740404e+01  1.35935639e+00 -4.18430446e-04 
 1.46779927e+00  6.49740404e+01  1.46779927e+00 -4.51810803e-04 
 1.58489319e+00  6.49740404e+01  1.58489319e+00 -4.87854083e-04 
 1.71132830e+00  6.49740404e+01  1.71132830e+00 -5.26772722e-04 
 1.84784980e+00  6.49740404e+01  1.84784980e+00 -5.68796101e-04 
 1.99526231e+00  6.49740404e+01  1.99526231e+00 -6.14171903e-04 
 2.15443469e+00  6.49740404e+01  2.15443469e+00 -6.63167566e-04 
 2.32630507e+00  6.49740404e+01  2.32630507e+00 -7.16071866e-04 
 2.51188643e+00  6.49740404e+01  2.51188643e+00 -7.73196616e-04 
 2.71227258e+00  6.49740404e+01  2.71227258e+00 -8.34878501e-04 
 2.92864456e+00  6.49740404e+01  2.92864456e+00 -9.01481069e-04 
 3.16227766e+00  6.49740404e+01  3.16227766e+00 -9.73396868e-04 
 3.41454887e+00  6.49740404e+01  3.41454887e+00 -1.05104976e-03 
 3.68694506e+00  6.49740404e+01  3.68694506e+00 -1.13489743e-03 
 3.98107171e+00  6.49740404e+01  3.98107171e+00 -1.22543405e-03 
 4.29866235e+00  6.49740404e+01  4.29866235e+00 -1.32319325e-03 
 4.64158883e+00  6.49740404e+01  4.64158883e+00 -1.42875121e-03 
 5.01187234e+00  6.49740404e+01  5.01187234e+00 -1.54273007e-03 
 5.41169527e+00  6.49740404e+01  5.41169527e+00 -1.66580161e-03 
 5.84341413e+00  6.49740404e+01  5.84341413e+00 -1.79869120e-03 
 6.30957344e+00  6.49740404e+01  6.30957344e+00 -1.94218209e-03 
 6.81292069e+00  6.49740404e+01  6.81292069e+00 -2.09711998e-03 
 7.35642254e+00  6.49740404e+01  7.35642254e+00 -2.26441806e-03 
 7.94328235e+00  6.49740404e+01  7.94328235e+00 -2.44506238e-03 
 8.57695899e+00  6.49740404e+01  8.57695899e+00 -2.64011763e-03 
 9.26118728e+00  6.49740404e+01  9.26118728e+00 -2.85073344e-03 
 1.00000000e+01  6.49740404e+01  1.00000000e+01 -3.07815117e-03 
 1.07977516e+01  6.49740404e+01  1.07977516e+01 -3.32371118e-03 
 1.16591440e+01  6.49740404e+01  1.16591440e+01 -3.58886077e-03 
 1.25892541e+01  6.49740404e+01  1.25892541e+01 -3.87516272e-03 
 1.35935639e+01  6.49740404e+01  1.35935639e+01 -4.18430446e-03 
 1.46779927e+01  6.49740404e+01  1.46779927e+01 -4.51810802e-03 
 1.58489319e+01  6.49740404e+01  1.58489319e+01 -4.87854082e-03 
 1.71132830e+01  6.49740404e+01  1.71132830e+01 -5.26772721e-03 
 1.84784980e+01  6.49740404e+01  1.84784980e+01 -5.68796100e-03 
 1.99526231e+01  6.49740404e+01  1.99526231e+01 -6.14171901e-03 
 2.15443469e+01  6.49740404e+01  2.15443469e+01 -6.63167563e-03 
 2.32630507e+01  6.49740404e+01  2.32630507e+01 -7.16071863e-03 
 2.51188643e+01  6.49740404e+01  2.51188643e+01 -7.73196612e-03 
 2.71227258e+01  6.49740403e+01  2.71227258e+01 -8.34878496e-03 
 2.92864456e+01  6.49740403e+01  2.92864456e+01 -9.01481063e-03 
 3.16227766e+01  6.49740403e+01  3.16227766e+01 -9.73396860e-03 
 3.41454887e+01  6.49740403e+01  3.41454887e+01 -1.05104975e-02 
 3.68694506e+01  6.49740403e+01  3.68694506e+01 -1.13489741e-02 
 3.98107171e+01  6.49740403e+01  3.98107171e+01 -1.22543404e-02 
 4.29866235e+01  6.49740402e+01  4.29866235e+01 -1.32319323e-02 
 4.64158883e+01  6.49740402e+01  4.64158883e+01 -1.42875118e-02 
 5.01187234e+01  6.49740401e+01  5.01187234e+01 -1.54273004e-02 
 5.41169527e+01  6.49740401e+01  5.41169527e+01 -1.66580157e-02 
 5.84341413e+01  6.49740400e+01  5.84341413e+01 -1.79869115e-02 
 6.30957344e+01  6.49740400e+01  6.30957344e+01 -1.94218202e-02 
 6.81292069e+01  6.49740399e+01  6.81292069e+01 -2.09711990e-02 
 7.35642254e+01  6.49740398e+01  7.35642254e+01 -2.26441796e-02 
 7.94328235e+01  6.49740397e+01  7.94328235e+01 -2.44506225e-02 
 8.57695899e+01  6.49740396e+01  8.57695899e+01 -2.64011747e-02 
 9.26118728e+01  6.49740394e+01  9.26118728e+01 -2.85073324e-02 
 1.00000000e+02  6.49740393e+01  1.00000000e+02 -3.07815091e-02 
 1.07977516e+02  6.49740391e+01  1.07977516e+02 -3.32371085e-02 
 1.16591440e+02  6.49740389e+01  1.16591440e+02 -3.58886037e-02 
 1.25892541e+02  6.49740386e+01  1.25892541e+02 -3.87516221e-02 
 1.35935639e+02  6.49740383e+01  1.35935639e+02 -4.18430381e-02 
 1.46779927e+02  6.49740380e+01  1.46779927e+02 -4.51810721e-02 
 1.58489319e+02  6.49740376e+01  1.58489319e+02 -4.87853980e-02 
 1.71132830e+02  6.49740371e+01  1.71132830e+02 -5.26772592e-02 
 1.84784980e+02  6.49740365e+01  1.84784980e+02 -5.68795938e-02 
 1.99526231e+02  6.49740359e+01  1.99526231e+02 -6.14171697e-02 
 2.15443469e+02  6.49740351e+01  2.15443469e+02 -6.63167308e-02 
 2.32630507e+02  6.49740342e+01  2.32630507e+02 -7.16071541e-02 
 2.51188643e+02  6.49740332e+01  2.51188643e+02 -7.73196206e-02 
 2.71227258e+02  6.49740320e+01  2.71227258e+02 -8.34877985e-02 
 2.92864456e+02  6.49740306e+01  2.92864456e+02 -9.01480420e-02 
 3.16227766e+02  6.49740290e+01  3.16227766e+02 -9.73396050e-02 
 3.41454887e+02  6.49740271e+01  3.41454887e+02 -1.05104873e-01 
 3.68694506e+02  6.49740248e+01  3.68694506e+02 -1.13489613e-01 
 3.98107171e+02  6.49740223e+01  3.98107171e+02 -1.22543242e-01 
 4.29866235e+02  6.49740192e+01  4.29866235e+02 -1.32319120e-01 
 4.64158883e+02  6.49740157e+01  4.64158883e+02 -1.42874862e-01 
 5.01187234e+02  6.49740116e+01  5.01187234e+02 -1.54272681e-01 
 5.41169527e+02  6.49740069e+01  5.41169527e+02 -1.66579751e-01 
 5.84341413e+02  6.49740013e+01  5.84341413e+02 -1.79868605e-01 
 6.30957344e+02  6.49739948e+01  6.30957344e+02 -1.94217559e-01 
 6.81292069e+02  6.49739872e+01  6.81292069e+02 -2.09711180e-01 
 7.35642254e+02  6.49739784e+01  7.35642254e+02 -2.26440777e-01 
 7.94328235e+02  6.49739681e+01  7.94328235e+02 -2.44504943e-01 
 8.57695899e+02  6.49739561e+01  8.57695899e+02 -2.64010132e-01 
 9.26118728e+02  6.49739421e+01  9.26118728e+02 -2.85071291e-01 
 1.00000000e+03  6.49739258e+01  1.00000000e+03 -3.07812531e-01 
 1.07977516e+03  6.49739067e+01  1.07977516e+03 -3.32367862e-01 
 1.16591440e+03  6.49738846e+01  1.16591440e+03 -3.58881980e-01 
 1.25892541e+03  6.49738587e+01  1.25892541e+03 -3.87511114e-01 
 1.35935639e+03  6.49738286e+01  1.35935639e+03 -4.18423952e-01 
 1.46779927e+03  6.49737934e+01  1.46779927e+03 -4.51802627e-01 
 1.58489319e+03  6.49737525e+01  1.58489319e+03 -4.87843792e-01 
 1.71132830e+03  6.49737047e+01  1.71132830e+03 -5.26759765e-01 
 1.84784980e+03  6.49736490e+01  1.84784980e+03 -5.68779790e-01 
 1.99526231e+03  6.49735840e+01  1.99526231e+03 -6.14151368e-01 
 2.15443469e+03  6.49735083e+01  2.15443469e+03 -6.63141712e-01 
 2.32630507e+03  6.49734200e+01  2.32630507e+03 -7.16039320e-01 
 2.51188643e+03  6.49733171e+01  2.51188643e+03 -7.73155644e-01 
 2.71227258e+03  6.49731971e+01  2.71227258e+03 -8.34826924e-01 
 2.92864456e+03  6.49730572e+01  2.92864456e+03 -9.01416134e-01 
 3.16227766e+03  6.49728940e+01  3.16227766e+03 -9.73315118e-01 
 3.41454887e+03  6.49727039e+01  3.41454887e+03 -1.05094685e+00 
 3.68694506e+03  6.49724821e+01  3.68694506e+03 -1.13476787e+00 
 3.98107171e+03  6.49722236e+01  3.98107171e+03 -1.22527096e+00 
 4.29866235e+03  6.49719223e+01  4.29866235e+03 -1.32298794e+00 
 4.64158883e+03  6.49715710e+01  4.64158883e+03 -1.42849275e+00 
 5.01187234e+03  6.49711614e+01  5.01187234e+03 -1.54240471e+00 
 5.41169527e+03  6.49706839e+01  5.41169527e+03 -1.66539204e+00 
 5.84341413e+03  6.49701273e+01  5.84341413e+03 -1.79817562e+00 
 6.30957344e+03  6.49694784e+01  6.30957344e+03 -1.94153306e+00 
 6.81292069e+03  6.49687219e+01  6.81292069e+03 -2.09630298e+00 
 7.35642254e+03  6.49678401e+01  7.35642254e+03 -2.26338965e+00 
 7.94328235e+03  6.49668122e+01  7.94328235e+03 -2.44376786e+00 
 8.57695899e+03  6.49656141e+01  8.57695899e+03 -2.63848819e+00 
 9.26118728e+03  6.49642176e+01  9.26118728e+03 -2.84868250e+00 
 1.00000000e+04  6.49625900e+01  1.00000000e+04 -3.07556976e+00 
 1.07977516e+04  6.49606931e+01  1.07977516e+04 -3.32046223e+00 
 1.16591440e+04  6.49584825e+01  1.16591440e+04 -3.58477185e+00 
 1.25892541e+04  6.49559067e+01  1.25892541e+04 -3.87001691e+00 
 1.35935639e+04  6.49529052e+01  1.35935639e+04 -4.17782892e+00 
 1.46779927e+04  6.49494085e+01  1.46779927e+04 -4.50995974e+00 
 1.58489319e+04  6.49453352e+01  1.58489319e+04 -4.86828856e+00 
 1.71132830e+04  6.49405908e+01  1.71132830e+04 -5.25482877e+00 
 1.84784980e+04  6.49350657e+01  1.84784980e+04 -5.67173520e+00 
 1.99526231e+04  6.49286329e+01  1.99526231e+04 -6.12131012e+00 
 2.15443469e+04  6.49211447e+01  2.15443469e+04 -6.60600896e+00 
 2.32630507e+04  6.49124304e+01  2.32630507e+04 -7.12844512e+00 
 2.51188643e+04  6.49022921e+01  2.51188643e+04 -7.69139307e+00 
 2.71227258e+04  6.48905016e+01  2.71227258e+04 -8.29778986e+00 
 2.92864456e+04  6.48767950e+01  2.92864456e+04 -8.95073332e+00 
 3.16227766e+04  6.48608684e+01  3.16227766e+04 -9.65347766e+00 
 3.41454887e+04  6.48423729e+01  3.41454887e+04 -1.04094250e+01 
 3.68694506e+04  6.48209072e+01  3.68694506e+04 -1.12221097e+01 
 3.98107171e+04  6.47960129e+01  3.98107171e+04 -1.20951786e+01 
 4.29866235e+04  6.47671670e+01  4.29866235e+04 -1.30323614e+01 
 4.64158883e+04  6.47337744e+01  4.64158883e+04 -1.40374317e+01 
 5.01187234e+04  6.46951621e+01  5.01187234e+04 -1.51141577e+01 
 5.41169527e+04  6.46505714e+01  5.41169527e+04 -1.62662385e+01 
 5.84341413e+04  6.45991524e+01  5.84341413e+04 -1.74972271e+01 
 6.30957344e+04  6.45399587e+01  6.30957344e+04 -1.88104365e+01 
 6.81292069e+04  6.44719443e+01  6.81292069e+04 -2.02088313e+01 
 7.35642254e+04  6.43939635e+01  7.35642254e+04 -2.16949013e+01 
 7.94328235e+04  6.43047726e+01  7.94328235e+04 -2.32705203e+01 
 8.57695899e+04  6.42030378e+01  8.57695899e+04 -2.49367965e+01 
 9.26118728e+04  6.40873475e+01  9.26118728e+04 -2.66939142e+01 
 1.00000000e+05  6.39562297e+01  1.00000000e+05 -2.85409776e+01 
 1.07977516e+05  6.38081780e+01  1.07977516e+05 -3.04758692e+01 
 1.16591440e+05  6.36416820e+01  1.16591440e+05 -3.24951288e+01 
 1.25892541e+05  6.34552659e+01  1.25892541e+05 -3.45938754e+01 
 1.35935639e+05  6.32475300e+01  1.35935639e+05 -3.67657771e+01 
 1.46779927e+05  6.30171979e+01  1.46779927e+05 -3.90030890e+01 
 1.58489319e+05  6.27631615e+01  1.58489319e+05 -4.12967638e+01 
 1.71132830e+05  6.24845251e+01  1.71132830e+05 -4.36366367e+01 
 1.84784980e+05  6.21806423e+01  1.84784980e+05 -4.60116883e+01 
 1.99526231e+05  6.18511441e+01  1.99526231e+05 -4.84103632e+01 
 2.15443469e+05  6.14959541e+01  2.15443469e+05 -5.08209351e+01 
 2.32630507e+05  6.11152910e+01  2.32630507e+05 -5.32318873e+01 
 2.51188643e+05  6.07096565e+01  2.51188643e+05 -5.56322878e+01 
 2.71227258e+05  6.02798110e+01  2.71227258e+05 -5.80121291e+01 
 2.92864456e+05  5.98267383e+01  2.92864456e+05 -6.03626147e+01 
 3.16227766e+05  5.93516028e+01  3.16227766e+05 -6.26763784e+01 
 3.41454887e+05  5.88557031e+01  3.41454887e+05 -6.49476246e+01 
 3.68694506e+05  5.83404235e+01  3.68694506e+05 -6.71721969e+01 
 3.98107171e+05  5.78071894e+01  3.98107171e+05 -6.93475774e+01 
 4.29866235e+05  5.72574251e+01  4.29866235e+05 -7.14728301e+01 
 4.64158883e+05  5.66925182e+01  4.64158883e+05 -7.35484993e+01 
 5.01187234e+05  5.61137904e+01  5.01187234e+05 -7.55764812e+01 
 5.41169527e+05  5.55224739e+01  5.41169527e+05 -7.75598761e+01 
 5.84341413e+05  5.49196947e+01  5.84341413e+05 -7.95028387e+01 
 6.30957344e+05  5.43064601e+01  6.30957344e+05 -8.14104269e+01 
 6.81292069e+05  5.36836510e+01  6.81292069e+05 -8.32884620e+01 
 7.35642254e+05  5.30520176e+01  7.35642254e+05 -8.51434012e+01 
 7.94328235e+05  5.24121765e+01  7.94328235e+05 -8.69822208e+01 
 8.57695899e+05  5.17646110e+01  8.57695899e+05 -8.88123161e+01 
 9.26118728e+05  5.11096706e+01  9.26118728e+05 -9.06414123e+01 
 1.00000000e+06  5.04475715e+01  1.00000000e+06 -9.24774844e+01 
 1.07977516e+06  4.97783976e+01  1.07977516e+06 -9.43286875e+01 
 1.16591440e+06  4.91020998e+01  1.16591440e+06 -9.62032883e+01 
 1.25892541e+06  4.84184966e+01  1.25892541e+06 -9.81096005e+01 
 1.35935639e+06  4.77272723e+01  1.35935639e+06 -1.00055916e+02 
 1.46779927e+06  4.70279768e+01  1.46779927e+06 -1.02050433e+02 
 1.58489319e+06  4.63200245e+01  1.58489319e+06 -1.04101176e+02 
 1.71132830e+06  4.56026939e+01  1.71132830e+06 -1.06215902e+02 
 1.84784980e+06  4.48751287e+01  1.84784980e+06 -1.08402002e+02 
 1.99526231e+06  4.41363405e+01  1.99526231e+06 -1.10666383e+02 
 2.15443469e+06  4.33852145e+01  2.15443469e+06 -1.13015341e+02 
 2.32630507e+06  4.26205188e+01  2.32630507e+06 -1.15454430e+02 
 2.51188643e+06  4.18409187e+01  2.51188643e+06 -1.17988321e+02 
 2.71227258e+06  4.10449957e+01  2.71227258e+06 -1.20620667e+02 
 2.92864456e+06  4.02312732e+01  2.92864456e+06 -1.23353984e+02 
 3.16227766e+06  3.93982484e+01  3.16227766e+06 -1.26189558e+02 
 3.41454887e+06  3.85444285e+01  3.41454887e+06 -1.29127389e+02 
 3.68694506e+06  3.76683731e+01  3.68694506e+06 -1.32166198e+02 
 3.98107171e+06  3.67687376e+01  3.98107171e+06 -1.35303491e+02 
 4.29866235e+06  3.58443171e+01  4.29866235e+06 -1.38535709e+02 
 4.64158883e+06  3.48940857e+01  4.64158883e+06 -1.41858460e+02 
 5.01187234e+06  3.39172295e+01  5.01187234e+06 -1.45266824e+02 
 5.41169527e+06  3.29131675e+01  5.41169527e+06 -1.48755734e+02 
 5.84341413e+06  3.18815593e+01  5.84341413e+06 -1.52320413e+02 
 6.30957344e+06  3.08222964e+01  6.30957344e+06 -1.55956842e+02 
 6.81292069e+06  2.97354768e+01  6.81292069e+06 -1.59662246e+02 
 7.35642254e+06  2.86213629e+01  7.35642254e+06 -1.63435575e+02 
 7.94328235e+06  2.74803231e+01  7.94328235e+06 -1.67277982e+02 
 8.57695899e+06  2.63127609e+01  8.57695899e+06 -1.71193282e+02 
 9.26118728e+06  2.51190311e+01  9.26118728e+06 -1.75188437e+02 
 1.00000000e+07  2.38993460e+01  1.00000000e+07 -1.79274085e+02 
 1.07977516e+07  2.26536732e+01  1.07977516e+07 -1.83465185e+02 
 1.16591440e+07  2.13816251e+01  1.16591440e+07 -1.87781885e+02 
 1.25892541e+07  2.00823423e+01  1.25892541e+07 -1.92250742e+02 
 1.35935639e+07  1.87543760e+01  1.35935639e+07 -1.96906529e+02 
 1.46779927e+07  1.73955823e+01  1.46779927e+07 -2.01794934e+02 
 1.58489319e+07  1.60030603e+01  1.58489319e+07 -2.06976660e+02 
 1.71132830e+07  1.45732062e+01  1.71132830e+07 -2.12533662e+02 
 1.84784980e+07  1.31020489e+01  1.84784980e+07 -2.18578619e+02 
 1.99526231e+07  1.15862260e+01  1.99526231e+07 -2.25269149e+02 
 2.15443469e+07  1.00253827e+01  2.15443469e+07 -2.32828211e+02 
 2.32630507e+07  8.42762073e+00  2.32630507e+07 -2.41570003e+02 
 2.51188643e+07  6.82103468e+00  2.51188643e+07 -2.51920574e+02 
 2.71227258e+07  5.27523643e+00  2.71227258e+07 -2.64389828e+02 
 2.92864456e+07  3.93020292e+00  2.92864456e+07 -2.79381745e+02 
 3.16227766e+07  2.99911924e+00  3.16227766e+07 -2.96709780e+02 
 3.41454887e+07  2.67528266e+00  3.41454887e+07 -3.15085889e+02 
 3.68694506e+07  2.97309880e+00  3.68694506e+07 -3.32518456e+02 
 3.98107171e+07  3.71457044e+00  3.98107171e+07 -3.47585297e+02 
 4.29866235e+07  4.68293786e+00  4.29866235e+07 -3.59984224e+02 
 4.64158883e+07  5.72984115e+00  4.64158883e+07 -3.70077607e+02 
 5.01187234e+07  6.78035054e+00  5.01187234e+07 -3.78374814e+02 
 5.41169527e+07  7.80456253e+00  5.41169527e+07 -3.85311567e+02 
 5.84341413e+07  8.79476025e+00  5.84341413e+07 -3.91209833e+02 
 6.30957344e+07  9.75287471e+00  6.30957344e+07 -3.96295617e+02 
 6.81292069e+07  1.06844953e+01  6.81292069e+07 -4.00724828e+02 
 7.35642254e+07  1.15962002e+01  7.35642254e+07 -4.04604112e+02 
 7.94328235e+07  1.24944302e+01  7.94328235e+07 -4.08005291e+02 
 8.57695899e+07  1.33850430e+01  8.57695899e+07 -4.10974800e+02 
 9.26118728e+07  1.42731382e+01  9.26118728e+07 -4.13539627e+02 
 1.00000000e+08  1.51629582e+01  1.00000000e+08 -4.15710933e+02 
 1.07977516e+08  1.60577638e+01  1.07977516e+08 -4.17486182e+02 
 1.16591440e+08  1.69596246e+01  1.16591440e+08 -4.18850429e+02 
 1.25892541e+08  1.78690849e+01  1.25892541e+08 -4.19777336e+02 
 1.35935639e+08  1.87846830e+01  1.35935639e+08 -4.20230559e+02 
 1.46779927e+08  1.97023290e+01  1.46779927e+08 -4.20166276e+02 
 1.58489319e+08  2.06146046e+01  1.58489319e+08 -4.19537802e+02 
 1.71132830e+08  2.15101474e+01  1.71132830e+08 -4.18303249e+02 
 1.84784980e+08  2.23734197e+01  1.84784980e+08 -4.16436735e+02 
 1.99526231e+08  2.31852902e+01  1.99526231e+08 -4.13942365e+02 
 2.15443469e+08  2.39248417e+01  2.15443469e+08 -4.10867860e+02 
 2.32630507e+08  2.45724804e+01  2.32630507e+08 -4.07312231e+02 
 2.51188643e+08  2.51137256e+01  2.51188643e+08 -4.03421371e+02 
 2.71227258e+08  2.55423485e+01  2.71227258e+08 -3.99369289e+02 
 2.92864456e+08  2.58614823e+01  2.92864456e+08 -3.95330035e+02 
 3.16227766e+08  2.60822353e+01  3.16227766e+08 -3.91450904e+02 
 3.41454887e+08  2.62205969e+01  3.41454887e+08 -3.87836377e+02 
 3.68694506e+08  2.62940541e+01  3.68694506e+08 -3.84545578e+02 
 3.98107171e+08  2.63190181e+01  3.98107171e+08 -3.81599602e+02 
 4.29866235e+08  2.63094338e+01  4.29866235e+08 -3.78992845e+02 
 4.64158883e+08  2.62763749e+01  4.64158883e+08 -3.76703811e+02 
 5.01187234e+08  2.62282350e+01  5.01187234e+08 -3.74703331e+02 
 5.41169527e+08  2.61711743e+01  5.41169527e+08 -3.72959903e+02 
 5.84341413e+08  2.61096082e+01  5.84341413e+08 -3.71442766e+02 
 6.30957344e+08  2.60466396e+01  6.30957344e+08 -3.70123414e+02 
 6.81292069e+08  2.59844040e+01  6.81292069e+08 -3.68976213e+02 
 7.35642254e+08  2.59243309e+01  7.35642254e+08 -3.67978500e+02 
 7.94328235e+08  2.58673385e+01  7.94328235e+08 -3.67110455e+02 
 8.57695899e+08  2.58139752e+01  8.57695899e+08 -3.66354852e+02 
 9.26118728e+08  2.57645251e+01  9.26118728e+08 -3.65696794e+02 
 1.00000000e+09  2.57190855e+01  1.00000000e+09 -3.65123431e+02 
