 1.00000000e+00  7.48920490e+01  1.00000000e+00 -9.03561382e-04 
 1.07977516e+00  7.48920490e+01  1.07977516e+00 -9.75643138e-04 
 1.16591440e+00  7.48920490e+01  1.16591440e+00 -1.05347523e-03 
 1.25892541e+00  7.48920490e+01  1.25892541e+00 -1.13751638e-03 
 1.35935639e+00  7.48920490e+01  1.35935639e+00 -1.22826194e-03 
 1.46779927e+00  7.48920490e+01  1.46779927e+00 -1.32624673e-03 
 1.58489319e+00  7.48920490e+01  1.58489319e+00 -1.43204828e-03 
 1.71132830e+00  7.48920490e+01  1.71132830e+00 -1.54629017e-03 
 1.84784980e+00  7.48920490e+01  1.84784980e+00 -1.66964572e-03 
 1.99526231e+00  7.48920490e+01  1.99526231e+00 -1.80284197e-03 
 2.15443469e+00  7.48920490e+01  2.15443469e+00 -1.94666399e-03 
 2.32630507e+00  7.48920490e+01  2.32630507e+00 -2.10195942e-03 
 2.51188643e+00  7.48920490e+01  2.51188643e+00 -2.26964357e-03 
 2.71227258e+00  7.48920490e+01  2.71227258e+00 -2.45070476e-03 
 2.92864456e+00  7.48920490e+01  2.92864456e+00 -2.64621013e-03 
 3.16227766e+00  7.48920490e+01  3.16227766e+00 -2.85731197e-03 
 3.41454887e+00  7.48920490e+01  3.41454887e+00 -3.08525450e-03 
 3.68694506e+00  7.48920490e+01  3.68694506e+00 -3.33138117e-03 
 3.98107171e+00  7.48920490e+01  3.98107171e+00 -3.59714265e-03 
 4.29866235e+00  7.48920490e+01  4.29866235e+00 -3.88410529e-03 
 4.64158883e+00  7.48920490e+01  4.64158883e+00 -4.19396041e-03 
 5.01187234e+00  7.48920490e+01  5.01187234e+00 -4.52853429e-03 
 5.41169527e+00  7.48920490e+01  5.41169527e+00 -4.88979884e-03 
 5.84341413e+00  7.48920490e+01  5.84341413e+00 -5.27988334e-03 
 6.30957344e+00  7.48920490e+01  6.30957344e+00 -5.70108688e-03 
 6.81292069e+00  7.48920490e+01  6.81292069e+00 -6.15589201e-03 
 7.35642254e+00  7.48920490e+01  7.35642254e+00 -6.64697929e-03 
 7.94328235e+00  7.48920490e+01  7.94328235e+00 -7.17724314e-03 
 8.57695899e+00  7.48920490e+01  8.57695899e+00 -7.74980887e-03 
 9.26118728e+00  7.48920489e+01  9.26118728e+00 -8.36805112e-03 
 1.00000000e+01  7.48920489e+01  1.00000000e+01 -9.03561375e-03 
 1.07977516e+01  7.48920489e+01  1.07977516e+01 -9.75643129e-03 
 1.16591440e+01  7.48920489e+01  1.16591440e+01 -1.05347522e-02 
 1.25892541e+01  7.48920489e+01  1.25892541e+01 -1.13751637e-02 
 1.35935639e+01  7.48920488e+01  1.35935639e+01 -1.22826192e-02 
 1.46779927e+01  7.48920488e+01  1.46779927e+01 -1.32624671e-02 
 1.58489319e+01  7.48920488e+01  1.58489319e+01 -1.43204826e-02 
 1.71132830e+01  7.48920487e+01  1.71132830e+01 -1.54629013e-02 
 1.84784980e+01  7.48920487e+01  1.84784980e+01 -1.66964567e-02 
 1.99526231e+01  7.48920486e+01  1.99526231e+01 -1.80284192e-02 
 2.15443469e+01  7.48920485e+01  2.15443469e+01 -1.94666391e-02 
 2.32630507e+01  7.48920485e+01  2.32630507e+01 -2.10195933e-02 
 2.51188643e+01  7.48920484e+01  2.51188643e+01 -2.26964346e-02 
 2.71227258e+01  7.48920483e+01  2.71227258e+01 -2.45070462e-02 
 2.92864456e+01  7.48920481e+01  2.92864456e+01 -2.64620995e-02 
 3.16227766e+01  7.48920480e+01  3.16227766e+01 -2.85731175e-02 
 3.41454887e+01  7.48920478e+01  3.41454887e+01 -3.08525422e-02 
 3.68694506e+01  7.48920476e+01  3.68694506e+01 -3.33138082e-02 
 3.98107171e+01  7.48920474e+01  3.98107171e+01 -3.59714220e-02 
 4.29866235e+01  7.48920471e+01  4.29866235e+01 -3.88410473e-02 
 4.64158883e+01  7.48920468e+01  4.64158883e+01 -4.19395971e-02 
 5.01187234e+01  7.48920464e+01  5.01187234e+01 -4.52853340e-02 
 5.41169527e+01  7.48920460e+01  5.41169527e+01 -4.88979772e-02 
 5.84341413e+01  7.48920455e+01  5.84341413e+01 -5.27988193e-02 
 6.30957344e+01  7.48920449e+01  6.30957344e+01 -5.70108511e-02 
 6.81292069e+01  7.48920442e+01  6.81292069e+01 -6.15588978e-02 
 7.35642254e+01  7.48920434e+01  7.35642254e+01 -6.64697648e-02 
 7.94328235e+01  7.48920424e+01  7.94328235e+01 -7.17723960e-02 
 8.57695899e+01  7.48920413e+01  8.57695899e+01 -7.74980442e-02 
 9.26118728e+01  7.48920401e+01  9.26118728e+01 -8.36804552e-02 
 1.00000000e+02  7.48920386e+01  1.00000000e+02 -9.03560669e-02 
 1.07977516e+02  7.48920368e+01  1.07977516e+02 -9.75642241e-02 
 1.16591440e+02  7.48920348e+01  1.16591440e+02 -1.05347410e-01 
 1.25892541e+02  7.48920325e+01  1.25892541e+02 -1.13751496e-01 
 1.35935639e+02  7.48920297e+01  1.35935639e+02 -1.22826015e-01 
 1.46779927e+02  7.48920265e+01  1.46779927e+02 -1.32624448e-01 
 1.58489319e+02  7.48920228e+01  1.58489319e+02 -1.43204545e-01 
 1.71132830e+02  7.48920184e+01  1.71132830e+02 -1.54628660e-01 
 1.84784980e+02  7.48920133e+01  1.84784980e+02 -1.66964122e-01 
 1.99526231e+02  7.48920074e+01  1.99526231e+02 -1.80283631e-01 
 2.15443469e+02  7.48920005e+01  2.15443469e+02 -1.94665686e-01 
 2.32630507e+02  7.48919925e+01  2.32630507e+02 -2.10195045e-01 
 2.51188643e+02  7.48919831e+01  2.51188643e+02 -2.26963228e-01 
 2.71227258e+02  7.48919722e+01  2.71227258e+02 -2.45069054e-01 
 2.92864456e+02  7.48919594e+01  2.92864456e+02 -2.64619223e-01 
 3.16227766e+02  7.48919445e+01  3.16227766e+02 -2.85728944e-01 
 3.41454887e+02  7.48919272e+01  3.41454887e+02 -3.08522613e-01 
 3.68694506e+02  7.48919070e+01  3.68694506e+02 -3.33134546e-01 
 3.98107171e+02  7.48918834e+01  3.98107171e+02 -3.59709769e-01 
 4.29866235e+02  7.48918559e+01  4.29866235e+02 -3.88404869e-01 
 4.64158883e+02  7.48918239e+01  4.64158883e+02 -4.19388916e-01 
 5.01187234e+02  7.48917865e+01  5.01187234e+02 -4.52844458e-01 
 5.41169527e+02  7.48917430e+01  5.41169527e+02 -4.88968591e-01 
 5.84341413e+02  7.48916922e+01  5.84341413e+02 -5.27974117e-01 
 6.30957344e+02  7.48916330e+01  6.30957344e+02 -5.70090791e-01 
 6.81292069e+02  7.48915640e+01  6.81292069e+02 -6.15566670e-01 
 7.35642254e+02  7.48914836e+01  7.35642254e+02 -6.64669564e-01 
 7.94328235e+02  7.48913897e+01  7.94328235e+02 -7.17688604e-01 
 8.57695899e+02  7.48912804e+01  8.57695899e+02 -7.74935932e-01 
 9.26118728e+02  7.48911528e+01  9.26118728e+02 -8.36748518e-01 
 1.00000000e+03  7.48910041e+01  1.00000000e+03 -9.03490118e-01 
 1.07977516e+03  7.48908307e+01  1.07977516e+03 -9.75553425e-01 
 1.16591440e+03  7.48906287e+01  1.16591440e+03 -1.05336229e+00 
 1.25892541e+03  7.48903931e+01  1.25892541e+03 -1.13737421e+00 
 1.35935639e+03  7.48901184e+01  1.35935639e+03 -1.22808297e+00 
 1.46779927e+03  7.48897983e+01  1.46779927e+03 -1.32602145e+00 
 1.58489319e+03  7.48894249e+01  1.58489319e+03 -1.43176468e+00 
 1.71132830e+03  7.48889896e+01  1.71132830e+03 -1.54593314e+00 
 1.84784980e+03  7.48884822e+01  1.84784980e+03 -1.66919627e+00 
 1.99526231e+03  7.48878908e+01  1.99526231e+03 -1.80227621e+00 
 2.15443469e+03  7.48872011e+01  2.15443469e+03 -1.94595177e+00 
 2.32630507e+03  7.48863974e+01  2.32630507e+03 -2.10106291e+00 
 2.51188643e+03  7.48854604e+01  2.51188643e+03 -2.26851509e+00 
 2.71227258e+03  7.48843684e+01  2.71227258e+03 -2.44928434e+00 
 2.92864456e+03  7.48830951e+01  2.92864456e+03 -2.64442217e+00 
 3.16227766e+03  7.48816113e+01  3.16227766e+03 -2.85506151e+00 
 3.41454887e+03  7.48798820e+01  3.41454887e+03 -3.08242205e+00 
 3.68694506e+03  7.48778666e+01  3.68694506e+03 -3.32781630e+00 
 3.98107171e+03  7.48755180e+01  3.98107171e+03 -3.59265620e+00 
 4.29866235e+03  7.48727813e+01  4.29866235e+03 -3.87845931e+00 
 4.64158883e+03  7.48695929e+01  4.64158883e+03 -4.18685572e+00 
 5.01187234e+03  7.48658783e+01  5.01187234e+03 -4.51959462e+00 
 5.41169527e+03  7.48615514e+01  5.41169527e+03 -4.87855120e+00 
 5.84341413e+03  7.48565121e+01  5.84341413e+03 -5.26573326e+00 
 6.30957344e+03  7.48506438e+01  6.30957344e+03 -5.68328733e+00 
 6.81292069e+03  7.48438120e+01  6.81292069e+03 -6.13350485e+00 
 7.35642254e+03  7.48358606e+01  7.35642254e+03 -6.61882666e+00 
 7.94328235e+03  7.48266079e+01  7.94328235e+03 -7.14184642e+00 
 8.57695899e+03  7.48158450e+01  8.57695899e+03 -7.70531340e+00 
 9.26118728e+03  7.48033300e+01  9.26118728e+03 -8.31213176e+00 
 1.00000000e+04  7.47887839e+01  1.00000000e+04 -8.96535731e+00 
 1.07977516e+04  7.47718856e+01  1.07977516e+04 -9.66819073e+00 
 1.16591440e+04  7.47522663e+01  1.16591440e+04 -1.04239661e+01 
 1.25892541e+04  7.47295034e+01  1.25892541e+04 -1.12361330e+01 
 1.35935639e+04  7.47031130e+01  1.35935639e+04 -1.21082308e+01 
 1.46779927e+04  7.46725455e+01  1.46779927e+04 -1.30438576e+01 
 1.58489319e+04  7.46371758e+01  1.58489319e+04 -1.40466233e+01 
 1.71132830e+04  7.45962980e+01  1.71132830e+04 -1.51200951e+01 
 1.84784980e+04  7.45491186e+01  1.84784980e+04 -1.62677279e+01 
 1.99526231e+04  7.44947508e+01  1.99526231e+04 -1.74927785e+01 
 2.15443469e+04  7.44322097e+01  2.15443469e+04 -1.87982051e+01 
 2.32630507e+04  7.43604110e+01  2.32630507e+04 -2.01865505e+01 
 2.51188643e+04  7.42781710e+01  2.51188643e+04 -2.16598072e+01 
 2.71227258e+04  7.41842115e+01  2.71227258e+04 -2.32192726e+01 
 2.92864456e+04  7.40771679e+01  2.92864456e+04 -2.48653894e+01 
 3.16227766e+04  7.39556060e+01  3.16227766e+04 -2.65975918e+01 
 3.41454887e+04  7.38180403e+01  3.41454887e+04 -2.84141452e+01 
 3.68694506e+04  7.36629634e+01  3.68694506e+04 -3.03120124e+01 
 3.98107171e+04  7.34888800e+01  3.98107171e+04 -3.22867472e+01 
 4.29866235e+04  7.32943460e+01  4.29866235e+04 -3.43324292e+01 
 4.64158883e+04  7.30780137e+01  4.64158883e+04 -3.64416583e+01 
 5.01187234e+04  7.28386781e+01  5.01187234e+04 -3.86056186e+01 
 5.41169527e+04  7.25753225e+01  5.41169527e+04 -4.08142160e+01 
 5.84341413e+04  7.22871599e+01  5.84341413e+04 -4.30562915e+01 
 6.30957344e+04  7.19736674e+01  6.30957344e+04 -4.53199065e+01 
 6.81292069e+04  7.16346094e+01  6.81292069e+04 -4.75926777e+01 
 7.35642254e+04  7.12700487e+01  7.35642254e+04 -4.98621496e+01 
 7.94328235e+04  7.08803426e+01  7.94328235e+04 -5.21161697e+01 
 8.57695899e+04  7.04661272e+01  8.57695899e+04 -5.43432502e+01 
 9.26118728e+04  7.00282882e+01  9.26118728e+04 -5.65328830e+01 
 1.00000000e+05  6.95679232e+01  1.00000000e+05 -5.86757962e+01 
 1.07977516e+05  6.90862976e+01  1.07977516e+05 -6.07641350e+01 
 1.16591440e+05  6.85847983e+01  1.16591440e+05 -6.27915733e+01 
 1.25892541e+05  6.80648875e+01  1.25892541e+05 -6.47533427e+01 
 1.35935639e+05  6.75280593e+01  1.35935639e+05 -6.66462039e+01 
 1.46779927e+05  6.69758025e+01  1.46779927e+05 -6.84683675e+01 
 1.58489319e+05  6.64095688e+01  1.58489319e+05 -7.02193762e+01 
 1.71132830e+05  6.58307476e+01  1.71132830e+05 -7.18999580e+01 
 1.84784980e+05  6.52406476e+01  1.84784980e+05 -7.35118796e+01 
 1.99526231e+05  6.46404842e+01  1.99526231e+05 -7.50577882e+01 
 2.15443469e+05  6.40313720e+01  2.15443469e+05 -7.65410655e+01 
 2.32630507e+05  6.34143216e+01  2.32630507e+05 -7.79656920e+01 
 2.51188643e+05  6.27902395e+01  2.51188643e+05 -7.93361278e+01 
 2.71227258e+05  6.21599306e+01  2.71227258e+05 -8.06572081e+01 
 2.92864456e+05  6.15241021e+01  2.92864456e+05 -8.19340575e+01 
 3.16227766e+05  6.08833686e+01  3.16227766e+05 -8.31720191e+01 
 3.41454887e+05  6.02382578e+01  3.41454887e+05 -8.43765985e+01 
 3.68694506e+05  5.95892156e+01  3.68694506e+05 -8.55534235e+01 
 3.98107171e+05  5.89366119e+01  3.98107171e+05 -8.67082117e+01 
 4.29866235e+05  5.82807452e+01  4.29866235e+05 -8.78467509e+01 
 4.64158883e+05  5.76218466e+01  4.64158883e+05 -8.89748850e+01 
 5.01187234e+05  5.69600835e+01  5.01187234e+05 -9.00985085e+01 
 5.41169527e+05  5.62955619e+01  5.41169527e+05 -9.12235648e+01 
 5.84341413e+05  5.56283282e+01  5.84341413e+05 -9.23560474e+01 
 6.30957344e+05  5.49583697e+01  6.30957344e+05 -9.35020046e+01 
 6.81292069e+05  5.42856149e+01  6.81292069e+05 -9.46675433e+01 
 7.35642254e+05  5.36099315e+01  7.35642254e+05 -9.58588342e+01 
 7.94328235e+05  5.29311252e+01  7.94328235e+05 -9.70821133e+01 
 8.57695899e+05  5.22489360e+01  8.57695899e+05 -9.83436811e+01 
 9.26118728e+05  5.15630347e+01  9.26118728e+05 -9.96498978e+01 
 1.00000000e+06  5.08730184e+01  1.00000000e+06 -1.01007171e+02 
 1.07977516e+06  5.01784052e+01  1.07977516e+06 -1.02421936e+02 
 1.16591440e+06  4.94786284e+01  1.16591440e+06 -1.03900628e+02 
 1.25892541e+06  4.87730309e+01  1.25892541e+06 -1.05449641e+02 
 1.35935639e+06  4.80608592e+01  1.35935639e+06 -1.07075275e+02 
 1.46779927e+06  4.73412585e+01  1.46779927e+06 -1.08783667e+02 
 1.58489319e+06  4.66132689e+01  1.58489319e+06 -1.10580711e+02 
 1.71132830e+06  4.58758225e+01  1.71132830e+06 -1.12471956e+02 
 1.84784980e+06  4.51277445e+01  1.84784980e+06 -1.14462494e+02 
 1.99526231e+06  4.43677569e+01  1.99526231e+06 -1.16556829e+02 
 2.15443469e+06  4.35944866e+01  2.15443469e+06 -1.18758749e+02 
 2.32630507e+06  4.28064789e+01  2.32630507e+06 -1.21071177e+02 
 2.51188643e+06  4.20022175e+01  2.51188643e+06 -1.23496046e+02 
 2.71227258e+06  4.11801498e+01  2.71227258e+06 -1.26034176e+02 
 2.92864456e+06  4.03387194e+01  2.92864456e+06 -1.28685195e+02 
 3.16227766e+06  3.94764040e+01  3.16227766e+06 -1.31447489e+02 
 3.41454887e+06  3.85917574e+01  3.41454887e+06 -1.34318228e+02 
 3.68694506e+06  3.76834531e+01  3.68694506e+06 -1.37293447e+02 
 3.98107171e+06  3.67503280e+01  3.98107171e+06 -1.40368214e+02 
 4.29866235e+06  3.57914198e+01  4.29866235e+06 -1.43536882e+02 
 4.64158883e+06  3.48059982e+01  4.64158883e+06 -1.46793407e+02 
 5.01187234e+06  3.37935832e+01  5.01187234e+06 -1.50131737e+02 
 5.41169527e+06  3.27539503e+01  5.41169527e+06 -1.53546249e+02 
 5.84341413e+06  3.16871188e+01  5.84341413e+06 -1.57032199e+02 
 6.30957344e+06  3.05933255e+01  6.30957344e+06 -1.60586190e+02 
 6.81292069e+06  2.94729812e+01  6.81292069e+06 -1.64206612e+02 
 7.35642254e+06  2.83266150e+01  7.35642254e+06 -1.67894064e+02 
 7.94328235e+06  2.71548056e+01  7.94328235e+06 -1.71651757e+02 
 8.57695899e+06  2.59581045e+01  8.57695899e+06 -1.75485906e+02 
 9.26118728e+06  2.47369498e+01  9.26118728e+06 -1.79406155e+02 
 1.00000000e+07  2.34915759e+01  1.00000000e+07 -1.83426090e+02 
 1.07977516e+07  2.22219158e+01  1.07977516e+07 -1.87563905e+02 
 1.16591440e+07  2.09275009e+01  1.16591440e+07 -1.91843354e+02 
 1.25892541e+07  1.96073596e+01  1.25892541e+07 -1.96295153e+02 
 1.35935639e+07  1.82599236e+01  1.35935639e+07 -2.00959066e+02 
 1.46779927e+07  1.68829635e+01  1.46779927e+07 -2.05887049e+02 
 1.58489319e+07  1.54736027e+01  1.58489319e+07 -2.11147994e+02 
 1.71132830e+07  1.40285140e+01  1.71132830e+07 -2.16834885e+02 
 1.84784980e+07  1.25445329e+01  1.84784980e+07 -2.23075457e+02 
 1.99526231e+07  1.10201730e+01  1.99526231e+07 -2.30047656e+02 
 2.15443469e+07  9.45906314e+00  2.15443469e+07 -2.38000313e+02 
 2.32630507e+07  7.87726488e+00  2.32630507e+07 -2.47274826e+02 
 2.51188643e+07  6.31756368e+00  2.51188643e+07 -2.58307312e+02 
 2.71227258e+07  4.87249425e+00  2.71227258e+07 -2.71548481e+02 
 2.92864456e+07  3.70441018e+00  2.92864456e+07 -2.87181985e+02 
 3.16227766e+07  3.01655188e+00  3.16227766e+07 -3.04624422e+02 
 3.41454887e+07  2.93263226e+00  3.41454887e+07 -3.22323330e+02 
 3.68694506e+07  3.38824636e+00  3.68694506e+07 -3.38528659e+02 
 3.98107171e+07  4.19123745e+00  3.98107171e+07 -3.52310511e+02 
 4.29866235e+07  5.15921341e+00  4.29866235e+07 -3.63651673e+02 
 4.64158883e+07  6.17876383e+00  4.64158883e+07 -3.72955774e+02 
 5.01187234e+07  7.19488354e+00  5.01187234e+07 -3.80676828e+02 
 5.41169527e+07  8.18633308e+00  5.41169527e+07 -3.87185796e+02 
 5.84341413e+07  9.14835066e+00  5.84341413e+07 -3.92754864e+02 
 6.30957344e+07  1.00833788e+01  6.30957344e+07 -3.97575972e+02 
 6.81292069e+07  1.09965998e+01  6.81292069e+07 -4.01782406e+02 
 7.35642254e+07  1.18939066e+01  7.35642254e+07 -4.05465662e+02 
 7.94328235e+07  1.27810225e+01  7.94328235e+07 -4.08687110e+02 
 8.57695899e+07  1.36631296e+01  8.57695899e+07 -4.11485628e+02 
 9.26118728e+07  1.45446995e+01  9.26118728e+07 -4.13882424e+02 
 1.00000000e+08  1.54293668e+01  1.00000000e+08 -4.15883966e+02 
 1.07977516e+08  1.63197651e+01  1.07977516e+08 -4.17483728e+02 
 1.16591440e+08  1.72172694e+01  1.16591440e+08 -4.18663332e+02 
 1.25892541e+08  1.81216115e+01  1.25892541e+08 -4.19393629e+02 
 1.35935639e+08  1.90303528e+01  1.35935639e+08 -4.19636402e+02 
 1.46779927e+08  1.99382338e+01  1.46779927e+08 -4.19347488e+02 
 1.58489319e+08  2.08364902e+01  1.58489319e+08 -4.18482287e+02 
 1.71132830e+08  2.17123371e+01  1.71132830e+08 -4.17004536e+02 
 1.84784980e+08  2.25489679e+01  1.84784980e+08 -4.14898523e+02 
 1.99526231e+08  2.33265133e+01  1.99526231e+08 -4.12183309e+02 
 2.15443469e+08  2.40243047e+01  2.15443469e+08 -4.08924965e+02 
 2.32630507e+08  2.46243196e+01  2.32630507e+08 -4.05240651e+02 
 2.51188643e+08  2.51149176e+01  2.51188643e+08 -4.01289158e+02 
 2.71227258e+08  2.54934074e+01  2.71227258e+08 -3.97247888e+02 
 2.92864456e+08  2.57662677e+01  2.92864456e+08 -3.93283741e+02 
 3.16227766e+08  2.59469921e+01  3.16227766e+08 -3.89529103e+02 
 3.41454887e+08  2.60526846e+01  3.41454887e+08 -3.86070578e+02 
 3.68694506e+08  2.61008262e+01  3.68694506e+08 -3.82950705e+02 
 3.98107171e+08  2.61070898e+01  3.98107171e+08 -3.80177652e+02 
 4.29866235e+08  2.60843410e+01  4.29866235e+08 -3.77737075e+02 
 4.64158883e+08  2.60425147e+01  4.64158883e+08 -3.75602359e+02 
 5.01187234e+08  2.59889627e+01  5.01187234e+08 -3.73741906e+02 
 5.41169527e+08  2.59289643e+01  5.41169527e+08 -3.72123594e+02 
 5.84341413e+08  2.58662276e+01  5.84341413e+08 -3.70717143e+02 
 6.30957344e+08  2.58033066e+01  6.30957344e+08 -3.69495154e+02 
 6.81292069e+08  2.57419232e+01  6.81292069e+08 -3.68433386e+02 
 7.35642254e+08  2.56832038e+01  7.35642254e+08 -3.67510660e+02 
 7.94328235e+08  2.56278490e+01  7.94328235e+08 -3.66708598e+02 
 8.57695899e+08  2.55762567e+01  8.57695899e+08 -3.66011316e+02 
 9.26118728e+08  2.55286098e+01  9.26118728e+08 -3.65405111e+02 
 1.00000000e+09  2.54849407e+01  1.00000000e+09 -3.64878182e+02 
