 1.00000000e+00  7.04139143e+01  1.00000000e+00 -5.61784184e-04 
 1.07977516e+00  7.04139143e+01  1.07977516e+00 -6.06600608e-04 
 1.16591440e+00  7.04139143e+01  1.16591440e+00 -6.54992270e-04 
 1.25892541e+00  7.04139143e+01  1.25892541e+00 -7.07244385e-04 
 1.35935639e+00  7.04139143e+01  1.35935639e+00 -7.63664920e-04 
 1.46779927e+00  7.04139143e+01  1.46779927e+00 -8.24586413e-04 
 1.58489319e+00  7.04139143e+01  1.58489319e+00 -8.90367928e-04 
 1.71132830e+00  7.04139143e+01  1.71132830e+00 -9.61397174e-04 
 1.84784980e+00  7.04139143e+01  1.84784980e+00 -1.03809279e-03 
 1.99526231e+00  7.04139143e+01  1.99526231e+00 -1.12090681e-03 
 2.15443469e+00  7.04139143e+01  2.15443469e+00 -1.21032733e-03 
 2.32630507e+00  7.04139143e+01  2.32630507e+00 -1.30688139e-03 
 2.51188643e+00  7.04139143e+01  2.51188643e+00 -1.41113807e-03 
 2.71227258e+00  7.04139143e+01  2.71227258e+00 -1.52371184e-03 
 2.92864456e+00  7.04139143e+01  2.92864456e+00 -1.64526620e-03 
 3.16227766e+00  7.04139143e+01  3.16227766e+00 -1.77651757e-03 
 3.41454887e+00  7.04139143e+01  3.41454887e+00 -1.91823955e-03 
 3.68694506e+00  7.04139143e+01  3.68694506e+00 -2.07126742e-03 
 3.98107171e+00  7.04139143e+01  3.98107171e+00 -2.23650312e-03 
 4.29866235e+00  7.04139143e+01  4.29866235e+00 -2.41492052e-03 
 4.64158883e+00  7.04139143e+01  4.64158883e+00 -2.60757119e-03 
 5.01187234e+00  7.04139143e+01  5.01187234e+00 -2.81559061e-03 
 5.41169527e+00  7.04139143e+01  5.41169527e+00 -3.04020480e-03 
 5.84341413e+00  7.04139143e+01  5.84341413e+00 -3.28273764e-03 
 6.30957344e+00  7.04139143e+01  6.30957344e+00 -3.54461856e-03 
 6.81292069e+00  7.04139143e+01  6.81292069e+00 -3.82739108e-03 
 7.35642254e+00  7.04139143e+01  7.35642254e+00 -4.13272183e-03 
 7.94328235e+00  7.04139143e+01  7.94328235e+00 -4.46241038e-03 
 8.57695899e+00  7.04139143e+01  8.57695899e+00 -4.81839989e-03 
 9.26118728e+00  7.04139143e+01  9.26118728e+00 -5.20278852e-03 
 1.00000000e+01  7.04139143e+01  1.00000000e+01 -5.61784182e-03 
 1.07977516e+01  7.04139143e+01  1.07977516e+01 -6.06600606e-03 
 1.16591440e+01  7.04139142e+01  1.16591440e+01 -6.54992267e-03 
 1.25892541e+01  7.04139142e+01  1.25892541e+01 -7.07244381e-03 
 1.35935639e+01  7.04139142e+01  1.35935639e+01 -7.63664916e-03 
 1.46779927e+01  7.04139142e+01  1.46779927e+01 -8.24586408e-03 
 1.58489319e+01  7.04139142e+01  1.58489319e+01 -8.90367922e-03 
 1.71132830e+01  7.04139142e+01  1.71132830e+01 -9.61397166e-03 
 1.84784980e+01  7.04139142e+01  1.84784980e+01 -1.03809278e-02 
 1.99526231e+01  7.04139141e+01  1.99526231e+01 -1.12090680e-02 
 2.15443469e+01  7.04139141e+01  2.15443469e+01 -1.21032732e-02 
 2.32630507e+01  7.04139141e+01  2.32630507e+01 -1.30688137e-02 
 2.51188643e+01  7.04139141e+01  2.51188643e+01 -1.41113804e-02 
 2.71227258e+01  7.04139140e+01  2.71227258e+01 -1.52371180e-02 
 2.92864456e+01  7.04139140e+01  2.92864456e+01 -1.64526615e-02 
 3.16227766e+01  7.04139139e+01  3.16227766e+01 -1.77651752e-02 
 3.41454887e+01  7.04139138e+01  3.41454887e+01 -1.91823948e-02 
 3.68694506e+01  7.04139138e+01  3.68694506e+01 -2.07126734e-02 
 3.98107171e+01  7.04139137e+01  3.98107171e+01 -2.23650301e-02 
 4.29866235e+01  7.04139136e+01  4.29866235e+01 -2.41492038e-02 
 4.64158883e+01  7.04139134e+01  4.64158883e+01 -2.60757103e-02 
 5.01187234e+01  7.04139133e+01  5.01187234e+01 -2.81559040e-02 
 5.41169527e+01  7.04139131e+01  5.41169527e+01 -3.04020454e-02 
 5.84341413e+01  7.04139129e+01  5.84341413e+01 -3.28273730e-02 
 6.30957344e+01  7.04139127e+01  6.30957344e+01 -3.54461815e-02 
 6.81292069e+01  7.04139125e+01  6.81292069e+01 -3.82739056e-02 
 7.35642254e+01  7.04139121e+01  7.35642254e+01 -4.13272117e-02 
 7.94328235e+01  7.04139118e+01  7.94328235e+01 -4.46240955e-02 
 8.57695899e+01  7.04139114e+01  8.57695899e+01 -4.81839884e-02 
 9.26118728e+01  7.04139109e+01  9.26118728e+01 -5.20278720e-02 
 1.00000000e+02  7.04139103e+01  1.00000000e+02 -5.61784016e-02 
 1.07977516e+02  7.04139097e+01  1.07977516e+02 -6.06600397e-02 
 1.16591440e+02  7.04139089e+01  1.16591440e+02 -6.54992004e-02 
 1.25892541e+02  7.04139080e+01  1.25892541e+02 -7.07244050e-02 
 1.35935639e+02  7.04139069e+01  1.35935639e+02 -7.63664499e-02 
 1.46779927e+02  7.04139057e+01  1.46779927e+02 -8.24585883e-02 
 1.58489319e+02  7.04139043e+01  1.58489319e+02 -8.90367260e-02 
 1.71132830e+02  7.04139026e+01  1.71132830e+02 -9.61396333e-02 
 1.84784980e+02  7.04139007e+01  1.84784980e+02 -1.03809173e-01 
 1.99526231e+02  7.04138984e+01  1.99526231e+02 -1.12090548e-01 
 2.15443469e+02  7.04138958e+01  2.15443469e+02 -1.21032566e-01 
 2.32630507e+02  7.04138927e+01  2.32630507e+02 -1.30687928e-01 
 2.51188643e+02  7.04138892e+01  2.51188643e+02 -1.41113541e-01 
 2.71227258e+02  7.04138850e+01  2.71227258e+02 -1.52370849e-01 
 2.92864456e+02  7.04138801e+01  2.92864456e+02 -1.64526198e-01 
 3.16227766e+02  7.04138745e+01  3.16227766e+02 -1.77651227e-01 
 3.41454887e+02  7.04138678e+01  3.41454887e+02 -1.91823287e-01 
 3.68694506e+02  7.04138601e+01  3.68694506e+02 -2.07125901e-01 
 3.98107171e+02  7.04138511e+01  3.98107171e+02 -2.23649253e-01 
 4.29866235e+02  7.04138407e+01  4.29866235e+02 -2.41490719e-01 
 4.64158883e+02  7.04138285e+01  4.64158883e+02 -2.60755442e-01 
 5.01187234e+02  7.04138142e+01  5.01187234e+02 -2.81556949e-01 
 5.41169527e+02  7.04137976e+01  5.41169527e+02 -3.04017822e-01 
 5.84341413e+02  7.04137782e+01  5.84341413e+02 -3.28270416e-01 
 6.30957344e+02  7.04137557e+01  6.30957344e+02 -3.54457642e-01 
 6.81292069e+02  7.04137293e+01  6.81292069e+02 -3.82733804e-01 
 7.35642254e+02  7.04136987e+01  7.35642254e+02 -4.13265504e-01 
 7.94328235e+02  7.04136629e+01  7.94328235e+02 -4.46232631e-01 
 8.57695899e+02  7.04136212e+01  8.57695899e+02 -4.81829405e-01 
 9.26118728e+02  7.04135725e+01  9.26118728e+02 -5.20265528e-01 
 1.00000000e+03  7.04135158e+01  1.00000000e+03 -5.61767403e-01 
 1.07977516e+03  7.04134497e+01  1.07977516e+03 -6.06579484e-01 
 1.16591440e+03  7.04133726e+01  1.16591440e+03 -6.54965677e-01 
 1.25892541e+03  7.04132827e+01  1.25892541e+03 -7.07210908e-01 
 1.35935639e+03  7.04131779e+01  1.35935639e+03 -7.63622771e-01 
 1.46779927e+03  7.04130557e+01  1.46779927e+03 -8.24533354e-01 
 1.58489319e+03  7.04129133e+01  1.58489319e+03 -8.90301134e-01 
 1.71132830e+03  7.04127473e+01  1.71132830e+03 -9.61313089e-01 
 1.84784980e+03  7.04125537e+01  1.84784980e+03 -1.03798694e+00 
 1.99526231e+03  7.04123280e+01  1.99526231e+03 -1.12077356e+00 
 2.15443469e+03  7.04120648e+01  2.15443469e+03 -1.21015957e+00 
 2.32630507e+03  7.04117581e+01  2.32630507e+03 -1.30667021e+00 
 2.51188643e+03  7.04114005e+01  2.51188643e+03 -1.41087222e+00 
 2.71227258e+03  7.04109836e+01  2.71227258e+03 -1.52337719e+00 
 2.92864456e+03  7.04104975e+01  2.92864456e+03 -1.64484491e+00 
 3.16227766e+03  7.04099308e+01  3.16227766e+03 -1.77598724e+00 
 3.41454887e+03  7.04092704e+01  3.41454887e+03 -1.91757198e+00 
 3.68694506e+03  7.04085003e+01  3.68694506e+03 -2.07042709e+00 
 3.98107171e+03  7.04076027e+01  3.98107171e+03 -2.23544532e+00 
 4.29866235e+03  7.04065565e+01  4.29866235e+03 -2.41358905e+00 
 4.64158883e+03  7.04053369e+01  4.64158883e+03 -2.60589525e+00 
 5.01187234e+03  7.04039154e+01  5.01187234e+03 -2.81348115e+00 
 5.41169527e+03  7.04022587e+01  5.41169527e+03 -3.03754976e+00 
 5.84341413e+03  7.04003279e+01  5.84341413e+03 -3.27939603e+00 
 6.30957344e+03  7.03980778e+01  6.30957344e+03 -3.54041304e+00 
 6.81292069e+03  7.03954558e+01  6.81292069e+03 -3.82209854e+00 
 7.35642254e+03  7.03924009e+01  7.35642254e+03 -4.12606173e+00 
 7.94328235e+03  7.03888418e+01  7.94328235e+03 -4.45402993e+00 
 8.57695899e+03  7.03846959e+01  8.57695899e+03 -4.80785558e+00 
 9.26118728e+03  7.03798671e+01  9.26118728e+03 -5.18952290e+00 
 1.00000000e+04  7.03742439e+01  1.00000000e+04 -5.60115439e+00 
 1.07977516e+04  7.03676968e+01  1.07977516e+04 -6.04501683e+00 
 1.16591440e+04  7.03600760e+01  1.16591440e+04 -6.52352667e+00 
 1.25892541e+04  7.03512077e+01  1.25892541e+04 -7.03925406e+00 
 1.35935639e+04  7.03408908e+01  1.35935639e+04 -7.59492538e+00 
 1.46779927e+04  7.03288928e+01  1.46779927e+04 -8.19342412e+00 
 1.58489319e+04  7.03149461e+01  1.58489319e+04 -8.83778880e+00 
 1.71132830e+04  7.02987416e+01  1.71132830e+04 -9.53120667e+00 
 1.84784980e+04  7.02799245e+01  1.84784980e+04 -1.02770045e+01 
 1.99526231e+04  7.02580878e+01  1.99526231e+04 -1.10786326e+01 
 2.15443469e+04  7.02327659e+01  2.15443469e+04 -1.19396419e+01 
 2.32630507e+04  7.02034277e+01  2.32630507e+04 -1.28636534e+01 
 2.51188643e+04  7.01694701e+01  2.51188643e+04 -1.38543180e+01 
 2.71227258e+04  7.01302106e+01  2.71227258e+04 -1.49152637e+01 
 2.92864456e+04  7.00848809e+01  2.92864456e+04 -1.60500303e+01 
 3.16227766e+04  7.00326201e+01  3.16227766e+04 -1.72619881e+01 
 3.41454887e+04  6.99724716e+01  3.41454887e+04 -1.85542448e+01 
 3.68694506e+04  6.99033788e+01  3.68694506e+04 -1.99295292e+01 
 3.98107171e+04  6.98241852e+01  3.98107171e+04 -2.13900647e+01 
 4.29866235e+04  6.97336381e+01  4.29866235e+04 -2.29374266e+01 
 4.64158883e+04  6.96303958e+01  4.64158883e+04 -2.45723866e+01 
 5.01187234e+04  6.95130409e+01  5.01187234e+04 -2.62947551e+01 
 5.41169527e+04  6.93800995e+01  5.41169527e+04 -2.81032253e+01 
 5.84341413e+04  6.92300667e+01  5.84341413e+04 -2.99952304e+01 
 6.30957344e+04  6.90614389e+01  6.30957344e+04 -3.19668258e+01 
 6.81292069e+04  6.88727526e+01  6.81292069e+04 -3.40126152e+01 
 7.35642254e+04  6.86626270e+01  7.35642254e+04 -3.61257251e+01 
 7.94328235e+04  6.84298113e+01  7.94328235e+04 -3.82978508e+01 
 8.57695899e+04  6.81732295e+01  8.57695899e+04 -4.05193704e+01 
 9.26118728e+04  6.78920248e+01  9.26118728e+04 -4.27795435e+01 
 1.00000000e+05  6.75855952e+01  1.00000000e+05 -4.50667734e+01 
 1.07977516e+05  6.72536201e+01  1.07977516e+05 -4.73689309e+01 
 1.16591440e+05  6.68960757e+01  1.16591440e+05 -4.96737243e+01 
 1.25892541e+05  6.65132341e+01  1.25892541e+05 -5.19690710e+01 
 1.35935639e+05  6.61056521e+01  1.35935639e+05 -5.42434729e+01 
 1.46779927e+05  6.56741442e+01  1.46779927e+05 -5.64863426e+01 
 1.58489319e+05  6.52197478e+01  1.58489319e+05 -5.86882831e+01 
 1.71132830e+05  6.47436799e+01  1.71132830e+05 -6.08412898e+01 
 1.84784980e+05  6.42472914e+01  1.84784980e+05 -6.29388829e+01 
 1.99526231e+05  6.37320198e+01  1.99526231e+05 -6.49761604e+01 
 2.15443469e+05  6.31993453e+01  2.15443469e+05 -6.69497893e+01 
 2.32630507e+05  6.26507511e+01  2.32630507e+05 -6.88579370e+01 
 2.51188643e+05  6.20876896e+01  2.51188643e+05 -7.07001634e+01 
 2.71227258e+05  6.15115556e+01  2.71227258e+05 -7.24772905e+01 
 2.92864456e+05  6.09236652e+01  2.92864456e+05 -7.41912459e+01 
 3.16227766e+05  6.03252414e+01  3.16227766e+05 -7.58449170e+01 
 3.41454887e+05  5.97174052e+01  3.41454887e+05 -7.74419999e+01 
 3.68694506e+05  5.91011700e+01  3.68694506e+05 -7.89868625e+01 
 3.98107171e+05  5.84774410e+01  3.98107171e+05 -8.04844215e+01 
 4.29866235e+05  5.78470156e+01  4.29866235e+05 -8.19400361e+01 
 4.64158883e+05  5.72105867e+01  4.64158883e+05 -8.33594191e+01 
 5.01187234e+05  5.65687467e+01  5.01187234e+05 -8.47485618e+01 
 5.41169527e+05  5.59219916e+01  5.41169527e+05 -8.61136764e+01 
 5.84341413e+05  5.52707257e+01  5.84341413e+05 -8.74611502e+01 
 6.30957344e+05  5.46152657e+01  6.30957344e+05 -8.87975119e+01 
 6.81292069e+05  5.39558440e+01  6.81292069e+05 -9.01294054e+01 
 7.35642254e+05  5.32926118e+01  7.35642254e+05 -9.14635732e+01 
 7.94328235e+05  5.26256408e+01  7.94328235e+05 -9.28068437e+01 
 8.57695899e+05  5.19549241e+01  8.57695899e+05 -9.41661216e+01 
 9.26118728e+05  5.12803761e+01  9.26118728e+05 -9.55483806e+01 
 1.00000000e+06  5.06018312e+01  1.00000000e+06 -9.69606542e+01 
 1.07977516e+06  4.99190418e+01  1.07977516e+06 -9.84100251e+01 
 1.16591440e+06  4.92316752e+01  1.16591440e+06 -9.99036102e+01 
 1.25892541e+06  4.85393098e+01  1.25892541e+06 -1.01448538e+02 
 1.35935639e+06  4.78414306e+01  1.35935639e+06 -1.03051918e+02 
 1.46779927e+06  4.71374242e+01  1.46779927e+06 -1.04720802e+02 
 1.58489319e+06  4.64265746e+01  1.58489319e+06 -1.06462127e+02 
 1.71132830e+06  4.57080582e+01  1.71132830e+06 -1.08282655e+02 
 1.84784980e+06  4.49809411e+01  1.84784980e+06 -1.10188881e+02 
 1.99526231e+06  4.42441771e+01  1.99526231e+06 -1.12186947e+02 
 2.15443469e+06  4.34966091e+01  2.15443469e+06 -1.14282519e+02 
 2.32630507e+06  4.27369728e+01  2.32630507e+06 -1.16480669e+02 
 2.51188643e+06  4.19639059e+01  2.51188643e+06 -1.18785736e+02 
 2.71227258e+06  4.11759614e+01  2.71227258e+06 -1.21201192e+02 
 2.92864456e+06  4.03716276e+01  2.92864456e+06 -1.23729510e+02 
 3.16227766e+06  3.95493541e+01  3.16227766e+06 -1.26372051e+02 
 3.41454887e+06  3.87075834e+01  3.41454887e+06 -1.29128981e+02 
 3.68694506e+06  3.78447888e+01  3.68694506e+06 -1.31999232e+02 
 3.98107171e+06  3.69595156e+01  3.98107171e+06 -1.34980525e+02 
 4.29866235e+06  3.60504242e+01  4.29866235e+06 -1.38069463e+02 
 4.64158883e+06  3.51163318e+01  4.64158883e+06 -1.41261701e+02 
 5.01187234e+06  3.41562485e+01  5.01187234e+06 -1.44552204e+02 
 5.41169527e+06  3.31694055e+01  5.41169527e+06 -1.47935578e+02 
 5.84341413e+06  3.21552711e+01  5.84341413e+06 -1.51406469e+02 
 6.30957344e+06  3.11135506e+01  6.30957344e+06 -1.54960011e+02 
 6.81292069e+06  3.00441706e+01  6.81292069e+06 -1.58592305e+02 
 7.35642254e+06  2.89472455e+01  7.35642254e+06 -1.62300909e+02 
 7.94328235e+06  2.78230265e+01  7.94328235e+06 -1.66085320e+02 
 8.57695899e+06  2.66718347e+01  8.57695899e+06 -1.69947460e+02 
 9.26118728e+06  2.54939809e+01  9.26118728e+06 -1.73892160e+02 
 1.00000000e+07  2.42896713e+01  1.00000000e+07 -1.77927682e+02 
 1.07977516e+07  2.30589021e+01  1.07977516e+07 -1.82066330e+02 
 1.16591440e+07  2.18013435e+01  1.16591440e+07 -1.86325243e+02 
 1.25892541e+07  2.05162127e+01  1.25892541e+07 -1.90727484e+02 
 1.35935639e+07  1.92021398e+01  1.35935639e+07 -1.95303640e+02 
 1.46779927e+07  1.78570325e+01  1.46779927e+07 -2.00094210e+02 
 1.58489319e+07  1.64779628e+01  1.58489319e+07 -2.05153244e+02 
 1.71132830e+07  1.50611240e+01  1.71132830e+07 -2.10553919e+02 
 1.84784980e+07  1.36019812e+01  1.84784980e+07 -2.16397126e+02 
 1.99526231e+07  1.20958874e+01  1.99526231e+07 -2.22824632e+02 
 2.15443469e+07  1.05397817e+01  2.15443469e+07 -2.30038797e+02 
 2.32630507e+07  8.93632326e+00  2.32630507e+07 -2.38330097e+02 
 2.51188643e+07  7.30324368e+00  2.51188643e+07 -2.48107686e+02 
 2.71227258e+07  5.69258378e+00  2.71227258e+07 -2.59904313e+02 
 2.92864456e+07  4.22250836e+00  2.92864456e+07 -2.74260127e+02 
 3.16227766e+07  3.10151456e+00  3.16227766e+07 -2.91303434e+02 
 3.41454887e+07  2.57010372e+00  3.41454887e+07 -3.10069040e+02 
 3.68694506e+07  2.72145644e+00  3.68694506e+07 -3.28478254e+02 
 3.98107171e+07  3.40771362e+00  3.98107171e+07 -3.44655983e+02 
 4.29866235e+07  4.38434243e+00  4.29866235e+07 -3.57971237e+02 
 4.64158883e+07  5.46708378e+00  4.64158883e+07 -3.68719352e+02 
 5.01187234e+07  6.55981857e+00  5.01187234e+07 -3.77461310e+02 
 5.41169527e+07  7.62368581e+00  5.41169527e+07 -3.84698982e+02 
 5.84341413e+07  8.64815160e+00  5.84341413e+07 -3.90804764e+02 
 6.30957344e+07  9.63483573e+00  6.30957344e+07 -3.96038257e+02 
 6.81292069e+07  1.05898838e+01  6.81292069e+07 -4.00576968e+02 
 7.35642254e+07  1.15206449e+01  7.35642254e+07 -4.04541474e+02 
 7.94328235e+07  1.24343119e+01  7.94328235e+07 -4.08012810e+02 
 8.57695899e+07  1.33374109e+01  8.57695899e+07 -4.11043729e+02 
 9.26118728e+07  1.42356248e+01  9.26118728e+07 -4.13665765e+02 
 1.00000000e+08  1.51337172e+01  1.00000000e+08 -4.15893524e+02 
 1.07977516e+08  1.60354389e+01  1.07977516e+08 -4.17727203e+02 
 1.16591440e+08  1.69433515e+01  1.16591440e+08 -4.19154063e+02 
 1.25892541e+08  1.78585259e+01  1.25892541e+08 -4.20149481e+02 
 1.35935639e+08  1.87800890e+01  1.35935639e+08 -4.20678206e+02 
 1.46779927e+08  1.97046162e+01  1.46779927e+08 -4.20696602e+02 
 1.58489319e+08  2.06254196e+01  1.58489319e+08 -4.20156826e+02 
 1.71132830e+08  2.15318743e+01  1.71132830e+08 -4.19013959e+02 
 1.84784980e+08  2.24090625e+01  1.84784980e+08 -4.17236785e+02 
 1.99526231e+08  2.32381607e+01  1.99526231e+08 -4.14821784e+02 
 2.15443469e+08  2.39980252e+01  2.15443469e+08 -4.11807652e+02 
 2.32630507e+08  2.46681584e+01  2.32630507e+08 -4.08284952e+02 
 2.51188643e+08  2.52325704e+01  2.51188643e+08 -4.04394309e+02 
 2.71227258e+08  2.56832578e+01  2.71227258e+08 -4.00309663e+02 
 2.92864456e+08  2.60217963e+01  2.92864456e+08 -3.96210346e+02 
 3.16227766e+08  2.62583336e+01  3.16227766e+08 -3.92252412e+02 
 3.41454887e+08  2.64086013e+01  3.41454887e+08 -3.88549814e+02 
 3.68694506e+08  2.64903821e+01  3.68694506e+08 -3.85169640e+02 
 3.98107171e+08  2.65206843e+01  3.98107171e+08 -3.82138463e+02 
 4.29866235e+08  2.65141275e+01  4.29866235e+08 -3.79453746e+02 
 4.64158883e+08  2.64824019e+01  4.64158883e+08 -3.77095245e+02 
 5.01187234e+08  2.64344045e+01  5.01187234e+08 -3.75033890e+02 
 5.41169527e+08  2.63766785e+01  5.41169527e+08 -3.73237664e+02 
 5.84341413e+08  2.63139201e+01  5.84341413e+08 -3.71675016e+02 
 6.30957344e+08  2.62494329e+01  6.30957344e+08 -3.70316583e+02 
 6.81292069e+08  2.61854947e+01  6.81292069e+08 -3.69135897e+02 
 7.35642254e+08  2.61236353e+01  7.35642254e+08 -3.68109537e+02 
 7.94328235e+08  2.60648428e+01  7.94328235e+08 -3.67217002e+02 
 8.57695899e+08  2.60097141e+01  8.57695899e+08 -3.66440473e+02 
 9.26118728e+08  2.59585662e+01  9.26118728e+08 -3.65764530e+02 
 1.00000000e+09  2.59115177e+01  1.00000000e+09 -3.65175870e+02 
