 1.00000000e+00  6.10976732e+01  1.00000000e+00 -1.79999831e+02 
 1.07977516e+00  6.10976732e+01  1.07977516e+00 -1.79999817e+02 
 1.16591440e+00  6.10976732e+01  1.16591440e+00 -1.79999803e+02 
 1.25892541e+00  6.10976732e+01  1.25892541e+00 -1.79999787e+02 
 1.35935639e+00  6.10976732e+01  1.35935639e+00 -1.79999770e+02 
 1.46779927e+00  6.10976732e+01  1.46779927e+00 -1.79999751e+02 
 1.58489319e+00  6.10976732e+01  1.58489319e+00 -1.79999732e+02 
 1.71132830e+00  6.10976732e+01  1.71132830e+00 -1.79999710e+02 
 1.84784980e+00  6.10976732e+01  1.84784980e+00 -1.79999687e+02 
 1.99526231e+00  6.10976732e+01  1.99526231e+00 -1.79999662e+02 
 2.15443469e+00  6.10976732e+01  2.15443469e+00 -1.79999635e+02 
 2.32630507e+00  6.10976732e+01  2.32630507e+00 -1.79999606e+02 
 2.51188643e+00  6.10976732e+01  2.51188643e+00 -1.79999575e+02 
 2.71227258e+00  6.10976732e+01  2.71227258e+00 -1.79999541e+02 
 2.92864456e+00  6.10976732e+01  2.92864456e+00 -1.79999504e+02 
 3.16227766e+00  6.10976732e+01  3.16227766e+00 -1.79999465e+02 
 3.41454887e+00  6.10976732e+01  3.41454887e+00 -1.79999422e+02 
 3.68694506e+00  6.10976732e+01  3.68694506e+00 -1.79999376e+02 
 3.98107171e+00  6.10976732e+01  3.98107171e+00 -1.79999326e+02 
 4.29866235e+00  6.10976732e+01  4.29866235e+00 -1.79999272e+02 
 4.64158883e+00  6.10976732e+01  4.64158883e+00 -1.79999214e+02 
 5.01187234e+00  6.10976732e+01  5.01187234e+00 -1.79999151e+02 
 5.41169527e+00  6.10976732e+01  5.41169527e+00 -1.79999084e+02 
 5.84341413e+00  6.10976732e+01  5.84341413e+00 -1.79999011e+02 
 6.30957344e+00  6.10976732e+01  6.30957344e+00 -1.79998932e+02 
 6.81292069e+00  6.10976732e+01  6.81292069e+00 -1.79998847e+02 
 7.35642254e+00  6.10976732e+01  7.35642254e+00 -1.79998755e+02 
 7.94328235e+00  6.10976732e+01  7.94328235e+00 -1.79998655e+02 
 8.57695899e+00  6.10976732e+01  8.57695899e+00 -1.79998548e+02 
 9.26118728e+00  6.10976732e+01  9.26118728e+00 -1.79998432e+02 
 1.00000000e+01  6.10976732e+01  1.00000000e+01 -1.79998307e+02 
 1.07977516e+01  6.10976732e+01  1.07977516e+01 -1.79998172e+02 
 1.16591440e+01  6.10976732e+01  1.16591440e+01 -1.79998026e+02 
 1.25892541e+01  6.10976732e+01  1.25892541e+01 -1.79997869e+02 
 1.35935639e+01  6.10976732e+01  1.35935639e+01 -1.79997699e+02 
 1.46779927e+01  6.10976732e+01  1.46779927e+01 -1.79997515e+02 
 1.58489319e+01  6.10976732e+01  1.58489319e+01 -1.79997317e+02 
 1.71132830e+01  6.10976732e+01  1.71132830e+01 -1.79997103e+02 
 1.84784980e+01  6.10976732e+01  1.84784980e+01 -1.79996871e+02 
 1.99526231e+01  6.10976732e+01  1.99526231e+01 -1.79996622e+02 
 2.15443469e+01  6.10976732e+01  2.15443469e+01 -1.79996352e+02 
 2.32630507e+01  6.10976732e+01  2.32630507e+01 -1.79996061e+02 
 2.51188643e+01  6.10976732e+01  2.51188643e+01 -1.79995747e+02 
 2.71227258e+01  6.10976732e+01  2.71227258e+01 -1.79995408e+02 
 2.92864456e+01  6.10976732e+01  2.92864456e+01 -1.79995042e+02 
 3.16227766e+01  6.10976731e+01  3.16227766e+01 -1.79994646e+02 
 3.41454887e+01  6.10976731e+01  3.41454887e+01 -1.79994219e+02 
 3.68694506e+01  6.10976731e+01  3.68694506e+01 -1.79993758e+02 
 3.98107171e+01  6.10976731e+01  3.98107171e+01 -1.79993260e+02 
 4.29866235e+01  6.10976731e+01  4.29866235e+01 -1.79992722e+02 
 4.64158883e+01  6.10976731e+01  4.64158883e+01 -1.79992141e+02 
 5.01187234e+01  6.10976731e+01  5.01187234e+01 -1.79991515e+02 
 5.41169527e+01  6.10976731e+01  5.41169527e+01 -1.79990838e+02 
 5.84341413e+01  6.10976730e+01  5.84341413e+01 -1.79990107e+02 
 6.30957344e+01  6.10976730e+01  6.30957344e+01 -1.79989317e+02 
 6.81292069e+01  6.10976730e+01  6.81292069e+01 -1.79988465e+02 
 7.35642254e+01  6.10976730e+01  7.35642254e+01 -1.79987545e+02 
 7.94328235e+01  6.10976729e+01  7.94328235e+01 -1.79986551e+02 
 8.57695899e+01  6.10976729e+01  8.57695899e+01 -1.79985479e+02 
 9.26118728e+01  6.10976728e+01  9.26118728e+01 -1.79984320e+02 
 1.00000000e+02  6.10976727e+01  1.00000000e+02 -1.79983069e+02 
 1.07977516e+02  6.10976727e+01  1.07977516e+02 -1.79981719e+02 
 1.16591440e+02  6.10976726e+01  1.16591440e+02 -1.79980260e+02 
 1.25892541e+02  6.10976725e+01  1.25892541e+02 -1.79978686e+02 
 1.35935639e+02  6.10976724e+01  1.35935639e+02 -1.79976985e+02 
 1.46779927e+02  6.10976722e+01  1.46779927e+02 -1.79975149e+02 
 1.58489319e+02  6.10976721e+01  1.58489319e+02 -1.79973167e+02 
 1.71132830e+02  6.10976719e+01  1.71132830e+02 -1.79971026e+02 
 1.84784980e+02  6.10976717e+01  1.84784980e+02 -1.79968715e+02 
 1.99526231e+02  6.10976714e+01  1.99526231e+02 -1.79966219e+02 
 2.15443469e+02  6.10976711e+01  2.15443469e+02 -1.79963524e+02 
 2.32630507e+02  6.10976708e+01  2.32630507e+02 -1.79960614e+02 
 2.51188643e+02  6.10976704e+01  2.51188643e+02 -1.79957472e+02 
 2.71227258e+02  6.10976699e+01  2.71227258e+02 -1.79954079e+02 
 2.92864456e+02  6.10976694e+01  2.92864456e+02 -1.79950416e+02 
 3.16227766e+02  6.10976687e+01  3.16227766e+02 -1.79946460e+02 
 3.41454887e+02  6.10976680e+01  3.41454887e+02 -1.79942189e+02 
 3.68694506e+02  6.10976671e+01  3.68694506e+02 -1.79937578e+02 
 3.98107171e+02  6.10976661e+01  3.98107171e+02 -1.79932598e+02 
 4.29866235e+02  6.10976649e+01  4.29866235e+02 -1.79927221e+02 
 4.64158883e+02  6.10976636e+01  4.64158883e+02 -1.79921415e+02 
 5.01187234e+02  6.10976620e+01  5.01187234e+02 -1.79915146e+02 
 5.41169527e+02  6.10976601e+01  5.41169527e+02 -1.79908376e+02 
 5.84341413e+02  6.10976579e+01  5.84341413e+02 -1.79901067e+02 
 6.30957344e+02  6.10976554e+01  6.30957344e+02 -1.79893175e+02 
 6.81292069e+02  6.10976525e+01  6.81292069e+02 -1.79884653e+02 
 7.35642254e+02  6.10976490e+01  7.35642254e+02 -1.79875451e+02 
 7.94328235e+02  6.10976450e+01  7.94328235e+02 -1.79865515e+02 
 8.57695899e+02  6.10976403e+01  8.57695899e+02 -1.79854787e+02 
 9.26118728e+02  6.10976349e+01  9.26118728e+02 -1.79843202e+02 
 1.00000000e+03  6.10976285e+01  1.00000000e+03 -1.79830694e+02 
 1.07977516e+03  6.10976211e+01  1.07977516e+03 -1.79817187e+02 
 1.16591440e+03  6.10976125e+01  1.16591440e+03 -1.79802604e+02 
 1.25892541e+03  6.10976024e+01  1.25892541e+03 -1.79786857e+02 
 1.35935639e+03  6.10975907e+01  1.35935639e+03 -1.79769853e+02 
 1.46779927e+03  6.10975770e+01  1.46779927e+03 -1.79751493e+02 
 1.58489319e+03  6.10975610e+01  1.58489319e+03 -1.79731669e+02 
 1.71132830e+03  6.10975424e+01  1.71132830e+03 -1.79710264e+02 
 1.84784980e+03  6.10975207e+01  1.84784980e+03 -1.79687150e+02 
 1.99526231e+03  6.10974954e+01  1.99526231e+03 -1.79662193e+02 
 2.15443469e+03  6.10974660e+01  2.15443469e+03 -1.79635246e+02 
 2.32630507e+03  6.10974316e+01  2.32630507e+03 -1.79606148e+02 
 2.51188643e+03  6.10973915e+01  2.51188643e+03 -1.79574730e+02 
 2.71227258e+03  6.10973447e+01  2.71227258e+03 -1.79540806e+02 
 2.92864456e+03  6.10972903e+01  2.92864456e+03 -1.79504176e+02 
 3.16227766e+03  6.10972267e+01  3.16227766e+03 -1.79464624e+02 
 3.41454887e+03  6.10971527e+01  3.41454887e+03 -1.79421918e+02 
 3.68694506e+03  6.10970663e+01  3.68694506e+03 -1.79375806e+02 
 3.98107171e+03  6.10969656e+01  3.98107171e+03 -1.79326017e+02 
 4.29866235e+03  6.10968482e+01  4.29866235e+03 -1.79272257e+02 
 4.64158883e+03  6.10967114e+01  4.64158883e+03 -1.79214210e+02 
 5.01187234e+03  6.10965518e+01  5.01187234e+03 -1.79151534e+02 
 5.41169527e+03  6.10963658e+01  5.41169527e+03 -1.79083862e+02 
 5.84341413e+03  6.10961489e+01  5.84341413e+03 -1.79010795e+02 
 6.30957344e+03  6.10958961e+01  6.30957344e+03 -1.78931903e+02 
 6.81292069e+03  6.10956013e+01  6.81292069e+03 -1.78846724e+02 
 7.35642254e+03  6.10952576e+01  7.35642254e+03 -1.78754756e+02 
 7.94328235e+03  6.10948570e+01  7.94328235e+03 -1.78655461e+02 
 8.57695899e+03  6.10943899e+01  8.57695899e+03 -1.78548257e+02 
 9.26118728e+03  6.10938454e+01  9.26118728e+03 -1.78432514e+02 
 1.00000000e+04  6.10932106e+01  1.00000000e+04 -1.78307557e+02 
 1.07977516e+04  6.10924707e+01  1.07977516e+04 -1.78172654e+02 
 1.16591440e+04  6.10916081e+01  1.16591440e+04 -1.78027018e+02 
 1.25892541e+04  6.10906026e+01  1.25892541e+04 -1.77869800e+02 
 1.35935639e+04  6.10894306e+01  1.35935639e+04 -1.77700086e+02 
 1.46779927e+04  6.10880646e+01  1.46779927e+04 -1.77516891e+02 
 1.58489319e+04  6.10864724e+01  1.58489319e+04 -1.77319154e+02 
 1.71132830e+04  6.10846168e+01  1.71132830e+04 -1.77105734e+02 
 1.84784980e+04  6.10824544e+01  1.84784980e+04 -1.76875404e+02 
 1.99526231e+04  6.10799344e+01  1.99526231e+04 -1.76626842e+02 
 2.15443469e+04  6.10769983e+01  2.15443469e+04 -1.76358634e+02 
 2.32630507e+04  6.10735774e+01  2.32630507e+04 -1.76069258e+02 
 2.51188643e+04  6.10695924e+01  2.51188643e+04 -1.75757083e+02 
 2.71227258e+04  6.10649507e+01  2.71227258e+04 -1.75420366e+02 
 2.92864456e+04  6.10595452e+01  2.92864456e+04 -1.75057240e+02 
 3.16227766e+04  6.10532512e+01  3.16227766e+04 -1.74665714e+02 
 3.41454887e+04  6.10459243e+01  3.41454887e+04 -1.74243669e+02 
 3.68694506e+04  6.10373974e+01  3.68694506e+04 -1.73788852e+02 
 3.98107171e+04  6.10274765e+01  3.98107171e+04 -1.73298875e+02 
 4.29866235e+04  6.10159380e+01  4.29866235e+04 -1.72771218e+02 
 4.64158883e+04  6.10025233e+01  4.64158883e+04 -1.72203231e+02 
 5.01187234e+04  6.09869348e+01  5.01187234e+04 -1.71592140e+02 
 5.41169527e+04  6.09688296e+01  5.41169527e+04 -1.70935056e+02 
 5.84341413e+04  6.09478146e+01  5.84341413e+04 -1.70228997e+02 
 6.30957344e+04  6.09234397e+01  6.30957344e+04 -1.69470904e+02 
 6.81292069e+04  6.08951909e+01  6.81292069e+04 -1.68657679e+02 
 7.35642254e+04  6.08624837e+01  7.35642254e+04 -1.67786218e+02 
 7.94328235e+04  6.08246559e+01  7.94328235e+04 -1.66853471e+02 
 8.57695899e+04  6.07809606e+01  8.57695899e+04 -1.65856501e+02 
 9.26118728e+04  6.07305601e+01  9.26118728e+04 -1.64792567e+02 
 1.00000000e+05  6.06725204e+01  1.00000000e+05 -1.63659216e+02 
 1.07977516e+05  6.06058082e+01  1.07977516e+05 -1.62454402e+02 
 1.16591440e+05  6.05292888e+01  1.16591440e+05 -1.61176605e+02 
 1.25892541e+05  6.04417291e+01  1.25892541e+05 -1.59824985e+02 
 1.35935639e+05  6.03418031e+01  1.35935639e+05 -1.58399532e+02 
 1.46779927e+05  6.02281034e+01  1.46779927e+05 -1.56901232e+02 
 1.58489319e+05  6.00991585e+01  1.58489319e+05 -1.55332233e+02 
 1.71132830e+05  5.99534559e+01  1.71132830e+05 -1.53695996e+02 
 1.84784980e+05  5.97894728e+01  1.84784980e+05 -1.51997429e+02 
 1.99526231e+05  5.96057119e+01  1.99526231e+05 -1.50242984e+02 
 2.15443469e+05  5.94007440e+01  2.15443469e+05 -1.48440704e+02 
 2.32630507e+05  5.91732520e+01  2.32630507e+05 -1.46600208e+02 
 2.51188643e+05  5.89220781e+01  2.51188643e+05 -1.44732606e+02 
 2.71227258e+05  5.86462662e+01  2.71227258e+05 -1.42850333e+02 
 2.92864456e+05  5.83451008e+01  2.92864456e+05 -1.40966917e+02 
 3.16227766e+05  5.80181352e+01  3.16227766e+05 -1.39096677e+02 
 3.41454887e+05  5.76652089e+01  3.41454887e+05 -1.37254383e+02 
 3.68694506e+05  5.72864508e+01  3.68694506e+05 -1.35454886e+02 
 3.98107171e+05  5.68822690e+01  3.98107171e+05 -1.33712760e+02 
 4.29866235e+05  5.64533269e+01  4.29866235e+05 -1.32041971e+02 
 4.64158883e+05  5.60005081e+01  4.64158883e+05 -1.30455596e+02 
 5.01187234e+05  5.55248737e+01  5.01187234e+05 -1.28965611e+02 
 5.41169527e+05  5.50276141e+01  5.41169527e+05 -1.27582755e+02 
 5.84341413e+05  5.45099992e+01  5.84341413e+05 -1.26316464e+02 
 6.30957344e+05  5.39733306e+01  6.30957344e+05 -1.25174885e+02 
 6.81292069e+05  5.34188971e+01  6.81292069e+05 -1.24164932e+02 
 7.35642254e+05  5.28479350e+01  7.35642254e+05 -1.23292400e+02 
 7.94328235e+05  5.22615954e+01  7.94328235e+05 -1.22562098e+02 
 8.57695899e+05  5.16609168e+01  8.57695899e+05 -1.21978002e+02 
 9.26118728e+05  5.10468037e+01  9.26118728e+05 -1.21543410e+02 
 1.00000000e+06  5.04200108e+01  1.00000000e+06 -1.21261088e+02 
 1.07977516e+06  4.97811311e+01  1.07977516e+06 -1.21133398e+02 
 1.16591440e+06  4.91305875e+01  1.16591440e+06 -1.21162413e+02 
 1.25892541e+06  4.84686277e+01  1.25892541e+06 -1.21349995e+02 
 1.35935639e+06  4.77953210e+01  1.35935639e+06 -1.21697856e+02 
 1.46779927e+06  4.71105572e+01  1.46779927e+06 -1.22207579e+02 
 1.58489319e+06  4.64140467e+01  1.58489319e+06 -1.22880623e+02 
 1.71132830e+06  4.57053237e+01  1.71132830e+06 -1.23718283e+02 
 1.84784980e+06  4.49837505e+01  1.84784980e+06 -1.24721635e+02 
 1.99526231e+06  4.42485250e+01  1.99526231e+06 -1.25891452e+02 
 2.15443469e+06  4.34986922e+01  2.15443469e+06 -1.27228094e+02 
 2.32630507e+06  4.27331593e+01  2.32630507e+06 -1.28731390e+02 
 2.51188643e+06  4.19507165e+01  2.51188643e+06 -1.30400506e+02 
 2.71227258e+06  4.11500631e+01  2.71227258e+06 -1.32233821e+02 
 2.92864456e+06  4.03298401e+01  2.92864456e+06 -1.34228816e+02 
 3.16227766e+06  3.94886681e+01  3.16227766e+06 -1.36381986e+02 
 3.41454887e+06  3.86251903e+01  3.41454887e+06 -1.38688807e+02 
 3.68694506e+06  3.77381188e+01  3.68694506e+06 -1.41143753e+02 
 3.98107171e+06  3.68262812e+01  3.98107171e+06 -1.43740386e+02 
 4.29866235e+06  3.58886650e+01  4.29866235e+06 -1.46471521e+02 
 4.64158883e+06  3.49244558e+01  4.64158883e+06 -1.49329479e+02 
 5.01187234e+06  3.39330659e+01  5.01187234e+06 -1.52306403e+02 
 5.41169527e+06  3.29141492e+01  5.41169527e+06 -1.55394650e+02 
 5.84341413e+06  3.18676016e+01  5.84341413e+06 -1.58587216e+02 
 6.30957344e+06  3.07935436e+01  6.30957344e+06 -1.61878192e+02 
 6.81292069e+06  2.96922866e+01  6.81292069e+06 -1.65263230e+02 
 7.35642254e+06  2.85642833e+01  7.35642254e+06 -1.68739993e+02 
 7.94328235e+06  2.74100638e+01  7.94328235e+06 -1.72308596e+02 
 8.57695899e+06  2.62301600e+01  8.57695899e+06 -1.75972040e+02 
 9.26118728e+06  2.50250205e+01  9.26118728e+06 -1.79736672e+02 
 1.00000000e+07  2.37949165e+01  1.00000000e+07 -1.83612697e+02 
 1.07977516e+07  2.25398412e+01  1.07977516e+07 -1.87614834e+02 
 1.16591440e+07  2.12594026e+01  1.16591440e+07 -1.91763208e+02 
 1.25892541e+07  1.99527125e+01  1.25892541e+07 -1.96084635e+02 
 1.35935639e+07  1.86182764e+01  1.35935639e+07 -2.00614532e+02 
 1.46779927e+07  1.72539022e+01  1.46779927e+07 -2.05399786e+02 
 1.58489319e+07  1.58566632e+01  1.58489319e+07 -2.10503109e+02 
 1.71132830e+07  1.44230012e+01  1.71132830e+07 -2.16009653e+02 
 1.84784980e+07  1.29491587e+01  1.84784980e+07 -2.22036995e+02 
 1.99526231e+07  1.14323497e+01  1.99526231e+07 -2.28749971e+02 
 2.15443469e+07  9.87354365e+00  2.15443469e+07 -2.36381493e+02 
 2.32630507e+07  8.28364192e+00  2.32630507e+07 -2.45257499e+02 
 2.51188643e+07  6.69619380e+00  2.51188643e+07 -2.55811712e+02 
 2.71227258e+07  5.18997377e+00  2.71227258e+07 -2.68538845e+02 
 2.92864456e+07  3.91551273e+00  2.92864456e+07 -2.83766207e+02 
 3.16227766e+07  3.08596611e+00  3.16227766e+07 -3.01146736e+02 
 3.41454887e+07  2.86931684e+00  3.41454887e+07 -3.19254154e+02 
 3.68694506e+07  3.24487362e+00  3.68694506e+07 -3.36161338e+02 
 3.98107171e+07  4.02397139e+00  3.98107171e+07 -3.50648129e+02 
 4.29866235e+07  5.00219369e+00  4.29866235e+07 -3.62546511e+02 
 4.64158883e+07  6.04589375e+00  4.64158883e+07 -3.72247010e+02 
 5.01187234e+07  7.08898490e+00  5.01187234e+07 -3.80240218e+02 
 5.41169527e+07  8.10556107e+00  5.41169527e+07 -3.86936064e+02 
 5.84341413e+07  9.08936038e+00  5.84341413e+07 -3.92635955e+02 
 6.30957344e+07  1.00426542e+01  6.30957344e+07 -3.97551611e+02 
 6.81292069e+07  1.09709389e+01  6.81292069e+07 -4.01829370e+02 
 7.35642254e+07  1.18805579e+01  7.35642254e+07 -4.05569399e+02 
 7.94328235e+07  1.27776884e+01  7.94328235e+07 -4.08838985e+02 
 8.57695899e+07  1.36679317e+01  8.57695899e+07 -4.11681209e+02 
 9.26118728e+07  1.45561414e+01  9.26118728e+07 -4.14120408e+02 
 1.00000000e+08  1.54463129e+01  1.00000000e+08 -4.16165503e+02 
 1.07977516e+08  1.63414388e+01  1.07977516e+08 -4.17811969e+02 
 1.16591440e+08  1.72432764e+01  1.16591440e+08 -4.19043057e+02 
 1.25892541e+08  1.81519872e+01  1.25892541e+08 -4.19830857e+02 
 1.35935639e+08  1.90656288e+01  1.35935639e+08 -4.20137835e+02 
 1.46779927e+08  1.99795125e+01  1.46779927e+08 -4.19919663e+02 
 1.58489319e+08  2.08855000e+01  1.58489319e+08 -4.19130316e+02 
 1.71132830e+08  2.17714242e+01  1.71132830e+08 -4.17730363e+02 
 1.84784980e+08  2.26209616e+01  1.84784980e+08 -4.15698855e+02 
 1.99526231e+08  2.34144074e+01  1.99526231e+08 -4.13047700e+02 
 2.15443469e+08  2.41307469e+01  2.15443469e+08 -4.09834911e+02 
 2.32630507e+08  2.47510100e+01  2.32630507e+08 -4.06170635e+02 
 2.51188643e+08  2.52621299e+01  2.51188643e+08 -4.02209989e+02 
 2.71227258e+08  2.56598571e+01  2.71227258e+08 -3.98131471e+02 
 2.92864456e+08  2.59494004e+01  2.92864456e+08 -3.94107504e+02 
 3.16227766e+08  2.61435514e+01  3.16227766e+08 -3.90278469e+02 
 3.41454887e+08  2.62593085e+01  3.41454887e+08 -3.86739046e+02 
 3.68694506e+08  2.63144793e+01  3.68694506e+08 -3.83538252e+02 
 3.98107171e+08  2.63252757e+01  3.98107171e+08 -3.80688548e+02 
 4.29866235e+08  2.63051391e+01  4.29866235e+08 -3.78177893e+02 
 4.64158883e+08  2.62645162e+01  4.64158883e+08 -3.75980543e+02 
 5.01187234e+08  2.62111708e+01  5.01187234e+08 -3.74064884e+02 
 5.41169527e+08  2.61506945e+01  5.41169527e+08 -3.72398315e+02 
 5.84341413e+08  2.60870240e+01  5.84341413e+08 -3.70949883e+02 
 6.30957344e+08  2.60228779e+01  6.30957344e+08 -3.69691472e+02 
 6.81292069e+08  2.59600958e+01  6.81292069e+08 -3.68598153e+02 
 7.35642254e+08  2.58998881e+01  7.35642254e+08 -3.67648118e+02 
 7.94328235e+08  2.58430156e+01  7.94328235e+08 -3.66822432e+02 
 8.57695899e+08  2.57899188e+01  8.57695899e+08 -3.66104711e+02 
 9.26118728e+08  2.57408109e+01  9.26118728e+08 -3.65480818e+02 
 1.00000000e+09  2.56957450e+01  1.00000000e+09 -3.64938566e+02 
