 1.00000000e+00  6.11095154e+01  1.00000000e+00 -1.96330757e-04 
 1.07977516e+00  6.11095154e+01  1.07977516e+00 -2.11993075e-04 
 1.16591440e+00  6.11095154e+01  1.16591440e+00 -2.28904857e-04 
 1.25892541e+00  6.11095154e+01  1.25892541e+00 -2.47165779e-04 
 1.35935639e+00  6.11095154e+01  1.35935639e+00 -2.66883469e-04 
 1.46779927e+00  6.11095154e+01  1.46779927e+00 -2.88174141e-04 
 1.58489319e+00  6.11095154e+01  1.58489319e+00 -3.11163280e-04 
 1.71132830e+00  6.11095154e+01  1.71132830e+00 -3.35986381e-04 
 1.84784980e+00  6.11095154e+01  1.84784980e+00 -3.62789749e-04 
 1.99526231e+00  6.11095154e+01  1.99526231e+00 -3.91731360e-04 
 2.15443469e+00  6.11095154e+01  2.15443469e+00 -4.22981793e-04 
 2.32630507e+00  6.11095154e+01  2.32630507e+00 -4.56725234e-04 
 2.51188643e+00  6.11095154e+01  2.51188643e+00 -4.93160564e-04 
 2.71227258e+00  6.11095154e+01  2.71227258e+00 -5.32502528e-04 
 2.92864456e+00  6.11095154e+01  2.92864456e+00 -5.74983004e-04 
 3.16227766e+00  6.11095154e+01  3.16227766e+00 -6.20852366e-04 
 3.41454887e+00  6.11095154e+01  3.41454887e+00 -6.70380964e-04 
 3.68694506e+00  6.11095154e+01  3.68694506e+00 -7.23860715e-04 
 3.98107171e+00  6.11095154e+01  3.98107171e+00 -7.81606821e-04 
 4.29866235e+00  6.11095154e+01  4.29866235e+00 -8.43959632e-04 
 4.64158883e+00  6.11095154e+01  4.64158883e+00 -9.11286648e-04 
 5.01187234e+00  6.11095154e+01  5.01187234e+00 -9.83984689e-04 
 5.41169527e+00  6.11095154e+01  5.41169527e+00 -1.06248223e-03 
 5.84341413e+00  6.11095154e+01  5.84341413e+00 -1.14724192e-03 
 6.30957344e+00  6.11095154e+01  6.30957344e+00 -1.23876333e-03 
 6.81292069e+00  6.11095154e+01  6.81292069e+00 -1.33758587e-03 
 7.35642254e+00  6.11095154e+01  7.35642254e+00 -1.44429201e-03 
 7.94328235e+00  6.11095154e+01  7.94328235e+00 -1.55951063e-03 
 8.57695899e+00  6.11095154e+01  8.57695899e+00 -1.68392085e-03 
 9.26118728e+00  6.11095154e+01  9.26118728e+00 -1.81825591e-03 
 1.00000000e+01  6.11095154e+01  1.00000000e+01 -1.96330757e-03 
 1.07977516e+01  6.11095154e+01  1.07977516e+01 -2.11993075e-03 
 1.16591440e+01  6.11095154e+01  1.16591440e+01 -2.28904857e-03 
 1.25892541e+01  6.11095154e+01  1.25892541e+01 -2.47165779e-03 
 1.35935639e+01  6.11095154e+01  1.35935639e+01 -2.66883469e-03 
 1.46779927e+01  6.11095154e+01  1.46779927e+01 -2.88174141e-03 
 1.58489319e+01  6.11095154e+01  1.58489319e+01 -3.11163280e-03 
 1.71132830e+01  6.11095154e+01  1.71132830e+01 -3.35986381e-03 
 1.84784980e+01  6.11095154e+01  1.84784980e+01 -3.62789749e-03 
 1.99526231e+01  6.11095154e+01  1.99526231e+01 -3.91731360e-03 
 2.15443469e+01  6.11095154e+01  2.15443469e+01 -4.22981793e-03 
 2.32630507e+01  6.11095154e+01  2.32630507e+01 -4.56725234e-03 
 2.51188643e+01  6.11095154e+01  2.51188643e+01 -4.93160563e-03 
 2.71227258e+01  6.11095154e+01  2.71227258e+01 -5.32502527e-03 
 2.92864456e+01  6.11095153e+01  2.92864456e+01 -5.74983002e-03 
 3.16227766e+01  6.11095153e+01  3.16227766e+01 -6.20852364e-03 
 3.41454887e+01  6.11095153e+01  3.41454887e+01 -6.70380962e-03 
 3.68694506e+01  6.11095153e+01  3.68694506e+01 -7.23860712e-03 
 3.98107171e+01  6.11095153e+01  3.98107171e+01 -7.81606817e-03 
 4.29866235e+01  6.11095153e+01  4.29866235e+01 -8.43959627e-03 
 4.64158883e+01  6.11095153e+01  4.64158883e+01 -9.11286642e-03 
 5.01187234e+01  6.11095153e+01  5.01187234e+01 -9.83984681e-03 
 5.41169527e+01  6.11095153e+01  5.41169527e+01 -1.06248222e-02 
 5.84341413e+01  6.11095152e+01  5.84341413e+01 -1.14724191e-02 
 6.30957344e+01  6.11095152e+01  6.30957344e+01 -1.23876331e-02 
 6.81292069e+01  6.11095152e+01  6.81292069e+01 -1.33758586e-02 
 7.35642254e+01  6.11095152e+01  7.35642254e+01 -1.44429198e-02 
 7.94328235e+01  6.11095151e+01  7.94328235e+01 -1.55951060e-02 
 8.57695899e+01  6.11095151e+01  8.57695899e+01 -1.68392081e-02 
 9.26118728e+01  6.11095150e+01  9.26118728e+01 -1.81825586e-02 
 1.00000000e+02  6.11095150e+01  1.00000000e+02 -1.96330751e-02 
 1.07977516e+02  6.11095149e+01  1.07977516e+02 -2.11993067e-02 
 1.16591440e+02  6.11095148e+01  1.16591440e+02 -2.28904847e-02 
 1.25892541e+02  6.11095147e+01  1.25892541e+02 -2.47165767e-02 
 1.35935639e+02  6.11095146e+01  1.35935639e+02 -2.66883454e-02 
 1.46779927e+02  6.11095144e+01  1.46779927e+02 -2.88174122e-02 
 1.58489319e+02  6.11095143e+01  1.58489319e+02 -3.11163256e-02 
 1.71132830e+02  6.11095141e+01  1.71132830e+02 -3.35986351e-02 
 1.84784980e+02  6.11095139e+01  1.84784980e+02 -3.62789711e-02 
 1.99526231e+02  6.11095137e+01  1.99526231e+02 -3.91731313e-02 
 2.15443469e+02  6.11095134e+01  2.15443469e+02 -4.22981733e-02 
 2.32630507e+02  6.11095130e+01  2.32630507e+02 -4.56725159e-02 
 2.51188643e+02  6.11095126e+01  2.51188643e+02 -4.93160469e-02 
 2.71227258e+02  6.11095122e+01  2.71227258e+02 -5.32502409e-02 
 2.92864456e+02  6.11095117e+01  2.92864456e+02 -5.74982853e-02 
 3.16227766e+02  6.11095110e+01  3.16227766e+02 -6.20852177e-02 
 3.41454887e+02  6.11095103e+01  3.41454887e+02 -6.70380726e-02 
 3.68694506e+02  6.11095095e+01  3.68694506e+02 -7.23860414e-02 
 3.98107171e+02  6.11095085e+01  3.98107171e+02 -7.81606442e-02 
 4.29866235e+02  6.11095074e+01  4.29866235e+02 -8.43959156e-02 
 4.64158883e+02  6.11095060e+01  4.64158883e+02 -9.11286049e-02 
 5.01187234e+02  6.11095045e+01  5.01187234e+02 -9.83983934e-02 
 5.41169527e+02  6.11095027e+01  5.41169527e+02 -1.06248128e-01 
 5.84341413e+02  6.11095006e+01  5.84341413e+02 -1.14724072e-01 
 6.30957344e+02  6.11094981e+01  6.30957344e+02 -1.23876182e-01 
 6.81292069e+02  6.11094952e+01  6.81292069e+02 -1.33758398e-01 
 7.35642254e+02  6.11094919e+01  7.35642254e+02 -1.44428962e-01 
 7.94328235e+02  6.11094880e+01  7.94328235e+02 -1.55950763e-01 
 8.57695899e+02  6.11094834e+01  8.57695899e+02 -1.68391707e-01 
 9.26118728e+02  6.11094781e+01  9.26118728e+02 -1.81825115e-01 
 1.00000000e+03  6.11094719e+01  1.00000000e+03 -1.96330157e-01 
 1.07977516e+03  6.11094647e+01  1.07977516e+03 -2.11992320e-01 
 1.16591440e+03  6.11094563e+01  1.16591440e+03 -2.28903906e-01 
 1.25892541e+03  6.11094466e+01  1.25892541e+03 -2.47164582e-01 
 1.35935639e+03  6.11094351e+01  1.35935639e+03 -2.66881963e-01 
 1.46779927e+03  6.11094219e+01  1.46779927e+03 -2.88172246e-01 
 1.58489319e+03  6.11094063e+01  1.58489319e+03 -3.11160894e-01 
 1.71132830e+03  6.11093882e+01  1.71132830e+03 -3.35983377e-01 
 1.84784980e+03  6.11093671e+01  1.84784980e+03 -3.62785967e-01 
 1.99526231e+03  6.11093425e+01  1.99526231e+03 -3.91726599e-01 
 2.15443469e+03  6.11093138e+01  2.15443469e+03 -4.22975798e-01 
 2.32630507e+03  6.11092804e+01  2.32630507e+03 -4.56717688e-01 
 2.51188643e+03  6.11092415e+01  2.51188643e+03 -4.93151064e-01 
 2.71227258e+03  6.11091960e+01  2.71227258e+03 -5.32490570e-01 
 2.92864456e+03  6.11091430e+01  2.92864456e+03 -5.74967947e-01 
 3.16227766e+03  6.11090812e+01  3.16227766e+03 -6.20833410e-01 
 3.41454887e+03  6.11090092e+01  3.41454887e+03 -6.70357102e-01 
 3.68694506e+03  6.11089252e+01  3.68694506e+03 -7.23830673e-01 
 3.98107171e+03  6.11088273e+01  3.98107171e+03 -7.81569002e-01 
 4.29866235e+03  6.11087131e+01  4.29866235e+03 -8.43912021e-01 
 4.64158883e+03  6.11085801e+01  4.64158883e+03 -9.11226714e-01 
 5.01187234e+03  6.11084249e+01  5.01187234e+03 -9.83909239e-01 
 5.41169527e+03  6.11082440e+01  5.41169527e+03 -1.06238724e+00 
 5.84341413e+03  6.11080331e+01  5.84341413e+03 -1.14712234e+00 
 6.30957344e+03  6.11077872e+01  6.30957344e+03 -1.23861279e+00 
 6.81292069e+03  6.11075006e+01  6.81292069e+03 -1.33739637e+00 
 7.35642254e+03  6.11071664e+01  7.35642254e+03 -1.44405344e+00 
 7.94328235e+03  6.11067768e+01  7.94328235e+03 -1.55921032e+00 
 8.57695899e+03  6.11063225e+01  8.57695899e+03 -1.68354279e+00 
 9.26118728e+03  6.11057930e+01  9.26118728e+03 -1.81778000e+00 
 1.00000000e+04  6.11051758e+01  1.00000000e+04 -1.96270849e+00 
 1.07977516e+04  6.11044562e+01  1.07977516e+04 -2.11917663e+00 
 1.16591440e+04  6.11036174e+01  1.16591440e+04 -2.28809930e+00 
 1.25892541e+04  6.11026396e+01  1.25892541e+04 -2.47046290e+00 
 1.35935639e+04  6.11014998e+01  1.35935639e+04 -2.66733064e+00 
 1.46779927e+04  6.11001713e+01  1.46779927e+04 -2.87984827e+00 
 1.58489319e+04  6.10986229e+01  1.58489319e+04 -3.10924998e+00 
 1.71132830e+04  6.10968183e+01  1.71132830e+04 -3.35686475e+00 
 1.84784980e+04  6.10947152e+01  1.84784980e+04 -3.62412300e+00 
 1.99526231e+04  6.10922644e+01  1.99526231e+04 -3.91256339e+00 
 2.15443469e+04  6.10894088e+01  2.15443469e+04 -4.22384014e+00 
 2.32630507e+04  6.10860818e+01  2.32630507e+04 -4.55973019e+00 
 2.51188643e+04  6.10822059e+01  2.51188643e+04 -4.92214084e+00 
 2.71227258e+04  6.10776913e+01  2.71227258e+04 -5.31311725e+00 
 2.92864456e+04  6.10724334e+01  2.92864456e+04 -5.73484949e+00 
 3.16227766e+04  6.10663112e+01  3.16227766e+04 -6.18968020e+00 
 3.41454887e+04  6.10591840e+01  3.41454887e+04 -6.68011042e+00 
 3.68694506e+04  6.10508888e+01  3.68694506e+04 -7.20880556e+00 
 3.98107171e+04  6.10412372e+01  3.98107171e+04 -7.77860011e+00 
 4.29866235e+04  6.10300109e+01  4.29866235e+04 -8.39249974e+00 
 4.64158883e+04  6.10169582e+01  4.64158883e+04 -9.05368199e+00 
 5.01187234e+04  6.10017888e+01  5.01187234e+04 -9.76549379e+00 
 5.41169527e+04  6.09841685e+01  5.41169527e+04 -1.05314446e+01 
 5.84341413e+04  6.09637138e+01  5.84341413e+04 -1.13551955e+01 
 6.30957344e+04  6.09399850e+01  6.30957344e+04 -1.22405406e+01 
 6.81292069e+04  6.09124803e+01  6.81292069e+04 -1.31913835e+01 
 7.35642254e+04  6.08806285e+01  7.35642254e+04 -1.42117021e+01 
 7.94328235e+04  6.08437814e+01  7.94328235e+04 -1.53055041e+01 
 8.57695899e+04  6.08012079e+01  8.57695899e+04 -1.64767709e+01 
 9.26118728e+04  6.07520868e+01  9.26118728e+04 -1.77293857e+01 
 1.00000000e+05  6.06955012e+01  1.00000000e+05 -1.90670478e+01 
 1.07977516e+05  6.06304351e+01  1.07977516e+05 -2.04931710e+01 
 1.16591440e+05  6.05557712e+01  1.16591440e+05 -2.20107640e+01 
 1.25892541e+05  6.04702925e+01  1.25892541e+05 -2.36222982e+01 
 1.35935639e+05  6.03726874e+01  1.35935639e+05 -2.53295603e+01 
 1.46779927e+05  6.02615599e+01  1.46779927e+05 -2.71334995e+01 
 1.58489319e+05  6.01354457e+01  1.58489319e+05 -2.90340721e+01 
 1.71132830e+05  5.99928339e+01  1.71132830e+05 -3.10300942e+01 
 1.84784980e+05  5.98321963e+01  1.84784980e+05 -3.31191175e+01 
 1.99526231e+05  5.96520228e+01  1.99526231e+05 -3.52973343e+01 
 2.15443469e+05  5.94508614e+01  2.15443469e+05 -3.75595336e+01 
 2.32630507e+05  5.92273633e+01  2.32630507e+05 -3.98991163e+01 
 2.51188643e+05  5.89803286e+01  2.51188643e+05 -4.23081830e+01 
 2.71227258e+05  5.87087502e+01  2.71227258e+05 -4.47776959e+01 
 2.92864456e+05  5.84118532e+01  2.92864456e+05 -4.72977188e+01 
 3.16227766e+05  5.80891253e+01  3.16227766e+05 -4.98577202e+01 
 3.41454887e+05  5.77403360e+01  3.41454887e+05 -5.24469291e+01 
 3.68694506e+05  5.73655420e+01  3.68694506e+05 -5.50547142e+01 
 3.98107171e+05  5.69650797e+01  3.98107171e+05 -5.76709675e+01 
 4.29866235e+05  5.65395427e+01  4.29866235e+05 -6.02864604e+01 
 4.64158883e+05  5.60897488e+01  4.64158883e+05 -6.28931533e+01 
 5.01187234e+05  5.56166974e+01  5.01187234e+05 -6.54844377e+01 
 5.41169527e+05  5.51215218e+01  5.41169527e+05 -6.80553059e+01 
 5.84341413e+05  5.46054386e+01  5.84341413e+05 -7.06024409e+01 
 6.30957344e+05  5.40696991e+01  6.30957344e+05 -7.31242343e+01 
 6.81292069e+05  5.35155423e+01  6.81292069e+05 -7.56207401e+01 
 7.35642254e+05  5.29441546e+01  7.35642254e+05 -7.80935785e+01 
 7.94328235e+05  5.23566341e+01  7.94328235e+05 -8.05457998e+01 
 8.57695899e+05  5.17539616e+01  8.57695899e+05 -8.29817236e+01 
 9.26118728e+05  5.11369776e+01  9.26118728e+05 -8.54067627e+01 
 1.00000000e+06  5.05063644e+01  1.00000000e+06 -8.78272402e+01 
 1.07977516e+06  4.98626336e+01  1.07977516e+06 -9.02502049e+01 
 1.16591440e+06  4.92061164e+01  1.16591440e+06 -9.26832485e+01 
 1.25892541e+06  4.85369590e+01  1.25892541e+06 -9.51343262e+01 
 1.35935639e+06  4.78551188e+01  1.35935639e+06 -9.76115788e+01 
 1.46779927e+06  4.71603654e+01  1.46779927e+06 -1.00123157e+02 
 1.58489319e+06  4.64522832e+01  1.58489319e+06 -1.02677044e+02 
 1.71132830e+06  4.57302768e+01  1.71132830e+06 -1.05280880e+02 
 1.84784980e+06  4.49935810e+01  1.84784980e+06 -1.07941785e+02 
 1.99526231e+06  4.42412735e+01  1.99526231e+06 -1.10666177e+02 
 2.15443469e+06  4.34722941e+01  2.15443469e+06 -1.13459604e+02 
 2.32630507e+06  4.26854679e+01  2.32630507e+06 -1.16326579e+02 
 2.51188643e+06  4.18795349e+01  2.51188643e+06 -1.19270443e+02 
 2.71227258e+06  4.10531861e+01  2.71227258e+06 -1.22293250e+02 
 2.92864456e+06  4.02051043e+01  2.92864456e+06 -1.25395706e+02 
 3.16227766e+06  3.93340093e+01  3.16227766e+06 -1.28577161e+02 
 3.41454887e+06  3.84387056e+01  3.41454887e+06 -1.31835675e+02 
 3.68694506e+06  3.75181287e+01  3.68694506e+06 -1.35168159e+02 
 3.98107171e+06  3.65713890e+01  3.98107171e+06 -1.38570600e+02 
 4.29866235e+06  3.55978064e+01  4.29866235e+06 -1.42038367e+02 
 4.64158883e+06  3.45969358e+01  4.64158883e+06 -1.45566586e+02 
 5.01187234e+06  3.35685779e+01  5.01187234e+06 -1.49150560e+02 
 5.41169527e+06  3.25127754e+01  5.41169527e+06 -1.52786225e+02 
 5.84341413e+06  3.14297922e+01  5.84341413e+06 -1.56470612e+02 
 6.30957344e+06  3.03200778e+01  6.30957344e+06 -1.60202295e+02 
 6.81292069e+06  2.91842185e+01  6.81292069e+06 -1.63981813e+02 
 7.35642254e+06  2.80228755e+01  7.35642254e+06 -1.67812065e+02 
 7.94328235e+06  2.68367156e+01  7.94328235e+06 -1.71698681e+02 
 8.57695899e+06  2.56263339e+01  8.57695899e+06 -1.75650400e+02 
 9.26118728e+06  2.43921722e+01  9.26118728e+06 -1.79679492e+02 
 1.00000000e+07  2.31344327e+01  1.00000000e+07 -1.83802284e+02 
 1.07977516e+07  2.18529890e+01  1.07977516e+07 -1.88039882e+02 
 1.16591440e+07  2.05472963e+01  1.16591440e+07 -1.92419206e+02 
 1.25892541e+07  1.92163043e+01  1.25892541e+07 -1.96974519e+02 
 1.35935639e+07  1.78583861e+01  1.35935639e+07 -2.01749721e+02 
 1.46779927e+07  1.64713104e+01  1.46779927e+07 -2.06801776e+02 
 1.58489319e+07  1.50523183e+01  1.58489319e+07 -2.12205860e+02 
 1.71132830e+07  1.35984377e+01  1.71132830e+07 -2.18063035e+02 
 1.84784980e+07  1.21073132e+01  1.84784980e+07 -2.24511502e+02 
 1.99526231e+07  1.05791313e+01  1.99526231e+07 -2.31742411e+02 
 2.15443469e+07  9.02079650e+00  2.15443469e+07 -2.40019593e+02 
 2.32630507e+07  7.45444765e+00  2.32630507e+07 -2.49695956e+02 
 2.51188643e+07  5.93307184e+00  2.51188643e+07 -2.61198873e+02 
 2.71227258e+07  4.56262470e+00  2.71227258e+07 -2.74912225e+02 
 2.92864456e+07  3.51264745e+00  2.92864456e+07 -2.90850956e+02 
 3.16227766e+07  2.96752206e+00  3.16227766e+07 -3.08211930e+02 
 3.41454887e+07  3.00434111e+00  3.41454887e+07 -3.25394110e+02 
 3.68694506e+07  3.52503145e+00  3.68694506e+07 -3.40870416e+02 
 3.98107171e+07  4.34234919e+00  3.98107171e+07 -3.53969117e+02 
 4.29866235e+07  5.29613296e+00  4.29866235e+07 -3.64782604e+02 
 4.64158883e+07  6.29067288e+00  4.64158883e+07 -3.73711728e+02 
 5.01187234e+07  7.28021873e+00  5.01187234e+07 -3.81172851e+02 
 5.41169527e+07  8.24733342e+00  5.41169527e+07 -3.87500595e+02 
 5.84341413e+07  9.18841915e+00  5.84341413e+07 -3.92940395e+02 
 6.30957344e+07  1.01059812e+01  6.30957344e+07 -3.97666063e+02 
 6.81292069e+07  1.10048660e+01  6.81292069e+07 -4.01798831e+02 
 7.35642254e+07  1.18905246e+01  7.35642254e+07 -4.05422090e+02 
 7.94328235e+07  1.27682413e+01  7.94328235e+07 -4.08591598e+02 
 8.57695899e+07  1.36427939e+01  8.57695899e+07 -4.11342177e+02 
 9.26118728e+07  1.45182816e+01  9.26118728e+07 -4.13691949e+02 
 1.00000000e+08  1.53979842e+01  1.00000000e+08 -4.15644905e+02 
 1.07977516e+08  1.62841744e+01  1.07977516e+08 -4.17192456e+02 
 1.16591440e+08  1.71778359e+01  1.16591440e+08 -4.18314499e+02 
 1.25892541e+08  1.80782526e+01  1.25892541e+08 -4.18980550e+02 
 1.35935639e+08  1.89824606e+01  1.35935639e+08 -4.19151629e+02 
 1.46779927e+08  1.98845897e+01  1.46779927e+08 -4.18783707e+02 
 1.58489319e+08  2.07752003e+01  1.58489319e+08 -4.17833689e+02 
 1.71132830e+08  2.16408392e+01  1.71132830e+08 -4.16268698e+02 
 1.84784980e+08  2.24641760e+01  1.84784980e+08 -4.14078651e+02 
 1.99526231e+08  2.32251630e+01  1.99526231e+08 -4.11290292e+02 
 2.15443469e+08  2.39035015e+01  2.15443469e+08 -4.07978300e+02 
 2.32630507e+08  2.44821753e+01  2.32630507e+08 -4.04267273e+02 
 2.51188643e+08  2.49510466e+01  2.51188643e+08 -4.00319877e+02 
 2.71227258e+08  2.53090522e+01  2.71227258e+08 -3.96312386e+02 
 2.92864456e+08  2.55639914e+01  2.92864456e+08 -3.92406033e+02 
 3.16227766e+08  2.57300948e+01  3.16227766e+08 -3.88725044e+02 
 3.41454887e+08  2.58245988e+01  3.41454887e+08 -3.85347779e+02 
 3.68694506e+08  2.58646788e+01  3.68694506e+08 -3.82310125e+02 
 3.98107171e+08  2.58654845e+01  3.98107171e+08 -3.79615771e+02 
 4.29866235e+08  2.58393143e+01  4.29866235e+08 -3.77247867e+02 
 4.64158883e+08  2.57955913e+01  4.64158883e+08 -3.75178739e+02 
 5.01187234e+08  2.57412494e+01  5.01187234e+08 -3.73376642e+02 
 5.41169527e+08  2.56812457e+01  5.41169527e+08 -3.71809800e+02 
 5.84341413e+08  2.56190471e+01  5.84341413e+08 -3.70448510e+02 
 6.30957344e+08  2.55570308e+01  6.30957344e+08 -3.69266023e+02 
 6.81292069e+08  2.54967890e+01  6.81292069e+08 -3.68238744e+02 
 7.35642254e+08  2.54393530e+01  7.35642254e+08 -3.67346098e+02 
 7.94328235e+08  2.53853538e+01  7.94328235e+08 -3.66570258e+02 
 8.57695899e+08  2.53351385e+01  8.57695899e+08 -3.65895833e+02 
 9.26118728e+08  2.52888532e+01  9.26118728e+08 -3.65309567e+02 
 1.00000000e+09  2.52465039e+01  1.00000000e+09 -3.64800051e+02 
