 1.00000000e+00  6.15175844e+01  1.00000000e+00 -2.11528822e-04 
 1.07977516e+00  6.15175844e+01  1.07977516e+00 -2.28403568e-04 
 1.16591440e+00  6.15175844e+01  1.16591440e+00 -2.46624499e-04 
 1.25892541e+00  6.15175844e+01  1.25892541e+00 -2.66299009e-04 
 1.35935639e+00  6.15175844e+01  1.35935639e+00 -2.87543055e-04 
 1.46779927e+00  6.15175844e+01  1.46779927e+00 -3.10481849e-04 
 1.58489319e+00  6.15175844e+01  1.58489319e+00 -3.35250589e-04 
 1.71132830e+00  6.15175844e+01  1.71132830e+00 -3.61995260e-04 
 1.84784980e+00  6.15175844e+01  1.84784980e+00 -3.90873490e-04 
 1.99526231e+00  6.15175844e+01  1.99526231e+00 -4.22055486e-04 
 2.15443469e+00  6.15175844e+01  2.15443469e+00 -4.55725031e-04 
 2.32630507e+00  6.15175844e+01  2.32630507e+00 -4.92080570e-04 
 2.51188643e+00  6.15175844e+01  2.51188643e+00 -5.31336377e-04 
 2.71227258e+00  6.15175844e+01  2.71227258e+00 -5.73723823e-04 
 2.92864456e+00  6.15175844e+01  2.92864456e+00 -6.19492734e-04 
 3.16227766e+00  6.15175844e+01  3.16227766e+00 -6.68912867e-04 
 3.41454887e+00  6.15175844e+01  3.41454887e+00 -7.22275500e-04 
 3.68694506e+00  6.15175844e+01  3.68694506e+00 -7.79895145e-04 
 3.98107171e+00  6.15175844e+01  3.98107171e+00 -8.42111406e-04 
 4.29866235e+00  6.15175844e+01  4.29866235e+00 -9.09290981e-04 
 4.64158883e+00  6.15175844e+01  4.64158883e+00 -9.81829816e-04 
 5.01187234e+00  6.15175844e+01  5.01187234e+00 -1.06015545e-03 
 5.41169527e+00  6.15175844e+01  5.41169527e+00 -1.14472952e-03 
 5.84341413e+00  6.15175844e+01  5.84341413e+00 -1.23605051e-03 
 6.30957344e+00  6.15175844e+01  6.30957344e+00 -1.33465664e-03 
 6.81292069e+00  6.15175844e+01  6.81292069e+00 -1.44112909e-03 
 7.35642254e+00  6.15175844e+01  7.35642254e+00 -1.55609539e-03 
 7.94328235e+00  6.15175844e+01  7.94328235e+00 -1.68023315e-03 
 8.57695899e+00  6.15175844e+01  8.57695899e+00 -1.81427403e-03 
 9.26118728e+00  6.15175844e+01  9.26118728e+00 -1.95900803e-03 
 1.00000000e+01  6.15175844e+01  1.00000000e+01 -2.11528822e-03 
 1.07977516e+01  6.15175844e+01  1.07977516e+01 -2.28403568e-03 
 1.16591440e+01  6.15175844e+01  1.16591440e+01 -2.46624499e-03 
 1.25892541e+01  6.15175844e+01  1.25892541e+01 -2.66299009e-03 
 1.35935639e+01  6.15175844e+01  1.35935639e+01 -2.87543055e-03 
 1.46779927e+01  6.15175844e+01  1.46779927e+01 -3.10481849e-03 
 1.58489319e+01  6.15175844e+01  1.58489319e+01 -3.35250589e-03 
 1.71132830e+01  6.15175844e+01  1.71132830e+01 -3.61995259e-03 
 1.84784980e+01  6.15175844e+01  1.84784980e+01 -3.90873490e-03 
 1.99526231e+01  6.15175843e+01  1.99526231e+01 -4.22055486e-03 
 2.15443469e+01  6.15175843e+01  2.15443469e+01 -4.55725030e-03 
 2.32630507e+01  6.15175843e+01  2.32630507e+01 -4.92080569e-03 
 2.51188643e+01  6.15175843e+01  2.51188643e+01 -5.31336376e-03 
 2.71227258e+01  6.15175843e+01  2.71227258e+01 -5.73723821e-03 
 2.92864456e+01  6.15175843e+01  2.92864456e+01 -6.19492732e-03 
 3.16227766e+01  6.15175843e+01  3.16227766e+01 -6.68912865e-03 
 3.41454887e+01  6.15175843e+01  3.41454887e+01 -7.22275496e-03 
 3.68694506e+01  6.15175843e+01  3.68694506e+01 -7.79895141e-03 
 3.98107171e+01  6.15175843e+01  3.98107171e+01 -8.42111402e-03 
 4.29866235e+01  6.15175843e+01  4.29866235e+01 -9.09290975e-03 
 4.64158883e+01  6.15175843e+01  4.64158883e+01 -9.81829809e-03 
 5.01187234e+01  6.15175842e+01  5.01187234e+01 -1.06015544e-02 
 5.41169527e+01  6.15175842e+01  5.41169527e+01 -1.14472951e-02 
 5.84341413e+01  6.15175842e+01  5.84341413e+01 -1.23605049e-02 
 6.30957344e+01  6.15175842e+01  6.30957344e+01 -1.33465662e-02 
 6.81292069e+01  6.15175841e+01  6.81292069e+01 -1.44112906e-02 
 7.35642254e+01  6.15175841e+01  7.35642254e+01 -1.55609536e-02 
 7.94328235e+01  6.15175840e+01  7.94328235e+01 -1.68023312e-02 
 8.57695899e+01  6.15175840e+01  8.57695899e+01 -1.81427398e-02 
 9.26118728e+01  6.15175839e+01  9.26118728e+01 -1.95900797e-02 
 1.00000000e+02  6.15175839e+01  1.00000000e+02 -2.11528814e-02 
 1.07977516e+02  6.15175838e+01  1.07977516e+02 -2.28403558e-02 
 1.16591440e+02  6.15175837e+01  1.16591440e+02 -2.46624487e-02 
 1.25892541e+02  6.15175836e+01  1.25892541e+02 -2.66298993e-02 
 1.35935639e+02  6.15175834e+01  1.35935639e+02 -2.87543036e-02 
 1.46779927e+02  6.15175833e+01  1.46779927e+02 -3.10481825e-02 
 1.58489319e+02  6.15175831e+01  1.58489319e+02 -3.35250558e-02 
 1.71132830e+02  6.15175829e+01  1.71132830e+02 -3.61995221e-02 
 1.84784980e+02  6.15175826e+01  1.84784980e+02 -3.90873441e-02 
 1.99526231e+02  6.15175823e+01  1.99526231e+02 -4.22055424e-02 
 2.15443469e+02  6.15175820e+01  2.15443469e+02 -4.55724953e-02 
 2.32630507e+02  6.15175816e+01  2.32630507e+02 -4.92080472e-02 
 2.51188643e+02  6.15175811e+01  2.51188643e+02 -5.31336254e-02 
 2.71227258e+02  6.15175806e+01  2.71227258e+02 -5.73723667e-02 
 2.92864456e+02  6.15175799e+01  2.92864456e+02 -6.19492538e-02 
 3.16227766e+02  6.15175792e+01  3.16227766e+02 -6.68912621e-02 
 3.41454887e+02  6.15175784e+01  3.41454887e+02 -7.22275190e-02 
 3.68694506e+02  6.15175774e+01  3.68694506e+02 -7.79894755e-02 
 3.98107171e+02  6.15175762e+01  3.98107171e+02 -8.42110916e-02 
 4.29866235e+02  6.15175748e+01  4.29866235e+02 -9.09290363e-02 
 4.64158883e+02  6.15175733e+01  4.64158883e+02 -9.81829038e-02 
 5.01187234e+02  6.15175714e+01  5.01187234e+02 -1.06015447e-01 
 5.41169527e+02  6.15175693e+01  5.41169527e+02 -1.14472829e-01 
 5.84341413e+02  6.15175668e+01  5.84341413e+02 -1.23604895e-01 
 6.30957344e+02  6.15175638e+01  6.30957344e+02 -1.33465468e-01 
 6.81292069e+02  6.15175604e+01  6.81292069e+02 -1.44112662e-01 
 7.35642254e+02  6.15175564e+01  7.35642254e+02 -1.55609229e-01 
 7.94328235e+02  6.15175518e+01  7.94328235e+02 -1.68022925e-01 
 8.57695899e+02  6.15175464e+01  8.57695899e+02 -1.81426912e-01 
 9.26118728e+02  6.15175401e+01  9.26118728e+02 -1.95900185e-01 
 1.00000000e+03  6.15175328e+01  1.00000000e+03 -2.11528043e-01 
 1.07977516e+03  6.15175242e+01  1.07977516e+03 -2.28402588e-01 
 1.16591440e+03  6.15175142e+01  1.16591440e+03 -2.46623266e-01 
 1.25892541e+03  6.15175026e+01  1.25892541e+03 -2.66297456e-01 
 1.35935639e+03  6.15174890e+01  1.35935639e+03 -2.87541100e-01 
 1.46779927e+03  6.15174732e+01  1.46779927e+03 -3.10479388e-01 
 1.58489319e+03  6.15174548e+01  1.58489319e+03 -3.35247492e-01 
 1.71132830e+03  6.15174333e+01  1.71132830e+03 -3.61991359e-01 
 1.84784980e+03  6.15174082e+01  1.84784980e+03 -3.90868580e-01 
 1.99526231e+03  6.15173790e+01  1.99526231e+03 -4.22049305e-01 
 2.15443469e+03  6.15173449e+01  2.15443469e+03 -4.55717248e-01 
 2.32630507e+03  6.15173051e+01  2.32630507e+03 -4.92070772e-01 
 2.51188643e+03  6.15172588e+01  2.51188643e+03 -5.31324043e-01 
 2.71227258e+03  6.15172048e+01  2.71227258e+03 -5.73708297e-01 
 2.92864456e+03  6.15171418e+01  2.92864456e+03 -6.19473185e-01 
 3.16227766e+03  6.15170684e+01  3.16227766e+03 -6.68888256e-01 
 3.41454887e+03  6.15169828e+01  3.41454887e+03 -7.22244519e-01 
 3.68694506e+03  6.15168830e+01  3.68694506e+03 -7.79856142e-01 
 3.98107171e+03  6.15167666e+01  3.98107171e+03 -8.42062305e-01 
 4.29866235e+03  6.15166310e+01  4.29866235e+03 -9.09229167e-01 
 4.64158883e+03  6.15164728e+01  4.64158883e+03 -9.81752002e-01 
 5.01187234e+03  6.15162884e+01  5.01187234e+03 -1.06005749e+00 
 5.41169527e+03  6.15160735e+01  5.41169527e+03 -1.14460620e+00 
 5.84341413e+03  6.15158228e+01  5.84341413e+03 -1.23589526e+00 
 6.30957344e+03  6.15155306e+01  6.30957344e+03 -1.33446119e+00 
 6.81292069e+03  6.15151899e+01  6.81292069e+03 -1.44088305e+00 
 7.35642254e+03  6.15147928e+01  7.35642254e+03 -1.55578567e+00 
 7.94328235e+03  6.15143298e+01  7.94328235e+03 -1.67984325e+00 
 8.57695899e+03  6.15137901e+01  8.57695899e+03 -1.81378322e+00 
 9.26118728e+03  6.15131609e+01  9.26118728e+03 -1.95839019e+00 
 1.00000000e+04  6.15124274e+01  1.00000000e+04 -2.11451048e+00 
 1.07977516e+04  6.15115724e+01  1.07977516e+04 -2.28305668e+00 
 1.16591440e+04  6.15105757e+01  1.16591440e+04 -2.46501267e+00 
 1.25892541e+04  6.15094140e+01  1.25892541e+04 -2.66143894e+00 
 1.35935639e+04  6.15080599e+01  1.35935639e+04 -2.87347815e+00 
 1.46779927e+04  6.15064817e+01  1.46779927e+04 -3.10236110e+00 
 1.58489319e+04  6.15046423e+01  1.58489319e+04 -3.34941300e+00 
 1.71132830e+04  6.15024987e+01  1.71132830e+04 -3.61606001e+00 
 1.84784980e+04  6.15000007e+01  1.84784980e+04 -3.90383609e+00 
 1.99526231e+04  6.14970901e+01  1.99526231e+04 -4.21439009e+00 
 2.15443469e+04  6.14936992e+01  2.15443469e+04 -4.54949296e+00 
 2.32630507e+04  6.14897489e+01  2.32630507e+04 -4.91104510e+00 
 2.51188643e+04  6.14851477e+01  2.51188643e+04 -5.30108369e+00 
 2.71227258e+04  6.14797892e+01  2.71227258e+04 -5.72178995e+00 
 2.92864456e+04  6.14735498e+01  2.92864456e+04 -6.17549581e+00 
 3.16227766e+04  6.14662865e+01  3.16227766e+04 -6.66469032e+00 
 3.41454887e+04  6.14578334e+01  3.41454887e+04 -7.19202480e+00 
 3.68694506e+04  6.14479984e+01  3.68694506e+04 -7.76031691e+00 
 3.98107171e+04  6.14365593e+01  3.98107171e+04 -8.37255277e+00 
 4.29866235e+04  6.14232601e+01  4.29866235e+04 -9.03188697e+00 
 4.64158883e+04  6.14078053e+01  4.64158883e+04 -9.74163888e+00 
 5.01187234e+04  6.13898550e+01  5.01187234e+04 -1.05052854e+01 
 5.41169527e+04  6.13690190e+01  5.41169527e+04 -1.13264486e+01 
 5.84341413e+04  6.13448507e+01  5.84341413e+04 -1.22088766e+01 
 6.30957344e+04  6.13168402e+01  6.30957344e+04 -1.31564173e+01 
 6.81292069e+04  6.12844071e+01  6.81292069e+04 -1.41729826e+01 
 7.35642254e+04  6.12468941e+01  7.35642254e+04 -1.52625018e+01 
 7.94328235e+04  6.12035594e+01  7.94328235e+04 -1.64288622e+01 
 8.57695899e+04  6.11535709e+01  8.57695899e+04 -1.76758362e+01 
 9.26118728e+04  6.10960007e+01  9.26118728e+04 -1.90069925e+01 
 1.00000000e+05  6.10298213e+01  1.00000000e+05 -2.04255904e+01 
 1.07977516e+05  6.09539046e+01  1.07977516e+05 -2.19344602e+01 
 1.16591440e+05  6.08670233e+01  1.16591440e+05 -2.35358657e+01 
 1.25892541e+05  6.07678575e+01  1.25892541e+05 -2.52313565e+01 
 1.35935639e+05  6.06550050e+01  1.35935639e+05 -2.70216136e+01 
 1.46779927e+05  6.05269985e+01  1.46779927e+05 -2.89062927e+01 
 1.58489319e+05  6.03823287e+01  1.58489319e+05 -3.08838807e+01 
 1.71132830e+05  6.02194744e+01  1.71132830e+05 -3.29515713e+01 
 1.84784980e+05  6.00369381e+01  1.84784980e+05 -3.51051768e+01 
 1.99526231e+05  5.98332883e+01  1.99526231e+05 -3.73390901e+01 
 2.15443469e+05  5.96072037e+01  2.15443469e+05 -3.96463091e+01 
 2.32630507e+05  5.93575200e+01  2.32630507e+05 -4.20185311e+01 
 2.51188643e+05  5.90832732e+01  2.51188643e+05 -4.44463279e+01 
 2.71227258e+05  5.87837384e+01  2.71227258e+05 -4.69193917e+01 
 2.92864456e+05  5.84584594e+01  2.92864456e+05 -4.94268469e+01 
 3.16227766e+05  5.81072661e+01  3.16227766e+05 -5.19576090e+01 
 3.41454887e+05  5.77302792e+01  3.41454887e+05 -5.45007668e+01 
 3.68694506e+05  5.73279006e+01  3.68694506e+05 -5.70459627e+01 
 3.98107171e+05  5.69007906e+01  3.98107171e+05 -5.95837433e+01 
 4.29866235e+05  5.64498333e+01  4.29866235e+05 -6.21058633e+01 
 4.64158883e+05  5.59760946e+01  4.64158883e+05 -6.46055168e+01 
 5.01187234e+05  5.54807744e+01  5.01187234e+05 -6.70775001e+01 
 5.41169527e+05  5.49651573e+01  5.41169527e+05 -6.95182927e+01 
 5.84341413e+05  5.44305647e+01  5.84341413e+05 -7.19260704e+01 
 6.30957344e+05  5.38783105e+01  6.30957344e+05 -7.43006568e+01 
 6.81292069e+05  5.33096615e+01  6.81292069e+05 -7.66434270e+01 
 7.35642254e+05  5.27258049e+01  7.35642254e+05 -7.89571764e+01 
 7.94328235e+05  5.21278205e+01  7.94328235e+05 -8.12459690e+01 
 8.57695899e+05  5.15166601e+01  8.57695899e+05 -8.35149726e+01 
 9.26118728e+05  5.08931315e+01  9.26118728e+05 -8.57702932e+01 
 1.00000000e+06  5.02578863e+01  1.00000000e+06 -8.80188106e+01 
 1.07977516e+06  4.96114127e+01  1.07977516e+06 -9.02680206e+01 
 1.16591440e+06  4.89540292e+01  1.16591440e+06 -9.25258832e+01 
 1.25892541e+06  4.82858822e+01  1.25892541e+06 -9.48006778e+01 
 1.35935639e+06  4.76069436e+01  1.35935639e+06 -9.71008618e+01 
 1.46779927e+06  4.69170113e+01  1.46779927e+06 -9.94349318e+01 
 1.58489319e+06  4.62157101e+01  1.58489319e+06 -1.01811284e+02 
 1.71132830e+06  4.55024946e+01  1.71132830e+06 -1.04238070e+02 
 1.84784980e+06  4.47766547e+01  1.84784980e+06 -1.06723051e+02 
 1.99526231e+06  4.40373231e+01  1.99526231e+06 -1.09273445e+02 
 2.15443469e+06  4.32834871e+01  2.15443469e+06 -1.11895766e+02 
 2.32630507e+06  4.25140044e+01  2.32630507e+06 -1.14595675e+02 
 2.51188643e+06  4.17276240e+01  2.51188643e+06 -1.17377824e+02 
 2.71227258e+06  4.09230135e+01  2.71227258e+06 -1.20245724e+02 
 2.92864456e+06  4.00987914e+01  2.92864456e+06 -1.23201636e+02 
 3.16227766e+06  3.92535656e+01  3.16227766e+06 -1.26246500e+02 
 3.41454887e+06  3.83859765e+01  3.41454887e+06 -1.29379922e+02 
 3.68694506e+06  3.74947427e+01  3.68694506e+06 -1.32600223e+02 
 3.98107171e+06  3.65787067e+01  3.98107171e+06 -1.35904569e+02 
 4.29866235e+06  3.56368783e+01  4.29866235e+06 -1.39289177e+02 
 4.64158883e+06  3.46684704e+01  4.64158883e+06 -1.42749609e+02 
 5.01187234e+06  3.36729256e+01  5.01187234e+06 -1.46281134e+02 
 5.41169527e+06  3.26499289e+01  5.41169527e+06 -1.49879144e+02 
 5.84341413e+06  3.15994056e+01  5.84341413e+06 -1.53539620e+02 
 6.30957344e+06  3.05215025e+01  6.30957344e+06 -1.57259600e+02 
 6.81292069e+06  2.94165529e+01  6.81292069e+06 -1.61037651e+02 
 7.35642254e+06  2.82850264e+01  7.35642254e+06 -1.64874325e+02 
 7.94328235e+06  2.71274664e+01  7.94328235e+06 -1.68772595e+02 
 8.57695899e+06  2.59444155e+01  8.57695899e+06 -1.72738283e+02 
 9.26118728e+06  2.47363338e+01  9.26118728e+06 -1.76780507e+02 
 1.00000000e+07  2.35035088e+01  1.00000000e+07 -1.80912193e+02 
 1.07977516e+07  2.22459607e+01  1.07977516e+07 -1.85150734e+02 
 1.16591440e+07  2.09633431e+01  1.16591440e+07 -1.89518884e+02 
 1.25892541e+07  1.96548427e+01  1.25892541e+07 -1.94046056e+02 
 1.35935639e+07  1.83190864e+01  1.35935639e+07 -1.98770240e+02 
 1.46779927e+07  1.69540720e+01  1.46779927e+07 -2.03740878e+02 
 1.58489319e+07  1.55571665e+01  1.58489319e+07 -2.09023184e+02 
 1.71132830e+07  1.41252624e+01  1.71132830e+07 -2.14704648e+02 
 1.84784980e+07  1.26552895e+01  1.84784980e+07 -2.20904725e+02 
 1.99526231e+07  1.11454988e+01  1.99526231e+07 -2.27788943e+02 
 2.15443469e+07  9.59838581e+00  2.15443469e+07 -2.35588071e+02 
 2.32630507e+07  8.02694272e+00  2.32630507e+07 -2.44619521e+02 
 2.51188643e+07  6.46703598e+00  2.51188643e+07 -2.55295372e+02 
 2.71227258e+07  4.99825944e+00  2.71227258e+07 -2.68066629e+02 
 2.92864456e+07  3.76600251e+00  2.92864456e+07 -2.83197097e+02 
 3.16227766e+07  2.96768149e+00  3.16227766e+07 -3.00304593e+02 
 3.41454887e+07  2.75256930e+00  3.41454887e+07 -3.18039297e+02 
 3.68694506e+07  3.09844759e+00  3.68694506e+07 -3.34631978e+02 
 3.98107171e+07  3.83291144e+00  3.98107171e+07 -3.48951334e+02 
 4.29866235e+07  4.76678888e+00  4.29866235e+07 -3.60812866e+02 
 4.64158883e+07  5.77279342e+00  4.64158883e+07 -3.70556299e+02 
 5.01187234e+07  6.78554681e+00  5.01187234e+07 -3.78632257e+02 
 5.41169527e+07  7.77793297e+00  5.41169527e+07 -3.85427631e+02 
 5.84341413e+07  8.74224010e+00  5.84341413e+07 -3.91232192e+02 
 6.30957344e+07  9.67953492e+00  6.30957344e+07 -3.96252260e+02 
 6.81292069e+07  1.05944110e+01  6.81292069e+07 -4.00631945e+02 
 7.35642254e+07  1.14925556e+01  7.35642254e+07 -4.04470791e+02 
 7.94328235e+07  1.23796728e+01  7.94328235e+07 -4.07836278e+02 
 8.57695899e+07  1.32610243e+01  8.57695899e+07 -4.10772131e+02 
 9.26118728e+07  1.41412253e+01  9.26118728e+07 -4.13303614e+02 
 1.00000000e+08  1.50241160e+01  1.00000000e+08 -4.15440779e+02 
 1.07977516e+08  1.59126120e+01  1.07977516e+08 -4.17180399e+02 
 1.16591440e+08  1.68084750e+01  1.16591440e+08 -4.18507152e+02 
 1.25892541e+08  1.77119654e+01  1.25892541e+08 -4.19394612e+02 
 1.35935639e+08  1.86213522e+01  1.35935639e+08 -4.19806650e+02 
 1.46779927e+08  1.95322894e+01  1.46779927e+08 -4.19700009e+02 
 1.58489319e+08  2.04371221e+01  1.58489319e+08 -4.19028993e+02 
 1.71132830e+08  2.13242861e+01  1.71132830e+08 -4.17753191e+02 
 1.84784980e+08  2.21781043e+01  1.84784980e+08 -4.15848723e+02 
 1.99526231e+08  2.29794081e+01  1.99526231e+08 -4.13322166e+02 
 2.15443469e+08  2.37073881e+01  2.15443469e+08 -4.10223964e+02 
 2.32630507e+08  2.43427327e+01  2.32630507e+08 -4.06655670e+02 
 2.51188643e+08  2.48714076e+01  2.51188643e+08 -4.02764963e+02 
 2.71227258e+08  2.52877292e+01  2.71227258e+08 -3.98726365e+02 
 2.92864456e+08  2.55953684e+01  2.92864456e+08 -3.94712984e+02 
 3.16227766e+08  2.58058621e+01  3.16227766e+08 -3.90869956e+02 
 3.41454887e+08  2.59354611e+01  3.41454887e+08 -3.87298935e+02 
 3.68694506e+08  2.60017426e+01  3.68694506e+08 -3.84056119e+02 
 3.98107171e+08  2.60210715e+01  3.98107171e+08 -3.81159989e+02 
 4.29866235e+08  2.60072557e+01  4.29866235e+08 -3.78602846e+02 
 4.64158883e+08  2.59711833e+01  4.64158883e+08 -3.76361665e+02 
 5.01187234e+08  2.59210466e+01  5.01187234e+08 -3.74406256e+02 
 5.41169527e+08  2.58628087e+01  5.41169527e+08 -3.72704534e+02 
 5.84341413e+08  2.58007050e+01  5.84341413e+08 -3.71225480e+02 
 6.30957344e+08  2.57376823e+01  6.30957344e+08 -3.69940577e+02 
 6.81292069e+08  2.56757454e+01  6.81292069e+08 -3.68824344e+02 
 7.35642254e+08  2.56162184e+01  7.35642254e+08 -3.67854376e+02 
 7.94328235e+08  2.55599363e+01  7.94328235e+08 -3.67011165e+02 
 8.57695899e+08  2.55073841e+01  8.57695899e+08 -3.66277822e+02 
 9.26118728e+08  2.54587987e+01  9.26118728e+08 -3.65639781e+02 
 1.00000000e+09  2.54142428e+01  1.00000000e+09 -3.65084509e+02 
