 1.00000000e+00  6.93957806e+01  1.00000000e+00 -3.12061842e-04 
 1.07977516e+00  6.93957806e+01  1.07977516e+00 -3.36956627e-04 
 1.16591440e+00  6.93957806e+01  1.16591440e+00 -3.63837396e-04 
 1.25892541e+00  6.93957806e+01  1.25892541e+00 -3.92862583e-04 
 1.35935639e+00  6.93957806e+01  1.35935639e+00 -4.24203260e-04 
 1.46779927e+00  6.93957806e+01  1.46779927e+00 -4.58044144e-04 
 1.58489319e+00  6.93957806e+01  1.58489319e+00 -4.94584690e-04 
 1.71132830e+00  6.93957806e+01  1.71132830e+00 -5.34040264e-04 
 1.84784980e+00  6.93957806e+01  1.84784980e+00 -5.76643412e-04 
 1.99526231e+00  6.93957806e+01  1.99526231e+00 -6.22645234e-04 
 2.15443469e+00  6.93957806e+01  2.15443469e+00 -6.72316859e-04 
 2.32630507e+00  6.93957806e+01  2.32630507e+00 -7.25951045e-04 
 2.51188643e+00  6.93957806e+01  2.51188643e+00 -7.83863908e-04 
 2.71227258e+00  6.93957806e+01  2.71227258e+00 -8.46396778e-04 
 2.92864456e+00  6.93957806e+01  2.92864456e+00 -9.13918219e-04 
 3.16227766e+00  6.93957806e+01  3.16227766e+00 -9.86826193e-04 
 3.41454887e+00  6.93957806e+01  3.41454887e+00 -1.06555041e-03 
 3.68694506e+00  6.93957806e+01  3.68694506e+00 -1.15055487e-03 
 3.98107171e+00  6.93957806e+01  3.98107171e+00 -1.24234057e-03 
 4.29866235e+00  6.93957806e+01  4.29866235e+00 -1.34144849e-03 
 4.64158883e+00  6.93957806e+01  4.64158883e+00 -1.44846276e-03 
 5.01187234e+00  6.93957806e+01  5.01187234e+00 -1.56401411e-03 
 5.41169527e+00  6.93957806e+01  5.41169527e+00 -1.68878359e-03 
 5.84341413e+00  6.93957806e+01  5.84341413e+00 -1.82350658e-03 
 6.30957344e+00  6.93957806e+01  6.30957344e+00 -1.96897711e-03 
 6.81292069e+00  6.93957806e+01  6.81292069e+00 -2.12605258e-03 
 7.35642254e+00  6.93957806e+01  7.35642254e+00 -2.29565877e-03 
 7.94328235e+00  6.93957806e+01  7.94328235e+00 -2.47879532e-03 
 8.57695899e+00  6.93957806e+01  8.57695899e+00 -2.67654162e-03 
 9.26118728e+00  6.93957806e+01  9.26118728e+00 -2.89006316e-03 
 1.00000000e+01  6.93957806e+01  1.00000000e+01 -3.12061842e-03 
 1.07977516e+01  6.93957806e+01  1.07977516e+01 -3.36956626e-03 
 1.16591440e+01  6.93957806e+01  1.16591440e+01 -3.63837396e-03 
 1.25892541e+01  6.93957806e+01  1.25892541e+01 -3.92862583e-03 
 1.35935639e+01  6.93957806e+01  1.35935639e+01 -4.24203259e-03 
 1.46779927e+01  6.93957806e+01  1.46779927e+01 -4.58044143e-03 
 1.58489319e+01  6.93957806e+01  1.58489319e+01 -4.94584689e-03 
 1.71132830e+01  6.93957806e+01  1.71132830e+01 -5.34040262e-03 
 1.84784980e+01  6.93957806e+01  1.84784980e+01 -5.76643411e-03 
 1.99526231e+01  6.93957806e+01  1.99526231e+01 -6.22645232e-03 
 2.15443469e+01  6.93957806e+01  2.15443469e+01 -6.72316856e-03 
 2.32630507e+01  6.93957806e+01  2.32630507e+01 -7.25951042e-03 
 2.51188643e+01  6.93957806e+01  2.51188643e+01 -7.83863904e-03 
 2.71227258e+01  6.93957806e+01  2.71227258e+01 -8.46396773e-03 
 2.92864456e+01  6.93957805e+01  2.92864456e+01 -9.13918212e-03 
 3.16227766e+01  6.93957805e+01  3.16227766e+01 -9.86826184e-03 
 3.41454887e+01  6.93957805e+01  3.41454887e+01 -1.06555040e-02 
 3.68694506e+01  6.93957805e+01  3.68694506e+01 -1.15055486e-02 
 3.98107171e+01  6.93957805e+01  3.98107171e+01 -1.24234055e-02 
 4.29866235e+01  6.93957804e+01  4.29866235e+01 -1.34144847e-02 
 4.64158883e+01  6.93957804e+01  4.64158883e+01 -1.44846274e-02 
 5.01187234e+01  6.93957803e+01  5.01187234e+01 -1.56401408e-02 
 5.41169527e+01  6.93957803e+01  5.41169527e+01 -1.68878355e-02 
 5.84341413e+01  6.93957802e+01  5.84341413e+01 -1.82350653e-02 
 6.30957344e+01  6.93957802e+01  6.30957344e+01 -1.96897705e-02 
 6.81292069e+01  6.93957801e+01  6.81292069e+01 -2.12605250e-02 
 7.35642254e+01  6.93957800e+01  7.35642254e+01 -2.29565867e-02 
 7.94328235e+01  6.93957799e+01  7.94328235e+01 -2.47879519e-02 
 8.57695899e+01  6.93957798e+01  8.57695899e+01 -2.67654146e-02 
 9.26118728e+01  6.93957796e+01  9.26118728e+01 -2.89006295e-02 
 1.00000000e+02  6.93957795e+01  1.00000000e+02 -3.12061816e-02 
 1.07977516e+02  6.93957793e+01  1.07977516e+02 -3.36956593e-02 
 1.16591440e+02  6.93957790e+01  1.16591440e+02 -3.63837354e-02 
 1.25892541e+02  6.93957788e+01  1.25892541e+02 -3.92862530e-02 
 1.35935639e+02  6.93957785e+01  1.35935639e+02 -4.24203193e-02 
 1.46779927e+02  6.93957781e+01  1.46779927e+02 -4.58044059e-02 
 1.58489319e+02  6.93957777e+01  1.58489319e+02 -4.94584584e-02 
 1.71132830e+02  6.93957772e+01  1.71132830e+02 -5.34040130e-02 
 1.84784980e+02  6.93957766e+01  1.84784980e+02 -5.76643244e-02 
 1.99526231e+02  6.93957760e+01  1.99526231e+02 -6.22645022e-02 
 2.15443469e+02  6.93957752e+01  2.15443469e+02 -6.72316592e-02 
 2.32630507e+02  6.93957743e+01  2.32630507e+02 -7.25950710e-02 
 2.51188643e+02  6.93957733e+01  2.51188643e+02 -7.83863485e-02 
 2.71227258e+02  6.93957720e+01  2.71227258e+02 -8.46396246e-02 
 2.92864456e+02  6.93957706e+01  2.92864456e+02 -9.13917549e-02 
 3.16227766e+02  6.93957689e+01  3.16227766e+02 -9.86825350e-02 
 3.41454887e+02  6.93957670e+01  3.41454887e+02 -1.06554935e-01 
 3.68694506e+02  6.93957647e+01  3.68694506e+02 -1.15055353e-01 
 3.98107171e+02  6.93957621e+01  3.98107171e+02 -1.24233889e-01 
 4.29866235e+02  6.93957590e+01  4.29866235e+02 -1.34144637e-01 
 4.64158883e+02  6.93957554e+01  4.64158883e+02 -1.44846010e-01 
 5.01187234e+02  6.93957512e+01  5.01187234e+02 -1.56401076e-01 
 5.41169527e+02  6.93957464e+01  5.41169527e+02 -1.68877937e-01 
 5.84341413e+02  6.93957407e+01  5.84341413e+02 -1.82350126e-01 
 6.30957344e+02  6.93957340e+01  6.30957344e+02 -1.96897042e-01 
 6.81292069e+02  6.93957263e+01  6.81292069e+02 -2.12604415e-01 
 7.35642254e+02  6.93957173e+01  7.35642254e+02 -2.29564816e-01 
 7.94328235e+02  6.93957068e+01  7.94328235e+02 -2.47878196e-01 
 8.57695899e+02  6.93956945e+01  8.57695899e+02 -2.67652480e-01 
 9.26118728e+02  6.93956802e+01  9.26118728e+02 -2.89004199e-01 
 1.00000000e+03  6.93956636e+01  1.00000000e+03 -3.12059177e-01 
 1.07977516e+03  6.93956442e+01  1.07977516e+03 -3.36953271e-01 
 1.16591440e+03  6.93956215e+01  1.16591440e+03 -3.63833172e-01 
 1.25892541e+03  6.93955951e+01  1.25892541e+03 -3.92857265e-01 
 1.35935639e+03  6.93955643e+01  1.35935639e+03 -4.24196564e-01 
 1.46779927e+03  6.93955285e+01  1.46779927e+03 -4.58035715e-01 
 1.58489319e+03  6.93954866e+01  1.58489319e+03 -4.94574075e-01 
 1.71132830e+03  6.93954378e+01  1.71132830e+03 -5.34026901e-01 
 1.84784980e+03  6.93953808e+01  1.84784980e+03 -5.76626585e-01 
 1.99526231e+03  6.93953145e+01  1.99526231e+03 -6.22624050e-01 
 2.15443469e+03  6.93952372e+01  2.15443469e+03 -6.72290194e-01 
 2.32630507e+03  6.93951471e+01  2.32630507e+03 -7.25917479e-01 
 2.51188643e+03  6.93950420e+01  2.51188643e+03 -7.83821653e-01 
 2.71227258e+03  6.93949195e+01  2.71227258e+03 -8.46343587e-01 
 2.92864456e+03  6.93947766e+01  2.92864456e+03 -9.13851258e-01 
 3.16227766e+03  6.93946101e+01  3.16227766e+03 -9.86741901e-01 
 3.41454887e+03  6.93944160e+01  3.41454887e+03 -1.06544430e+00 
 3.68694506e+03  6.93941895e+01  3.68694506e+03 -1.15042127e+00 
 3.98107171e+03  6.93939255e+01  3.98107171e+03 -1.24217238e+00 
 4.29866235e+03  6.93936178e+01  4.29866235e+03 -1.34123677e+00 
 4.64158883e+03  6.93932591e+01  4.64158883e+03 -1.44819623e+00 
 5.01187234e+03  6.93928409e+01  5.01187234e+03 -1.56367861e+00 
 5.41169527e+03  6.93923534e+01  5.41169527e+03 -1.68836124e+00 
 5.84341413e+03  6.93917850e+01  5.84341413e+03 -1.82297492e+00 
 6.30957344e+03  6.93911225e+01  6.30957344e+03 -1.96830786e+00 
 6.81292069e+03  6.93903501e+01  6.81292069e+03 -2.12521013e+00 
 7.35642254e+03  6.93894497e+01  7.35642254e+03 -2.29459831e+00 
 7.94328235e+03  6.93884002e+01  7.94328235e+03 -2.47746048e+00 
 8.57695899e+03  6.93871769e+01  8.57695899e+03 -2.67486142e+00 
 9.26118728e+03  6.93857511e+01  9.26118728e+03 -2.88794837e+00 
 1.00000000e+04  6.93840892e+01  1.00000000e+04 -3.11795664e+00 
 1.07977516e+04  6.93821524e+01  1.07977516e+04 -3.36621614e+00 
 1.16591440e+04  6.93798954e+01  1.16591440e+04 -3.63415772e+00 
 1.25892541e+04  6.93772655e+01  1.25892541e+04 -3.92331986e+00 
 1.35935639e+04  6.93742011e+01  1.35935639e+04 -4.23535555e+00 
 1.46779927e+04  6.93706310e+01  1.46779927e+04 -4.57203966e+00 
 1.58489319e+04  6.93664723e+01  1.58489319e+04 -4.93527576e+00 
 1.71132830e+04  6.93616288e+01  1.71132830e+04 -5.32710335e+00 
 1.84784980e+04  6.93559880e+01  1.84784980e+04 -5.74970416e+00 
 1.99526231e+04  6.93494206e+01  1.99526231e+04 -6.20540949e+00 
 2.15443469e+04  6.93417765e+01  2.15443469e+04 -6.69670530e+00 
 2.32630507e+04  6.93328809e+01  2.32630507e+04 -7.22623615e+00 
 2.51188643e+04  6.93225322e+01  2.51188643e+04 -7.79680923e+00 
 2.71227258e+04  6.93104973e+01  2.71227258e+04 -8.41139460e+00 
 2.92864456e+04  6.92965075e+01  2.92864456e+04 -9.07312437e+00 
 3.16227766e+04  6.92802531e+01  3.16227766e+04 -9.78528692e+00 
 3.41454887e+04  6.92613782e+01  3.41454887e+04 -1.05513178e+01 
 3.68694506e+04  6.92394743e+01  3.68694506e+04 -1.13747837e+01 
 3.98107171e+04  6.92140744e+01  3.98107171e+04 -1.22593615e+01 
 4.29866235e+04  6.91846462e+01  4.29866235e+04 -1.32088086e+01 
 4.64158883e+04  6.91505840e+01  4.64158883e+04 -1.42269202e+01 
 5.01187234e+04  6.91112040e+01  5.01187234e+04 -1.53174824e+01 
 5.41169527e+04  6.90657345e+01  5.41169527e+04 -1.64842013e+01 
 5.84341413e+04  6.90133133e+01  5.84341413e+04 -1.77306308e+01 
 6.30957344e+04  6.89529800e+01  6.30957344e+04 -1.90600711e+01 
 6.81292069e+04  6.88836745e+01  6.81292069e+04 -2.04754597e+01 
 7.35642254e+04  6.88042374e+01  7.35642254e+04 -2.19792458e+01 
 7.94328235e+04  6.87134110e+01  7.94328235e+04 -2.35732431e+01 
 8.57695899e+04  6.86098503e+01  8.57695899e+04 -2.52584847e+01 
 9.26118728e+04  6.84921323e+01  9.26118728e+04 -2.70350582e+01 
 1.00000000e+05  6.83587781e+01  1.00000000e+05 -2.89019561e+01 
 1.07977516e+05  6.82082770e+01  1.07977516e+05 -3.08569352e+01 
 1.16591440e+05  6.80391192e+01  1.16591440e+05 -3.28963991e+01 
 1.25892541e+05  6.78498340e+01  1.25892541e+05 -3.50153272e+01 
 1.35935639e+05  6.76390335e+01  1.35935639e+05 -3.72072543e+01 
 1.46779927e+05  6.74054579e+01  1.46779927e+05 -3.94643161e+01 
 1.58489319e+05  6.71480216e+01  1.58489319e+05 -4.17773703e+01 
 1.71132830e+05  6.68658562e+01  1.71132830e+05 -4.41361939e+01 
 1.84784980e+05  6.65583465e+01  1.84784980e+05 -4.65297529e+01 
 1.99526231e+05  6.62251564e+01  1.99526231e+05 -4.89465316e+01 
 2.15443469e+05  6.58662428e+01  2.15443469e+05 -5.13748965e+01 
 2.32630507e+05  6.54818559e+01  2.32630507e+05 -5.38034830e+01 
 2.51188643e+05  6.50725252e+01  2.51188643e+05 -5.62215645e+01 
 2.71227258e+05  6.46390332e+01  2.71227258e+05 -5.86193863e+01 
 2.92864456e+05  6.41823791e+01  2.92864456e+05 -6.09884469e+01 
 3.16227766e+05  6.37037349e+01  3.16227766e+05 -6.33217034e+01 
 3.41454887e+05  6.32043978e+01  3.41454887e+05 -6.56137030e+01 
 3.68694506e+05  6.26857425e+01  3.68694506e+05 -6.78606430e+01 
 3.98107171e+05  6.21491761e+01  3.98107171e+05 -7.00603623e+01 
 4.29866235e+05  6.15960958e+01  4.29866235e+05 -7.22122703e+01 
 4.64158883e+05  6.10278547e+01  4.64158883e+05 -7.43172509e+01 
 5.01187234e+05  6.04457318e+01  5.01187234e+05 -7.63775208e+01 
 5.41169527e+05  5.98509095e+01  5.41169527e+05 -7.83964819e+01 
 5.84341413e+05  5.92444564e+01  5.84341413e+05 -8.03785684e+01 
 6.30957344e+05  5.86273148e+01  6.30957344e+05 -8.23290922e+01 
 6.81292069e+05  5.80002931e+01  6.81292069e+05 -8.42541022e+01 
 7.35642254e+05  5.73640603e+01  7.35642254e+05 -8.61602496e+01 
 7.94328235e+05  5.67191435e+01  7.94328235e+05 -8.80546672e+01 
 8.57695899e+05  5.60659264e+01  8.57695899e+05 -8.99448629e+01 
 9.26118728e+05  5.54046490e+01  9.26118728e+05 -9.18386195e+01 
 1.00000000e+06  5.47354069e+01  1.00000000e+06 -9.37439033e+01 
 1.07977516e+06  5.40581519e+01  1.07977516e+06 -9.56687778e+01 
 1.16591440e+06  5.33726911e+01  1.16591440e+06 -9.76213183e+01 
 1.25892541e+06  5.26786870e+01  1.25892541e+06 -9.96095237e+01 
 1.35935639e+06  5.19756576e+01  1.35935639e+06 -1.01641224e+02 
 1.46779927e+06  5.12629767e+01  1.46779927e+06 -1.03723980e+02 
 1.58489319e+06  5.05398755e+01  1.58489319e+06 -1.05864972e+02 
 1.71132830e+06  4.98054465e+01  1.71132830e+06 -1.08070877e+02 
 1.84784980e+06  4.90586490e+01  1.84784980e+06 -1.10347738e+02 
 1.99526231e+06  4.82983192e+01  1.99526231e+06 -1.12700820e+02 
 2.15443469e+06  4.75231845e+01  2.15443469e+06 -1.15134469e+02 
 2.32630507e+06  4.67318826e+01  2.32630507e+06 -1.17651968e+02 
 2.51188643e+06  4.59229873e+01  2.51188643e+06 -1.20255405e+02 
 2.71227258e+06  4.50950401e+01  2.71227258e+06 -1.22945570e+02 
 2.92864456e+06  4.42465874e+01  2.92864456e+06 -1.25721885e+02 
 3.16227766e+06  4.33762232e+01  3.16227766e+06 -1.28582389e+02 
 3.41454887e+06  4.24826344e+01  3.41454887e+06 -1.31523782e+02 
 3.68694506e+06  4.15646461e+01  3.68694506e+06 -1.34541556e+02 
 3.98107171e+06  4.06212653e+01  3.98107171e+06 -1.37630187e+02 
 4.29866235e+06  3.96517171e+01  4.29866235e+06 -1.40783426e+02 
 4.64158883e+06  3.86554725e+01  4.64158883e+06 -1.43994638e+02 
 5.01187234e+06  3.76322627e+01  5.01187234e+06 -1.47257208e+02 
 5.41169527e+06  3.65820797e+01  5.41169527e+06 -1.50564971e+02 
 5.84341413e+06  3.55051608e+01  5.84341413e+06 -1.53912647e+02 
 6.30957344e+06  3.44019596e+01  6.30957344e+06 -1.57296262e+02 
 6.81292069e+06  3.32731030e+01  6.81292069e+06 -1.60713532e+02 
 7.35642254e+06  3.21193379e+01  7.35642254e+06 -1.64164204e+02 
 7.94328235e+06  3.09414703e+01  7.94328235e+06 -1.67650348e+02 
 8.57695899e+06  2.97402993e+01  8.57695899e+06 -1.71176613e+02 
 9.26118728e+06  2.85165473e+01  9.26118728e+06 -1.74750470e+02 
 1.00000000e+07  2.72707893e+01  1.00000000e+07 -1.78382466e+02 
 1.07977516e+07  2.60033806e+01  1.07977516e+07 -1.82086549e+02 
 1.16591440e+07  2.47143827e+01  1.16591440e+07 -1.85880505e+02 
 1.25892541e+07  2.34034880e+01  1.25892541e+07 -1.89786603e+02 
 1.35935639e+07  2.20699419e+01  1.35935639e+07 -1.93832563e+02 
 1.46779927e+07  2.07124678e+01  1.46779927e+07 -1.98052994e+02 
 1.58489319e+07  1.93292022e+01  1.58489319e+07 -2.02491569e+02 
 1.71132830e+07  1.79176646e+01  1.71132830e+07 -2.07204259e+02 
 1.84784980e+07  1.64748157e+01  1.84784980e+07 -2.12264208e+02 
 1.99526231e+07  1.49973184e+01  1.99526231e+07 -2.17768980e+02 
 2.15443469e+07  1.34822481e+01  2.15443469e+07 -2.23851267e+02 
 2.32630507e+07  1.19287661e+01  2.32630507e+07 -2.30694123e+02 
 2.51188643e+07  1.03418003e+01  2.51188643e+07 -2.38550701e+02 
 2.71227258e+07  8.73968610e+00  2.71227258e+07 -2.47763138e+02 
 2.92864456e+07  7.16862300e+00  2.92864456e+07 -2.58757846e+02 
 3.16227766e+07  5.72474719e+00  3.16227766e+07 -2.71952814e+02 
 3.41454887e+07  4.57015655e+00  3.41454887e+07 -2.87467105e+02 
 3.68694506e+07  3.89766738e+00  3.68694506e+07 -3.04652500e+02 
 3.98107171e+07  3.81318667e+00  3.98107171e+07 -3.21973775e+02 
 4.29866235e+07  4.24385149e+00  4.29866235e+07 -3.37789969e+02 
 4.64158883e+07  5.00430088e+00  4.64158883e+07 -3.51264396e+02 
 5.01187234e+07  5.92286481e+00  5.01187234e+07 -3.62402121e+02 
 5.41169527e+07  6.89293007e+00  5.41169527e+07 -3.71589388e+02 
 5.84341413e+07  7.86230744e+00  5.84341413e+07 -3.79256689e+02 
 6.30957344e+07  8.81047213e+00  6.30957344e+07 -3.85756889e+02 
 6.81292069e+07  9.73253323e+00  6.81292069e+07 -3.91350301e+02 
 7.35642254e+07  1.06305350e+01  7.35642254e+07 -3.96221553e+02 
 7.94328235e+07  1.15092164e+01  7.94328235e+07 -4.00499671e+02 
 8.57695899e+07  1.23740625e+01  8.57695899e+07 -4.04273975e+02 
 9.26118728e+07  1.32304552e+01  9.26118728e+07 -4.07605184e+02 
 1.00000000e+08  1.40833215e+01  1.00000000e+08 -4.10532758e+02 
 1.07977516e+08  1.49369848e+01  1.07977516e+08 -4.13079550e+02 
 1.16591440e+08  1.57950728e+01  1.16591440e+08 -4.15254644e+02 
 1.25892541e+08  1.66603986e+01  1.25892541e+08 -4.17055000e+02 
 1.35935639e+08  1.75347678e+01  1.35935639e+08 -4.18466415e+02 
 1.46779927e+08  1.84186761e+01  1.46779927e+08 -4.19464284e+02 
 1.58489319e+08  1.93108791e+01  1.58489319e+08 -4.20014663e+02 
 1.71132830e+08  2.02078363e+01  1.71132830e+08 -4.20076306e+02 
 1.84784980e+08  2.11030794e+01  1.84784980e+08 -4.19604422e+02 
 1.99526231e+08  2.19866282e+01  1.99526231e+08 -4.18556982e+02 
 2.15443469e+08  2.28446877e+01  2.15443469e+08 -4.16904046e+02 
 2.32630507e+08  2.36599622e+01  2.32630507e+08 -4.14639719e+02 
 2.51188643e+08  2.44129434e+01  2.51188643e+08 -4.11794618e+02 
 2.71227258e+08  2.50843305e+01  2.71227258e+08 -4.08444705e+02 
 2.92864456e+08  2.56582535e+01  2.92864456e+08 -4.04711326e+02 
 3.16227766e+08  2.61253675e+01  3.16227766e+08 -4.00749209e+02 
 3.41454887e+08  2.64846255e+01  3.41454887e+08 -3.96724338e+02 
 3.68694506e+08  2.67429926e+01  3.68694506e+08 -3.92789045e+02 
 3.98107171e+08  2.69133352e+01  3.98107171e+08 -3.89063048e+02 
 4.29866235e+08  2.70114925e+01  4.29866235e+08 -3.85625377e+02 
 4.64158883e+08  2.70536082e+01  4.64158883e+08 -3.82516476e+02 
 5.01187234e+08  2.70543307e+01  5.01187234e+08 -3.79746306e+02 
 5.41169527e+08  2.70259457e+01  5.41169527e+08 -3.77304063e+02 
 5.84341413e+08  2.69782024e+01  5.84341413e+08 -3.75166732e+02 
 6.30957344e+08  2.69185301e+01  6.30957344e+08 -3.73305423e+02 
 6.81292069e+08  2.68524145e+01  6.81292069e+08 -3.71689540e+02 
 7.35642254e+08  2.67837964e+01  7.35642254e+08 -3.70289260e+02 
 7.94328235e+08  2.67154281e+01  7.94328235e+08 -3.69076855e+02 
 8.57695899e+08  2.66491677e+01  8.57695899e+08 -3.68027290e+02 
 9.26118728e+08  2.65862111e+01  9.26118728e+08 -3.67118393e+02 
 1.00000000e+09  2.65272711e+01  1.00000000e+09 -3.66330783e+02 
