 1.00000000e+00  5.96769882e+01  1.00000000e+00 -1.79999914e+02 
 1.07977516e+00  5.96769882e+01  1.07977516e+00 -1.79999907e+02 
 1.16591440e+00  5.96769882e+01  1.16591440e+00 -1.79999900e+02 
 1.25892541e+00  5.96769882e+01  1.25892541e+00 -1.79999892e+02 
 1.35935639e+00  5.96769882e+01  1.35935639e+00 -1.79999883e+02 
 1.46779927e+00  5.96769882e+01  1.46779927e+00 -1.79999874e+02 
 1.58489319e+00  5.96769882e+01  1.58489319e+00 -1.79999864e+02 
 1.71132830e+00  5.96769882e+01  1.71132830e+00 -1.79999853e+02 
 1.84784980e+00  5.96769882e+01  1.84784980e+00 -1.79999841e+02 
 1.99526231e+00  5.96769882e+01  1.99526231e+00 -1.79999829e+02 
 2.15443469e+00  5.96769882e+01  2.15443469e+00 -1.79999815e+02 
 2.32630507e+00  5.96769882e+01  2.32630507e+00 -1.79999800e+02 
 2.51188643e+00  5.96769882e+01  2.51188643e+00 -1.79999784e+02 
 2.71227258e+00  5.96769882e+01  2.71227258e+00 -1.79999767e+02 
 2.92864456e+00  5.96769882e+01  2.92864456e+00 -1.79999748e+02 
 3.16227766e+00  5.96769882e+01  3.16227766e+00 -1.79999728e+02 
 3.41454887e+00  5.96769882e+01  3.41454887e+00 -1.79999707e+02 
 3.68694506e+00  5.96769882e+01  3.68694506e+00 -1.79999683e+02 
 3.98107171e+00  5.96769882e+01  3.98107171e+00 -1.79999658e+02 
 4.29866235e+00  5.96769882e+01  4.29866235e+00 -1.79999631e+02 
 4.64158883e+00  5.96769882e+01  4.64158883e+00 -1.79999601e+02 
 5.01187234e+00  5.96769882e+01  5.01187234e+00 -1.79999569e+02 
 5.41169527e+00  5.96769882e+01  5.41169527e+00 -1.79999535e+02 
 5.84341413e+00  5.96769882e+01  5.84341413e+00 -1.79999498e+02 
 6.30957344e+00  5.96769882e+01  6.30957344e+00 -1.79999458e+02 
 6.81292069e+00  5.96769882e+01  6.81292069e+00 -1.79999415e+02 
 7.35642254e+00  5.96769882e+01  7.35642254e+00 -1.79999368e+02 
 7.94328235e+00  5.96769882e+01  7.94328235e+00 -1.79999318e+02 
 8.57695899e+00  5.96769882e+01  8.57695899e+00 -1.79999263e+02 
 9.26118728e+00  5.96769882e+01  9.26118728e+00 -1.79999204e+02 
 1.00000000e+01  5.96769882e+01  1.00000000e+01 -1.79999141e+02 
 1.07977516e+01  5.96769882e+01  1.07977516e+01 -1.79999072e+02 
 1.16591440e+01  5.96769882e+01  1.16591440e+01 -1.79998998e+02 
 1.25892541e+01  5.96769882e+01  1.25892541e+01 -1.79998919e+02 
 1.35935639e+01  5.96769882e+01  1.35935639e+01 -1.79998832e+02 
 1.46779927e+01  5.96769882e+01  1.46779927e+01 -1.79998739e+02 
 1.58489319e+01  5.96769882e+01  1.58489319e+01 -1.79998639e+02 
 1.71132830e+01  5.96769882e+01  1.71132830e+01 -1.79998530e+02 
 1.84784980e+01  5.96769882e+01  1.84784980e+01 -1.79998413e+02 
 1.99526231e+01  5.96769882e+01  1.99526231e+01 -1.79998286e+02 
 2.15443469e+01  5.96769882e+01  2.15443469e+01 -1.79998149e+02 
 2.32630507e+01  5.96769882e+01  2.32630507e+01 -1.79998002e+02 
 2.51188643e+01  5.96769882e+01  2.51188643e+01 -1.79997842e+02 
 2.71227258e+01  5.96769882e+01  2.71227258e+01 -1.79997670e+02 
 2.92864456e+01  5.96769882e+01  2.92864456e+01 -1.79997484e+02 
 3.16227766e+01  5.96769882e+01  3.16227766e+01 -1.79997284e+02 
 3.41454887e+01  5.96769882e+01  3.41454887e+01 -1.79997067e+02 
 3.68694506e+01  5.96769882e+01  3.68694506e+01 -1.79996833e+02 
 3.98107171e+01  5.96769882e+01  3.98107171e+01 -1.79996580e+02 
 4.29866235e+01  5.96769882e+01  4.29866235e+01 -1.79996307e+02 
 4.64158883e+01  5.96769882e+01  4.64158883e+01 -1.79996013e+02 
 5.01187234e+01  5.96769882e+01  5.01187234e+01 -1.79995695e+02 
 5.41169527e+01  5.96769882e+01  5.41169527e+01 -1.79995351e+02 
 5.84341413e+01  5.96769882e+01  5.84341413e+01 -1.79994980e+02 
 6.30957344e+01  5.96769882e+01  6.30957344e+01 -1.79994580e+02 
 6.81292069e+01  5.96769882e+01  6.81292069e+01 -1.79994147e+02 
 7.35642254e+01  5.96769881e+01  7.35642254e+01 -1.79993681e+02 
 7.94328235e+01  5.96769881e+01  7.94328235e+01 -1.79993176e+02 
 8.57695899e+01  5.96769881e+01  8.57695899e+01 -1.79992632e+02 
 9.26118728e+01  5.96769881e+01  9.26118728e+01 -1.79992044e+02 
 1.00000000e+02  5.96769881e+01  1.00000000e+02 -1.79991410e+02 
 1.07977516e+02  5.96769881e+01  1.07977516e+02 -1.79990724e+02 
 1.16591440e+02  5.96769880e+01  1.16591440e+02 -1.79989984e+02 
 1.25892541e+02  5.96769880e+01  1.25892541e+02 -1.79989185e+02 
 1.35935639e+02  5.96769880e+01  1.35935639e+02 -1.79988323e+02 
 1.46779927e+02  5.96769879e+01  1.46779927e+02 -1.79987391e+02 
 1.58489319e+02  5.96769879e+01  1.58489319e+02 -1.79986385e+02 
 1.71132830e+02  5.96769878e+01  1.71132830e+02 -1.79985299e+02 
 1.84784980e+02  5.96769877e+01  1.84784980e+02 -1.79984126e+02 
 1.99526231e+02  5.96769877e+01  1.99526231e+02 -1.79982860e+02 
 2.15443469e+02  5.96769876e+01  2.15443469e+02 -1.79981493e+02 
 2.32630507e+02  5.96769875e+01  2.32630507e+02 -1.79980016e+02 
 2.51188643e+02  5.96769873e+01  2.51188643e+02 -1.79978422e+02 
 2.71227258e+02  5.96769872e+01  2.71227258e+02 -1.79976701e+02 
 2.92864456e+02  5.96769870e+01  2.92864456e+02 -1.79974842e+02 
 3.16227766e+02  5.96769868e+01  3.16227766e+02 -1.79972835e+02 
 3.41454887e+02  5.96769866e+01  3.41454887e+02 -1.79970668e+02 
 3.68694506e+02  5.96769864e+01  3.68694506e+02 -1.79968328e+02 
 3.98107171e+02  5.96769860e+01  3.98107171e+02 -1.79965801e+02 
 4.29866235e+02  5.96769857e+01  4.29866235e+02 -1.79963073e+02 
 4.64158883e+02  5.96769853e+01  4.64158883e+02 -1.79960127e+02 
 5.01187234e+02  5.96769848e+01  5.01187234e+02 -1.79956947e+02 
 5.41169527e+02  5.96769842e+01  5.41169527e+02 -1.79953512e+02 
 5.84341413e+02  5.96769835e+01  5.84341413e+02 -1.79949803e+02 
 6.30957344e+02  5.96769827e+01  6.30957344e+02 -1.79945799e+02 
 6.81292069e+02  5.96769818e+01  6.81292069e+02 -1.79941475e+02 
 7.35642254e+02  5.96769808e+01  7.35642254e+02 -1.79936806e+02 
 7.94328235e+02  5.96769795e+01  7.94328235e+02 -1.79931765e+02 
 8.57695899e+02  5.96769781e+01  8.57695899e+02 -1.79926321e+02 
 9.26118728e+02  5.96769764e+01  9.26118728e+02 -1.79920444e+02 
 1.00000000e+03  5.96769745e+01  1.00000000e+03 -1.79914097e+02 
 1.07977516e+03  5.96769722e+01  1.07977516e+03 -1.79907244e+02 
 1.16591440e+03  5.96769695e+01  1.16591440e+03 -1.79899845e+02 
 1.25892541e+03  5.96769664e+01  1.25892541e+03 -1.79891855e+02 
 1.35935639e+03  5.96769628e+01  1.35935639e+03 -1.79883227e+02 
 1.46779927e+03  5.96769586e+01  1.46779927e+03 -1.79873912e+02 
 1.58489319e+03  5.96769537e+01  1.58489319e+03 -1.79863853e+02 
 1.71132830e+03  5.96769480e+01  1.71132830e+03 -1.79852992e+02 
 1.84784980e+03  5.96769413e+01  1.84784980e+03 -1.79841265e+02 
 1.99526231e+03  5.96769335e+01  1.99526231e+03 -1.79828602e+02 
 2.15443469e+03  5.96769244e+01  2.15443469e+03 -1.79814929e+02 
 2.32630507e+03  5.96769138e+01  2.32630507e+03 -1.79800165e+02 
 2.51188643e+03  5.96769015e+01  2.51188643e+03 -1.79784223e+02 
 2.71227258e+03  5.96768871e+01  2.71227258e+03 -1.79767010e+02 
 2.92864456e+03  5.96768703e+01  2.92864456e+03 -1.79748423e+02 
 3.16227766e+03  5.96768507e+01  3.16227766e+03 -1.79728354e+02 
 3.41454887e+03  5.96768279e+01  3.41454887e+03 -1.79706684e+02 
 3.68694506e+03  5.96768014e+01  3.68694506e+03 -1.79683286e+02 
 3.98107171e+03  5.96767704e+01  3.98107171e+03 -1.79658021e+02 
 4.29866235e+03  5.96767342e+01  4.29866235e+03 -1.79630740e+02 
 4.64158883e+03  5.96766920e+01  4.64158883e+03 -1.79601284e+02 
 5.01187234e+03  5.96766429e+01  5.01187234e+03 -1.79569478e+02 
 5.41169527e+03  5.96765856e+01  5.41169527e+03 -1.79535136e+02 
 5.84341413e+03  5.96765188e+01  5.84341413e+03 -1.79498054e+02 
 6.30957344e+03  5.96764409e+01  6.30957344e+03 -1.79458015e+02 
 6.81292069e+03  5.96763501e+01  6.81292069e+03 -1.79414783e+02 
 7.35642254e+03  5.96762443e+01  7.35642254e+03 -1.79368103e+02 
 7.94328235e+03  5.96761209e+01  7.94328235e+03 -1.79317701e+02 
 8.57695899e+03  5.96759769e+01  8.57695899e+03 -1.79263280e+02 
 9.26118728e+03  5.96758092e+01  9.26118728e+03 -1.79204519e+02 
 1.00000000e+04  5.96756137e+01  1.00000000e+04 -1.79141075e+02 
 1.07977516e+04  5.96753856e+01  1.07977516e+04 -1.79072573e+02 
 1.16591440e+04  5.96751198e+01  1.16591440e+04 -1.78998610e+02 
 1.25892541e+04  5.96748098e+01  1.25892541e+04 -1.78918754e+02 
 1.35935639e+04  5.96744485e+01  1.35935639e+04 -1.78832535e+02 
 1.46779927e+04  5.96740272e+01  1.46779927e+04 -1.78739448e+02 
 1.58489319e+04  5.96735362e+01  1.58489319e+04 -1.78638946e+02 
 1.71132830e+04  5.96729637e+01  1.71132830e+04 -1.78530443e+02 
 1.84784980e+04  5.96722964e+01  1.84784980e+04 -1.78413302e+02 
 1.99526231e+04  5.96715184e+01  1.99526231e+04 -1.78286842e+02 
 2.15443469e+04  5.96706115e+01  2.15443469e+04 -1.78150323e+02 
 2.32630507e+04  5.96695544e+01  2.32630507e+04 -1.78002952e+02 
 2.51188643e+04  5.96683223e+01  2.51188643e+04 -1.77843873e+02 
 2.71227258e+04  5.96668862e+01  2.71227258e+04 -1.77672165e+02 
 2.92864456e+04  5.96652123e+01  2.92864456e+04 -1.77486835e+02 
 3.16227766e+04  5.96632615e+01  3.16227766e+04 -1.77286817e+02 
 3.41454887e+04  5.96609881e+01  3.41454887e+04 -1.77070964e+02 
 3.68694506e+04  5.96583390e+01  3.68694506e+04 -1.76838044e+02 
 3.98107171e+04  5.96552522e+01  3.98107171e+04 -1.76586734e+02 
 4.29866235e+04  5.96516561e+01  4.29866235e+04 -1.76315618e+02 
 4.64158883e+04  5.96474670e+01  4.64158883e+04 -1.76023176e+02 
 5.01187234e+04  5.96425877e+01  5.01187234e+04 -1.75707786e+02 
 5.41169527e+04  5.96369056e+01  5.41169527e+04 -1.75367714e+02 
 5.84341413e+04  5.96302898e+01  5.84341413e+04 -1.75001114e+02 
 6.30957344e+04  5.96225888e+01  6.30957344e+04 -1.74606023e+02 
 6.81292069e+04  5.96136266e+01  6.81292069e+04 -1.74180360e+02 
 7.35642254e+04  5.96032002e+01  7.35642254e+04 -1.73721926e+02 
 7.94328235e+04  5.95910742e+01  7.94328235e+04 -1.73228407e+02 
 8.57695899e+04  5.95769777e+01  8.57695899e+04 -1.72697379e+02 
 9.26118728e+04  5.95605982e+01  9.26118728e+04 -1.72126316e+02 
 1.00000000e+05  5.95415763e+01  1.00000000e+05 -1.71512605e+02 
 1.07977516e+05  5.95194996e+01  1.07977516e+05 -1.70853566e+02 
 1.16591440e+05  5.94938967e+01  1.16591440e+05 -1.70146478e+02 
 1.25892541e+05  5.94642289e+01  1.25892541e+05 -1.69388611e+02 
 1.35935639e+05  5.94298849e+01  1.35935639e+05 -1.68577278e+02 
 1.46779927e+05  5.93901714e+01  1.46779927e+05 -1.67709887e+02 
 1.58489319e+05  5.93443081e+01  1.58489319e+05 -1.66784014e+02 
 1.71132830e+05  5.92914200e+01  1.71132830e+05 -1.65797489e+02 
 1.84784980e+05  5.92305325e+01  1.84784980e+05 -1.64748496e+02 
 1.99526231e+05  5.91605686e+01  1.99526231e+05 -1.63635695e+02 
 2.15443469e+05  5.90803472e+01  2.15443469e+05 -1.62458358e+02 
 2.32630507e+05  5.89885860e+01  2.32630507e+05 -1.61216517e+02 
 2.51188643e+05  5.88839082e+01  2.51188643e+05 -1.59911125e+02 
 2.71227258e+05  5.87648543e+01  2.71227258e+05 -1.58544231e+02 
 2.92864456e+05  5.86299004e+01  2.92864456e+05 -1.57119137e+02 
 3.16227766e+05  5.84774819e+01  3.16227766e+05 -1.55640558e+02 
 3.41454887e+05  5.83060252e+01  3.41454887e+05 -1.54114744e+02 
 3.68694506e+05  5.81139833e+01  3.68694506e+05 -1.52549575e+02 
 3.98107171e+05  5.78998778e+01  3.98107171e+05 -1.50954590e+02 
 4.29866235e+05  5.76623431e+01  4.29866235e+05 -1.49340962e+02 
 4.64158883e+05  5.74001699e+01  4.64158883e+05 -1.47721393e+02 
 5.01187234e+05  5.71123458e+01  5.01187234e+05 -1.46109930e+02 
 5.41169527e+05  5.67980891e+01  5.41169527e+05 -1.44521715e+02 
 5.84341413e+05  5.64568724e+01  5.84341413e+05 -1.42972668e+02 
 6.30957344e+05  5.60884334e+01  6.30957344e+05 -1.41479132e+02 
 6.81292069e+05  5.56927717e+01  6.81292069e+05 -1.40057498e+02 
 7.35642254e+05  5.52701318e+01  7.35642254e+05 -1.38723838e+02 
 7.94328235e+05  5.48209719e+01  7.94328235e+05 -1.37493572e+02 
 8.57695899e+05  5.43459233e+01  8.57695899e+05 -1.36381178e+02 
 9.26118728e+05  5.38457415e+01  9.26118728e+05 -1.35399977e+02 
 1.00000000e+06  5.33212528e+01  1.00000000e+06 -1.34561978e+02 
 1.07977516e+06  5.27733015e+01  1.07977516e+06 -1.33877789e+02 
 1.16591440e+06  5.22026984e+01  1.16591440e+06 -1.33356590e+02 
 1.25892541e+06  5.16101744e+01  1.25892541e+06 -1.33006143e+02 
 1.35935639e+06  5.09963411e+01  1.35935639e+06 -1.32832832e+02 
 1.46779927e+06  5.03616588e+01  1.46779927e+06 -1.32841717e+02 
 1.58489319e+06  4.97064129e+01  1.58489319e+06 -1.33036586e+02 
 1.71132830e+06  4.90306995e+01  1.71132830e+06 -1.33419998e+02 
 1.84784980e+06  4.83344192e+01  1.84784980e+06 -1.33993305e+02 
 1.99526231e+06  4.76172802e+01  1.99526231e+06 -1.34756656e+02 
 2.15443469e+06  4.68788103e+01  2.15443469e+06 -1.35708981e+02 
 2.32630507e+06  4.61183771e+01  2.32630507e+06 -1.36847968e+02 
 2.51188643e+06  4.53352173e+01  2.51188643e+06 -1.38170028e+02 
 2.71227258e+06  4.45284735e+01  2.71227258e+06 -1.39670281e+02 
 2.92864456e+06  4.36972374e+01  2.92864456e+06 -1.41342559e+02 
 3.16227766e+06  4.28405987e+01  3.16227766e+06 -1.43179461e+02 
 3.41454887e+06  4.19576962e+01  3.41454887e+06 -1.45172451e+02 
 3.68694506e+06  4.10477687e+01  3.68694506e+06 -1.47312038e+02 
 3.98107171e+06  4.01102022e+01  3.98107171e+06 -1.49588013e+02 
 4.29866235e+06  3.91445695e+01  4.29866235e+06 -1.51989766e+02 
 4.64158883e+06  3.81506593e+01  4.64158883e+06 -1.54506656e+02 
 5.01187234e+06  3.71284916e+01  5.01187234e+06 -1.57128425e+02 
 5.41169527e+06  3.60783179e+01  5.41169527e+06 -1.59845636e+02 
 5.84341413e+06  3.50006062e+01  5.84341413e+06 -1.62650102e+02 
 6.30957344e+06  3.38960109e+01  6.30957344e+06 -1.65535302e+02 
 6.81292069e+06  3.27653309e+01  6.81292069e+06 -1.68496746e+02 
 7.35642254e+06  3.16094566e+01  7.35642254e+06 -1.71532304e+02 
 7.94328235e+06  3.04293111e+01  7.94328235e+06 -1.74642489e+02 
 8.57695899e+06  2.92257863e+01  8.57695899e+06 -1.77830705e+02 
 9.26118728e+06  2.79996763e+01  9.26118728e+06 -1.81103501e+02 
 1.00000000e+07  2.67516114e+01  1.00000000e+07 -1.84470847e+02 
 1.07977516e+07  2.54819907e+01  1.07977516e+07 -1.87946502e+02 
 1.16591440e+07  2.41909154e+01  1.16591440e+07 -1.91548527e+02 
 1.25892541e+07  2.28781241e+01  1.25892541e+07 -1.95300043e+02 
 1.35935639e+07  2.15429314e+01  1.35935639e+07 -1.99230350e+02 
 1.46779927e+07  2.01841788e+01  1.46779927e+07 -2.03376610e+02 
 1.58489319e+07  1.88002144e+01  1.58489319e+07 -2.07786323e+02 
 1.71132830e+07  1.73889411e+01  1.71132830e+07 -2.12521014e+02 
 1.84784980e+07  1.59480122e+01  1.84784980e+07 -2.17661637e+02 
 1.99526231e+07  1.44753393e+01  1.99526231e+07 -2.23316438e+02 
 2.15443469e+07  1.29702449e+01  2.15443469e+07 -2.29632026e+02 
 2.32630507e+07  1.14359108e+01  2.32630507e+07 -2.36807846e+02 
 2.51188643e+07  9.88432813e+00  2.51188643e+07 -2.45111508e+02 
 2.71227258e+07  8.34562971e+00  2.71227258e+07 -2.54883535e+02 
 2.92864456e+07  6.88332151e+00  2.92864456e+07 -2.66497712e+02 
 3.16227766e+07  5.61114242e+00  3.16227766e+07 -2.80207448e+02 
 3.41454887e+07  4.68924470e+00  3.41454887e+07 -2.95823661e+02 
 3.68694506e+07  4.26271135e+00  3.68694506e+07 -3.12409097e+02 
 3.98107171e+07  4.36136012e+00  3.98107171e+07 -3.28499614e+02 
 4.29866235e+07  4.87527807e+00  4.29866235e+07 -3.42887188e+02 
 4.64158883e+07  5.64070985e+00  4.64158883e+07 -3.55113728e+02 
 5.01187234e+07  6.52498194e+00  5.01187234e+07 -3.65305400e+02 
 5.41169527e+07  7.44869508e+00  5.41169527e+07 -3.73812241e+02 
 5.84341413e+07  8.37278413e+00  5.84341413e+07 -3.80990387e+02 
 6.30957344e+07  9.28151068e+00  6.30957344e+07 -3.87128733e+02 
 6.81292069e+07  1.01709509e+01  6.81292069e+07 -3.92442442e+02 
 7.35642254e+07  1.10426366e+01  7.35642254e+07 -3.97086275e+02 
 7.94328235e+07  1.19003421e+01  7.94328235e+07 -4.01169763e+02 
 8.57695899e+07  1.27485405e+01  8.57695899e+07 -4.04769337e+02 
 9.26118728e+07  1.35916869e+01  9.26118728e+07 -4.07936940e+02 
 1.00000000e+08  1.44338894e+01  1.00000000e+08 -4.10705794e+02 
 1.07977516e+08  1.52787407e+01  1.07977516e+08 -4.13094090e+02 
 1.16591440e+08  1.61291876e+01  1.16591440e+08 -4.15107251e+02 
 1.25892541e+08  1.69873709e+01  1.25892541e+08 -4.16739265e+02 
 1.35935639e+08  1.78543901e+01  1.35935639e+08 -4.17973550e+02 
 1.46779927e+08  1.87299605e+01  1.46779927e+08 -4.18783777e+02 
 1.58489319e+08  1.96119512e+01  1.58489319e+08 -4.19135197e+02 
 1.71132830e+08  2.04958153e+01  1.71132830e+08 -4.18987126e+02 
 1.84784980e+08  2.13739786e+01  1.84784980e+08 -4.18297347e+02 
 1.99526231e+08  2.22353379e+01  1.99526231e+08 -4.17029180e+02 
 2.15443469e+08  2.30651272e+01  2.15443469e+08 -4.15161482e+02 
 2.32630507e+08  2.38455023e+01  2.32630507e+08 -4.12700754e+02 
 2.51188643e+08  2.45571601e+01  2.51188643e+08 -4.09692662e+02 
 2.71227258e+08  2.51820273e+01  2.71227258e+08 -4.06228394e+02 
 2.92864456e+08  2.57065053e+01  2.92864456e+08 -4.02440981e+02 
 3.16227766e+08  2.61242108e+01  3.16227766e+08 -3.98489715e+02 
 3.41454887e+08  2.64370941e+01  3.41454887e+08 -3.94536427e+02 
 3.68694506e+08  2.66544818e+01  3.68694506e+08 -3.90721915e+02 
 3.98107171e+08  2.67905773e+01  3.98107171e+08 -3.87150475e+02 
 4.29866235e+08  2.68615250e+01  4.29866235e+08 -3.83885611e+02 
 4.64158883e+08  2.68830017e+01  4.64158883e+08 -3.80954774e+02 
 5.01187234e+08  2.68687553e+01  5.01187234e+08 -3.78358521e+02 
 5.41169527e+08  2.68300221e+01  5.41169527e+08 -3.76080131e+02 
 5.84341413e+08  2.67755373e+01  5.84341413e+08 -3.74093466e+02 
 6.30957344e+08  2.67118453e+01  6.30957344e+08 -3.72368500e+02 
 6.81292069e+08  2.66437078e+01  6.81292069e+08 -3.70874768e+02 
 7.35642254e+08  2.65744981e+01  7.35642254e+08 -3.69583309e+02 
 7.94328235e+08  2.65065377e+01  7.94328235e+08 -3.68467613e+02 
 8.57695899e+08  2.64413648e+01  8.57695899e+08 -3.67503985e+02 
 9.26118728e+08  2.63799417e+01  9.26118728e+08 -3.66671572e+02 
 1.00000000e+09  2.63228126e+01  1.00000000e+09 -3.65952229e+02 
