 1.00000000e+00  6.19919111e+01  1.00000000e+00 -1.41556393e-04 
 1.07977516e+00  6.19919111e+01  1.07977516e+00 -1.52849078e-04 
 1.16591440e+00  6.19919111e+01  1.16591440e+00 -1.65042638e-04 
 1.25892541e+00  6.19919111e+01  1.25892541e+00 -1.78208941e-04 
 1.35935639e+00  6.19919111e+01  1.35935639e+00 -1.92425588e-04 
 1.46779927e+00  6.19919111e+01  1.46779927e+00 -2.07776371e-04 
 1.58489319e+00  6.19919111e+01  1.58489319e+00 -2.24351764e-04 
 1.71132830e+00  6.19919111e+01  1.71132830e+00 -2.42249463e-04 
 1.84784980e+00  6.19919111e+01  1.84784980e+00 -2.61574953e-04 
 1.99526231e+00  6.19919111e+01  1.99526231e+00 -2.82442137e-04 
 2.15443469e+00  6.19919111e+01  2.15443469e+00 -3.04974005e-04 
 2.32630507e+00  6.19919111e+01  2.32630507e+00 -3.29303355e-04 
 2.51188643e+00  6.19919111e+01  2.51188643e+00 -3.55573584e-04 
 2.71227258e+00  6.19919111e+01  2.71227258e+00 -3.83939524e-04 
 2.92864456e+00  6.19919111e+01  2.92864456e+00 -4.14568362e-04 
 3.16227766e+00  6.19919111e+01  3.16227766e+00 -4.47640621e-04 
 3.41454887e+00  6.19919111e+01  3.41454887e+00 -4.83351224e-04 
 3.68694506e+00  6.19919111e+01  3.68694506e+00 -5.21910646e-04 
 3.98107171e+00  6.19919111e+01  3.98107171e+00 -5.63546153e-04 
 4.29866235e+00  6.19919111e+01  4.29866235e+00 -6.08503138e-04 
 4.64158883e+00  6.19919111e+01  4.64158883e+00 -6.57046575e-04 
 5.01187234e+00  6.19919111e+01  5.01187234e+00 -7.09462572e-04 
 5.41169527e+00  6.19919111e+01  5.41169527e+00 -7.66060064e-04 
 5.84341413e+00  6.19919111e+01  5.84341413e+00 -8.27172630e-04 
 6.30957344e+00  6.19919111e+01  6.30957344e+00 -8.93160461e-04 
 6.81292069e+00  6.19919111e+01  6.81292069e+00 -9.64412482e-04 
 7.35642254e+00  6.19919111e+01  7.35642254e+00 -1.04134864e-03 
 7.94328235e+00  6.19919111e+01  7.94328235e+00 -1.12442240e-03 
 8.57695899e+00  6.19919111e+01  8.57695899e+00 -1.21412338e-03 
 9.26118728e+00  6.19919111e+01  9.26118728e+00 -1.31098027e-03 
 1.00000000e+01  6.19919111e+01  1.00000000e+01 -1.41556393e-03 
 1.07977516e+01  6.19919111e+01  1.07977516e+01 -1.52849078e-03 
 1.16591440e+01  6.19919111e+01  1.16591440e+01 -1.65042638e-03 
 1.25892541e+01  6.19919111e+01  1.25892541e+01 -1.78208941e-03 
 1.35935639e+01  6.19919111e+01  1.35935639e+01 -1.92425588e-03 
 1.46779927e+01  6.19919111e+01  1.46779927e+01 -2.07776371e-03 
 1.58489319e+01  6.19919111e+01  1.58489319e+01 -2.24351764e-03 
 1.71132830e+01  6.19919111e+01  1.71132830e+01 -2.42249463e-03 
 1.84784980e+01  6.19919111e+01  1.84784980e+01 -2.61574953e-03 
 1.99526231e+01  6.19919111e+01  1.99526231e+01 -2.82442137e-03 
 2.15443469e+01  6.19919111e+01  2.15443469e+01 -3.04974004e-03 
 2.32630507e+01  6.19919111e+01  2.32630507e+01 -3.29303355e-03 
 2.51188643e+01  6.19919111e+01  2.51188643e+01 -3.55573584e-03 
 2.71227258e+01  6.19919111e+01  2.71227258e+01 -3.83939524e-03 
 2.92864456e+01  6.19919111e+01  2.92864456e+01 -4.14568362e-03 
 3.16227766e+01  6.19919111e+01  3.16227766e+01 -4.47640620e-03 
 3.41454887e+01  6.19919111e+01  3.41454887e+01 -4.83351223e-03 
 3.68694506e+01  6.19919111e+01  3.68694506e+01 -5.21910645e-03 
 3.98107171e+01  6.19919111e+01  3.98107171e+01 -5.63546151e-03 
 4.29866235e+01  6.19919111e+01  4.29866235e+01 -6.08503137e-03 
 4.64158883e+01  6.19919111e+01  4.64158883e+01 -6.57046573e-03 
 5.01187234e+01  6.19919111e+01  5.01187234e+01 -7.09462570e-03 
 5.41169527e+01  6.19919111e+01  5.41169527e+01 -7.66060061e-03 
 5.84341413e+01  6.19919110e+01  5.84341413e+01 -8.27172626e-03 
 6.30957344e+01  6.19919110e+01  6.30957344e+01 -8.93160456e-03 
 6.81292069e+01  6.19919110e+01  6.81292069e+01 -9.64412475e-03 
 7.35642254e+01  6.19919110e+01  7.35642254e+01 -1.04134864e-02 
 7.94328235e+01  6.19919110e+01  7.94328235e+01 -1.12442239e-02 
 8.57695899e+01  6.19919110e+01  8.57695899e+01 -1.21412337e-02 
 9.26118728e+01  6.19919109e+01  9.26118728e+01 -1.31098025e-02 
 1.00000000e+02  6.19919109e+01  1.00000000e+02 -1.41556391e-02 
 1.07977516e+02  6.19919109e+01  1.07977516e+02 -1.52849075e-02 
 1.16591440e+02  6.19919108e+01  1.16591440e+02 -1.65042635e-02 
 1.25892541e+02  6.19919108e+01  1.25892541e+02 -1.78208937e-02 
 1.35935639e+02  6.19919107e+01  1.35935639e+02 -1.92425583e-02 
 1.46779927e+02  6.19919107e+01  1.46779927e+02 -2.07776364e-02 
 1.58489319e+02  6.19919106e+01  1.58489319e+02 -2.24351756e-02 
 1.71132830e+02  6.19919105e+01  1.71132830e+02 -2.42249453e-02 
 1.84784980e+02  6.19919104e+01  1.84784980e+02 -2.61574940e-02 
 1.99526231e+02  6.19919103e+01  1.99526231e+02 -2.82442121e-02 
 2.15443469e+02  6.19919101e+01  2.15443469e+02 -3.04973985e-02 
 2.32630507e+02  6.19919100e+01  2.32630507e+02 -3.29303330e-02 
 2.51188643e+02  6.19919098e+01  2.51188643e+02 -3.55573552e-02 
 2.71227258e+02  6.19919096e+01  2.71227258e+02 -3.83939485e-02 
 2.92864456e+02  6.19919093e+01  2.92864456e+02 -4.14568312e-02 
 3.16227766e+02  6.19919090e+01  3.16227766e+02 -4.47640558e-02 
 3.41454887e+02  6.19919087e+01  3.41454887e+02 -4.83351145e-02 
 3.68694506e+02  6.19919083e+01  3.68694506e+02 -5.21910547e-02 
 3.98107171e+02  6.19919078e+01  3.98107171e+02 -5.63546027e-02 
 4.29866235e+02  6.19919073e+01  4.29866235e+02 -6.08502981e-02 
 4.64158883e+02  6.19919066e+01  4.64158883e+02 -6.57046376e-02 
 5.01187234e+02  6.19919059e+01  5.01187234e+02 -7.09462322e-02 
 5.41169527e+02  6.19919050e+01  5.41169527e+02 -7.66059749e-02 
 5.84341413e+02  6.19919040e+01  5.84341413e+02 -8.27172234e-02 
 6.30957344e+02  6.19919028e+01  6.30957344e+02 -8.93159962e-02 
 6.81292069e+02  6.19919014e+01  6.81292069e+02 -9.64411854e-02 
 7.35642254e+02  6.19918998e+01  7.35642254e+02 -1.04134785e-01 
 7.94328235e+02  6.19918979e+01  7.94328235e+02 -1.12442141e-01 
 8.57695899e+02  6.19918957e+01  8.57695899e+02 -1.21412213e-01 
 9.26118728e+02  6.19918932e+01  9.26118728e+02 -1.31097869e-01 
 1.00000000e+03  6.19918902e+01  1.00000000e+03 -1.41556195e-01 
 1.07977516e+03  6.19918867e+01  1.07977516e+03 -1.52848828e-01 
 1.16591440e+03  6.19918827e+01  1.16591440e+03 -1.65042323e-01 
 1.25892541e+03  6.19918779e+01  1.25892541e+03 -1.78208545e-01 
 1.35935639e+03  6.19918724e+01  1.35935639e+03 -1.92425089e-01 
 1.46779927e+03  6.19918660e+01  1.46779927e+03 -2.07775743e-01 
 1.58489319e+03  6.19918585e+01  1.58489319e+03 -2.24350973e-01 
 1.71132830e+03  6.19918498e+01  1.71132830e+03 -2.42248467e-01 
 1.84784980e+03  6.19918396e+01  1.84784980e+03 -2.61573698e-01 
 1.99526231e+03  6.19918277e+01  1.99526231e+03 -2.82440557e-01 
 2.15443469e+03  6.19918139e+01  2.15443469e+03 -3.04972017e-01 
 2.32630507e+03  6.19917978e+01  2.32630507e+03 -3.29300853e-01 
 2.51188643e+03  6.19917790e+01  2.51188643e+03 -3.55570434e-01 
 2.71227258e+03  6.19917571e+01  2.71227258e+03 -3.83935560e-01 
 2.92864456e+03  6.19917315e+01  2.92864456e+03 -4.14563371e-01 
 3.16227766e+03  6.19917017e+01  3.16227766e+03 -4.47634339e-01 
 3.41454887e+03  6.19916670e+01  3.41454887e+03 -4.83343315e-01 
 3.68694506e+03  6.19916264e+01  3.68694506e+03 -5.21900687e-01 
 3.98107171e+03  6.19915792e+01  3.98107171e+03 -5.63533614e-01 
 4.29866235e+03  6.19915242e+01  4.29866235e+03 -6.08487355e-01 
 4.64158883e+03  6.19914599e+01  4.64158883e+03 -6.57026704e-01 
 5.01187234e+03  6.19913852e+01  5.01187234e+03 -7.09437561e-01 
 5.41169527e+03  6.19912979e+01  5.41169527e+03 -7.66028576e-01 
 5.84341413e+03  6.19911961e+01  5.84341413e+03 -8.27132990e-01 
 6.30957344e+03  6.19910776e+01  6.30957344e+03 -8.93110560e-01 
 6.81292069e+03  6.19909393e+01  6.81292069e+03 -9.64349660e-01 
 7.35642254e+03  6.19907780e+01  7.35642254e+03 -1.04126955e+00 
 7.94328235e+03  6.19905900e+01  7.94328235e+03 -1.12432284e+00 
 8.57695899e+03  6.19903709e+01  8.57695899e+03 -1.21399804e+00 
 9.26118728e+03  6.19901154e+01  9.26118728e+03 -1.31082249e+00 
 1.00000000e+04  6.19898176e+01  1.00000000e+04 -1.41536530e+00 
 1.07977516e+04  6.19894703e+01  1.07977516e+04 -1.52824072e+00 
 1.16591440e+04  6.19890654e+01  1.16591440e+04 -1.65011160e+00 
 1.25892541e+04  6.19885934e+01  1.25892541e+04 -1.78169314e+00 
 1.35935639e+04  6.19880432e+01  1.35935639e+04 -1.92375705e+00 
 1.46779927e+04  6.19874018e+01  1.46779927e+04 -2.07713577e+00 
 1.58489319e+04  6.19866541e+01  1.58489319e+04 -2.24272720e+00 
 1.71132830e+04  6.19857825e+01  1.71132830e+04 -2.42149965e+00 
 1.84784980e+04  6.19847665e+01  1.84784980e+04 -2.61449708e+00 
 1.99526231e+04  6.19835821e+01  1.99526231e+04 -2.82284487e+00 
 2.15443469e+04  6.19822016e+01  2.15443469e+04 -3.04775569e+00 
 2.32630507e+04  6.19805928e+01  2.32630507e+04 -3.29053598e+00 
 2.51188643e+04  6.19787178e+01  2.51188643e+04 -3.55259240e+00 
 2.71227258e+04  6.19765325e+01  2.71227258e+04 -3.83543906e+00 
 2.92864456e+04  6.19739860e+01  2.92864456e+04 -4.14070477e+00 
 3.16227766e+04  6.19710190e+01  3.16227766e+04 -4.47014074e+00 
 3.41454887e+04  6.19675621e+01  3.41454887e+04 -4.82562819e+00 
 3.68694506e+04  6.19635352e+01  3.68694506e+04 -5.20918651e+00 
 3.98107171e+04  6.19588446e+01  3.98107171e+04 -5.62298100e+00 
 4.29866235e+04  6.19533821e+01  4.29866235e+04 -6.06933106e+00 
 4.64158883e+04  6.19470216e+01  4.64158883e+04 -6.55071730e+00 
 5.01187234e+04  6.19396174e+01  5.01187234e+04 -7.06978904e+00 
 5.41169527e+04  6.19310001e+01  5.41169527e+04 -7.62936979e+00 
 5.84341413e+04  6.19209741e+01  5.84341413e+04 -8.23246275e+00 
 6.30957344e+04  6.19093132e+01  6.30957344e+04 -8.88225352e+00 
 6.81292069e+04  6.18957559e+01  6.81292069e+04 -9.58211049e+00 
 7.35642254e+04  6.18800011e+01  7.35642254e+04 -1.03355829e+01 
 7.94328235e+04  6.18617026e+01  7.94328235e+04 -1.11463947e+01 
 8.57695899e+04  6.18404625e+01  8.57695899e+04 -1.20184317e+01 
 9.26118728e+04  6.18158252e+01  9.26118728e+04 -1.29557249e+01 
 1.00000000e+05  6.17872714e+01  1.00000000e+05 -1.39624251e+01 
 1.07977516e+05  6.17542092e+01  1.07977516e+05 -1.50427672e+01 
 1.16591440e+05  6.17159686e+01  1.16591440e+05 -1.62010253e+01 
 1.25892541e+05  6.16717931e+01  1.25892541e+05 -1.74414540e+01 
 1.35935639e+05  6.16208347e+01  1.35935639e+05 -1.87682175e+01 
 1.46779927e+05  6.15621469e+01  1.46779927e+05 -2.01852996e+01 
 1.58489319e+05  6.14946819e+01  1.58489319e+05 -2.16964020e+01 
 1.71132830e+05  6.14172888e+01  1.71132830e+05 -2.33048234e+01 
 1.84784980e+05  6.13287156e+01  1.84784980e+05 -2.50133261e+01 
 1.99526231e+05  6.12276146e+01  1.99526231e+05 -2.68239882e+01 
 2.15443469e+05  6.11125533e+01  2.15443469e+05 -2.87380523e+01 
 2.32630507e+05  6.09820312e+01  2.32630507e+05 -3.07557719e+01 
 2.51188643e+05  6.08345031e+01  2.51188643e+05 -3.28762724e+01 
 2.71227258e+05  6.06684079e+01  2.71227258e+05 -3.50974290e+01 
 2.92864456e+05  6.04822048e+01  2.92864456e+05 -3.74157876e+01 
 3.16227766e+05  6.02744136e+01  3.16227766e+05 -3.98265284e+01 
 3.41454887e+05  6.00436592e+01  3.41454887e+05 -4.23235002e+01 
 3.68694506e+05  5.97887163e+01  3.68694506e+05 -4.48993222e+01 
 3.98107171e+05  5.95085509e+01  3.98107171e+05 -4.75455618e+01 
 4.29866235e+05  5.92023570e+01  4.29866235e+05 -5.02529882e+01 
 4.64158883e+05  5.88695830e+01  4.64158883e+05 -5.30118860e+01 
 5.01187234e+05  5.85099471e+01  5.01187234e+05 -5.58124162e+01 
 5.41169527e+05  5.81234375e+01  5.41169527e+05 -5.86449917e+01 
 5.84341413e+05  5.77102999e+01  5.84341413e+05 -6.15006547e+01 
 6.30957344e+05  5.72710097e+01  6.30957344e+05 -6.43714128e+01 
 6.81292069e+05  5.68062348e+01  6.81292069e+05 -6.72505260e+01 
 7.35642254e+05  5.63167883e+01  7.35642254e+05 -7.01327186e+01 
 7.94328235e+05  5.58035773e+01  7.94328235e+05 -7.30143126e+01 
 8.57695899e+05  5.52675495e+01  8.57695899e+05 -7.58932757e+01 
 9.26118728e+05  5.47096416e+01  9.26118728e+05 -7.87691933e+01 
 1.00000000e+06  5.41307315e+01  1.00000000e+06 -8.16431718e+01 
 1.07977516e+06  5.35315961e+01  1.07977516e+06 -8.45176831e+01 
 1.16591440e+06  5.29128765e+01  1.16591440e+06 -8.73963680e+01 
 1.25892541e+06  5.22750502e+01  1.25892541e+06 -9.02838019e+01 
 1.35935639e+06  5.16184107e+01  1.35935639e+06 -9.31852438e+01 
 1.46779927e+06  5.09430559e+01  1.46779927e+06 -9.61063674e+01 
 1.58489319e+06  5.02488826e+01  1.58489319e+06 -9.90529882e+01 
 1.71132830e+06  4.95355897e+01  1.71132830e+06 -1.02030791e+02 
 1.84784980e+06  4.88026884e+01  1.84784980e+06 -1.05045063e+02 
 1.99526231e+06  4.80495200e+01  1.99526231e+06 -1.08100442e+02 
 2.15443469e+06  4.72752816e+01  2.15443469e+06 -1.11200688e+02 
 2.32630507e+06  4.64790588e+01  2.32630507e+06 -1.14348485e+02 
 2.51188643e+06  4.56598658e+01  2.51188643e+06 -1.17545290e+02 
 2.71227258e+06  4.48166908e+01  2.71227258e+06 -1.20791238e+02 
 2.92864456e+06  4.39485455e+01  2.92864456e+06 -1.24085119e+02 
 3.16227766e+06  4.30545170e+01  3.16227766e+06 -1.27424430e+02 
 3.41454887e+06  4.21338168e+01  3.41454887e+06 -1.30805517e+02 
 3.68694506e+06  4.11858268e+01  3.68694506e+06 -1.34223799e+02 
 3.98107171e+06  4.02101352e+01  3.98107171e+06 -1.37674073e+02 
 4.29866235e+06  3.92065621e+01  4.29866235e+06 -1.41150879e+02 
 4.64158883e+06  3.81751703e+01  4.64158883e+06 -1.44648911e+02 
 5.01187234e+06  3.71162616e+01  5.01187234e+06 -1.48163444e+02 
 5.41169527e+06  3.60303576e+01  5.41169527e+06 -1.51690755e+02 
 5.84341413e+06  3.49181674e+01  5.84341413e+06 -1.55228516e+02 
 6.30957344e+06  3.37805429e+01  6.30957344e+06 -1.58776141e+02 
 6.81292069e+06  3.26184267e+01  6.81292069e+06 -1.62335083e+02 
 7.35642254e+06  3.14327938e+01  7.35642254e+06 -1.65909085e+02 
 7.94328235e+06  3.02245906e+01  7.94328235e+06 -1.69504389e+02 
 8.57695899e+06  2.89946733e+01  8.57695899e+06 -1.73129931e+02 
 9.26118728e+06  2.77437466e+01  9.26118728e+06 -1.76797561e+02 
 1.00000000e+07  2.64723037e+01  1.00000000e+07 -1.80522311e+02 
 1.07977516e+07  2.51805669e+01  1.07977516e+07 -1.84322777e+02 
 1.16591440e+07  2.38684292e+01  1.16591440e+07 -1.88221681e+02 
 1.25892541e+07  2.25353983e+01  1.25892541e+07 -1.92246712e+02 
 1.35935639e+07  2.11805448e+01  1.35935639e+07 -1.96431761e+02 
 1.46779927e+07  1.98024654e+01  1.46779927e+07 -2.00818768e+02 
 1.58489319e+07  1.83992817e+01  1.58489319e+07 -2.05460430e+02 
 1.71132830e+07  1.69687181e+01  1.71132830e+07 -2.10424189e+02 
 1.84784980e+07  1.55083547e+01  1.84784980e+07 -2.15798059e+02 
 1.99526231e+07  1.40162413e+01  1.99526231e+07 -2.21699010e+02 
 2.15443469e+07  1.24922539e+01  2.15443469e+07 -2.28284616e+02 
 2.32630507e+07  1.09409282e+01  2.32630507e+07 -2.35767789e+02 
 2.51188643e+07  9.37709147e+00  2.51188643e+07 -2.44430896e+02 
 2.71227258e+07  7.83620810e+00  2.71227258e+07 -2.54624730e+02 
 2.92864456e+07  6.39036665e+00  2.92864456e+07 -2.66712412e+02 
 3.16227766e+07  5.16312614e+00  3.16227766e+07 -2.80885168e+02 
 3.41454887e+07  4.31674423e+00  3.41454887e+07 -2.96822237e+02 
 3.68694506e+07  3.97910731e+00  3.68694506e+07 -3.13453823e+02 
 3.98107171e+07  4.15043163e+00  3.98107171e+07 -3.29319796e+02 
 4.29866235e+07  4.70388029e+00  4.29866235e+07 -3.43355443e+02 
 4.64158883e+07  5.47921658e+00  4.64158883e+07 -3.55243268e+02 
 5.01187234e+07  6.35527238e+00  5.01187234e+07 -3.65172449e+02 
 5.41169527e+07  7.26225276e+00  5.41169527e+07 -3.73499790e+02 
 5.84341413e+07  8.16679685e+00  5.84341413e+07 -3.80567202e+02 
 6.30957344e+07  9.05605079e+00  6.30957344e+07 -3.86646510e+02 
 6.81292069e+07  9.92739809e+00  6.81292069e+07 -3.91938691e+02 
 7.35642254e+07  1.07828856e+01  7.35642254e+07 -3.96587954e+02 
 7.94328235e+07  1.16264290e+01  7.94328235e+07 -4.00696264e+02 
 8.57695899e+07  1.24624764e+01  8.57695899e+07 -4.04334659e+02 
 9.26118728e+07  1.32953924e+01  9.26118728e+07 -4.07551200e+02 
 1.00000000e+08  1.41291756e+01  1.00000000e+08 -4.10376261e+02 
 1.07977516e+08  1.49673102e+01  1.07977516e+08 -4.12825884e+02 
 1.16591440e+08  1.58126434e+01  1.16591440e+08 -4.14903806e+02 
 1.25892541e+08  1.66672252e+01  1.25892541e+08 -4.16602647e+02 
 1.35935639e+08  1.75320690e+01  1.35935639e+08 -4.17904667e+02 
 1.46779927e+08  1.84068045e+01  1.46779927e+08 -4.18782542e+02 
 1.58489319e+08  1.92892115e+01  1.58489319e+08 -4.19200679e+02 
 1.71132830e+08  2.01746502e+01  1.71132830e+08 -4.19117728e+02 
 1.84784980e+08  2.10554576e+01  1.84784980e+08 -4.18491027e+02 
 1.99526231e+08  2.19204630e+01  1.99526231e+08 -4.17283671e+02 
 2.15443469e+08  2.27548788e+01  2.15443469e+08 -4.15474439e+02 
 2.32630507e+08  2.35409042e+01  2.32630507e+08 -4.13069666e+02 
 2.51188643e+08  2.42593380e+01  2.51188643e+08 -4.10114397e+02 
 2.71227258e+08  2.48922135e+01  2.71227258e+08 -4.06698397e+02 
 2.92864456e+08  2.54259489e+01  2.92864456e+08 -4.02952416e+02 
 3.16227766e+08  2.58539952e+01  3.16227766e+08 -3.99033053e+02 
 3.41454887e+08  2.61779250e+01  3.41454887e+08 -3.95099865e+02 
 3.68694506e+08  2.64065405e+01  3.68694506e+08 -3.91292596e+02 
 3.98107171e+08  2.65534997e+01  3.98107171e+08 -3.87716031e+02 
 4.29866235e+08  2.66345018e+01  4.29866235e+08 -3.84435481e+02 
 4.64158883e+08  2.66649445e+01  4.64158883e+08 -3.81480919e+02 
 5.01187234e+08  2.66584674e+01  5.01187234e+08 -3.78855536e+02 
 5.41169527e+08  2.66263322e+01  5.41169527e+08 -3.76544914e+02 
 5.84341413e+08  2.65773819e+01  5.84341413e+08 -3.74524684e+02 
 6.30957344e+08  2.65183054e+01  6.30957344e+08 -3.72766035e+02 
 6.81292069e+08  2.64540123e+01  6.81292069e+08 -3.71239245e+02 
 7.35642254e+08  2.63880089e+01  7.35642254e+08 -3.69915752e+02 
 7.94328235e+08  2.63227273e+01  7.94328235e+08 -3.68769217e+02 
 8.57695899e+08  2.62597934e+01  8.57695899e+08 -3.67775986e+02 
 9.26118728e+08  2.62002383e+01  9.26118728e+08 -3.66915185e+02 
 1.00000000e+09  2.61446603e+01  1.00000000e+09 -3.66168614e+02 
