 1.00000000e+00  6.16605675e+01  1.00000000e+00 -1.32737047e-04 
 1.07977516e+00  6.16605675e+01  1.07977516e+00 -1.43326166e-04 
 1.16591440e+00  6.16605675e+01  1.16591440e+00 -1.54760034e-04 
 1.25892541e+00  6.16605675e+01  1.25892541e+00 -1.67106041e-04 
 1.35935639e+00  6.16605675e+01  1.35935639e+00 -1.80436953e-04 
 1.46779927e+00  6.16605675e+01  1.46779927e+00 -1.94831340e-04 
 1.58489319e+00  6.16605675e+01  1.58489319e+00 -2.10374041e-04 
 1.71132830e+00  6.16605675e+01  1.71132830e+00 -2.27156665e-04 
 1.84784980e+00  6.16605675e+01  1.84784980e+00 -2.45278125e-04 
 1.99526231e+00  6.16605675e+01  1.99526231e+00 -2.64845227e-04 
 2.15443469e+00  6.16605675e+01  2.15443469e+00 -2.85973298e-04 
 2.32630507e+00  6.16605675e+01  2.32630507e+00 -3.08786864e-04 
 2.51188643e+00  6.16605675e+01  2.51188643e+00 -3.33420386e-04 
 2.71227258e+00  6.16605675e+01  2.71227258e+00 -3.60019052e-04 
 2.92864456e+00  6.16605675e+01  2.92864456e+00 -3.88739630e-04 
 3.16227766e+00  6.16605675e+01  3.16227766e+00 -4.19751397e-04 
 3.41454887e+00  6.16605675e+01  3.41454887e+00 -4.53237133e-04 
 3.68694506e+00  6.16605675e+01  3.68694506e+00 -4.89394199e-04 
 3.98107171e+00  6.16605675e+01  3.98107171e+00 -5.28435700e-04 
 4.29866235e+00  6.16605675e+01  4.29866235e+00 -5.70591744e-04 
 4.64158883e+00  6.16605675e+01  4.64158883e+00 -6.16110793e-04 
 5.01187234e+00  6.16605675e+01  5.01187234e+00 -6.65261132e-04 
 5.41169527e+00  6.16605675e+01  5.41169527e+00 -7.18332446e-04 
 5.84341413e+00  6.16605675e+01  5.84341413e+00 -7.75637534e-04 
 6.30957344e+00  6.16605675e+01  6.30957344e+00 -8.37514144e-04 
 6.81292069e+00  6.16605675e+01  6.81292069e+00 -9.04326971e-04 
 7.35642254e+00  6.16605675e+01  7.35642254e+00 -9.76469802e-04 
 7.94328235e+00  6.16605675e+01  7.94328235e+00 -1.05436784e-03 
 8.57695899e+00  6.16605675e+01  8.57695899e+00 -1.13848020e-03 
 9.26118728e+00  6.16605675e+01  9.26118728e+00 -1.22930265e-03 
 1.00000000e+01  6.16605675e+01  1.00000000e+01 -1.32737047e-03 
 1.07977516e+01  6.16605675e+01  1.07977516e+01 -1.43326166e-03 
 1.16591440e+01  6.16605675e+01  1.16591440e+01 -1.54760034e-03 
 1.25892541e+01  6.16605675e+01  1.25892541e+01 -1.67106041e-03 
 1.35935639e+01  6.16605675e+01  1.35935639e+01 -1.80436952e-03 
 1.46779927e+01  6.16605675e+01  1.46779927e+01 -1.94831340e-03 
 1.58489319e+01  6.16605675e+01  1.58489319e+01 -2.10374041e-03 
 1.71132830e+01  6.16605675e+01  1.71132830e+01 -2.27156665e-03 
 1.84784980e+01  6.16605675e+01  1.84784980e+01 -2.45278124e-03 
 1.99526231e+01  6.16605675e+01  1.99526231e+01 -2.64845227e-03 
 2.15443469e+01  6.16605675e+01  2.15443469e+01 -2.85973298e-03 
 2.32630507e+01  6.16605675e+01  2.32630507e+01 -3.08786864e-03 
 2.51188643e+01  6.16605675e+01  2.51188643e+01 -3.33420386e-03 
 2.71227258e+01  6.16605675e+01  2.71227258e+01 -3.60019051e-03 
 2.92864456e+01  6.16605675e+01  2.92864456e+01 -3.88739630e-03 
 3.16227766e+01  6.16605675e+01  3.16227766e+01 -4.19751397e-03 
 3.41454887e+01  6.16605675e+01  3.41454887e+01 -4.53237132e-03 
 3.68694506e+01  6.16605675e+01  3.68694506e+01 -4.89394198e-03 
 3.98107171e+01  6.16605675e+01  3.98107171e+01 -5.28435699e-03 
 4.29866235e+01  6.16605675e+01  4.29866235e+01 -5.70591743e-03 
 4.64158883e+01  6.16605675e+01  4.64158883e+01 -6.16110792e-03 
 5.01187234e+01  6.16605675e+01  5.01187234e+01 -6.65261130e-03 
 5.41169527e+01  6.16605675e+01  5.41169527e+01 -7.18332444e-03 
 5.84341413e+01  6.16605675e+01  5.84341413e+01 -7.75637531e-03 
 6.30957344e+01  6.16605675e+01  6.30957344e+01 -8.37514140e-03 
 6.81292069e+01  6.16605674e+01  6.81292069e+01 -9.04326966e-03 
 7.35642254e+01  6.16605674e+01  7.35642254e+01 -9.76469796e-03 
 7.94328235e+01  6.16605674e+01  7.94328235e+01 -1.05436783e-02 
 8.57695899e+01  6.16605674e+01  8.57695899e+01 -1.13848019e-02 
 9.26118728e+01  6.16605674e+01  9.26118728e+01 -1.22930264e-02 
 1.00000000e+02  6.16605674e+01  1.00000000e+02 -1.32737045e-02 
 1.07977516e+02  6.16605673e+01  1.07977516e+02 -1.43326164e-02 
 1.16591440e+02  6.16605673e+01  1.16591440e+02 -1.54760032e-02 
 1.25892541e+02  6.16605673e+01  1.25892541e+02 -1.67106038e-02 
 1.35935639e+02  6.16605672e+01  1.35935639e+02 -1.80436949e-02 
 1.46779927e+02  6.16605672e+01  1.46779927e+02 -1.94831335e-02 
 1.58489319e+02  6.16605671e+01  1.58489319e+02 -2.10374035e-02 
 1.71132830e+02  6.16605670e+01  1.71132830e+02 -2.27156657e-02 
 1.84784980e+02  6.16605669e+01  1.84784980e+02 -2.45278115e-02 
 1.99526231e+02  6.16605668e+01  1.99526231e+02 -2.64845215e-02 
 2.15443469e+02  6.16605667e+01  2.15443469e+02 -2.85973283e-02 
 2.32630507e+02  6.16605666e+01  2.32630507e+02 -3.08786845e-02 
 2.51188643e+02  6.16605664e+01  2.51188643e+02 -3.33420362e-02 
 2.71227258e+02  6.16605662e+01  2.71227258e+02 -3.60019022e-02 
 2.92864456e+02  6.16605660e+01  2.92864456e+02 -3.88739592e-02 
 3.16227766e+02  6.16605658e+01  3.16227766e+02 -4.19751349e-02 
 3.41454887e+02  6.16605654e+01  3.41454887e+02 -4.53237071e-02 
 3.68694506e+02  6.16605651e+01  3.68694506e+02 -4.89394121e-02 
 3.98107171e+02  6.16605647e+01  3.98107171e+02 -5.28435603e-02 
 4.29866235e+02  6.16605643e+01  4.29866235e+02 -5.70591622e-02 
 4.64158883e+02  6.16605637e+01  4.64158883e+02 -6.16110640e-02 
 5.01187234e+02  6.16605631e+01  5.01187234e+02 -6.65260939e-02 
 5.41169527e+02  6.16605624e+01  5.41169527e+02 -7.18332204e-02 
 5.84341413e+02  6.16605615e+01  5.84341413e+02 -7.75637226e-02 
 6.30957344e+02  6.16605605e+01  6.30957344e+02 -8.37513758e-02 
 6.81292069e+02  6.16605593e+01  6.81292069e+02 -9.04326486e-02 
 7.35642254e+02  6.16605579e+01  7.35642254e+02 -9.76469189e-02 
 7.94328235e+02  6.16605564e+01  7.94328235e+02 -1.05436707e-01 
 8.57695899e+02  6.16605545e+01  8.57695899e+02 -1.13847923e-01 
 9.26118728e+02  6.16605523e+01  9.26118728e+02 -1.22930143e-01 
 1.00000000e+03  6.16605498e+01  1.00000000e+03 -1.32736893e-01 
 1.07977516e+03  6.16605468e+01  1.07977516e+03 -1.43325972e-01 
 1.16591440e+03  6.16605434e+01  1.16591440e+03 -1.54759790e-01 
 1.25892541e+03  6.16605394e+01  1.25892541e+03 -1.67105734e-01 
 1.35935639e+03  6.16605348e+01  1.35935639e+03 -1.80436567e-01 
 1.46779927e+03  6.16605293e+01  1.46779927e+03 -1.94830854e-01 
 1.58489319e+03  6.16605230e+01  1.58489319e+03 -2.10373430e-01 
 1.71132830e+03  6.16605156e+01  1.71132830e+03 -2.27155894e-01 
 1.84784980e+03  6.16605069e+01  1.84784980e+03 -2.45277154e-01 
 1.99526231e+03  6.16604969e+01  1.99526231e+03 -2.64844004e-01 
 2.15443469e+03  6.16604852e+01  2.15443469e+03 -2.85971759e-01 
 2.32630507e+03  6.16604715e+01  2.32630507e+03 -3.08784927e-01 
 2.51188643e+03  6.16604557e+01  2.51188643e+03 -3.33417950e-01 
 2.71227258e+03  6.16604371e+01  2.71227258e+03 -3.60015983e-01 
 2.92864456e+03  6.16604154e+01  2.92864456e+03 -3.88735768e-01 
 3.16227766e+03  6.16603902e+01  3.16227766e+03 -4.19746535e-01 
 3.41454887e+03  6.16603608e+01  3.41454887e+03 -4.53231014e-01 
 3.68694506e+03  6.16603264e+01  3.68694506e+03 -4.89386491e-01 
 3.98107171e+03  6.16602864e+01  3.98107171e+03 -5.28425996e-01 
 4.29866235e+03  6.16602398e+01  4.29866235e+03 -5.70579531e-01 
 4.64158883e+03  6.16601855e+01  4.64158883e+03 -6.16095418e-01 
 5.01187234e+03  6.16601221e+01  5.01187234e+03 -6.65241779e-01 
 5.41169527e+03  6.16600482e+01  5.41169527e+03 -7.18308079e-01 
 5.84341413e+03  6.16599620e+01  5.84341413e+03 -7.75606858e-01 
 6.30957344e+03  6.16598616e+01  6.30957344e+03 -8.37475528e-01 
 6.81292069e+03  6.16597445e+01  6.81292069e+03 -9.04278357e-01 
 7.35642254e+03  6.16596079e+01  7.35642254e+03 -9.76408597e-01 
 7.94328235e+03  6.16594487e+01  7.94328235e+03 -1.05429079e+00 
 8.57695899e+03  6.16592632e+01  8.57695899e+03 -1.13838321e+00 
 9.26118728e+03  6.16590468e+01  9.26118728e+03 -1.22918054e+00 
 1.00000000e+04  6.16587945e+01  1.00000000e+04 -1.32721674e+00 
 1.07977516e+04  6.16585004e+01  1.07977516e+04 -1.43306815e+00 
 1.16591440e+04  6.16581575e+01  1.16591440e+04 -1.54735674e+00 
 1.25892541e+04  6.16577578e+01  1.25892541e+04 -1.67075375e+00 
 1.35935639e+04  6.16572918e+01  1.35935639e+04 -1.80398349e+00 
 1.46779927e+04  6.16567487e+01  1.46779927e+04 -1.94782746e+00 
 1.58489319e+04  6.16561153e+01  1.58489319e+04 -2.10312869e+00 
 1.71132830e+04  6.16553770e+01  1.71132830e+04 -2.27079660e+00 
 1.84784980e+04  6.16545164e+01  1.84784980e+04 -2.45181191e+00 
 1.99526231e+04  6.16535132e+01  1.99526231e+04 -2.64723211e+00 
 2.15443469e+04  6.16523438e+01  2.15443469e+04 -2.85819713e+00 
 2.32630507e+04  6.16509808e+01  2.32630507e+04 -3.08593549e+00 
 2.51188643e+04  6.16493923e+01  2.51188643e+04 -3.33177072e+00 
 2.71227258e+04  6.16475408e+01  2.71227258e+04 -3.59712810e+00 
 2.92864456e+04  6.16453830e+01  2.92864456e+04 -3.88354204e+00 
 3.16227766e+04  6.16428687e+01  3.16227766e+04 -4.19266343e+00 
 3.41454887e+04  6.16399389e+01  3.41454887e+04 -4.52626725e+00 
 3.68694506e+04  6.16365254e+01  3.68694506e+04 -4.88626096e+00 
 3.98107171e+04  6.16325490e+01  3.98107171e+04 -5.27469247e+00 
 4.29866235e+04  6.16279171e+01  4.29866235e+04 -5.69375812e+00 
 4.64158883e+04  6.16225227e+01  4.64158883e+04 -6.14581140e+00 
 5.01187234e+04  6.16162416e+01  5.01187234e+04 -6.63337056e+00 
 5.41169527e+04  6.16089291e+01  5.41169527e+04 -7.15912568e+00 
 5.84341413e+04  6.16004187e+01  5.84341413e+04 -7.72594611e+00 
 6.30957344e+04  6.15905163e+01  6.30957344e+04 -8.33688471e+00 
 6.81292069e+04  6.15789985e+01  6.81292069e+04 -8.99518255e+00 
 7.35642254e+04  6.15656068e+01  7.35642254e+04 -9.70426982e+00 
 7.94328235e+04  6.15500434e+01  7.94328235e+04 -1.04677646e+01 
 8.57695899e+04  6.15319654e+01  8.57695899e+04 -1.12894667e+01 
 9.26118728e+04  6.15109791e+01  9.26118728e+04 -1.21733485e+01 
 1.00000000e+05  6.14866337e+01  1.00000000e+05 -1.31235375e+01 
 1.07977516e+05  6.14584141e+01  1.07977516e+05 -1.41442929e+01 
 1.16591440e+05  6.14257338e+01  1.16591440e+05 -1.52399720e+01 
 1.25892541e+05  6.13879282e+01  1.25892541e+05 -1.64149881e+01 
 1.35935639e+05  6.13442466e+01  1.35935639e+05 -1.76737532e+01 
 1.46779927e+05  6.12938456e+01  1.46779927e+05 -1.90206079e+01 
 1.58489319e+05  6.12357842e+01  1.58489319e+05 -2.04597382e+01 
 1.71132830e+05  6.11690188e+01  1.71132830e+05 -2.19950730e+01 
 1.84784980e+05  6.10924014e+01  1.84784980e+05 -2.36301670e+01 
 1.99526231e+05  6.10046808e+01  1.99526231e+05 -2.53680691e+01 
 2.15443469e+05  6.09045077e+01  2.15443469e+05 -2.72111784e+01 
 2.32630507e+05  6.07904446e+01  2.32630507e+05 -2.91610915e+01 
 2.51188643e+05  6.06609812e+01  2.51188643e+05 -3.12184516e+01 
 2.71227258e+05  6.05145564e+01  2.71227258e+05 -3.33828053e+01 
 2.92864456e+05  6.03495868e+01  2.92864456e+05 -3.56524814e+01 
 3.16227766e+05  6.01645006e+01  3.16227766e+05 -3.80245026e+01 
 3.41454887e+05  5.99577782e+01  3.41454887e+05 -4.04945474e+01 
 3.68694506e+05  5.97279944e+01  3.68694506e+05 -4.30569717e+01 
 3.98107171e+05  5.94738631e+01  3.98107171e+05 -4.57049021e+01 
 4.29866235e+05  5.91942791e+01  4.29866235e+05 -4.84304065e+01 
 4.64158883e+05  5.88883537e+01  4.64158883e+05 -5.12247327e+01 
 5.01187234e+05  5.85554422e+01  5.01187234e+05 -5.40786154e+01 
 5.41169527e+05  5.81951595e+01  5.41169527e+05 -5.69826269e+01 
 5.84341413e+05  5.78073809e+01  5.84341413e+05 -5.99275487e+01 
 6.30957344e+05  5.73922299e+01  6.30957344e+05 -6.29047396e+01 
 6.81292069e+05  5.69500515e+01  6.81292069e+05 -6.59064709e+01 
 7.35642254e+05  5.64813739e+01  7.35642254e+05 -6.89262072e+01 
 7.94328235e+05  5.59868619e+01  7.94328235e+05 -7.19588128e+01 
 8.57695899e+05  5.54672649e+01  8.57695899e+05 -7.50006763e+01 
 9.26118728e+05  5.49233627e+01  9.26118728e+05 -7.80497470e+01 
 1.00000000e+06  5.43559141e+01  1.00000000e+06 -8.11054906e+01 
 1.07977516e+06  5.37656083e+01  1.07977516e+06 -8.41687687e+01 
 1.16591440e+06  5.31530242e+01  1.16591440e+06 -8.72416600e+01 
 1.25892541e+06  5.25185966e+01  1.25892541e+06 -9.03272287e+01 
 1.35935639e+06  5.18625922e+01  1.35935639e+06 -9.34292601e+01 
 1.46779927e+06  5.11850936e+01  1.46779927e+06 -9.65519725e+01 
 1.58489319e+06  5.04859946e+01  1.58489319e+06 -9.96997187e+01 
 1.71132830e+06  4.97650039e+01  1.71132830e+06 -1.02876687e+02 
 1.84784980e+06  4.90216588e+01  1.84784980e+06 -1.06086617e+02 
 1.99526231e+06  4.82553482e+01  1.99526231e+06 -1.09332534e+02 
 2.15443469e+06  4.74653451e+01  2.15443469e+06 -1.12616526e+02 
 2.32630507e+06  4.66508455e+01  2.32630507e+06 -1.15939566e+02 
 2.51188643e+06  4.58110153e+01  2.51188643e+06 -1.19301400e+02 
 2.71227258e+06  4.49450407e+01  2.71227258e+06 -1.22700509e+02 
 2.92864456e+06  4.40521802e+01  2.92864456e+06 -1.26134160e+02 
 3.16227766e+06  4.31318152e+01  3.16227766e+06 -1.29598539e+02 
 3.41454887e+06  4.21834952e+01  3.41454887e+06 -1.33088974e+02 
 3.68694506e+06  4.12069740e+01  3.68694506e+06 -1.36600243e+02 
 3.98107171e+06  4.02022336e+01  3.98107171e+06 -1.40126931e+02 
 4.29866235e+06  3.91694949e+01  4.29866235e+06 -1.43663835e+02 
 4.64158883e+06  3.81092124e+01  4.64158883e+06 -1.47206379e+02 
 5.01187234e+06  3.70220547e+01  5.01187234e+06 -1.50751015e+02 
 5.41169527e+06  3.59088720e+01  5.41169527e+06 -1.54295596e+02 
 5.84341413e+06  3.47706526e+01  5.84341413e+06 -1.57839694e+02 
 6.30957344e+06  3.36084726e+01  6.30957344e+06 -1.61384864e+02 
 6.81292069e+06  3.24234406e+01  6.81292069e+06 -1.64934857e+02 
 7.35642254e+06  3.12166411e+01  7.35642254e+06 -1.68495789e+02 
 7.94328235e+06  2.99890783e+01  7.94328235e+06 -1.72076290e+02 
 8.57695899e+06  2.87416214e+01  8.57695899e+06 -1.75687656e+02 
 9.26118728e+06  2.74749519e+01  9.26118728e+06 -1.79344046e+02 
 1.00000000e+07  2.61895130e+01  1.00000000e+07 -1.83062753e+02 
 1.07977516e+07  2.48854614e+01  1.07977516e+07 -1.86864623e+02 
 1.16591440e+07  2.35626196e+01  1.16591440e+07 -1.90774674e+02 
 1.25892541e+07  2.22204331e+01  1.25892541e+07 -1.94823032e+02 
 1.35935639e+07  2.08579365e+01  1.35935639e+07 -1.99046297e+02 
 1.46779927e+07  1.94737418e+01  1.46779927e+07 -2.03489569e+02 
 1.58489319e+07  1.80660767e+01  1.58489319e+07 -2.08209393e+02 
 1.71132830e+07  1.66329310e+01  1.71132830e+07 -2.13278037e+02 
 1.84784980e+07  1.51724251e+01  1.84784980e+07 -2.18789641e+02 
 1.99526231e+07  1.36836295e+01  1.99526231e+07 -2.24868842e+02 
 2.15443469e+07  1.21682723e+01  2.15443469e+07 -2.31682209e+02 
 2.32630507e+07  1.06341500e+01  2.32630507e+07 -2.39451334e+02 
 2.51188643e+07  9.10157027e+00  2.51188643e+07 -2.48461517e+02 
 2.71227258e+07  7.61434943e+00  2.71227258e+07 -2.59046886e+02 
 2.92864456e+07  6.25457749e+00  2.92864456e+07 -2.71507494e+02 
 3.16227766e+07  5.15053952e+00  3.16227766e+07 -2.85897537e+02 
 3.41454887e+07  4.45032096e+00  3.41454887e+07 -3.01718300e+02 
 3.68694506e+07  4.24480432e+00  3.68694506e+07 -3.17831484e+02 
 3.98107171e+07  4.50034056e+00  3.98107171e+07 -3.32929409e+02 
 4.29866235e+07  5.08621802e+00  4.29866235e+07 -3.46186951e+02 
 4.64158883e+07  5.85987527e+00  4.64158883e+07 -3.57428076e+02 
 5.01187234e+07  6.71871783e+00  5.01187234e+07 -3.66866375e+02 
 5.41169527e+07  7.60433401e+00  5.41169527e+07 -3.74829828e+02 
 5.84341413e+07  8.48864179e+00  5.84341413e+07 -3.81623065e+02 
 6.30957344e+07  9.36066640e+00  6.30957344e+07 -3.87487634e+02 
 6.81292069e+07  1.02181064e+01  6.81292069e+07 -3.92603108e+02 
 7.35642254e+07  1.10627014e+01  7.35642254e+07 -3.97099252e+02 
 7.94328235e+07  1.18978613e+01  7.94328235e+07 -4.01068336e+02 
 8.57695899e+07  1.27275024e+01  8.57695899e+07 -4.04574765e+02 
 9.26118728e+07  1.35554882e+01  9.26118728e+07 -4.07661895e+02 
 1.00000000e+08  1.43853544e+01  1.00000000e+08 -4.10356588e+02 
 1.07977516e+08  1.52201455e+01  1.07977516e+08 -4.12672107e+02 
 1.16591440e+08  1.60622683e+01  1.16591440e+08 -4.14609888e+02 
 1.25892541e+08  1.69133031e+01  1.25892541e+08 -4.16160601e+02 
 1.35935639e+08  1.77737338e+01  1.35935639e+08 -4.17304910e+02 
 1.46779927e+08  1.86425715e+01  1.46779927e+08 -4.18014382e+02 
 1.58489319e+08  1.95168641e+01  1.58489319e+08 -4.18253081e+02 
 1.71132830e+08  2.03911183e+01  1.71132830e+08 -4.17980515e+02 
 1.84784980e+08  2.12567203e+01  1.84784980e+08 -4.17156705e+02 
 1.99526231e+08  2.21015324e+01  1.99526231e+08 -4.15749970e+02 
 2.15443469e+08  2.29099482e+01  2.15443469e+08 -4.13747454e+02 
 2.32630507e+08  2.36637529e+01  2.32630507e+08 -4.11167075e+02 
 2.51188643e+08  2.43440382e+01  2.51188643e+08 -4.08067688e+02 
 2.71227258e+08  2.49340639e+01  2.71227258e+08 -4.04552687e+02 
 2.92864456e+08  2.54223896e+01  2.92864456e+08 -4.00762873e+02 
 3.16227766e+08  2.58051649e+01  3.16227766e+08 -3.96858272e+02 
 3.41454887e+08  2.60866232e+01  3.41454887e+08 -3.92994141e+02 
 3.68694506e+08  2.62776195e+01  3.68694506e+08 -3.89299659e+02 
 3.98107171e+08  2.63929548e+01  3.98107171e+08 -3.85865923e+02 
 4.29866235e+08  2.64485824e+01  4.29866235e+08 -3.82744645e+02 
 4.64158883e+08  2.64594979e+01  4.64158883e+08 -3.79954446e+02 
 5.01187234e+08  2.64385688e+01  5.01187234e+08 -3.77490250e+02 
 5.41169527e+08  2.63961540e+01  5.41169527e+08 -3.75332353e+02 
 5.84341413e+08  2.63402184e+01  5.84341413e+08 -3.73453510e+02 
 6.30957344e+08  2.62766775e+01  6.30957344e+08 -3.71823763e+02 
 6.81292069e+08  2.62098018e+01  6.81292069e+08 -3.70413372e+02 
 7.35642254e+08  2.61425918e+01  7.35642254e+08 -3.69194420e+02 
 7.94328235e+08  2.60770907e+01  7.94328235e+08 -3.68141554e+02 
 8.57695899e+08  2.60146323e+01  8.57695899e+08 -3.67232237e+02 
 9.26118728e+08  2.59560308e+01  9.26118728e+08 -3.66446716e+02 
 1.00000000e+09  2.59017251e+01  1.00000000e+09 -3.65767853e+02 
