 1.00000000e+00  6.46523467e+01  1.00000000e+00 -1.87126760e-04 
 1.07977516e+00  6.46523467e+01  1.07977516e+00 -2.02054827e-04 
 1.16591440e+00  6.46523467e+01  1.16591440e+00 -2.18173784e-04 
 1.25892541e+00  6.46523467e+01  1.25892541e+00 -2.35578633e-04 
 1.35935639e+00  6.46523467e+01  1.35935639e+00 -2.54371957e-04 
 1.46779927e+00  6.46523467e+01  1.46779927e+00 -2.74664521e-04 
 1.58489319e+00  6.46523467e+01  1.58489319e+00 -2.96575927e-04 
 1.71132830e+00  6.46523467e+01  1.71132830e+00 -3.20235320e-04 
 1.84784980e+00  6.46523467e+01  1.84784980e+00 -3.45782145e-04 
 1.99526231e+00  6.46523467e+01  1.99526231e+00 -3.73366972e-04 
 2.15443469e+00  6.46523467e+01  2.15443469e+00 -4.03152382e-04 
 2.32630507e+00  6.46523467e+01  2.32630507e+00 -4.35313929e-04 
 2.51188643e+00  6.46523467e+01  2.51188643e+00 -4.70041168e-04 
 2.71227258e+00  6.46523467e+01  2.71227258e+00 -5.07538779e-04 
 2.92864456e+00  6.46523467e+01  2.92864456e+00 -5.48027767e-04 
 3.16227766e+00  6.46523467e+01  3.16227766e+00 -5.91746771e-04 
 3.41454887e+00  6.46523467e+01  3.41454887e+00 -6.38953466e-04 
 3.68694506e+00  6.46523467e+01  3.68694506e+00 -6.89926083e-04 
 3.98107171e+00  6.46523467e+01  3.98107171e+00 -7.44965048e-04 
 4.29866235e+00  6.46523467e+01  4.29866235e+00 -8.04394756e-04 
 4.64158883e+00  6.46523467e+01  4.64158883e+00 -8.68565478e-04 
 5.01187234e+00  6.46523467e+01  5.01187234e+00 -9.37855430e-04 
 5.41169527e+00  6.46523467e+01  5.41169527e+00 -1.01267300e-03 
 5.84341413e+00  6.46523467e+01  5.84341413e+00 -1.09345915e-03 
 6.30957344e+00  6.46523467e+01  6.30957344e+00 -1.18069003e-03 
 6.81292069e+00  6.46523467e+01  6.81292069e+00 -1.27487977e-03 
 7.35642254e+00  6.46523467e+01  7.35642254e+00 -1.37658351e-03 
 7.94328235e+00  6.46523467e+01  7.94328235e+00 -1.48640069e-03 
 8.57695899e+00  6.46523467e+01  8.57695899e+00 -1.60497854e-03 
 9.26118728e+00  6.46523467e+01  9.26118728e+00 -1.73301597e-03 
 1.00000000e+01  6.46523467e+01  1.00000000e+01 -1.87126760e-03 
 1.07977516e+01  6.46523467e+01  1.07977516e+01 -2.02054827e-03 
 1.16591440e+01  6.46523467e+01  1.16591440e+01 -2.18173784e-03 
 1.25892541e+01  6.46523467e+01  1.25892541e+01 -2.35578633e-03 
 1.35935639e+01  6.46523467e+01  1.35935639e+01 -2.54371956e-03 
 1.46779927e+01  6.46523467e+01  1.46779927e+01 -2.74664521e-03 
 1.58489319e+01  6.46523467e+01  1.58489319e+01 -2.96575927e-03 
 1.71132830e+01  6.46523467e+01  1.71132830e+01 -3.20235320e-03 
 1.84784980e+01  6.46523467e+01  1.84784980e+01 -3.45782144e-03 
 1.99526231e+01  6.46523467e+01  1.99526231e+01 -3.73366971e-03 
 2.15443469e+01  6.46523467e+01  2.15443469e+01 -4.03152382e-03 
 2.32630507e+01  6.46523467e+01  2.32630507e+01 -4.35313928e-03 
 2.51188643e+01  6.46523467e+01  2.51188643e+01 -4.70041168e-03 
 2.71227258e+01  6.46523467e+01  2.71227258e+01 -5.07538778e-03 
 2.92864456e+01  6.46523467e+01  2.92864456e+01 -5.48027766e-03 
 3.16227766e+01  6.46523467e+01  3.16227766e+01 -5.91746770e-03 
 3.41454887e+01  6.46523467e+01  3.41454887e+01 -6.38953464e-03 
 3.68694506e+01  6.46523466e+01  3.68694506e+01 -6.89926080e-03 
 3.98107171e+01  6.46523466e+01  3.98107171e+01 -7.44965045e-03 
 4.29866235e+01  6.46523466e+01  4.29866235e+01 -8.04394752e-03 
 4.64158883e+01  6.46523466e+01  4.64158883e+01 -8.68565473e-03 
 5.01187234e+01  6.46523466e+01  5.01187234e+01 -9.37855423e-03 
 5.41169527e+01  6.46523466e+01  5.41169527e+01 -1.01267299e-02 
 5.84341413e+01  6.46523466e+01  5.84341413e+01 -1.09345914e-02 
 6.30957344e+01  6.46523465e+01  6.30957344e+01 -1.18069002e-02 
 6.81292069e+01  6.46523465e+01  6.81292069e+01 -1.27487976e-02 
 7.35642254e+01  6.46523465e+01  7.35642254e+01 -1.37658349e-02 
 7.94328235e+01  6.46523465e+01  7.94328235e+01 -1.48640066e-02 
 8.57695899e+01  6.46523464e+01  8.57695899e+01 -1.60497851e-02 
 9.26118728e+01  6.46523464e+01  9.26118728e+01 -1.73301593e-02 
 1.00000000e+02  6.46523463e+01  1.00000000e+02 -1.87126754e-02 
 1.07977516e+02  6.46523462e+01  1.07977516e+02 -2.02054821e-02 
 1.16591440e+02  6.46523462e+01  1.16591440e+02 -2.18173776e-02 
 1.25892541e+02  6.46523461e+01  1.25892541e+02 -2.35578623e-02 
 1.35935639e+02  6.46523460e+01  1.35935639e+02 -2.54371944e-02 
 1.46779927e+02  6.46523459e+01  1.46779927e+02 -2.74664504e-02 
 1.58489319e+02  6.46523457e+01  1.58489319e+02 -2.96575907e-02 
 1.71132830e+02  6.46523456e+01  1.71132830e+02 -3.20235294e-02 
 1.84784980e+02  6.46523454e+01  1.84784980e+02 -3.45782112e-02 
 1.99526231e+02  6.46523451e+01  1.99526231e+02 -3.73366931e-02 
 2.15443469e+02  6.46523449e+01  2.15443469e+02 -4.03152331e-02 
 2.32630507e+02  6.46523446e+01  2.32630507e+02 -4.35313865e-02 
 2.51188643e+02  6.46523442e+01  2.51188643e+02 -4.70041087e-02 
 2.71227258e+02  6.46523438e+01  2.71227258e+02 -5.07538677e-02 
 2.92864456e+02  6.46523433e+01  2.92864456e+02 -5.48027639e-02 
 3.16227766e+02  6.46523428e+01  3.16227766e+02 -5.91746609e-02 
 3.41454887e+02  6.46523421e+01  3.41454887e+02 -6.38953262e-02 
 3.68694506e+02  6.46523414e+01  3.68694506e+02 -6.89925826e-02 
 3.98107171e+02  6.46523405e+01  3.98107171e+02 -7.44964725e-02 
 4.29866235e+02  6.46523395e+01  4.29866235e+02 -8.04394349e-02 
 4.64158883e+02  6.46523383e+01  4.64158883e+02 -8.68564965e-02 
 5.01187234e+02  6.46523369e+01  5.01187234e+02 -9.37854785e-02 
 5.41169527e+02  6.46523352e+01  5.41169527e+02 -1.01267219e-01 
 5.84341413e+02  6.46523333e+01  5.84341413e+02 -1.09345813e-01 
 6.30957344e+02  6.46523311e+01  6.30957344e+02 -1.18068875e-01 
 6.81292069e+02  6.46523285e+01  6.81292069e+02 -1.27487815e-01 
 7.35642254e+02  6.46523255e+01  7.35642254e+02 -1.37658147e-01 
 7.94328235e+02  6.46523220e+01  7.94328235e+02 -1.48639812e-01 
 8.57695899e+02  6.46523179e+01  8.57695899e+02 -1.60497531e-01 
 9.26118728e+02  6.46523131e+01  9.26118728e+02 -1.73301190e-01 
 1.00000000e+03  6.46523076e+01  1.00000000e+03 -1.87126247e-01 
 1.07977516e+03  6.46523011e+01  1.07977516e+03 -2.02054182e-01 
 1.16591440e+03  6.46522935e+01  1.16591440e+03 -2.18172972e-01 
 1.25892541e+03  6.46522847e+01  1.25892541e+03 -2.35577611e-01 
 1.35935639e+03  6.46522744e+01  1.35935639e+03 -2.54370669e-01 
 1.46779927e+03  6.46522624e+01  1.46779927e+03 -2.74662900e-01 
 1.58489319e+03  6.46522483e+01  1.58489319e+03 -2.96573886e-01 
 1.71132830e+03  6.46522320e+01  1.71132830e+03 -3.20232751e-01 
 1.84784980e+03  6.46522130e+01  1.84784980e+03 -3.45778908e-01 
 1.99526231e+03  6.46521908e+01  1.99526231e+03 -3.73362897e-01 
 2.15443469e+03  6.46521649e+01  2.15443469e+03 -4.03147255e-01 
 2.32630507e+03  6.46521348e+01  2.32630507e+03 -4.35307474e-01 
 2.51188643e+03  6.46520996e+01  2.51188643e+03 -4.70033043e-01 
 2.71227258e+03  6.46520587e+01  2.71227258e+03 -5.07528550e-01 
 2.92864456e+03  6.46520109e+01  2.92864456e+03 -5.48014892e-01 
 3.16227766e+03  6.46519552e+01  3.16227766e+03 -5.91730564e-01 
 3.41454887e+03  6.46518903e+01  3.41454887e+03 -6.38933064e-01 
 3.68694506e+03  6.46518145e+01  3.68694506e+03 -6.89900391e-01 
 3.98107171e+03  6.46517262e+01  3.98107171e+03 -7.44932703e-01 
 4.29866235e+03  6.46516233e+01  4.29866235e+03 -8.04354042e-01 
 4.64158883e+03  6.46515033e+01  4.64158883e+03 -8.68514226e-01 
 5.01187234e+03  6.46513634e+01  5.01187234e+03 -9.37790909e-01 
 5.41169527e+03  6.46512002e+01  5.41169527e+03 -1.01259177e+00 
 5.84341413e+03  6.46510101e+01  5.84341413e+03 -1.09335690e+00 
 6.30957344e+03  6.46507884e+01  6.30957344e+03 -1.18056131e+00 
 6.81292069e+03  6.46505298e+01  6.81292069e+03 -1.27471772e+00 
 7.35642254e+03  6.46502285e+01  7.35642254e+03 -1.37637951e+00 
 7.94328235e+03  6.46498771e+01  7.94328235e+03 -1.48614387e+00 
 8.57695899e+03  6.46494675e+01  8.57695899e+03 -1.60465525e+00 
 9.26118728e+03  6.46489900e+01  9.26118728e+03 -1.73260900e+00 
 1.00000000e+04  6.46484334e+01  1.00000000e+04 -1.87075530e+00 
 1.07977516e+04  6.46477843e+01  1.07977516e+04 -2.01990336e+00 
 1.16591440e+04  6.46470279e+01  1.16591440e+04 -2.18092603e+00 
 1.25892541e+04  6.46461460e+01  1.25892541e+04 -2.35476444e+00 
 1.35935639e+04  6.46451180e+01  1.35935639e+04 -2.54243326e+00 
 1.46779927e+04  6.46439198e+01  1.46779927e+04 -2.74502611e+00 
 1.58489319e+04  6.46425233e+01  1.58489319e+04 -2.96372135e+00 
 1.71132830e+04  6.46408956e+01  1.71132830e+04 -3.19978821e+00 
 1.84784980e+04  6.46389984e+01  1.84784980e+04 -3.45459308e+00 
 1.99526231e+04  6.46367876e+01  1.99526231e+04 -3.72960664e+00 
 2.15443469e+04  6.46342115e+01  2.15443469e+04 -4.02641056e+00 
 2.32630507e+04  6.46312099e+01  2.32630507e+04 -4.34670473e+00 
 2.51188643e+04  6.46277128e+01  2.51188643e+04 -4.69231497e+00 
 2.71227258e+04  6.46236390e+01  2.71227258e+04 -5.06520031e+00 
 2.92864456e+04  6.46188939e+01  2.92864456e+04 -5.46746068e+00 
 3.16227766e+04  6.46133681e+01  3.16227766e+04 -5.90134431e+00 
 3.41454887e+04  6.46069343e+01  3.41454887e+04 -6.36925448e+00 
 3.68694506e+04  6.45994450e+01  3.68694506e+04 -6.87375590e+00 
 3.98107171e+04  6.45907291e+01  3.98107171e+04 -7.41758015e+00 
 4.29866235e+04  6.45805890e+01  4.29866235e+04 -8.00362979e+00 
 4.64158883e+04  6.45687957e+01  4.64158883e+04 -8.63497992e+00 
 5.01187234e+04  6.45550857e+01  5.01187234e+04 -9.31487880e+00 
 5.41169527e+04  6.45391548e+01  5.41169527e+04 -1.00467431e+01 
 5.84341413e+04  6.45206534e+01  5.84341413e+04 -1.08341506e+01 
 6.30957344e+04  6.44991803e+01  6.30957344e+04 -1.16808271e+01 
 6.81292069e+04  6.44742759e+01  6.81292069e+04 -1.25906257e+01 
 7.35642254e+04  6.44454168e+01  7.35642254e+04 -1.35675016e+01 
 7.94328235e+04  6.44120068e+01  7.94328235e+04 -1.46154719e+01 
 8.57695899e+04  6.43733714e+01  8.57695899e+04 -1.57385696e+01 
 9.26118728e+04  6.43287503e+01  9.26118728e+04 -1.69407818e+01 
 1.00000000e+05  6.42772911e+01  1.00000000e+05 -1.82259741e+01 
 1.07977516e+05  6.42180445e+01  1.07977516e+05 -1.95978002e+01 
 1.16591440e+05  6.41499601e+01  1.16591440e+05 -2.10595928e+01 
 1.25892541e+05  6.40718872e+01  1.25892541e+05 -2.26142436e+01 
 1.35935639e+05  6.39825755e+01  1.35935639e+05 -2.42640626e+01 
 1.46779927e+05  6.38806827e+01  1.46779927e+05 -2.60106305e+01 
 1.58489319e+05  6.37647861e+01  1.58489319e+05 -2.78546429e+01 
 1.71132830e+05  6.36334006e+01  1.71132830e+05 -2.97957582e+01 
 1.84784980e+05  6.34850027e+01  1.84784980e+05 -3.18324564e+01 
 1.99526231e+05  6.33180616e+01  1.99526231e+05 -3.39619207e+01 
 2.15443469e+05  6.31310758e+01  2.15443469e+05 -3.61799600e+01 
 2.32630507e+05  6.29226156e+01  2.32630507e+05 -3.84809811e+01 
 2.51188643e+05  6.26913681e+01  2.51188643e+05 -4.08580282e+01 
 2.71227258e+05  6.24361824e+01  2.71227258e+05 -4.33028914e+01 
 2.92864456e+05  6.21561129e+01  2.92864456e+05 -4.58062973e+01 
 3.16227766e+05  6.18504549e+01  3.16227766e+05 -4.83581676e+01 
 3.41454887e+05  6.15187724e+01  3.41454887e+05 -5.09479420e+01 
 3.68694506e+05  6.11609125e+01  3.68694506e+05 -5.35649460e+01 
 3.98107171e+05  6.07770064e+01  3.98107171e+05 -5.61987698e+01 
 4.29866235e+05  6.03674565e+01  4.29866235e+05 -5.88396487e+01 
 4.64158883e+05  5.99329100e+01  4.64158883e+05 -6.14788034e+01 
 5.01187234e+05  5.94742222e+01  5.01187234e+05 -6.41087294e+01 
 5.41169527e+05  5.89924111e+01  5.41169527e+05 -6.67234136e+01 
 5.84341413e+05  5.84886085e+01  5.84341413e+05 -6.93184773e+01 
 6.30957344e+05  5.79640084e+01  6.30957344e+05 -7.18912364e+01 
 6.81292069e+05  5.74198189e+01  6.81292069e+05 -7.44406974e+01 
 7.35642254e+05  5.68572160e+01  7.35642254e+05 -7.69674860e+01 
 7.94328235e+05  5.62773043e+01  7.94328235e+05 -7.94737307e+01 
 8.57695899e+05  5.56810829e+01  8.57695899e+05 -8.19629103e+01 
 9.26118728e+05  5.50694180e+01  9.26118728e+05 -8.44396763e+01 
 1.00000000e+06  5.44430210e+01  1.00000000e+06 -8.69096658e+01 
 1.07977516e+06  5.38024321e+01  1.07977516e+06 -8.93793011e+01 
 1.16591440e+06  5.31480093e+01  1.16591440e+06 -9.18555917e+01 
 1.25892541e+06  5.24799206e+01  1.25892541e+06 -9.43459341e+01 
 1.35935639e+06  5.17981406e+01  1.35935639e+06 -9.68579153e+01 
 1.46779927e+06  5.11024503e+01  1.46779927e+06 -9.93991151e+01 
 1.58489319e+06  5.03924406e+01  1.58489319e+06 -1.01976908e+02 
 1.71132830e+06  4.96675196e+01  1.71132830e+06 -1.04598269e+02 
 1.84784980e+06  4.89269237e+01  1.84784980e+06 -1.07269576e+02 
 1.99526231e+06  4.81697340e+01  1.99526231e+06 -1.09996422e+02 
 2.15443469e+06  4.73948977e+01  2.15443469e+06 -1.12783431e+02 
 2.32630507e+06  4.66012558e+01  2.32630507e+06 -1.15634095e+02 
 2.51188643e+06  4.57875765e+01  2.51188643e+06 -1.18550633e+02 
 2.71227258e+06  4.49525942e+01  2.71227258e+06 -1.21533897e+02 
 2.92864456e+06  4.40950549e+01  2.92864456e+06 -1.24583323e+02 
 3.16227766e+06  4.32137628e+01  3.16227766e+06 -1.27696946e+02 
 3.41454887e+06  4.23076299e+01  3.41454887e+06 -1.30871502e+02 
 3.68694506e+06  4.13757222e+01  3.68694506e+06 -1.34102592e+02 
 3.98107171e+06  4.04173014e+01  3.98107171e+06 -1.37384947e+02 
 4.29866235e+06  3.94318571e+01  4.29866235e+06 -1.40712749e+02 
 4.64158883e+06  3.84191273e+01  4.64158883e+06 -1.44080021e+02 
 5.01187234e+06  3.73791045e+01  5.01187234e+06 -1.47481050e+02 
 5.41169527e+06  3.63120277e+01  5.41169527e+06 -1.50910820e+02 
 5.84341413e+06  3.52183576e+01  5.84341413e+06 -1.54365442e+02 
 6.30957344e+06  3.40987404e+01  6.30957344e+06 -1.57842542e+02 
 6.81292069e+06  3.29539585e+01  6.81292069e+06 -1.61341615e+02 
 7.35642254e+06  3.17848748e+01  7.35642254e+06 -1.64864323e+02 
 7.94328235e+06  3.05923701e+01  7.94328235e+06 -1.68414746e+02 
 8.57695899e+06  2.93772782e+01  8.57695899e+06 -1.71999618e+02 
 9.26118728e+06  2.81403197e+01  9.26118728e+06 -1.75628543e+02 
 1.00000000e+07  2.68820354e+01  1.00000000e+07 -1.79314265e+02 
 1.07977516e+07  2.56027198e+01  1.07977516e+07 -1.83073010e+02 
 1.16591440e+07  2.43023542e+01  1.16591440e+07 -1.86924983e+02 
 1.25892541e+07  2.29805390e+01  1.25892541e+07 -1.90895104e+02 
 1.35935639e+07  2.16364289e+01  1.35935639e+07 -1.95014099e+02 
 1.46779927e+07  2.02686735e+01  1.46779927e+07 -1.99320138e+02 
 1.58489319e+07  1.88753810e+01  1.58489319e+07 -2.03861263e+02 
 1.71132830e+07  1.74541360e+01  1.71132830e+07 -2.08698999e+02 
 1.84784980e+07  1.60021439e+01  1.84784980e+07 -2.13913702e+02 
 1.99526231e+07  1.45166504e+01  1.99526231e+07 -2.19612417e+02 
 2.15443469e+07  1.29959454e+01  2.15443469e+07 -2.25940179e+02 
 2.32630507e+07  1.14415743e+01  2.32630507e+07 -2.33095345e+02 
 2.51188643e+07  9.86295899e+00  2.51188643e+07 -2.41347391e+02 
 2.71227258e+07  8.28645851e+00  2.71227258e+07 -2.51047668e+02 
 2.92864456e+07  6.77106416e+00  2.92864456e+07 -2.62601632e+02 
 3.16227766e+07  5.42819857e+00  3.16227766e+07 -2.76329563e+02 
 3.41454887e+07  4.42467371e+00  3.41454887e+07 -2.92135074e+02 
 3.68694506e+07  3.92531042e+00  3.68694506e+07 -3.09125782e+02 
 3.98107171e+07  3.98024366e+00  3.98107171e+07 -3.25754788e+02 
 4.29866235e+07  4.48207271e+00  4.29866235e+07 -3.40665670e+02 
 4.64158883e+07  5.25488239e+00  4.64158883e+07 -3.53313036e+02 
 5.01187234e+07  6.15355152e+00  5.01187234e+07 -3.63816418e+02 
 5.41169527e+07  7.09176569e+00  5.41169527e+07 -3.72552998e+02 
 5.84341413e+07  8.02786250e+00  5.84341413e+07 -3.79907515e+02 
 6.30957344e+07  8.94563175e+00  6.30957344e+07 -3.86189713e+02 
 6.81292069e+07  9.84148386e+00  6.81292069e+07 -3.91628222e+02 
 7.35642254e+07  1.07175001e+01  7.35642254e+07 -3.96386159e+02 
 7.94328235e+07  1.15779980e+01  7.94328235e+07 -4.00578236e+02 
 8.57695899e+07  1.24279228e+01  8.57695899e+07 -4.04284168e+02 
 9.26118728e+07  1.32721256e+01  9.26118728e+07 -4.07558081e+02 
 1.00000000e+08  1.41150506e+01  1.00000000e+08 -4.10434739e+02 
 1.07977516e+08  1.49605875e+01  1.07977516e+08 -4.12933511e+02 
 1.16591440e+08  1.58119630e+01  1.16591440e+08 -4.15060771e+02 
 1.25892541e+08  1.66716020e+01  1.25892541e+08 -4.16811299e+02 
 1.35935639e+08  1.75409102e+01  1.35935639e+08 -4.18169134e+02 
 1.46779927e+08  1.84199499e+01  1.46779927e+08 -4.19108327e+02 
 1.58489319e+08  1.93069915e+01  1.58489319e+08 -4.19594130e+02 
 1.71132830e+08  2.01979501e+01  1.71132830e+08 -4.19585258e+02 
 1.84784980e+08  2.10857678e+01  1.84784980e+08 -4.19037982e+02 
 1.99526231e+08  2.19598779e+01  1.99526231e+08 -4.17912817e+02 
 2.15443469e+08  2.28059970e+01  2.15443469e+08 -4.16184136e+02 
 2.32630507e+08  2.36065824e+01  2.32630507e+08 -4.13852097e+02 
 2.51188643e+08  2.43422808e+01  2.51188643e+08 -4.10954465e+02 
 2.71227258e+08  2.49944579e+01  2.71227258e+08 -4.07574051e+02 
 2.92864456e+08  2.55483877e+01  2.92864456e+08 -4.03836866e+02 
 3.16227766e+08  2.59961258e+01  3.16227766e+08 -3.99898527e+02 
 3.41454887e+08  2.63379380e+01  3.41454887e+08 -3.95921729e+02 
 3.68694506e+08  2.65817057e+01  3.68694506e+08 -3.92052400e+02 
 3.98107171e+08  2.67406805e+01  3.98107171e+08 -3.88402678e+02 
 4.29866235e+08  2.68306127e+01  4.29866235e+08 -3.85044658e+02 
 4.64158883e+08  2.68672517e+01  4.64158883e+08 -3.82013534e+02 
 5.01187234e+08  2.68647219e+01  5.01187234e+08 -3.79315920e+02 
 5.41169527e+08  2.68347831e+01  5.41169527e+08 -3.76939281e+02 
 5.84341413e+08  2.67867235e+01  5.84341413e+08 -3.74860012e+02 
 6.30957344e+08  2.67275989e+01  6.30957344e+08 -3.73049347e+02 
 6.81292069e+08  2.66626078e+01  6.81292069e+08 -3.71477199e+02 
 7.35642254e+08  2.65954763e+01  7.35642254e+08 -3.70114431e+02 
 7.94328235e+08  2.65288004e+01  7.94328235e+08 -3.68934054e+02 
 8.57695899e+08  2.64643263e+01  8.57695899e+08 -3.67911750e+02 
 9.26118728e+08  2.64031712e+01  9.26118728e+08 -3.67026015e+02 
 1.00000000e+09  2.63459945e+01  1.00000000e+09 -3.66258070e+02 
