 1.00000000e+00  6.40037191e+01  1.00000000e+00 -2.24277023e-04 
 1.07977516e+00  6.40037191e+01  1.07977516e+00 -2.42168759e-04 
 1.16591440e+00  6.40037191e+01  1.16591440e+00 -2.61487811e-04 
 1.25892541e+00  6.40037191e+01  1.25892541e+00 -2.82348043e-04 
 1.35935639e+00  6.40037191e+01  1.35935639e+00 -3.04872404e-04 
 1.46779927e+00  6.40037191e+01  1.46779927e+00 -3.29193650e-04 
 1.58489319e+00  6.40037191e+01  1.58489319e+00 -3.55455127e-04 
 1.71132830e+00  6.40037191e+01  1.71132830e+00 -3.83811617e-04 
 1.84784980e+00  6.40037191e+01  1.84784980e+00 -4.14430251e-04 
 1.99526231e+00  6.40037191e+01  1.99526231e+00 -4.47491492e-04 
 2.15443469e+00  6.40037191e+01  2.15443469e+00 -4.83190198e-04 
 2.32630507e+00  6.40037191e+01  2.32630507e+00 -5.21736775e-04 
 2.51188643e+00  6.40037191e+01  2.51188643e+00 -5.63358411e-04 
 2.71227258e+00  6.40037191e+01  2.71227258e+00 -6.08300419e-04 
 2.92864456e+00  6.40037191e+01  2.92864456e+00 -6.56827684e-04 
 3.16227766e+00  6.40037191e+01  3.16227766e+00 -7.09226219e-04 
 3.41454887e+00  6.40037191e+01  3.41454887e+00 -7.65804856e-04 
 3.68694506e+00  6.40037191e+01  3.68694506e+00 -8.26897063e-04 
 3.98107171e+00  6.40037191e+01  3.98107171e+00 -8.92862910e-04 
 4.29866235e+00  6.40037191e+01  4.29866235e+00 -9.64091194e-04 
 4.64158883e+00  6.40037191e+01  4.64158883e+00 -1.04100173e-03 
 5.01187234e+00  6.40037191e+01  5.01187234e+00 -1.12404781e-03 
 5.41169527e+00  6.40037191e+01  5.41169527e+00 -1.21371890e-03 
 5.84341413e+00  6.40037191e+01  5.84341413e+00 -1.31054353e-03 
 6.30957344e+00  6.40037191e+01  6.30957344e+00 -1.41509235e-03 
 6.81292069e+00  6.40037191e+01  6.81292069e+00 -1.52798157e-03 
 7.35642254e+00  6.40037191e+01  7.35642254e+00 -1.64987655e-03 
 7.94328235e+00  6.40037191e+01  7.94328235e+00 -1.78149572e-03 
 8.57695899e+00  6.40037191e+01  8.57695899e+00 -1.92361483e-03 
 9.26118728e+00  6.40037191e+01  9.26118728e+00 -2.07707151e-03 
 1.00000000e+01  6.40037191e+01  1.00000000e+01 -2.24277023e-03 
 1.07977516e+01  6.40037190e+01  1.07977516e+01 -2.42168759e-03 
 1.16591440e+01  6.40037190e+01  1.16591440e+01 -2.61487811e-03 
 1.25892541e+01  6.40037190e+01  1.25892541e+01 -2.82348043e-03 
 1.35935639e+01  6.40037190e+01  1.35935639e+01 -3.04872404e-03 
 1.46779927e+01  6.40037190e+01  1.46779927e+01 -3.29193650e-03 
 1.58489319e+01  6.40037190e+01  1.58489319e+01 -3.55455126e-03 
 1.71132830e+01  6.40037190e+01  1.71132830e+01 -3.83811617e-03 
 1.84784980e+01  6.40037190e+01  1.84784980e+01 -4.14430251e-03 
 1.99526231e+01  6.40037190e+01  1.99526231e+01 -4.47491491e-03 
 2.15443469e+01  6.40037190e+01  2.15443469e+01 -4.83190197e-03 
 2.32630507e+01  6.40037190e+01  2.32630507e+01 -5.21736774e-03 
 2.51188643e+01  6.40037190e+01  2.51188643e+01 -5.63358409e-03 
 2.71227258e+01  6.40037190e+01  2.71227258e+01 -6.08300418e-03 
 2.92864456e+01  6.40037190e+01  2.92864456e+01 -6.56827682e-03 
 3.16227766e+01  6.40037190e+01  3.16227766e+01 -7.09226216e-03 
 3.41454887e+01  6.40037190e+01  3.41454887e+01 -7.65804852e-03 
 3.68694506e+01  6.40037190e+01  3.68694506e+01 -8.26897058e-03 
 3.98107171e+01  6.40037190e+01  3.98107171e+01 -8.92862904e-03 
 4.29866235e+01  6.40037189e+01  4.29866235e+01 -9.64091186e-03 
 4.64158883e+01  6.40037189e+01  4.64158883e+01 -1.04100172e-02 
 5.01187234e+01  6.40037189e+01  5.01187234e+01 -1.12404780e-02 
 5.41169527e+01  6.40037189e+01  5.41169527e+01 -1.21371889e-02 
 5.84341413e+01  6.40037189e+01  5.84341413e+01 -1.31054351e-02 
 6.30957344e+01  6.40037188e+01  6.30957344e+01 -1.41509232e-02 
 6.81292069e+01  6.40037188e+01  6.81292069e+01 -1.52798154e-02 
 7.35642254e+01  6.40037187e+01  7.35642254e+01 -1.64987651e-02 
 7.94328235e+01  6.40037187e+01  7.94328235e+01 -1.78149567e-02 
 8.57695899e+01  6.40037186e+01  8.57695899e+01 -1.92361477e-02 
 9.26118728e+01  6.40037186e+01  9.26118728e+01 -2.07707144e-02 
 1.00000000e+02  6.40037185e+01  1.00000000e+02 -2.24277014e-02 
 1.07977516e+02  6.40037184e+01  1.07977516e+02 -2.42168747e-02 
 1.16591440e+02  6.40037183e+01  1.16591440e+02 -2.61487796e-02 
 1.25892541e+02  6.40037181e+01  1.25892541e+02 -2.82348025e-02 
 1.35935639e+02  6.40037180e+01  1.35935639e+02 -3.04872381e-02 
 1.46779927e+02  6.40037178e+01  1.46779927e+02 -3.29193620e-02 
 1.58489319e+02  6.40037176e+01  1.58489319e+02 -3.55455090e-02 
 1.71132830e+02  6.40037173e+01  1.71132830e+02 -3.83811570e-02 
 1.84784980e+02  6.40037171e+01  1.84784980e+02 -4.14430192e-02 
 1.99526231e+02  6.40037167e+01  1.99526231e+02 -4.47491418e-02 
 2.15443469e+02  6.40037163e+01  2.15443469e+02 -4.83190105e-02 
 2.32630507e+02  6.40037159e+01  2.32630507e+02 -5.21736657e-02 
 2.51188643e+02  6.40037154e+01  2.51188643e+02 -5.63358262e-02 
 2.71227258e+02  6.40037148e+01  2.71227258e+02 -6.08300233e-02 
 2.92864456e+02  6.40037141e+01  2.92864456e+02 -6.56827449e-02 
 3.16227766e+02  6.40037132e+01  3.16227766e+02 -7.09225923e-02 
 3.41454887e+02  6.40037123e+01  3.41454887e+02 -7.65804483e-02 
 3.68694506e+02  6.40037111e+01  3.68694506e+02 -8.26896593e-02 
 3.98107171e+02  6.40037098e+01  3.98107171e+02 -8.92862319e-02 
 4.29866235e+02  6.40037083e+01  4.29866235e+02 -9.64090450e-02 
 4.64158883e+02  6.40037065e+01  4.64158883e+02 -1.04100079e-01 
 5.01187234e+02  6.40037044e+01  5.01187234e+02 -1.12404663e-01 
 5.41169527e+02  6.40037020e+01  5.41169527e+02 -1.21371742e-01 
 5.84341413e+02  6.40036991e+01  5.84341413e+02 -1.31054166e-01 
 6.30957344e+02  6.40036958e+01  6.30957344e+02 -1.41509000e-01 
 6.81292069e+02  6.40036920e+01  6.81292069e+02 -1.52797861e-01 
 7.35642254e+02  6.40036875e+01  7.35642254e+02 -1.64987282e-01 
 7.94328235e+02  6.40036822e+01  7.94328235e+02 -1.78149102e-01 
 8.57695899e+02  6.40036761e+01  8.57695899e+02 -1.92360892e-01 
 9.26118728e+02  6.40036690e+01  9.26118728e+02 -2.07706407e-01 
 1.00000000e+03  6.40036607e+01  1.00000000e+03 -2.24276087e-01 
 1.07977516e+03  6.40036510e+01  1.07977516e+03 -2.42167580e-01 
 1.16591440e+03  6.40036397e+01  1.16591440e+03 -2.61486327e-01 
 1.25892541e+03  6.40036266e+01  1.25892541e+03 -2.82346175e-01 
 1.35935639e+03  6.40036112e+01  1.35935639e+03 -3.04870052e-01 
 1.46779927e+03  6.40035933e+01  1.46779927e+03 -3.29190689e-01 
 1.58489319e+03  6.40035725e+01  1.58489319e+03 -3.55451399e-01 
 1.71132830e+03  6.40035481e+01  1.71132830e+03 -3.83806923e-01 
 1.84784980e+03  6.40035198e+01  1.84784980e+03 -4.14424342e-01 
 1.99526231e+03  6.40034866e+01  1.99526231e+03 -4.47484050e-01 
 2.15443469e+03  6.40034481e+01  2.15443469e+03 -4.83180830e-01 
 2.32630507e+03  6.40034032e+01  2.32630507e+03 -5.21724982e-01 
 2.51188643e+03  6.40033508e+01  2.51188643e+03 -5.63343566e-01 
 2.71227258e+03  6.40032897e+01  2.71227258e+03 -6.08281732e-01 
 2.92864456e+03  6.40032185e+01  2.92864456e+03 -6.56804161e-01 
 3.16227766e+03  6.40031354e+01  3.16227766e+03 -7.09196605e-01 
 3.41454887e+03  6.40030386e+01  3.41454887e+03 -7.65767576e-01 
 3.68694506e+03  6.40029257e+01  3.68694506e+03 -8.26850129e-01 
 3.98107171e+03  6.40027941e+01  3.98107171e+03 -8.92803822e-01 
 4.29866235e+03  6.40026406e+01  4.29866235e+03 -9.64016806e-01 
 4.64158883e+03  6.40024617e+01  4.64158883e+03 -1.04090809e+00 
 5.01187234e+03  6.40022532e+01  5.01187234e+03 -1.12392993e+00 
 5.41169527e+03  6.40020100e+01  5.41169527e+03 -1.21357051e+00 
 5.84341413e+03  6.40017265e+01  5.84341413e+03 -1.31035671e+00 
 6.30957344e+03  6.40013960e+01  6.30957344e+03 -1.41485718e+00 
 6.81292069e+03  6.40010107e+01  6.81292069e+03 -1.52768551e+00 
 7.35642254e+03  6.40005615e+01  7.35642254e+03 -1.64950387e+00 
 7.94328235e+03  6.40000378e+01  7.94328235e+03 -1.78102656e+00 
 8.57695899e+03  6.39994273e+01  8.57695899e+03 -1.92302425e+00 
 9.26118728e+03  6.39987157e+01  9.26118728e+03 -2.07632809e+00 
 1.00000000e+04  6.39978860e+01  1.00000000e+04 -2.24183439e+00 
 1.07977516e+04  6.39969191e+01  1.07977516e+04 -2.42050963e+00 
 1.16591440e+04  6.39957919e+01  1.16591440e+04 -2.61339538e+00 
 1.25892541e+04  6.39944780e+01  1.25892541e+04 -2.82161411e+00 
 1.35935639e+04  6.39929467e+01  1.35935639e+04 -3.04637499e+00 
 1.46779927e+04  6.39911620e+01  1.46779927e+04 -3.28897994e+00 
 1.58489319e+04  6.39890820e+01  1.58489319e+04 -3.55083024e+00 
 1.71132830e+04  6.39866582e+01  1.71132830e+04 -3.83343320e+00 
 1.84784980e+04  6.39838340e+01  1.84784980e+04 -4.13840932e+00 
 1.99526231e+04  6.39805435e+01  1.99526231e+04 -4.46749915e+00 
 2.15443469e+04  6.39767100e+01  2.15443469e+04 -4.82257095e+00 
 2.32630507e+04  6.39722451e+01  2.32630507e+04 -5.20562799e+00 
 2.51188643e+04  6.39670450e+01  2.51188643e+04 -5.61881526e+00 
 2.71227258e+04  6.39609898e+01  2.71227258e+04 -6.06442673e+00 
 2.92864456e+04  6.39539406e+01  2.92864456e+04 -6.54491189e+00 
 3.16227766e+04  6.39457362e+01  3.16227766e+04 -7.06288083e+00 
 3.41454887e+04  6.39361900e+01  3.41454887e+04 -7.62110828e+00 
 3.68694506e+04  6.39250860e+01  3.68694506e+04 -8.22253673e+00 
 3.98107171e+04  6.39121755e+01  3.98107171e+04 -8.87027656e+00 
 4.29866235e+04  6.38971709e+01  4.29866235e+04 -9.56760279e+00 
 4.64158883e+04  6.38797414e+01  4.64158883e+04 -1.03179485e+01 
 5.01187234e+04  6.38595073e+01  5.01187234e+04 -1.11248942e+01 
 5.41169527e+04  6.38360341e+01  5.41169527e+04 -1.19921502e+01 
 5.84341413e+04  6.38088244e+01  5.84341413e+04 -1.29235297e+01 
 6.30957344e+04  6.37773125e+01  6.30957344e+04 -1.39229175e+01 
 6.81292069e+04  6.37408566e+01  6.81292069e+04 -1.49942236e+01 
 7.35642254e+04  6.36987325e+01  7.35642254e+04 -1.61413280e+01 
 7.94328235e+04  6.36501262e+01  7.94328235e+04 -1.73680092e+01 
 8.57695899e+04  6.35941292e+01  8.57695899e+04 -1.86778586e+01 
 9.26118728e+04  6.35297340e+01  9.26118728e+04 -2.00741792e+01 
 1.00000000e+05  6.34558322e+01  1.00000000e+05 -2.15598656e+01 
 1.07977516e+05  6.33712159e+01  1.07977516e+05 -2.31372728e+01 
 1.16591440e+05  6.32745835e+01  1.16591440e+05 -2.48080704e+01 
 1.25892541e+05  6.31645478e+01  1.25892541e+05 -2.65730843e+01 
 1.35935639e+05  6.30396533e+01  1.35935639e+05 -2.84321446e+01 
 1.46779927e+05  6.28983973e+01  1.46779927e+05 -3.03839353e+01 
 1.58489319e+05  6.27392590e+01  1.58489319e+05 -3.24258668e+01 
 1.71132830e+05  6.25607340e+01  1.71132830e+05 -3.45539773e+01 
 1.84784980e+05  6.23613750e+01  1.84784980e+05 -3.67628852e+01 
 1.99526231e+05  6.21398370e+01  1.99526231e+05 -3.90458001e+01 
 2.15443469e+05  6.18949224e+01  2.15443469e+05 -4.13946020e+01 
 2.32630507e+05  6.16256262e+01  2.32630507e+05 -4.37999993e+01 
 2.51188643e+05  6.13311757e+01  2.51188643e+05 -4.62517635e+01 
 2.71227258e+05  6.10110623e+01  2.71227258e+05 -4.87390269e+01 
 2.92864456e+05  6.06650612e+01  2.92864456e+05 -5.12506335e+01 
 3.16227766e+05  6.02932392e+01  3.16227766e+05 -5.37755204e+01 
 3.41454887e+05  5.98959476e+01  3.41454887e+05 -5.63030982e+01 
 3.68694506e+05  5.94738021e+01  3.68694506e+05 -5.88236101e+01 
 3.98107171e+05  5.90276502e+01  3.98107171e+05 -6.13284441e+01 
 4.29866235e+05  5.85585306e+01  4.29866235e+05 -6.38103827e+01 
 4.64158883e+05  5.80676265e+01  4.64158883e+05 -6.62637751e+01 
 5.01187234e+05  5.75562160e+01  5.01187234e+05 -6.86846370e+01 
 5.41169527e+05  5.70256245e+01  5.41169527e+05 -7.10706752e+01 
 5.84341413e+05  5.64771789e+01  5.84341413e+05 -7.34212481e+01 
 6.30957344e+05  5.59121682e+01  6.30957344e+05 -7.57372808e+01 
 6.81292069e+05  5.53318083e+01  6.81292069e+05 -7.80211382e+01 
 7.35642254e+05  5.47372148e+01  7.35642254e+05 -8.02764769e+01 
 7.94328235e+05  5.41293805e+01  7.94328235e+05 -8.25080830e+01 
 8.57695899e+05  5.35091587e+01  8.57695899e+05 -8.47217069e+01 
 9.26118728e+05  5.28772510e+01  9.26118728e+05 -8.69239007e+01 
 1.00000000e+06  5.22341984e+01  1.00000000e+06 -8.91218582e+01 
 1.07977516e+06  5.15803762e+01  1.07977516e+06 -9.13232664e+01 
 1.16591440e+06  5.09159896e+01  1.16591440e+06 -9.35361603e+01 
 1.25892541e+06  5.02410724e+01  1.25892541e+06 -9.57687847e+01 
 1.35935639e+06  4.95554859e+01  1.35935639e+06 -9.80294581e+01 
 1.46779927e+06  4.88589201e+01  1.46779927e+06 -1.00326437e+02 
 1.58489319e+06  4.81508950e+01  1.58489319e+06 -1.02667778e+02 
 1.71132830e+06  4.74307654e+01  1.71132830e+06 -1.05061193e+02 
 1.84784980e+06  4.66977266e+01  1.84784980e+06 -1.07513901e+02 
 1.99526231e+06  4.59508241e+01  1.99526231e+06 -1.10032475e+02 
 2.15443469e+06  4.51889670e+01  2.15443469e+06 -1.12622686e+02 
 2.32630507e+06  4.44109463e+01  2.32630507e+06 -1.15289345e+02 
 2.51188643e+06  4.36154586e+01  2.51188643e+06 -1.18036162e+02 
 2.71227258e+06  4.28011356e+01  2.71227258e+06 -1.20865617e+02 
 2.92864456e+06  4.19665803e+01  2.92864456e+06 -1.23778873e+02 
 3.16227766e+06  4.11104070e+01  3.16227766e+06 -1.26775723e+02 
 3.41454887e+06  4.02312867e+01  3.41454887e+06 -1.29854606e+02 
 3.68694506e+06  3.93279935e+01  3.68694506e+06 -1.33012689e+02 
 3.98107171e+06  3.83994495e+01  3.98107171e+06 -1.36246032e+02 
 4.29866235e+06  3.74447660e+01  4.29866235e+06 -1.39549831e+02 
 4.64158883e+06  3.64632760e+01  4.64158883e+06 -1.42918739e+02 
 5.01187234e+06  3.54545553e+01  5.01187234e+06 -1.46347249e+02 
 5.41169527e+06  3.44184299e+01  5.41169527e+06 -1.49830129e+02 
 5.84341413e+06  3.33549680e+01  5.84341413e+06 -1.53362867e+02 
 6.30957344e+06  3.22644556e+01  6.30957344e+06 -1.56942135e+02 
 6.81292069e+06  3.11473579e+01  6.81292069e+06 -1.60566214e+02 
 7.35642254e+06  3.00042675e+01  7.35642254e+06 -1.64235410e+02 
 7.94328235e+06  2.88358419e+01  7.94328235e+06 -1.67952416e+02 
 8.57695899e+06  2.76427325e+01  8.57695899e+06 -1.71722666e+02 
 9.26118728e+06  2.64255088e+01  9.26118728e+06 -1.75554686e+02 
 1.00000000e+07  2.51845768e+01  1.00000000e+07 -1.79460485e+02 
 1.07977516e+07  2.39200951e+01  1.07977516e+07 -1.83456046e+02 
 1.16591440e+07  2.26318870e+01  1.16591440e+07 -1.87562005e+02 
 1.25892541e+07  2.13193515e+01  1.25892541e+07 -1.91804620e+02 
 1.35935639e+07  1.99813749e+01  1.35935639e+07 -1.96217221e+02 
 1.46779927e+07  1.86162550e+01  1.46779927e+07 -2.00842363e+02 
 1.58489319e+07  1.72216578e+01  1.58489319e+07 -2.05735073e+02 
 1.71132830e+07  1.57946630e+01  1.71132830e+07 -2.10967710e+02 
 1.84784980e+07  1.43320112e+01  1.84784980e+07 -2.16637271e+02 
 1.99526231e+07  1.28307990e+01  1.99526231e+07 -2.22876186e+02 
 2.15443469e+07  1.12901403e+01  2.15443469e+07 -2.29867779e+02 
 2.32630507e+07  9.71484969e+00  2.32630507e+07 -2.37866426e+02 
 2.51188643e+07  8.12313814e+00  2.51188643e+07 -2.47217176e+02 
 2.71227258e+07  6.56127492e+00  2.71227258e+07 -2.58351974e+02 
 2.92864456e+07  5.12616153e+00  2.92864456e+07 -2.71696878e+02 
 3.16227766e+07  3.98203712e+00  3.16227766e+07 -2.87376733e+02 
 3.41454887e+07  3.32482001e+00  3.41454887e+07 -3.04734990e+02 
 3.68694506e+07  3.26159767e+00  3.68694506e+07 -3.22210150e+02 
 3.98107171e+07  3.71690497e+00  3.98107171e+07 -3.38139096e+02 
 4.29866235e+07  4.50180708e+00  4.29866235e+07 -3.51685158e+02 
 4.64158883e+07  5.44285608e+00  4.64158883e+07 -3.62865602e+02 
 5.01187234e+07  6.43326167e+00  5.01187234e+07 -3.72077627e+02 
 5.41169527e+07  7.42125410e+00  5.41169527e+07 -3.79758073e+02 
 5.84341413e+07  8.38679367e+00  5.84341413e+07 -3.86262821e+02 
 6.30957344e+07  9.32539366e+00  6.30957344e+07 -3.91853399e+02 
 6.81292069e+07  1.02394154e+01  6.81292069e+07 -3.96714702e+02 
 7.35642254e+07  1.11338505e+01  7.35642254e+07 -4.00975462e+02 
 7.94328235e+07  1.20143913e+01  7.94328235e+07 -4.04724264e+02 
 8.57695899e+07  1.28865892e+01  8.57695899e+07 -4.08020655e+02 
 9.26118728e+07  1.37554989e+01  9.26118728e+07 -4.10902436e+02 
 1.00000000e+08  1.46255173e+01  1.00000000e+08 -4.13390250e+02 
 1.07977516e+08  1.55002642e+01  1.07977516e+08 -4.15490350e+02 
 1.16591440e+08  1.63824251e+01  1.16591440e+08 -4.17196215e+02 
 1.25892541e+08  1.72735028e+01  1.25892541e+08 -4.18489547e+02 
 1.35935639e+08  1.81734429e+01  1.35935639e+08 -4.19341198e+02 
 1.46779927e+08  1.90801152e+01  1.46779927e+08 -4.19712656e+02 
 1.58489319e+08  1.99886674e+01  1.58489319e+08 -4.19558875e+02 
 1.71132830e+08  2.08908301e+01  1.71132830e+08 -4.18833377e+02 
 1.84784980e+08  2.17743600e+01  1.84784980e+08 -4.17496512e+02 
 1.99526231e+08  2.26229403e+01  1.99526231e+08 -4.15527156e+02 
 2.15443469e+08  2.34169699e+01  2.15443469e+08 -4.12936668e+02 
 2.32630507e+08  2.41355973e+01  2.32630507e+08 -4.09781578e+02 
 2.51188643e+08  2.47599626e+01  2.51188643e+08 -4.06169219e+02 
 2.71227258e+08  2.52768952e+01  2.71227258e+08 -4.02250791e+02 
 2.92864456e+08  2.56817097e+01  2.92864456e+08 -3.98200837e+02 
 3.16227766e+08  2.59788711e+01  3.16227766e+08 -3.94189270e+02 
 3.41454887e+08  2.61802949e+01  3.41454887e+08 -3.90356453e+02 
 3.68694506e+08  2.63022030e+01  3.68694506e+08 -3.86799584e+02 
 3.98107171e+08  2.63618985e+01  3.98107171e+08 -3.83571895e+02 
 4.29866235e+08  2.63754149e+01  4.29866235e+08 -3.80690559e+02 
 4.64158883e+08  2.63562950e+01  4.64158883e+08 -3.78147762e+02 
 5.01187234e+08  2.63152729e+01  5.01187234e+08 -3.75920925e+02 
 5.41169527e+08  2.62604847e+01  5.41169527e+08 -3.73980377e+02 
 5.84341413e+08  2.61979004e+01  5.84341413e+08 -3.72294359e+02 
 6.30957344e+08  2.61317893e+01  6.30957344e+08 -3.70831909e+02 
 6.81292069e+08  2.60651325e+01  6.81292069e+08 -3.69564342e+02 
 7.35642254e+08  2.59999558e+01  7.35642254e+08 -3.68465853e+02 
 7.94328235e+08  2.59375854e+01  7.94328235e+08 -3.67513657e+02 
 8.57695899e+08  2.58788410e+01  8.57695899e+08 -3.66687865e+02 
 9.26118728e+08  2.58241783e+01  9.26118728e+08 -3.65971255e+02 
 1.00000000e+09  2.57737961e+01  1.00000000e+09 -3.65348995e+02 
