 1.00000000e+00  6.06689576e+01  1.00000000e+00 -1.53158428e-04 
 1.07977516e+00  6.06689576e+01  1.07977516e+00 -1.65376666e-04 
 1.16591440e+00  6.06689576e+01  1.16591440e+00 -1.78569617e-04 
 1.25892541e+00  6.06689576e+01  1.25892541e+00 -1.92815037e-04 
 1.35935639e+00  6.06689576e+01  1.35935639e+00 -2.08196888e-04 
 1.46779927e+00  6.06689576e+01  1.46779927e+00 -2.24805828e-04 
 1.58489319e+00  6.06689576e+01  1.58489319e+00 -2.42739750e-04 
 1.71132830e+00  6.06689576e+01  1.71132830e+00 -2.62104353e-04 
 1.84784980e+00  6.06689576e+01  1.84784980e+00 -2.83013770e-04 
 1.99526231e+00  6.06689576e+01  1.99526231e+00 -3.05591239e-04 
 2.15443469e+00  6.06689576e+01  2.15443469e+00 -3.29969830e-04 
 2.32630507e+00  6.06689576e+01  2.32630507e+00 -3.56293227e-04 
 2.51188643e+00  6.06689576e+01  2.51188643e+00 -3.84716577e-04 
 2.71227258e+00  6.06689576e+01  2.71227258e+00 -4.15407404e-04 
 2.92864456e+00  6.06689576e+01  2.92864456e+00 -4.48546597e-04 
 3.16227766e+00  6.06689576e+01  3.16227766e+00 -4.84329475e-04 
 3.41454887e+00  6.06689576e+01  3.41454887e+00 -5.22966937e-04 
 3.68694506e+00  6.06689576e+01  3.68694506e+00 -5.64686710e-04 
 3.98107171e+00  6.06689576e+01  3.98107171e+00 -6.09734684e-04 
 4.29866235e+00  6.06689576e+01  4.29866235e+00 -6.58376367e-04 
 4.64158883e+00  6.06689576e+01  4.64158883e+00 -7.10898449e-04 
 5.01187234e+00  6.06689576e+01  5.01187234e+00 -7.67610488e-04 
 5.41169527e+00  6.06689576e+01  5.41169527e+00 -8.28846739e-04 
 5.84341413e+00  6.06689576e+01  5.84341413e+00 -8.94968122e-04 
 6.30957344e+00  6.06689576e+01  6.30957344e+00 -9.66364349e-04 
 6.81292069e+00  6.06689576e+01  6.81292069e+00 -1.04345622e-03 
 7.35642254e+00  6.06689576e+01  7.35642254e+00 -1.12669811e-03 
 7.94328235e+00  6.06689576e+01  7.94328235e+00 -1.21658064e-03 
 8.57695899e+00  6.06689576e+01  8.57695899e+00 -1.31363355e-03 
 9.26118728e+00  6.06689576e+01  9.26118728e+00 -1.41842888e-03 
 1.00000000e+01  6.06689576e+01  1.00000000e+01 -1.53158428e-03 
 1.07977516e+01  6.06689576e+01  1.07977516e+01 -1.65376666e-03 
 1.16591440e+01  6.06689576e+01  1.16591440e+01 -1.78569617e-03 
 1.25892541e+01  6.06689576e+01  1.25892541e+01 -1.92815037e-03 
 1.35935639e+01  6.06689576e+01  1.35935639e+01 -2.08196888e-03 
 1.46779927e+01  6.06689575e+01  1.46779927e+01 -2.24805828e-03 
 1.58489319e+01  6.06689575e+01  1.58489319e+01 -2.42739750e-03 
 1.71132830e+01  6.06689575e+01  1.71132830e+01 -2.62104353e-03 
 1.84784980e+01  6.06689575e+01  1.84784980e+01 -2.83013770e-03 
 1.99526231e+01  6.06689575e+01  1.99526231e+01 -3.05591239e-03 
 2.15443469e+01  6.06689575e+01  2.15443469e+01 -3.29969830e-03 
 2.32630507e+01  6.06689575e+01  2.32630507e+01 -3.56293227e-03 
 2.51188643e+01  6.06689575e+01  2.51188643e+01 -3.84716576e-03 
 2.71227258e+01  6.06689575e+01  2.71227258e+01 -4.15407404e-03 
 2.92864456e+01  6.06689575e+01  2.92864456e+01 -4.48546597e-03 
 3.16227766e+01  6.06689575e+01  3.16227766e+01 -4.84329474e-03 
 3.41454887e+01  6.06689575e+01  3.41454887e+01 -5.22966936e-03 
 3.68694506e+01  6.06689575e+01  3.68694506e+01 -5.64686708e-03 
 3.98107171e+01  6.06689575e+01  3.98107171e+01 -6.09734682e-03 
 4.29866235e+01  6.06689575e+01  4.29866235e+01 -6.58376365e-03 
 4.64158883e+01  6.06689575e+01  4.64158883e+01 -7.10898446e-03 
 5.01187234e+01  6.06689575e+01  5.01187234e+01 -7.67610484e-03 
 5.41169527e+01  6.06689575e+01  5.41169527e+01 -8.28846735e-03 
 5.84341413e+01  6.06689575e+01  5.84341413e+01 -8.94968117e-03 
 6.30957344e+01  6.06689575e+01  6.30957344e+01 -9.66364343e-03 
 6.81292069e+01  6.06689574e+01  6.81292069e+01 -1.04345621e-02 
 7.35642254e+01  6.06689574e+01  7.35642254e+01 -1.12669810e-02 
 7.94328235e+01  6.06689574e+01  7.94328235e+01 -1.21658062e-02 
 8.57695899e+01  6.06689574e+01  8.57695899e+01 -1.31363354e-02 
 9.26118728e+01  6.06689573e+01  9.26118728e+01 -1.41842886e-02 
 1.00000000e+02  6.06689573e+01  1.00000000e+02 -1.53158425e-02 
 1.07977516e+02  6.06689573e+01  1.07977516e+02 -1.65376663e-02 
 1.16591440e+02  6.06689572e+01  1.16591440e+02 -1.78569613e-02 
 1.25892541e+02  6.06689572e+01  1.25892541e+02 -1.92815032e-02 
 1.35935639e+02  6.06689571e+01  1.35935639e+02 -2.08196881e-02 
 1.46779927e+02  6.06689570e+01  1.46779927e+02 -2.24805820e-02 
 1.58489319e+02  6.06689569e+01  1.58489319e+02 -2.42739740e-02 
 1.71132830e+02  6.06689568e+01  1.71132830e+02 -2.62104340e-02 
 1.84784980e+02  6.06689567e+01  1.84784980e+02 -2.83013754e-02 
 1.99526231e+02  6.06689566e+01  1.99526231e+02 -3.05591219e-02 
 2.15443469e+02  6.06689564e+01  2.15443469e+02 -3.29969805e-02 
 2.32630507e+02  6.06689562e+01  2.32630507e+02 -3.56293195e-02 
 2.51188643e+02  6.06689560e+01  2.51188643e+02 -3.84716536e-02 
 2.71227258e+02  6.06689557e+01  2.71227258e+02 -4.15407353e-02 
 2.92864456e+02  6.06689554e+01  2.92864456e+02 -4.48546533e-02 
 3.16227766e+02  6.06689551e+01  3.16227766e+02 -4.84329394e-02 
 3.41454887e+02  6.06689546e+01  3.41454887e+02 -5.22966834e-02 
 3.68694506e+02  6.06689542e+01  3.68694506e+02 -5.64686579e-02 
 3.98107171e+02  6.06689536e+01  3.98107171e+02 -6.09734520e-02 
 4.29866235e+02  6.06689530e+01  4.29866235e+02 -6.58376162e-02 
 4.64158883e+02  6.06689522e+01  4.64158883e+02 -7.10898190e-02 
 5.01187234e+02  6.06689513e+01  5.01187234e+02 -7.67610163e-02 
 5.41169527e+02  6.06689503e+01  5.41169527e+02 -8.28846331e-02 
 5.84341413e+02  6.06689490e+01  5.84341413e+02 -8.94967605e-02 
 6.30957344e+02  6.06689476e+01  6.30957344e+02 -9.66363700e-02 
 6.81292069e+02  6.06689460e+01  6.81292069e+02 -1.04345541e-01 
 7.35642254e+02  6.06689441e+01  7.35642254e+02 -1.12669708e-01 
 7.94328235e+02  6.06689418e+01  7.94328235e+02 -1.21657934e-01 
 8.57695899e+02  6.06689392e+01  8.57695899e+02 -1.31363192e-01 
 9.26118728e+02  6.06689362e+01  9.26118728e+02 -1.41842683e-01 
 1.00000000e+03  6.06689326e+01  1.00000000e+03 -1.53158169e-01 
 1.07977516e+03  6.06689285e+01  1.07977516e+03 -1.65376341e-01 
 1.16591440e+03  6.06689237e+01  1.16591440e+03 -1.78569207e-01 
 1.25892541e+03  6.06689181e+01  1.25892541e+03 -1.92814521e-01 
 1.35935639e+03  6.06689115e+01  1.35935639e+03 -2.08196239e-01 
 1.46779927e+03  6.06689039e+01  1.46779927e+03 -2.24805011e-01 
 1.58489319e+03  6.06688950e+01  1.58489319e+03 -2.42738722e-01 
 1.71132830e+03  6.06688846e+01  1.71132830e+03 -2.62103055e-01 
 1.84784980e+03  6.06688725e+01  1.84784980e+03 -2.83012137e-01 
 1.99526231e+03  6.06688584e+01  1.99526231e+03 -3.05589185e-01 
 2.15443469e+03  6.06688419e+01  2.15443469e+03 -3.29967243e-01 
 2.32630507e+03  6.06688227e+01  2.32630507e+03 -3.56289971e-01 
 2.51188643e+03  6.06688004e+01  2.51188643e+03 -3.84712479e-01 
 2.71227258e+03  6.06687744e+01  2.71227258e+03 -4.15402248e-01 
 2.92864456e+03  6.06687440e+01  2.92864456e+03 -4.48540106e-01 
 3.16227766e+03  6.06687085e+01  3.16227766e+03 -4.84321300e-01 
 3.41454887e+03  6.06686672e+01  3.41454887e+03 -5.22956648e-01 
 3.68694506e+03  6.06686190e+01  3.68694506e+03 -5.64673756e-01 
 3.98107171e+03  6.06685629e+01  3.98107171e+03 -6.09718375e-01 
 4.29866235e+03  6.06684973e+01  4.29866235e+03 -6.58355833e-01 
 4.64158883e+03  6.06684210e+01  4.64158883e+03 -7.10872601e-01 
 5.01187234e+03  6.06683320e+01  5.01187234e+03 -7.67577950e-01 
 5.41169527e+03  6.06682282e+01  5.41169527e+03 -8.28805772e-01 
 5.84341413e+03  6.06681072e+01  5.84341413e+03 -8.94916549e-01 
 6.30957344e+03  6.06679662e+01  6.30957344e+03 -9.66299432e-01 
 6.81292069e+03  6.06678017e+01  6.81292069e+03 -1.04337449e+00 
 7.35642254e+03  6.06676099e+01  7.35642254e+03 -1.12659522e+00 
 7.94328235e+03  6.06673865e+01  7.94328235e+03 -1.21645112e+00 
 8.57695899e+03  6.06671258e+01  8.57695899e+03 -1.31347050e+00 
 9.26118728e+03  6.06668219e+01  9.26118728e+03 -1.41822361e+00 
 1.00000000e+04  6.06664677e+01  1.00000000e+04 -1.53132587e+00 
 1.07977516e+04  6.06660548e+01  1.07977516e+04 -1.65344137e+00 
 1.16591440e+04  6.06655733e+01  1.16591440e+04 -1.78528666e+00 
 1.25892541e+04  6.06650121e+01  1.25892541e+04 -1.92763488e+00 
 1.35935639e+04  6.06643579e+01  1.35935639e+04 -2.08131999e+00 
 1.46779927e+04  6.06635951e+01  1.46779927e+04 -2.24724145e+00 
 1.58489319e+04  6.06627060e+01  1.58489319e+04 -2.42636928e+00 
 1.71132830e+04  6.06616696e+01  1.71132830e+04 -2.61974926e+00 
 1.84784980e+04  6.06604616e+01  1.84784980e+04 -2.82850859e+00 
 1.99526231e+04  6.06590535e+01  1.99526231e+04 -3.05386182e+00 
 2.15443469e+04  6.06574125e+01  2.15443469e+04 -3.29711737e+00 
 2.32630507e+04  6.06554999e+01  2.32630507e+04 -3.55968391e+00 
 2.51188643e+04  6.06532709e+01  2.51188643e+04 -3.84307756e+00 
 2.71227258e+04  6.06506736e+01  2.71227258e+04 -4.14892908e+00 
 2.92864456e+04  6.06476474e+01  2.92864456e+04 -4.47899158e+00 
 3.16227766e+04  6.06441216e+01  3.16227766e+04 -4.83514788e+00 
 3.41454887e+04  6.06400144e+01  3.41454887e+04 -5.21941888e+00 
 3.68694506e+04  6.06352305e+01  3.68694506e+04 -5.63397089e+00 
 3.98107171e+04  6.06296595e+01  3.98107171e+04 -6.08112388e+00 
 4.29866235e+04  6.06231728e+01  4.29866235e+04 -6.56335822e+00 
 4.64158883e+04  6.06156220e+01  4.64158883e+04 -7.08332210e+00 
 5.01187234e+04  6.06068347e+01  5.01187234e+04 -7.64383671e+00 
 5.41169527e+04  6.05966112e+01  5.41169527e+04 -8.24790098e+00 
 5.84341413e+04  6.05847212e+01  5.84341413e+04 -8.89869420e+00 
 6.30957344e+04  6.05708987e+01  6.30957344e+04 -9.59957620e+00 
 6.81292069e+04  6.05548369e+01  6.81292069e+04 -1.03540836e+01 
 7.35642254e+04  6.05361835e+01  7.35642254e+04 -1.11659236e+01 
 7.94328235e+04  6.05145337e+01  7.94328235e+04 -1.20389600e+01 
 8.57695899e+04  6.04894246e+01  8.57695899e+04 -1.29771956e+01 
 9.26118728e+04  6.04603278e+01  9.26118728e+04 -1.39847437e+01 
 1.00000000e+05  6.04266426e+01  1.00000000e+05 -1.50657930e+01 
 1.07977516e+05  6.03876886e+01  1.07977516e+05 -1.62245590e+01 
 1.16591440e+05  6.03426989e+01  1.16591440e+05 -1.74652238e+01 
 1.25892541e+05  6.02908139e+01  1.25892541e+05 -1.87918620e+01 
 1.35935639e+05  6.02310759e+01  1.35935639e+05 -2.02083496e+01 
 1.46779927e+05  6.01624259e+01  1.46779927e+05 -2.17182583e+01 
 1.58489319e+05  6.00837020e+01  1.58489319e+05 -2.33247314e+01 
 1.71132830e+05  5.99936427e+01  1.71132830e+05 -2.50303501e+01 
 1.84784980e+05  5.98908928e+01  1.84784980e+05 -2.68369824e+01 
 1.99526231e+05  5.97740154e+01  1.99526231e+05 -2.87456324e+01 
 2.15443469e+05  5.96415094e+01  2.15443469e+05 -3.07562861e+01 
 2.32630507e+05  5.94918341e+01  2.32630507e+05 -3.28677746e+01 
 2.51188643e+05  5.93234387e+01  2.51188643e+05 -3.50776565e+01 
 2.71227258e+05  5.91348005e+01  2.71227258e+05 -3.73821452e+01 
 2.92864456e+05  5.89244655e+01  2.92864456e+05 -3.97760816e+01 
 3.16227766e+05  5.86910931e+01  3.16227766e+05 -4.22529769e+01 
 3.41454887e+05  5.84335012e+01  3.41454887e+05 -4.48051246e+01 
 3.68694506e+05  5.81507079e+01  3.68694506e+05 -4.74237935e+01 
 3.98107171e+05  5.78419667e+01  3.98107171e+05 -5.00994880e+01 
 4.29866235e+05  5.75067927e+01  4.29866235e+05 -5.28222736e+01 
 4.64158883e+05  5.71449757e+01  4.64158883e+05 -5.55821413e+01 
 5.01187234e+05  5.67565792e+01  5.01187234e+05 -5.83693892e+01 
 5.41169527e+05  5.63419265e+01  5.41169527e+05 -6.11749958e+01 
 5.84341413e+05  5.59015723e+01  5.84341413e+05 -6.39909577e+01 
 6.30957344e+05  5.54362635e+01  6.30957344e+05 -6.68105684e+01 
 6.81292069e+05  5.49468930e+01  6.81292069e+05 -6.96286270e+01 
 7.35642254e+05  5.44344477e+01  7.35642254e+05 -7.24415683e+01 
 7.94328235e+05  5.38999562e+01  7.94328235e+05 -7.52475056e+01 
 8.57695899e+05  5.33444380e+01  8.57695899e+05 -7.80462065e+01 
 9.26118728e+05  5.27688567e+01  9.26118728e+05 -8.08389995e+01 
 1.00000000e+06  5.21740785e+01  1.00000000e+06 -8.36286279e+01 
 1.07977516e+06  5.15608382e+01  1.07977516e+06 -8.64190640e+01 
 1.16591440e+06  5.09297112e+01  1.16591440e+06 -8.92152935e+01 
 1.25892541e+06  5.02810930e+01  1.25892541e+06 -9.20230804e+01 
 1.35935639e+06  4.96151853e+01  1.35935639e+06 -9.48487201e+01 
 1.46779927e+06  4.89319886e+01  1.46779927e+06 -9.76987874e+01 
 1.58489319e+06  4.82313016e+01  1.58489319e+06 -1.00579881e+02 
 1.71132830e+06  4.75127261e+01  1.71132830e+06 -1.03498371e+02 
 1.84784980e+06  4.67756791e+01  1.84784980e+06 -1.06460156e+02 
 1.99526231e+06  4.60194119e+01  1.99526231e+06 -1.09470432e+02 
 2.15443469e+06  4.52430346e+01  2.15443469e+06 -1.12533474e+02 
 2.32630507e+06  4.44455494e+01  2.32630507e+06 -1.15652462e+02 
 2.51188643e+06  4.36258885e+01  2.51188643e+06 -1.18829334e+02 
 2.71227258e+06  4.27829594e+01  2.71227258e+06 -1.22064698e+02 
 2.92864456e+06  4.19156931e+01  2.92864456e+06 -1.25357811e+02 
 3.16227766e+06  4.10230947e+01  3.16227766e+06 -1.28706633e+02 
 3.41454887e+06  4.01042932e+01  3.41454887e+06 -1.32107963e+02 
 3.68694506e+06  3.91585862e+01  3.68694506e+06 -1.35557662e+02 
 3.98107171e+06  3.81854775e+01  3.98107171e+06 -1.39050954e+02 
 4.29866235e+06  3.71847027e+01  4.29866235e+06 -1.42582797e+02 
 4.64158883e+06  3.61562420e+01  4.64158883e+06 -1.46148289e+02 
 5.01187234e+06  3.51003167e+01  5.01187234e+06 -1.49743114e+02 
 5.41169527e+06  3.40173716e+01  5.41169527e+06 -1.53363971e+02 
 5.84341413e+06  3.29080419e+01  5.84341413e+06 -1.57008993e+02 
 6.30957344e+06  3.17731086e+01  6.30957344e+06 -1.60678116e+02 
 6.81292069e+06  3.06134445e+01  6.81292069e+06 -1.64373416e+02 
 7.35642254e+06  2.94299527e+01  7.35642254e+06 -1.68099395e+02 
 7.94328235e+06  2.82235021e+01  7.94328235e+06 -1.71863244e+02 
 8.57695899e+06  2.69948600e+01  8.57695899e+06 -1.75675112e+02 
 9.26118728e+06  2.57446249e+01  9.26118728e+06 -1.79548409e+02 
 1.00000000e+07  2.44731581e+01  1.00000000e+07 -1.83500202e+02 
 1.07977516e+07  2.31805170e+01  1.07977516e+07 -1.87551777e+02 
 1.16591440e+07  2.18663892e+01  1.16591440e+07 -1.91729465e+02 
 1.25892541e+07  2.05300320e+01  1.25892541e+07 -1.96065855e+02 
 1.35935639e+07  1.91702257e+01  1.35935639e+07 -2.00601607e+02 
 1.46779927e+07  1.77852618e+01  1.46779927e+07 -2.05388132e+02 
 1.58489319e+07  1.63730101e+01  1.58489319e+07 -2.10491550e+02 
 1.71132830e+07  1.49311560e+01  1.71132830e+07 -2.15998507e+02 
 1.84784980e+07  1.34577972e+01  1.84784980e+07 -2.22024573e+02 
 1.99526231e+07  1.19527758e+01  1.99526231e+07 -2.28725968e+02 
 2.15443469e+07  1.04204827e+01  2.15443469e+07 -2.36314496e+02 
 2.32630507e+07  8.87546436e+00  2.32630507e+07 -2.45072133e+02 
 2.51188643e+07  7.35278490e+00  2.51188643e+07 -2.55350891e+02 
 2.71227258e+07  5.92418316e+00  2.71227258e+07 -2.67518053e+02 
 2.92864456e+07  4.71341719e+00  2.92864456e+07 -2.81772427e+02 
 3.16227766e+07  3.88417108e+00  3.16227766e+07 -2.97800183e+02 
 3.41454887e+07  3.56666459e+00  3.41454887e+07 -3.14528123e+02 
 3.68694506e+07  3.76230849e+00  3.68694506e+07 -3.30479897e+02 
 3.98107171e+07  4.34318094e+00  3.98107171e+07 -3.44575208e+02 
 4.29866235e+07  5.14707753e+00  4.29866235e+07 -3.56491923e+02 
 4.64158883e+07  6.05142305e+00  4.64158883e+07 -3.66422333e+02 
 5.01187234e+07  6.98577432e+00  5.01187234e+07 -3.74728117e+02 
 5.41169527e+07  7.91657554e+00  5.41169527e+07 -3.81755167e+02 
 5.84341413e+07  8.83098019e+00  5.84341413e+07 -3.87777990e+02 
 6.30957344e+07  9.72645794e+00  6.30957344e+07 -3.92999195e+02 
 6.81292069e+07  1.06051699e+01  6.81292069e+07 -3.97563810e+02 
 7.35642254e+07  1.14711520e+01  7.35642254e+07 -4.01573940e+02 
 7.94328235e+07  1.23289642e+01  7.94328235e+07 -4.05100130e+02 
 8.57695899e+07  1.31830582e+01  8.57695899e+07 -4.08189303e+02 
 9.26118728e+07  1.40374733e+01  9.26118728e+07 -4.10870005e+02 
 1.00000000e+08  1.48956572e+01  1.00000000e+08 -4.13155723e+02 
 1.07977516e+08  1.57603011e+01  1.07977516e+08 -4.15046894e+02 
 1.16591440e+08  1.66331221e+01  1.16591440e+08 -4.16532122e+02 
 1.25892541e+08  1.75145495e+01  1.25892541e+08 -4.17589093e+02 
 1.35935639e+08  1.84032848e+01  1.35935639e+08 -4.18185725e+02 
 1.46779927e+08  1.92957332e+01  1.46779927e+08 -4.18282206e+02 
 1.58489319e+08  2.01853434e+01  1.58489319e+08 -4.17834762e+02 
 1.71132830e+08  2.10619787e+01  1.71132830e+08 -4.16802048e+02 
 1.84784980e+08  2.19115586e+01  1.84784980e+08 -4.15154824e+02 
 1.99526231e+08  2.27163413e+01  1.99526231e+08 -4.12888629e+02 
 2.15443469e+08  2.34562623e+01  2.15443469e+08 -4.10037276e+02 
 2.32630507e+08  2.41115384e+01  2.32630507e+08 -4.06682559e+02 
 2.51188643e+08  2.46661877e+01  2.51188643e+08 -4.02954200e+02 
 2.71227258e+08  2.51113975e+01  2.71227258e+08 -3.99016206e+02 
 2.92864456e+08  2.54473478e+01  2.92864456e+08 -3.95041951e+02 
 3.16227766e+08  2.56826710e+01  3.16227766e+08 -3.91186745e+02 
 3.41454887e+08  2.58319000e+01  3.41454887e+08 -3.87568020e+02 
 3.68694506e+08  2.59121403e+01  3.68694506e+08 -3.84258338e+02 
 3.98107171e+08  2.59402071e+01  3.98107171e+08 -3.81289644e+02 
 4.29866235e+08  2.59308440e+01  4.29866235e+08 -3.78663468e+02 
 4.64158883e+08  2.58960051e+01  4.64158883e+08 -3.76362039e+02 
 5.01187234e+08  2.58448642e+01  5.01187234e+08 -3.74357415e+02 
 5.41169527e+08  2.57841894e+01  5.41169527e+08 -3.72617799e+02 
 5.84341413e+08  2.57188284e+01  5.84341413e+08 -3.71111354e+02 
 6.30957344e+08  2.56521674e+01  6.30957344e+08 -3.69808229e+02 
 6.81292069e+08  2.55865121e+01  6.81292069e+08 -3.68681442e+02 
 7.35642254e+08  2.55233818e+01  7.35642254e+08 -3.67707130e+02 
 7.94328235e+08  2.54637290e+01  7.94328235e+08 -3.66864463e+02 
 8.57695899e+08  2.54081004e+01  8.57695899e+08 -3.66135412e+02 
 9.26118728e+08  2.53567561e+01  9.26118728e+08 -3.65504464e+02 
 1.00000000e+09  2.53097557e+01  1.00000000e+09 -3.64958323e+02 
