 1.00000000e+00  6.53885571e+01  1.00000000e+00 -2.60819870e-04 
 1.07977516e+00  6.53885571e+01  1.07977516e+00 -2.81626818e-04 
 1.16591440e+00  6.53885571e+01  1.16591440e+00 -3.04093643e-04 
 1.25892541e+00  6.53885571e+01  1.25892541e+00 -3.28352763e-04 
 1.35935639e+00  6.53885571e+01  1.35935639e+00 -3.54547157e-04 
 1.46779927e+00  6.53885571e+01  1.46779927e+00 -3.82831214e-04 
 1.58489319e+00  6.53885571e+01  1.58489319e+00 -4.13371637e-04 
 1.71132830e+00  6.53885571e+01  1.71132830e+00 -4.46348426e-04 
 1.84784980e+00  6.53885571e+01  1.84784980e+00 -4.81955944e-04 
 1.99526231e+00  6.53885571e+01  1.99526231e+00 -5.20404058e-04 
 2.15443469e+00  6.53885571e+01  2.15443469e+00 -5.61919376e-04 
 2.32630507e+00  6.53885571e+01  2.32630507e+00 -6.06746586e-04 
 2.51188643e+00  6.53885571e+01  2.51188643e+00 -6.55149893e-04 
 2.71227258e+00  6.53885571e+01  2.71227258e+00 -7.07414582e-04 
 2.92864456e+00  6.53885571e+01  2.92864456e+00 -7.63848695e-04 
 3.16227766e+00  6.53885571e+01  3.16227766e+00 -8.24784849e-04 
 3.41454887e+00  6.53885571e+01  3.41454887e+00 -8.90582194e-04 
 3.68694506e+00  6.53885571e+01  3.68694506e+00 -9.61628533e-04 
 3.98107171e+00  6.53885571e+01  3.98107171e+00 -1.03834261e-03 
 4.29866235e+00  6.53885571e+01  4.29866235e+00 -1.12117656e-03 
 4.64158883e+00  6.53885571e+01  4.64158883e+00 -1.21061860e-03 
 5.01187234e+00  6.53885571e+01  5.01187234e+00 -1.30719589e-03 
 5.41169527e+00  6.53885571e+01  5.41169527e+00 -1.41147766e-03 
 5.84341413e+00  6.53885571e+01  5.84341413e+00 -1.52407852e-03 
 6.30957344e+00  6.53885571e+01  6.30957344e+00 -1.64566213e-03 
 6.81292069e+00  6.53885571e+01  6.81292069e+00 -1.77694509e-03 
 7.35642254e+00  6.53885571e+01  7.35642254e+00 -1.91870117e-03 
 7.94328235e+00  6.53885571e+01  7.94328235e+00 -2.07176587e-03 
 8.57695899e+00  6.53885571e+01  8.57695899e+00 -2.23704133e-03 
 9.26118728e+00  6.53885571e+01  9.26118728e+00 -2.41550166e-03 
 1.00000000e+01  6.53885571e+01  1.00000000e+01 -2.60819870e-03 
 1.07977516e+01  6.53885571e+01  1.07977516e+01 -2.81626818e-03 
 1.16591440e+01  6.53885571e+01  1.16591440e+01 -3.04093643e-03 
 1.25892541e+01  6.53885571e+01  1.25892541e+01 -3.28352762e-03 
 1.35935639e+01  6.53885571e+01  1.35935639e+01 -3.54547157e-03 
 1.46779927e+01  6.53885571e+01  1.46779927e+01 -3.82831214e-03 
 1.58489319e+01  6.53885571e+01  1.58489319e+01 -4.13371636e-03 
 1.71132830e+01  6.53885570e+01  1.71132830e+01 -4.46348425e-03 
 1.84784980e+01  6.53885570e+01  1.84784980e+01 -4.81955943e-03 
 1.99526231e+01  6.53885570e+01  1.99526231e+01 -5.20404057e-03 
 2.15443469e+01  6.53885570e+01  2.15443469e+01 -5.61919375e-03 
 2.32630507e+01  6.53885570e+01  2.32630507e+01 -6.06746584e-03 
 2.51188643e+01  6.53885570e+01  2.51188643e+01 -6.55149891e-03 
 2.71227258e+01  6.53885570e+01  2.71227258e+01 -7.07414579e-03 
 2.92864456e+01  6.53885570e+01  2.92864456e+01 -7.63848692e-03 
 3.16227766e+01  6.53885570e+01  3.16227766e+01 -8.24784844e-03 
 3.41454887e+01  6.53885570e+01  3.41454887e+01 -8.90582188e-03 
 3.68694506e+01  6.53885570e+01  3.68694506e+01 -9.61628526e-03 
 3.98107171e+01  6.53885569e+01  3.98107171e+01 -1.03834260e-02 
 4.29866235e+01  6.53885569e+01  4.29866235e+01 -1.12117654e-02 
 4.64158883e+01  6.53885569e+01  4.64158883e+01 -1.21061858e-02 
 5.01187234e+01  6.53885569e+01  5.01187234e+01 -1.30719587e-02 
 5.41169527e+01  6.53885568e+01  5.41169527e+01 -1.41147763e-02 
 5.84341413e+01  6.53885568e+01  5.84341413e+01 -1.52407849e-02 
 6.30957344e+01  6.53885568e+01  6.30957344e+01 -1.64566209e-02 
 6.81292069e+01  6.53885567e+01  6.81292069e+01 -1.77694504e-02 
 7.35642254e+01  6.53885566e+01  7.35642254e+01 -1.91870111e-02 
 7.94328235e+01  6.53885566e+01  7.94328235e+01 -2.07176580e-02 
 8.57695899e+01  6.53885565e+01  8.57695899e+01 -2.23704123e-02 
 9.26118728e+01  6.53885564e+01  9.26118728e+01 -2.41550155e-02 
 1.00000000e+02  6.53885563e+01  1.00000000e+02 -2.60819855e-02 
 1.07977516e+02  6.53885561e+01  1.07977516e+02 -2.81626799e-02 
 1.16591440e+02  6.53885560e+01  1.16591440e+02 -3.04093619e-02 
 1.25892541e+02  6.53885558e+01  1.25892541e+02 -3.28352732e-02 
 1.35935639e+02  6.53885556e+01  1.35935639e+02 -3.54547120e-02 
 1.46779927e+02  6.53885553e+01  1.46779927e+02 -3.82831167e-02 
 1.58489319e+02  6.53885551e+01  1.58489319e+02 -4.13371577e-02 
 1.71132830e+02  6.53885547e+01  1.71132830e+02 -4.46348351e-02 
 1.84784980e+02  6.53885543e+01  1.84784980e+02 -4.81955849e-02 
 1.99526231e+02  6.53885539e+01  1.99526231e+02 -5.20403938e-02 
 2.15443469e+02  6.53885534e+01  2.15443469e+02 -5.61919226e-02 
 2.32630507e+02  6.53885527e+01  2.32630507e+02 -6.06746396e-02 
 2.51188643e+02  6.53885520e+01  2.51188643e+02 -6.55149654e-02 
 2.71227258e+02  6.53885512e+01  2.71227258e+02 -7.07414281e-02 
 2.92864456e+02  6.53885502e+01  2.92864456e+02 -7.63848317e-02 
 3.16227766e+02  6.53885491e+01  3.16227766e+02 -8.24784372e-02 
 3.41454887e+02  6.53885477e+01  3.41454887e+02 -8.90581587e-02 
 3.68694506e+02  6.53885461e+01  3.68694506e+02 -9.61627771e-02 
 3.98107171e+02  6.53885443e+01  3.98107171e+02 -1.03834165e-01 
 4.29866235e+02  6.53885422e+01  4.29866235e+02 -1.12117535e-01 
 4.64158883e+02  6.53885397e+01  4.64158883e+02 -1.21061708e-01 
 5.01187234e+02  6.53885369e+01  5.01187234e+02 -1.30719399e-01 
 5.41169527e+02  6.53885335e+01  5.41169527e+02 -1.41147526e-01 
 5.84341413e+02  6.53885296e+01  5.84341413e+02 -1.52407549e-01 
 6.30957344e+02  6.53885251e+01  6.30957344e+02 -1.64565832e-01 
 6.81292069e+02  6.53885198e+01  6.81292069e+02 -1.77694030e-01 
 7.35642254e+02  6.53885136e+01  7.35642254e+02 -1.91869514e-01 
 7.94328235e+02  6.53885063e+01  7.94328235e+02 -2.07175827e-01 
 8.57695899e+02  6.53884979e+01  8.57695899e+02 -2.23703177e-01 
 9.26118728e+02  6.53884881e+01  9.26118728e+02 -2.41548962e-01 
 1.00000000e+03  6.53884766e+01  1.00000000e+03 -2.60818353e-01 
 1.07977516e+03  6.53884633e+01  1.07977516e+03 -2.81624909e-01 
 1.16591440e+03  6.53884478e+01  1.16591440e+03 -3.04091240e-01 
 1.25892541e+03  6.53884297e+01  1.25892541e+03 -3.28349738e-01 
 1.35935639e+03  6.53884085e+01  1.35935639e+03 -3.54543350e-01 
 1.46779927e+03  6.53883838e+01  1.46779927e+03 -3.82826419e-01 
 1.58489319e+03  6.53883551e+01  1.58489319e+03 -4.13365601e-01 
 1.71132830e+03  6.53883216e+01  1.71132830e+03 -4.46340827e-01 
 1.84784980e+03  6.53882824e+01  1.84784980e+03 -4.81946372e-01 
 1.99526231e+03  6.53882369e+01  1.99526231e+03 -5.20392011e-01 
 2.15443469e+03  6.53881838e+01  2.15443469e+03 -5.61904210e-01 
 2.32630507e+03  6.53881219e+01  2.32630507e+03 -6.06727492e-01 
 2.51188643e+03  6.53880497e+01  2.51188643e+03 -6.55125858e-01 
 2.71227258e+03  6.53879655e+01  2.71227258e+03 -7.07384327e-01 
 2.92864456e+03  6.53878675e+01  2.92864456e+03 -7.63810611e-01 
 3.16227766e+03  6.53877530e+01  3.16227766e+03 -8.24736900e-01 
 3.41454887e+03  6.53876197e+01  3.41454887e+03 -8.90521838e-01 
 3.68694506e+03  6.53874641e+01  3.68694506e+03 -9.61552547e-01 
 3.98107171e+03  6.53872828e+01  3.98107171e+03 -1.03824694e+00 
 4.29866235e+03  6.53870714e+01  4.29866235e+03 -1.12105612e+00 
 4.64158883e+03  6.53868250e+01  4.64158883e+03 -1.21046700e+00 
 5.01187234e+03  6.53865377e+01  5.01187234e+03 -1.30700504e+00 
 5.41169527e+03  6.53862028e+01  5.41169527e+03 -1.41123741e+00 
 5.84341413e+03  6.53858122e+01  5.84341413e+03 -1.52377606e+00 
 6.30957344e+03  6.53853570e+01  6.30957344e+03 -1.64528139e+00 
 6.81292069e+03  6.53848263e+01  6.81292069e+03 -1.77646581e+00 
 7.35642254e+03  6.53842076e+01  7.35642254e+03 -1.91809785e+00 
 7.94328235e+03  6.53834864e+01  7.94328235e+03 -2.07100640e+00 
 8.57695899e+03  6.53826457e+01  8.57695899e+03 -2.23608534e+00 
 9.26118728e+03  6.53816655e+01  9.26118728e+03 -2.41429827e+00 
 1.00000000e+04  6.53805231e+01  1.00000000e+04 -2.60668393e+00 
 1.07977516e+04  6.53791916e+01  1.07977516e+04 -2.81436156e+00 
 1.16591440e+04  6.53776397e+01  1.16591440e+04 -3.03853666e+00 
 1.25892541e+04  6.53758310e+01  1.25892541e+04 -3.28050725e+00 
 1.35935639e+04  6.53737231e+01  1.35935639e+04 -3.54167022e+00 
 1.46779927e+04  6.53712669e+01  1.46779927e+04 -3.82352819e+00 
 1.58489319e+04  6.53684048e+01  1.58489319e+04 -4.12769610e+00 
 1.71132830e+04  6.53650703e+01  1.71132830e+04 -4.45590872e+00 
 1.84784980e+04  6.53611857e+01  1.84784980e+04 -4.81002749e+00 
 1.99526231e+04  6.53566609e+01  1.99526231e+04 -5.19204802e+00 
 2.15443469e+04  6.53513911e+01  2.15443469e+04 -5.60410686e+00 
 2.32630507e+04  6.53452554e+01  2.32630507e+04 -6.04848871e+00 
 2.51188643e+04  6.53381123e+01  2.51188643e+04 -6.52763166e+00 
 2.71227258e+04  6.53297988e+01  2.71227258e+04 -7.04413307e+00 
 2.92864456e+04  6.53201261e+01  2.92864456e+04 -7.60075364e+00 
 3.16227766e+04  6.53088755e+01  3.16227766e+04 -8.20041893e+00 
 3.41454887e+04  6.52957948e+01  3.41454887e+04 -8.84621957e+00 
 3.68694506e+04  6.52805931e+01  3.68694506e+04 -9.54140797e+00 
 3.98107171e+04  6.52629359e+01  3.98107171e+04 -1.02893913e+01 
 4.29866235e+04  6.52424389e+01  4.29866235e+04 -1.10937185e+01 
 4.64158883e+04  6.52186620e+01  4.64158883e+04 -1.19580626e+01 
 5.01187234e+04  6.51911027e+01  5.01187234e+04 -1.28861943e+01 
 5.41169527e+04  6.51591894e+01  5.41169527e+04 -1.38819479e+01 
 5.84341413e+04  6.51222731e+01  5.84341413e+04 -1.49491726e+01 
 6.30957344e+04  6.50796227e+01  6.30957344e+04 -1.60916784e+01 
 6.81292069e+04  6.50304164e+01  6.81292069e+04 -1.73131601e+01 
 7.35642254e+04  6.49737378e+01  7.35642254e+04 -1.86171119e+01 
 7.94328235e+04  6.49085714e+01  7.94328235e+04 -2.00067225e+01 
 8.57695899e+04  6.48338010e+01  8.57695899e+04 -2.14847556e+01 
 9.26118728e+04  6.47482116e+01  9.26118728e+04 -2.30534141e+01 
 1.00000000e+05  6.46504947e+01  1.00000000e+05 -2.47141930e+01 
 1.07977516e+05  6.45392593e+01  1.07977516e+05 -2.64677243e+01 
 1.16591440e+05  6.44130466e+01  1.16591440e+05 -2.83136176e+01 
 1.25892541e+05  6.42703547e+01  1.25892541e+05 -3.02503172e+01 
 1.35935639e+05  6.41096665e+01  1.35935639e+05 -3.22749710e+01 
 1.46779927e+05  6.39294856e+01  1.46779927e+05 -3.43833399e+01 
 1.58489319e+05  6.37283776e+01  1.58489319e+05 -3.65697497e+01 
 1.71132830e+05  6.35050155e+01  1.71132830e+05 -3.88271112e+01 
 1.84784980e+05  6.32582246e+01  1.84784980e+05 -4.11470025e+01 
 1.99526231e+05  6.29870287e+01  1.99526231e+05 -4.35198387e+01 
 2.15443469e+05  6.26906880e+01  2.15443469e+05 -4.59351049e+01 
 2.32630507e+05  6.23687309e+01  2.32630507e+05 -4.83816640e+01 
 2.51188643e+05  6.20209728e+01  2.51188643e+05 -5.08481110e+01 
 2.71227258e+05  6.16475226e+01  2.71227258e+05 -5.33231497e+01 
 2.92864456e+05  6.12487753e+01  2.92864456e+05 -5.57959782e+01 
 3.16227766e+05  6.08253896e+01  3.16227766e+05 -5.82566363e+01 
 3.41454887e+05  6.03782567e+01  3.41454887e+05 -6.06963208e+01 
 3.68694506e+05  5.99084583e+01  3.68694506e+05 -6.31076201e+01 
 3.98107171e+05  5.94172202e+01  3.98107171e+05 -6.54846858e+01 
 4.29866235e+05  5.89058640e+01  4.29866235e+05 -6.78233217e+01 
 4.64158883e+05  5.83757593e+01  4.64158883e+05 -7.01210040e+01 
 5.01187234e+05  5.78282802e+01  5.01187234e+05 -7.23768412e+01 
 5.41169527e+05  5.72647663e+01  5.41169527e+05 -7.45914833e+01 
 5.84341413e+05  5.66864900e+01  5.84341413e+05 -7.67669975e+01 
 6.30957344e+05  5.60946302e+01  6.30957344e+05 -7.89067246e+01 
 6.81292069e+05  5.54902516e+01  6.81292069e+05 -8.10151195e+01 
 7.35642254e+05  5.48742896e+01  7.35642254e+05 -8.30975969e+01 
 7.94328235e+05  5.42475395e+01  7.94328235e+05 -8.51603772e+01 
 8.57695899e+05  5.36106491e+01  8.57695899e+05 -8.72103420e+01 
 9.26118728e+05  5.29641143e+01  9.26118728e+05 -8.92548998e+01 
 1.00000000e+06  5.23082762e+01  1.00000000e+06 -9.13018621e+01 
 1.07977516e+06  5.16433192e+01  1.07977516e+06 -9.33593267e+01 
 1.16591440e+06  5.09692707e+01  1.16591440e+06 -9.54355681e+01 
 1.25892541e+06  5.02860001e+01  1.25892541e+06 -9.75389309e+01 
 1.35935639e+06  4.95932197e+01  1.35935639e+06 -9.96777201e+01 
 1.46779927e+06  4.88904848e+01  1.46779927e+06 -1.01860094e+02 
 1.58489319e+06  4.81771959e+01  1.58489319e+06 -1.04093944e+02 
 1.71132830e+06  4.74526014e+01  1.71132830e+06 -1.06386772e+02 
 1.84784980e+06  4.67158035e+01  1.84784980e+06 -1.08745555e+02 
 1.99526231e+06  4.59657662e+01  1.99526231e+06 -1.11176605e+02 
 2.15443469e+06  4.52013279e+01  2.15443469e+06 -1.13685423e+02 
 2.32630507e+06  4.44212183e+01  2.32630507e+06 -1.16276548e+02 
 2.51188643e+06  4.36240811e+01  2.51188643e+06 -1.18953422e+02 
 2.71227258e+06  4.28085029e+01  2.71227258e+06 -1.21718269e+02 
 2.92864456e+06  4.19730475e+01  2.92864456e+06 -1.24572000e+02 
 3.16227766e+06  4.11162962e+01  3.16227766e+06 -1.27514172e+02 
 3.41454887e+06  4.02368918e+01  3.41454887e+06 -1.30542998e+02 
 3.68694506e+06  3.93335848e+01  3.68694506e+06 -1.33655430e+02 
 3.98107171e+06  3.84052780e+01  3.98107171e+06 -1.36847320e+02 
 4.29866235e+06  3.74510674e+01  4.29866235e+06 -1.40113663e+02 
 4.64158883e+06  3.64702749e+01  4.64158883e+06 -1.43448912e+02 
 5.01187234e+06  3.54624699e+01  5.01187234e+06 -1.46847363e+02 
 5.41169527e+06  3.44274768e+01  5.41169527e+06 -1.50303582e+02 
 5.84341413e+06  3.33653676e+01  5.84341413e+06 -1.53812855e+02 
 6.30957344e+06  3.22764388e+01  6.30957344e+06 -1.57371638e+02 
 6.81292069e+06  3.11611728e+01  6.81292069e+06 -1.60977993e+02 
 7.35642254e+06  3.00201875e+01  7.35642254e+06 -1.64631986e+02 
 7.94328235e+06  2.88541746e+01  7.94328235e+06 -1.68336053e+02 
 8.57695899e+06  2.76638303e+01  8.57695899e+06 -1.72095345e+02 
 9.26118728e+06  2.64497803e+01  9.26118728e+06 -1.75918064e+02 
 1.00000000e+07  2.52125007e+01  1.00000000e+07 -1.79815837e+02 
 1.07977516e+07  2.39522357e+01  1.07977516e+07 -1.83804191e+02 
 1.16591440e+07  2.26689132e+01  1.16591440e+07 -1.87903185e+02 
 1.25892541e+07  2.13620585e+01  1.25892541e+07 -1.92138336e+02 
 1.35935639e+07  2.00307109e+01  1.35935639e+07 -1.96541984e+02 
 1.46779927e+07  1.86733512e+01  1.46779927e+07 -2.01155331e+02 
 1.58489319e+07  1.72878626e+01  1.58489319e+07 -2.06031493e+02 
 1.71132830e+07  1.58715743e+01  1.71132830e+07 -2.11240077e+02 
 1.84784980e+07  1.44214950e+01  1.84784980e+07 -2.16874005e+02 
 1.99526231e+07  1.29349598e+01  1.99526231e+07 -2.23059584e+02 
 2.15443469e+07  1.14111625e+01  2.15443469e+07 -2.29970846e+02 
 2.32630507e+07  9.85451905e+00  2.32630507e+07 -2.37848259e+02 
 2.51188643e+07  8.28164371e+00  2.51188643e+07 -2.47017299e+02 
 2.71227258e+07  6.73460601e+00  2.71227258e+07 -2.57887245e+02 
 2.92864456e+07  5.30165647e+00  2.92864456e+07 -2.70873490e+02 
 3.16227766e+07  4.13453297e+00  3.16227766e+07 -2.86140617e+02 
 3.41454887e+07  3.42229762e+00  3.41454887e+07 -3.03156869e+02 
 3.68694506e+07  3.28499398e+00  3.68694506e+07 -3.20503156e+02 
 3.98107171e+07  3.67302376e+00  3.98107171e+07 -3.36531763e+02 
 4.29866235e+07  4.41238250e+00  4.29866235e+07 -3.50299977e+02 
 4.64158883e+07  5.32858920e+00  4.64158883e+07 -3.61721559e+02 
 5.01187234e+07  6.30796800e+00  5.01187234e+07 -3.71144380e+02 
 5.41169527e+07  7.29270739e+00  5.41169527e+07 -3.78993576e+02 
 5.84341413e+07  8.25890670e+00  5.84341413e+07 -3.85628583e+02 
 6.30957344e+07  9.19987877e+00  6.30957344e+07 -3.91318315e+02 
 6.81292069e+07  1.01167830e+01  6.81292069e+07 -3.96254812e+02 
 7.35642254e+07  1.10139633e+01  7.35642254e+07 -4.00572692e+02 
 7.94328235e+07  1.18967642e+01  7.94328235e+07 -4.04365173e+02 
 8.57695899e+07  1.27705514e+01  8.57695899e+07 -4.07695468e+02 
 9.26118728e+07  1.36402860e+01  9.26118728e+07 -4.10604355e+02 
 1.00000000e+08  1.45103270e+01  1.00000000e+08 -4.13115015e+02 
 1.07977516e+08  1.53843000e+01  1.07977516e+08 -4.15235982e+02 
 1.16591440e+08  1.62649409e+01  1.16591440e+08 -4.16962890e+02 
 1.25892541e+08  1.71538592e+01  1.25892541e+08 -4.18279534e+02 
 1.35935639e+08  1.80511823e+01  1.35935639e+08 -4.19158795e+02 
 1.46779927e+08  1.89550605e+01  1.46779927e+08 -4.19564005e+02 
 1.58489319e+08  1.98610411e+01  1.58489319e+08 -4.19451528e+02 
 1.71132830e+08  2.07613770e+01  1.71132830e+08 -4.18775449e+02 
 1.84784980e+08  2.16444369e+01  1.84784980e+08 -4.17495290e+02 
 1.99526231e+08  2.24945142e+01  1.99526231e+08 -4.15587175e+02 
 2.15443469e+08  2.32924549e+01  2.15443469e+08 -4.13057576e+02 
 2.32630507e+08  2.40174929e+01  2.32630507e+08 -4.09956491e+02 
 2.51188643e+08  2.46503409e+01  2.51188643e+08 -4.06384517e+02 
 2.71227258e+08  2.51769024e+01  2.71227258e+08 -4.02487987e+02 
 2.92864456e+08  2.55913005e+01  2.92864456e+08 -3.98440167e+02 
 3.16227766e+08  2.58969012e+01  3.16227766e+08 -3.94413611e+02 
 3.41454887e+08  2.61049099e+01  3.41454887e+08 -3.90554023e+02 
 3.68694506e+08  2.62313239e+01  3.68694506e+08 -3.86964654e+02 
 3.98107171e+08  2.62936136e+01  3.98107171e+08 -3.83703862e+02 
 4.29866235e+08  2.63081937e+01  4.29866235e+08 -3.80792265e+02 
 4.64158883e+08  2.62890421e+01  4.64158883e+08 -3.78223835e+02 
 5.01187234e+08  2.62472826e+01  5.01187234e+08 -3.75976541e+02 
 5.41169527e+08  2.61913559e+01  5.41169527e+08 -3.74020508e+02 
 5.84341413e+08  2.61274497e+01  5.84341413e+08 -3.72323407e+02 
 6.30957344e+08  2.60599785e+01  6.30957344e+08 -3.70853588e+02 
 6.81292069e+08  2.59920153e+01  6.81292069e+08 -3.69581685e+02 
 7.35642254e+08  2.59256402e+01  7.35642254e+08 -3.68481289e+02 
 7.94328235e+08  2.58622085e+01  7.94328235e+08 -3.67529093e+02 
 8.57695899e+08  2.58025521e+01  8.57695899e+08 -3.66704773e+02 
 9.26118728e+08  2.57471278e+01  9.26118728e+08 -3.65990753e+02 
 1.00000000e+09  2.56961278e+01  1.00000000e+09 -3.65371915e+02 
