 1.00000000e+00  6.49007397e+01  1.00000000e+00 -2.35886415e-04 
 1.07977516e+00  6.49007397e+01  1.07977516e+00 -2.54704292e-04 
 1.16591440e+00  6.49007397e+01  1.16591440e+00 -2.75023368e-04 
 1.25892541e+00  6.49007397e+01  1.25892541e+00 -2.96963402e-04 
 1.35935639e+00  6.49007397e+01  1.35935639e+00 -3.20653705e-04 
 1.46779927e+00  6.49007397e+01  1.46779927e+00 -3.46233906e-04 
 1.58489319e+00  6.49007397e+01  1.58489319e+00 -3.73854773e-04 
 1.71132830e+00  6.49007397e+01  1.71132830e+00 -4.03679098e-04 
 1.84784980e+00  6.49007397e+01  1.84784980e+00 -4.35882663e-04 
 1.99526231e+00  6.49007397e+01  1.99526231e+00 -4.70655274e-04 
 2.15443469e+00  6.49007397e+01  2.15443469e+00 -5.08201874e-04 
 2.32630507e+00  6.49007397e+01  2.32630507e+00 -5.48743761e-04 
 2.51188643e+00  6.49007397e+01  2.51188643e+00 -5.92519884e-04 
 2.71227258e+00  6.49007397e+01  2.71227258e+00 -6.39788254e-04 
 2.92864456e+00  6.49007397e+01  2.92864456e+00 -6.90827466e-04 
 3.16227766e+00  6.49007397e+01  3.16227766e+00 -7.45938339e-04 
 3.41454887e+00  6.49007397e+01  3.41454887e+00 -8.05445691e-04 
 3.68694506e+00  6.49007397e+01  3.68694506e+00 -8.69700252e-04 
 3.98107171e+00  6.49007397e+01  3.98107171e+00 -9.39080731e-04 
 4.29866235e+00  6.49007397e+01  4.29866235e+00 -1.01399605e-03 
 4.64158883e+00  6.49007397e+01  4.64158883e+00 -1.09488775e-03 
 5.01187234e+00  6.49007397e+01  5.01187234e+00 -1.18223260e-03 
 5.41169527e+00  6.49007397e+01  5.41169527e+00 -1.27654539e-03 
 5.84341413e+00  6.49007397e+01  5.84341413e+00 -1.37838201e-03 
 6.30957344e+00  6.49007397e+01  6.30957344e+00 -1.48834266e-03 
 6.81292069e+00  6.49007397e+01  6.81292069e+00 -1.60707543e-03 
 7.35642254e+00  6.49007397e+01  7.35642254e+00 -1.73528014e-03 
 7.94328235e+00  6.49007397e+01  7.94328235e+00 -1.87371239e-03 
 8.57695899e+00  6.49007397e+01  8.57695899e+00 -2.02318810e-03 
 9.26118728e+00  6.49007397e+01  9.26118728e+00 -2.18458826e-03 
 1.00000000e+01  6.49007397e+01  1.00000000e+01 -2.35886414e-03 
 1.07977516e+01  6.49007397e+01  1.07977516e+01 -2.54704291e-03 
 1.16591440e+01  6.49007397e+01  1.16591440e+01 -2.75023368e-03 
 1.25892541e+01  6.49007397e+01  1.25892541e+01 -2.96963401e-03 
 1.35935639e+01  6.49007397e+01  1.35935639e+01 -3.20653705e-03 
 1.46779927e+01  6.49007397e+01  1.46779927e+01 -3.46233906e-03 
 1.58489319e+01  6.49007397e+01  1.58489319e+01 -3.73854772e-03 
 1.71132830e+01  6.49007397e+01  1.71132830e+01 -4.03679097e-03 
 1.84784980e+01  6.49007397e+01  1.84784980e+01 -4.35882663e-03 
 1.99526231e+01  6.49007397e+01  1.99526231e+01 -4.70655273e-03 
 2.15443469e+01  6.49007397e+01  2.15443469e+01 -5.08201873e-03 
 2.32630507e+01  6.49007397e+01  2.32630507e+01 -5.48743760e-03 
 2.51188643e+01  6.49007397e+01  2.51188643e+01 -5.92519882e-03 
 2.71227258e+01  6.49007396e+01  2.71227258e+01 -6.39788252e-03 
 2.92864456e+01  6.49007396e+01  2.92864456e+01 -6.90827463e-03 
 3.16227766e+01  6.49007396e+01  3.16227766e+01 -7.45938336e-03 
 3.41454887e+01  6.49007396e+01  3.41454887e+01 -8.05445687e-03 
 3.68694506e+01  6.49007396e+01  3.68694506e+01 -8.69700246e-03 
 3.98107171e+01  6.49007396e+01  3.98107171e+01 -9.39080724e-03 
 4.29866235e+01  6.49007396e+01  4.29866235e+01 -1.01399604e-02 
 4.64158883e+01  6.49007396e+01  4.64158883e+01 -1.09488774e-02 
 5.01187234e+01  6.49007395e+01  5.01187234e+01 -1.18223258e-02 
 5.41169527e+01  6.49007395e+01  5.41169527e+01 -1.27654538e-02 
 5.84341413e+01  6.49007395e+01  5.84341413e+01 -1.37838199e-02 
 6.30957344e+01  6.49007394e+01  6.30957344e+01 -1.48834263e-02 
 6.81292069e+01  6.49007394e+01  6.81292069e+01 -1.60707540e-02 
 7.35642254e+01  6.49007393e+01  7.35642254e+01 -1.73528009e-02 
 7.94328235e+01  6.49007393e+01  7.94328235e+01 -1.87371234e-02 
 8.57695899e+01  6.49007392e+01  8.57695899e+01 -2.02318803e-02 
 9.26118728e+01  6.49007391e+01  9.26118728e+01 -2.18458818e-02 
 1.00000000e+02  6.49007390e+01  1.00000000e+02 -2.35886404e-02 
 1.07977516e+02  6.49007389e+01  1.07977516e+02 -2.54704278e-02 
 1.16591440e+02  6.49007388e+01  1.16591440e+02 -2.75023350e-02 
 1.25892541e+02  6.49007387e+01  1.25892541e+02 -2.96963380e-02 
 1.35935639e+02  6.49007385e+01  1.35935639e+02 -3.20653678e-02 
 1.46779927e+02  6.49007383e+01  1.46779927e+02 -3.46233872e-02 
 1.58489319e+02  6.49007381e+01  1.58489319e+02 -3.73854729e-02 
 1.71132830e+02  6.49007378e+01  1.71132830e+02 -4.03679043e-02 
 1.84784980e+02  6.49007375e+01  1.84784980e+02 -4.35882594e-02 
 1.99526231e+02  6.49007371e+01  1.99526231e+02 -4.70655187e-02 
 2.15443469e+02  6.49007367e+01  2.15443469e+02 -5.08201765e-02 
 2.32630507e+02  6.49007362e+01  2.32630507e+02 -5.48743624e-02 
 2.51188643e+02  6.49007356e+01  2.51188643e+02 -5.92519711e-02 
 2.71227258e+02  6.49007349e+01  2.71227258e+02 -6.39788036e-02 
 2.92864456e+02  6.49007341e+01  2.92864456e+02 -6.90827191e-02 
 3.16227766e+02  6.49007332e+01  3.16227766e+02 -7.45937993e-02 
 3.41454887e+02  6.49007322e+01  3.41454887e+02 -8.05445256e-02 
 3.68694506e+02  6.49007309e+01  3.68694506e+02 -8.69699704e-02 
 3.98107171e+02  6.49007294e+01  3.98107171e+02 -9.39080041e-02 
 4.29866235e+02  6.49007277e+01  4.29866235e+02 -1.01399518e-01 
 4.64158883e+02  6.49007258e+01  4.64158883e+02 -1.09488665e-01 
 5.01187234e+02  6.49007234e+01  5.01187234e+02 -1.18223122e-01 
 5.41169527e+02  6.49007207e+01  5.41169527e+02 -1.27654366e-01 
 5.84341413e+02  6.49007176e+01  5.84341413e+02 -1.37837983e-01 
 6.30957344e+02  6.49007139e+01  6.30957344e+02 -1.48833991e-01 
 6.81292069e+02  6.49007097e+01  6.81292069e+02 -1.60707198e-01 
 7.35642254e+02  6.49007047e+01  7.35642254e+02 -1.73527579e-01 
 7.94328235e+02  6.49006989e+01  7.94328235e+02 -1.87370691e-01 
 8.57695899e+02  6.49006921e+01  8.57695899e+02 -2.02318121e-01 
 9.26118728e+02  6.49006842e+01  9.26118728e+02 -2.18457958e-01 
 1.00000000e+03  6.49006750e+01  1.00000000e+03 -2.35885322e-01 
 1.07977516e+03  6.49006643e+01  1.07977516e+03 -2.54702916e-01 
 1.16591440e+03  6.49006518e+01  1.16591440e+03 -2.75021636e-01 
 1.25892541e+03  6.49006372e+01  1.25892541e+03 -2.96961221e-01 
 1.35935639e+03  6.49006202e+01  1.35935639e+03 -3.20650960e-01 
 1.46779927e+03  6.49006003e+01  1.46779927e+03 -3.46230450e-01 
 1.58489319e+03  6.49005771e+01  1.58489319e+03 -3.73850419e-01 
 1.71132830e+03  6.49005502e+01  1.71132830e+03 -4.03673618e-01 
 1.84784980e+03  6.49005187e+01  1.84784980e+03 -4.35875763e-01 
 1.99526231e+03  6.49004821e+01  1.99526231e+03 -4.70646587e-01 
 2.15443469e+03  6.49004393e+01  2.15443469e+03 -5.08190940e-01 
 2.32630507e+03  6.49003895e+01  2.32630507e+03 -5.48729997e-01 
 2.51188643e+03  6.49003314e+01  2.51188643e+03 -5.92502557e-01 
 2.71227258e+03  6.49002637e+01  2.71227258e+03 -6.39766443e-01 
 2.92864456e+03  6.49001848e+01  2.92864456e+03 -6.90800009e-01 
 3.16227766e+03  6.49000927e+01  3.16227766e+03 -7.45903774e-01 
 3.41454887e+03  6.48999854e+01  3.41454887e+03 -8.05402179e-01 
 3.68694506e+03  6.48998603e+01  3.68694506e+03 -8.69645473e-01 
 3.98107171e+03  6.48997143e+01  3.98107171e+03 -9.39011756e-01 
 4.29866235e+03  6.48995442e+01  4.29866235e+03 -1.01390922e+00 
 4.64158883e+03  6.48993459e+01  4.64158883e+03 -1.09477845e+00 
 5.01187234e+03  6.48991147e+01  5.01187234e+03 -1.18209500e+00 
 5.41169527e+03  6.48988451e+01  5.41169527e+03 -1.27637217e+00 
 5.84341413e+03  6.48985309e+01  5.84341413e+03 -1.37816395e+00 
 6.30957344e+03  6.48981646e+01  6.30957344e+03 -1.48806817e+00 
 6.81292069e+03  6.48977375e+01  6.81292069e+03 -1.60672988e+00 
 7.35642254e+03  6.48972395e+01  7.35642254e+03 -1.73484514e+00 
 7.94328235e+03  6.48966591e+01  7.94328235e+03 -1.87316480e+00 
 8.57695899e+03  6.48959824e+01  8.57695899e+03 -2.02249880e+00 
 9.26118728e+03  6.48951936e+01  9.26118728e+03 -2.18372058e+00 
 1.00000000e+04  6.48942742e+01  1.00000000e+04 -2.35777195e+00 
 1.07977516e+04  6.48932023e+01  1.07977516e+04 -2.54566810e+00 
 1.16591440e+04  6.48919530e+01  1.16591440e+04 -2.74850317e+00 
 1.25892541e+04  6.48904968e+01  1.25892541e+04 -2.96745587e+00 
 1.35935639e+04  6.48887998e+01  1.35935639e+04 -3.20379560e+00 
 1.46779927e+04  6.48868220e+01  1.46779927e+04 -3.45888873e+00 
 1.58489319e+04  6.48845171e+01  1.58489319e+04 -3.73420540e+00 
 1.71132830e+04  6.48818314e+01  1.71132830e+04 -4.03132635e+00 
 1.84784980e+04  6.48787020e+01  1.84784980e+04 -4.35194999e+00 
 1.99526231e+04  6.48750562e+01  1.99526231e+04 -4.69789978e+00 
 2.15443469e+04  6.48708095e+01  2.15443469e+04 -5.07113171e+00 
 2.32630507e+04  6.48658634e+01  2.32630507e+04 -5.47374101e+00 
 2.51188643e+04  6.48601038e+01  2.51188643e+04 -5.90796952e+00 
 2.71227258e+04  6.48533980e+01  2.71227258e+04 -6.37621211e+00 
 2.92864456e+04  6.48455928e+01  2.92864456e+04 -6.88102263e+00 
 3.16227766e+04  6.48365098e+01  3.16227766e+04 -7.42511795e+00 
 3.41454887e+04  6.48259440e+01  3.41454887e+04 -8.01138223e+00 
 3.68694506e+04  6.48136573e+01  3.68694506e+04 -8.64286678e+00 
 3.98107171e+04  6.47993752e+01  3.98107171e+04 -9.32278870e+00 
 4.29866235e+04  6.47827826e+01  4.29866235e+04 -1.00545265e+01 
 4.64158883e+04  6.47635157e+01  4.64158883e+04 -1.08416085e+01 
 5.01187234e+04  6.47411593e+01  5.01187234e+04 -1.16876999e+01 
 5.41169527e+04  6.47152370e+01  5.41169527e+04 -1.25965776e+01 
 5.84341413e+04  6.46852065e+01  5.84341413e+04 -1.35721012e+01 
 6.30957344e+04  6.46504523e+01  6.30957344e+04 -1.46181724e+01 
 6.81292069e+04  6.46102773e+01  6.81292069e+04 -1.57386801e+01 
 7.35642254e+04  6.45638982e+01  7.35642254e+04 -1.69374379e+01 
 7.94328235e+04  6.45104380e+01  7.94328235e+04 -1.82181010e+01 
 8.57695899e+04  6.44489217e+01  8.57695899e+04 -1.95840693e+01 
 9.26118728e+04  6.43782748e+01  9.26118728e+04 -2.10383778e+01 
 1.00000000e+05  6.42973219e+01  1.00000000e+05 -2.25835637e+01 
 1.07977516e+05  6.42047907e+01  1.07977516e+05 -2.42215264e+01 
 1.16591440e+05  6.40993214e+01  1.16591440e+05 -2.59533750e+01 
 1.25892541e+05  6.39794789e+01  1.25892541e+05 -2.77792709e+01 
 1.35935639e+05  6.38437733e+01  1.35935639e+05 -2.96982756e+01 
 1.46779927e+05  6.36906865e+01  1.46779927e+05 -3.17082155e+01 
 1.58489319e+05  6.35187047e+01  1.58489319e+05 -3.38055712e+01 
 1.71132830e+05  6.33263575e+01  1.71132830e+05 -3.59854129e+01 
 1.84784980e+05  6.31122615e+01  1.84784980e+05 -3.82413881e+01 
 1.99526231e+05  6.28751659e+01  1.99526231e+05 -4.05657788e+01 
 2.15443469e+05  6.26139985e+01  2.15443469e+05 -4.29496363e+01 
 2.32630507e+05  6.23279070e+01  2.32630507e+05 -4.53829851e+01 
 2.51188643e+05  6.20162936e+01  2.51188643e+05 -4.78551057e+01 
 2.71227258e+05  6.16788397e+01  2.71227258e+05 -5.03548691e+01 
 2.92864456e+05  6.13155174e+01  2.92864456e+05 -5.28711110e+01 
 3.16227766e+05  6.09265873e+01  3.16227766e+05 -5.53930127e+01 
 3.41454887e+05  6.05125824e+01  3.41454887e+05 -5.79104752e+01 
 3.68694506e+05  6.00742795e+01  3.68694506e+05 -6.04144424e+01 
 3.98107171e+05  5.96126612e+01  3.98107171e+05 -6.28971783e+01 
 4.29866235e+05  5.91288705e+01  4.29866235e+05 -6.53524624e+01 
 4.64158883e+05  5.86241620e+01  4.64158883e+05 -6.77757139e+01 
 5.01187234e+05  5.80998532e+01  5.01187234e+05 -7.01640385e+01 
 5.41169527e+05  5.75572781e+01  5.41169527e+05 -7.25162114e+01 
 5.84341413e+05  5.69977455e+01  5.84341413e+05 -7.48326029e+01 
 6.30957344e+05  5.64225026e+01  6.30957344e+05 -7.71150659e+01 
 6.81292069e+05  5.58327050e+01  6.81292069e+05 -7.93667939e+01 
 7.35642254e+05  5.52293929e+01  7.35642254e+05 -8.15921597e+01 
 7.94328235e+05  5.46134727e+01  7.94328235e+05 -8.37965532e+01 
 8.57695899e+05  5.39857032e+01  8.57695899e+05 -8.59862176e+01 
 9.26118728e+05  5.33466861e+01  9.26118728e+05 -8.81680863e+01 
 1.00000000e+06  5.26968598e+01  1.00000000e+06 -9.03496347e+01 
 1.07977516e+06  5.20364944e+01  1.07977516e+06 -9.25387329e+01 
 1.16591440e+06  5.13656902e+01  1.16591440e+06 -9.47435064e+01 
 1.25892541e+06  5.06843757e+01  1.25892541e+06 -9.69722006e+01 
 1.35935639e+06  4.99923085e+01  1.35935639e+06 -9.92330472e+01 
 1.46779927e+06  4.92890764e+01  1.46779927e+06 -1.01534127e+02 
 1.58489319e+06  4.85741007e+01  1.58489319e+06 -1.03883230e+02 
 1.71132830e+06  4.78466412e+01  1.71132830e+06 -1.06287711e+02 
 1.84784980e+06  4.71058041e+01  1.84784980e+06 -1.08754336e+02 
 1.99526231e+06  4.63505541e+01  1.99526231e+06 -1.11289126e+02 
 2.15443469e+06  4.55797298e+01  2.15443469e+06 -1.13897202e+02 
 2.32630507e+06  4.47920655e+01  2.32630507e+06 -1.16582635e+02 
 2.51188643e+06  4.39862179e+01  2.51188643e+06 -1.19348306e+02 
 2.71227258e+06  4.31607996e+01  2.71227258e+06 -1.22195803e+02 
 2.92864456e+06  4.23144176e+01  2.92864456e+06 -1.25125345e+02 
 3.16227766e+06  4.14457168e+01  3.16227766e+06 -1.28135771e+02 
 3.41454887e+06  4.05534261e+01  3.41454887e+06 -1.31224583e+02 
 3.68694506e+06  3.96364050e+01  3.68694506e+06 -1.34388079e+02 
 3.98107171e+06  3.86936869e+01  3.98107171e+06 -1.37621553e+02 
 4.29866235e+06  3.77245164e+01  4.29866235e+06 -1.40919585e+02 
 4.64158883e+06  3.67283759e+01  4.64158883e+06 -1.44276391e+02 
 5.01187234e+06  3.57050005e+01  5.01187234e+06 -1.47686233e+02 
 5.41169527e+06  3.46543767e+01  5.41169527e+06 -1.51143860e+02 
 5.84341413e+06  3.35767270e+01  5.84341413e+06 -1.54644950e+02 
 6.30957344e+06  3.24724782e+01  6.30957344e+06 -1.58186550e+02 
 6.81292069e+06  3.13422168e+01  6.81292069e+06 -1.61767479e+02 
 7.35642254e+06  3.01866324e+01  7.35642254e+06 -1.65388688e+02 
 7.94328235e+06  2.90064530e+01  7.94328235e+06 -1.69053592e+02 
 8.57695899e+06  2.78023741e+01  8.57695899e+06 -1.72768377e+02 
 9.26118728e+06  2.65749827e+01  9.26118728e+06 -1.76542305e+02 
 1.00000000e+07  2.53246784e+01  1.00000000e+07 -1.80388079e+02 
 1.07977516e+07  2.40515920e+01  1.07977516e+07 -1.84322305e+02 
 1.16591440e+07  2.27555001e+01  1.16591440e+07 -1.88366146e+02 
 1.25892541e+07  2.14357388e+01  1.25892541e+07 -1.92546291e+02 
 1.35935639e+07  2.00911164e+01  1.35935639e+07 -1.96896386e+02 
 1.46779927e+07  1.87198369e+01  1.46779927e+07 -2.01459193e+02 
 1.58489319e+07  1.73194553e+01  1.58489319e+07 -2.06289839e+02 
 1.71132830e+07  1.58869160e+01  1.71132830e+07 -2.11460694e+02 
 1.84784980e+07  1.44187898e+01  1.84784980e+07 -2.17068708e+02 
 1.99526231e+07  1.29119505e+01  1.99526231e+07 -2.23246290e+02 
 2.15443469e+07  1.13652093e+01  2.15443469e+07 -2.30176957e+02 
 2.32630507e+07  9.78296543e+00  2.32630507e+07 -2.38115922e+02 
 2.51188643e+07  8.18289088e+00  2.51188643e+07 -2.47410619e+02 
 2.71227258e+07  6.61070012e+00  2.71227258e+07 -2.58498586e+02 
 2.92864456e+07  5.16320112e+00  2.92864456e+07 -2.71816531e+02 
 3.16227766e+07  4.00606915e+00  3.16227766e+07 -2.87503115e+02 
 3.41454887e+07  3.33885238e+00  3.41454887e+07 -3.04905946e+02 
 3.68694506e+07  3.27205906e+00  3.68694506e+07 -3.22443154e+02 
 3.98107171e+07  3.72969070e+00  3.98107171e+07 -3.38420586e+02 
 4.29866235e+07  4.51942188e+00  4.29866235e+07 -3.51987933e+02 
 4.64158883e+07  5.46507526e+00  4.64158883e+07 -3.63167127e+02 
 5.01187234e+07  6.45875087e+00  5.01187234e+07 -3.72364738e+02 
 5.41169527e+07  7.44850520e+00  5.41169527e+07 -3.80024768e+02 
 5.84341413e+07  8.41443599e+00  5.84341413e+07 -3.86507380e+02 
 6.30957344e+07  9.35222989e+00  6.30957344e+07 -3.92076489e+02 
 6.81292069e+07  1.02643740e+01  6.81292069e+07 -3.96918394e+02 
 7.35642254e+07  1.11559260e+01  7.35642254e+07 -4.01162802e+02 
 7.94328235e+07  1.20325930e+01  7.94328235e+07 -4.04899177e+02 
 8.57695899e+07  1.28999037e+01  8.57695899e+07 -4.08188065e+02 
 9.26118728e+07  1.37628679e+01  9.26118728e+07 -4.11068528e+02 
 1.00000000e+08  1.46258317e+01  1.00000000e+08 -4.13562866e+02 
 1.07977516e+08  1.54923819e+01  1.07977516e+08 -4.15679505e+02 
 1.16591440e+08  1.63652194e+01  1.16591440e+08 -4.17414717e+02 
 1.25892541e+08  1.72459558e+01  1.25892541e+08 -4.18753698e+02 
 1.35935639e+08  1.81348004e+01  1.35935639e+08 -4.19671498e+02 
 1.46779927e+08  1.90301243e+01  1.46779927e+08 -4.20134343e+02 
 1.58489319e+08  1.99279116e+01  1.58489319e+08 -4.20102019e+02 
 1.71132830e+08  2.08211597e+01  1.71132830e+08 -4.19532076e+02 
 1.84784980e+08  2.16993694e+01  1.84784980e+08 -4.18386584e+02 
 1.99526231e+08  2.25483729e+01  1.99526231e+08 -4.16641776e+02 
 2.15443469e+08  2.33508343e+01  2.15443469e+08 -4.14299857e+02 
 2.32630507e+08  2.40877395e+01  2.32630507e+08 -4.11400515e+02 
 2.51188643e+08  2.47409371e+01  2.51188643e+08 -4.08027823e+02 
 2.71227258e+08  2.52962829e+01  2.71227258e+08 -4.04307777e+02 
 2.92864456e+08  2.57464041e+01  2.92864456e+08 -4.00394310e+02 
 3.16227766e+08  2.60919882e+01  3.16227766e+08 -3.96446898e+02 
 3.41454887e+08  2.63410851e+01  3.41454887e+08 -3.92607405e+02 
 3.68694506e+08  2.65068406e+01  3.68694506e+08 -3.88984018e+02 
 3.98107171e+08  2.66046867e+01  3.98107171e+08 -3.85645765e+02 
 4.29866235e+08  2.66499428e+01  4.29866235e+08 -3.82626048e+02 
 4.64158883e+08  2.66562892e+01  4.64158883e+08 -3.79930941e+02 
 5.01187234e+08  2.66350955e+01  5.01187234e+08 -3.77548362e+02 
 5.41169527e+08  2.65953486e+01  5.41169527e+08 -3.75455811e+02 
 5.84341413e+08  2.65439002e+01  5.84341413e+08 -3.73625951e+02 
 6.30957344e+08  2.64858330e+01  6.30957344e+08 -3.72030207e+02 
 6.81292069e+08  2.64248298e+01  6.81292069e+08 -3.70640868e+02 
 7.35642254e+08  2.63634964e+01  7.35642254e+08 -3.69432183e+02 
 7.94328235e+08  2.63036240e+01  7.94328235e+08 -3.68380856e+02 
 8.57695899e+08  2.62463962e+01  8.57695899e+08 -3.67466177e+02 
 9.26118728e+08  2.61925479e+01  9.26118728e+08 -3.66669958e+02 
 1.00000000e+09  2.61424883e+01  1.00000000e+09 -3.65976366e+02 
