 1.00000000e+00  5.99807965e+01  1.00000000e+00 -1.79999887e+02 
 1.07977516e+00  5.99807965e+01  1.07977516e+00 -1.79999878e+02 
 1.16591440e+00  5.99807965e+01  1.16591440e+00 -1.79999868e+02 
 1.25892541e+00  5.99807965e+01  1.25892541e+00 -1.79999857e+02 
 1.35935639e+00  5.99807965e+01  1.35935639e+00 -1.79999846e+02 
 1.46779927e+00  5.99807965e+01  1.46779927e+00 -1.79999834e+02 
 1.58489319e+00  5.99807965e+01  1.58489319e+00 -1.79999820e+02 
 1.71132830e+00  5.99807965e+01  1.71132830e+00 -1.79999806e+02 
 1.84784980e+00  5.99807965e+01  1.84784980e+00 -1.79999791e+02 
 1.99526231e+00  5.99807965e+01  1.99526231e+00 -1.79999774e+02 
 2.15443469e+00  5.99807965e+01  2.15443469e+00 -1.79999756e+02 
 2.32630507e+00  5.99807965e+01  2.32630507e+00 -1.79999736e+02 
 2.51188643e+00  5.99807965e+01  2.51188643e+00 -1.79999715e+02 
 2.71227258e+00  5.99807965e+01  2.71227258e+00 -1.79999693e+02 
 2.92864456e+00  5.99807965e+01  2.92864456e+00 -1.79999668e+02 
 3.16227766e+00  5.99807965e+01  3.16227766e+00 -1.79999642e+02 
 3.41454887e+00  5.99807965e+01  3.41454887e+00 -1.79999613e+02 
 3.68694506e+00  5.99807965e+01  3.68694506e+00 -1.79999582e+02 
 3.98107171e+00  5.99807965e+01  3.98107171e+00 -1.79999549e+02 
 4.29866235e+00  5.99807965e+01  4.29866235e+00 -1.79999513e+02 
 4.64158883e+00  5.99807965e+01  4.64158883e+00 -1.79999474e+02 
 5.01187234e+00  5.99807965e+01  5.01187234e+00 -1.79999432e+02 
 5.41169527e+00  5.99807965e+01  5.41169527e+00 -1.79999387e+02 
 5.84341413e+00  5.99807965e+01  5.84341413e+00 -1.79999338e+02 
 6.30957344e+00  5.99807965e+01  6.30957344e+00 -1.79999285e+02 
 6.81292069e+00  5.99807965e+01  6.81292069e+00 -1.79999228e+02 
 7.35642254e+00  5.99807965e+01  7.35642254e+00 -1.79999166e+02 
 7.94328235e+00  5.99807965e+01  7.94328235e+00 -1.79999100e+02 
 8.57695899e+00  5.99807965e+01  8.57695899e+00 -1.79999028e+02 
 9.26118728e+00  5.99807965e+01  9.26118728e+00 -1.79998950e+02 
 1.00000000e+01  5.99807965e+01  1.00000000e+01 -1.79998867e+02 
 1.07977516e+01  5.99807965e+01  1.07977516e+01 -1.79998776e+02 
 1.16591440e+01  5.99807965e+01  1.16591440e+01 -1.79998678e+02 
 1.25892541e+01  5.99807965e+01  1.25892541e+01 -1.79998573e+02 
 1.35935639e+01  5.99807965e+01  1.35935639e+01 -1.79998459e+02 
 1.46779927e+01  5.99807965e+01  1.46779927e+01 -1.79998336e+02 
 1.58489319e+01  5.99807965e+01  1.58489319e+01 -1.79998204e+02 
 1.71132830e+01  5.99807965e+01  1.71132830e+01 -1.79998060e+02 
 1.84784980e+01  5.99807965e+01  1.84784980e+01 -1.79997905e+02 
 1.99526231e+01  5.99807965e+01  1.99526231e+01 -1.79997738e+02 
 2.15443469e+01  5.99807965e+01  2.15443469e+01 -1.79997558e+02 
 2.32630507e+01  5.99807965e+01  2.32630507e+01 -1.79997363e+02 
 2.51188643e+01  5.99807965e+01  2.51188643e+01 -1.79997153e+02 
 2.71227258e+01  5.99807965e+01  2.71227258e+01 -1.79996926e+02 
 2.92864456e+01  5.99807965e+01  2.92864456e+01 -1.79996680e+02 
 3.16227766e+01  5.99807965e+01  3.16227766e+01 -1.79996416e+02 
 3.41454887e+01  5.99807965e+01  3.41454887e+01 -1.79996130e+02 
 3.68694506e+01  5.99807965e+01  3.68694506e+01 -1.79995821e+02 
 3.98107171e+01  5.99807965e+01  3.98107171e+01 -1.79995487e+02 
 4.29866235e+01  5.99807965e+01  4.29866235e+01 -1.79995128e+02 
 4.64158883e+01  5.99807965e+01  4.64158883e+01 -1.79994739e+02 
 5.01187234e+01  5.99807965e+01  5.01187234e+01 -1.79994319e+02 
 5.41169527e+01  5.99807965e+01  5.41169527e+01 -1.79993866e+02 
 5.84341413e+01  5.99807965e+01  5.84341413e+01 -1.79993377e+02 
 6.30957344e+01  5.99807965e+01  6.30957344e+01 -1.79992848e+02 
 6.81292069e+01  5.99807964e+01  6.81292069e+01 -1.79992278e+02 
 7.35642254e+01  5.99807964e+01  7.35642254e+01 -1.79991662e+02 
 7.94328235e+01  5.99807964e+01  7.94328235e+01 -1.79990996e+02 
 8.57695899e+01  5.99807964e+01  8.57695899e+01 -1.79990278e+02 
 9.26118728e+01  5.99807964e+01  9.26118728e+01 -1.79989503e+02 
 1.00000000e+02  5.99807963e+01  1.00000000e+02 -1.79988665e+02 
 1.07977516e+02  5.99807963e+01  1.07977516e+02 -1.79987761e+02 
 1.16591440e+02  5.99807962e+01  1.16591440e+02 -1.79986784e+02 
 1.25892541e+02  5.99807962e+01  1.25892541e+02 -1.79985730e+02 
 1.35935639e+02  5.99807961e+01  1.35935639e+02 -1.79984592e+02 
 1.46779927e+02  5.99807961e+01  1.46779927e+02 -1.79983363e+02 
 1.58489319e+02  5.99807960e+01  1.58489319e+02 -1.79982035e+02 
 1.71132830e+02  5.99807959e+01  1.71132830e+02 -1.79980602e+02 
 1.84784980e+02  5.99807958e+01  1.84784980e+02 -1.79979055e+02 
 1.99526231e+02  5.99807957e+01  1.99526231e+02 -1.79977384e+02 
 2.15443469e+02  5.99807955e+01  2.15443469e+02 -1.79975580e+02 
 2.32630507e+02  5.99807954e+01  2.32630507e+02 -1.79973632e+02 
 2.51188643e+02  5.99807952e+01  2.51188643e+02 -1.79971528e+02 
 2.71227258e+02  5.99807949e+01  2.71227258e+02 -1.79969257e+02 
 2.92864456e+02  5.99807947e+01  2.92864456e+02 -1.79966804e+02 
 3.16227766e+02  5.99807943e+01  3.16227766e+02 -1.79964156e+02 
 3.41454887e+02  5.99807940e+01  3.41454887e+02 -1.79961296e+02 
 3.68694506e+02  5.99807936e+01  3.68694506e+02 -1.79958209e+02 
 3.98107171e+02  5.99807931e+01  3.98107171e+02 -1.79954875e+02 
 4.29866235e+02  5.99807925e+01  4.29866235e+02 -1.79951275e+02 
 4.64158883e+02  5.99807918e+01  4.64158883e+02 -1.79947388e+02 
 5.01187234e+02  5.99807910e+01  5.01187234e+02 -1.79943191e+02 
 5.41169527e+02  5.99807901e+01  5.41169527e+02 -1.79938659e+02 
 5.84341413e+02  5.99807891e+01  5.84341413e+02 -1.79933765e+02 
 6.30957344e+02  5.99807878e+01  6.30957344e+02 -1.79928482e+02 
 6.81292069e+02  5.99807863e+01  6.81292069e+02 -1.79922776e+02 
 7.35642254e+02  5.99807847e+01  7.35642254e+02 -1.79916616e+02 
 7.94328235e+02  5.99807827e+01  7.94328235e+02 -1.79909964e+02 
 8.57695899e+02  5.99807804e+01  8.57695899e+02 -1.79902781e+02 
 9.26118728e+02  5.99807777e+01  9.26118728e+02 -1.79895025e+02 
 1.00000000e+03  5.99807746e+01  1.00000000e+03 -1.79886651e+02 
 1.07977516e+03  5.99807709e+01  1.07977516e+03 -1.79877609e+02 
 1.16591440e+03  5.99807667e+01  1.16591440e+03 -1.79867845e+02 
 1.25892541e+03  5.99807617e+01  1.25892541e+03 -1.79857302e+02 
 1.35935639e+03  5.99807559e+01  1.35935639e+03 -1.79845919e+02 
 1.46779927e+03  5.99807492e+01  1.46779927e+03 -1.79833627e+02 
 1.58489319e+03  5.99807414e+01  1.58489319e+03 -1.79820355e+02 
 1.71132830e+03  5.99807322e+01  1.71132830e+03 -1.79806024e+02 
 1.84784980e+03  5.99807216e+01  1.84784980e+03 -1.79790549e+02 
 1.99526231e+03  5.99807091e+01  1.99526231e+03 -1.79773840e+02 
 2.15443469e+03  5.99806946e+01  2.15443469e+03 -1.79755799e+02 
 2.32630507e+03  5.99806777e+01  2.32630507e+03 -1.79736318e+02 
 2.51188643e+03  5.99806579e+01  2.51188643e+03 -1.79715283e+02 
 2.71227258e+03  5.99806349e+01  2.71227258e+03 -1.79692571e+02 
 2.92864456e+03  5.99806081e+01  2.92864456e+03 -1.79668046e+02 
 3.16227766e+03  5.99805768e+01  3.16227766e+03 -1.79641565e+02 
 3.41454887e+03  5.99805403e+01  3.41454887e+03 -1.79612972e+02 
 3.68694506e+03  5.99804979e+01  3.68694506e+03 -1.79582099e+02 
 3.98107171e+03  5.99804484e+01  3.98107171e+03 -1.79548763e+02 
 4.29866235e+03  5.99803906e+01  4.29866235e+03 -1.79512767e+02 
 4.64158883e+03  5.99803232e+01  4.64158883e+03 -1.79473901e+02 
 5.01187234e+03  5.99802447e+01  5.01187234e+03 -1.79431936e+02 
 5.41169527e+03  5.99801532e+01  5.41169527e+03 -1.79386623e+02 
 5.84341413e+03  5.99800464e+01  5.84341413e+03 -1.79337697e+02 
 6.30957344e+03  5.99799219e+01  6.30957344e+03 -1.79284869e+02 
 6.81292069e+03  5.99797768e+01  6.81292069e+03 -1.79227829e+02 
 7.35642254e+03  5.99796077e+01  7.35642254e+03 -1.79166241e+02 
 7.94328235e+03  5.99794105e+01  7.94328235e+03 -1.79099743e+02 
 8.57695899e+03  5.99791805e+01  8.57695899e+03 -1.79027944e+02 
 9.26118728e+03  5.99789124e+01  9.26118728e+03 -1.78950423e+02 
 1.00000000e+04  5.99785999e+01  1.00000000e+04 -1.78866723e+02 
 1.07977516e+04  5.99782356e+01  1.07977516e+04 -1.78776354e+02 
 1.16591440e+04  5.99778109e+01  1.16591440e+04 -1.78678786e+02 
 1.25892541e+04  5.99773156e+01  1.25892541e+04 -1.78573446e+02 
 1.35935639e+04  5.99767384e+01  1.35935639e+04 -1.78459719e+02 
 1.46779927e+04  5.99760654e+01  1.46779927e+04 -1.78336939e+02 
 1.58489319e+04  5.99752809e+01  1.58489319e+04 -1.78204390e+02 
 1.71132830e+04  5.99743665e+01  1.71132830e+04 -1.78061297e+02 
 1.84784980e+04  5.99733006e+01  1.84784980e+04 -1.77906829e+02 
 1.99526231e+04  5.99720582e+01  1.99526231e+04 -1.77740087e+02 
 2.15443469e+04  5.99706100e+01  2.15443469e+04 -1.77560106e+02 
 2.32630507e+04  5.99689221e+01  2.32630507e+04 -1.77365846e+02 
 2.51188643e+04  5.99669551e+01  2.51188643e+04 -1.77156187e+02 
 2.71227258e+04  5.99646628e+01  2.71227258e+04 -1.76929927e+02 
 2.92864456e+04  5.99619916e+01  2.92864456e+04 -1.76685773e+02 
 3.16227766e+04  5.99588794e+01  3.16227766e+04 -1.76422338e+02 
 3.41454887e+04  5.99552535e+01  3.41454887e+04 -1.76138135e+02 
 3.68694506e+04  5.99510298e+01  3.68694506e+04 -1.75831570e+02 
 3.98107171e+04  5.99461103e+01  3.98107171e+04 -1.75500939e+02 
 4.29866235e+04  5.99403816e+01  4.29866235e+04 -1.75144422e+02 
 4.64158883e+04  5.99337118e+01  4.64158883e+04 -1.74760079e+02 
 5.01187234e+04  5.99259480e+01  5.01187234e+04 -1.74345847e+02 
 5.41169527e+04  5.99169131e+01  5.41169527e+04 -1.73899539e+02 
 5.84341413e+04  5.99064027e+01  5.84341413e+04 -1.73418840e+02 
 6.30957344e+04  5.98941797e+01  6.30957344e+04 -1.72901315e+02 
 6.81292069e+04  5.98799713e+01  6.81292069e+04 -1.72344410e+02 
 7.35642254e+04  5.98634629e+01  7.35642254e+04 -1.71745459e+02 
 7.94328235e+04  5.98442931e+01  7.94328235e+04 -1.71101704e+02 
 8.57695899e+04  5.98220470e+01  8.57695899e+04 -1.70410308e+02 
 9.26118728e+04  5.97962503e+01  9.26118728e+04 -1.69668384e+02 
 1.00000000e+05  5.97663623e+01  1.00000000e+05 -1.68873031e+02 
 1.07977516e+05  5.97317681e+01  1.07977516e+05 -1.68021380e+02 
 1.16591440e+05  5.96917728e+01  1.16591440e+05 -1.67110649e+02 
 1.25892541e+05  5.96455931e+01  1.25892541e+05 -1.66138215e+02 
 1.35935639e+05  5.95923525e+01  1.35935639e+05 -1.65101703e+02 
 1.46779927e+05  5.95310757e+01  1.46779927e+05 -1.63999086e+02 
 1.58489319e+05  5.94606858e+01  1.58489319e+05 -1.62828806e+02 
 1.71132830e+05  5.93800040e+01  1.71132830e+05 -1.61589907e+02 
 1.84784980e+05  5.92877526e+01  1.84784980e+05 -1.60282192e+02 
 1.99526231e+05  5.91825628e+01  1.99526231e+05 -1.58906379e+02 
 2.15443469e+05  5.90629871e+01  2.15443469e+05 -1.57464269e+02 
 2.32630507e+05  5.89275190e+01  2.32630507e+05 -1.55958912e+02 
 2.51188643e+05  5.87746178e+01  2.51188643e+05 -1.54394755e+02 
 2.71227258e+05  5.86027409e+01  2.71227258e+05 -1.52777766e+02 
 2.92864456e+05  5.84103814e+01  2.92864456e+05 -1.51115519e+02 
 3.16227766e+05  5.81961108e+01  3.16227766e+05 -1.49417223e+02 
 3.41454887e+05  5.79586240e+01  3.41454887e+05 -1.47693682e+02 
 3.68694506e+05  5.76967840e+01  3.68694506e+05 -1.45957186e+02 
 3.98107171e+05  5.74096626e+01  3.98107171e+05 -1.44221326e+02 
 4.29866235e+05  5.70965753e+01  4.29866235e+05 -1.42500731e+02 
 4.64158883e+05  5.67571041e+01  4.64158883e+05 -1.40810757e+02 
 5.01187234e+05  5.63911091e+01  5.01187234e+05 -1.39167128e+02 
 5.41169527e+05  5.59987256e+01  5.41169527e+05 -1.37585571e+02 
 5.84341413e+05  5.55803466e+01  5.84341413e+05 -1.36081457e+02 
 6.30957344e+05  5.51365935e+01  6.30957344e+05 -1.34669487e+02 
 6.81292069e+05  5.46682754e+01  6.81292069e+05 -1.33363421e+02 
 7.35642254e+05  5.41763416e+01  7.35642254e+05 -1.32175885e+02 
 7.94328235e+05  5.36618302e+01  7.94328235e+05 -1.31118250e+02 
 8.57695899e+05  5.31258159e+01  8.57695899e+05 -1.30200579e+02 
 9.26118728e+05  5.25693603e+01  9.26118728e+05 -1.29431628e+02 
 1.00000000e+06  5.19934662e+01  1.00000000e+06 -1.28818909e+02 
 1.07977516e+06  5.13990377e+01  1.07977516e+06 -1.28368773e+02 
 1.16591440e+06  5.07868472e+01  1.16591440e+06 -1.28086510e+02 
 1.25892541e+06  5.01575085e+01  1.25892541e+06 -1.27976463e+02 
 1.35935639e+06  4.95114565e+01  1.35935639e+06 -1.28042116e+02 
 1.46779927e+06  4.88489340e+01  1.46779927e+06 -1.28286174e+02 
 1.58489319e+06  4.81699836e+01  1.58489319e+06 -1.28710614e+02 
 1.71132830e+06  4.74744453e+01  1.71132830e+06 -1.29316701e+02 
 1.84784980e+06  4.67619604e+01  1.84784980e+06 -1.30104981e+02 
 1.99526231e+06  4.60319807e+01  1.99526231e+06 -1.31075240e+02 
 2.15443469e+06  4.52837836e+01  2.15443469e+06 -1.32226444e+02 
 2.32630507e+06  4.45164939e+01  2.32630507e+06 -1.33556657e+02 
 2.51188643e+06  4.37291120e+01  2.51188643e+06 -1.35062962e+02 
 2.71227258e+06  4.29205484e+01  2.71227258e+06 -1.36741388e+02 
 2.92864456e+06  4.20896643e+01  2.92864456e+06 -1.38586858e+02 
 3.16227766e+06  4.12353178e+01  3.16227766e+06 -1.40593181e+02 
 3.41454887e+06  4.03564122e+01  3.41454887e+06 -1.42753102e+02 
 3.68694506e+06  3.94519463e+01  3.68694506e+06 -1.45058410e+02 
 3.98107171e+06  3.85210612e+01  3.98107171e+06 -1.47500133e+02 
 4.29866235e+06  3.75630816e+01  4.29866235e+06 -1.50068801e+02 
 4.64158883e+06  3.65775484e+01  4.64158883e+06 -1.52754780e+02 
 5.01187234e+06  3.55642376e+01  5.01187234e+06 -1.55548668e+02 
 5.41169527e+06  3.45231649e+01  5.41169527e+06 -1.58441714e+02 
 5.84341413e+06  3.34545754e+01  5.84341413e+06 -1.61426264e+02 
 6.30957344e+06  3.23589161e+01  6.30957344e+06 -1.64496193e+02 
 6.81292069e+06  3.12367951e+01  6.81292069e+06 -1.67647307e+02 
 7.35642254e+06  3.00889288e+01  7.35642254e+06 -1.70877719e+02 
 7.94328235e+06  2.89160785e+01  7.94328235e+06 -1.74188179e+02 
 8.57695899e+06  2.77189809e+01  8.57695899e+06 -1.77582394e+02 
 9.26118728e+06  2.64982730e+01  9.26118728e+06 -1.81067342e+02 
 1.00000000e+07  2.52544134e+01  1.00000000e+07 -1.84653648e+02 
 1.07977516e+07  2.39876005e+01  1.07977516e+07 -1.88356049e+02 
 1.16591440e+07  2.26976884e+01  1.16591440e+07 -1.92194074e+02 
 1.25892541e+07  2.13841010e+01  1.25892541e+07 -1.96193021e+02 
 1.35935639e+07  2.00457491e+01  1.35935639e+07 -2.00385423e+02 
 1.46779927e+07  1.86809602e+01  1.46779927e+07 -2.04813254e+02 
 1.58489319e+07  1.72874470e+01  1.58489319e+07 -2.09531234e+02 
 1.71132830e+07  1.58623715e+01  1.71132830e+07 -2.14611803e+02 
 1.84784980e+07  1.44026273e+01  1.84784980e+07 -2.20152542e+02 
 1.99526231e+07  1.29056004e+01  1.99526231e+07 -2.26287109e+02 
 2.15443469e+07  1.13709507e+01  2.15443469e+07 -2.33200714e+02 
 2.32630507e+07  9.80450831e+00  2.32630507e+07 -2.41149856e+02 
 2.51188643e+07  8.22629630e+00  2.51188643e+07 -2.50480128e+02 
 2.71227258e+07  6.68549872e+00  2.71227258e+07 -2.61617212e+02 
 2.92864456e+07  5.28257969e+00  2.92864456e+07 -2.74963139e+02 
 3.16227766e+07  4.18298658e+00  3.16227766e+07 -2.90590076e+02 
 3.41454887e+07  3.57589629e+00  3.41454887e+07 -3.07779288e+02 
 3.68694506e+07  3.55424414e+00  3.68694506e+07 -3.24963438e+02 
 3.98107171e+07  4.03346761e+00  3.98107171e+07 -3.40551420e+02 
 4.29866235e+07  4.82710044e+00  4.29866235e+07 -3.53781718e+02 
 4.64158883e+07  5.76865245e+00  4.64158883e+07 -3.64699629e+02 
 5.01187234e+07  6.75646888e+00  5.01187234e+07 -3.73697998e+02 
 5.41169527e+07  7.74125762e+00  5.41169527e+07 -3.81200625e+02 
 5.84341413e+07  8.70384085e+00  5.84341413e+07 -3.87551884e+02 
 6.30957344e+07  9.63985109e+00  6.30957344e+07 -3.93005265e+02 
 6.81292069e+07  1.05514797e+01  6.81292069e+07 -3.97740525e+02 
 7.35642254e+07  1.14434560e+01  7.35642254e+07 -4.01883277e+02 
 7.94328235e+07  1.23211942e+01  7.94328235e+07 -4.05520333e+02 
 8.57695899e+07  1.31899764e+01  8.57695899e+07 -4.08710410e+02 
 9.26118728e+07  1.40546048e+01  9.26118728e+07 -4.11491192e+02 
 1.00000000e+08  1.49192422e+01  1.00000000e+08 -4.13883823e+02 
 1.07977516e+08  1.57872986e+01  1.07977516e+08 -4.15895674e+02 
 1.16591440e+08  1.66612877e+01  1.16591440e+08 -4.17521990e+02 
 1.25892541e+08  1.75426036e+01  1.25892541e+08 -4.18746962e+02 
 1.35935639e+08  1.84311882e+01  1.35935639e+08 -4.19544684e+02 
 1.46779927e+08  1.93250723e+01  1.46779927e+08 -4.19880593e+02 
 1.58489319e+08  2.02198065e+01  1.58489319e+08 -4.19714042e+02 
 1.71132830e+08  2.11078474e+01  1.71132830e+08 -4.19002843e+02 
 1.84784980e+08  2.19780572e+01  1.84784980e+08 -4.17710503e+02 
 1.99526231e+08  2.28155826e+01  1.99526231e+08 -4.15816475e+02 
 2.15443469e+08  2.36024783e+01  2.15443469e+08 -4.13328505e+02 
 2.32630507e+08  2.43193952e+01  2.32630507e+08 -4.10294263e+02 
 2.51188643e+08  2.49483555e+01  2.51188643e+08 -4.06807481e+02 
 2.71227258e+08  2.54760572e+01  2.71227258e+08 -4.03003632e+02 
 2.92864456e+08  2.58965976e+01  2.92864456e+08 -3.99043471e+02 
 3.16227766e+08  2.62124818e+01  3.16227766e+08 -3.95088647e+02 
 3.41454887e+08  2.64335111e+01  3.41454887e+08 -3.91278087e+02 
 3.68694506e+08  2.65741628e+01  3.68694506e+08 -3.87713112e+02 
 3.98107171e+08  2.66506173e+01  3.98107171e+08 -3.84454033e+02 
 4.29866235e+08  2.66783892e+01  4.29866235e+08 -3.81525618e+02 
 4.64158883e+08  2.66709459e+01  4.64158883e+08 -3.78926657e+02 
 5.01187234e+08  2.66392042e+01  5.01187234e+08 -3.76639635e+02 
 5.41169527e+08  2.65916002e+01  5.41169527e+08 -3.74638448e+02 
 5.84341413e+08  2.65344335e+01  5.84341413e+08 -3.72893686e+02 
 6.30957344e+08  2.64722890e+01  6.30957344e+08 -3.71375852e+02 
 6.81292069e+08  2.64084301e+01  6.81292069e+08 -3.70057100e+02 
 7.35642254e+08  2.63451270e+01  7.35642254e+08 -3.68912040e+02 
 7.94328235e+08  2.62839136e+01  7.94328235e+08 -3.67918005e+02 
 8.57695899e+08  2.62257823e+01  8.57695899e+08 -3.67055031e+02 
 9.26118728e+08  2.61713309e+01  9.26118728e+08 -3.66305693e+02 
 1.00000000e+09  2.61208731e+01  1.00000000e+09 -3.65654878e+02 
