 1.00000000e+00  6.17387902e+01  1.00000000e+00 -1.66089956e-04 
 1.07977516e+00  6.17387902e+01  1.07977516e+00 -1.79339810e-04 
 1.16591440e+00  6.17387902e+01  1.16591440e+00 -1.93646672e-04 
 1.25892541e+00  6.17387902e+01  1.25892541e+00 -2.09094867e-04 
 1.35935639e+00  6.17387902e+01  1.35935639e+00 -2.25775444e-04 
 1.46779927e+00  6.17387902e+01  1.46779927e+00 -2.43786716e-04 
 1.58489319e+00  6.17387902e+01  1.58489319e+00 -2.63234841e-04 
 1.71132830e+00  6.17387902e+01  1.71132830e+00 -2.84234444e-04 
 1.84784980e+00  6.17387902e+01  1.84784980e+00 -3.06909292e-04 
 1.99526231e+00  6.17387902e+01  1.99526231e+00 -3.31393031e-04 
 2.15443469e+00  6.17387902e+01  2.15443469e+00 -3.57829964e-04 
 2.32630507e+00  6.17387902e+01  2.32630507e+00 -3.86375907e-04 
 2.51188643e+00  6.17387902e+01  2.51188643e+00 -4.17199108e-04 
 2.71227258e+00  6.17387902e+01  2.71227258e+00 -4.50481235e-04 
 2.92864456e+00  6.17387902e+01  2.92864456e+00 -4.86418448e-04 
 3.16227766e+00  6.17387902e+01  3.16227766e+00 -5.25222559e-04 
 3.41454887e+00  6.17387902e+01  3.41454887e+00 -5.67122274e-04 
 3.68694506e+00  6.17387902e+01  3.68694506e+00 -6.12364545e-04 
 3.98107171e+00  6.17387902e+01  3.98107171e+00 -6.61216026e-04 
 4.29866235e+00  6.17387902e+01  4.29866235e+00 -7.13964642e-04 
 4.64158883e+00  6.17387902e+01  4.64158883e+00 -7.70921287e-04 
 5.01187234e+00  6.17387902e+01  5.01187234e+00 -8.32421658e-04 
 5.41169527e+00  6.17387902e+01  5.41169527e+00 -8.98828231e-04 
 5.84341413e+00  6.17387902e+01  5.84341413e+00 -9.70532399e-04 
 6.30957344e+00  6.17387902e+01  6.30957344e+00 -1.04795678e-03 
 6.81292069e+00  6.17387902e+01  6.81292069e+00 -1.13155770e-03 
 7.35642254e+00  6.17387902e+01  7.35642254e+00 -1.22182790e-03 
 7.94328235e+00  6.17387902e+01  7.94328235e+00 -1.31929942e-03 
 8.57695899e+00  6.17387902e+01  8.57695899e+00 -1.42454674e-03 
 9.26118728e+00  6.17387902e+01  9.26118728e+00 -1.53819019e-03 
 1.00000000e+01  6.17387902e+01  1.00000000e+01 -1.66089956e-03 
 1.07977516e+01  6.17387902e+01  1.07977516e+01 -1.79339810e-03 
 1.16591440e+01  6.17387902e+01  1.16591440e+01 -1.93646672e-03 
 1.25892541e+01  6.17387902e+01  1.25892541e+01 -2.09094867e-03 
 1.35935639e+01  6.17387902e+01  1.35935639e+01 -2.25775444e-03 
 1.46779927e+01  6.17387902e+01  1.46779927e+01 -2.43786716e-03 
 1.58489319e+01  6.17387902e+01  1.58489319e+01 -2.63234841e-03 
 1.71132830e+01  6.17387902e+01  1.71132830e+01 -2.84234443e-03 
 1.84784980e+01  6.17387902e+01  1.84784980e+01 -3.06909292e-03 
 1.99526231e+01  6.17387902e+01  1.99526231e+01 -3.31393031e-03 
 2.15443469e+01  6.17387902e+01  2.15443469e+01 -3.57829964e-03 
 2.32630507e+01  6.17387902e+01  2.32630507e+01 -3.86375907e-03 
 2.51188643e+01  6.17387902e+01  2.51188643e+01 -4.17199108e-03 
 2.71227258e+01  6.17387902e+01  2.71227258e+01 -4.50481234e-03 
 2.92864456e+01  6.17387902e+01  2.92864456e+01 -4.86418447e-03 
 3.16227766e+01  6.17387902e+01  3.16227766e+01 -5.25222558e-03 
 3.41454887e+01  6.17387902e+01  3.41454887e+01 -5.67122273e-03 
 3.68694506e+01  6.17387902e+01  3.68694506e+01 -6.12364544e-03 
 3.98107171e+01  6.17387902e+01  3.98107171e+01 -6.61216024e-03 
 4.29866235e+01  6.17387902e+01  4.29866235e+01 -7.13964639e-03 
 4.64158883e+01  6.17387902e+01  4.64158883e+01 -7.70921284e-03 
 5.01187234e+01  6.17387902e+01  5.01187234e+01 -8.32421654e-03 
 5.41169527e+01  6.17387901e+01  5.41169527e+01 -8.98828226e-03 
 5.84341413e+01  6.17387901e+01  5.84341413e+01 -9.70532393e-03 
 6.30957344e+01  6.17387901e+01  6.30957344e+01 -1.04795677e-02 
 6.81292069e+01  6.17387901e+01  6.81292069e+01 -1.13155769e-02 
 7.35642254e+01  6.17387901e+01  7.35642254e+01 -1.22182789e-02 
 7.94328235e+01  6.17387900e+01  7.94328235e+01 -1.31929940e-02 
 8.57695899e+01  6.17387900e+01  8.57695899e+01 -1.42454672e-02 
 9.26118728e+01  6.17387900e+01  9.26118728e+01 -1.53819017e-02 
 1.00000000e+02  6.17387899e+01  1.00000000e+02 -1.66089953e-02 
 1.07977516e+02  6.17387899e+01  1.07977516e+02 -1.79339806e-02 
 1.16591440e+02  6.17387898e+01  1.16591440e+02 -1.93646667e-02 
 1.25892541e+02  6.17387898e+01  1.25892541e+02 -2.09094860e-02 
 1.35935639e+02  6.17387897e+01  1.35935639e+02 -2.25775435e-02 
 1.46779927e+02  6.17387896e+01  1.46779927e+02 -2.43786706e-02 
 1.58489319e+02  6.17387895e+01  1.58489319e+02 -2.63234828e-02 
 1.71132830e+02  6.17387894e+01  1.71132830e+02 -2.84234427e-02 
 1.84784980e+02  6.17387892e+01  1.84784980e+02 -3.06909271e-02 
 1.99526231e+02  6.17387891e+01  1.99526231e+02 -3.31393005e-02 
 2.15443469e+02  6.17387889e+01  2.15443469e+02 -3.57829931e-02 
 2.32630507e+02  6.17387886e+01  2.32630507e+02 -3.86375865e-02 
 2.51188643e+02  6.17387884e+01  2.51188643e+02 -4.17199055e-02 
 2.71227258e+02  6.17387881e+01  2.71227258e+02 -4.50481168e-02 
 2.92864456e+02  6.17387877e+01  2.92864456e+02 -4.86418365e-02 
 3.16227766e+02  6.17387872e+01  3.16227766e+02 -5.25222451e-02 
 3.41454887e+02  6.17387868e+01  3.41454887e+02 -5.67122138e-02 
 3.68694506e+02  6.17387862e+01  3.68694506e+02 -6.12364375e-02 
 3.98107171e+02  6.17387855e+01  3.98107171e+02 -6.61215813e-02 
 4.29866235e+02  6.17387847e+01  4.29866235e+02 -7.13964374e-02 
 4.64158883e+02  6.17387838e+01  4.64158883e+02 -7.70920951e-02 
 5.01187234e+02  6.17387828e+01  5.01187234e+02 -8.32421235e-02 
 5.41169527e+02  6.17387815e+01  5.41169527e+02 -8.98827694e-02 
 5.84341413e+02  6.17387801e+01  5.84341413e+02 -9.70531725e-02 
 6.30957344e+02  6.17387784e+01  6.30957344e+02 -1.04795593e-01 
 6.81292069e+02  6.17387765e+01  6.81292069e+02 -1.13155664e-01 
 7.35642254e+02  6.17387742e+01  7.35642254e+02 -1.22182656e-01 
 7.94328235e+02  6.17387715e+01  7.94328235e+02 -1.31929773e-01 
 8.57695899e+02  6.17387684e+01  8.57695899e+02 -1.42454462e-01 
 9.26118728e+02  6.17387648e+01  9.26118728e+02 -1.53818752e-01 
 1.00000000e+03  6.17387605e+01  1.00000000e+03 -1.66089619e-01 
 1.07977516e+03  6.17387556e+01  1.07977516e+03 -1.79339385e-01 
 1.16591440e+03  6.17387499e+01  1.16591440e+03 -1.93646138e-01 
 1.25892541e+03  6.17387432e+01  1.25892541e+03 -2.09094194e-01 
 1.35935639e+03  6.17387353e+01  1.35935639e+03 -2.25774596e-01 
 1.46779927e+03  6.17387263e+01  1.46779927e+03 -2.43785651e-01 
 1.58489319e+03  6.17387156e+01  1.58489319e+03 -2.63233498e-01 
 1.71132830e+03  6.17387032e+01  1.71132830e+03 -2.84232753e-01 
 1.84784980e+03  6.17386887e+01  1.84784980e+03 -3.06907162e-01 
 1.99526231e+03  6.17386719e+01  1.99526231e+03 -3.31390349e-01 
 2.15443469e+03  6.17386523e+01  2.15443469e+03 -3.57826589e-01 
 2.32630507e+03  6.17386294e+01  2.32630507e+03 -3.86371659e-01 
 2.51188643e+03  6.17386028e+01  2.51188643e+03 -4.17193761e-01 
 2.71227258e+03  6.17385717e+01  2.71227258e+03 -4.50474504e-01 
 2.92864456e+03  6.17385354e+01  2.92864456e+03 -4.86409974e-01 
 3.16227766e+03  6.17384932e+01  3.16227766e+03 -5.25211892e-01 
 3.41454887e+03  6.17384439e+01  3.41454887e+03 -5.67108845e-01 
 3.68694506e+03  6.17383864e+01  3.68694506e+03 -6.12347635e-01 
 3.98107171e+03  6.17383194e+01  3.98107171e+03 -6.61194738e-01 
 4.29866235e+03  6.17382413e+01  4.29866235e+03 -7.13937847e-01 
 4.64158883e+03  6.17381503e+01  4.64158883e+03 -7.70887555e-01 
 5.01187234e+03  6.17380441e+01  5.01187234e+03 -8.32379190e-01 
 5.41169527e+03  6.17379203e+01  5.41169527e+03 -8.98774769e-01 
 5.84341413e+03  6.17377760e+01  5.84341413e+03 -9.70465097e-01 
 6.30957344e+03  6.17376077e+01  6.30957344e+03 -1.04787205e+00 
 6.81292069e+03  6.17374115e+01  6.81292069e+03 -1.13145103e+00 
 7.35642254e+03  6.17371828e+01  7.35642254e+03 -1.22169361e+00 
 7.94328235e+03  6.17369162e+01  7.94328235e+03 -1.31913038e+00 
 8.57695899e+03  6.17366054e+01  8.57695899e+03 -1.42433395e+00 
 9.26118728e+03  6.17362430e+01  9.26118728e+03 -1.53792232e+00 
 1.00000000e+04  6.17358205e+01  1.00000000e+04 -1.66056233e+00 
 1.07977516e+04  6.17353279e+01  1.07977516e+04 -1.79297357e+00 
 1.16591440e+04  6.17347538e+01  1.16591440e+04 -1.93593232e+00 
 1.25892541e+04  6.17340844e+01  1.25892541e+04 -2.09027595e+00 
 1.35935639e+04  6.17333042e+01  1.35935639e+04 -2.25690765e+00 
 1.46779927e+04  6.17323946e+01  1.46779927e+04 -2.43680125e+00 
 1.58489319e+04  6.17313344e+01  1.58489319e+04 -2.63100670e+00 
 1.71132830e+04  6.17300985e+01  1.71132830e+04 -2.84065560e+00 
 1.84784980e+04  6.17286581e+01  1.84784980e+04 -3.06696722e+00 
 1.99526231e+04  6.17269792e+01  1.99526231e+04 -3.31125480e+00 
 2.15443469e+04  6.17250226e+01  2.15443469e+04 -3.57493228e+00 
 2.32630507e+04  6.17227426e+01  2.32630507e+04 -3.85952118e+00 
 2.51188643e+04  6.17200854e+01  2.51188643e+04 -4.16665769e+00 
 2.71227258e+04  6.17169897e+01  2.71227258e+04 -4.49810089e+00 
 2.92864456e+04  6.17133832e+01  2.92864456e+04 -4.85573950e+00 
 3.16227766e+04  6.17091818e+01  3.16227766e+04 -5.24160002e+00 
 3.41454887e+04  6.17042884e+01  3.41454887e+04 -5.65785492e+00 
 3.68694506e+04  6.16985901e+01  3.68694506e+04 -6.10682952e+00 
 3.98107171e+04  6.16919555e+01  3.98107171e+04 -6.59100954e+00 
 4.29866235e+04  6.16842327e+01  4.29866235e+04 -7.11304737e+00 
 4.64158883e+04  6.16752455e+01  4.64158883e+04 -7.67576783e+00 
 5.01187234e+04  6.16647903e+01  5.01187234e+04 -8.28217213e+00 
 5.41169527e+04  6.16526316e+01  5.41169527e+04 -8.93543976e+00 
 5.84341413e+04  6.16384975e+01  5.84341413e+04 -9.63892807e+00 
 6.30957344e+04  6.16220753e+01  6.30957344e+04 -1.03961686e+01 
 6.81292069e+04  6.16030050e+01  6.81292069e+04 -1.12108584e+01 
 7.35642254e+04  6.15808741e+01  7.35642254e+04 -1.20868470e+01 
 7.94328235e+04  6.15552102e+01  7.94328235e+04 -1.30281146e+01 
 8.57695899e+04  6.15254750e+01  8.57695899e+04 -1.40387450e+01 
 9.26118728e+04  6.14910567e+01  9.26118728e+04 -1.51228864e+01 
 1.00000000e+05  6.14512629e+01  1.00000000e+05 -1.62847021e+01 
 1.07977516e+05  6.14053141e+01  1.07977516e+05 -1.75283071e+01 
 1.16591440e+05  6.13523367e+01  1.16591440e+05 -1.88576903e+01 
 1.25892541e+05  6.12913594e+01  1.25892541e+05 -2.02766235e+01 
 1.35935639e+05  6.12213086e+01  1.35935639e+05 -2.17885489e+01 
 1.46779927e+05  6.11410095e+01  1.46779927e+05 -2.33964571e+01 
 1.58489319e+05  6.10491880e+01  1.58489319e+05 -2.51027461e+01 
 1.71132830e+05  6.09444783e+01  1.71132830e+05 -2.69090717e+01 
 1.84784980e+05  6.08254360e+01  1.84784980e+05 -2.88161943e+01 
 1.99526231e+05  6.06905567e+01  1.99526231e+05 -3.08238278e+01 
 2.15443469e+05  6.05383007e+01  2.15443469e+05 -3.29305027e+01 
 2.32630507e+05  6.03671257e+01  2.32630507e+05 -3.51334557e+01 
 2.51188643e+05  6.01755236e+01  2.51188643e+05 -3.74285622e+01 
 2.71227258e+05  5.99620635e+01  2.71227258e+05 -3.98103189e+01 
 2.92864456e+05  5.97254365e+01  2.92864456e+05 -4.22718966e+01 
 3.16227766e+05  5.94645002e+01  3.16227766e+05 -4.48052664e+01 
 3.41454887e+05  5.91783203e+01  3.41454887e+05 -4.74014007e+01 
 3.68694506e+05  5.88662051e+01  3.68694506e+05 -5.00505479e+01 
 3.98107171e+05  5.85277293e+01  3.98107171e+05 -5.27425652e+01 
 4.29866235e+05  5.81627456e+01  4.29866235e+05 -5.54672833e+01 
 4.64158883e+05  5.77713826e+01  4.64158883e+05 -5.82148968e+01 
 5.01187234e+05  5.73540282e+01  5.01187234e+05 -6.09763302e+01 
 5.41169527e+05  5.69112997e+01  5.41169527e+05 -6.37435684e+01 
 5.84341413e+05  5.64440045e+01  5.84341413e+05 -6.65099317e+01 
 6.30957344e+05  5.59530923e+01  6.30957344e+05 -6.92702723e+01 
 6.81292069e+05  5.54396040e+01  6.81292069e+05 -7.20210941e+01 
 7.35642254e+05  5.49046196e+01  7.35642254e+05 -7.47605916e+01 
 7.94328235e+05  5.43492084e+01  7.94328235e+05 -7.74886205e+01 
 8.57695899e+05  5.37743828e+01  8.57695899e+05 -8.02065989e+01 
 9.26118728e+05  5.31810592e+01  9.26118728e+05 -8.29173661e+01 
 1.00000000e+06  5.25700235e+01  1.00000000e+06 -8.56250012e+01 
 1.07977516e+06  5.19419051e+01  1.07977516e+06 -8.83346144e+01 
 1.16591440e+06  5.12971562e+01  1.16591440e+06 -9.10521241e+01 
 1.25892541e+06  5.06360376e+01  1.25892541e+06 -9.37840212e+01 
 1.35935639e+06  4.99586111e+01  1.35935639e+06 -9.65371309e+01 
 1.46779927e+06  4.92647363e+01  1.46779927e+06 -9.93183710e+01 
 1.58489319e+06  4.85540744e+01  1.58489319e+06 -1.02134512e+02 
 1.71132830e+06  4.78260968e+01  1.71132830e+06 -1.04991940e+02 
 1.84784980e+06  4.70800993e+01  1.84784980e+06 -1.07896432e+02 
 1.99526231e+06  4.63152240e+01  1.99526231e+06 -1.10852937e+02 
 2.15443469e+06  4.55304861e+01  2.15443469e+06 -1.13865386e+02 
 2.32630507e+06  4.47248083e+01  2.32630507e+06 -1.16936524e+02 
 2.51188643e+06  4.38970611e+01  2.51188643e+06 -1.20067794e+02 
 2.71227258e+06  4.30461079e+01  2.71227258e+06 -1.23259268e+02 
 2.92864456e+06  4.21708545e+01  2.92864456e+06 -1.26509648e+02 
 3.16227766e+06  4.12702989e+01  3.16227766e+06 -1.29816347e+02 
 3.41454887e+06  4.03435801e+01  3.41454887e+06 -1.33175650e+02 
 3.68694506e+06  3.93900208e+01  3.68694506e+06 -1.36582958e+02 
 3.98107171e+06  3.84091621e+01  3.98107171e+06 -1.40033109e+02 
 4.29866235e+06  3.74007858e+01  4.29866235e+06 -1.43520759e+02 
 4.64158883e+06  3.63649230e+01  4.64158883e+06 -1.47040801e+02 
 5.01187234e+06  3.53018467e+01  5.01187234e+06 -1.50588806e+02 
 5.41169527e+06  3.42120506e+01  5.41169527e+06 -1.54161446e+02 
 5.84341413e+06  3.30962126e+01  5.84341413e+06 -1.57756894e+02 
 6.30957344e+06  3.19551479e+01  6.30957344e+06 -1.61375184e+02 
 6.81292069e+06  3.07897532e+01  6.81292069e+06 -1.65018516e+02 
 7.35642254e+06  2.96009450e+01  7.35642254e+06 -1.68691526e+02 
 7.94328235e+06  2.83895943e+01  7.94328235e+06 -1.72401525e+02 
 8.57695899e+06  2.71564604e+01  8.57695899e+06 -1.76158745e+02 
 9.26118728e+06  2.59021238e+01  9.26118728e+06 -1.79976622e+02 
 1.00000000e+07  2.46269189e+01  1.00000000e+07 -1.83872178e+02 
 1.07977516e+07  2.33308666e+01  1.07977516e+07 -1.87866563e+02 
 1.16591440e+07  2.20136083e+01  1.16591440e+07 -1.91985853e+02 
 1.25892541e+07  2.06743424e+01  1.25892541e+07 -1.96262249e+02 
 1.35935639e+07  1.93117729e+01  1.35935639e+07 -2.00735857e+02 
 1.46779927e+07  1.79240884e+01  1.46779927e+07 -2.05457328e+02 
 1.58489319e+07  1.65090121e+01  1.58489319e+07 -2.10491778e+02 
 1.71132830e+07  1.50640119e+01  1.71132830e+07 -2.15924568e+02 
 1.84784980e+07  1.35868484e+01  1.84784980e+07 -2.21869703e+02 
 1.99526231e+07  1.20768272e+01  1.99526231e+07 -2.28481692e+02 
 2.15443469e+07  1.05374775e+01  2.15443469e+07 -2.35970985e+02 
 2.32630507e+07  8.98199120e+00  2.32630507e+07 -2.44619959e+02 
 2.51188643e+07  7.44347708e+00  2.51188643e+07 -2.54786127e+02 
 2.71227258e+07  5.99147214e+00  2.71227258e+07 -2.66853607e+02 
 2.92864456e+07  4.74901552e+00  2.92864456e+07 -2.81055585e+02 
 3.16227766e+07  3.88394252e+00  3.16227766e+07 -2.97121208e+02 
 3.41454887e+07  3.53639064e+00  3.41454887e+07 -3.13989361e+02 
 3.68694506e+07  3.71623035e+00  3.68694506e+07 -3.30135836e+02 
 3.98107171e+07  4.29521537e+00  3.98107171e+07 -3.44412978e+02 
 4.29866235e+07  5.10515892e+00  4.29866235e+07 -3.56464528e+02 
 4.64158883e+07  6.01805971e+00  4.64158883e+07 -3.66482675e+02 
 5.01187234e+07  6.96054506e+00  5.01187234e+07 -3.74841638e+02 
 5.41169527e+07  7.89792264e+00  5.41169527e+07 -3.81899793e+02 
 5.84341413e+07  8.81707514e+00  5.84341413e+07 -3.87940789e+02 
 6.30957344e+07  9.71552996e+00  6.30957344e+07 -3.93173344e+02 
 6.81292069e+07  1.05955938e+01  6.81292069e+07 -3.97746553e+02 
 7.35642254e+07  1.14614445e+01  7.35642254e+07 -4.01765387e+02 
 7.94328235e+07  1.23177533e+01  7.94328235e+07 -4.05302630e+02 
 8.57695899e+07  1.31690534e+01  8.57695899e+07 -4.08407209e+02 
 9.26118728e+07  1.40194484e+01  9.26118728e+07 -4.11109709e+02 
 1.00000000e+08  1.48724531e+01  1.00000000e+08 -4.13425886e+02 
 1.07977516e+08  1.57308581e+01  1.07977516e+08 -4.15358821e+02 
 1.16591440e+08  1.65965503e+01  1.16591440e+08 -4.16900236e+02 
 1.25892541e+08  1.74702514e+01  1.25892541e+08 -4.18031426e+02 
 1.35935639e+08  1.83511458e+01  1.35935639e+08 -4.18724295e+02 
 1.46779927e+08  1.92363905e+01  1.46779927e+08 -4.18943056e+02 
 1.58489319e+08  2.01205362e+01  1.58489319e+08 -4.18647305e+02 
 1.71132830e+08  2.09949469e+01  1.71132830e+08 -4.17797244e+02 
 1.84784980e+08  2.18474037e+01  1.84784980e+08 -4.16361688e+02 
 1.99526231e+08  2.26621860e+01  1.99526231e+08 -4.14328844e+02 
 2.15443469e+08  2.34209872e+01  2.15443469e+08 -4.11718457e+02 
 2.32630507e+08  2.41049121e+01  2.32630507e+08 -4.08591941e+02 
 2.51188643e+08  2.46974213e+01  2.51188643e+08 -4.05055556e+02 
 2.71227258e+08  2.51874952e+01  2.71227258e+08 -4.01252450e+02 
 2.92864456e+08  2.55718639e+01  2.92864456e+08 -3.97343587e+02 
 3.16227766e+08  2.58553569e+01  3.16227766e+08 -3.93483285e+02 
 3.41454887e+08  2.60492824e+01  3.41454887e+08 -3.89798142e+02 
 3.68694506e+08  2.61686541e+01  3.68694506e+08 -3.86375828e+02 
 3.98107171e+08  2.62293918e+01  3.98107171e+08 -3.83264695e+02 
 4.29866235e+08  2.62462740e+01  4.29866235e+08 -3.80480734e+02 
 4.64158883e+08  2.62318547e+01  4.64158883e+08 -3.78017251e+02 
 5.01187234e+08  2.61961600e+01  5.01187234e+08 -3.75853910e+02 
 5.41169527e+08  2.61468551e+01  5.41169527e+08 -3.73963620e+02 
 5.84341413e+08  2.60896172e+01  5.84341413e+08 -3.72317109e+02 
 6.30957344e+08  2.60285473e+01  6.30957344e+08 -3.70885623e+02 
 6.81292069e+08  2.59665421e+01  6.81292069e+08 -3.69642342e+02 
 7.35642254e+08  2.59055970e+01  7.35642254e+08 -3.68562996e+02 
 7.94328235e+08  2.58470411e+01  7.94328235e+08 -3.67626034e+02 
 8.57695899e+08  2.57917163e+01  8.57695899e+08 -3.66812545e+02 
 9.26118728e+08  2.57401107e+01  9.26118728e+08 -3.66106077e+02 
 1.00000000e+09  2.56924589e+01  1.00000000e+09 -3.65492404e+02 
