 1.00000000e+00  6.67788696e+01  1.00000000e+00 -2.91680103e-04 
 1.07977516e+00  6.67788696e+01  1.07977516e+00 -3.14948931e-04 
 1.16591440e+00  6.67788696e+01  1.16591440e+00 -3.40074033e-04 
 1.25892541e+00  6.67788696e+01  1.25892541e+00 -3.67203494e-04 
 1.35935639e+00  6.67788696e+01  1.35935639e+00 -3.96497212e-04 
 1.46779927e+00  6.67788696e+01  1.46779927e+00 -4.28127842e-04 
 1.58489319e+00  6.67788696e+01  1.58489319e+00 -4.62281810e-04 
 1.71132830e+00  6.67788695e+01  1.71132830e+00 -4.99160417e-04 
 1.84784980e+00  6.67788695e+01  1.84784980e+00 -5.38981020e-04 
 1.99526231e+00  6.67788695e+01  1.99526231e+00 -5.81978318e-04 
 2.15443469e+00  6.67788695e+01  2.15443469e+00 -6.28405733e-04 
 2.32630507e+00  6.67788695e+01  2.32630507e+00 -6.78536902e-04 
 2.51188643e+00  6.67788695e+01  2.51188643e+00 -7.32667294e-04 
 2.71227258e+00  6.67788695e+01  2.71227258e+00 -7.91115946e-04 
 2.92864456e+00  6.67788695e+01  2.92864456e+00 -8.54227349e-04 
 3.16227766e+00  6.67788695e+01  3.16227766e+00 -9.22373474e-04 
 3.41454887e+00  6.67788695e+01  3.41454887e+00 -9.95955968e-04 
 3.68694506e+00  6.67788695e+01  3.68694506e+00 -1.07540852e-03 
 3.98107171e+00  6.67788695e+01  3.98107171e+00 -1.16119941e-03 
 4.29866235e+00  6.67788695e+01  4.29866235e+00 -1.25383428e-03 
 4.64158883e+00  6.67788695e+01  4.64158883e+00 -1.35385911e-03 
 5.01187234e+00  6.67788695e+01  5.01187234e+00 -1.46186344e-03 
 5.41169527e+00  6.67788695e+01  5.41169527e+00 -1.57848383e-03 
 5.84341413e+00  6.67788695e+01  5.84341413e+00 -1.70440764e-03 
 6.30957344e+00  6.67788695e+01  6.30957344e+00 -1.84037703e-03 
 6.81292069e+00  6.67788695e+01  6.81292069e+00 -1.98719341e-03 
 7.35642254e+00  6.67788695e+01  7.35642254e+00 -2.14572209e-03 
 7.94328235e+00  6.67788695e+01  7.94328235e+00 -2.31689741e-03 
 8.57695899e+00  6.67788695e+01  8.57695899e+00 -2.50172828e-03 
 9.26118728e+00  6.67788695e+01  9.26118728e+00 -2.70130406e-03 
 1.00000000e+01  6.67788695e+01  1.00000000e+01 -2.91680103e-03 
 1.07977516e+01  6.67788695e+01  1.07977516e+01 -3.14948931e-03 
 1.16591440e+01  6.67788695e+01  1.16591440e+01 -3.40074033e-03 
 1.25892541e+01  6.67788695e+01  1.25892541e+01 -3.67203494e-03 
 1.35935639e+01  6.67788695e+01  1.35935639e+01 -3.96497212e-03 
 1.46779927e+01  6.67788695e+01  1.46779927e+01 -4.28127841e-03 
 1.58489319e+01  6.67788695e+01  1.58489319e+01 -4.62281809e-03 
 1.71132830e+01  6.67788695e+01  1.71132830e+01 -4.99160415e-03 
 1.84784980e+01  6.67788695e+01  1.84784980e+01 -5.38981018e-03 
 1.99526231e+01  6.67788695e+01  1.99526231e+01 -5.81978316e-03 
 2.15443469e+01  6.67788695e+01  2.15443469e+01 -6.28405731e-03 
 2.32630507e+01  6.67788695e+01  2.32630507e+01 -6.78536900e-03 
 2.51188643e+01  6.67788695e+01  2.51188643e+01 -7.32667290e-03 
 2.71227258e+01  6.67788695e+01  2.71227258e+01 -7.91115942e-03 
 2.92864456e+01  6.67788695e+01  2.92864456e+01 -8.54227344e-03 
 3.16227766e+01  6.67788694e+01  3.16227766e+01 -9.22373468e-03 
 3.41454887e+01  6.67788694e+01  3.41454887e+01 -9.95955960e-03 
 3.68694506e+01  6.67788694e+01  3.68694506e+01 -1.07540851e-02 
 3.98107171e+01  6.67788694e+01  3.98107171e+01 -1.16119939e-02 
 4.29866235e+01  6.67788694e+01  4.29866235e+01 -1.25383426e-02 
 4.64158883e+01  6.67788693e+01  4.64158883e+01 -1.35385909e-02 
 5.01187234e+01  6.67788693e+01  5.01187234e+01 -1.46186341e-02 
 5.41169527e+01  6.67788693e+01  5.41169527e+01 -1.57848380e-02 
 5.84341413e+01  6.67788692e+01  5.84341413e+01 -1.70440760e-02 
 6.30957344e+01  6.67788691e+01  6.30957344e+01 -1.84037698e-02 
 6.81292069e+01  6.67788691e+01  6.81292069e+01 -1.98719334e-02 
 7.35642254e+01  6.67788690e+01  7.35642254e+01 -2.14572200e-02 
 7.94328235e+01  6.67788689e+01  7.94328235e+01 -2.31689731e-02 
 8.57695899e+01  6.67788688e+01  8.57695899e+01 -2.50172815e-02 
 9.26118728e+01  6.67788687e+01  9.26118728e+01 -2.70130389e-02 
 1.00000000e+02  6.67788685e+01  1.00000000e+02 -2.91680082e-02 
 1.07977516e+02  6.67788684e+01  1.07977516e+02 -3.14948904e-02 
 1.16591440e+02  6.67788682e+01  1.16591440e+02 -3.40073999e-02 
 1.25892541e+02  6.67788679e+01  1.25892541e+02 -3.67203451e-02 
 1.35935639e+02  6.67788677e+01  1.35935639e+02 -3.96497159e-02 
 1.46779927e+02  6.67788674e+01  1.46779927e+02 -4.28127774e-02 
 1.58489319e+02  6.67788670e+01  1.58489319e+02 -4.62281725e-02 
 1.71132830e+02  6.67788666e+01  1.71132830e+02 -4.99160309e-02 
 1.84784980e+02  6.67788661e+01  1.84784980e+02 -5.38980885e-02 
 1.99526231e+02  6.67788655e+01  1.99526231e+02 -5.81978148e-02 
 2.15443469e+02  6.67788649e+01  2.15443469e+02 -6.28405519e-02 
 2.32630507e+02  6.67788641e+01  2.32630507e+02 -6.78536633e-02 
 2.51188643e+02  6.67788632e+01  2.51188643e+02 -7.32666955e-02 
 2.71227258e+02  6.67788621e+01  2.71227258e+02 -7.91115519e-02 
 2.92864456e+02  6.67788609e+01  2.92864456e+02 -8.54226812e-02 
 3.16227766e+02  6.67788594e+01  3.16227766e+02 -9.22372798e-02 
 3.41454887e+02  6.67788577e+01  3.41454887e+02 -9.95955108e-02 
 3.68694506e+02  6.67788557e+01  3.68694506e+02 -1.07540744e-01 
 3.98107171e+02  6.67788534e+01  3.98107171e+02 -1.16119805e-01 
 4.29866235e+02  6.67788508e+01  4.29866235e+02 -1.25383257e-01 
 4.64158883e+02  6.67788477e+01  4.64158883e+02 -1.35385696e-01 
 5.01187234e+02  6.67788441e+01  5.01187234e+02 -1.46186073e-01 
 5.41169527e+02  6.67788399e+01  5.41169527e+02 -1.57848043e-01 
 5.84341413e+02  6.67788349e+01  5.84341413e+02 -1.70440334e-01 
 6.30957344e+02  6.67788291e+01  6.30957344e+02 -1.84037163e-01 
 6.81292069e+02  6.67788225e+01  6.81292069e+02 -1.98718661e-01 
 7.35642254e+02  6.67788146e+01  7.35642254e+02 -2.14571351e-01 
 7.94328235e+02  6.67788055e+01  7.94328235e+02 -2.31688663e-01 
 8.57695899e+02  6.67787948e+01  8.57695899e+02 -2.50171470e-01 
 9.26118728e+02  6.67787825e+01  9.26118728e+02 -2.70128697e-01 
 1.00000000e+03  6.67787680e+01  1.00000000e+03 -2.91677951e-01 
 1.07977516e+03  6.67787512e+01  1.07977516e+03 -3.14946221e-01 
 1.16591440e+03  6.67787315e+01  1.16591440e+03 -3.40070621e-01 
 1.25892541e+03  6.67787086e+01  1.25892541e+03 -3.67199200e-01 
 1.35935639e+03  6.67786820e+01  1.35935639e+03 -3.96491807e-01 
 1.46779927e+03  6.67786509e+01  1.46779927e+03 -4.28121039e-01 
 1.58489319e+03  6.67786146e+01  1.58489319e+03 -4.62273242e-01 
 1.71132830e+03  6.67785722e+01  1.71132830e+03 -4.99149627e-01 
 1.84784980e+03  6.67785229e+01  1.84784980e+03 -5.38967440e-01 
 1.99526231e+03  6.67784654e+01  1.99526231e+03 -5.81961222e-01 
 2.15443469e+03  6.67783984e+01  2.15443469e+03 -6.28384212e-01 
 2.32630507e+03  6.67783202e+01  2.32630507e+03 -6.78509809e-01 
 2.51188643e+03  6.67782291e+01  2.51188643e+03 -7.32633189e-01 
 2.71227258e+03  6.67781229e+01  2.71227258e+03 -7.91073014e-01 
 2.92864456e+03  6.67779990e+01  2.92864456e+03 -8.54173304e-01 
 3.16227766e+03  6.67778546e+01  3.16227766e+03 -9.22305436e-01 
 3.41454887e+03  6.67776862e+01  3.41454887e+03 -9.95870319e-01 
 3.68694506e+03  6.67774898e+01  3.68694506e+03 -1.07530068e+00 
 3.98107171e+03  6.67772609e+01  3.98107171e+03 -1.16106364e+00 
 4.29866235e+03  6.67769941e+01  4.29866235e+03 -1.25366338e+00 
 4.64158883e+03  6.67766831e+01  4.64158883e+03 -1.35364398e+00 
 5.01187234e+03  6.67763204e+01  5.01187234e+03 -1.46159262e+00 
 5.41169527e+03  6.67758976e+01  5.41169527e+03 -1.57814290e+00 
 5.84341413e+03  6.67754047e+01  5.84341413e+03 -1.70397847e+00 
 6.30957344e+03  6.67748302e+01  6.30957344e+03 -1.83983680e+00 
 6.81292069e+03  6.67741603e+01  6.81292069e+03 -1.98651334e+00 
 7.35642254e+03  6.67733794e+01  7.35642254e+03 -2.14486600e+00 
 7.94328235e+03  6.67724692e+01  7.94328235e+03 -2.31581981e+00 
 8.57695899e+03  6.67714083e+01  8.57695899e+03 -2.50037188e+00 
 9.26118728e+03  6.67701716e+01  9.26118728e+03 -2.69959673e+00 
 1.00000000e+04  6.67687301e+01  1.00000000e+04 -2.91465204e+00 
 1.07977516e+04  6.67670500e+01  1.07977516e+04 -3.14678451e+00 
 1.16591440e+04  6.67650920e+01  1.16591440e+04 -3.39733608e+00 
 1.25892541e+04  6.67628104e+01  1.25892541e+04 -3.66775062e+00 
 1.35935639e+04  6.67601518e+01  1.35935639e+04 -3.95958050e+00 
 1.46779927e+04  6.67570540e+01  1.46779927e+04 -4.27449367e+00 
 1.58489319e+04  6.67534448e+01  1.58489319e+04 -4.61428078e+00 
 1.71132830e+04  6.67492407e+01  1.71132830e+04 -4.98086251e+00 
 1.84784980e+04  6.67443442e+01  1.84784980e+04 -5.37629635e+00 
 1.99526231e+04  6.67386424e+01  1.99526231e+04 -5.80278365e+00 
 2.15443469e+04  6.67320038e+01  2.15443469e+04 -6.26267580e+00 
 2.32630507e+04  6.67242768e+01  2.32630507e+04 -6.75848011e+00 
 2.51188643e+04  6.67152847e+01  2.51188643e+04 -7.29286375e+00 
 2.71227258e+04  6.67048240e+01  2.71227258e+04 -7.86865754e+00 
 2.92864456e+04  6.66926595e+01  2.92864456e+04 -8.48885679e+00 
 3.16227766e+04  6.66785196e+01  3.16227766e+04 -9.15661864e+00 
 3.41454887e+04  6.66620912e+01  3.41454887e+04 -9.87525747e+00 
 3.68694506e+04  6.66430147e+01  3.68694506e+04 -1.06482350e+01 
 3.98107171e+04  6.66208786e+01  3.98107171e+04 -1.14791454e+01 
 4.29866235e+04  6.65952103e+01  4.29866235e+04 -1.23716906e+01 
 4.64158883e+04  6.65654729e+01  4.64158883e+04 -1.33296534e+01 
 5.01187234e+04  6.65310558e+01  5.01187234e+04 -1.43568537e+01 
 5.41169527e+04  6.64912683e+01  5.41169527e+04 -1.54570976e+01 
 5.84341413e+04  6.64453332e+01  5.84341413e+04 -1.66341111e+01 
 6.30957344e+04  6.63923805e+01  6.30957344e+04 -1.78914609e+01 
 6.81292069e+04  6.63314433e+01  6.81292069e+04 -1.92324579e+01 
 7.35642254e+04  6.62614538e+01  7.35642254e+04 -2.06600422e+01 
 7.94328235e+04  6.61812453e+01  7.94328235e+04 -2.21766603e+01 
 8.57695899e+04  6.60895536e+01  8.57695899e+04 -2.37841151e+01 
 9.26118728e+04  6.59850264e+01  9.26118728e+04 -2.54834201e+01 
 1.00000000e+05  6.58662364e+01  1.00000000e+05 -2.72746381e+01 
 1.07977516e+05  6.57317002e+01  1.07977516e+05 -2.91567278e+01 
 1.16591440e+05  6.55799053e+01  1.16591440e+05 -3.11274073e+01 
 1.25892541e+05  6.54093424e+01  1.25892541e+05 -3.31830403e+01 
 1.35935639e+05  6.52185440e+01  1.35935639e+05 -3.53185670e+01 
 1.46779927e+05  6.50061277e+01  1.46779927e+05 -3.75274866e+01 
 1.58489319e+05  6.47708431e+01  1.58489319e+05 -3.98019138e+01 
 1.71132830e+05  6.45116163e+01  1.71132830e+05 -4.21326977e+01 
 1.84784980e+05  6.42275937e+01  1.84784980e+05 -4.45096351e+01 
 1.99526231e+05  6.39181758e+01  1.99526231e+05 -4.69217339e+01 
 2.15443469e+05  6.35830436e+01  2.15443469e+05 -4.93575523e+01 
 2.32630507e+05  6.32221711e+01  2.32630507e+05 -5.18055662e+01 
 2.51188643e+05  6.28358245e+01  2.51188643e+05 -5.42545540e+01 
 2.71227258e+05  6.24245472e+01  2.71227258e+05 -5.66939631e+01 
 2.92864456e+05  6.19891327e+01  2.92864456e+05 -5.91142461e+01 
 3.16227766e+05  6.15305871e+01  3.16227766e+05 -6.15071304e+01 
 3.41454887e+05  6.10500851e+01  3.41454887e+05 -6.38658247e+01 
 3.68694506e+05  6.05489226e+01  3.68694506e+05 -6.61851457e+01 
 3.98107171e+05  6.00284680e+01  3.98107171e+05 -6.84615695e+01 
 4.29866235e+05  5.94901172e+01  4.29866235e+05 -7.06932205e+01 
 4.64158883e+05  5.89352523e+01  4.64158883e+05 -7.28798004e+01 
 5.01187234e+05  5.83652067e+01  5.01187234e+05 -7.50224854e+01 
 5.41169527e+05  5.77812356e+01  5.41169527e+05 -7.71237840e+01 
 5.84341413e+05  5.71844936e+01  5.84341413e+05 -7.91873897e+01 
 6.30957344e+05  5.65760174e+01  6.30957344e+05 -8.12180250e+01 
 6.81292069e+05  5.59567136e+01  6.81292069e+05 -8.32212889e+01 
 7.35642254e+05  5.53273503e+01  7.35642254e+05 -8.52035116e+01 
 7.94328235e+05  5.46885521e+01  7.94328235e+05 -8.71716197e+01 
 8.57695899e+05  5.40407968e+01  8.57695899e+05 -8.91330145e+01 
 9.26118728e+05  5.33844141e+01  9.26118728e+05 -9.10954600e+01 
 1.00000000e+06  5.27195841e+01  1.00000000e+06 -9.30669786e+01 
 1.07977516e+06  5.20463376e+01  1.07977516e+06 -9.50557546e+01 
 1.16591440e+06  5.13645557e+01  1.16591440e+06 -9.70700405e+01 
 1.25892541e+06  5.06739695e+01  1.25892541e+06 -9.91180624e+01 
 1.35935639e+06  4.99741602e+01  1.35935639e+06 -1.01207922e+02 
 1.46779927e+06  4.92645603e+01  1.46779927e+06 -1.03347494e+02 
 1.58489319e+06  4.85444551e+01  1.58489319e+06 -1.05544311e+02 
 1.71132830e+06  4.78129861e+01  1.71132830e+06 -1.07805442e+02 
 1.84784980e+06  4.70691574e+01  1.84784980e+06 -1.10137360e+02 
 1.99526231e+06  4.63118448e+01  1.99526231e+06 -1.12545801e+02 
 2.15443469e+06  4.55398098e+01  2.15443469e+06 -1.15035620e+02 
 2.32630507e+06  4.47517184e+01  2.32630507e+06 -1.17610643e+02 
 2.51188643e+06  4.39461660e+01  2.51188643e+06 -1.20273542e+02 
 2.71227258e+06  4.31217082e+01  2.71227258e+06 -1.23025722e+02 
 2.92864456e+06  4.22768978e+01  2.92864456e+06 -1.25867246e+02 
 3.16227766e+06  4.14103261e+01  3.16227766e+06 -1.28796815e+02 
 3.41454887e+06  4.05206687e+01  3.41454887e+06 -1.31811806e+02 
 3.68694506e+06  3.96067304e+01  3.68694506e+06 -1.34908385e+02 
 3.98107171e+06  3.86674899e+01  3.98107171e+06 -1.38081702e+02 
 4.29866235e+06  3.77021364e+01  4.29866235e+06 -1.41326163e+02 
 4.64158883e+06  3.67100992e+01  4.64158883e+06 -1.44635773e+02 
 5.01187234e+06  3.56910631e+01  5.01187234e+06 -1.48004537e+02 
 5.41169527e+06  3.46449708e+01  5.41169527e+06 -1.51426893e+02 
 5.84341413e+06  3.35720088e+01  5.84341413e+06 -1.54898160e+02 
 6.30957344e+06  3.24725784e+01  6.30957344e+06 -1.58414975e+02 
 6.81292069e+06  3.13472531e+01  6.81292069e+06 -1.61975697e+02 
 7.35642254e+06  3.01967244e+01  7.35642254e+06 -1.65580784e+02 
 7.94328235e+06  2.90217378e+01  7.94328235e+06 -1.69233116e+02 
 8.57695899e+06  2.78230231e+01  8.57695899e+06 -1.72938308e+02 
 9.26118728e+06  2.66012197e+01  9.26118728e+06 -1.76705013e+02 
 1.00000000e+07  2.53567991e+01  1.00000000e+07 -1.80545268e+02 
 1.07977516e+07  2.40899838e+01  1.07977516e+07 -1.84474940e+02 
 1.16591440e+07  2.28006645e+01  1.16591440e+07 -1.88514339e+02 
 1.25892541e+07  2.14883153e+01  1.25892541e+07 -1.92689128e+02 
 1.35935639e+07  2.01519096e+01  1.35935639e+07 -1.97031669e+02 
 1.46779927e+07  1.87898457e+01  1.46779927e+07 -2.01583046e+02 
 1.58489319e+07  1.73999019e+01  1.58489319e+07 -2.06396103e+02 
 1.71132830e+07  1.59792701e+01  1.71132830e+07 -2.11540004e+02 
 1.84784980e+07  1.45247696e+01  1.84784980e+07 -2.17107061e+02 
 1.99526231e+07  1.30334620e+01  1.99526231e+07 -2.23222834e+02 
 2.15443469e+07  1.15041282e+01  2.15443469e+07 -2.30060638e+02 
 2.32630507e+07  9.94055173e+00  2.32630507e+07 -2.37860717e+02 
 2.51188643e+07  8.35839925e+00  2.51188643e+07 -2.46950017e+02 
 2.71227258e+07  6.79847797e+00  2.71227258e+07 -2.57743635e+02 
 2.92864456e+07  5.34792355e+00  2.92864456e+07 -2.70671512e+02 
 3.16227766e+07  4.15908739e+00  3.16227766e+07 -2.85923551e+02 
 3.41454887e+07  3.42556329e+00  3.41454887e+07 -3.02990514e+02 
 3.68694506e+07  3.27439710e+00  3.68694506e+07 -3.20442165e+02 
 3.98107171e+07  3.65891145e+00  3.98107171e+07 -3.36584685e+02 
 4.29866235e+07  4.40186862e+00  4.29866235e+07 -3.50437973e+02 
 4.64158883e+07  5.32416407e+00  4.64158883e+07 -3.61908512e+02 
 5.01187234e+07  6.30931944e+00  5.01187234e+07 -3.71353007e+02 
 5.41169527e+07  7.29844781e+00  5.41169527e+07 -3.79207201e+02 
 5.84341413e+07  8.26742772e+00  5.84341413e+07 -3.85838289e+02 
 6.30957344e+07  9.20964971e+00  6.30957344e+07 -3.91520141e+02 
 6.81292069e+07  1.01264101e+01  6.81292069e+07 -3.96447909e+02 
 7.35642254e+07  1.10221670e+01  7.35642254e+07 -4.00758305e+02 
 7.94328235e+07  1.19023375e+01  7.94328235e+07 -4.04546164e+02 
 8.57695899e+07  1.27723227e+01  8.57695899e+07 -4.07876179e+02 
 9.26118728e+07  1.36370939e+01  9.26118728e+07 -4.10790716e+02 
 1.00000000e+08  1.45010140e+01  1.00000000e+08 -4.13314814e+02 
 1.07977516e+08  1.53677289e+01  1.07977516e+08 -4.15459283e+02 
 1.16591440e+08  1.62400434e+01  1.16591440e+08 -4.17222554e+02 
 1.25892541e+08  1.71197281e+01  1.25892541e+08 -4.18591813e+02 
 1.35935639e+08  1.80072224e+01  1.35935639e+08 -4.19543904e+02 
 1.46779927e+08  1.89012162e+01  1.46779927e+08 -4.20046524e+02 
 1.58489319e+08  1.97981107e+01  1.58489319e+08 -4.20060350e+02 
 1.71132830e+08  2.06914100e+01  1.71132830e+08 -4.19542867e+02 
 1.84784980e+08  2.15711669e+01  1.84784980e+08 -4.18454678e+02 
 1.99526231e+08  2.24237137e+01  1.99526231e+08 -4.16768771e+02 
 2.15443469e+08  2.32320138e+01  2.15443469e+08 -4.14482300e+02 
 2.32630507e+08  2.39769826e+01  2.32630507e+08 -4.11628718e+02 
 2.51188643e+08  2.46399179e+01  2.51188643e+08 -4.08286099e+02 
 2.71227258e+08  2.52056877e+01  2.71227258e+08 -4.04576548e+02 
 2.92864456e+08  2.56657283e+01  2.92864456e+08 -4.00653699e+02 
 3.16227766e+08  2.60196765e+01  3.16227766e+08 -3.96680494e+02 
 3.41454887e+08  2.62749490e+01  3.41454887e+08 -3.92804758e+02 
 3.68694506e+08  2.64445625e+01  3.68694506e+08 -3.89141130e+02 
 3.98107171e+08  2.65442191e+01  3.98107171e+08 -3.85763928e+02 
 4.29866235e+08  2.65897161e+01  4.29866235e+08 -3.82709916e+02 
 4.64158883e+08  2.65952453e+01  4.64158883e+08 -3.79986683e+02 
 5.01187234e+08  2.65726149e+01  5.01187234e+08 -3.77582314e+02 
 5.41169527e+08  2.65311377e+01  5.41169527e+08 -3.75473709e+02 
 5.84341413e+08  2.64778821e+01  5.84341413e+08 -3.73632613e+02 
 6.30957344e+08  2.64180607e+01  6.30957344e+08 -3.72029497e+02 
 6.81292069e+08  2.63554253e+01  6.81292069e+08 -3.70635797e+02 
 7.35642254e+08  2.62926117e+01  7.35642254e+08 -3.69425068e+02 
 7.94328235e+08  2.62314187e+01  7.94328235e+08 -3.68373470e+02 
 8.57695899e+08  2.61730249e+01  8.57695899e+08 -3.67459884e+02 
 9.26118728e+08  2.61181551e+01  9.26118728e+08 -3.66665817e+02 
 1.00000000e+09  2.60672059e+01  1.00000000e+09 -3.65975210e+02 
