 1.00000000e+00  8.69386096e+01  1.00000000e+00 -1.79997188e+02 
 1.07977516e+00  8.69386096e+01  1.07977516e+00 -1.79996964e+02 
 1.16591440e+00  8.69386096e+01  1.16591440e+00 -1.79996722e+02 
 1.25892541e+00  8.69386096e+01  1.25892541e+00 -1.79996460e+02 
 1.35935639e+00  8.69386096e+01  1.35935639e+00 -1.79996178e+02 
 1.46779927e+00  8.69386096e+01  1.46779927e+00 -1.79995873e+02 
 1.58489319e+00  8.69386096e+01  1.58489319e+00 -1.79995543e+02 
 1.71132830e+00  8.69386096e+01  1.71132830e+00 -1.79995188e+02 
 1.84784980e+00  8.69386096e+01  1.84784980e+00 -1.79994804e+02 
 1.99526231e+00  8.69386096e+01  1.99526231e+00 -1.79994390e+02 
 2.15443469e+00  8.69386096e+01  2.15443469e+00 -1.79993942e+02 
 2.32630507e+00  8.69386096e+01  2.32630507e+00 -1.79993459e+02 
 2.51188643e+00  8.69386096e+01  2.51188643e+00 -1.79992937e+02 
 2.71227258e+00  8.69386096e+01  2.71227258e+00 -1.79992373e+02 
 2.92864456e+00  8.69386096e+01  2.92864456e+00 -1.79991765e+02 
 3.16227766e+00  8.69386095e+01  3.16227766e+00 -1.79991108e+02 
 3.41454887e+00  8.69386095e+01  3.41454887e+00 -1.79990399e+02 
 3.68694506e+00  8.69386095e+01  3.68694506e+00 -1.79989633e+02 
 3.98107171e+00  8.69386095e+01  3.98107171e+00 -1.79988806e+02 
 4.29866235e+00  8.69386095e+01  4.29866235e+00 -1.79987913e+02 
 4.64158883e+00  8.69386094e+01  4.64158883e+00 -1.79986948e+02 
 5.01187234e+00  8.69386094e+01  5.01187234e+00 -1.79985907e+02 
 5.41169527e+00  8.69386093e+01  5.41169527e+00 -1.79984783e+02 
 5.84341413e+00  8.69386093e+01  5.84341413e+00 -1.79983569e+02 
 6.30957344e+00  8.69386092e+01  6.30957344e+00 -1.79982258e+02 
 6.81292069e+00  8.69386092e+01  6.81292069e+00 -1.79980843e+02 
 7.35642254e+00  8.69386091e+01  7.35642254e+00 -1.79979315e+02 
 7.94328235e+00  8.69386090e+01  7.94328235e+00 -1.79977664e+02 
 8.57695899e+00  8.69386089e+01  8.57695899e+00 -1.79975882e+02 
 9.26118728e+00  8.69386087e+01  9.26118728e+00 -1.79973959e+02 
 1.00000000e+01  8.69386086e+01  1.00000000e+01 -1.79971881e+02 
 1.07977516e+01  8.69386084e+01  1.07977516e+01 -1.79969638e+02 
 1.16591440e+01  8.69386082e+01  1.16591440e+01 -1.79967216e+02 
 1.25892541e+01  8.69386080e+01  1.25892541e+01 -1.79964600e+02 
 1.35935639e+01  8.69386077e+01  1.35935639e+01 -1.79961776e+02 
 1.46779927e+01  8.69386074e+01  1.46779927e+01 -1.79958727e+02 
 1.58489319e+01  8.69386070e+01  1.58489319e+01 -1.79955434e+02 
 1.71132830e+01  8.69386066e+01  1.71132830e+01 -1.79951879e+02 
 1.84784980e+01  8.69386060e+01  1.84784980e+01 -1.79948040e+02 
 1.99526231e+01  8.69386054e+01  1.99526231e+01 -1.79943895e+02 
 2.15443469e+01  8.69386047e+01  2.15443469e+01 -1.79939420e+02 
 2.32630507e+01  8.69386039e+01  2.32630507e+01 -1.79934587e+02 
 2.51188643e+01  8.69386030e+01  2.51188643e+01 -1.79929368e+02 
 2.71227258e+01  8.69386019e+01  2.71227258e+01 -1.79923734e+02 
 2.92864456e+01  8.69386006e+01  2.92864456e+01 -1.79917650e+02 
 3.16227766e+01  8.69385991e+01  3.16227766e+01 -1.79911080e+02 
 3.41454887e+01  8.69385973e+01  3.41454887e+01 -1.79903987e+02 
 3.68694506e+01  8.69385953e+01  3.68694506e+01 -1.79896327e+02 
 3.98107171e+01  8.69385929e+01  3.98107171e+01 -1.79888057e+02 
 4.29866235e+01  8.69385901e+01  4.29866235e+01 -1.79879126e+02 
 4.64158883e+01  8.69385869e+01  4.64158883e+01 -1.79869484e+02 
 5.01187234e+01  8.69385831e+01  5.01187234e+01 -1.79859072e+02 
 5.41169527e+01  8.69385787e+01  5.41169527e+01 -1.79847829e+02 
 5.84341413e+01  8.69385736e+01  5.84341413e+01 -1.79835690e+02 
 6.30957344e+01  8.69385676e+01  6.30957344e+01 -1.79822582e+02 
 6.81292069e+01  8.69385606e+01  6.81292069e+01 -1.79808429e+02 
 7.35642254e+01  8.69385525e+01  7.35642254e+01 -1.79793146e+02 
 7.94328235e+01  8.69385430e+01  7.94328235e+01 -1.79776644e+02 
 8.57695899e+01  8.69385319e+01  8.57695899e+01 -1.79758826e+02 
 9.26118728e+01  8.69385190e+01  9.26118728e+01 -1.79739587e+02 
 1.00000000e+02  8.69385040e+01  1.00000000e+02 -1.79718813e+02 
 1.07977516e+02  8.69384864e+01  1.07977516e+02 -1.79696381e+02 
 1.16591440e+02  8.69384660e+01  1.16591440e+02 -1.79672161e+02 
 1.25892541e+02  8.69384421e+01  1.25892541e+02 -1.79646008e+02 
 1.35935639e+02  8.69384143e+01  1.35935639e+02 -1.79617769e+02 
 1.46779927e+02  8.69383819e+01  1.46779927e+02 -1.79587277e+02 
 1.58489319e+02  8.69383441e+01  1.58489319e+02 -1.79554354e+02 
 1.71132830e+02  8.69383001e+01  1.71132830e+02 -1.79518804e+02 
 1.84784980e+02  8.69382487e+01  1.84784980e+02 -1.79480418e+02 
 1.99526231e+02  8.69381889e+01  1.99526231e+02 -1.79438971e+02 
 2.15443469e+02  8.69381190e+01  2.15443469e+02 -1.79394218e+02 
 2.32630507e+02  8.69380376e+01  2.32630507e+02 -1.79345896e+02 
 2.51188643e+02  8.69379428e+01  2.51188643e+02 -1.79293720e+02 
 2.71227258e+02  8.69378321e+01  2.71227258e+02 -1.79237383e+02 
 2.92864456e+02  8.69377031e+01  2.92864456e+02 -1.79176553e+02 
 3.16227766e+02  8.69375527e+01  3.16227766e+02 -1.79110873e+02 
 3.41454887e+02  8.69373781e+01  3.41454887e+02 -1.79039956e+02 
 3.68694506e+02  8.69371737e+01  3.68694506e+02 -1.78963384e+02 
 3.98107171e+02  8.69369354e+01  3.98107171e+02 -1.78880709e+02 
 4.29866235e+02  8.69366576e+01  4.29866235e+02 -1.78791443e+02 
 4.64158883e+02  8.69363336e+01  4.64158883e+02 -1.78695063e+02 
 5.01187234e+02  8.69359560e+01  5.01187234e+02 -1.78591002e+02 
 5.41169527e+02  8.69355158e+01  5.41169527e+02 -1.78478651e+02 
 5.84341413e+02  8.69350033e+01  5.84341413e+02 -1.78357350e+02 
 6.30957344e+02  8.69344050e+01  6.30957344e+02 -1.78226389e+02 
 6.81292069e+02  8.69337075e+01  6.81292069e+02 -1.78085002e+02 
 7.35642254e+02  8.69328952e+01  7.35642254e+02 -1.77932363e+02 
 7.94328235e+02  8.69319475e+01  7.94328235e+02 -1.77767580e+02 
 8.57695899e+02  8.69308427e+01  8.57695899e+02 -1.77589694e+02 
 9.26118728e+02  8.69295560e+01  9.26118728e+02 -1.77397669e+02 
 1.00000000e+03  8.69280558e+01  1.00000000e+03 -1.77190393e+02 
 1.07977516e+03  8.69263066e+01  1.07977516e+03 -1.76966666e+02 
 1.16591440e+03  8.69242688e+01  1.16591440e+03 -1.76725196e+02 
 1.25892541e+03  8.69218940e+01  1.25892541e+03 -1.76464596e+02 
 1.35935639e+03  8.69191275e+01  1.35935639e+03 -1.76183374e+02 
 1.46779927e+03  8.69159032e+01  1.46779927e+03 -1.75879927e+02 
 1.58489319e+03  8.69121480e+01  1.58489319e+03 -1.75552537e+02 
 1.71132830e+03  8.69077737e+01  1.71132830e+03 -1.75199362e+02 
 1.84784980e+03  8.69026782e+01  1.84784980e+03 -1.74818430e+02 
 1.99526231e+03  8.68967453e+01  1.99526231e+03 -1.74407632e+02 
 2.15443469e+03  8.68898381e+01  2.15443469e+03 -1.73964721e+02 
 2.32630507e+03  8.68817983e+01  2.32630507e+03 -1.73487303e+02 
 2.51188643e+03  8.68724443e+01  2.51188643e+03 -1.72972834e+02 
 2.71227258e+03  8.68615629e+01  2.71227258e+03 -1.72418621e+02 
 2.92864456e+03  8.68489101e+01  2.92864456e+03 -1.71821823e+02 
 3.16227766e+03  8.68342055e+01  3.16227766e+03 -1.71179448e+02 
 3.41454887e+03  8.68171233e+01  3.41454887e+03 -1.70488374e+02 
 3.68694506e+03  8.67972926e+01  3.68694506e+03 -1.69745345e+02 
 3.98107171e+03  8.67742848e+01  3.98107171e+03 -1.68947007e+02 
 4.29866235e+03  8.67476117e+01  4.29866235e+03 -1.68089919e+02 
 4.64158883e+03  8.67167185e+01  4.64158883e+03 -1.67170599e+02 
 5.01187234e+03  8.66809759e+01  5.01187234e+03 -1.66185558e+02 
 5.41169527e+03  8.66396710e+01  5.41169527e+03 -1.65131371e+02 
 5.84341413e+03  8.65920036e+01  5.84341413e+03 -1.64004740e+02 
 6.30957344e+03  8.65370796e+01  6.30957344e+03 -1.62802584e+02 
 6.81292069e+03  8.64739096e+01  6.81292069e+03 -1.61522135e+02 
 7.35642254e+03  8.64013989e+01  7.35642254e+03 -1.60161076e+02 
 7.94328235e+03  8.63183593e+01  7.94328235e+03 -1.58717652e+02 
 8.57695899e+03  8.62235048e+01  8.57695899e+03 -1.57190839e+02 
 9.26118728e+03  8.61154658e+01  9.26118728e+03 -1.55580494e+02 
 1.00000000e+04  8.59928052e+01  1.00000000e+04 -1.53887506e+02 
 1.07977516e+04  8.58540353e+01  1.07977516e+04 -1.52113971e+02 
 1.16591440e+04  8.56976476e+01  1.16591440e+04 -1.50263319e+02 
 1.25892541e+04  8.55221506e+01  1.25892541e+04 -1.48340414e+02 
 1.35935639e+04  8.53261062e+01  1.35935639e+04 -1.46351626e+02 
 1.46779927e+04  8.51081783e+01  1.46779927e+04 -1.44304818e+02 
 1.58489319e+04  8.48671743e+01  1.58489319e+04 -1.42209304e+02 
 1.71132830e+04  8.46020950e+01  1.71132830e+04 -1.40075688e+02 
 1.84784980e+04  8.43121739e+01  1.84784980e+04 -1.37915649e+02 
 1.99526231e+04  8.39969089e+01  1.99526231e+04 -1.35741678e+02 
 2.15443469e+04  8.36560892e+01  2.15443469e+04 -1.33566706e+02 
 2.32630507e+04  8.32898021e+01  2.32630507e+04 -1.31403757e+02 
 2.51188643e+04  8.28984291e+01  2.51188643e+04 -1.29265571e+02 
 2.71227258e+04  8.24826324e+01  2.71227258e+04 -1.27164223e+02 
 2.92864456e+04  8.20433150e+01  2.92864456e+04 -1.25110895e+02 
 3.16227766e+04  8.15815947e+01  3.16227766e+04 -1.23115535e+02 
 3.41454887e+04  8.10987539e+01  3.41454887e+04 -1.21186730e+02 
 3.68694506e+04  8.05961941e+01  3.68694506e+04 -1.19331596e+02 
 3.98107171e+04  8.00753869e+01  3.98107171e+04 -1.17555800e+02 
 4.29866235e+04  7.95378393e+01  4.29866235e+04 -1.15863503e+02 
 4.64158883e+04  7.89850476e+01  4.64158883e+04 -1.14257559e+02 
 5.01187234e+04  7.84184731e+01  5.01187234e+04 -1.12739563e+02 
 5.41169527e+04  7.78395141e+01  5.41169527e+04 -1.11310048e+02 
 5.84341413e+04  7.72494907e+01  5.84341413e+04 -1.09968609e+02 
 6.30957344e+04  7.66496307e+01  6.30957344e+04 -1.08714103e+02 
 6.81292069e+04  7.60410648e+01  6.81292069e+04 -1.07544773e+02 
 7.35642254e+04  7.54248232e+01  7.35642254e+04 -1.06458402e+02 
 7.94328235e+04  7.48018364e+01  7.94328235e+04 -1.05452450e+02 
 8.57695899e+04  7.41729391e+01  8.57695899e+04 -1.04524155e+02 
 9.26118728e+04  7.35388744e+01  9.26118728e+04 -1.03670633e+02 
 1.00000000e+05  7.29003005e+01  1.00000000e+05 -1.02888963e+02 
 1.07977516e+05  7.22577971e+01  1.07977516e+05 -1.02176242e+02 
 1.16591440e+05  7.16118719e+01  1.16591440e+05 -1.01529657e+02 
 1.25892541e+05  7.09629681e+01  1.25892541e+05 -1.00946507e+02 
 1.35935639e+05  7.03114702e+01  1.35935639e+05 -1.00424256e+02 
 1.46779927e+05  6.96577106e+01  1.46779927e+05 -9.99605427e+01 
 1.58489319e+05  6.90019749e+01  1.58489319e+05 -9.95532050e+01 
 1.71132830e+05  6.83445070e+01  1.71132830e+05 -9.92003058e+01 
 1.84784980e+05  6.76855137e+01  1.84784980e+05 -9.89001246e+01 
 1.99526231e+05  6.70251682e+01  1.99526231e+05 -9.86511860e+01 
 2.15443469e+05  6.63636144e+01  2.15443469e+05 -9.84522432e+01 
 2.32630507e+05  6.57009686e+01  2.32630507e+05 -9.83022989e+01 
 2.51188643e+05  6.50373231e+01  2.51188643e+05 -9.82006009e+01 
 2.71227258e+05  6.43727470e+01  2.71227258e+05 -9.81466443e+01 
 2.92864456e+05  6.37072884e+01  2.92864456e+05 -9.81401768e+01 
 3.16227766e+05  6.30409750e+01  3.16227766e+05 -9.81811986e+01 
 3.41454887e+05  6.23738150e+01  3.41454887e+05 -9.82699598e+01 
 3.68694506e+05  6.17057970e+01  3.68694506e+05 -9.84069726e+01 
 3.98107171e+05  6.10368899e+01  3.98107171e+05 -9.85930045e+01 
 4.29866235e+05  6.03670422e+01  4.29866235e+05 -9.88290845e+01 
 4.64158883e+05  5.96961809e+01  4.64158883e+05 -9.91165051e+01 
 5.01187234e+05  5.90242099e+01  5.01187234e+05 -9.94568266e+01 
 5.41169527e+05  5.83510083e+01  5.41169527e+05 -9.98518757e+01 
 5.84341413e+05  5.76764276e+01  5.84341413e+05 -1.00303752e+02 
 6.30957344e+05  5.70002888e+01  6.30957344e+05 -1.00814824e+02 
 6.81292069e+05  5.63223791e+01  6.81292069e+05 -1.01387734e+02 
 7.35642254e+05  5.56424476e+01  7.35642254e+05 -1.02025391e+02 
 7.94328235e+05  5.49602008e+01  7.94328235e+05 -1.02730967e+02 
 8.57695899e+05  5.42752972e+01  8.57695899e+05 -1.03507886e+02 
 9.26118728e+05  5.35873421e+01  9.26118728e+05 -1.04359817e+02 
 1.00000000e+06  5.28958807e+01  1.00000000e+06 -1.05290644e+02 
 1.07977516e+06  5.22003918e+01  1.07977516e+06 -1.06304448e+02 
 1.16591440e+06  5.15002808e+01  1.16591440e+06 -1.07405462e+02 
 1.25892541e+06  5.07948725e+01  1.25892541e+06 -1.08598033e+02 
 1.35935639e+06  5.00834045e+01  1.35935639e+06 -1.09886557e+02 
 1.46779927e+06  4.93650207e+01  1.46779927e+06 -1.11275408e+02 
 1.58489319e+06  4.86387663e+01  1.58489319e+06 -1.12768848e+02 
 1.71132830e+06  4.79035842e+01  1.71132830e+06 -1.14370929e+02 
 1.84784980e+06  4.71583142e+01  1.84784980e+06 -1.16085368e+02 
 1.99526231e+06  4.64016951e+01  1.99526231e+06 -1.17915420e+02 
 2.15443469e+06  4.56323711e+01  2.15443469e+06 -1.19863732e+02 
 2.32630507e+06  4.48489035e+01  2.32630507e+06 -1.21932198e+02 
 2.51188643e+06  4.40497882e+01  2.51188643e+06 -1.24121813e+02 
 2.71227258e+06  4.32334794e+01  2.71227258e+06 -1.26432542e+02 
 2.92864456e+06  4.23984194e+01  2.92864456e+06 -1.28863219e+02 
 3.16227766e+06  4.15430757e+01  3.16227766e+06 -1.31411475e+02 
 3.41454887e+06  4.06659812e+01  3.41454887e+06 -1.34073734e+02 
 3.68694506e+06  3.97657782e+01  3.68694506e+06 -1.36845264e+02 
 3.98107171e+06  3.88412623e+01  3.98107171e+06 -1.39720315e+02 
 4.29866235e+06  3.78914227e+01  4.29866235e+06 -1.42692328e+02 
 4.64158883e+06  3.69154761e+01  4.64158883e+06 -1.45754231e+02 
 5.01187234e+06  3.59128897e+01  5.01187234e+06 -1.48898791e+02 
 5.41169527e+06  3.48833916e+01  5.41169527e+06 -1.52119029e+02 
 5.84341413e+06  3.38269659e+01  5.84341413e+06 -1.55408655e+02 
 6.30957344e+06  3.27438325e+01  6.30957344e+06 -1.58762508e+02 
 6.81292069e+06  3.16344112e+01  6.81292069e+06 -1.62176989e+02 
 7.35642254e+06  3.04992727e+01  7.35642254e+06 -1.65650450e+02 
 7.94328235e+06  2.93390784e+01  7.94328235e+06 -1.69183564e+02 
 8.57695899e+06  2.81545113e+01  8.57695899e+06 -1.72779648e+02 
 9.26118728e+06  2.69462000e+01  9.26118728e+06 -1.76444988e+02 
 1.00000000e+07  2.57146377e+01  1.00000000e+07 -1.80189179e+02 
 1.07977516e+07  2.44600974e+01  1.07977516e+07 -1.84025542e+02 
 1.16591440e+07  2.31825420e+01  1.16591440e+07 -1.87971684e+02 
 1.25892541e+07  2.18815311e+01  1.25892541e+07 -1.92050313e+02 
 1.35935639e+07  2.05561244e+01  1.35935639e+07 -1.96290437e+02 
 1.46779927e+07  1.92047881e+01  1.46779927e+07 -2.00729183e+02 
 1.58489319e+07  1.78253178e+01  1.58489319e+07 -2.05414528e+02 
 1.71132830e+07  1.64148141e+01  1.71132830e+07 -2.10409445e+02 
 1.84784980e+07  1.49697894e+01  1.84784980e+07 -2.15798169e+02 
 1.99526231e+07  1.34865831e+01  1.99526231e+07 -2.21695621e+02 
 2.15443469e+07  1.19624593e+01  2.15443469e+07 -2.28261326e+02 
 2.32630507e+07  1.03981886e+01  2.32630507e+07 -2.35718909e+02 
 2.51188643e+07  8.80372466e+00  2.51188643e+07 -2.44379573e+02 
 2.71227258e+07  7.20983332e+00  2.71227258e+07 -2.54657109e+02 
 2.92864456e+07  5.68884309e+00  2.92864456e+07 -2.67029510e+02 
 3.16227766e+07  4.38014305e+00  3.16227766e+07 -2.81839979e+02 
 3.41454887e+07  3.48675942e+00  3.41454887e+07 -2.98835415e+02 
 3.68694506e+07  3.18265527e+00  3.68694506e+07 -3.16738712e+02 
 3.98107171e+07  3.47133155e+00  3.98107171e+07 -3.33681916e+02 
 4.29866235e+07  4.18309673e+00  4.29866235e+07 -3.48359486e+02 
 4.64158883e+07  5.11529278e+00  4.64158883e+07 -3.60492335e+02 
 5.01187234e+07  6.12783745e+00  5.01187234e+07 -3.70412289e+02 
 5.41169527e+07  7.14836800e+00  5.41169527e+07 -3.78594207e+02 
 5.84341413e+07  8.14691749e+00  5.84341413e+07 -3.85450377e+02 
 6.30957344e+07  9.11492164e+00  6.30957344e+07 -3.91289261e+02 
 6.81292069e+07  1.00533884e+01  6.81292069e+07 -3.96329632e+02 
 7.35642254e+07  1.09671083e+01  7.35642254e+07 -4.00723793e+02 
 7.94328235e+07  1.18620109e+01  7.94328235e+07 -4.04576900e+02 
 8.57695899e+07  1.27440197e+01  8.57695899e+07 -4.07960621e+02 
 9.26118728e+07  1.36185849e+01  9.26118728e+07 -4.10922194e+02 
 1.00000000e+08  1.44904977e+01  1.00000000e+08 -4.13490216e+02 
 1.07977516e+08  1.53637945e+01  1.07977516e+08 -4.15678213e+02 
 1.16591440e+08  1.62416529e+01  1.16591440e+08 -4.17486781e+02 
 1.25892541e+08  1.71262208e+01  1.25892541e+08 -4.18904859e+02 
 1.35935639e+08  1.80183432e+01  1.35935639e+08 -4.19910654e+02 
 1.46779927e+08  1.89171622e+01  1.46779927e+08 -4.20472754e+02 
 1.58489319e+08  1.98195898e+01  1.58489319e+08 -4.20552055e+02 
 1.71132830e+08  2.07196920e+01  1.71132830e+08 -4.20105280e+02 
 1.84784980e+08  2.16080970e+01  1.84784980e+08 -4.19090913e+02 
 1.99526231e+08  2.24716436e+01  1.99526231e+08 -4.17478133e+02 
 2.15443469e+08  2.32936003e+01  2.15443469e+08 -4.15258528e+02 
 2.32630507e+08  2.40548257e+01  2.32630507e+08 -4.12458714e+02 
 2.51188643e+08  2.47360727e+01  2.51188643e+08 -4.09149886e+02 
 2.71227258e+08  2.53211766e+01  2.71227258e+08 -4.05449049e+02 
 2.92864456e+08  2.58002394e+01  2.92864456e+08 -4.01508197e+02 
 3.16227766e+08  2.61715874e+01  3.16227766e+08 -3.97492744e+02 
 3.41454887e+08  2.64416704e+01  3.41454887e+08 -3.93556262e+02 
 3.68694506e+08  2.66230441e+01  3.68694506e+08 -3.89820597e+02 
 3.98107171e+08  2.67314252e+01  3.98107171e+08 -3.86366894e+02 
 4.29866235e+08  2.67829466e+01  4.29866235e+08 -3.83237224e+02 
 4.64158883e+08  2.67922831e+01  4.64158883e+08 -3.80442656e+02 
 5.01187234e+08  2.67717423e+01  5.01187234e+08 -3.77973159e+02 
 5.41169527e+08  2.67310814e+01  5.41169527e+08 -3.75806364e+02 
 5.84341413e+08  2.66777323e+01  5.84341413e+08 -3.73914028e+02 
 6.30957344e+08  2.66171896e+01  6.30957344e+08 -3.72266226e+02 
 6.81292069e+08  2.65534176e+01  6.81292069e+08 -3.70833814e+02 
 7.35642254e+08  2.64892096e+01  7.35642254e+08 -3.69589697e+02 
 7.94328235e+08  2.64264789e+01  7.94328235e+08 -3.68509393e+02 
 8.57695899e+08  2.63664871e+01  8.57695899e+08 -3.67571174e+02 
 9.26118728e+08  2.63100178e+01  9.26118728e+08 -3.66755992e+02 
 1.00000000e+09  2.62575084e+01  1.00000000e+09 -3.66047292e+02 
