 1.00000000e+00  6.04058693e+01  1.00000000e+00 -1.79999877e+02 
 1.07977516e+00  6.04058693e+01  1.07977516e+00 -1.79999867e+02 
 1.16591440e+00  6.04058693e+01  1.16591440e+00 -1.79999856e+02 
 1.25892541e+00  6.04058693e+01  1.25892541e+00 -1.79999845e+02 
 1.35935639e+00  6.04058693e+01  1.35935639e+00 -1.79999832e+02 
 1.46779927e+00  6.04058693e+01  1.46779927e+00 -1.79999819e+02 
 1.58489319e+00  6.04058693e+01  1.58489319e+00 -1.79999805e+02 
 1.71132830e+00  6.04058693e+01  1.71132830e+00 -1.79999789e+02 
 1.84784980e+00  6.04058693e+01  1.84784980e+00 -1.79999772e+02 
 1.99526231e+00  6.04058693e+01  1.99526231e+00 -1.79999754e+02 
 2.15443469e+00  6.04058693e+01  2.15443469e+00 -1.79999734e+02 
 2.32630507e+00  6.04058693e+01  2.32630507e+00 -1.79999713e+02 
 2.51188643e+00  6.04058693e+01  2.51188643e+00 -1.79999690e+02 
 2.71227258e+00  6.04058693e+01  2.71227258e+00 -1.79999665e+02 
 2.92864456e+00  6.04058693e+01  2.92864456e+00 -1.79999639e+02 
 3.16227766e+00  6.04058693e+01  3.16227766e+00 -1.79999610e+02 
 3.41454887e+00  6.04058693e+01  3.41454887e+00 -1.79999579e+02 
 3.68694506e+00  6.04058693e+01  3.68694506e+00 -1.79999545e+02 
 3.98107171e+00  6.04058693e+01  3.98107171e+00 -1.79999509e+02 
 4.29866235e+00  6.04058693e+01  4.29866235e+00 -1.79999470e+02 
 4.64158883e+00  6.04058693e+01  4.64158883e+00 -1.79999428e+02 
 5.01187234e+00  6.04058693e+01  5.01187234e+00 -1.79999382e+02 
 5.41169527e+00  6.04058693e+01  5.41169527e+00 -1.79999333e+02 
 5.84341413e+00  6.04058693e+01  5.84341413e+00 -1.79999279e+02 
 6.30957344e+00  6.04058693e+01  6.30957344e+00 -1.79999222e+02 
 6.81292069e+00  6.04058693e+01  6.81292069e+00 -1.79999160e+02 
 7.35642254e+00  6.04058693e+01  7.35642254e+00 -1.79999093e+02 
 7.94328235e+00  6.04058693e+01  7.94328235e+00 -1.79999020e+02 
 8.57695899e+00  6.04058693e+01  8.57695899e+00 -1.79998942e+02 
 9.26118728e+00  6.04058693e+01  9.26118728e+00 -1.79998858e+02 
 1.00000000e+01  6.04058693e+01  1.00000000e+01 -1.79998767e+02 
 1.07977516e+01  6.04058693e+01  1.07977516e+01 -1.79998668e+02 
 1.16591440e+01  6.04058693e+01  1.16591440e+01 -1.79998562e+02 
 1.25892541e+01  6.04058693e+01  1.25892541e+01 -1.79998447e+02 
 1.35935639e+01  6.04058693e+01  1.35935639e+01 -1.79998323e+02 
 1.46779927e+01  6.04058693e+01  1.46779927e+01 -1.79998190e+02 
 1.58489319e+01  6.04058693e+01  1.58489319e+01 -1.79998045e+02 
 1.71132830e+01  6.04058693e+01  1.71132830e+01 -1.79997889e+02 
 1.84784980e+01  6.04058693e+01  1.84784980e+01 -1.79997721e+02 
 1.99526231e+01  6.04058693e+01  1.99526231e+01 -1.79997539e+02 
 2.15443469e+01  6.04058693e+01  2.15443469e+01 -1.79997343e+02 
 2.32630507e+01  6.04058693e+01  2.32630507e+01 -1.79997131e+02 
 2.51188643e+01  6.04058693e+01  2.51188643e+01 -1.79996902e+02 
 2.71227258e+01  6.04058693e+01  2.71227258e+01 -1.79996655e+02 
 2.92864456e+01  6.04058693e+01  2.92864456e+01 -1.79996388e+02 
 3.16227766e+01  6.04058693e+01  3.16227766e+01 -1.79996100e+02 
 3.41454887e+01  6.04058693e+01  3.41454887e+01 -1.79995788e+02 
 3.68694506e+01  6.04058693e+01  3.68694506e+01 -1.79995452e+02 
 3.98107171e+01  6.04058693e+01  3.98107171e+01 -1.79995090e+02 
 4.29866235e+01  6.04058693e+01  4.29866235e+01 -1.79994698e+02 
 4.64158883e+01  6.04058693e+01  4.64158883e+01 -1.79994275e+02 
 5.01187234e+01  6.04058693e+01  5.01187234e+01 -1.79993818e+02 
 5.41169527e+01  6.04058692e+01  5.41169527e+01 -1.79993325e+02 
 5.84341413e+01  6.04058692e+01  5.84341413e+01 -1.79992793e+02 
 6.30957344e+01  6.04058692e+01  6.30957344e+01 -1.79992218e+02 
 6.81292069e+01  6.04058692e+01  6.81292069e+01 -1.79991597e+02 
 7.35642254e+01  6.04058692e+01  7.35642254e+01 -1.79990926e+02 
 7.94328235e+01  6.04058692e+01  7.94328235e+01 -1.79990203e+02 
 8.57695899e+01  6.04058691e+01  8.57695899e+01 -1.79989421e+02 
 9.26118728e+01  6.04058691e+01  9.26118728e+01 -1.79988577e+02 
 1.00000000e+02  6.04058691e+01  1.00000000e+02 -1.79987666e+02 
 1.07977516e+02  6.04058690e+01  1.07977516e+02 -1.79986682e+02 
 1.16591440e+02  6.04058690e+01  1.16591440e+02 -1.79985619e+02 
 1.25892541e+02  6.04058689e+01  1.25892541e+02 -1.79984472e+02 
 1.35935639e+02  6.04058689e+01  1.35935639e+02 -1.79983234e+02 
 1.46779927e+02  6.04058688e+01  1.46779927e+02 -1.79981896e+02 
 1.58489319e+02  6.04058687e+01  1.58489319e+02 -1.79980452e+02 
 1.71132830e+02  6.04058686e+01  1.71132830e+02 -1.79978892e+02 
 1.84784980e+02  6.04058685e+01  1.84784980e+02 -1.79977208e+02 
 1.99526231e+02  6.04058683e+01  1.99526231e+02 -1.79975390e+02 
 2.15443469e+02  6.04058681e+01  2.15443469e+02 -1.79973427e+02 
 2.32630507e+02  6.04058679e+01  2.32630507e+02 -1.79971307e+02 
 2.51188643e+02  6.04058677e+01  2.51188643e+02 -1.79969018e+02 
 2.71227258e+02  6.04058674e+01  2.71227258e+02 -1.79966546e+02 
 2.92864456e+02  6.04058671e+01  2.92864456e+02 -1.79963878e+02 
 3.16227766e+02  6.04058668e+01  3.16227766e+02 -1.79960996e+02 
 3.41454887e+02  6.04058664e+01  3.41454887e+02 -1.79957885e+02 
 3.68694506e+02  6.04058659e+01  3.68694506e+02 -1.79954525e+02 
 3.98107171e+02  6.04058653e+01  3.98107171e+02 -1.79950897e+02 
 4.29866235e+02  6.04058646e+01  4.29866235e+02 -1.79946980e+02 
 4.64158883e+02  6.04058638e+01  4.64158883e+02 -1.79942750e+02 
 5.01187234e+02  6.04058629e+01  5.01187234e+02 -1.79938183e+02 
 5.41169527e+02  6.04058619e+01  5.41169527e+02 -1.79933251e+02 
 5.84341413e+02  6.04058607e+01  5.84341413e+02 -1.79927927e+02 
 6.30957344e+02  6.04058592e+01  6.30957344e+02 -1.79922177e+02 
 6.81292069e+02  6.04058575e+01  6.81292069e+02 -1.79915969e+02 
 7.35642254e+02  6.04058556e+01  7.35642254e+02 -1.79909265e+02 
 7.94328235e+02  6.04058533e+01  7.94328235e+02 -1.79902027e+02 
 8.57695899e+02  6.04058506e+01  8.57695899e+02 -1.79894211e+02 
 9.26118728e+02  6.04058475e+01  9.26118728e+02 -1.79885771e+02 
 1.00000000e+03  6.04058439e+01  1.00000000e+03 -1.79876659e+02 
 1.07977516e+03  6.04058397e+01  1.07977516e+03 -1.79866819e+02 
 1.16591440e+03  6.04058348e+01  1.16591440e+03 -1.79856195e+02 
 1.25892541e+03  6.04058290e+01  1.25892541e+03 -1.79844723e+02 
 1.35935639e+03  6.04058223e+01  1.35935639e+03 -1.79832336e+02 
 1.46779927e+03  6.04058145e+01  1.46779927e+03 -1.79818961e+02 
 1.58489319e+03  6.04058055e+01  1.58489319e+03 -1.79804518e+02 
 1.71132830e+03  6.04057949e+01  1.71132830e+03 -1.79788924e+02 
 1.84784980e+03  6.04057826e+01  1.84784980e+03 -1.79772085e+02 
 1.99526231e+03  6.04057681e+01  1.99526231e+03 -1.79753904e+02 
 2.15443469e+03  6.04057514e+01  2.15443469e+03 -1.79734272e+02 
 2.32630507e+03  6.04057318e+01  2.32630507e+03 -1.79713074e+02 
 2.51188643e+03  6.04057090e+01  2.51188643e+03 -1.79690185e+02 
 2.71227258e+03  6.04056823e+01  2.71227258e+03 -1.79665470e+02 
 2.92864456e+03  6.04056513e+01  2.92864456e+03 -1.79638784e+02 
 3.16227766e+03  6.04056151e+01  3.16227766e+03 -1.79609969e+02 
 3.41454887e+03  6.04055729e+01  3.41454887e+03 -1.79578856e+02 
 3.68694506e+03  6.04055238e+01  3.68694506e+03 -1.79545261e+02 
 3.98107171e+03  6.04054665e+01  3.98107171e+03 -1.79508986e+02 
 4.29866235e+03  6.04053997e+01  4.29866235e+03 -1.79469818e+02 
 4.64158883e+03  6.04053217e+01  4.64158883e+03 -1.79427527e+02 
 5.01187234e+03  6.04052308e+01  5.01187234e+03 -1.79381863e+02 
 5.41169527e+03  6.04051249e+01  5.41169527e+03 -1.79332557e+02 
 5.84341413e+03  6.04050014e+01  5.84341413e+03 -1.79279319e+02 
 6.30957344e+03  6.04048574e+01  6.30957344e+03 -1.79221836e+02 
 6.81292069e+03  6.04046896e+01  6.81292069e+03 -1.79159770e+02 
 7.35642254e+03  6.04044939e+01  7.35642254e+03 -1.79092755e+02 
 7.94328235e+03  6.04042658e+01  7.94328235e+03 -1.79020399e+02 
 8.57695899e+03  6.04039998e+01  8.57695899e+03 -1.78942275e+02 
 9.26118728e+03  6.04036897e+01  9.26118728e+03 -1.78857925e+02 
 1.00000000e+04  6.04033281e+01  1.00000000e+04 -1.78766854e+02 
 1.07977516e+04  6.04029066e+01  1.07977516e+04 -1.78668527e+02 
 1.16591440e+04  6.04024153e+01  1.16591440e+04 -1.78562369e+02 
 1.25892541e+04  6.04018425e+01  1.25892541e+04 -1.78447757e+02 
 1.35935639e+04  6.04011747e+01  1.35935639e+04 -1.78324022e+02 
 1.46779927e+04  6.04003963e+01  1.46779927e+04 -1.78190441e+02 
 1.58489319e+04  6.03994890e+01  1.58489319e+04 -1.78046234e+02 
 1.71132830e+04  6.03984312e+01  1.71132830e+04 -1.77890562e+02 
 1.84784980e+04  6.03971984e+01  1.84784980e+04 -1.77722521e+02 
 1.99526231e+04  6.03957614e+01  1.99526231e+04 -1.77541136e+02 
 2.15443469e+04  6.03940867e+01  2.15443469e+04 -1.77345359e+02 
 2.32630507e+04  6.03921347e+01  2.32630507e+04 -1.77134061e+02 
 2.51188643e+04  6.03898601e+01  2.51188643e+04 -1.76906031e+02 
 2.71227258e+04  6.03872097e+01  2.71227258e+04 -1.76659964e+02 
 2.92864456e+04  6.03841213e+01  2.92864456e+04 -1.76394461e+02 
 3.16227766e+04  6.03805233e+01  3.16227766e+04 -1.76108023e+02 
 3.41454887e+04  6.03763321e+01  3.41454887e+04 -1.75799043e+02 
 3.68694506e+04  6.03714506e+01  3.68694506e+04 -1.75465799e+02 
 3.98107171e+04  6.03657658e+01  3.98107171e+04 -1.75106457e+02 
 4.29866235e+04  6.03591473e+01  4.29866235e+04 -1.74719058e+02 
 4.64158883e+04  6.03514430e+01  4.64158883e+04 -1.74301519e+02 
 5.01187234e+04  6.03424775e+01  5.01187234e+04 -1.73851632e+02 
 5.41169527e+04  6.03320475e+01  5.41169527e+04 -1.73367058e+02 
 5.84341413e+04  6.03199180e+01  5.84341413e+04 -1.72845335e+02 
 6.30957344e+04  6.03058181e+01  6.30957344e+04 -1.72283879e+02 
 6.81292069e+04  6.02894354e+01  6.81292069e+04 -1.71679995e+02 
 7.35642254e+04  6.02704112e+01  7.35642254e+04 -1.71030886e+02 
 7.94328235e+04  6.02483337e+01  7.94328235e+04 -1.70333677e+02 
 8.57695899e+04  6.02227318e+01  8.57695899e+04 -1.69585436e+02 
 9.26118728e+04  6.01930686e+01  9.26118728e+04 -1.68783213e+02 
 1.00000000e+05  6.01587337e+01  1.00000000e+05 -1.67924083e+02 
 1.07977516e+05  6.01190367e+01  1.07977516e+05 -1.67005201e+02 
 1.16591440e+05  6.00731994e+01  1.16591440e+05 -1.66023876e+02 
 1.25892541e+05  6.00203512e+01  1.25892541e+05 -1.64977653e+02 
 1.35935639e+05  5.99595228e+01  1.35935639e+05 -1.63864417e+02 
 1.46779927e+05  5.98896439e+01  1.46779927e+05 -1.62682511e+02 
 1.58489319e+05  5.98095425e+01  1.58489319e+05 -1.61430870e+02 
 1.71132830e+05  5.97179480e+01  1.71132830e+05 -1.60109172e+02 
 1.84784980e+05  5.96134989e+01  1.84784980e+05 -1.58717998e+02 
 1.99526231e+05  5.94947551e+01  1.99526231e+05 -1.57259000e+02 
 2.15443469e+05  5.93602170e+01  2.15443469e+05 -1.55735062e+02 
 2.32630507e+05  5.92083507e+01  2.32630507e+05 -1.54150453e+02 
 2.51188643e+05  5.90376196e+01  2.51188643e+05 -1.52510950e+02 
 2.71227258e+05  5.88465227e+01  2.71227258e+05 -1.50823925e+02 
 2.92864456e+05  5.86336368e+01  2.92864456e+05 -1.49098374e+02 
 3.16227766e+05  5.83976615e+01  3.16227766e+05 -1.47344884e+02 
 3.41454887e+05  5.81374648e+01  3.41454887e+05 -1.45575524e+02 
 3.68694506e+05  5.78521239e+01  3.68694506e+05 -1.43803660e+02 
 3.98107171e+05  5.75409601e+01  3.98107171e+05 -1.42043703e+02 
 4.29866235e+05  5.72035641e+01  4.29866235e+05 -1.40310790e+02 
 4.64158883e+05  5.68398068e+01  4.64158883e+05 -1.38620437e+02 
 5.01187234e+05  5.64498386e+01  5.01187234e+05 -1.36988164e+02 
 5.41169527e+05  5.60340721e+01  5.41169527e+05 -1.35429148e+02 
 5.84341413e+05  5.55931542e+01  5.84341413e+05 -1.33957896e+02 
 6.30957344e+05  5.51279264e+01  6.30957344e+05 -1.32587986e+02 
 6.81292069e+05  5.46393779e+01  6.81292069e+05 -1.31331869e+02 
 7.35642254e+05  5.41285951e+01  7.35642254e+05 -1.30200747e+02 
 7.94328235e+05  5.35967097e+01  7.94328235e+05 -1.29204523e+02 
 8.57695899e+05  5.30448497e+01  8.57695899e+05 -1.28351815e+02 
 9.26118728e+05  5.24740938e+01  9.26118728e+05 -1.27650013e+02 
 1.00000000e+06  5.18854320e+01  1.00000000e+06 -1.27105379e+02 
 1.07977516e+06  5.12797320e+01  1.07977516e+06 -1.26723160e+02 
 1.16591440e+06  5.06577122e+01  1.16591440e+06 -1.26507706e+02 
 1.25892541e+06  5.00199213e+01  1.25892541e+06 -1.26462589e+02 
 1.35935639e+06  4.93667227e+01  1.35935639e+06 -1.26590688e+02 
 1.46779927e+06  4.86982851e+01  1.46779927e+06 -1.26894265e+02 
 1.58489319e+06  4.80145778e+01  1.58489319e+06 -1.27375003e+02 
 1.71132830e+06  4.73153706e+01  1.71132830e+06 -1.28034016e+02 
 1.84784980e+06  4.66002381e+01  1.84784980e+06 -1.28871824e+02 
 1.99526231e+06  4.58685697e+01  1.99526231e+06 -1.29888299e+02 
 2.15443469e+06  4.51195842e+01  2.15443469e+06 -1.31082598e+02 
 2.32630507e+06  4.43523506e+01  2.32630507e+06 -1.32453061e+02 
 2.51188643e+06  4.35658146e+01  2.51188643e+06 -1.33997125e+02 
 2.71227258e+06  4.27588318e+01  2.71227258e+06 -1.35711226e+02 
 2.92864456e+06  4.19302066e+01  2.92864456e+06 -1.37590743e+02 
 3.16227766e+06  4.10787366e+01  3.16227766e+06 -1.39629964e+02 
 3.41454887e+06  4.02032600e+01  3.41454887e+06 -1.41822118e+02 
 3.68694506e+06  3.93027050e+01  3.68694506e+06 -1.44159463e+02 
 3.98107171e+06  3.83761371e+01  3.98107171e+06 -1.46633459e+02 
 4.29866235e+06  3.74228013e+01  4.29866235e+06 -1.49235017e+02 
 4.64158883e+06  3.64421559e+01  4.64158883e+06 -1.51954811e+02 
 5.01187234e+06  3.54338941e+01  5.01187234e+06 -1.54783667e+02 
 5.41169527e+06  3.43979516e+01  5.41169527e+06 -1.57712979e+02 
 5.84341413e+06  3.33344982e+01  5.84341413e+06 -1.60735153e+02 
 6.30957344e+06  3.22439137e+01  6.30957344e+06 -1.63844044e+02 
 6.81292069e+06  3.11267488e+01  6.81292069e+06 -1.67035379e+02 
 7.35642254e+06  2.99836740e+01  7.35642254e+06 -1.70307142e+02 
 7.94328235e+06  2.88154169e+01  7.94328235e+06 -1.73659924e+02 
 8.57695899e+06  2.76226932e+01  8.57695899e+06 -1.77097264e+02 
 9.26118728e+06  2.64061307e+01  9.26118728e+06 -1.80625982e+02 
 1.00000000e+07  2.51661905e+01  1.00000000e+07 -1.84256566e+02 
 1.07977516e+07  2.39030844e+01  1.07977516e+07 -1.88003664e+02 
 1.16591440e+07  2.26166899e+01  1.16591440e+07 -1.91886766e+02 
 1.25892541e+07  2.13064656e+01  1.25892541e+07 -1.95931203e+02 
 1.35935639e+07  1.99713690e+01  1.35935639e+07 -2.00169626e+02 
 1.46779927e+07  1.86097905e+01  1.46779927e+07 -2.04644226e+02 
 1.58489319e+07  1.72195290e+01  1.58489319e+07 -2.09410053e+02 
 1.71132830e+07  1.57978681e+01  1.71132830e+07 -2.14539998e+02 
 1.84784980e+07  1.43418800e+01  1.84784980e+07 -2.20132203e+02 
 1.99526231e+07  1.28492213e+01  1.99526231e+07 -2.26320920e+02 
 2.15443469e+07  1.13199694e+01  2.15443469e+07 -2.33291757e+02 
 2.32630507e+07  9.76059428e+00  2.32630507e+07 -2.41300802e+02 
 2.51188643e+07  8.19204440e+00  2.51188643e+07 -2.50690978e+02 
 2.71227258e+07  6.66461400e+00  2.71227258e+07 -2.61880138e+02 
 2.92864456e+07  5.27936933e+00  2.92864456e+07 -2.75253454e+02 
 3.16227766e+07  4.20007312e+00  3.16227766e+07 -2.90858425e+02 
 3.41454887e+07  3.61042702e+00  3.41454887e+07 -3.07962869e+02 
 3.68694506e+07  3.59724570e+00  3.68694506e+07 -3.25023611e+02 
 3.98107171e+07  4.07527781e+00  3.98107171e+07 -3.40496568e+02 
 4.29866235e+07  4.86229176e+00  4.29866235e+07 -3.53647416e+02 
 4.64158883e+07  5.79596496e+00  4.64158883e+07 -3.64520974e+02 
 5.01187234e+07  6.77674103e+00  5.01187234e+07 -3.73499170e+02 
 5.41169527e+07  7.75595497e+00  5.41169527e+07 -3.80995749e+02 
 5.84341413e+07  8.71442538e+00  5.84341413e+07 -3.87348379e+02 
 6.30957344e+07  9.64759793e+00  6.30957344e+07 -3.92806528e+02 
 6.81292069e+07  1.05574663e+01  6.81292069e+07 -3.97547580e+02 
 7.35642254e+07  1.14486018e+01  7.35642254e+07 -4.01695676e+02 
 7.94328235e+07  1.23263065e+01  7.94328235e+07 -4.05336609e+02 
 8.57695899e+07  1.31957883e+01  8.57695899e+07 -4.08528248e+02 
 9.26118728e+07  1.40618008e+01  9.26118728e+07 -4.11307436e+02 
 1.00000000e+08  1.49284701e+01  1.00000000e+08 -4.13694367e+02 
 1.07977516e+08  1.57991667e+01  1.07977516e+08 -4.15695271e+02 
 1.16591440e+08  1.66763422e+01  1.16591440e+08 -4.17304008e+02 
 1.25892541e+08  1.75612827e+01  1.25892541e+08 -4.18503103e+02 
 1.35935639e+08  1.84537444e+01  1.35935639e+08 -4.19264737e+02 
 1.46779927e+08  1.93514568e+01  1.46779927e+08 -4.19552290e+02 
 1.58489319e+08  2.02495112e+01  1.58489319e+08 -4.19323174e+02 
 1.71132830e+08  2.11397116e+01  1.71132830e+08 -4.18533843e+02 
 1.84784980e+08  2.20100669e+01  1.84784980e+08 -4.17147765e+02 
 1.99526231e+08  2.28447276e+01  1.99526231e+08 -4.15146596e+02 
 2.15443469e+08  2.36247668e+01  2.15443469e+08 -4.12543408e+02 
 2.32630507e+08  2.43301369e+01  2.32630507e+08 -4.09394611e+02 
 2.51188643e+08  2.49427576e+01  2.51188643e+08 -4.05805157e+02 
 2.71227258e+08  2.54500293e+01  2.71227258e+08 -4.01921881e+02 
 2.92864456e+08  2.58474990e+01  2.92864456e+08 -3.97913988e+02 
 3.16227766e+08  2.61395197e+01  3.16227766e+08 -3.93946392e+02 
 3.41454887e+08  2.63376596e+01  3.41454887e+08 -3.90155766e+02 
 3.68694506e+08  2.64577085e+01  3.68694506e+08 -3.86637188e+02 
 3.98107171e+08  2.65165649e+01  3.98107171e+08 -3.83443050e+02 
 4.29866235e+08  2.65299359e+01  4.29866235e+08 -3.80590486e+02 
 4.64158883e+08  2.65111202e+01  4.64158883e+08 -3.78072035e+02 
 5.01187234e+08  2.64706738e+01  5.01187234e+08 -3.75865632e+02 
 5.41169527e+08  2.64166039e+01  5.41169527e+08 -3.73942169e+02 
 5.84341413e+08  2.63547886e+01  5.84341413e+08 -3.72270455e+02 
 6.30957344e+08  2.62894350e+01  6.30957344e+08 -3.70820073e+02 
 6.81292069e+08  2.62234853e+01  6.81292069e+08 -3.69562842e+02 
 7.35642254e+08  2.61589455e+01  7.35642254e+08 -3.68473406e+02 
 7.94328235e+08  2.60971360e+01  7.94328235e+08 -3.67529356e+02 
 8.57695899e+08  2.60388796e+01  8.57695899e+08 -3.66711113e+02 
 9.26118728e+08  2.59846411e+01  9.26118728e+08 -3.66001693e+02 
 1.00000000e+09  2.59346302e+01  1.00000000e+09 -3.65386452e+02 
