 1.00000000e+00  6.92686774e+01  1.00000000e+00 -3.90163352e-04 
 1.07977516e+00  6.92686774e+01  1.07977516e+00 -4.21288696e-04 
 1.16591440e+00  6.92686774e+01  1.16591440e+00 -4.54897070e-04 
 1.25892541e+00  6.92686774e+01  1.25892541e+00 -4.91186558e-04 
 1.35935639e+00  6.92686774e+01  1.35935639e+00 -5.30371045e-04 
 1.46779927e+00  6.92686774e+01  1.46779927e+00 -5.72681482e-04 
 1.58489319e+00  6.92686774e+01  1.58489319e+00 -6.18367240e-04 
 1.71132830e+00  6.92686774e+01  1.71132830e+00 -6.67697587e-04 
 1.84784980e+00  6.92686774e+01  1.84784980e+00 -7.20963270e-04 
 1.99526231e+00  6.92686774e+01  1.99526231e+00 -7.78478232e-04 
 2.15443469e+00  6.92686774e+01  2.15443469e+00 -8.40581459e-04 
 2.32630507e+00  6.92686774e+01  2.32630507e+00 -9.07638982e-04 
 2.51188643e+00  6.92686774e+01  2.51188643e+00 -9.80046029e-04 
 2.71227258e+00  6.92686774e+01  2.71227258e+00 -1.05822936e-03 
 2.92864456e+00  6.92686774e+01  2.92864456e+00 -1.14264978e-03 
 3.16227766e+00  6.92686774e+01  3.16227766e+00 -1.23380485e-03 
 3.41454887e+00  6.92686774e+01  3.41454887e+00 -1.33223183e-03 
 3.68694506e+00  6.92686774e+01  3.68694506e+00 -1.43851084e-03 
 3.98107171e+00  6.92686774e+01  3.98107171e+00 -1.55326828e-03 
 4.29866235e+00  6.92686774e+01  4.29866235e+00 -1.67718051e-03 
 4.64158883e+00  6.92686774e+01  4.64158883e+00 -1.81097786e-03 
 5.01187234e+00  6.92686774e+01  5.01187234e+00 -1.95544891e-03 
 5.41169527e+00  6.92686774e+01  5.41169527e+00 -2.11144516e-03 
 5.84341413e+00  6.92686774e+01  5.84341413e+00 -2.27988604e-03 
 6.30957344e+00  6.92686774e+01  6.30957344e+00 -2.46176432e-03 
 6.81292069e+00  6.92686774e+01  6.81292069e+00 -2.65815197e-03 
 7.35642254e+00  6.92686774e+01  7.35642254e+00 -2.87020647e-03 
 7.94328235e+00  6.92686774e+01  7.94328235e+00 -3.09917766e-03 
 8.57695899e+00  6.92686774e+01  8.57695899e+00 -3.34641506e-03 
 9.26118728e+00  6.92686774e+01  9.26118728e+00 -3.61337586e-03 
 1.00000000e+01  6.92686774e+01  1.00000000e+01 -3.90163351e-03 
 1.07977516e+01  6.92686774e+01  1.07977516e+01 -4.21288696e-03 
 1.16591440e+01  6.92686774e+01  1.16591440e+01 -4.54897069e-03 
 1.25892541e+01  6.92686774e+01  1.25892541e+01 -4.91186557e-03 
 1.35935639e+01  6.92686774e+01  1.35935639e+01 -5.30371044e-03 
 1.46779927e+01  6.92686774e+01  1.46779927e+01 -5.72681480e-03 
 1.58489319e+01  6.92686774e+01  1.58489319e+01 -6.18367238e-03 
 1.71132830e+01  6.92686774e+01  1.71132830e+01 -6.67697584e-03 
 1.84784980e+01  6.92686773e+01  1.84784980e+01 -7.20963267e-03 
 1.99526231e+01  6.92686773e+01  1.99526231e+01 -7.78478228e-03 
 2.15443469e+01  6.92686773e+01  2.15443469e+01 -8.40581454e-03 
 2.32630507e+01  6.92686773e+01  2.32630507e+01 -9.07638975e-03 
 2.51188643e+01  6.92686773e+01  2.51188643e+01 -9.80046020e-03 
 2.71227258e+01  6.92686773e+01  2.71227258e+01 -1.05822935e-02 
 2.92864456e+01  6.92686772e+01  2.92864456e+01 -1.14264977e-02 
 3.16227766e+01  6.92686772e+01  3.16227766e+01 -1.23380483e-02 
 3.41454887e+01  6.92686772e+01  3.41454887e+01 -1.33223181e-02 
 3.68694506e+01  6.92686772e+01  3.68694506e+01 -1.43851082e-02 
 3.98107171e+01  6.92686771e+01  3.98107171e+01 -1.55326825e-02 
 4.29866235e+01  6.92686771e+01  4.29866235e+01 -1.67718047e-02 
 4.64158883e+01  6.92686770e+01  4.64158883e+01 -1.81097780e-02 
 5.01187234e+01  6.92686769e+01  5.01187234e+01 -1.95544884e-02 
 5.41169527e+01  6.92686769e+01  5.41169527e+01 -2.11144508e-02 
 5.84341413e+01  6.92686768e+01  5.84341413e+01 -2.27988593e-02 
 6.30957344e+01  6.92686767e+01  6.30957344e+01 -2.46176419e-02 
 6.81292069e+01  6.92686765e+01  6.81292069e+01 -2.65815180e-02 
 7.35642254e+01  6.92686764e+01  7.35642254e+01 -2.87020626e-02 
 7.94328235e+01  6.92686762e+01  7.94328235e+01 -3.09917739e-02 
 8.57695899e+01  6.92686760e+01  8.57695899e+01 -3.34641472e-02 
 9.26118728e+01  6.92686758e+01  9.26118728e+01 -3.61337544e-02 
 1.00000000e+02  6.92686755e+01  1.00000000e+02 -3.90163298e-02 
 1.07977516e+02  6.92686752e+01  1.07977516e+02 -4.21288628e-02 
 1.16591440e+02  6.92686749e+01  1.16591440e+02 -4.54896985e-02 
 1.25892541e+02  6.92686744e+01  1.25892541e+02 -4.91186450e-02 
 1.35935639e+02  6.92686739e+01  1.35935639e+02 -5.30370910e-02 
 1.46779927e+02  6.92686734e+01  1.46779927e+02 -5.72681311e-02 
 1.58489319e+02  6.92686727e+01  1.58489319e+02 -6.18367025e-02 
 1.71132830e+02  6.92686719e+01  1.71132830e+02 -6.67697316e-02 
 1.84784980e+02  6.92686710e+01  1.84784980e+02 -7.20962929e-02 
 1.99526231e+02  6.92686699e+01  1.99526231e+02 -7.78477803e-02 
 2.15443469e+02  6.92686687e+01  2.15443469e+02 -8.40580919e-02 
 2.32630507e+02  6.92686673e+01  2.32630507e+02 -9.07638302e-02 
 2.51188643e+02  6.92686656e+01  2.51188643e+02 -9.80045173e-02 
 2.71227258e+02  6.92686636e+01  2.71227258e+02 -1.05822828e-01 
 2.92864456e+02  6.92686613e+01  2.92864456e+02 -1.14264842e-01 
 3.16227766e+02  6.92686587e+01  3.16227766e+02 -1.23380314e-01 
 3.41454887e+02  6.92686556e+01  3.41454887e+02 -1.33222968e-01 
 3.68694506e+02  6.92686519e+01  3.68694506e+02 -1.43850814e-01 
 3.98107171e+02  6.92686477e+01  3.98107171e+02 -1.55326487e-01 
 4.29866235e+02  6.92686428e+01  4.29866235e+02 -1.67717622e-01 
 4.64158883e+02  6.92686371e+01  4.64158883e+02 -1.81097246e-01 
 5.01187234e+02  6.92686304e+01  5.01187234e+02 -1.95544211e-01 
 5.41169527e+02  6.92686226e+01  5.41169527e+02 -2.11143660e-01 
 5.84341413e+02  6.92686135e+01  5.84341413e+02 -2.27987527e-01 
 6.30957344e+02  6.92686029e+01  6.30957344e+02 -2.46175076e-01 
 6.81292069e+02  6.92685905e+01  6.81292069e+02 -2.65813489e-01 
 7.35642254e+02  6.92685761e+01  7.35642254e+02 -2.87018498e-01 
 7.94328235e+02  6.92685593e+01  7.94328235e+02 -3.09915060e-01 
 8.57695899e+02  6.92685396e+01  8.57695899e+02 -3.34638099e-01 
 9.26118728e+02  6.92685168e+01  9.26118728e+02 -3.61333297e-01 
 1.00000000e+03  6.92684901e+01  1.00000000e+03 -3.90157952e-01 
 1.07977516e+03  6.92684591e+01  1.07977516e+03 -4.21281898e-01 
 1.16591440e+03  6.92684229e+01  1.16591440e+03 -4.54888512e-01 
 1.25892541e+03  6.92683806e+01  1.25892541e+03 -4.91175784e-01 
 1.35935639e+03  6.92683314e+01  1.35935639e+03 -5.30357482e-01 
 1.46779927e+03  6.92682740e+01  1.46779927e+03 -5.72664406e-01 
 1.58489319e+03  6.92682070e+01  1.58489319e+03 -6.18345743e-01 
 1.71132830e+03  6.92681289e+01  1.71132830e+03 -6.67670519e-01 
 1.84784980e+03  6.92680379e+01  1.84784980e+03 -7.20929187e-01 
 1.99526231e+03  6.92679318e+01  1.99526231e+03 -7.78435327e-01 
 2.15443469e+03  6.92678081e+01  2.15443469e+03 -8.40527450e-01 
 2.32630507e+03  6.92676640e+01  2.32630507e+03 -9.07570992e-01 
 2.51188643e+03  6.92674959e+01  2.51188643e+03 -9.79960440e-01 
 2.71227258e+03  6.92672999e+01  2.71227258e+03 -1.05812162e+00 
 2.92864456e+03  6.92670714e+01  2.92864456e+03 -1.14251415e+00 
 3.16227766e+03  6.92668050e+01  3.16227766e+03 -1.23363411e+00 
 3.41454887e+03  6.92664945e+01  3.41454887e+03 -1.33201690e+00 
 3.68694506e+03  6.92661325e+01  3.68694506e+03 -1.43824028e+00 
 3.98107171e+03  6.92657101e+01  3.98107171e+03 -1.55292763e+00 
 4.29866235e+03  6.92652181e+01  4.29866235e+03 -1.67675170e+00 
 4.64158883e+03  6.92646444e+01  4.64158883e+03 -1.81043808e+00 
 5.01187234e+03  6.92639757e+01  5.01187234e+03 -1.95476944e+00 
 5.41169527e+03  6.92631960e+01  5.41169527e+03 -2.11058983e+00 
 5.84341413e+03  6.92622874e+01  5.84341413e+03 -2.27880940e+00 
 6.30957344e+03  6.92612281e+01  6.30957344e+03 -2.46040913e+00 
 6.81292069e+03  6.92599934e+01  6.81292069e+03 -2.65644616e+00 
 7.35642254e+03  6.92585542e+01  7.35642254e+03 -2.86805942e+00 
 7.94328235e+03  6.92568769e+01  7.94328235e+03 -3.09647528e+00 
 8.57695899e+03  6.92549222e+01  8.57695899e+03 -3.34301391e+00 
 9.26118728e+03  6.92526440e+01  9.26118728e+03 -3.60909535e+00 
 1.00000000e+04  6.92499895e+01  1.00000000e+04 -3.89624663e+00 
 1.07977516e+04  6.92468967e+01  1.07977516e+04 -4.20610820e+00 
 1.16591440e+04  6.92432936e+01  1.16591440e+04 -4.54044103e+00 
 1.25892541e+04  6.92390962e+01  1.25892541e+04 -4.90113353e+00 
 1.35935639e+04  6.92342078e+01  1.35935639e+04 -5.29020881e+00 
 1.46779927e+04  6.92285151e+01  1.46779927e+04 -5.70983060e+00 
 1.58489319e+04  6.92218874e+01  1.58489319e+04 -6.16231018e+00 
 1.71132830e+04  6.92141724e+01  1.71132830e+04 -6.65011090e+00 
 1.84784980e+04  6.92051951e+01  1.84784980e+04 -7.17585384e+00 
 1.99526231e+04  6.91947511e+01  1.99526231e+04 -7.74231834e+00 
 2.15443469e+04  6.91826062e+01  2.15443469e+04 -8.35244538e+00 
 2.32630507e+04  6.91684891e+01  2.32630507e+04 -9.00933329e+00 
 2.51188643e+04  6.91520876e+01  2.51188643e+04 -9.71623324e+00 
 2.71227258e+04  6.91330418e+01  2.71227258e+04 -1.04765371e+01 
 2.92864456e+04  6.91109411e+01  2.92864456e+04 -1.12937660e+01 
 3.16227766e+04  6.90853148e+01  3.16227766e+04 -1.21715432e+01 
 3.41454887e+04  6.90556259e+01  3.41454887e+04 -1.31135644e+01 
 3.68694506e+04  6.90212650e+01  3.68694506e+04 -1.41235575e+01 
 3.98107171e+04  6.89815426e+01  3.98107171e+04 -1.52052286e+01 
 4.29866235e+04  6.89356833e+01  4.29866235e+04 -1.63621977e+01 
 4.64158883e+04  6.88828178e+01  4.64158883e+04 -1.75979140e+01 
 5.01187234e+04  6.88219816e+01  5.01187234e+04 -1.89155656e+01 
 5.41169527e+04  6.87521091e+01  5.41169527e+04 -2.03179592e+01 
 5.84341413e+04  6.86720355e+01  5.84341413e+04 -2.18073957e+01 
 6.30957344e+04  6.85804991e+01  6.30957344e+04 -2.33855239e+01 
 6.81292069e+04  6.84761512e+01  6.81292069e+04 -2.50531912e+01 
 7.35642254e+04  6.83575667e+01  7.35642254e+04 -2.68102776e+01 
 7.94328235e+04  6.82232669e+01  7.94328235e+04 -2.86555514e+01 
 8.57695899e+04  6.80717428e+01  8.57695899e+04 -3.05865193e+01 
 9.26118728e+04  6.79014905e+01  9.26118728e+04 -3.25993224e+01 
 1.00000000e+05  6.77110473e+01  1.00000000e+05 -3.46886553e+01 
 1.07977516e+05  6.74990378e+01  1.07977516e+05 -3.68477577e+01 
 1.16591440e+05  6.72642180e+01  1.16591440e+05 -3.90684585e+01 
 1.25892541e+05  6.70055225e+01  1.25892541e+05 -4.13413024e+01 
 1.35935639e+05  6.67221069e+01  1.35935639e+05 -4.36557531e+01 
 1.46779927e+05  6.64133832e+01  1.46779927e+05 -4.60004637e+01 
 1.58489319e+05  6.60790452e+01  1.58489319e+05 -4.83636048e+01 
 1.71132830e+05  6.57190825e+01  1.71132830e+05 -5.07332379e+01 
 1.84784980e+05  6.53337793e+01  1.84784980e+05 -5.30976921e+01 
 1.99526231e+05  6.49237000e+01  1.99526231e+05 -5.54459331e+01 
 2.15443469e+05  6.44896631e+01  2.15443469e+05 -5.77678955e+01 
 2.32630507e+05  6.40327041e+01  2.32630507e+05 -6.00547537e+01 
 2.51188643e+05  6.35540323e+01  2.51188643e+05 -6.22991238e+01 
 2.71227258e+05  6.30549833e+01  2.71227258e+05 -6.44951891e+01 
 2.92864456e+05  6.25369725e+01  2.92864456e+05 -6.66387537e+01 
 3.16227766e+05  6.20014500e+01  3.16227766e+05 -6.87272280e+01 
 3.41454887e+05  6.14498614e+01  3.41454887e+05 -7.07595607e+01 
 3.68694506e+05  6.08836131e+01  3.68694506e+05 -7.27361303e+01 
 3.98107171e+05  6.03040449e+01  3.98107171e+05 -7.46586121e+01 
 4.29866235e+05  5.97124091e+01  4.29866235e+05 -7.65298278e+01 
 4.64158883e+05  5.91098548e+01  4.64158883e+05 -7.83535962e+01 
 5.01187234e+05  5.84974177e+01  5.01187234e+05 -8.01345869e+01 
 5.41169527e+05  5.78760140e+01  5.41169527e+05 -8.18781783e+01 
 5.84341413e+05  5.72464375e+01  5.84341413e+05 -8.35903424e+01 
 6.30957344e+05  5.66093587e+01  6.30957344e+05 -8.52775323e+01 
 6.81292069e+05  5.59653258e+01  6.81292069e+05 -8.69465893e+01 
 7.35642254e+05  5.53147660e+01  7.35642254e+05 -8.86046636e+01 
 7.94328235e+05  5.46579876e+01  7.94328235e+05 -9.02591497e+01 
 8.57695899e+05  5.39951810e+01  8.57695899e+05 -9.19176246e+01 
 9.26118728e+05  5.33264206e+01  9.26118728e+05 -9.35878006e+01 
 1.00000000e+06  5.26516642e+01  1.00000000e+06 -9.52774756e+01 
 1.07977516e+06  5.19707535e+01  1.07977516e+06 -9.69944906e+01 
 1.16591440e+06  5.12834124e+01  1.16591440e+06 -9.87466775e+01 
 1.25892541e+06  5.05892455e+01  1.25892541e+06 -1.00541811e+02 
 1.35935639e+06  4.98877360e+01  1.35935639e+06 -1.02387547e+02 
 1.46779927e+06  4.91782436e+01  1.46779927e+06 -1.04291349e+02 
 1.58489319e+06  4.84600031e+01  1.58489319e+06 -1.06260415e+02 
 1.71132830e+06  4.77321237e+01  1.71132830e+06 -1.08301569e+02 
 1.84784980e+06  4.69935907e+01  1.84784980e+06 -1.10421163e+02 
 1.99526231e+06  4.62432696e+01  1.99526231e+06 -1.12624946e+02 
 2.15443469e+06  4.54799141e+01  2.15443469e+06 -1.14917938e+02 
 2.32630507e+06  4.47021781e+01  2.32630507e+06 -1.17304282e+02 
 2.51188643e+06  4.39086344e+01  2.51188643e+06 -1.19787116e+02 
 2.71227258e+06  4.30977978e+01  2.71227258e+06 -1.22368441e+02 
 2.92864456e+06  4.22681559e+01  2.92864456e+06 -1.25049020e+02 
 3.16227766e+06  4.14182049e+01  3.16227766e+06 -1.27828312e+02 
 3.41454887e+06  4.05464906e+01  3.41454887e+06 -1.30704459e+02 
 3.68694506e+06  3.96516526e+01  3.68694506e+06 -1.33674334e+02 
 3.98107171e+06  3.87324685e+01  3.98107171e+06 -1.36733665e+02 
 4.29866235e+06  3.77878959e+01  4.29866235e+06 -1.39877246e+02 
 4.64158883e+06  3.68171076e+01  4.64158883e+06 -1.43099217e+02 
 5.01187234e+06  3.58195174e+01  5.01187234e+06 -1.46393418e+02 
 5.41169527e+06  3.47947925e+01  5.41169527e+06 -1.49753801e+02 
 5.84341413e+06  3.37428519e+01  5.84341413e+06 -1.53174867e+02 
 6.30957344e+06  3.26638478e+01  6.30957344e+06 -1.56652126e+02 
 6.81292069e+06  3.15581325e+01  6.81292069e+06 -1.60182534e+02 
 7.35642254e+06  3.04262102e+01  7.35642254e+06 -1.63764912e+02 
 7.94328235e+06  2.92686776e+01  7.94328235e+06 -1.67400332e+02 
 8.57695899e+06  2.80861539e+01  8.57695899e+06 -1.71092471e+02 
 9.26118728e+06  2.68792036e+01  9.26118728e+06 -1.74847958e+02 
 1.00000000e+07  2.56482534e+01  1.00000000e+07 -1.78676746e+02 
 1.07977516e+07  2.43935037e+01  1.07977516e+07 -1.82592557e+02 
 1.16591440e+07  2.31148351e+01  1.16591440e+07 -1.86613485e+02 
 1.25892541e+07  2.18117097e+01  1.25892541e+07 -1.90762847e+02 
 1.35935639e+07  2.04830695e+01  1.35935639e+07 -1.95070450e+02 
 1.46779927e+07  1.91272348e+01  1.46779927e+07 -1.99574496e+02 
 1.58489319e+07  1.77418210e+01  1.58489319e+07 -2.04324458e+02 
 1.71132830e+07  1.63237071e+01  1.71132830e+07 -2.09385442e+02 
 1.84784980e+07  1.48691428e+01  1.84784980e+07 -2.14844819e+02 
 1.99526231e+07  1.33741796e+01  1.99526231e+07 -2.20822241e+02 
 2.15443469e+07  1.18358343e+01  2.15443469e+07 -2.27484527e+02 
 2.32630507e+07  1.02548592e+01  2.32630507e+07 -2.35066611e+02 
 2.51188643e+07  8.64190172e+00  2.51188643e+07 -2.43896813e+02 
 2.71227258e+07  7.03023083e+00  2.71227258e+07 -2.54412277e+02 
 2.92864456e+07  5.49845021e+00  2.92864456e+07 -2.67113303e+02 
 3.16227766e+07  4.19747783e+00  3.16227766e+07 -2.82335383e+02 
 3.41454887e+07  3.34204687e+00  3.41454887e+07 -2.99738068e+02 
 3.68694506e+07  3.10240667e+00  3.68694506e+07 -3.17890430e+02 
 3.98107171e+07  3.45861989e+00  3.98107171e+07 -3.34849668e+02 
 4.29866235e+07  4.22072521e+00  4.29866235e+07 -3.49384594e+02 
 4.64158883e+07  5.18281967e+00  4.64158883e+07 -3.61326987e+02 
 5.01187234e+07  6.21057928e+00  5.01187234e+07 -3.71071497e+02 
 5.41169527e+07  7.23781660e+00  5.41169527e+07 -3.79112219e+02 
 5.84341413e+07  8.23872901e+00  5.84341413e+07 -3.85861042e+02 
 6.30957344e+07  9.20718010e+00  6.30957344e+07 -3.91620263e+02 
 6.81292069e+07  1.01455319e+01  6.81292069e+07 -3.96601973e+02 
 7.35642254e+07  1.10593304e+01  7.35642254e+07 -4.00952723e+02 
 7.94328235e+07  1.19549377e+01  7.94328235e+07 -4.04772960e+02 
 8.57695899e+07  1.28385341e+01  8.57695899e+07 -4.08130451e+02 
 9.26118728e+07  1.37157259e+01  9.26118728e+07 -4.11069041e+02 
 1.00000000e+08  1.45913932e+01  1.00000000e+08 -4.13614174e+02 
 1.07977516e+08  1.54696023e+01  1.07977516e+08 -4.15776249e+02 
 1.16591440e+08  1.63534900e+01  1.16591440e+08 -4.17552592e+02 
 1.25892541e+08  1.72450662e+01  1.25892541e+08 -4.18928633e+02 
 1.35935639e+08  1.81448982e+01  1.35935639e+08 -4.19878839e+02 
 1.46779927e+08  1.90516561e+01  1.46779927e+08 -4.20367987e+02 
 1.58489319e+08  1.99615253e+01  1.58489319e+08 -4.20353490e+02 
 1.71132830e+08  2.08675444e+01  1.71132830e+08 -4.19789648e+02 
 1.84784980e+08  2.17590142e+01  1.84784980e+08 -4.18634688e+02 
 1.99526231e+08  2.26212435e+01  1.99526231e+08 -4.16861068e+02 
 2.15443469e+08  2.34360162e+01  2.15443469e+08 -4.14468431e+02 
 2.32630507e+08  2.41831550e+01  2.32630507e+08 -4.11496559e+02 
 2.51188643e+08  2.48432928e+01  2.51188643e+08 -4.08033462e+02 
 2.71227258e+08  2.54013678e+01  2.71227258e+08 -4.04213026e+02 
 2.92864456e+08  2.58497154e+01  2.92864456e+08 -4.00199527e+02 
 3.16227766e+08  2.61894789e+01  3.16227766e+08 -3.96162544e+02 
 3.41454887e+08  2.64297496e+01  3.41454887e+08 -3.92251240e+02 
 3.68694506e+08  2.65849574e+01  3.68694506e+08 -3.88577041e+02 
 3.98107171e+08  2.66717241e+01  3.98107171e+08 -3.85208490e+02 
 4.29866235e+08  2.67062634e+01  4.29866235e+08 -3.82176065e+02 
 4.64158883e+08  2.67028058e+01  4.64158883e+08 -3.79481886e+02 
 5.01187234e+08  2.66729785e+01  5.01187234e+08 -3.77109929e+02 
 5.41169527e+08  2.66258198e+01  5.41169527e+08 -3.75034320e+02 
 5.84341413e+08  2.65681106e+01  5.84341413e+08 -3.73225109e+02 
 6.30957344e+08  2.65048024e+01  6.30957344e+08 -3.71651837e+02 
 6.81292069e+08  2.64394284e+01  6.81292069e+08 -3.70285515e+02 
 7.35642254e+08  2.63744490e+01  7.35642254e+08 -3.69099577e+02 
 7.94328235e+08  2.63115260e+01  7.94328235e+08 -3.68070244e+02 
 8.57695899e+08  2.62517334e+01  8.57695899e+08 -3.67176545e+02 
 9.26118728e+08  2.61957169e+01  9.26118728e+08 -3.66400173e+02 
 1.00000000e+09  2.61438136e+01  1.00000000e+09 -3.65725269e+02 
