 1.00000000e+00  7.70032126e+01  1.00000000e+00 -9.19969082e-04 
 1.07977516e+00  7.70032126e+01  1.07977516e+00 -9.93359765e-04 
 1.16591440e+00  7.70032126e+01  1.16591440e+00 -1.07260520e-03 
 1.25892541e+00  7.70032126e+01  1.25892541e+00 -1.15817246e-03 
 1.35935639e+00  7.70032126e+01  1.35935639e+00 -1.25056585e-03 
 1.46779927e+00  7.70032126e+01  1.46779927e+00 -1.35032994e-03 
 1.58489319e+00  7.70032126e+01  1.58489319e+00 -1.45805274e-03 
 1.71132830e+00  7.70032126e+01  1.71132830e+00 -1.57436913e-03 
 1.84784980e+00  7.70032125e+01  1.84784980e+00 -1.69996468e-03 
 1.99526231e+00  7.70032125e+01  1.99526231e+00 -1.83557964e-03 
 2.15443469e+00  7.70032125e+01  2.15443469e+00 -1.98201330e-03 
 2.32630507e+00  7.70032125e+01  2.32630507e+00 -2.14012874e-03 
 2.51188643e+00  7.70032125e+01  2.51188643e+00 -2.31085785e-03 
 2.71227258e+00  7.70032125e+01  2.71227258e+00 -2.49520691e-03 
 2.92864456e+00  7.70032125e+01  2.92864456e+00 -2.69426245e-03 
 3.16227766e+00  7.70032125e+01  3.16227766e+00 -2.90919767e-03 
 3.41454887e+00  7.70032125e+01  3.41454887e+00 -3.14127939e-03 
 3.68694506e+00  7.70032125e+01  3.68694506e+00 -3.39187546e-03 
 3.98107171e+00  7.70032125e+01  3.98107171e+00 -3.66246288e-03 
 4.29866235e+00  7.70032125e+01  4.29866235e+00 -3.95463645e-03 
 4.64158883e+00  7.70032125e+01  4.64158883e+00 -4.27011821e-03 
 5.01187234e+00  7.70032125e+01  5.01187234e+00 -4.61076758e-03 
 5.41169527e+00  7.70032125e+01  5.41169527e+00 -4.97859231e-03 
 5.84341413e+00  7.70032125e+01  5.84341413e+00 -5.37576032e-03 
 6.30957344e+00  7.70032125e+01  6.30957344e+00 -5.80461247e-03 
 6.81292069e+00  7.70032125e+01  6.81292069e+00 -6.26767637e-03 
 7.35642254e+00  7.70032125e+01  7.35642254e+00 -6.76768127e-03 
 7.94328235e+00  7.70032125e+01  7.94328235e+00 -7.30757413e-03 
 8.57695899e+00  7.70032125e+01  8.57695899e+00 -7.89053704e-03 
 9.26118728e+00  7.70032125e+01  9.26118728e+00 -8.52000590e-03 
 1.00000000e+01  7.70032124e+01  1.00000000e+01 -9.19969075e-03 
 1.07977516e+01  7.70032124e+01  1.07977516e+01 -9.93359756e-03 
 1.16591440e+01  7.70032124e+01  1.16591440e+01 -1.07260519e-02 
 1.25892541e+01  7.70032124e+01  1.25892541e+01 -1.15817244e-02 
 1.35935639e+01  7.70032124e+01  1.35935639e+01 -1.25056583e-02 
 1.46779927e+01  7.70032123e+01  1.46779927e+01 -1.35032992e-02 
 1.58489319e+01  7.70032123e+01  1.58489319e+01 -1.45805271e-02 
 1.71132830e+01  7.70032122e+01  1.71132830e+01 -1.57436909e-02 
 1.84784980e+01  7.70032122e+01  1.84784980e+01 -1.69996463e-02 
 1.99526231e+01  7.70032121e+01  1.99526231e+01 -1.83557958e-02 
 2.15443469e+01  7.70032121e+01  2.15443469e+01 -1.98201323e-02 
 2.32630507e+01  7.70032120e+01  2.32630507e+01 -2.14012864e-02 
 2.51188643e+01  7.70032119e+01  2.51188643e+01 -2.31085774e-02 
 2.71227258e+01  7.70032118e+01  2.71227258e+01 -2.49520677e-02 
 2.92864456e+01  7.70032116e+01  2.92864456e+01 -2.69426226e-02 
 3.16227766e+01  7.70032115e+01  3.16227766e+01 -2.90919744e-02 
 3.41454887e+01  7.70032113e+01  3.41454887e+01 -3.14127909e-02 
 3.68694506e+01  7.70032111e+01  3.68694506e+01 -3.39187509e-02 
 3.98107171e+01  7.70032108e+01  3.98107171e+01 -3.66246241e-02 
 4.29866235e+01  7.70032106e+01  4.29866235e+01 -3.95463586e-02 
 4.64158883e+01  7.70032102e+01  4.64158883e+01 -4.27011747e-02 
 5.01187234e+01  7.70032098e+01  5.01187234e+01 -4.61076665e-02 
 5.41169527e+01  7.70032094e+01  5.41169527e+01 -4.97859114e-02 
 5.84341413e+01  7.70032089e+01  5.84341413e+01 -5.37575884e-02 
 6.30957344e+01  7.70032083e+01  6.30957344e+01 -5.80461061e-02 
 6.81292069e+01  7.70032075e+01  6.81292069e+01 -6.26767402e-02 
 7.35642254e+01  7.70032067e+01  7.35642254e+01 -6.76767831e-02 
 7.94328235e+01  7.70032057e+01  7.94328235e+01 -7.30757041e-02 
 8.57695899e+01  7.70032046e+01  8.57695899e+01 -7.89053236e-02 
 9.26118728e+01  7.70032033e+01  9.26118728e+01 -8.52000001e-02 
 1.00000000e+02  7.70032017e+01  1.00000000e+02 -9.19968333e-02 
 1.07977516e+02  7.70032000e+01  1.07977516e+02 -9.93358822e-02 
 1.16591440e+02  7.70031979e+01  1.16591440e+02 -1.07260401e-01 
 1.25892541e+02  7.70031954e+01  1.25892541e+02 -1.15817096e-01 
 1.35935639e+02  7.70031926e+01  1.35935639e+02 -1.25056397e-01 
 1.46779927e+02  7.70031893e+01  1.46779927e+02 -1.35032758e-01 
 1.58489319e+02  7.70031854e+01  1.58489319e+02 -1.45804975e-01 
 1.71132830e+02  7.70031809e+01  1.71132830e+02 -1.57436537e-01 
 1.84784980e+02  7.70031757e+01  1.84784980e+02 -1.69995995e-01 
 1.99526231e+02  7.70031695e+01  1.99526231e+02 -1.83557369e-01 
 2.15443469e+02  7.70031624e+01  2.15443469e+02 -1.98200581e-01 
 2.32630507e+02  7.70031541e+01  2.32630507e+02 -2.14011930e-01 
 2.51188643e+02  7.70031444e+01  2.51188643e+02 -2.31084598e-01 
 2.71227258e+02  7.70031331e+01  2.71227258e+02 -2.49519196e-01 
 2.92864456e+02  7.70031199e+01  2.92864456e+02 -2.69424363e-01 
 3.16227766e+02  7.70031045e+01  3.16227766e+02 -2.90917398e-01 
 3.41454887e+02  7.70030863e+01  3.41454887e+02 -3.14124947e-01 
 3.68694506e+02  7.70030654e+01  3.68694506e+02 -3.39183781e-01 
 3.98107171e+02  7.70030410e+01  3.98107171e+02 -3.66241550e-01 
 4.29866235e+02  7.70030126e+01  4.29866235e+02 -3.95457682e-01 
 4.64158883e+02  7.70029795e+01  4.64158883e+02 -4.27004316e-01 
 5.01187234e+02  7.70029409e+01  5.01187234e+02 -4.61067313e-01 
 5.41169527e+02  7.70028958e+01  5.41169527e+02 -4.97847342e-01 
 5.84341413e+02  7.70028431e+01  5.84341413e+02 -5.37561052e-01 
 6.30957344e+02  7.70027819e+01  6.30957344e+02 -5.80442394e-01 
 6.81292069e+02  7.70027105e+01  6.81292069e+02 -6.26743908e-01 
 7.35642254e+02  7.70026270e+01  7.35642254e+02 -6.76738241e-01 
 7.94328235e+02  7.70025300e+01  7.94328235e+02 -7.30719801e-01 
 8.57695899e+02  7.70024167e+01  8.57695899e+02 -7.89006342e-01 
 9.26118728e+02  7.70022847e+01  9.26118728e+02 -8.51940976e-01 
 1.00000000e+03  7.70021308e+01  1.00000000e+03 -9.19894022e-01 
 1.07977516e+03  7.70019513e+01  1.07977516e+03 -9.93265268e-01 
 1.16591440e+03  7.70017421e+01  1.16591440e+03 -1.07248624e+00 
 1.25892541e+03  7.70014982e+01  1.25892541e+03 -1.15802270e+00 
 1.35935639e+03  7.70012139e+01  1.35935639e+03 -1.25037734e+00 
 1.46779927e+03  7.70008824e+01  1.46779927e+03 -1.35009264e+00 
 1.58489319e+03  7.70004958e+01  1.58489319e+03 -1.45775399e+00 
 1.71132830e+03  7.70000448e+01  1.71132830e+03 -1.57399298e+00 
 1.84784980e+03  7.69995196e+01  1.84784980e+03 -1.69949120e+00 
 1.99526231e+03  7.69989073e+01  1.99526231e+03 -1.83498363e+00 
 2.15443469e+03  7.69981935e+01  2.15443469e+03 -1.98126307e+00 
 2.32630507e+03  7.69973614e+01  2.32630507e+03 -2.13918436e+00 
 2.51188643e+03  7.69963915e+01  2.51188643e+03 -2.30966916e+00 
 2.71227258e+03  7.69952608e+01  2.71227258e+03 -2.49371067e+00 
 2.92864456e+03  7.69939430e+01  2.92864456e+03 -2.69237915e+00 
 3.16227766e+03  7.69924070e+01  3.16227766e+03 -2.90682726e+00 
 3.41454887e+03  7.69906169e+01  3.41454887e+03 -3.13829600e+00 
 3.68694506e+03  7.69885302e+01  3.68694506e+03 -3.38812052e+00 
 3.98107171e+03  7.69860989e+01  3.98107171e+03 -3.65773726e+00 
 4.29866235e+03  7.69832663e+01  4.29866235e+03 -3.94868969e+00 
 4.64158883e+03  7.69799660e+01  4.64158883e+03 -4.26263523e+00 
 5.01187234e+03  7.69761210e+01  5.01187234e+03 -4.60135204e+00 
 5.41169527e+03  7.69716424e+01  5.41169527e+03 -4.96674615e+00 
 5.84341413e+03  7.69664265e+01  5.84341413e+03 -5.36085761e+00 
 6.30957344e+03  7.69603535e+01  6.30957344e+03 -5.78586704e+00 
 6.81292069e+03  7.69532827e+01  6.81292069e+03 -6.24409994e+00 
 7.35642254e+03  7.69450543e+01  7.35642254e+03 -6.73803443e+00 
 7.94328235e+03  7.69354796e+01  7.94328235e+03 -7.27030020e+00 
 8.57695899e+03  7.69243433e+01  8.57695899e+03 -7.84368441e+00 
 9.26118728e+03  7.69113951e+01  9.26118728e+03 -8.46112757e+00 
 1.00000000e+04  7.68963474e+01  1.00000000e+04 -9.12572211e+00 
 1.07977516e+04  7.68788679e+01  1.07977516e+04 -9.84070156e+00 
 1.16591440e+04  7.68585773e+01  1.16591440e+04 -1.06094319e+01 
 1.25892541e+04  7.68350391e+01  1.25892541e+04 -1.14353880e+01 
 1.35935639e+04  7.68077561e+01  1.35935639e+04 -1.23221302e+01 
 1.46779927e+04  7.67761610e+01  1.46779927e+04 -1.32732658e+01 
 1.58489319e+04  7.67396111e+01  1.58489319e+04 -1.42924039e+01 
 1.71132830e+04  7.66973814e+01  1.71132830e+04 -1.53830976e+01 
 1.84784980e+04  7.66486588e+01  1.84784980e+04 -1.65487712e+01 
 1.99526231e+04  7.65925329e+01  1.99526231e+04 -1.77926255e+01 
 2.15443469e+04  7.65279981e+01  2.15443469e+04 -1.91175442e+01 
 2.32630507e+04  7.64539472e+01  2.32630507e+04 -2.05259632e+01 
 2.51188643e+04  7.63691726e+01  2.51188643e+04 -2.20197333e+01 
 2.71227258e+04  7.62723775e+01  2.71227258e+04 -2.35999838e+01 
 2.92864456e+04  7.61621804e+01  2.92864456e+04 -2.52669524e+01 
 3.16227766e+04  7.60371317e+01  3.16227766e+04 -2.70198249e+01 
 3.41454887e+04  7.58957399e+01  3.41454887e+04 -2.88565973e+01 
 3.68694506e+04  7.57364947e+01  3.68694506e+04 -3.07739239e+01 
 3.98107171e+04  7.55579112e+01  3.98107171e+04 -3.27670486e+01 
 4.29866235e+04  7.53585613e+01  4.29866235e+04 -3.48297190e+01 
 4.64158883e+04  7.51371260e+01  4.64158883e+04 -3.69542222e+01 
 5.01187234e+04  7.48924380e+01  5.01187234e+04 -3.91314474e+01 
 5.41169527e+04  7.46235296e+01  5.41169527e+04 -4.13510561e+01 
 5.84341413e+04  7.43296697e+01  5.84341413e+04 -4.36016957e+01 
 6.30957344e+04  7.40103994e+01  6.30957344e+04 -4.58713181e+01 
 6.81292069e+04  7.36655484e+01  6.81292069e+04 -4.81474989e+01 
 7.35642254e+04  7.32952478e+01  7.35642254e+04 -5.04178471e+01 
 7.94328235e+04  7.28999181e+01  7.94328235e+04 -5.26703388e+01 
 8.57695899e+04  7.24802546e+01  8.57695899e+04 -5.48937098e+01 
 9.26118728e+04  7.20371935e+01  9.26118728e+04 -5.70777286e+01 
 1.00000000e+05  7.15718738e+01  1.00000000e+05 -5.92134586e+01 
 1.07977516e+05  7.10855917e+01  1.07977516e+05 -6.12934104e+01 
 1.16591440e+05  7.05797535e+01  1.16591440e+05 -6.33116326e+01 
 1.25892541e+05  7.00558312e+01  1.25892541e+05 -6.52637402e+01 
 1.35935639e+05  6.95153195e+01  1.35935639e+05 -6.71468625e+01 
 1.46779927e+05  6.89596996e+01  1.46779927e+05 -6.89595553e+01 
 1.58489319e+05  6.83904090e+01  1.58489319e+05 -7.07016804e+01 
 1.71132830e+05  6.78088184e+01  1.71132830e+05 -7.23742593e+01 
 1.84784980e+05  6.72162133e+01  1.84784980e+05 -7.39793056e+01 
 1.99526231e+05  6.66137841e+01  1.99526231e+05 -7.55196975e+01 
 2.15443469e+05  6.60026185e+01  2.15443469e+05 -7.69990121e+01 
 2.32630507e+05  6.53836993e+01  2.32630507e+05 -7.84213988e+01 
 2.51188643e+05  6.47579050e+01  2.51188643e+05 -7.97914696e+01 
 2.71227258e+05  6.41260125e+01  2.71227258e+05 -8.11141909e+01 
 2.92864456e+05  6.34887012e+01  2.92864456e+05 -8.23948067e+01 
 3.16227766e+05  6.28465581e+01  3.16227766e+05 -8.36387670e+01 
 3.41454887e+05  6.22000832e+01  3.41454887e+05 -8.48516815e+01 
 3.68694506e+05  6.15496948e+01  3.68694506e+05 -8.60392718e+01 
 3.98107171e+05  6.08957347e+01  3.98107171e+05 -8.72073522e+01 
 4.29866235e+05  6.02384722e+01  4.29866235e+05 -8.83618015e+01 
 4.64158883e+05  5.95781083e+01  4.64158883e+05 -8.95085581e+01 
 5.01187234e+05  5.89147784e+01  5.01187234e+05 -9.06536097e+01 
 5.41169527e+05  5.82485543e+01  5.41169527e+05 -9.18029906e+01 
 5.84341413e+05  5.75794453e+01  5.84341413e+05 -9.29627879e+01 
 6.30957344e+05  5.69073985e+01  6.30957344e+05 -9.41391367e+01 
 6.81292069e+05  5.62322978e+01  6.81292069e+05 -9.53382256e+01 
 7.35642254e+05  5.55539619e+01  7.35642254e+05 -9.65662970e+01 
 7.94328235e+05  5.48721420e+01  7.94328235e+05 -9.78296434e+01 
 8.57695899e+05  5.41865181e+01  8.57695899e+05 -9.91345996e+01 
 9.26118728e+05  5.34966944e+01  9.26118728e+05 -1.00487532e+02 
 1.00000000e+06  5.28021948e+01  1.00000000e+06 -1.01894813e+02 
 1.07977516e+06  5.21024569e+01  1.07977516e+06 -1.03362795e+02 
 1.16591440e+06  5.13968268e+01  1.16591440e+06 -1.04897766e+02 
 1.25892541e+06  5.06845535e+01  1.25892541e+06 -1.06505893e+02 
 1.35935639e+06  4.99647840e+01  1.35935639e+06 -1.08193152e+02 
 1.46779927e+06  4.92365597e+01  1.46779927e+06 -1.09965247e+02 
 1.58489319e+06  4.84988142e+01  1.58489319e+06 -1.11827504e+02 
 1.71132830e+06  4.77503748e+01  1.71132830e+06 -1.13784754e+02 
 1.84784980e+06  4.69899662e+01  1.84784980e+06 -1.15841207e+02 
 1.99526231e+06  4.62162197e+01  1.99526231e+06 -1.18000309e+02 
 2.15443469e+06  4.54276872e+01  2.15443469e+06 -1.20264604e+02 
 2.32630507e+06  4.46228617e+01  2.32630507e+06 -1.22635596e+02 
 2.51188643e+06  4.38002033e+01  2.51188643e+06 -1.25113634e+02 
 2.71227258e+06  4.29581730e+01  2.71227258e+06 -1.27697823e+02 
 2.92864456e+06  4.20952708e+01  2.92864456e+06 -1.30385984e+02 
 3.16227766e+06  4.12100785e+01  3.16227766e+06 -1.33174669e+02 
 3.41454887e+06  4.03013041e+01  3.41454887e+06 -1.36059250e+02 
 3.68694506e+06  3.93678256e+01  3.68694506e+06 -1.39034086e+02 
 3.98107171e+06  3.84087296e+01  3.98107171e+06 -1.42092767e+02 
 4.29866235e+06  3.74233425e+01  4.29866235e+06 -1.45228437e+02 
 4.64158883e+06  3.64112496e+01  4.64158883e+06 -1.48434174e+02 
 5.01187234e+06  3.53723014e+01  5.01187234e+06 -1.51703412e+02 
 5.41169527e+06  3.43066039e+01  5.41169527e+06 -1.55030384e+02 
 5.84341413e+06  3.32144947e+01  5.84341413e+06 -1.58410558e+02 
 6.30957344e+06  3.20965040e+01  6.30957344e+06 -1.61841049e+02 
 6.81292069e+06  3.09533046e+01  6.81292069e+06 -1.65321000e+02 
 7.35642254e+06  2.97856521e+01  7.35642254e+06 -1.68851907e+02 
 7.94328235e+06  2.85943181e+01  7.94328235e+06 -1.72437930e+02 
 8.57695899e+06  2.73800200e+01  8.57695899e+06 -1.76086178e+02 
 9.26118728e+06  2.61433472e+01  9.26118728e+06 -1.79807022e+02 
 1.00000000e+07  2.48846864e+01  1.00000000e+07 -1.83614468e+02 
 1.07977516e+07  2.36041455e+01  1.07977516e+07 -1.87526680e+02 
 1.16591440e+07  2.23014772e+01  1.16591440e+07 -1.91566709e+02 
 1.25892541e+07  2.09760047e+01  1.25892541e+07 -1.95763597e+02 
 1.35935639e+07  1.96265547e+01  1.35935639e+07 -2.00153997e+02 
 1.46779927e+07  1.82514140e+01  1.46779927e+07 -2.04784612e+02 
 1.58489319e+07  1.68483430e+01  1.58489319e+07 -2.09715815e+02 
 1.71132830e+07  1.54147191e+01  1.71132830e+07 -2.15027035e+02 
 1.84784980e+07  1.39479627e+01  1.84784980e+07 -2.20824679e+02 
 1.99526231e+07  1.24465627e+01  1.99526231e+07 -2.27253519e+02 
 2.15443469e+07  1.09123351e+01  2.15443469e+07 -2.34512109e+02 
 2.32630507e+07  9.35513997e+00  2.32630507e+07 -2.42870493e+02 
 2.51188643e+07  7.80210036e+00  2.51188643e+07 -2.52680314e+02 
 2.71227258e+07  6.31346462e+00  2.71227258e+07 -2.64344833e+02 
 2.92864456e+07  5.00224446e+00  2.92864456e+07 -2.78174864e+02 
 3.16227766e+07  4.03592380e+00  3.16227766e+07 -2.94052697e+02 
 3.41454887e+07  3.57689441e+00  3.41454887e+07 -3.11060754e+02 
 3.68694506e+07  3.67010924e+00  3.68694506e+07 -3.27647430e+02 
 3.98107171e+07  4.20457511e+00  3.98107171e+07 -3.42478725e+02 
 4.29866235e+07  5.00450743e+00  4.29866235e+07 -3.55034680e+02 
 4.64158883e+07  5.92660596e+00  4.64158883e+07 -3.65447013e+02 
 5.01187234e+07  6.88612800e+00  5.01187234e+07 -3.74094706e+02 
 5.41169527e+07  7.84230631e+00  5.41169527e+07 -3.81360453e+02 
 5.84341413e+07  8.77934850e+00  5.84341413e+07 -3.87551478e+02 
 6.30957344e+07  9.69383705e+00  6.30957344e+07 -3.92894368e+02 
 6.81292069e+07  1.05879186e+01  6.81292069e+07 -3.97550705e+02 
 7.35642254e+07  1.14659355e+01  7.35642254e+07 -4.01633945e+02 
 7.94328235e+07  1.23328403e+01  7.94328235e+07 -4.05222604e+02 
 8.57695899e+07  1.31934755e+01  8.57695899e+07 -4.08369472e+02 
 9.26118728e+07  1.40522472e+01  9.26118728e+07 -4.11107713e+02 
 1.00000000e+08  1.49129555e+01  1.00000000e+08 -4.13454737e+02 
 1.07977516e+08  1.57786552e+01  1.07977516e+08 -4.15414567e+02 
 1.16591440e+08  1.66514765e+01  1.16591440e+08 -4.16979263e+02 
 1.25892541e+08  1.75323575e+01  1.25892541e+08 -4.18129893e+02 
 1.35935639e+08  1.84206613e+01  1.35935639e+08 -4.18837564e+02 
 1.46779927e+08  1.93136634e+01  1.46779927e+08 -4.19065112e+02 
 1.58489319e+08  2.02059368e+01  1.58489319e+08 -4.18770207e+02 
 1.71132830e+08  2.10887242e+01  1.71132830e+08 -4.17910728e+02 
 1.84784980e+08  2.19494905e+01  1.84784980e+08 -4.16453132e+02 
 1.99526231e+08  2.27719733e+01  1.99526231e+08 -4.14383880e+02 
 2.15443469e+08  2.35371228e+01  2.15443469e+08 -4.11722484e+02 
 2.32630507e+08  2.42252203e+01  2.32630507e+08 -4.08532510e+02 
 2.51188643e+08  2.48190368e+01  2.51188643e+08 -4.04925103e+02 
 2.71227258e+08  2.53072388e+01  2.71227258e+08 -4.01050379e+02 
 2.92864456e+08  2.56867603e+01  2.92864456e+08 -3.97076687e+02 
 3.16227766e+08  2.59631030e+01  3.16227766e+08 -3.93164201e+02 
 3.41454887e+08  2.61485007e+01  3.41454887e+08 -3.89442585e+02 
 3.68694506e+08  2.62588867e+01  3.68694506e+08 -3.85999673e+02 
 3.98107171e+08  2.63109089e+01  3.98107171e+08 -3.82881876e+02 
 4.29866235e+08  2.63198151e+01  4.29866235e+08 -3.80102209e+02 
 4.64158883e+08  2.62983917e+01  4.64158883e+08 -3.77650858e+02 
 5.01187234e+08  2.62567237e+01  5.01187234e+08 -3.75504739e+02 
 5.41169527e+08  2.62024277e+01  5.41169527e+08 -3.73634588e+02 
 5.84341413e+08  2.61410778e+01  5.84341413e+08 -3.72009543e+02 
 6.30957344e+08  2.60766527e+01  6.30957344e+08 -3.70599753e+02 
 6.81292069e+08  2.60119269e+01  6.81292069e+08 -3.69377685e+02 
 7.35642254e+08  2.59487845e+01  7.35642254e+08 -3.68318631e+02 
 7.94328235e+08  2.58884581e+01  7.94328235e+08 -3.67400795e+02 
 8.57695899e+08  2.58317081e+01  8.57695899e+08 -3.66605153e+02 
 9.26118728e+08  2.57789554e+01  9.26118728e+08 -3.65915225e+02 
 1.00000000e+09  2.57303798e+01  1.00000000e+09 -3.65316806e+02 
