 1.00000000e+00  6.60676315e+01  1.00000000e+00 -2.75860208e-04 
 1.07977516e+00  6.60676315e+01  1.07977516e+00 -2.97867001e-04 
 1.16591440e+00  6.60676315e+01  1.16591440e+00 -3.21629390e-04 
 1.25892541e+00  6.60676315e+01  1.25892541e+00 -3.47287426e-04 
 1.35935639e+00  6.60676315e+01  1.35935639e+00 -3.74992337e-04 
 1.46779927e+00  6.60676315e+01  1.46779927e+00 -4.04907412e-04 
 1.58489319e+00  6.60676315e+01  1.58489319e+00 -4.37208966e-04 
 1.71132830e+00  6.60676315e+01  1.71132830e+00 -4.72087382e-04 
 1.84784980e+00  6.60676315e+01  1.84784980e+00 -5.09748230e-04 
 1.99526231e+00  6.60676315e+01  1.99526231e+00 -5.50413478e-04 
 2.15443469e+00  6.60676315e+01  2.15443469e+00 -5.94322802e-04 
 2.32630507e+00  6.60676315e+01  2.32630507e+00 -6.41735000e-04 
 2.51188643e+00  6.60676315e+01  2.51188643e+00 -6.92929514e-04 
 2.71227258e+00  6.60676315e+01  2.71227258e+00 -7.48208079e-04 
 2.92864456e+00  6.60676315e+01  2.92864456e+00 -8.07896499e-04 
 3.16227766e+00  6.60676315e+01  3.16227766e+00 -8.72346574e-04 
 3.41454887e+00  6.60676315e+01  3.41454887e+00 -9.41938163e-04 
 3.68694506e+00  6.60676315e+01  3.68694506e+00 -1.01708143e-03 
 3.98107171e+00  6.60676315e+01  3.98107171e+00 -1.09821927e-03 
 4.29866235e+00  6.60676315e+01  4.29866235e+00 -1.18582989e-03 
 4.64158883e+00  6.60676315e+01  4.64158883e+00 -1.28042966e-03 
 5.01187234e+00  6.60676315e+01  5.01187234e+00 -1.38257615e-03 
 5.41169527e+00  6.60676315e+01  5.41169527e+00 -1.49287138e-03 
 5.84341413e+00  6.60676315e+01  5.84341413e+00 -1.61196544e-03 
 6.30957344e+00  6.60676315e+01  6.30957344e+00 -1.74056024e-03 
 6.81292069e+00  6.60676315e+01  6.81292069e+00 -1.87941372e-03 
 7.35642254e+00  6.60676315e+01  7.35642254e+00 -2.02934425e-03 
 7.94328235e+00  6.60676315e+01  7.94328235e+00 -2.19123552e-03 
 8.57695899e+00  6.60676315e+01  8.57695899e+00 -2.36604169e-03 
 9.26118728e+00  6.60676315e+01  9.26118728e+00 -2.55479305e-03 
 1.00000000e+01  6.60676315e+01  1.00000000e+01 -2.75860208e-03 
 1.07977516e+01  6.60676315e+01  1.07977516e+01 -2.97867001e-03 
 1.16591440e+01  6.60676315e+01  1.16591440e+01 -3.21629389e-03 
 1.25892541e+01  6.60676315e+01  1.25892541e+01 -3.47287426e-03 
 1.35935639e+01  6.60676315e+01  1.35935639e+01 -3.74992337e-03 
 1.46779927e+01  6.60676315e+01  1.46779927e+01 -4.04907411e-03 
 1.58489319e+01  6.60676315e+01  1.58489319e+01 -4.37208965e-03 
 1.71132830e+01  6.60676315e+01  1.71132830e+01 -4.72087381e-03 
 1.84784980e+01  6.60676315e+01  1.84784980e+01 -5.09748229e-03 
 1.99526231e+01  6.60676315e+01  1.99526231e+01 -5.50413476e-03 
 2.15443469e+01  6.60676315e+01  2.15443469e+01 -5.94322800e-03 
 2.32630507e+01  6.60676315e+01  2.32630507e+01 -6.41734998e-03 
 2.51188643e+01  6.60676315e+01  2.51188643e+01 -6.92929511e-03 
 2.71227258e+01  6.60676314e+01  2.71227258e+01 -7.48208075e-03 
 2.92864456e+01  6.60676314e+01  2.92864456e+01 -8.07896495e-03 
 3.16227766e+01  6.60676314e+01  3.16227766e+01 -8.72346568e-03 
 3.41454887e+01  6.60676314e+01  3.41454887e+01 -9.41938156e-03 
 3.68694506e+01  6.60676314e+01  3.68694506e+01 -1.01708142e-02 
 3.98107171e+01  6.60676314e+01  3.98107171e+01 -1.09821926e-02 
 4.29866235e+01  6.60676313e+01  4.29866235e+01 -1.18582988e-02 
 4.64158883e+01  6.60676313e+01  4.64158883e+01 -1.28042964e-02 
 5.01187234e+01  6.60676313e+01  5.01187234e+01 -1.38257612e-02 
 5.41169527e+01  6.60676313e+01  5.41169527e+01 -1.49287135e-02 
 5.84341413e+01  6.60676312e+01  5.84341413e+01 -1.61196540e-02 
 6.30957344e+01  6.60676312e+01  6.30957344e+01 -1.74056020e-02 
 6.81292069e+01  6.60676311e+01  6.81292069e+01 -1.87941366e-02 
 7.35642254e+01  6.60676310e+01  7.35642254e+01 -2.02934418e-02 
 7.94328235e+01  6.60676309e+01  7.94328235e+01 -2.19123543e-02 
 8.57695899e+01  6.60676309e+01  8.57695899e+01 -2.36604158e-02 
 9.26118728e+01  6.60676307e+01  9.26118728e+01 -2.55479291e-02 
 1.00000000e+02  6.60676306e+01  1.00000000e+02 -2.75860190e-02 
 1.07977516e+02  6.60676305e+01  1.07977516e+02 -2.97866979e-02 
 1.16591440e+02  6.60676303e+01  1.16591440e+02 -3.21629361e-02 
 1.25892541e+02  6.60676301e+01  1.25892541e+02 -3.47287390e-02 
 1.35935639e+02  6.60676299e+01  1.35935639e+02 -3.74992292e-02 
 1.46779927e+02  6.60676296e+01  1.46779927e+02 -4.04907355e-02 
 1.58489319e+02  6.60676293e+01  1.58489319e+02 -4.37208895e-02 
 1.71132830e+02  6.60676289e+01  1.71132830e+02 -4.72087292e-02 
 1.84784980e+02  6.60676284e+01  1.84784980e+02 -5.09748117e-02 
 1.99526231e+02  6.60676279e+01  1.99526231e+02 -5.50413335e-02 
 2.15443469e+02  6.60676273e+01  2.15443469e+02 -5.94322623e-02 
 2.32630507e+02  6.60676266e+01  2.32630507e+02 -6.41734774e-02 
 2.51188643e+02  6.60676258e+01  2.51188643e+02 -6.92929229e-02 
 2.71227258e+02  6.60676249e+01  2.71227258e+02 -7.48207720e-02 
 2.92864456e+02  6.60676238e+01  2.92864456e+02 -8.07896048e-02 
 3.16227766e+02  6.60676225e+01  3.16227766e+02 -8.72346005e-02 
 3.41454887e+02  6.60676209e+01  3.41454887e+02 -9.41937440e-02 
 3.68694506e+02  6.60676192e+01  3.68694506e+02 -1.01708052e-01 
 3.98107171e+02  6.60676172e+01  3.98107171e+02 -1.09821813e-01 
 4.29866235e+02  6.60676148e+01  4.29866235e+02 -1.18582845e-01 
 4.64158883e+02  6.60676120e+01  4.64158883e+02 -1.28042785e-01 
 5.01187234e+02  6.60676088e+01  5.01187234e+02 -1.38257387e-01 
 5.41169527e+02  6.60676051e+01  5.41169527e+02 -1.49286852e-01 
 5.84341413e+02  6.60676006e+01  5.84341413e+02 -1.61196183e-01 
 6.30957344e+02  6.60675955e+01  6.30957344e+02 -1.74055570e-01 
 6.81292069e+02  6.60675896e+01  6.81292069e+02 -1.87940801e-01 
 7.35642254e+02  6.60675826e+01  7.35642254e+02 -2.02933705e-01 
 7.94328235e+02  6.60675745e+01  7.94328235e+02 -2.19122646e-01 
 8.57695899e+02  6.60675650e+01  8.57695899e+02 -2.36603029e-01 
 9.26118728e+02  6.60675540e+01  9.26118728e+02 -2.55477869e-01 
 1.00000000e+03  6.60675411e+01  1.00000000e+03 -2.75858399e-01 
 1.07977516e+03  6.60675261e+01  1.07977516e+03 -2.97864726e-01 
 1.16591440e+03  6.60675086e+01  1.16591440e+03 -3.21626525e-01 
 1.25892541e+03  6.60674883e+01  1.25892541e+03 -3.47283820e-01 
 1.35935639e+03  6.60674644e+01  1.35935639e+03 -3.74987794e-01 
 1.46779927e+03  6.60674368e+01  1.46779927e+03 -4.04901694e-01 
 1.58489319e+03  6.60674045e+01  1.58489319e+03 -4.37201769e-01 
 1.71132830e+03  6.60673667e+01  1.71132830e+03 -4.72078318e-01 
 1.84784980e+03  6.60673227e+01  1.84784980e+03 -5.09736816e-01 
 1.99526231e+03  6.60672715e+01  1.99526231e+03 -5.50399109e-01 
 2.15443469e+03  6.60672118e+01  2.15443469e+03 -5.94304715e-01 
 2.32630507e+03  6.60671422e+01  2.32630507e+03 -6.41712234e-01 
 2.51188643e+03  6.60670610e+01  2.51188643e+03 -6.92900850e-01 
 2.71227258e+03  6.60669664e+01  2.71227258e+03 -7.48171998e-01 
 2.92864456e+03  6.60668562e+01  2.92864456e+03 -8.07851084e-01 
 3.16227766e+03  6.60667275e+01  3.16227766e+03 -8.72289398e-01 
 3.41454887e+03  6.60665776e+01  3.41454887e+03 -9.41866184e-01 
 3.68694506e+03  6.60664027e+01  3.68694506e+03 -1.01699082e+00 
 3.98107171e+03  6.60661989e+01  3.98107171e+03 -1.09810519e+00 
 4.29866235e+03  6.60659611e+01  4.29866235e+03 -1.18568627e+00 
 4.64158883e+03  6.60656841e+01  4.64158883e+03 -1.28024888e+00 
 5.01187234e+03  6.60653611e+01  5.01187234e+03 -1.38234856e+00 
 5.41169527e+03  6.60649845e+01  5.41169527e+03 -1.49258488e+00 
 5.84341413e+03  6.60645456e+01  5.84341413e+03 -1.61160479e+00 
 6.30957344e+03  6.60640338e+01  6.30957344e+03 -1.74010625e+00 
 6.81292069e+03  6.60634371e+01  6.81292069e+03 -1.87884220e+00 
 7.35642254e+03  6.60627415e+01  7.35642254e+03 -2.02862482e+00 
 7.94328235e+03  6.60619308e+01  7.94328235e+03 -2.19032992e+00 
 8.57695899e+03  6.60609856e+01  8.57695899e+03 -2.36490173e+00 
 9.26118728e+03  6.60598840e+01  9.26118728e+03 -2.55335816e+00 
 1.00000000e+04  6.60585998e+01  1.00000000e+04 -2.75679596e+00 
 1.07977516e+04  6.60571031e+01  1.07977516e+04 -2.97639669e+00 
 1.16591440e+04  6.60553587e+01  1.16591440e+04 -3.21343262e+00 
 1.25892541e+04  6.60533259e+01  1.25892541e+04 -3.46927321e+00 
 1.35935639e+04  6.60509569e+01  1.35935639e+04 -3.74539137e+00 
 1.46779927e+04  6.60481965e+01  1.46779927e+04 -4.04337084e+00 
 1.58489319e+04  6.60449803e+01  1.58489319e+04 -4.36491285e+00 
 1.71132830e+04  6.60412334e+01  1.71132830e+04 -4.71184338e+00 
 1.84784980e+04  6.60368692e+01  1.84784980e+04 -5.08612059e+00 
 1.99526231e+04  6.60317860e+01  1.99526231e+04 -5.48984113e+00 
 2.15443469e+04  6.60258670e+01  2.15443469e+04 -5.92524802e+00 
 2.32630507e+04  6.60189763e+01  2.32630507e+04 -6.39473617e+00 
 2.51188643e+04  6.60109560e+01  2.51188643e+04 -6.90085753e+00 
 2.71227258e+04  6.60016233e+01  2.71227258e+04 -7.44632592e+00 
 2.92864456e+04  6.59907677e+01  2.92864456e+04 -8.03401987e+00 
 3.16227766e+04  6.59781449e+01  3.16227766e+04 -8.66698189e+00 
 3.41454887e+04  6.59634738e+01  3.41454887e+04 -9.34841696e+00 
 3.68694506e+04  6.59464303e+01  3.68694506e+04 -1.00816854e+01 
 3.98107171e+04  6.59266432e+01  3.98107171e+04 -1.08702934e+01 
 4.29866235e+04  6.59036857e+01  4.29866235e+04 -1.17178738e+01 
 4.64158883e+04  6.58770709e+01  4.64158883e+04 -1.26281637e+01 
 5.01187234e+04  6.58462440e+01  5.01187234e+04 -1.36049710e+01 
 5.41169527e+04  6.58105753e+01  5.41169527e+04 -1.46521312e+01 
 5.84341413e+04  6.57693533e+01  5.84341413e+04 -1.57734509e+01 
 6.30957344e+04  6.57217790e+01  6.30957344e+04 -1.69726427e+01 
 6.81292069e+04  6.56669585e+01  6.81292069e+04 -1.82532361e+01 
 7.35642254e+04  6.56039000e+01  7.35642254e+04 -1.96184798e+01 
 7.94328235e+04  6.55315115e+01  7.94328235e+04 -2.10712265e+01 
 8.57695899e+04  6.54486016e+01  8.57695899e+04 -2.26137999e+01 
 9.26118728e+04  6.53538832e+01  9.26118728e+04 -2.42478471e+01 
 1.00000000e+05  6.52459838e+01  1.00000000e+05 -2.59741882e+01 
 1.07977516e+05  6.51234597e+01  1.07977516e+05 -2.77926563e+01 
 1.16591440e+05  6.49848176e+01  1.16591440e+05 -2.97019490e+01 
 1.25892541e+05  6.48285414e+01  1.25892541e+05 -3.16994917e+01 
 1.35935639e+05  6.46531274e+01  1.35935639e+05 -3.37813380e+01 
 1.46779927e+05  6.44571244e+01  1.46779927e+05 -3.59421127e+01 
 1.58489319e+05  6.42391764e+01  1.58489319e+05 -3.81750058e+01 
 1.71132830e+05  6.39980711e+01  1.71132830e+05 -4.04718506e+01 
 1.84784980e+05  6.37327831e+01  1.84784980e+05 -4.28232628e+01 
 1.99526231e+05  6.34425161e+01  1.99526231e+05 -4.52188643e+01 
 2.15443469e+05  6.31267357e+01  2.15443469e+05 -4.76475744e+01 
 2.32630507e+05  6.27851914e+01  2.32630507e+05 -5.00979512e+01 
 2.51188643e+05  6.24179267e+01  2.51188643e+05 -5.25585694e+01 
 2.71227258e+05  6.20252744e+01  2.71227258e+05 -5.50184004e+01 
 2.92864456e+05  6.16078383e+01  2.92864456e+05 -5.74671784e+01 
 3.16227766e+05  6.11664634e+01  3.16227766e+05 -5.98957162e+01 
 3.41454887e+05  6.07021968e+01  3.41454887e+05 -6.22961664e+01 
 3.68694506e+05  6.02162417e+01  3.68694506e+05 -6.46622058e+01 
 3.98107171e+05  5.97099095e+01  3.98107171e+05 -6.69891409e+01 
 4.29866235e+05  5.91845720e+01  4.29866235e+05 -6.92739489e+01 
 4.64158883e+05  5.86416167e+01  4.64158883e+05 -7.15152443e+01 
 5.01187234e+05  5.80824070e+01  5.01187234e+05 -7.37132067e+01 
 5.41169527e+05  5.75082481e+01  5.41169527e+05 -7.58694584e+01 
 5.84341413e+05  5.69203594e+01  5.84341413e+05 -7.79869236e+01 
 6.30957344e+05  5.63198530e+01  6.30957344e+05 -8.00696789e+01 
 6.81292069e+05  5.57077174e+01  6.81292069e+05 -8.21227936e+01 
 7.35642254e+05  5.50848062e+01  7.35642254e+05 -8.41521773e+01 
 7.94328235e+05  5.44518304e+01  7.94328235e+05 -8.61644381e+01 
 8.57695899e+05  5.38093535e+01  8.57695899e+05 -8.81667459e+01 
 9.26118728e+05  5.31577887e+01  9.26118728e+05 -9.01667121e+01 
 1.00000000e+06  5.24973969e+01  1.00000000e+06 -9.21722744e+01 
 1.07977516e+06  5.18282862e+01  1.07977516e+06 -9.41915920e+01 
 1.16591440e+06  5.11504114e+01  1.16591440e+06 -9.62329450e+01 
 1.25892541e+06  5.04635738e+01  1.25892541e+06 -9.83046338e+01 
 1.35935639e+06  4.97674214e+01  1.35935639e+06 -1.00414878e+02 
 1.46779927e+06  4.90614498e+01  1.46779927e+06 -1.02571710e+02 
 1.58489319e+06  4.83450035e+01  1.58489319e+06 -1.04782862e+02 
 1.71132830e+06  4.76172796e+01  1.71132830e+06 -1.07055642e+02 
 1.84784980e+06  4.68773331e+01  1.84784980e+06 -1.09396802e+02 
 1.99526231e+06  4.61240857e+01  1.99526231e+06 -1.11812399e+02 
 2.15443469e+06  4.53563386e+01  2.15443469e+06 -1.14307645e+02 
 2.32630507e+06  4.45727906e+01  2.32630507e+06 -1.16886767e+02 
 2.51188643e+06  4.37720610e+01  2.51188643e+06 -1.19552868e+02 
 2.71227258e+06  4.29527195e+01  2.71227258e+06 -1.22307812e+02 
 2.92864456e+06  4.21133217e+01  2.92864456e+06 -1.25152138e+02 
 3.16227766e+06  4.12524497e+01  3.16227766e+06 -1.28085028e+02 
 3.41454887e+06  4.03687567e+01  3.41454887e+06 -1.31104326e+02 
 3.68694506e+06  3.94610130e+01  3.68694506e+06 -1.34206633e+02 
 3.98107171e+06  3.85281501e+01  3.98107171e+06 -1.37387487e+02 
 4.29866235e+06  3.75693008e+01  4.29866235e+06 -1.40641611e+02 
 4.64158883e+06  3.65838298e+01  4.64158883e+06 -1.43963247e+02 
 5.01187234e+06  3.55713531e+01  5.01187234e+06 -1.47346543e+02 
 5.41169527e+06  3.45317434e+01  5.41169527e+06 -1.50785982e+02 
 5.84341413e+06  3.34651200e+01  5.84341413e+06 -1.54276836e+02 
 6.30957344e+06  3.23718229e+01  6.30957344e+06 -1.57815608e+02 
 6.81292069e+06  3.12523729e+01  6.81292069e+06 -1.61400458e+02 
 7.35642254e+06  3.01074191e+01  7.35642254e+06 -1.65031585e+02 
 7.94328235e+06  2.89376764e+01  7.94328235e+06 -1.68711584e+02 
 8.57695899e+06  2.77438562e+01  8.57695899e+06 -1.72445768e+02 
 9.26118728e+06  2.65265909e+01  9.26118728e+06 -1.76242497e+02 
 1.00000000e+07  2.52863556e+01  1.00000000e+07 -1.80113535e+02 
 1.07977516e+07  2.40233865e+01  1.07977516e+07 -1.84074509e+02 
 1.16591440e+07  2.27375965e+01  1.16591440e+07 -1.88145536e+02 
 1.25892541e+07  2.14284898e+01  1.25892541e+07 -1.92352134e+02 
 1.35935639e+07  2.00950774e+01  1.35935639e+07 -1.96726577e+02 
 1.46779927e+07  1.87358033e+01  1.46779927e+07 -2.01309921e+02 
 1.58489319e+07  1.73485020e+01  1.58489319e+07 -2.06155041e+02 
 1.71132830e+07  1.59304355e+01  1.71132830e+07 -2.11331191e+02 
 1.84784980e+07  1.44785148e+01  1.84784980e+07 -2.16930816e+02 
 1.99526231e+07  1.29899267e+01  1.99526231e+07 -2.23079625e+02 
 2.15443469e+07  1.14636299e+01  2.15443469e+07 -2.29950994e+02 
 2.32630507e+07  9.90366364e+00  2.32630507e+07 -2.37784922e+02 
 2.51188643e+07  8.32605012e+00  2.51188643e+07 -2.46907284e+02 
 2.71227258e+07  6.77201882e+00  2.71227258e+07 -2.57730251e+02 
 2.92864456e+07  5.32896071e+00  2.92864456e+07 -2.70677527e+02 
 3.16227766e+07  4.14867564e+00  3.16227766e+07 -2.85929534e+02 
 3.41454887e+07  3.42271293e+00  3.41454887e+07 -3.02970766e+02 
 3.68694506e+07  3.27552961e+00  3.68694506e+07 -3.20379222e+02 
 3.98107171e+07  3.65990018e+00  3.98107171e+07 -3.36480774e+02 
 4.29866235e+07  4.40034171e+00  4.29866235e+07 -3.50308162e+02 
 4.64158883e+07  5.31966013e+00  4.64158883e+07 -3.61768111e+02 
 5.01187234e+07  6.30236274e+00  5.01187234e+07 -3.71212288e+02 
 5.41169527e+07  7.28984945e+00  5.41169527e+07 -3.79071693e+02 
 5.84341413e+07  8.25799058e+00  5.84341413e+07 -3.85710388e+02 
 6.30957344e+07  9.20009101e+00  6.30957344e+07 -3.91400367e+02 
 6.81292069e+07  1.01173649e+01  6.81292069e+07 -3.96335656e+02 
 7.35642254e+07  1.10142131e+01  7.35642254e+07 -4.00652206e+02 
 7.94328235e+07  1.18960205e+01  7.94328235e+07 -4.04444241e+02 
 8.57695899e+07  1.27681757e+01  8.57695899e+07 -4.07775847e+02 
 9.26118728e+07  1.36356484e+01  9.26118728e+07 -4.10688692e+02 
 1.00000000e+08  1.45028019e+01  1.00000000e+08 -4.13206962e+02 
 1.07977516e+08  1.53732729e+01  1.07977516e+08 -4.15340397e+02 
 1.16591440e+08  1.62498319e+01  1.16591440e+08 -4.17086102e+02 
 1.25892541e+08  1.71341691e+01  1.25892541e+08 -4.18429652e+02 
 1.35935639e+08  1.80265703e+01  1.35935639e+08 -4.19346009e+02 
 1.46779927e+08  1.89254625e+01  1.46779927e+08 -4.19800807e+02 
 1.58489319e+08  1.98268344e+01  1.58489319e+08 -4.19752690e+02 
 1.71132830e+08  2.07235898e+01  1.71132830e+08 -4.19157554e+02 
 1.84784980e+08  2.16049764e+01  1.84784980e+08 -4.17975503e+02 
 1.99526231e+08  2.24563529e+01  1.99526231e+08 -4.16181013e+02 
 2.15443469e+08  2.32596662e+01  2.15443469e+08 -4.13775634e+02 
 2.32630507e+08  2.39950112e+01  2.32630507e+08 -4.10800646e+02 
 2.51188643e+08  2.46433712e+01  2.51188643e+08 -4.07344865e+02 
 2.71227258e+08  2.51900631e+01  2.71227258e+08 -4.03542113e+02 
 2.92864456e+08  2.56277707e+01  2.92864456e+08 -3.99555764e+02 
 3.16227766e+08  2.59579100e+01  3.16227766e+08 -3.95553861e+02 
 3.41454887e+08  2.61897481e+01  3.41454887e+08 -3.91683687e+02 
 3.68694506e+08  2.63377967e+01  3.68694506e+08 -3.88054719e+02 
 3.98107171e+08  2.64186795e+01  3.98107171e+08 -3.84733668e+02 
 4.29866235e+08  2.64485513e+01  4.29866235e+08 -3.81749403e+02 
 4.64158883e+08  2.64415411e+01  4.64158883e+08 -3.79102719e+02 
 5.01187234e+08  2.64091477e+01  5.01187234e+08 -3.76776568e+02 
 5.41169527e+08  2.63602684e+01  5.41169527e+08 -3.74744346e+02 
 5.84341413e+08  2.63015421e+01  5.84341413e+08 -3.72975642e+02 
 6.30957344e+08  2.62377865e+01  6.30957344e+08 -3.71439760e+02 
 6.81292069e+08  2.61724137e+01  6.81292069e+08 -3.70107648e+02 
 7.35642254e+08  2.61077787e+01  7.35642254e+08 -3.68952811e+02 
 7.94328235e+08  2.60454542e+01  7.94328235e+08 -3.67951627e+02 
 8.57695899e+08  2.59864407e+01  8.57695899e+08 -3.67083338e+02 
 9.26118728e+08  2.59313240e+01  9.26118728e+08 -3.66329888e+02 
 1.00000000e+09  2.58803938e+01  1.00000000e+09 -3.65675677e+02 
