 1.00000000e+00  6.44516968e+01  1.00000000e+00 -2.30485674e-04 
 1.07977516e+00  6.44516968e+01  1.07977516e+00 -2.48872707e-04 
 1.16591440e+00  6.44516968e+01  1.16591440e+00 -2.68726567e-04 
 1.25892541e+00  6.44516968e+01  1.25892541e+00 -2.90164273e-04 
 1.35935639e+00  6.44516968e+01  1.35935639e+00 -3.13312175e-04 
 1.46779927e+00  6.44516968e+01  1.46779927e+00 -3.38306704e-04 
 1.58489319e+00  6.44516968e+01  1.58489319e+00 -3.65295176e-04 
 1.71132830e+00  6.44516968e+01  1.71132830e+00 -3.94436658e-04 
 1.84784980e+00  6.44516968e+01  1.84784980e+00 -4.25902907e-04 
 1.99526231e+00  6.44516968e+01  1.99526231e+00 -4.59879380e-04 
 2.15443469e+00  6.44516968e+01  2.15443469e+00 -4.96566333e-04 
 2.32630507e+00  6.44516968e+01  2.32630507e+00 -5.36179992e-04 
 2.51188643e+00  6.44516968e+01  2.51188643e+00 -5.78953838e-04 
 2.71227258e+00  6.44516968e+01  2.71227258e+00 -6.25139975e-04 
 2.92864456e+00  6.44516968e+01  2.92864456e+00 -6.75010618e-04 
 3.16227766e+00  6.44516968e+01  3.16227766e+00 -7.28859699e-04 
 3.41454887e+00  6.44516968e+01  3.41454887e+00 -7.87004600e-04 
 3.68694506e+00  6.44516968e+01  3.68694506e+00 -8.49788020e-04 
 3.98107171e+00  6.44516968e+01  3.98107171e+00 -9.17579997e-04 
 4.29866235e+00  6.44516968e+01  4.29866235e+00 -9.90780090e-04 
 4.64158883e+00  6.44516968e+01  4.64158883e+00 -1.06981973e-03 
 5.01187234e+00  6.44516968e+01  5.01187234e+00 -1.15516478e-03 
 5.41169527e+00  6.44516968e+01  5.41169527e+00 -1.24731823e-03 
 5.84341413e+00  6.44516968e+01  5.84341413e+00 -1.34682325e-03 
 6.30957344e+00  6.44516968e+01  6.30957344e+00 -1.45426629e-03 
 6.81292069e+00  6.44516968e+01  6.81292069e+00 -1.57028062e-03 
 7.35642254e+00  6.44516968e+01  7.35642254e+00 -1.69555001e-03 
 7.94328235e+00  6.44516968e+01  7.94328235e+00 -1.83081279e-03 
 8.57695899e+00  6.44516968e+01  8.57695899e+00 -1.97686618e-03 
 9.26118728e+00  6.44516968e+01  9.26118728e+00 -2.13457100e-03 
 1.00000000e+01  6.44516968e+01  1.00000000e+01 -2.30485674e-03 
 1.07977516e+01  6.44516968e+01  1.07977516e+01 -2.48872706e-03 
 1.16591440e+01  6.44516968e+01  1.16591440e+01 -2.68726567e-03 
 1.25892541e+01  6.44516968e+01  1.25892541e+01 -2.90164272e-03 
 1.35935639e+01  6.44516968e+01  1.35935639e+01 -3.13312174e-03 
 1.46779927e+01  6.44516968e+01  1.46779927e+01 -3.38306704e-03 
 1.58489319e+01  6.44516968e+01  1.58489319e+01 -3.65295176e-03 
 1.71132830e+01  6.44516968e+01  1.71132830e+01 -3.94436658e-03 
 1.84784980e+01  6.44516968e+01  1.84784980e+01 -4.25902906e-03 
 1.99526231e+01  6.44516968e+01  1.99526231e+01 -4.59879380e-03 
 2.15443469e+01  6.44516968e+01  2.15443469e+01 -4.96566332e-03 
 2.32630507e+01  6.44516968e+01  2.32630507e+01 -5.36179991e-03 
 2.51188643e+01  6.44516968e+01  2.51188643e+01 -5.78953837e-03 
 2.71227258e+01  6.44516968e+01  2.71227258e+01 -6.25139973e-03 
 2.92864456e+01  6.44516968e+01  2.92864456e+01 -6.75010615e-03 
 3.16227766e+01  6.44516968e+01  3.16227766e+01 -7.28859696e-03 
 3.41454887e+01  6.44516968e+01  3.41454887e+01 -7.87004596e-03 
 3.68694506e+01  6.44516968e+01  3.68694506e+01 -8.49788015e-03 
 3.98107171e+01  6.44516967e+01  3.98107171e+01 -9.17579991e-03 
 4.29866235e+01  6.44516967e+01  4.29866235e+01 -9.90780082e-03 
 4.64158883e+01  6.44516967e+01  4.64158883e+01 -1.06981972e-02 
 5.01187234e+01  6.44516967e+01  5.01187234e+01 -1.15516476e-02 
 5.41169527e+01  6.44516967e+01  5.41169527e+01 -1.24731822e-02 
 5.84341413e+01  6.44516966e+01  5.84341413e+01 -1.34682323e-02 
 6.30957344e+01  6.44516966e+01  6.30957344e+01 -1.45426627e-02 
 6.81292069e+01  6.44516966e+01  6.81292069e+01 -1.57028059e-02 
 7.35642254e+01  6.44516965e+01  7.35642254e+01 -1.69554997e-02 
 7.94328235e+01  6.44516965e+01  7.94328235e+01 -1.83081274e-02 
 8.57695899e+01  6.44516964e+01  8.57695899e+01 -1.97686611e-02 
 9.26118728e+01  6.44516963e+01  9.26118728e+01 -2.13457092e-02 
 1.00000000e+02  6.44516962e+01  1.00000000e+02 -2.30485664e-02 
 1.07977516e+02  6.44516961e+01  1.07977516e+02 -2.48872694e-02 
 1.16591440e+02  6.44516960e+01  1.16591440e+02 -2.68726551e-02 
 1.25892541e+02  6.44516959e+01  1.25892541e+02 -2.90164252e-02 
 1.35935639e+02  6.44516957e+01  1.35935639e+02 -3.13312149e-02 
 1.46779927e+02  6.44516955e+01  1.46779927e+02 -3.38306672e-02 
 1.58489319e+02  6.44516953e+01  1.58489319e+02 -3.65295136e-02 
 1.71132830e+02  6.44516950e+01  1.71132830e+02 -3.94436607e-02 
 1.84784980e+02  6.44516947e+01  1.84784980e+02 -4.25902843e-02 
 1.99526231e+02  6.44516944e+01  1.99526231e+02 -4.59879299e-02 
 2.15443469e+02  6.44516940e+01  2.15443469e+02 -4.96566231e-02 
 2.32630507e+02  6.44516935e+01  2.32630507e+02 -5.36179864e-02 
 2.51188643e+02  6.44516929e+01  2.51188643e+02 -5.78953677e-02 
 2.71227258e+02  6.44516923e+01  2.71227258e+02 -6.25139771e-02 
 2.92864456e+02  6.44516915e+01  2.92864456e+02 -6.75010362e-02 
 3.16227766e+02  6.44516907e+01  3.16227766e+02 -7.28859377e-02 
 3.41454887e+02  6.44516896e+01  3.41454887e+02 -7.87004194e-02 
 3.68694506e+02  6.44516884e+01  3.68694506e+02 -8.49787509e-02 
 3.98107171e+02  6.44516871e+01  3.98107171e+02 -9.17579354e-02 
 4.29866235e+02  6.44516854e+01  4.29866235e+02 -9.90779281e-02 
 4.64158883e+02  6.44516835e+01  4.64158883e+02 -1.06981871e-01 
 5.01187234e+02  6.44516813e+01  5.01187234e+02 -1.15516349e-01 
 5.41169527e+02  6.44516788e+01  5.41169527e+02 -1.24731662e-01 
 5.84341413e+02  6.44516758e+01  5.84341413e+02 -1.34682121e-01 
 6.30957344e+02  6.44516723e+01  6.30957344e+02 -1.45426373e-01 
 6.81292069e+02  6.44516682e+01  6.81292069e+02 -1.57027740e-01 
 7.35642254e+02  6.44516634e+01  7.35642254e+02 -1.69554596e-01 
 7.94328235e+02  6.44516579e+01  7.94328235e+02 -1.83080768e-01 
 8.57695899e+02  6.44516514e+01  8.57695899e+02 -1.97685975e-01 
 9.26118728e+02  6.44516439e+01  9.26118728e+02 -2.13456290e-01 
 1.00000000e+03  6.44516351e+01  1.00000000e+03 -2.30484655e-01 
 1.07977516e+03  6.44516249e+01  1.07977516e+03 -2.48871424e-01 
 1.16591440e+03  6.44516129e+01  1.16591440e+03 -2.68724952e-01 
 1.25892541e+03  6.44515990e+01  1.25892541e+03 -2.90162240e-01 
 1.35935639e+03  6.44515828e+01  1.35935639e+03 -3.13309615e-01 
 1.46779927e+03  6.44515638e+01  1.46779927e+03 -3.38303482e-01 
 1.58489319e+03  6.44515418e+01  1.58489319e+03 -3.65291121e-01 
 1.71132830e+03  6.44515160e+01  1.71132830e+03 -3.94431550e-01 
 1.84784980e+03  6.44514859e+01  1.84784980e+03 -4.25896473e-01 
 1.99526231e+03  6.44514510e+01  1.99526231e+03 -4.59871282e-01 
 2.15443469e+03  6.44514102e+01  2.15443469e+03 -4.96556139e-01 
 2.32630507e+03  6.44513626e+01  2.32630507e+03 -5.36167160e-01 
 2.51188643e+03  6.44513072e+01  2.51188643e+03 -5.78937684e-01 
 2.71227258e+03  6.44512426e+01  2.71227258e+03 -6.25119639e-01 
 2.92864456e+03  6.44511673e+01  2.92864456e+03 -6.74985020e-01 
 3.16227766e+03  6.44510794e+01  3.16227766e+03 -7.28827475e-01 
 3.41454887e+03  6.44509770e+01  3.41454887e+03 -7.86964033e-01 
 3.68694506e+03  6.44508576e+01  3.68694506e+03 -8.49736949e-01 
 3.98107171e+03  6.44507182e+01  3.98107171e+03 -9.17515692e-01 
 4.29866235e+03  6.44505559e+01  4.29866235e+03 -9.90699143e-01 
 4.64158883e+03  6.44503667e+01  4.64158883e+03 -1.06971783e+00 
 5.01187234e+03  6.44501461e+01  5.01187234e+03 -1.15503650e+00 
 5.41169527e+03  6.44498888e+01  5.41169527e+03 -1.24715674e+00 
 5.84341413e+03  6.44495889e+01  5.84341413e+03 -1.34661996e+00 
 6.30957344e+03  6.44492393e+01  6.30957344e+03 -1.45401038e+00 
 6.81292069e+03  6.44488317e+01  6.81292069e+03 -1.56995846e+00 
 7.35642254e+03  6.44483565e+01  7.35642254e+03 -1.69514446e+00 
 7.94328235e+03  6.44478025e+01  7.94328235e+03 -1.83030227e+00 
 8.57695899e+03  6.44471568e+01  8.57695899e+03 -1.97622354e+00 
 9.26118728e+03  6.44464040e+01  9.26118728e+03 -2.13376204e+00 
 1.00000000e+04  6.44455263e+01  1.00000000e+04 -2.30383842e+00 
 1.07977516e+04  6.44445035e+01  1.07977516e+04 -2.48744529e+00 
 1.16591440e+04  6.44433110e+01  1.16591440e+04 -2.68565224e+00 
 1.25892541e+04  6.44419213e+01  1.25892541e+04 -2.89961194e+00 
 1.35935639e+04  6.44403016e+01  1.35935639e+04 -3.13056573e+00 
 1.46779927e+04  6.44384137e+01  1.46779927e+04 -3.37985002e+00 
 1.58489319e+04  6.44362139e+01  1.58489319e+04 -3.64890304e+00 
 1.71132830e+04  6.44336501e+01  1.71132830e+04 -3.93927127e+00 
 1.84784980e+04  6.44306633e+01  1.84784980e+04 -4.25261715e+00 
 1.99526231e+04  6.44271830e+01  1.99526231e+04 -4.59072543e+00 
 2.15443469e+04  6.44231291e+01  2.15443469e+04 -4.95551152e+00 
 2.32630507e+04  6.44184073e+01  2.32630507e+04 -5.34902788e+00 
 2.51188643e+04  6.44129088e+01  2.51188643e+04 -5.77347166e+00 
 2.71227258e+04  6.44065061e+01  2.71227258e+04 -6.23119055e+00 
 2.92864456e+04  6.43990533e+01  2.92864456e+04 -6.72469046e+00 
 3.16227766e+04  6.43903800e+01  3.16227766e+04 -7.25663880e+00 
 3.41454887e+04  6.43802893e+01  3.41454887e+04 -7.82986905e+00 
 3.68694506e+04  6.43685539e+01  3.68694506e+04 -8.44738238e+00 
 3.98107171e+04  6.43549108e+01  3.98107171e+04 -9.11234655e+00 
 4.29866235e+04  6.43390579e+01  4.29866235e+04 -9.82809276e+00 
 4.64158883e+04  6.43206470e+01  4.64158883e+04 -1.05981059e+01 
 5.01187234e+04  6.42992790e+01  5.01187234e+04 -1.14260124e+01 
 5.41169527e+04  6.42744968e+01  5.41169527e+04 -1.23155589e+01 
 5.84341413e+04  6.42457791e+01  5.84341413e+04 -1.32705852e+01 
 6.30957344e+04  6.42125333e+01  6.30957344e+04 -1.42949859e+01 
 6.81292069e+04  6.41740880e+01  6.81292069e+04 -1.53926620e+01 
 7.35642254e+04  6.41296865e+01  7.35642254e+04 -1.65674584e+01 
 7.94328235e+04  6.40784813e+01  7.94328235e+04 -1.78230903e+01 
 8.57695899e+04  6.40195277e+01  8.57695899e+04 -1.91630485e+01 
 9.26118728e+04  6.39517812e+01  9.26118728e+04 -2.05904927e+01 
 1.00000000e+05  6.38740971e+01  1.00000000e+05 -2.21081288e+01 
 1.07977516e+05  6.37852322e+01  1.07977516e+05 -2.37180685e+01 
 1.16591440e+05  6.36838519e+01  1.16591440e+05 -2.54216798e+01 
 1.25892541e+05  6.35685423e+01  1.25892541e+05 -2.72194319e+01 
 1.35935639e+05  6.34378279e+01  1.35935639e+05 -2.91107391e+01 
 1.46779927e+05  6.32901958e+01  1.46779927e+05 -3.10938201e+01 
 1.58489319e+05  6.31241270e+01  1.58489319e+05 -3.31655767e+01 
 1.71132830e+05  6.29381337e+01  1.71132830e+05 -3.53215165e+01 
 1.84784980e+05  6.27308014e+01  1.84784980e+05 -3.75557220e+01 
 1.99526231e+05  6.25008337e+01  1.99526231e+05 -3.98608828e+01 
 2.15443469e+05  6.22470996e+01  2.15443469e+05 -4.22284111e+01 
 2.32630507e+05  6.19686758e+01  2.32630507e+05 -4.46486222e+01 
 2.51188643e+05  6.16648841e+01  2.51188643e+05 -4.71109950e+01 
 2.71227258e+05  6.13353190e+01  2.71227258e+05 -4.96044920e+01 
 2.92864456e+05  6.09798639e+01  2.92864456e+05 -5.21179247e+01 
 3.16227766e+05  6.05986927e+01  3.16227766e+05 -5.46403360e+01 
 3.41454887e+05  6.01922579e+01  3.41454887e+05 -5.71613758e+01 
 3.68694506e+05  5.97612661e+01  3.68694506e+05 -5.96716472e+01 
 3.98107171e+05  5.93066421e+01  3.98107171e+05 -6.21629968e+01 
 4.29866235e+05  5.88294851e+01  4.29866235e+05 -6.46287333e+01 
 4.64158883e+05  5.83310213e+01  4.64158883e+05 -6.70637788e+01 
 5.01187234e+05  5.78125544e+01  5.01187234e+05 -6.94647347e+01 
 5.41169527e+05  5.72754184e+01  5.41169527e+05 -7.18298850e+01 
 5.84341413e+05  5.67209342e+01  5.84341413e+05 -7.41591369e+01 
 6.30957344e+05  5.61503717e+01  6.30957344e+05 -7.64539207e+01 
 6.81292069e+05  5.55649177e+01  6.81292069e+05 -7.87170519e+01 
 7.35642254e+05  5.49656503e+01  7.35642254e+05 -8.09525783e+01 
 7.94328235e+05  5.43535189e+01  7.94328235e+05 -8.31656169e+01 
 8.57695899e+05  5.37293291e+01  8.57695899e+05 -8.53621878e+01 
 9.26118728e+05  5.30937322e+01  9.26118728e+05 -8.75490534e+01 
 1.00000000e+06  5.24472176e+01  1.00000000e+06 -8.97335651e+01 
 1.07977516e+06  5.17901080e+01  1.07977516e+06 -9.19235156e+01 
 1.16591440e+06  5.11225565e+01  1.16591440e+06 -9.41269981e+01 
 1.25892541e+06  5.04445452e+01  1.25892541e+06 -9.63522700e+01 
 1.35935639e+06  4.97558846e+01  1.35935639e+06 -9.86076204e+01 
 1.46779927e+06  4.90562151e+01  1.46779927e+06 -1.00901234e+02 
 1.58489319e+06  4.83450094e+01  1.58489319e+06 -1.03241055e+02 
 1.71132830e+06  4.76215765e+01  1.71132830e+06 -1.05634638e+02 
 1.84784980e+06  4.68850694e+01  1.84784980e+06 -1.08089007e+02 
 1.99526231e+06  4.61344947e+01  1.99526231e+06 -1.10610494e+02 
 2.15443469e+06  4.53687274e+01  2.15443469e+06 -1.13204585e+02 
 2.32630507e+06  4.45865305e+01  2.32630507e+06 -1.15875769e+02 
 2.51188643e+06  4.37865799e+01  2.51188643e+06 -1.18627393e+02 
 2.71227258e+06  4.29674955e+01  2.71227258e+06 -1.21461547e+02 
 2.92864456e+06  4.21278784e+01  2.92864456e+06 -1.24378980e+02 
 3.16227766e+06  4.12663526e+01  3.16227766e+06 -1.27379062e+02 
 3.41454887e+06  4.03816105e+01  3.41454887e+06 -1.30459816e+02 
 3.68694506e+06  3.94724596e+01  3.68694506e+06 -1.33618020e+02 
 3.98107171e+06  3.85378670e+01  3.98107171e+06 -1.36849384e+02 
 4.29866235e+06  3.75769985e+01  4.29866235e+06 -1.40148816e+02 
 4.64158883e+06  3.65892495e+01  4.64158883e+06 -1.43510755e+02 
 5.01187234e+06  3.55742626e+01  5.01187234e+06 -1.46929568e+02 
 5.41169527e+06  3.45319322e+01  5.41169527e+06 -1.50399983e+02 
 5.84341413e+06  3.34623927e+01  5.84341413e+06 -1.53917544e+02 
 6.30957344e+06  3.23659912e+01  6.30957344e+06 -1.57479052e+02 
 6.81292069e+06  3.12432462e+01  6.81292069e+06 -1.61082994e+02 
 7.35642254e+06  3.00947934e+01  7.35642254e+06 -1.64729923e+02 
 7.94328235e+06  2.89213224e+01  7.94328235e+06 -1.68422818e+02 
 8.57695899e+06  2.77235057e+01  8.57695899e+06 -1.72167410e+02 
 9.26118728e+06  2.65019222e+01  9.26118728e+06 -1.75972514e+02 
 1.00000000e+07  2.52569773e+01  1.00000000e+07 -1.79850407e+02 
 1.07977516e+07  2.39888193e+01  1.07977516e+07 -1.83817304e+02 
 1.16591440e+07  2.26972531e+01  1.16591440e+07 -1.87894027e+02 
 1.25892541e+07  2.13816515e+01  1.25892541e+07 -1.92106966e+02 
 1.35935639e+07  2.00408679e+01  1.35935639e+07 -1.96489515e+02 
 1.46779927e+07  1.86731583e+01  1.46779927e+07 -2.01084228e+02 
 1.58489319e+07  1.72761374e+01  1.58489319e+07 -2.05946049e+02 
 1.71132830e+07  1.58468188e+01  1.71132830e+07 -2.11147179e+02 
 1.84784980e+07  1.43818536e+01  1.84784980e+07 -2.16784366e+02 
 1.99526231e+07  1.28782110e+01  1.99526231e+07 -2.22989736e+02 
 2.15443469e+07  1.13348150e+01  2.15443469e+07 -2.29946317e+02 
 2.32630507e+07  9.75619023e+00  2.32630507e+07 -2.37908427e+02 
 2.51188643e+07  8.16011687e+00  2.51188643e+07 -2.47221867e+02 
 2.71227258e+07  6.59230062e+00  2.71227258e+07 -2.58321391e+02 
 2.92864456e+07  5.14918739e+00  2.92864456e+07 -2.71639918e+02 
 3.16227766e+07  3.99543479e+00  3.16227766e+07 -2.87313722e+02 
 3.41454887e+07  3.32916901e+00  3.41454887e+07 -3.04695017e+02 
 3.68694506e+07  3.26047904e+00  3.68694506e+07 -3.22214802e+02 
 3.98107171e+07  3.71474115e+00  3.98107171e+07 -3.38188995e+02 
 4.29866235e+07  4.50134384e+00  4.29866235e+07 -3.51766510e+02 
 4.64158883e+07  5.44489250e+00  4.64158883e+07 -3.62963189e+02 
 5.01187234e+07  6.43752409e+00  5.01187234e+07 -3.72180573e+02 
 5.41169527e+07  7.42709232e+00  5.41169527e+07 -3.79859972e+02 
 5.84341413e+07  8.39349760e+00  5.84341413e+07 -3.86360389e+02 
 6.30957344e+07  9.33229366e+00  6.30957344e+07 -3.91945300e+02 
 6.81292069e+07  1.02458950e+01  6.81292069e+07 -3.96800825e+02 
 7.35642254e+07  1.11393309e+01  7.35642254e+07 -4.01056537e+02 
 7.94328235e+07  1.20183107e+01  7.94328235e+07 -4.04801695e+02 
 8.57695899e+07  1.28883841e+01  8.57695899e+07 -4.08096506e+02 
 9.26118728e+07  1.37545929e+01  9.26118728e+07 -4.10979513e+02 
 1.00000000e+08  1.46213162e+01  1.00000000e+08 -4.13472270e+02 
 1.07977516e+08  1.54921637e+01  1.07977516e+08 -4.15582178e+02 
 1.16591440e+08  1.63698343e+01  1.16591440e+08 -4.17304167e+02 
 1.25892541e+08  1.72558902e+01  1.25892541e+08 -4.18621736e+02 
 1.35935639e+08  1.81504145e+01  1.35935639e+08 -4.19507888e+02 
 1.46779927e+08  1.90515356e+01  1.46779927e+08 -4.19926537e+02 
 1.58489319e+08  1.99548308e+01  1.58489319e+08 -4.19835106e+02 
 1.71132830e+08  2.08526814e+01  1.71132830e+08 -4.19189167e+02 
 1.84784980e+08  2.17337397e+01  1.84784980e+08 -4.17949919e+02 
 1.99526231e+08  2.25827905e+01  1.99526231e+08 -4.16094818e+02 
 2.15443469e+08  2.33813871e+01  2.15443469e+08 -4.13630425e+02 
 2.32630507e+08  2.41095992e+01  2.32630507e+08 -4.10604516e+02 
 2.51188643e+08  2.47488916e+01  2.51188643e+08 -4.07112442e+02 
 2.71227258e+08  2.52855441e+01  2.71227258e+08 -4.03292585e+02 
 2.92864456e+08  2.57134520e+01  2.92864456e+08 -3.99309246e+02 
 3.16227766e+08  2.60351335e+01  3.16227766e+08 -3.95327452e+02 
 3.41454887e+08  2.62605522e+01  3.41454887e+08 -3.91488783e+02 
 3.68694506e+08  2.64044113e+01  3.68694506e+08 -3.87896338e+02 
 3.98107171e+08  2.64831190e+01  3.98107171e+08 -3.84611487e+02 
 4.29866235e+08  2.65123936e+01  4.29866235e+08 -3.81659584e+02 
 4.64158883e+08  2.65058796e+01  4.64158883e+08 -3.79039711e+02 
 5.01187234e+08  2.64746487e+01  5.01187234e+08 -3.76734436e+02 
 5.41169527e+08  2.64272717e+01  5.41169527e+08 -3.74717574e+02 
 5.84341413e+08  2.63701620e+01  5.84341413e+08 -3.72959492e+02 
 6.30957344e+08  2.63079948e+01  6.30957344e+08 -3.71430367e+02 
 6.81292069e+08  2.62441001e+01  6.81292069e+08 -3.70101962e+02 
 7.35642254e+08  2.61807919e+01  7.35642254e+08 -3.68948480e+02 
 7.94328235e+08  2.61196276e+01  7.94328235e+08 -3.67946864e+02 
 8.57695899e+08  2.60616080e+01  8.57695899e+08 -3.67076806e+02 
 9.26118728e+08  2.60073284e+01  9.26118728e+08 -3.66320591e+02 
 1.00000000e+09  2.59570921e+01  1.00000000e+09 -3.65662878e+02 
