 1.00000000e+00  6.18597653e+01  1.00000000e+00 -1.74799503e-04 
 1.07977516e+00  6.18597653e+01  1.07977516e+00 -1.88744162e-04 
 1.16591440e+00  6.18597653e+01  1.16591440e+00 -2.03801258e-04 
 1.25892541e+00  6.18597653e+01  1.25892541e+00 -2.20059537e-04 
 1.35935639e+00  6.18597653e+01  1.35935639e+00 -2.37614822e-04 
 1.46779927e+00  6.18597653e+01  1.46779927e+00 -2.56570583e-04 
 1.58489319e+00  6.18597653e+01  1.58489319e+00 -2.77038543e-04 
 1.71132830e+00  6.18597653e+01  1.71132830e+00 -2.99139338e-04 
 1.84784980e+00  6.18597653e+01  1.84784980e+00 -3.23003227e-04 
 1.99526231e+00  6.18597653e+01  1.99526231e+00 -3.48770862e-04 
 2.15443469e+00  6.18597653e+01  2.15443469e+00 -3.76594114e-04 
 2.32630507e+00  6.18597653e+01  2.32630507e+00 -4.06636970e-04 
 2.51188643e+00  6.18597653e+01  2.51188643e+00 -4.39076501e-04 
 2.71227258e+00  6.18597653e+01  2.71227258e+00 -4.74103900e-04 
 2.92864456e+00  6.18597653e+01  2.92864456e+00 -5.11925615e-04 
 3.16227766e+00  6.18597653e+01  3.16227766e+00 -5.52764565e-04 
 3.41454887e+00  6.18597653e+01  3.41454887e+00 -5.96861447e-04 
 3.68694506e+00  6.18597653e+01  3.68694506e+00 -6.44476166e-04 
 3.98107171e+00  6.18597653e+01  3.98107171e+00 -6.95889357e-04 
 4.29866235e+00  6.18597653e+01  4.29866235e+00 -7.51404043e-04 
 4.64158883e+00  6.18597653e+01  4.64158883e+00 -8.11347423e-04 
 5.01187234e+00  6.18597653e+01  5.01187234e+00 -8.76072795e-04 
 5.41169527e+00  6.18597653e+01  5.41169527e+00 -9.45961645e-04 
 5.84341413e+00  6.18597653e+01  5.84341413e+00 -1.02142589e-03 
 6.30957344e+00  6.18597653e+01  6.30957344e+00 -1.10291030e-03 
 6.81292069e+00  6.18597653e+01  6.81292069e+00 -1.19089515e-03 
 7.35642254e+00  6.18597653e+01  7.35642254e+00 -1.28589901e-03 
 7.94328235e+00  6.18597653e+01  7.94328235e+00 -1.38848181e-03 
 8.57695899e+00  6.18597653e+01  8.57695899e+00 -1.49924817e-03 
 9.26118728e+00  6.18597653e+01  9.26118728e+00 -1.61885094e-03 
 1.00000000e+01  6.18597653e+01  1.00000000e+01 -1.74799503e-03 
 1.07977516e+01  6.18597653e+01  1.07977516e+01 -1.88744162e-03 
 1.16591440e+01  6.18597653e+01  1.16591440e+01 -2.03801258e-03 
 1.25892541e+01  6.18597653e+01  1.25892541e+01 -2.20059537e-03 
 1.35935639e+01  6.18597653e+01  1.35935639e+01 -2.37614822e-03 
 1.46779927e+01  6.18597653e+01  1.46779927e+01 -2.56570583e-03 
 1.58489319e+01  6.18597653e+01  1.58489319e+01 -2.77038543e-03 
 1.71132830e+01  6.18597653e+01  1.71132830e+01 -2.99139338e-03 
 1.84784980e+01  6.18597653e+01  1.84784980e+01 -3.23003227e-03 
 1.99526231e+01  6.18597653e+01  1.99526231e+01 -3.48770861e-03 
 2.15443469e+01  6.18597653e+01  2.15443469e+01 -3.76594113e-03 
 2.32630507e+01  6.18597653e+01  2.32630507e+01 -4.06636970e-03 
 2.51188643e+01  6.18597653e+01  2.51188643e+01 -4.39076500e-03 
 2.71227258e+01  6.18597653e+01  2.71227258e+01 -4.74103899e-03 
 2.92864456e+01  6.18597653e+01  2.92864456e+01 -5.11925614e-03 
 3.16227766e+01  6.18597653e+01  3.16227766e+01 -5.52764563e-03 
 3.41454887e+01  6.18597653e+01  3.41454887e+01 -5.96861446e-03 
 3.68694506e+01  6.18597653e+01  3.68694506e+01 -6.44476164e-03 
 3.98107171e+01  6.18597653e+01  3.98107171e+01 -6.95889355e-03 
 4.29866235e+01  6.18597653e+01  4.29866235e+01 -7.51404040e-03 
 4.64158883e+01  6.18597653e+01  4.64158883e+01 -8.11347419e-03 
 5.01187234e+01  6.18597652e+01  5.01187234e+01 -8.76072790e-03 
 5.41169527e+01  6.18597652e+01  5.41169527e+01 -9.45961638e-03 
 5.84341413e+01  6.18597652e+01  5.84341413e+01 -1.02142588e-02 
 6.30957344e+01  6.18597652e+01  6.30957344e+01 -1.10291029e-02 
 6.81292069e+01  6.18597652e+01  6.81292069e+01 -1.19089514e-02 
 7.35642254e+01  6.18597651e+01  7.35642254e+01 -1.28589899e-02 
 7.94328235e+01  6.18597651e+01  7.94328235e+01 -1.38848179e-02 
 8.57695899e+01  6.18597651e+01  8.57695899e+01 -1.49924815e-02 
 9.26118728e+01  6.18597650e+01  9.26118728e+01 -1.61885091e-02 
 1.00000000e+02  6.18597650e+01  1.00000000e+02 -1.74799499e-02 
 1.07977516e+02  6.18597649e+01  1.07977516e+02 -1.88744157e-02 
 1.16591440e+02  6.18597649e+01  1.16591440e+02 -2.03801252e-02 
 1.25892541e+02  6.18597648e+01  1.25892541e+02 -2.20059529e-02 
 1.35935639e+02  6.18597647e+01  1.35935639e+02 -2.37614812e-02 
 1.46779927e+02  6.18597646e+01  1.46779927e+02 -2.56570570e-02 
 1.58489319e+02  6.18597645e+01  1.58489319e+02 -2.77038527e-02 
 1.71132830e+02  6.18597643e+01  1.71132830e+02 -2.99139317e-02 
 1.84784980e+02  6.18597642e+01  1.84784980e+02 -3.23003201e-02 
 1.99526231e+02  6.18597640e+01  1.99526231e+02 -3.48770829e-02 
 2.15443469e+02  6.18597638e+01  2.15443469e+02 -3.76594073e-02 
 2.32630507e+02  6.18597635e+01  2.32630507e+02 -4.06636919e-02 
 2.51188643e+02  6.18597632e+01  2.51188643e+02 -4.39076436e-02 
 2.71227258e+02  6.18597628e+01  2.71227258e+02 -4.74103818e-02 
 2.92864456e+02  6.18597624e+01  2.92864456e+02 -5.11925513e-02 
 3.16227766e+02  6.18597620e+01  3.16227766e+02 -5.52764435e-02 
 3.41454887e+02  6.18597614e+01  3.41454887e+02 -5.96861284e-02 
 3.68694506e+02  6.18597607e+01  3.68694506e+02 -6.44475961e-02 
 3.98107171e+02  6.18597600e+01  3.98107171e+02 -6.95889099e-02 
 4.29866235e+02  6.18597591e+01  4.29866235e+02 -7.51403718e-02 
 4.64158883e+02  6.18597581e+01  4.64158883e+02 -8.11347013e-02 
 5.01187234e+02  6.18597569e+01  5.01187234e+02 -8.76072280e-02 
 5.41169527e+02  6.18597555e+01  5.41169527e+02 -9.45960996e-02 
 5.84341413e+02  6.18597538e+01  5.84341413e+02 -1.02142507e-01 
 6.30957344e+02  6.18597519e+01  6.30957344e+02 -1.10290928e-01 
 6.81292069e+02  6.18597497e+01  6.81292069e+02 -1.19089386e-01 
 7.35642254e+02  6.18597471e+01  7.35642254e+02 -1.28589738e-01 
 7.94328235e+02  6.18597440e+01  7.94328235e+02 -1.38847976e-01 
 8.57695899e+02  6.18597405e+01  8.57695899e+02 -1.49924559e-01 
 9.26118728e+02  6.18597364e+01  9.26118728e+02 -1.61884768e-01 
 1.00000000e+03  6.18597316e+01  1.00000000e+03 -1.74799094e-01 
 1.07977516e+03  6.18597260e+01  1.07977516e+03 -1.88743646e-01 
 1.16591440e+03  6.18597195e+01  1.16591440e+03 -2.03800609e-01 
 1.25892541e+03  6.18597119e+01  1.25892541e+03 -2.20058719e-01 
 1.35935639e+03  6.18597030e+01  1.35935639e+03 -2.37613793e-01 
 1.46779927e+03  6.18596926e+01  1.46779927e+03 -2.56569288e-01 
 1.58489319e+03  6.18596806e+01  1.58489319e+03 -2.77036913e-01 
 1.71132830e+03  6.18596665e+01  1.71132830e+03 -2.99137284e-01 
 1.84784980e+03  6.18596501e+01  1.84784980e+03 -3.23000640e-01 
 1.99526231e+03  6.18596309e+01  1.99526231e+03 -3.48767605e-01 
 2.15443469e+03  6.18596087e+01  2.15443469e+03 -3.76590015e-01 
 2.32630507e+03  6.18595827e+01  2.32630507e+03 -4.06631810e-01 
 2.51188643e+03  6.18595524e+01  2.51188643e+03 -4.39070005e-01 
 2.71227258e+03  6.18595171e+01  2.71227258e+03 -4.74095724e-01 
 2.92864456e+03  6.18594759e+01  2.92864456e+03 -5.11915323e-01 
 3.16227766e+03  6.18594279e+01  3.16227766e+03 -5.52751607e-01 
 3.41454887e+03  6.18593719e+01  3.41454887e+03 -5.96845136e-01 
 3.68694506e+03  6.18593066e+01  3.68694506e+03 -6.44455631e-01 
 3.98107171e+03  6.18592305e+01  3.98107171e+03 -6.95863502e-01 
 4.29866235e+03  6.18591418e+01  4.29866235e+03 -7.51371493e-01 
 4.64158883e+03  6.18590383e+01  4.64158883e+03 -8.11306448e-01 
 5.01187234e+03  6.18589178e+01  5.01187234e+03 -8.76021213e-01 
 5.41169527e+03  6.18587772e+01  5.41169527e+03 -9.45896709e-01 
 5.84341413e+03  6.18586132e+01  5.84341413e+03 -1.02134414e+00 
 6.30957344e+03  6.18584221e+01  6.30957344e+03 -1.10280740e+00 
 6.81292069e+03  6.18581993e+01  6.81292069e+03 -1.19076560e+00 
 7.35642254e+03  6.18579395e+01  7.35642254e+03 -1.28573591e+00 
 7.94328235e+03  6.18576366e+01  7.94328235e+03 -1.38827649e+00 
 8.57695899e+03  6.18572835e+01  8.57695899e+03 -1.49898971e+00 
 9.26118728e+03  6.18568719e+01  9.26118728e+03 -1.61852557e+00 
 1.00000000e+04  6.18563920e+01  1.00000000e+04 -1.74758543e+00 
 1.07977516e+04  6.18558326e+01  1.07977516e+04 -1.88692601e+00 
 1.16591440e+04  6.18551804e+01  1.16591440e+04 -2.03736351e+00 
 1.25892541e+04  6.18544201e+01  1.25892541e+04 -2.19977833e+00 
 1.35935639e+04  6.18535339e+01  1.35935639e+04 -2.37511975e+00 
 1.46779927e+04  6.18525008e+01  1.46779927e+04 -2.56441124e+00 
 1.58489319e+04  6.18512968e+01  1.58489319e+04 -2.76875594e+00 
 1.71132830e+04  6.18498932e+01  1.71132830e+04 -2.98934232e+00 
 1.84784980e+04  6.18482575e+01  1.84784980e+04 -3.22745076e+00 
 1.99526231e+04  6.18463509e+01  1.99526231e+04 -3.48445945e+00 
 2.15443469e+04  6.18441293e+01  2.15443469e+04 -3.76185195e+00 
 2.32630507e+04  6.18415405e+01  2.32630507e+04 -4.06122358e+00 
 2.51188643e+04  6.18385240e+01  2.51188643e+04 -4.38428914e+00 
 2.71227258e+04  6.18350095e+01  2.71227258e+04 -4.73289019e+00 
 2.92864456e+04  6.18309156e+01  2.92864456e+04 -5.10900318e+00 
 3.16227766e+04  6.18261473e+01  3.16227766e+04 -5.51474640e+00 
 3.41454887e+04  6.18205944e+01  3.41454887e+04 -5.95238770e+00 
 3.68694506e+04  6.18141290e+01  3.68694506e+04 -6.42435151e+00 
 3.98107171e+04  6.18066028e+01  3.98107171e+04 -6.93322527e+00 
 4.29866235e+04  6.17978441e+01  4.29866235e+04 -7.48176485e+00 
 4.64158883e+04  6.17876542e+01  4.64158883e+04 -8.07289851e+00 
 5.01187234e+04  6.17758034e+01  5.01187234e+04 -8.70972938e+00 
 5.41169527e+04  6.17620265e+01  5.41169527e+04 -9.39553469e+00 
 5.84341413e+04  6.17460181e+01  5.84341413e+04 -1.01337624e+01 
 6.30957344e+04  6.17274267e+01  6.30957344e+04 -1.09280232e+01 
 6.81292069e+04  6.17058497e+01  6.81292069e+04 -1.17820778e+01 
 7.35642254e+04  6.16808254e+01  7.35642254e+04 -1.26998162e+01 
 7.94328235e+04  6.16518275e+01  7.94328235e+04 -1.36852311e+01 
 8.57695899e+04  6.16182579e+01  8.57695899e+04 -1.47423806e+01 
 9.26118728e+04  6.15794390e+01  9.26118728e+04 -1.58753391e+01 
 1.00000000e+05  6.15346072e+01  1.00000000e+05 -1.70881367e+01 
 1.07977516e+05  6.14829068e+01  1.07977516e+05 -1.83846833e+01 
 1.16591440e+05  6.14233847e+01  1.16591440e+05 -1.97686779e+01 
 1.25892541e+05  6.13549871e+01  1.25892541e+05 -2.12435005e+01 
 1.35935639e+05  6.12765587e+01  1.35935639e+05 -2.28120892e+01 
 1.46779927e+05  6.11868452e+01  1.46779927e+05 -2.44768018e+01 
 1.58489319e+05  6.10845002e+01  1.58489319e+05 -2.62392682e+01 
 1.71132830e+05  6.09680971e+01  1.71132830e+05 -2.81002347e+01 
 1.84784980e+05  6.08361469e+01  1.84784980e+05 -3.00594111e+01 
 1.99526231e+05  6.06871228e+01  1.99526231e+05 -3.21153319e+01 
 2.15443469e+05  6.05194907e+01  2.15443469e+05 -3.42652380e+01 
 2.32630507e+05  6.03317474e+01  2.32630507e+05 -3.65050035e+01 
 2.51188643e+05  6.01224610e+01  2.51188643e+05 -3.88291063e+01 
 2.71227258e+05  5.98903178e+01  2.71227258e+05 -4.12306723e+01 
 2.92864456e+05  5.96341660e+01  2.92864456e+05 -4.37015861e+01 
 3.16227766e+05  5.93530591e+01  3.16227766e+05 -4.62326825e+01 
 3.41454887e+05  5.90462921e+01  3.41454887e+05 -4.88140103e+01 
 3.68694506e+05  5.87134273e+01  3.68694506e+05 -5.14351551e+01 
 3.98107171e+05  5.83543091e+01  3.98107171e+05 -5.40856073e+01 
 4.29866235e+05  5.79690642e+01  4.29866235e+05 -5.67551434e+01 
 4.64158883e+05  5.75580881e+01  4.64158883e+05 -5.94342046e+01 
 5.01187234e+05  5.71220180e+01  5.01187234e+05 -6.21142364e+01 
 5.41169527e+05  5.66616956e+01  5.41169527e+05 -6.47879742e+01 
 5.84341413e+05  5.61781213e+01  5.84341413e+05 -6.74496603e+01 
 6.30957344e+05  5.56724043e+01  6.30957344e+05 -7.00951784e+01 
 6.81292069e+05  5.51457120e+01  6.81292069e+05 -7.27221177e+01 
 7.35642254e+05  5.45992199e+01  7.35642254e+05 -7.53297581e+01 
 7.94328235e+05  5.40340662e+01  7.94328235e+05 -7.79189969e+01 
 8.57695899e+05  5.34513121e+01  8.57695899e+05 -8.04922286e+01 
 9.26118728e+05  5.28519074e+01  9.26118728e+05 -8.30531863e+01 
 1.00000000e+06  5.22366630e+01  1.00000000e+06 -8.56067588e+01 
 1.07977516e+06  5.16062291e+01  1.07977516e+06 -8.81587946e+01 
 1.16591440e+06  5.09610790e+01  1.16591440e+06 -9.07158955e+01 
 1.25892541e+06  5.03014981e+01  1.25892541e+06 -9.32852086e+01 
 1.35935639e+06  4.96275773e+01  1.35935639e+06 -9.58742184e+01 
 1.46779927e+06  4.89392103e+01  1.46779927e+06 -9.84905359e+01 
 1.58489319e+06  4.82360951e+01  1.58489319e+06 -1.01141694e+02 
 1.71132830e+06  4.75177397e+01  1.71132830e+06 -1.03834936e+02 
 1.84784980e+06  4.67834718e+01  1.84784980e+06 -1.06577019e+02 
 1.99526231e+06  4.60324539e+01  1.99526231e+06 -1.09374005e+02 
 2.15443469e+06  4.52637032e+01  2.15443469e+06 -1.12231078e+02 
 2.32630507e+06  4.44761182e+01  2.32630507e+06 -1.15152363e+02 
 2.51188643e+06  4.36685106e+01  2.51188643e+06 -1.18140785e+02 
 2.71227258e+06  4.28396436e+01  2.71227258e+06 -1.21197949e+02 
 2.92864456e+06  4.19882756e+01  2.92864456e+06 -1.24324088e+02 
 3.16227766e+06  4.11132072e+01  3.16227766e+06 -1.27518055e+02 
 3.41454887e+06  4.02133301e+01  3.41454887e+06 -1.30777411e+02 
 3.68694506e+06  3.92876745e+01  3.68694506e+06 -1.34098573e+02 
 3.98107171e+06  3.83354517e+01  3.98107171e+06 -1.37477057e+02 
 4.29866235e+06  3.73560883e+01  4.29866235e+06 -1.40907799e+02 
 4.64158883e+06  3.63492495e+01  4.64158883e+06 -1.44385531e+02 
 5.01187234e+06  3.53148479e+01  5.01187234e+06 -1.47905207e+02 
 5.41169527e+06  3.42530366e+01  5.41169527e+06 -1.51462453e+02 
 5.84341413e+06  3.31641879e+01  5.84341413e+06 -1.55054005e+02 
 6.30957344e+06  3.20488566e+01  6.30957344e+06 -1.58678139e+02 
 6.81292069e+06  3.09077313e+01  6.81292069e+06 -1.62335050e+02 
 7.35642254e+06  2.97415756e+01  7.35642254e+06 -1.66027204e+02 
 7.94328235e+06  2.85511628e+01  7.94328235e+06 -1.69759650e+02 
 8.57695899e+06  2.73372058e+01  8.57695899e+06 -1.73540320e+02 
 9.26118728e+06  2.61002834e+01  9.26118728e+06 -1.77380350e+02 
 1.00000000e+07  2.48407655e+01  1.00000000e+07 -1.81294470e+02 
 1.07977516e+07  2.35587370e+01  1.07977516e+07 -1.85301522e+02 
 1.16591440e+07  2.22539206e+01  1.16591440e+07 -1.89425204e+02 
 1.25892541e+07  2.09256011e+01  1.25892541e+07 -1.93695169e+02 
 1.35935639e+07  1.95725569e+01  1.35935639e+07 -1.98148648e+02 
 1.46779927e+07  1.81930128e+01  1.46779927e+07 -2.02832878e+02 
 1.58489319e+07  1.67846468e+01  1.58489319e+07 -2.07808719e+02 
 1.71132830e+07  1.53447228e+01  1.71132830e+07 -2.13156034e+02 
 1.84784980e+07  1.38704968e+01  1.84784980e+07 -2.18981628e+02 
 1.99526231e+07  1.23602092e+01  1.99526231e+07 -2.25430720e+02 
 2.15443469e+07  1.08152927e+01  2.15443469e+07 -2.32702610e+02 
 2.32630507e+07  9.24502281e+00  2.32630507e+07 -2.41069059e+02 
 2.51188643e+07  7.67570218e+00  2.51188643e+07 -2.50885911e+02 
 2.71227258e+07  6.16669779e+00  2.71227258e+07 -2.62565949e+02 
 2.92864456e+07  4.83088737e+00  2.92864456e+07 -2.76437786e+02 
 3.16227766e+07  3.83804702e+00  3.16227766e+07 -2.92405931e+02 
 3.41454887e+07  3.35596741e+00  3.41454887e+07 -3.09559482e+02 
 3.68694506e+07  3.43439141e+00  3.68694506e+07 -3.26320078e+02 
 3.98107171e+07  3.96202807e+00  3.98107171e+07 -3.41314776e+02 
 4.29866235e+07  4.75939207e+00  4.29866235e+07 -3.54005153e+02 
 4.64158883e+07  5.68002498e+00  4.64158883e+07 -3.64525468e+02 
 5.01187234e+07  6.63771921e+00  5.01187234e+07 -3.73263933e+02 
 5.41169527e+07  7.59134694e+00  5.41169527e+07 -3.80611225e+02 
 5.84341413e+07  8.52521597e+00  5.84341413e+07 -3.86879782e+02 
 6.30957344e+07  9.43613745e+00  6.30957344e+07 -3.92299256e+02 
 6.81292069e+07  1.03264873e+01  6.81292069e+07 -3.97032963e+02 
 7.35642254e+07  1.12008011e+01  7.35642254e+07 -4.01195354e+02 
 7.94328235e+07  1.20641873e+01  7.94328235e+07 -4.04865562e+02 
 8.57695899e+07  1.29216152e+01  8.57695899e+07 -4.08096825e+02 
 9.26118728e+07  1.37776023e+01  9.26118728e+07 -4.10922706e+02 
 1.00000000e+08  1.46360568e+01  1.00000000e+08 -4.13361027e+02 
 1.07977516e+08  1.55001514e+01  1.07977516e+08 -4.15416261e+02 
 1.16591440e+08  1.63721573e+01  1.16591440e+08 -4.17080950e+02 
 1.25892541e+08  1.72531907e+01  1.25892541e+08 -4.18336645e+02 
 1.35935639e+08  1.81428447e+01  1.35935639e+08 -4.19154862e+02 
 1.46779927e+08  1.90386919e+01  1.46779927e+08 -4.19498641e+02 
 1.58489319e+08  1.99356820e+01  1.58489319e+08 -4.19325447e+02 
 1.71132830e+08  2.08255164e+01  1.71132830e+08 -4.18592216e+02 
 1.84784980e+08  2.16961791e+01  1.84784980e+08 -4.17263294e+02 
 1.99526231e+08  2.25319213e+01  1.99526231e+08 -4.15321375e+02 
 2.15443469e+08  2.33140740e+01  2.15443469e+08 -4.12780214e+02 
 2.32630507e+08  2.40229815e+01  2.32630507e+08 -4.09695797e+02 
 2.51188643e+08  2.46409781e+01  2.51188643e+08 -4.06170898e+02 
 2.71227258e+08  2.51557163e+01  2.71227258e+08 -4.02348337e+02 
 2.92864456e+08  2.55626619e+01  2.92864456e+08 -3.98392316e+02 
 3.16227766e+08  2.58657018e+01  3.16227766e+08 -3.94463253e+02 
 3.41454887e+08  2.60756640e+01  3.41454887e+08 -3.90695203e+02 
 3.68694506e+08  2.62075296e+01  3.68694506e+08 -3.87183070e+02 
 3.98107171e+08  2.62775131e+01  3.98107171e+08 -3.83981158e+02 
 4.29866235e+08  2.63008667e+01  4.29866235e+08 -3.81109729e+02 
 4.64158883e+08  2.62906754e+01  4.64158883e+08 -3.78564763e+02 
 5.01187234e+08  2.62574756e+01  5.01187234e+08 -3.76327308e+02 
 5.41169527e+08  2.62093814e+01  5.41169527e+08 -3.74370722e+02 
 5.84341413e+08  2.61524416e+01  5.84341413e+08 -3.72665560e+02 
 6.30957344e+08  2.60910522e+01  6.30957344e+08 -3.71182516e+02 
 6.81292069e+08  2.60283343e+01  6.81292069e+08 -3.69894021e+02 
 7.35642254e+08  2.59664479e+01  7.35642254e+08 -3.68774979e+02 
 7.94328235e+08  2.59068386e+01  7.94328235e+08 -3.67803018e+02 
 8.57695899e+08  2.58504268e+01  8.57695899e+08 -3.66958464e+02 
 9.26118728e+08  2.57977506e+01  9.26118728e+08 -3.66224178e+02 
 1.00000000e+09  2.57490742e+01  1.00000000e+09 -3.65585331e+02 
