 1.00000000e+00  6.07095947e+01  1.00000000e+00 -1.81906203e-04 
 1.07977516e+00  6.07095947e+01  1.07977516e+00 -1.96417800e-04 
 1.16591440e+00  6.07095947e+01  1.16591440e+00 -2.12087062e-04 
 1.25892541e+00  6.07095947e+01  1.25892541e+00 -2.29006342e-04 
 1.35935639e+00  6.07095947e+01  1.35935639e+00 -2.47275360e-04 
 1.46779927e+00  6.07095947e+01  1.46779927e+00 -2.67001792e-04 
 1.58489319e+00  6.07095947e+01  1.58489319e+00 -2.88301903e-04 
 1.71132830e+00  6.07095947e+01  1.71132830e+00 -3.11301234e-04 
 1.84784980e+00  6.07095947e+01  1.84784980e+00 -3.36135341e-04 
 1.99526231e+00  6.07095947e+01  1.99526231e+00 -3.62950592e-04 
 2.15443469e+00  6.07095947e+01  2.15443469e+00 -3.91905034e-04 
 2.32630507e+00  6.07095947e+01  2.32630507e+00 -4.23169322e-04 
 2.51188643e+00  6.07095947e+01  2.51188643e+00 -4.56927724e-04 
 2.71227258e+00  6.07095947e+01  2.71227258e+00 -4.93379207e-04 
 2.92864456e+00  6.07095947e+01  2.92864456e+00 -5.32738613e-04 
 3.16227766e+00  6.07095947e+01  3.16227766e+00 -5.75237923e-04 
 3.41454887e+00  6.07095947e+01  3.41454887e+00 -6.21127621e-04 
 3.68694506e+00  6.07095947e+01  3.68694506e+00 -6.70678178e-04 
 3.98107171e+00  6.07095947e+01  3.98107171e+00 -7.24181638e-04 
 4.29866235e+00  6.07095947e+01  4.29866235e+00 -7.81953346e-04 
 4.64158883e+00  6.07095947e+01  4.64158883e+00 -8.44333801e-04 
 5.01187234e+00  6.07095947e+01  5.01187234e+00 -9.11690667e-04 
 5.41169527e+00  6.07095947e+01  5.41169527e+00 -9.84420938e-04 
 5.84341413e+00  6.07095947e+01  5.84341413e+00 -1.06295328e-03 
 6.30957344e+00  6.07095947e+01  6.30957344e+00 -1.14775055e-03 
 6.81292069e+00  6.07095947e+01  6.81292069e+00 -1.23931254e-03 
 7.35642254e+00  6.07095947e+01  7.35642254e+00 -1.33817889e-03 
 7.94328235e+00  6.07095947e+01  7.94328235e+00 -1.44493233e-03 
 8.57695899e+00  6.07095947e+01  8.57695899e+00 -1.56020204e-03 
 9.26118728e+00  6.07095947e+01  9.26118728e+00 -1.68466741e-03 
 1.00000000e+01  6.07095947e+01  1.00000000e+01 -1.81906203e-03 
 1.07977516e+01  6.07095947e+01  1.07977516e+01 -1.96417800e-03 
 1.16591440e+01  6.07095947e+01  1.16591440e+01 -2.12087062e-03 
 1.25892541e+01  6.07095947e+01  1.25892541e+01 -2.29006342e-03 
 1.35935639e+01  6.07095947e+01  1.35935639e+01 -2.47275360e-03 
 1.46779927e+01  6.07095947e+01  1.46779927e+01 -2.67001792e-03 
 1.58489319e+01  6.07095947e+01  1.58489319e+01 -2.88301903e-03 
 1.71132830e+01  6.07095947e+01  1.71132830e+01 -3.11301234e-03 
 1.84784980e+01  6.07095947e+01  1.84784980e+01 -3.36135340e-03 
 1.99526231e+01  6.07095947e+01  1.99526231e+01 -3.62950592e-03 
 2.15443469e+01  6.07095947e+01  2.15443469e+01 -3.91905034e-03 
 2.32630507e+01  6.07095947e+01  2.32630507e+01 -4.23169322e-03 
 2.51188643e+01  6.07095946e+01  2.51188643e+01 -4.56927723e-03 
 2.71227258e+01  6.07095946e+01  2.71227258e+01 -4.93379206e-03 
 2.92864456e+01  6.07095946e+01  2.92864456e+01 -5.32738612e-03 
 3.16227766e+01  6.07095946e+01  3.16227766e+01 -5.75237921e-03 
 3.41454887e+01  6.07095946e+01  3.41454887e+01 -6.21127619e-03 
 3.68694506e+01  6.07095946e+01  3.68694506e+01 -6.70678176e-03 
 3.98107171e+01  6.07095946e+01  3.98107171e+01 -7.24181636e-03 
 4.29866235e+01  6.07095946e+01  4.29866235e+01 -7.81953343e-03 
 4.64158883e+01  6.07095946e+01  4.64158883e+01 -8.44333797e-03 
 5.01187234e+01  6.07095946e+01  5.01187234e+01 -9.11690662e-03 
 5.41169527e+01  6.07095946e+01  5.41169527e+01 -9.84420931e-03 
 5.84341413e+01  6.07095945e+01  5.84341413e+01 -1.06295327e-02 
 6.30957344e+01  6.07095945e+01  6.30957344e+01 -1.14775054e-02 
 6.81292069e+01  6.07095945e+01  6.81292069e+01 -1.23931252e-02 
 7.35642254e+01  6.07095945e+01  7.35642254e+01 -1.33817888e-02 
 7.94328235e+01  6.07095944e+01  7.94328235e+01 -1.44493231e-02 
 8.57695899e+01  6.07095944e+01  8.57695899e+01 -1.56020202e-02 
 9.26118728e+01  6.07095944e+01  9.26118728e+01 -1.68466738e-02 
 1.00000000e+02  6.07095943e+01  1.00000000e+02 -1.81906199e-02 
 1.07977516e+02  6.07095942e+01  1.07977516e+02 -1.96417794e-02 
 1.16591440e+02  6.07095942e+01  1.16591440e+02 -2.12087055e-02 
 1.25892541e+02  6.07095941e+01  1.25892541e+02 -2.29006333e-02 
 1.35935639e+02  6.07095940e+01  1.35935639e+02 -2.47275348e-02 
 1.46779927e+02  6.07095939e+01  1.46779927e+02 -2.67001777e-02 
 1.58489319e+02  6.07095938e+01  1.58489319e+02 -2.88301885e-02 
 1.71132830e+02  6.07095936e+01  1.71132830e+02 -3.11301211e-02 
 1.84784980e+02  6.07095934e+01  1.84784980e+02 -3.36135312e-02 
 1.99526231e+02  6.07095932e+01  1.99526231e+02 -3.62950556e-02 
 2.15443469e+02  6.07095930e+01  2.15443469e+02 -3.91904989e-02 
 2.32630507e+02  6.07095927e+01  2.32630507e+02 -4.23169265e-02 
 2.51188643e+02  6.07095924e+01  2.51188643e+02 -4.56927651e-02 
 2.71227258e+02  6.07095920e+01  2.71227258e+02 -4.93379116e-02 
 2.92864456e+02  6.07095916e+01  2.92864456e+02 -5.32738499e-02 
 3.16227766e+02  6.07095910e+01  3.16227766e+02 -5.75237776e-02 
 3.41454887e+02  6.07095904e+01  3.41454887e+02 -6.21127437e-02 
 3.68694506e+02  6.07095897e+01  3.68694506e+02 -6.70677946e-02 
 3.98107171e+02  6.07095889e+01  3.98107171e+02 -7.24181347e-02 
 4.29866235e+02  6.07095879e+01  4.29866235e+02 -7.81952980e-02 
 4.64158883e+02  6.07095868e+01  4.64158883e+02 -8.44333341e-02 
 5.01187234e+02  6.07095855e+01  5.01187234e+02 -9.11690089e-02 
 5.41169527e+02  6.07095840e+01  5.41169527e+02 -9.84420206e-02 
 5.84341413e+02  6.07095822e+01  5.84341413e+02 -1.06295236e-01 
 6.30957344e+02  6.07095802e+01  6.30957344e+02 -1.14774939e-01 
 6.81292069e+02  6.07095778e+01  6.81292069e+02 -1.23931108e-01 
 7.35642254e+02  6.07095749e+01  7.35642254e+02 -1.33817706e-01 
 7.94328235e+02  6.07095717e+01  7.94328235e+02 -1.44493003e-01 
 8.57695899e+02  6.07095678e+01  8.57695899e+02 -1.56019914e-01 
 9.26118728e+02  6.07095634e+01  9.26118728e+02 -1.68466376e-01 
 1.00000000e+03  6.07095582e+01  1.00000000e+03 -1.81905743e-01 
 1.07977516e+03  6.07095521e+01  1.07977516e+03 -1.96417220e-01 
 1.16591440e+03  6.07095451e+01  1.16591440e+03 -2.12086332e-01 
 1.25892541e+03  6.07095369e+01  1.25892541e+03 -2.29005423e-01 
 1.35935639e+03  6.07095272e+01  1.35935639e+03 -2.47274202e-01 
 1.46779927e+03  6.07095161e+01  1.46779927e+03 -2.67000336e-01 
 1.58489319e+03  6.07095031e+01  1.58489319e+03 -2.88300070e-01 
 1.71132830e+03  6.07094878e+01  1.71132830e+03 -3.11298926e-01 
 1.84784980e+03  6.07094700e+01  1.84784980e+03 -3.36132432e-01 
 1.99526231e+03  6.07094494e+01  1.99526231e+03 -3.62946931e-01 
 2.15443469e+03  6.07094253e+01  2.15443469e+03 -3.91900426e-01 
 2.32630507e+03  6.07093972e+01  2.32630507e+03 -4.23163521e-01 
 2.51188643e+03  6.07093644e+01  2.51188643e+03 -4.56920420e-01 
 2.71227258e+03  6.07093263e+01  2.71227258e+03 -4.93370016e-01 
 2.92864456e+03  6.07092818e+01  2.92864456e+03 -5.32727043e-01 
 3.16227766e+03  6.07092298e+01  3.16227766e+03 -5.75223355e-01 
 3.41454887e+03  6.07091694e+01  3.41454887e+03 -6.21109285e-01 
 3.68694506e+03  6.07090988e+01  3.68694506e+03 -6.70655092e-01 
 3.98107171e+03  6.07090164e+01  3.98107171e+03 -7.24152568e-01 
 4.29866235e+03  6.07089205e+01  4.29866235e+03 -7.81916756e-01 
 4.64158883e+03  6.07088087e+01  4.64158883e+03 -8.44287741e-01 
 5.01187234e+03  6.07086783e+01  5.01187234e+03 -9.11632679e-01 
 5.41169527e+03  6.07085263e+01  5.41169527e+03 -9.84347940e-01 
 5.84341413e+03  6.07083491e+01  5.84341413e+03 -1.06286138e+00 
 6.30957344e+03  6.07081425e+01  6.30957344e+03 -1.14763486e+00 
 6.81292069e+03  6.07079015e+01  6.81292069e+03 -1.23916689e+00 
 7.35642254e+03  6.07076207e+01  7.35642254e+03 -1.33799555e+00 
 7.94328235e+03  6.07072933e+01  7.94328235e+03 -1.44470152e+00 
 8.57695899e+03  6.07069115e+01  8.57695899e+03 -1.55991148e+00 
 9.26118728e+03  6.07064665e+01  9.26118728e+03 -1.68430163e+00 
 1.00000000e+04  6.07059477e+01  1.00000000e+04 -1.81860157e+00 
 1.07977516e+04  6.07053429e+01  1.07977516e+04 -1.96359836e+00 
 1.16591440e+04  6.07046379e+01  1.16591440e+04 -2.12014099e+00 
 1.25892541e+04  6.07038161e+01  1.25892541e+04 -2.28914498e+00 
 1.35935639e+04  6.07028580e+01  1.35935639e+04 -2.47159748e+00 
 1.46779927e+04  6.07017413e+01  1.46779927e+04 -2.66856267e+00 
 1.58489319e+04  6.07004397e+01  1.58489319e+04 -2.88118732e+00 
 1.71132830e+04  6.06989226e+01  1.71132830e+04 -3.11070686e+00 
 1.84784980e+04  6.06971544e+01  1.84784980e+04 -3.35845164e+00 
 1.99526231e+04  6.06950938e+01  1.99526231e+04 -3.62585386e+00 
 2.15443469e+04  6.06926926e+01  2.15443469e+04 -3.91445422e+00 
 2.32630507e+04  6.06898943e+01  2.32630507e+04 -4.22590915e+00 
 2.51188643e+04  6.06866342e+01  2.51188643e+04 -4.56199877e+00 
 2.71227258e+04  6.06828364e+01  2.71227258e+04 -4.92463385e+00 
 2.92864456e+04  6.06784126e+01  2.92864456e+04 -5.31586369e+00 
 3.16227766e+04  6.06732603e+01  3.16227766e+04 -5.73788356e+00 
 3.41454887e+04  6.06672609e+01  3.41454887e+04 -6.19304231e+00 
 3.68694506e+04  6.06602762e+01  3.68694506e+04 -6.68384864e+00 
 3.98107171e+04  6.06521468e+01  3.98107171e+04 -7.21297753e+00 
 4.29866235e+04  6.06426874e+01  4.29866235e+04 -7.78327457e+00 
 4.64158883e+04  6.06316844e+01  4.64158883e+04 -8.39775998e+00 
 5.01187234e+04  6.06188902e+01  5.01187234e+04 -9.05962821e+00 
 5.41169527e+04  6.06040202e+01  5.41169527e+04 -9.77224755e+00 
 5.84341413e+04  6.05867463e+01  5.84341413e+04 -1.05391536e+01 
 6.30957344e+04  6.05666914e+01  6.30957344e+04 -1.13640388e+01 
 6.81292069e+04  6.05434240e+01  6.81292069e+04 -1.22507372e+01 
 7.35642254e+04  6.05164506e+01  7.35642254e+04 -1.32031994e+01 
 7.94328235e+04  6.04852090e+01  7.94328235e+04 -1.42254612e+01 
 8.57695899e+04  6.04490618e+01  8.57695899e+04 -1.53216014e+01 
 9.26118728e+04  6.04072883e+01  9.26118728e+04 -1.64956857e+01 
 1.00000000e+05  6.03590791e+01  1.00000000e+05 -1.77517000e+01 
 1.07977516e+05  6.03035294e+01  1.07977516e+05 -1.90934659e+01 
 1.16591440e+05  6.02396352e+01  1.16591440e+05 -2.05245414e+01 
 1.25892541e+05  6.01662910e+01  1.25892541e+05 -2.20481061e+01 
 1.35935639e+05  6.00822909e+01  1.35935639e+05 -2.36668300e+01 
 1.46779927e+05  5.99863326e+01  1.46779927e+05 -2.53827287e+01 
 1.58489319e+05  5.98770270e+01  1.58489319e+05 -2.71970114e+01 
 1.71132830e+05  5.97529134e+01  1.71132830e+05 -2.91099272e+01 
 1.84784980e+05  5.96124799e+01  1.84784980e+05 -3.11206155e+01 
 1.99526231e+05  5.94541923e+01  1.99526231e+05 -3.32269784e+01 
 2.15443469e+05  5.92765271e+01  2.15443469e+05 -3.54255818e+01 
 2.32630507e+05  5.90780120e+01  2.32630507e+05 -3.77116032e+01 
 2.51188643e+05  5.88572697e+01  2.51188643e+05 -4.00788394e+01 
 2.71227258e+05  5.86130633e+01  2.71227258e+05 -4.25197828e+01 
 2.92864456e+05  5.83443408e+01  2.92864456e+05 -4.50257742e+01 
 3.16227766e+05  5.80502748e+01  3.16227766e+05 -4.75872318e+01 
 3.41454887e+05  5.77302936e+01  3.41454887e+05 -5.01939451e+01 
 3.68694506e+05  5.73841027e+01  3.68694506e+05 -5.28354284e+01 
 3.98107171e+05  5.70116911e+01  3.98107171e+05 -5.55012927e+01 
 4.29866235e+05  5.66133254e+01  4.29866235e+05 -5.81816360e+01 
 4.64158883e+05  5.61895284e+01  4.64158883e+05 -6.08673980e+01 
 5.01187234e+05  5.57410474e+01  5.01187234e+05 -6.35506813e+01 
 5.41169527e+05  5.52688115e+01  5.41169527e+05 -6.62250001e+01 
 5.84341413e+05  5.47738837e+01  5.84341413e+05 -6.88854558e+01 
 6.30957344e+05  5.42574101e+01  6.30957344e+05 -7.15288376e+01 
 6.81292069e+05  5.37205694e+01  6.81292069e+05 -7.41536439e+01 
 7.35642254e+05  5.31645248e+01  7.35642254e+05 -7.67600389e+01 
 7.94328235e+05  5.25903815e+01  7.94328235e+05 -7.93497507e+01 
 8.57695899e+05  5.19991497e+01  8.57695899e+05 -8.19259346e+01 
 9.26118728e+05  5.13917134e+01  9.26118728e+05 -8.44929985e+01 
 1.00000000e+06  5.07688065e+01  1.00000000e+06 -8.70564139e+01 
 1.07977516e+06  5.01309931e+01  1.07977516e+06 -8.96225141e+01 
 1.16591440e+06  4.94786549e+01  1.16591440e+06 -9.21982882e+01 
 1.25892541e+06  4.88119818e+01  1.25892541e+06 -9.47911726e+01 
 1.35935639e+06  4.81309675e+01  1.35935639e+06 -9.74088433e+01 
 1.46779927e+06  4.74354093e+01  1.46779927e+06 -1.00059008e+02 
 1.58489319e+06  4.67249109e+01  1.58489319e+06 -1.02749200e+02 
 1.71132830e+06  4.59988909e+01  1.71132830e+06 -1.05486574e+02 
 1.84784980e+06  4.52565943e+01  1.84784980e+06 -1.08277704e+02 
 1.99526231e+06  4.44971105e+01  1.99526231e+06 -1.11128389e+02 
 2.15443469e+06  4.37193963e+01  2.15443469e+06 -1.14043467e+02 
 2.32630507e+06  4.29223046e+01  2.32630507e+06 -1.17026659e+02 
 2.51188643e+06  4.21046204e+01  2.51188643e+06 -1.20080431e+02 
 2.71227258e+06  4.12651010e+01  2.71227258e+06 -1.23205912e+02 
 2.92864456e+06  4.04025222e+01  2.92864456e+06 -1.26402859e+02 
 3.16227766e+06  3.95157262e+01  3.16227766e+06 -1.29669700e+02 
 3.41454887e+06  3.86036700e+01  3.41454887e+06 -1.33003645e+02 
 3.68694506e+06  3.76654713e+01  3.68694506e+06 -1.36400889e+02 
 3.98107171e+06  3.67004474e+01  3.98107171e+06 -1.39856893e+02 
 4.29866235e+06  3.57081439e+01  4.29866235e+06 -1.43366731e+02 
 4.64158883e+06  3.46883512e+01  4.64158883e+06 -1.46925501e+02 
 5.01187234e+06  3.36411057e+01  5.01187234e+06 -1.50528766e+02 
 5.41169527e+06  3.25666749e+01  5.41169527e+06 -1.54173001e+02 
 5.84341413e+06  3.14655282e+01  5.84341413e+06 -1.57856037e+02 
 6.30957344e+06  3.03382925e+01  6.30957344e+06 -1.61577472e+02 
 6.81292069e+06  2.91856974e+01  6.81292069e+06 -1.65339043e+02 
 7.35642254e+06  2.80085109e+01  7.35642254e+06 -1.69144973e+02 
 7.94328235e+06  2.68074683e+01  7.94328235e+06 -1.73002288e+02 
 8.57695899e+06  2.55831974e+01  8.57695899e+06 -1.76921156e+02 
 9.26118728e+06  2.43361391e+01  9.26118728e+06 -1.80915278e+02 
 1.00000000e+07  2.30664668e+01  1.00000000e+07 -1.85002395e+02 
 1.07977516e+07  2.17740021e+01  1.07977516e+07 -1.89205017e+02 
 1.16591440e+07  2.04581318e+01  1.16591440e+07 -1.93551476e+02 
 1.25892541e+07  1.91177281e+01  1.25892541e+07 -1.98077509e+02 
 1.35935639e+07  1.77510870e+01  1.35935639e+07 -2.02828619e+02 
 1.46779927e+07  1.63559146e+01  1.46779927e+07 -2.07863622e+02 
 1.58489319e+07  1.49294271e+01  1.58489319e+07 -2.13259943e+02 
 1.71132830e+07  1.34687068e+01  1.71132830e+07 -2.19121501e+02 
 1.84784980e+07  1.19716100e+01  1.84784980e+07 -2.25590196e+02 
 1.99526231e+07  1.04388385e+01  1.99526231e+07 -2.32861868e+02 
 2.15443469e+07  8.87838265e+00  2.15443469e+07 -2.41205709e+02 
 2.32630507e+07  7.31446599e+00  2.32630507e+07 -2.50978731e+02 
 2.51188643e+07  5.80360459e+00  2.51188643e+07 -2.62605029e+02 
 2.71227258e+07  4.45628872e+00  2.71227258e+07 -2.76444491e+02 
 2.92864456e+07  3.44410421e+00  2.92864456e+07 -2.92453857e+02 
 3.16227766e+07  2.94454747e+00  3.16227766e+07 -3.09759520e+02 
 3.41454887e+07  3.01964774e+00  3.41454887e+07 -3.26750609e+02 
 3.68694506e+07  3.56140175e+00  3.68694506e+07 -3.41972173e+02 
 3.98107171e+07  4.38432938e+00  3.98107171e+07 -3.54829982e+02 
 4.29866235e+07  5.33485826e+00  4.29866235e+07 -3.65449034e+02 
 4.64158883e+07  6.32252338e+00  4.64158883e+07 -3.74230229e+02 
 5.01187234e+07  7.30440659e+00  5.01187234e+07 -3.81579476e+02 
 5.41169527e+07  8.26430938e+00  5.41169527e+07 -3.87820828e+02 
 5.84341413e+07  9.19906867e+00  5.84341413e+07 -3.93191645e+02 
 6.30957344e+07  1.01112674e+01  6.30957344e+07 -3.97860054e+02 
 6.81292069e+07  1.10056862e+01  6.81292069e+07 -4.01943346e+02 
 7.35642254e+07  1.18876596e+01  7.35642254e+07 -4.05522131e+02 
 7.94328235e+07  1.27623417e+01  7.94328235e+07 -4.08650130e+02 
 8.57695899e+07  1.36343780e+01  8.57695899e+07 -4.11360595e+02 
 9.26118728e+07  1.45077323e+01  9.26118728e+07 -4.13670368e+02 
 1.00000000e+08  1.53855394e+01  1.00000000e+08 -4.15582348e+02 
 1.07977516e+08  1.62699067e+01  1.07977516e+08 -4.17087001e+02 
 1.16591440e+08  1.71616204e+01  1.16591440e+08 -4.18163425e+02 
 1.25892541e+08  1.80597230e+01  1.25892541e+08 -4.18780567e+02 
 1.35935639e+08  1.89609553e+01  1.35935639e+08 -4.18899245e+02 
 1.46779927e+08  1.98591003e+01  1.46779927e+08 -4.18475833e+02 
 1.58489319e+08  2.07443415e+01  1.58489319e+08 -4.17468542e+02 
 1.71132830e+08  2.16028735e+01  1.71132830e+08 -4.15847005e+02 
 1.84784980e+08  2.24171373e+01  1.84784980e+08 -4.13604994e+02 
 1.99526231e+08  2.31671071e+01  1.99526231e+08 -4.10774189e+02 
 2.15443469e+08  2.38328700e+01  2.15443469e+08 -4.07434397e+02 
 2.32630507e+08  2.43981790e+01  2.32630507e+08 -4.03714116e+02 
 2.51188643e+08  2.48539117e+01  2.51188643e+08 -3.99777262e+02 
 2.71227258e+08  2.52000066e+01  2.71227258e+08 -3.95798126e+02 
 2.92864456e+08  2.54449867e+01  2.92864456e+08 -3.91933365e+02 
 3.16227766e+08  2.56033955e+01  3.16227766e+08 -3.88301556e+02 
 3.41454887e+08  2.56924054e+01  3.41454887e+08 -3.84975849e+02 
 3.68694506e+08  2.57288856e+01  3.68694506e+08 -3.81988256e+02 
 3.98107171e+08  2.57275832e+01  3.98107171e+08 -3.79340117e+02 
 4.29866235e+08  2.57004031e+01  4.29866235e+08 -3.77013495e+02 
 4.64158883e+08  2.56564364e+01  4.64158883e+08 -3.74980489e+02 
 5.01187234e+08  2.56023605e+01  5.01187234e+08 -3.73209615e+02 
 5.41169527e+08  2.55429460e+01  5.41169527e+08 -3.71669592e+02 
 5.84341413e+08  2.54815293e+01  5.84341413e+08 -3.70331281e+02 
 6.30957344e+08  2.54203980e+01  6.30957344e+08 -3.69168478e+02 
 6.81292069e+08  2.53610844e+01  6.81292069e+08 -3.68158084e+02 
 7.35642254e+08  2.53045798e+01  7.35642254e+08 -3.67279957e+02 
 7.94328235e+08  2.52514894e+01  7.94328235e+08 -3.66516640e+02 
 8.57695899e+08  2.52021436e+01  8.57695899e+08 -3.65853059e+02 
 9.26118728e+08  2.51566784e+01  9.26118728e+08 -3.65276225e+02 
 1.00000000e+09  2.51150940e+01  1.00000000e+09 -3.64774961e+02 
