 1.00000000e+00  9.24917084e+01  1.00000000e+00 -6.65514464e-03 
 1.07977516e+00  9.24917083e+01  1.07977516e+00 -7.18605988e-03 
 1.16591440e+00  9.24917083e+01  1.16591440e+00 -7.75932897e-03 
 1.25892541e+00  9.24917083e+01  1.25892541e+00 -8.37833069e-03 
 1.35935639e+00  9.24917083e+01  1.35935639e+00 -9.04671337e-03 
 1.46779927e+00  9.24917083e+01  1.46779927e+00 -9.76841638e-03 
 1.58489319e+00  9.24917083e+01  1.58489319e+00 -1.05476934e-02 
 1.71132830e+00  9.24917082e+01  1.71132830e+00 -1.13891373e-02 
 1.84784980e+00  9.24917082e+01  1.84784980e+00 -1.22977075e-02 
 1.99526231e+00  9.24917082e+01  1.99526231e+00 -1.32787591e-02 
 2.15443469e+00  9.24917081e+01  2.15443469e+00 -1.43380743e-02 
 2.32630507e+00  9.24917081e+01  2.32630507e+00 -1.54818964e-02 
 2.51188643e+00  9.24917080e+01  2.51188643e+00 -1.67169671e-02 
 2.71227258e+00  9.24917080e+01  2.71227258e+00 -1.80505658e-02 
 2.92864456e+00  9.24917079e+01  2.92864456e+00 -1.94905525e-02 
 3.16227766e+00  9.24917078e+01  3.16227766e+00 -2.10454144e-02 
 3.41454887e+00  9.24917077e+01  3.41454887e+00 -2.27243156e-02 
 3.68694506e+00  9.24917076e+01  3.68694506e+00 -2.45371513e-02 
 3.98107171e+00  9.24917075e+01  3.98107171e+00 -2.64946063e-02 
 4.29866235e+00  9.24917073e+01  4.29866235e+00 -2.86082175e-02 
 4.64158883e+00  9.24917072e+01  4.64158883e+00 -3.08904422e-02 
 5.01187234e+00  9.24917069e+01  5.01187234e+00 -3.33547317e-02 
 5.41169527e+00  9.24917067e+01  5.41169527e+00 -3.60156102e-02 
 5.84341413e+00  9.24917064e+01  5.84341413e+00 -3.88887605e-02 
 6.30957344e+00  9.24917061e+01  6.30957344e+00 -4.19911166e-02 
 6.81292069e+00  9.24917057e+01  6.81292069e+00 -4.53409634e-02 
 7.35642254e+00  9.24917053e+01  7.35642254e+00 -4.89580445e-02 
 7.94328235e+00  9.24917047e+01  7.94328235e+00 -5.28636783e-02 
 8.57695899e+00  9.24917041e+01  8.57695899e+00 -5.70808841e-02 
 9.26118728e+00  9.24917034e+01  9.26118728e+00 -6.16345176e-02 
 1.00000000e+01  9.24917026e+01  1.00000000e+01 -6.65514170e-02 
 1.07977516e+01  9.24917016e+01  1.07977516e+01 -7.18605618e-02 
 1.16591440e+01  9.24917005e+01  1.16591440e+01 -7.75932430e-02 
 1.25892541e+01  9.24916992e+01  1.25892541e+01 -8.37832482e-02 
 1.35935639e+01  9.24916976e+01  1.35935639e+01 -9.04670597e-02 
 1.46779927e+01  9.24916958e+01  1.46779927e+01 -9.76840707e-02 
 1.58489319e+01  9.24916938e+01  1.58489319e+01 -1.05476816e-01 
 1.71132830e+01  9.24916913e+01  1.71132830e+01 -1.13891225e-01 
 1.84784980e+01  9.24916885e+01  1.84784980e+01 -1.22976890e-01 
 1.99526231e+01  9.24916852e+01  1.99526231e+01 -1.32787357e-01 
 2.15443469e+01  9.24916813e+01  2.15443469e+01 -1.43380448e-01 
 2.32630507e+01  9.24916768e+01  2.32630507e+01 -1.54818593e-01 
 2.51188643e+01  9.24916716e+01  2.51188643e+01 -1.67169205e-01 
 2.71227258e+01  9.24916655e+01  2.71227258e+01 -1.80505071e-01 
 2.92864456e+01  9.24916584e+01  2.92864456e+01 -1.94904786e-01 
 3.16227766e+01  9.24916501e+01  3.16227766e+01 -2.10453213e-01 
 3.41454887e+01  9.24916404e+01  3.41454887e+01 -2.27241984e-01 
 3.68694506e+01  9.24916291e+01  3.68694506e+01 -2.45370038e-01 
 3.98107171e+01  9.24916159e+01  3.98107171e+01 -2.64944205e-01 
 4.29866235e+01  9.24916006e+01  4.29866235e+01 -2.86079836e-01 
 4.64158883e+01  9.24915827e+01  4.64158883e+01 -3.08901478e-01 
 5.01187234e+01  9.24915619e+01  5.01187234e+01 -3.33543611e-01 
 5.41169527e+01  9.24915376e+01  5.41169527e+01 -3.60151436e-01 
 5.84341413e+01  9.24915092e+01  5.84341413e+01 -3.88881731e-01 
 6.30957344e+01  9.24914762e+01  6.30957344e+01 -4.19903772e-01 
 6.81292069e+01  9.24914376e+01  6.81292069e+01 -4.53400325e-01 
 7.35642254e+01  9.24913927e+01  7.35642254e+01 -4.89568725e-01 
 7.94328235e+01  9.24913403e+01  7.94328235e+01 -5.28622029e-01 
 8.57695899e+01  9.24912792e+01  8.57695899e+01 -5.70790268e-01 
 9.26118728e+01  9.24912080e+01  9.26118728e+01 -6.16321793e-01 
 1.00000000e+02  9.24911250e+01  1.00000000e+02 -6.65484733e-01 
 1.07977516e+02  9.24910283e+01  1.07977516e+02 -7.18568559e-01 
 1.16591440e+02  9.24909154e+01  1.16591440e+02 -7.75885777e-01 
 1.25892541e+02  9.24907839e+01  1.25892541e+02 -8.37773750e-01 
 1.35935639e+02  9.24906305e+01  1.35935639e+02 -9.04596661e-01 
 1.46779927e+02  9.24904517e+01  1.46779927e+02 -9.76747629e-01 
 1.58489319e+02  9.24902432e+01  1.58489319e+02 -1.05465099e+00 
 1.71132830e+02  9.24900001e+01  1.71132830e+02 -1.13876474e+00 
 1.84784980e+02  9.24897168e+01  1.84784980e+02 -1.22958320e+00 
 1.99526231e+02  9.24893864e+01  1.99526231e+02 -1.32763981e+00 
 2.15443469e+02  9.24890013e+01  2.15443469e+02 -1.43351020e+00 
 2.32630507e+02  9.24885523e+01  2.32630507e+02 -1.54781548e+00 
 2.51188643e+02  9.24880289e+01  2.51188643e+02 -1.67122571e+00 
 2.71227258e+02  9.24874187e+01  2.71227258e+02 -1.80446367e+00 
 2.92864456e+02  9.24867074e+01  2.92864456e+02 -1.94830889e+00 
 3.16227766e+02  9.24858782e+01  3.16227766e+02 -2.10360194e+00 
 3.41454887e+02  9.24849100e+01  3.41454887e+02 -2.27124855e+00 
 3.68694506e+02  9.24837834e+01  3.68694506e+02 -2.45222611e+00 
 3.98107171e+02  9.24824702e+01  3.98107171e+02 -2.64758648e+00 
 4.29866235e+02  9.24809396e+01  4.29866235e+02 -2.85846292e+00 
 4.64158883e+02  9.24791557e+01  4.64158883e+02 -3.08607546e+00 
 5.01187234e+02  9.24770768e+01  5.01187234e+02 -3.33173690e+00 
 5.41169527e+02  9.24746542e+01  5.41169527e+02 -3.59685901e+00 
 5.84341413e+02  9.24718298e+01  5.84341413e+02 -3.88295831e+00 
 6.30957344e+02  9.24685410e+01  6.30957344e+02 -4.19166530e+00 
 6.81292069e+02  9.24647096e+01  6.81292069e+02 -4.52472716e+00 
 7.35642254e+02  9.24602453e+01  7.35642254e+02 -4.88401605e+00 
 7.94328235e+02  9.24550478e+01  7.94328235e+02 -5.27153825e+00 
 8.57695899e+02  9.24489959e+01  8.57695899e+02 -5.68943521e+00 
 9.26118728e+02  9.24419489e+01  9.26118728e+02 -6.13999111e+00 
 1.00000000e+03  9.24337473e+01  1.00000000e+03 -6.62563947e+00 
 1.07977516e+03  9.24242064e+01  1.07977516e+03 -7.14896520e+00 
 1.16591440e+03  9.24131074e+01  1.16591440e+03 -7.71270109e+00 
 1.25892541e+03  9.24002028e+01  1.25892541e+03 -8.31973460e+00 
 1.35935639e+03  9.23852043e+01  1.35935639e+03 -8.97309726e+00 
 1.46779927e+03  9.23677844e+01  1.46779927e+03 -9.67596386e+00 
 1.58489319e+03  9.23475616e+01  1.58489319e+03 -1.04316293e+01 
 1.71132830e+03  9.23241001e+01  1.71132830e+03 -1.12434951e+01 
 1.84784980e+03  9.22969072e+01  1.84784980e+03 -1.21150483e+01 
 1.99526231e+03  9.22654138e+01  1.99526231e+03 -1.30498087e+01 
 2.15443469e+03  9.22289831e+01  2.15443469e+03 -1.40513041e+01 
 2.32630507e+03  9.21868916e+01  2.32630507e+03 -1.51229935e+01 
 2.51188643e+03  9.21383252e+01  2.51188643e+03 -1.62681969e+01 
 2.71227258e+03  9.20823785e+01  2.71227258e+03 -1.74900144e+01 
 2.92864456e+03  9.20180453e+01  2.92864456e+03 -1.87912112e+01 
 3.16227766e+03  9.19442224e+01  3.16227766e+03 -2.01741079e+01 
 3.41454887e+03  9.18597082e+01  3.41454887e+03 -2.16404371e+01 
 3.68694506e+03  9.17632037e+01  3.68694506e+03 -2.31911839e+01 
 3.98107171e+03  9.16533265e+01  3.98107171e+03 -2.48264327e+01 
 4.29866235e+03  9.15286367e+01  4.29866235e+03 -2.65452399e+01 
 4.64158883e+03  9.13876412e+01  4.64158883e+03 -2.83454299e+01 
 5.01187234e+03  9.12288294e+01  5.01187234e+03 -3.02234760e+01 
 5.41169527e+03  9.10507169e+01  5.41169527e+03 -3.21744330e+01 
 5.84341413e+03  9.08518753e+01  5.84341413e+03 -3.41918409e+01 
 6.30957344e+03  9.06309839e+01  6.30957344e+03 -3.62677560e+01 
 6.81292069e+03  9.03868735e+01  6.81292069e+03 -3.83928184e+01 
 7.35642254e+03  9.01185746e+01  7.35642254e+03 -4.05564156e+01 
 7.94328235e+03  8.98253519e+01  7.94328235e+03 -4.27468838e+01 
 8.57695899e+03  8.95067437e+01  8.57695899e+03 -4.49518383e+01 
 9.26118728e+03  8.91625756e+01  9.26118728e+03 -4.71584737e+01 
 1.00000000e+04  8.87929778e+01  1.00000000e+04 -4.93539987e+01 
 1.07977516e+04  8.83983663e+01  1.07977516e+04 -5.15259190e+01 
 1.16591440e+04  8.79794373e+01  1.16591440e+04 -5.36624839e+01 
 1.25892541e+04  8.75371282e+01  1.25892541e+04 -5.57529311e+01 
 1.35935639e+04  8.70725787e+01  1.35935639e+04 -5.77877201e+01 
 1.46779927e+04  8.65870916e+01  1.46779927e+04 -5.97587497e+01 
 1.58489319e+04  8.60820781e+01  1.58489319e+04 -6.16593689e+01 
 1.71132830e+04  8.55590208e+01  1.71132830e+04 -6.34844777e+01 
 1.84784980e+04  8.50194262e+01  1.84784980e+04 -6.52304237e+01 
 1.99526231e+04  8.44647886e+01  1.99526231e+04 -6.68949058e+01 
 2.15443469e+04  8.38965644e+01  2.15443469e+04 -6.84769054e+01 
 2.32630507e+04  8.33161430e+01  2.32630507e+04 -6.99764565e+01 
 2.51188643e+04  8.27248344e+01  2.51188643e+04 -7.13945494e+01 
 2.71227258e+04  8.21238560e+01  2.71227258e+04 -7.27329384e+01 
 2.92864456e+04  8.15143282e+01  2.92864456e+04 -7.39940285e+01 
 3.16227766e+04  8.08972694e+01  3.16227766e+04 -7.51806681e+01 
 3.41454887e+04  8.02736006e+01  3.41454887e+04 -7.62960982e+01 
 3.68694506e+04  7.96441468e+01  3.68694506e+04 -7.73437896e+01 
 3.98107171e+04  7.90096443e+01  3.98107171e+04 -7.83274203e+01 
 4.29866235e+04  7.83707444e+01  4.29866235e+04 -7.92507169e+01 
 4.64158883e+04  7.77280225e+01  4.64158883e+04 -8.01174685e+01 
 5.01187234e+04  7.70819836e+01  5.01187234e+04 -8.09314351e+01 
 5.41169527e+04  7.64330698e+01  5.41169527e+04 -8.16963292e+01 
 5.84341413e+04  7.57816667e+01  5.84341413e+04 -8.24157770e+01 
 6.30957344e+04  7.51281100e+01  6.30957344e+04 -8.30933278e+01 
 6.81292069e+04  7.44726907e+01  6.81292069e+04 -8.37324044e+01 
 7.35642254e+04  7.38156606e+01  7.35642254e+04 -8.43363189e+01 
 7.94328235e+04  7.31572373e+01  7.94328235e+04 -8.49082804e+01 
 8.57695899e+04  7.24976077e+01  8.57695899e+04 -8.54513571e+01 
 9.26118728e+04  7.18369326e+01  9.26118728e+04 -8.59685264e+01 
 1.00000000e+05  7.11753493e+01  1.00000000e+05 -8.64626503e+01 
 1.07977516e+05  7.05129748e+01  1.07977516e+05 -8.69364897e+01 
 1.16591440e+05  6.98499083e+01  1.16591440e+05 -8.73927200e+01 
 1.25892541e+05  6.91862330e+01  1.25892541e+05 -8.78339389e+01 
 1.35935639e+05  6.85220185e+01  1.35935639e+05 -8.82626637e+01 
 1.46779927e+05  6.78573217e+01  1.46779927e+05 -8.86813638e+01 
 1.58489319e+05  6.71921886e+01  1.58489319e+05 -8.90924530e+01 
 1.71132830e+05  6.65266548e+01  1.71132830e+05 -8.94983101e+01 
 1.84784980e+05  6.58607469e+01  1.84784980e+05 -8.99012947e+01 
 1.99526231e+05  6.51944825e+01  1.99526231e+05 -9.03037451e+01 
 2.15443469e+05  6.45278711e+01  2.15443469e+05 -9.07080066e+01 
 2.32630507e+05  6.38609139e+01  2.32630507e+05 -9.11164327e+01 
 2.51188643e+05  6.31936042e+01  2.51188643e+05 -9.15314009e+01 
 2.71227258e+05  6.25259269e+01  2.71227258e+05 -9.19553274e+01 
 2.92864456e+05  6.18578584e+01  2.92864456e+05 -9.23906747e+01 
 3.16227766e+05  6.11893660e+01  3.16227766e+05 -9.28399690e+01 
 3.41454887e+05  6.05204071e+01  3.41454887e+05 -9.33058105e+01 
 3.68694506e+05  5.98509284e+01  3.68694506e+05 -9.37908875e+01 
 3.98107171e+05  5.91808646e+01  3.98107171e+05 -9.42979879e+01 
 4.29866235e+05  5.85101369e+01  4.29866235e+05 -9.48300140e+01 
 4.64158883e+05  5.78386514e+01  4.64158883e+05 -9.53899917e+01 
 5.01187234e+05  5.71662969e+01  5.01187234e+05 -9.59810866e+01 
 5.41169527e+05  5.64929429e+01  5.41169527e+05 -9.66066135e+01 
 5.84341413e+05  5.58184362e+01  5.84341413e+05 -9.72700469e+01 
 6.30957344e+05  5.51425985e+01  6.30957344e+05 -9.79750327e+01 
 6.81292069e+05  5.44652221e+01  6.81292069e+05 -9.87253958e+01 
 7.35642254e+05  5.37860663e+01  7.35642254e+05 -9.95251450e+01 
 7.94328235e+05  5.31048527e+01  7.94328235e+05 -1.00378479e+02 
 8.57695899e+05  5.24212597e+01  8.57695899e+05 -1.01289782e+02 
 9.26118728e+05  5.17349175e+01  9.26118728e+05 -1.02263627e+02 
 1.00000000e+06  5.10454015e+01  1.00000000e+06 -1.03304757e+02 
 1.07977516e+06  5.03522256e+01  1.07977516e+06 -1.04418073e+02 
 1.16591440e+06  4.96548356e+01  1.16591440e+06 -1.05608610e+02 
 1.25892541e+06  4.89526021e+01  1.25892541e+06 -1.06881499e+02 
 1.35935639e+06  4.82448126e+01  1.35935639e+06 -1.08241921e+02 
 1.46779927e+06  4.75306658e+01  1.46779927e+06 -1.09695048e+02 
 1.58489319e+06  4.68092646e+01  1.58489319e+06 -1.11245972e+02 
 1.71132830e+06  4.60796122e+01  1.71132830e+06 -1.12899609e+02 
 1.84784980e+06  4.53406086e+01  1.84784980e+06 -1.14660601e+02 
 1.99526231e+06  4.45910514e+01  1.99526231e+06 -1.16533191e+02 
 2.15443469e+06  4.38296387e+01  2.15443469e+06 -1.18521093e+02 
 2.32630507e+06  4.30549780e+01  2.32630507e+06 -1.20627351e+02 
 2.51188643e+06  4.22655991e+01  2.51188643e+06 -1.22854193e+02 
 2.71227258e+06  4.14599742e+01  2.71227258e+06 -1.25202897e+02 
 2.92864456e+06  4.06365435e+01  2.92864456e+06 -1.27673671e+02 
 3.16227766e+06  3.97937480e+01  3.16227766e+06 -1.30265564e+02 
 3.41454887e+06  3.89300670e+01  3.41454887e+06 -1.32976428e+02 
 3.68694506e+06  3.80440599e+01  3.68694506e+06 -1.35802932e+02 
 3.98107171e+06  3.71344103e+01  3.98107171e+06 -1.38740652e+02 
 4.29866235e+06  3.61999673e+01  4.29866235e+06 -1.41784239e+02 
 4.64158883e+06  3.52397837e+01  4.64158883e+06 -1.44927674e+02 
 5.01187234e+06  3.42531442e+01  5.01187234e+06 -1.48164584e+02 
 5.41169527e+06  3.32395824e+01  5.41169527e+06 -1.51488637e+02 
 5.84341413e+06  3.21988837e+01  5.84341413e+06 -1.54893977e+02 
 6.30957344e+06  3.11310708e+01  6.30957344e+06 -1.58375674e+02 
 6.81292069e+06  3.00363742e+01  6.81292069e+06 -1.61930190e+02 
 7.35642254e+06  2.89151855e+01  7.35642254e+06 -1.65555821e+02 
 7.94328235e+06  2.77679976e+01  7.94328235e+06 -1.69253125e+02 
 8.57695899e+06  2.65953318e+01  8.57695899e+06 -1.73025327e+02 
 9.26118728e+06  2.53976549e+01  9.26118728e+06 -1.76878732e+02 
 1.00000000e+07  2.41752870e+01  1.00000000e+07 -1.80823177e+02 
 1.07977516e+07  2.29283016e+01  1.07977516e+07 -1.84872586e+02 
 1.16591440e+07  2.16564175e+01  1.16591440e+07 -1.89045721e+02 
 1.25892541e+07  2.03588836e+01  1.25892541e+07 -1.93367257e+02 
 1.35935639e+07  1.90343597e+01  1.35935639e+07 -1.97869383e+02 
 1.46779927e+07  1.76808010e+01  1.46779927e+07 -2.02594218e+02 
 1.58489319e+07  1.62953727e+01  1.58489319e+07 -2.07597486e+02 
 1.71132830e+07  1.48744487e+01  1.71132830e+07 -2.12954138e+02 
 1.84784980e+07  1.34138266e+01  1.84784980e+07 -2.18766931e+02 
 1.99526231e+07  1.19094500e+01  1.99526231e+07 -2.25179436e+02 
 2.15443469e+07  1.03592742e+01  2.15443469e+07 -2.32395160e+02 
 2.32630507e+07  8.76764310e+00  2.32630507e+07 -2.40703332e+02 
 2.51188643e+07  7.15487369e+00  2.51188643e+07 -2.50505051e+02 
 2.71227258e+07  5.57622212e+00  2.71227258e+07 -2.62308693e+02 
 2.92864456e+07  4.15135864e+00  2.92864456e+07 -2.76600252e+02 
 3.16227766e+07  3.08220365e+00  3.16227766e+07 -2.93429775e+02 
 3.41454887e+07  2.59006272e+00  3.41454887e+07 -3.11803905e+02 
 3.68694506e+07  2.75069522e+00  3.68694506e+07 -3.29749934e+02 
 3.98107171e+07  3.42020247e+00  3.98107171e+07 -3.45540864e+02 
 4.29866235e+07  4.36993948e+00  4.29866235e+07 -3.58596774e+02 
 4.64158883e+07  5.42658247e+00  4.64158883e+07 -3.69185927e+02 
 5.01187234e+07  6.49776897e+00  5.01187234e+07 -3.77829556e+02 
 5.41169527e+07  7.54484667e+00  5.41169527e+07 -3.85001663e+02 
 5.84341413e+07  8.55642268e+00  5.84341413e+07 -3.91058721e+02 
 6.30957344e+07  9.53315243e+00  6.30957344e+07 -3.96251880e+02 
 6.81292069e+07  1.04803760e+01  6.81292069e+07 -4.00754285e+02 
 7.35642254e+07  1.14048239e+01  7.35642254e+07 -4.04684305e+02 
 7.94328235e+07  1.23132249e+01  7.94328235e+07 -4.08121887e+02 
 8.57695899e+07  1.32117543e+01  8.57695899e+07 -4.11119298e+02 
 9.26118728e+07  1.41058254e+01  9.26118728e+07 -4.13707916e+02 
 1.00000000e+08  1.49999887e+01  1.00000000e+08 -4.15902395e+02 
 1.07977516e+08  1.58978219e+01  1.07977516e+08 -4.17703127e+02 
 1.16591440e+08  1.68017439e+01  1.16591440e+08 -4.19097712e+02 
 1.25892541e+08  1.77127092e+01  1.25892541e+08 -4.20062003e+02 
 1.35935639e+08  1.86297557e+01  1.35935639e+08 -4.20561380e+02 
 1.46779927e+08  1.95494033e+01  1.46779927e+08 -4.20552997e+02 
 1.58489319e+08  2.04649526e+01  1.58489319e+08 -4.19989922e+02 
 1.71132830e+08  2.13658211e+01  1.71132830e+08 -4.18828199e+02 
 1.84784980e+08  2.22371955e+01  1.84784980e+08 -4.17037492e+02 
 1.99526231e+08  2.30604151e+01  1.99526231e+08 -4.14614895e+02 
 2.15443469e+08  2.38145374e+01  2.15443469e+08 -4.11599276e+02 
 2.32630507e+08  2.44792693e+01  2.32630507e+08 -4.08080826e+02 
 2.51188643e+08  2.50387867e+01  2.51188643e+08 -4.04199324e+02 
 2.71227258e+08  2.54851859e+01  2.71227258e+08 -4.00127596e+02 
 2.92864456e+08  2.58200749e+01  2.92864456e+08 -3.96043859e+02 
 3.16227766e+08  2.60535878e+01  3.16227766e+08 -3.92103227e+02 
 3.41454887e+08  2.62014214e+01  3.41454887e+08 -3.88418913e+02 
 3.68694506e+08  2.62813173e+01  3.68694506e+08 -3.85057416e+02 
 3.98107171e+08  2.63102392e+01  3.98107171e+08 -3.82044803e+02 
 4.29866235e+08  2.63027558e+01  4.29866235e+08 -3.79378096e+02 
 4.64158883e+08  2.62704984e+01  4.64158883e+08 -3.77036684e+02 
 5.01187234e+08  2.62222985e+01  5.01187234e+08 -3.74991228e+02 
 5.41169527e+08  2.61646317e+01  5.41169527e+08 -3.73209553e+02 
 5.84341413e+08  2.61021294e+01  5.84341413e+08 -3.71660053e+02 
 6.30957344e+08  2.60380370e+01  6.30957344e+08 -3.70313405e+02 
 6.81292069e+08  2.59745832e+01  6.81292069e+08 -3.69143243e+02 
 7.35642254e+08  2.59132587e+01  7.35642254e+08 -3.68126293e+02 
 7.94328235e+08  2.58550219e+01  7.94328235e+08 -3.67242223e+02 
 8.57695899e+08  2.58004488e+01  8.57695899e+08 -3.66473385e+02 
 9.26118728e+08  2.57498424e+01  9.26118728e+08 -3.65804526e+02 
 1.00000000e+09  2.57033128e+01  1.00000000e+09 -3.65222495e+02 
