 1.00000000e+00  4.70465373e+01  1.00000000e+00  1.79999998e+02
 1.07977516e+00  4.70465373e+01  1.07977516e+00  1.79999998e+02
 1.16591440e+00  4.70465373e+01  1.16591440e+00  1.79999998e+02
 1.25892541e+00  4.70465373e+01  1.25892541e+00  1.79999998e+02
 1.35935639e+00  4.70465373e+01  1.35935639e+00  1.79999998e+02
 1.46779927e+00  4.70465373e+01  1.46779927e+00  1.79999998e+02
 1.58489319e+00  4.70465373e+01  1.58489319e+00  1.79999998e+02
 1.71132830e+00  4.70465373e+01  1.71132830e+00  1.79999997e+02
 1.84784980e+00  4.70465373e+01  1.84784980e+00  1.79999997e+02
 1.99526231e+00  4.70465373e+01  1.99526231e+00  1.79999997e+02
 2.15443469e+00  4.70465373e+01  2.15443469e+00  1.79999997e+02
 2.32630507e+00  4.70465373e+01  2.32630507e+00  1.79999996e+02
 2.51188643e+00  4.70465373e+01  2.51188643e+00  1.79999996e+02
 2.71227258e+00  4.70465373e+01  2.71227258e+00  1.79999996e+02
 2.92864456e+00  4.70465373e+01  2.92864456e+00  1.79999995e+02
 3.16227766e+00  4.70465373e+01  3.16227766e+00  1.79999995e+02
 3.41454887e+00  4.70465373e+01  3.41454887e+00  1.79999995e+02
 3.68694506e+00  4.70465373e+01  3.68694506e+00  1.79999994e+02
 3.98107171e+00  4.70465373e+01  3.98107171e+00  1.79999994e+02
 4.29866235e+00  4.70465373e+01  4.29866235e+00  1.79999993e+02
 4.64158883e+00  4.70465373e+01  4.64158883e+00  1.79999993e+02
 5.01187234e+00  4.70465373e+01  5.01187234e+00  1.79999992e+02
 5.41169527e+00  4.70465373e+01  5.41169527e+00  1.79999992e+02
 5.84341413e+00  4.70465373e+01  5.84341413e+00  1.79999991e+02
 6.30957344e+00  4.70465373e+01  6.30957344e+00  1.79999990e+02
 6.81292069e+00  4.70465373e+01  6.81292069e+00  1.79999989e+02
 7.35642254e+00  4.70465373e+01  7.35642254e+00  1.79999988e+02
 7.94328235e+00  4.70465373e+01  7.94328235e+00  1.79999988e+02
 8.57695899e+00  4.70465373e+01  8.57695899e+00  1.79999987e+02
 9.26118728e+00  4.70465373e+01  9.26118728e+00  1.79999985e+02
 1.00000000e+01  4.70465373e+01  1.00000000e+01  1.79999984e+02
 1.07977516e+01  4.70465373e+01  1.07977516e+01  1.79999983e+02
 1.16591440e+01  4.70465373e+01  1.16591440e+01  1.79999982e+02
 1.25892541e+01  4.70465373e+01  1.25892541e+01  1.79999980e+02
 1.35935639e+01  4.70465373e+01  1.35935639e+01  1.79999979e+02
 1.46779927e+01  4.70465373e+01  1.46779927e+01  1.79999977e+02
 1.58489319e+01  4.70465373e+01  1.58489319e+01  1.79999975e+02
 1.71132830e+01  4.70465373e+01  1.71132830e+01  1.79999973e+02
 1.84784980e+01  4.70465373e+01  1.84784980e+01  1.79999971e+02
 1.99526231e+01  4.70465373e+01  1.99526231e+01  1.79999969e+02
 2.15443469e+01  4.70465373e+01  2.15443469e+01  1.79999966e+02
 2.32630507e+01  4.70465373e+01  2.32630507e+01  1.79999963e+02
 2.51188643e+01  4.70465373e+01  2.51188643e+01  1.79999961e+02
 2.71227258e+01  4.70465373e+01  2.71227258e+01  1.79999957e+02
 2.92864456e+01  4.70465373e+01  2.92864456e+01  1.79999954e+02
 3.16227766e+01  4.70465373e+01  3.16227766e+01  1.79999950e+02
 3.41454887e+01  4.70465373e+01  3.41454887e+01  1.79999946e+02
 3.68694506e+01  4.70465373e+01  3.68694506e+01  1.79999942e+02
 3.98107171e+01  4.70465373e+01  3.98107171e+01  1.79999937e+02
 4.29866235e+01  4.70465373e+01  4.29866235e+01  1.79999932e+02
 4.64158883e+01  4.70465373e+01  4.64158883e+01  1.79999927e+02
 5.01187234e+01  4.70465373e+01  5.01187234e+01  1.79999921e+02
 5.41169527e+01  4.70465373e+01  5.41169527e+01  1.79999915e+02
 5.84341413e+01  4.70465373e+01  5.84341413e+01  1.79999908e+02
 6.30957344e+01  4.70465373e+01  6.30957344e+01  1.79999901e+02
 6.81292069e+01  4.70465373e+01  6.81292069e+01  1.79999893e+02
 7.35642254e+01  4.70465373e+01  7.35642254e+01  1.79999884e+02
 7.94328235e+01  4.70465373e+01  7.94328235e+01  1.79999875e+02
 8.57695899e+01  4.70465373e+01  8.57695899e+01  1.79999865e+02
 9.26118728e+01  4.70465373e+01  9.26118728e+01  1.79999855e+02
 1.00000000e+02  4.70465373e+01  1.00000000e+02  1.79999843e+02
 1.07977516e+02  4.70465373e+01  1.07977516e+02  1.79999830e+02
 1.16591440e+02  4.70465373e+01  1.16591440e+02  1.79999817e+02
 1.25892541e+02  4.70465373e+01  1.25892541e+02  1.79999802e+02
 1.35935639e+02  4.70465373e+01  1.35935639e+02  1.79999787e+02
 1.46779927e+02  4.70465373e+01  1.46779927e+02  1.79999769e+02
 1.58489319e+02  4.70465373e+01  1.58489319e+02  1.79999751e+02
 1.71132830e+02  4.70465373e+01  1.71132830e+02  1.79999731e+02
 1.84784980e+02  4.70465373e+01  1.84784980e+02  1.79999710e+02
 1.99526231e+02  4.70465373e+01  1.99526231e+02  1.79999687e+02
 2.15443469e+02  4.70465373e+01  2.15443469e+02  1.79999662e+02
 2.32630507e+02  4.70465373e+01  2.32630507e+02  1.79999635e+02
 2.51188643e+02  4.70465373e+01  2.51188643e+02  1.79999606e+02
 2.71227258e+02  4.70465373e+01  2.71227258e+02  1.79999574e+02
 2.92864456e+02  4.70465373e+01  2.92864456e+02  1.79999540e+02
 3.16227766e+02  4.70465373e+01  3.16227766e+02  1.79999503e+02
 3.41454887e+02  4.70465373e+01  3.41454887e+02  1.79999464e+02
 3.68694506e+02  4.70465374e+01  3.68694506e+02  1.79999421e+02
 3.98107171e+02  4.70465374e+01  3.98107171e+02  1.79999375e+02
 4.29866235e+02  4.70465374e+01  4.29866235e+02  1.79999325e+02
 4.64158883e+02  4.70465374e+01  4.64158883e+02  1.79999271e+02
 5.01187234e+02  4.70465374e+01  5.01187234e+02  1.79999213e+02
 5.41169527e+02  4.70465375e+01  5.41169527e+02  1.79999150e+02
 5.84341413e+02  4.70465375e+01  5.84341413e+02  1.79999082e+02
 6.30957344e+02  4.70465375e+01  6.30957344e+02  1.79999009e+02
 6.81292069e+02  4.70465376e+01  6.81292069e+02  1.79998930e+02
 7.35642254e+02  4.70465376e+01  7.35642254e+02  1.79998845e+02
 7.94328235e+02  4.70465377e+01  7.94328235e+02  1.79998753e+02
 8.57695899e+02  4.70465377e+01  8.57695899e+02  1.79998653e+02
 9.26118728e+02  4.70465378e+01  9.26118728e+02  1.79998546e+02
 1.00000000e+03  4.70465379e+01  1.00000000e+03  1.79998430e+02
 1.07977516e+03  4.70465380e+01  1.07977516e+03  1.79998304e+02
 1.16591440e+03  4.70465382e+01  1.16591440e+03  1.79998169e+02
 1.25892541e+03  4.70465383e+01  1.25892541e+03  1.79998023e+02
 1.35935639e+03  4.70465385e+01  1.35935639e+03  1.79997865e+02
 1.46779927e+03  4.70465387e+01  1.46779927e+03  1.79997695e+02
 1.58489319e+03  4.70465389e+01  1.58489319e+03  1.79997511e+02
 1.71132830e+03  4.70465392e+01  1.71132830e+03  1.79997312e+02
 1.84784980e+03  4.70465395e+01  1.84784980e+03  1.79997098e+02
 1.99526231e+03  4.70465399e+01  1.99526231e+03  1.79996867e+02
 2.15443469e+03  4.70465403e+01  2.15443469e+03  1.79996617e+02
 2.32630507e+03  4.70465408e+01  2.32630507e+03  1.79996347e+02
 2.51188643e+03  4.70465414e+01  2.51188643e+03  1.79996055e+02
 2.71227258e+03  4.70465421e+01  2.71227258e+03  1.79995741e+02
 2.92864456e+03  4.70465429e+01  2.92864456e+03  1.79995401e+02
 3.16227766e+03  4.70465439e+01  3.16227766e+03  1.79995034e+02
 3.41454887e+03  4.70465450e+01  3.41454887e+03  1.79994638e+02
 3.68694506e+03  4.70465462e+01  3.68694506e+03  1.79994210e+02
 3.98107171e+03  4.70465477e+01  3.98107171e+03  1.79993748e+02
 4.29866235e+03  4.70465495e+01  4.29866235e+03  1.79993249e+02
 4.64158883e+03  4.70465515e+01  4.64158883e+03  1.79992711e+02
 5.01187234e+03  4.70465538e+01  5.01187234e+03  1.79992129e+02
 5.41169527e+03  4.70465566e+01  5.41169527e+03  1.79991501e+02
 5.84341413e+03  4.70465598e+01  5.84341413e+03  1.79990823e+02
 6.30957344e+03  4.70465635e+01  6.30957344e+03  1.79990091e+02
 6.81292069e+03  4.70465679e+01  6.81292069e+03  1.79989301e+02
 7.35642254e+03  4.70465730e+01  7.35642254e+03  1.79988447e+02
 7.94328235e+03  4.70465789e+01  7.94328235e+03  1.79987525e+02
 8.57695899e+03  4.70465858e+01  8.57695899e+03  1.79986530e+02
 9.26118728e+03  4.70465939e+01  9.26118728e+03  1.79985456e+02
 1.00000000e+04  4.70466032e+01  1.00000000e+04  1.79984295e+02
 1.07977516e+04  4.70466142e+01  1.07977516e+04  1.79983042e+02
 1.16591440e+04  4.70466270e+01  1.16591440e+04  1.79981690e+02
 1.25892541e+04  4.70466418e+01  1.25892541e+04  1.79980229e+02
 1.35935639e+04  4.70466592e+01  1.35935639e+04  1.79978651e+02
 1.46779927e+04  4.70466794e+01  1.46779927e+04  1.79976948e+02
 1.58489319e+04  4.70467030e+01  1.58489319e+04  1.79975109e+02
 1.71132830e+04  4.70467305e+01  1.71132830e+04  1.79973123e+02
 1.84784980e+04  4.70467626e+01  1.84784980e+04  1.79970979e+02
 1.99526231e+04  4.70468000e+01  1.99526231e+04  1.79968664e+02
 2.15443469e+04  4.70468435e+01  2.15443469e+04  1.79966164e+02
 2.32630507e+04  4.70468944e+01  2.32630507e+04  1.79963464e+02
 2.51188643e+04  4.70469536e+01  2.51188643e+04  1.79960549e+02
 2.71227258e+04  4.70470227e+01  2.71227258e+04  1.79957401e+02
 2.92864456e+04  4.70471032e+01  2.92864456e+04  1.79954002e+02
 3.16227766e+04  4.70471971e+01  3.16227766e+04  1.79950331e+02
 3.41454887e+04  4.70473066e+01  3.41454887e+04  1.79946368e+02
 3.68694506e+04  4.70474342e+01  3.68694506e+04  1.79942088e+02
 3.98107171e+04  4.70475831e+01  3.98107171e+04  1.79937466e+02
 4.29866235e+04  4.70477566e+01  4.29866235e+04  1.79932475e+02
 4.64158883e+04  4.70479589e+01  4.64158883e+04  1.79927085e+02
 5.01187234e+04  4.70481948e+01  5.01187234e+04  1.79921265e+02
 5.41169527e+04  4.70484699e+01  5.41169527e+04  1.79914979e+02
 5.84341413e+04  4.70487906e+01  5.84341413e+04  1.79908191e+02
 6.30957344e+04  4.70491645e+01  6.30957344e+04  1.79900859e+02
 6.81292069e+04  4.70496005e+01  6.81292069e+04  1.79892941e+02
 7.35642254e+04  4.70501087e+01  7.35642254e+04  1.79884388e+02
 7.94328235e+04  4.70507015e+01  7.94328235e+04  1.79875151e+02
 8.57695899e+04  4.70513927e+01  8.57695899e+04  1.79865172e+02
 9.26118728e+04  4.70521985e+01  9.26118728e+04  1.79854393e+02
 1.00000000e+05  4.70531380e+01  1.00000000e+05  1.79842747e+02
 1.07977516e+05  4.70542337e+01  1.07977516e+05  1.79830165e+02
 1.16591440e+05  4.70555112e+01  1.16591440e+05  1.79816570e+02
 1.25892541e+05  4.70570011e+01  1.25892541e+05  1.79801877e+02
 1.35935639e+05  4.70587383e+01  1.35935639e+05  1.79785998e+02
 1.46779927e+05  4.70607641e+01  1.46779927e+05  1.79768832e+02
 1.58489319e+05  4.70631268e+01  1.58489319e+05  1.79750272e+02
 1.71132830e+05  4.70658822e+01  1.71132830e+05  1.79730202e+02
 1.84784980e+05  4.70690960e+01  1.84784980e+05  1.79708491e+02
 1.99526231e+05  4.70728444e+01  1.99526231e+05  1.79685000e+02
 2.15443469e+05  4.70772161e+01  2.15443469e+05  1.79659574e+02
 2.32630507e+05  4.70823167e+01  2.32630507e+05  1.79632041e+02
 2.51188643e+05  4.70882669e+01  2.51188643e+05  1.79602215e+02
 2.71227258e+05  4.70952095e+01  2.71227258e+05  1.79569886e+02
 2.92864456e+05  4.71033105e+01  2.92864456e+05  1.79534822e+02
 3.16227766e+05  4.71127663e+01  3.16227766e+05  1.79496765e+02
 3.41454887e+05  4.71238010e+01  3.41454887e+05  1.79455423e+02
 3.68694506e+05  4.71366859e+01  3.68694506e+05  1.79410470e+02
 3.98107171e+05  4.71517299e+01  3.98107171e+05  1.79361534e+02
 4.29866235e+05  4.71693021e+01  4.29866235e+05  1.79308192e+02
 4.64158883e+05  4.71898373e+01  4.64158883e+05  1.79249957e+02
 5.01187234e+05  4.72138372e+01  5.01187234e+05  1.79186268e+02
 5.41169527e+05  4.72418980e+01  5.41169527e+05  1.79116472e+02
 5.84341413e+05  4.72747286e+01  5.84341413e+05  1.79039801e+02
 6.30957344e+05  4.73131592e+01  6.30957344e+05  1.78955348e+02
 6.81292069e+05  4.73581710e+01  6.81292069e+05  1.78862030e+02
 7.35642254e+05  4.74109461e+01  7.35642254e+05  1.78758543e+02
 7.94328235e+05  4.74728720e+01  7.94328235e+05  1.78643296e+02
 8.57695899e+05  4.75456162e+01  8.57695899e+05  1.78514346e+02
 9.26118728e+05  4.76311768e+01  9.26118728e+05  1.78369267e+02
 1.00000000e+06  4.77319727e+01  1.00000000e+06  1.78205023e+02
 1.07977516e+06  4.78509417e+01  1.07977516e+06  1.78017734e+02
 1.16591440e+06  4.79916849e+01  1.16591440e+06  1.77802418e+02
 1.25892541e+06  4.81585674e+01  1.25892541e+06  1.77552550e+02
 1.35935639e+06  4.83571744e+01  1.35935639e+06  1.77259436e+02
 1.46779927e+06  4.85943673e+01  1.46779927e+06  1.76911320e+02
 1.58489319e+06  4.88789701e+01  1.58489319e+06  1.76491891e+02
 1.71132830e+06  4.92224737e+01  1.71132830e+06  1.75978009e+02
 1.84784980e+06  4.96399987e+01  1.84784980e+06  1.75335774e+02
 1.99526231e+06  5.01521122e+01  1.99526231e+06  1.74513775e+02
 2.15443469e+06  5.07873960e+01  2.15443469e+06  1.73430399e+02
 2.32630507e+06  5.15869226e+01  2.32630507e+06  1.71948710e+02
 2.51188643e+06  5.26126205e+01  2.51188643e+06  1.69821669e+02
 2.71227258e+06  5.39613127e+01  2.71227258e+06  1.66559032e+02
 2.92864456e+06  5.57898426e+01  2.92864456e+06  1.61054656e+02
 3.16227766e+06  5.83278179e+01  3.16227766e+06  1.50358982e+02
 3.41454887e+06  6.14774255e+01  3.41454887e+06  1.25646395e+02
 3.68694506e+06  6.18847918e+01  3.68694506e+06  7.82734836e+01
 3.98107171e+06  5.77195347e+01  3.98107171e+06  4.44936342e+01
 4.29866235e+06  5.35372711e+01  4.29866235e+06  3.02339846e+01
 4.64158883e+06  5.01338765e+01  4.64158883e+06  2.34523810e+01
 5.01187234e+06  4.72884254e+01  5.01187234e+06  1.97159755e+01
 5.41169527e+06  4.48142703e+01  5.41169527e+06  1.74666324e+01
 5.84341413e+06  4.25961466e+01  5.84341413e+06  1.60531847e+01
 6.30957344e+06  4.05599959e+01  6.30957344e+06  1.51635799e+01
 6.81292069e+06  3.86583262e+01  6.81292069e+06  1.46309416e+01
 7.35642254e+06  3.68577984e+01  7.35642254e+06  1.43590919e+01
 7.94328235e+06  3.51348852e+01  7.94328235e+06  1.42924752e+01
 8.57695899e+06  3.34711218e+01  8.57695899e+06  1.43935819e+01
 9.26118728e+06  3.18543408e+01  9.26118728e+06  1.46411768e+01
 1.00000000e+07  3.02731905e+01  1.00000000e+07  1.50269393e+01
 1.07977516e+07  2.87175006e+01  1.07977516e+07  1.55419087e+01
 1.16591440e+07  2.71839450e+01  1.16591440e+07  1.61856750e+01
 1.25892541e+07  2.56603535e+01  1.25892541e+07  1.69671346e+01
 1.35935639e+07  2.41471273e+01  1.35935639e+07  1.78839225e+01
 1.46779927e+07  2.26349582e+01  1.46779927e+07  1.89572816e+01
 1.58489319e+07  2.11221248e+01  1.58489319e+07  2.02225107e+01
 1.71132830e+07  1.96006823e+01  1.71132830e+07  2.16582684e+01
 1.84784980e+07  1.80700585e+01  1.84784980e+07  2.33288189e+01
 1.99526231e+07  1.65185643e+01  1.99526231e+07  2.52600968e+01
 2.15443469e+07  1.49478023e+01  2.15443469e+07  2.75052926e+01
 2.32630507e+07  1.33451563e+01  2.32630507e+07  3.01769830e+01
 2.51188643e+07  1.17232514e+01  2.51188643e+07  3.33499880e+01
 2.71227258e+07  1.00563397e+01  2.71227258e+07  3.71337317e+01
 2.92864456e+07  8.36044168e+00  2.92864456e+07  4.17612408e+01
 3.16227766e+07  6.64076001e+00  3.16227766e+07  4.73792081e+01
 3.41454887e+07  4.92709441e+00  3.41454887e+07  5.41273713e+01
 3.68694506e+07  3.25715164e+00  3.68694506e+07  6.28528378e+01
 3.98107171e+07  1.71917743e+00  3.98107171e+07  7.32664033e+01
 4.29866235e+07  4.67868713e-01  4.29866235e+07  8.55128457e+01
 4.64158883e+07  -4.52147792e-01  4.64158883e+07  9.88898332e+01
 5.01187234e+07  -8.40092182e-01  5.01187234e+07  1.12084884e+02
 5.41169527e+07  -9.09609634e-01  5.41169527e+07  1.25388521e+02
 5.84341413e+07  -6.07287840e-01  5.84341413e+07  1.35822851e+02
 6.30957344e+07  -1.75428667e-01  6.30957344e+07  1.44465573e+02
 6.81292069e+07  1.62403178e-01  6.81292069e+07  1.51994304e+02
 7.35642254e+07  7.41876659e-01  7.35642254e+07  1.58109459e+02
 7.94328235e+07  1.18804175e+00  7.94328235e+07  1.63448599e+02
 8.57695899e+07  1.56695773e+00  8.57695899e+07  1.67341464e+02
 9.26118728e+07  1.96606724e+00  9.26118728e+07  1.71309889e+02
 1.00000000e+08  2.43774164e+00  1.00000000e+08  1.74512507e+02
 1.07977516e+08  2.69964788e+00  1.07977516e+08  1.77588961e+02
 1.16591440e+08  3.16227767e+00  1.16591440e+08  1.80251132e+02
 1.25892541e+08  3.41012572e+00  1.25892541e+08  1.82735895e+02
 1.35935639e+08  3.98811569e+00  1.35935639e+08  1.84772204e+02
 1.46779927e+08  4.22389793e+00  1.46779927e+08  1.86377432e+02
 1.58489319e+08  4.66978697e+00  1.58489319e+08  1.88188254e+02
 1.71132830e+08  4.71384791e+00  1.71132830e+08  1.89602691e+02
 1.84784980e+08  5.37838538e+00  1.84784980e+08  1.90170611e+02
 1.99526231e+08  6.09459207e+00  1.99526231e+08  1.90426312e+02
 2.15443469e+08  6.10078510e+00  2.15443469e+08  1.90743731e+02
 2.32630507e+08  6.21232881e+00  2.32630507e+08  1.90712602e+02
 2.51188643e+08  6.45278816e+00  2.51188643e+08  1.90501352e+02
 2.71227258e+08  6.89426751e+00  2.71227258e+08  1.90009365e+02
 2.92864456e+08  6.94854296e+00  2.92864456e+08  1.89297403e+02
 3.16227766e+08  7.13791115e+00  3.16227766e+08  1.88153630e+02
 3.41454887e+08  8.45020359e+00  3.41454887e+08  1.87404718e+02
 3.68694506e+08  7.22600853e+00  3.68694506e+08  1.86816982e+02
 3.98107171e+08  8.15456715e+00  3.98107171e+08  1.85689831e+02
 4.29866235e+08  6.87721003e+00  4.29866235e+08  1.84832276e+02
 4.64158883e+08  6.91251561e+00  4.64158883e+08  1.84004432e+02
 5.01187234e+08  7.18624868e+00  5.01187234e+08  1.83326806e+02
 5.41169527e+08  7.78245645e+00  5.41169527e+08  1.82550013e+02
 5.84341413e+08  8.91283928e+00  5.84341413e+08  1.82253665e+02
 6.30957344e+08  7.58861864e+00  6.30957344e+08  1.81866903e+02
 6.81292069e+08  6.21745976e+00  6.81292069e+08  1.81707566e+02
 7.35642254e+08  8.39904863e+00  7.35642254e+08  1.80963893e+02
 7.94328235e+08  7.06693087e+00  7.94328235e+08  1.80162547e+02
 8.57695899e+08  5.69403652e+00  8.57695899e+08  1.80680120e+02
 9.26118728e+08  4.33355961e+00  9.26118728e+08  1.80850445e+02
 1.00000000e+09  2.98780410e+00  1.00000000e+09  1.81002988e+02
