 1.00000000e+00  4.70465373e+01  1.00000000e+00  1.79999998e+02
 1.07977516e+00  4.70465373e+01  1.07977516e+00  1.79999998e+02
 1.16591440e+00  4.70465373e+01  1.16591440e+00  1.79999998e+02
 1.25892541e+00  4.70465373e+01  1.25892541e+00  1.79999998e+02
 1.35935639e+00  4.70465373e+01  1.35935639e+00  1.79999998e+02
 1.46779927e+00  4.70465373e+01  1.46779927e+00  1.79999998e+02
 1.58489319e+00  4.70465373e+01  1.58489319e+00  1.79999997e+02
 1.71132830e+00  4.70465373e+01  1.71132830e+00  1.79999997e+02
 1.84784980e+00  4.70465373e+01  1.84784980e+00  1.79999997e+02
 1.99526231e+00  4.70465373e+01  1.99526231e+00  1.79999997e+02
 2.15443469e+00  4.70465373e+01  2.15443469e+00  1.79999996e+02
 2.32630507e+00  4.70465373e+01  2.32630507e+00  1.79999996e+02
 2.51188643e+00  4.70465373e+01  2.51188643e+00  1.79999996e+02
 2.71227258e+00  4.70465373e+01  2.71227258e+00  1.79999995e+02
 2.92864456e+00  4.70465373e+01  2.92864456e+00  1.79999995e+02
 3.16227766e+00  4.70465373e+01  3.16227766e+00  1.79999995e+02
 3.41454887e+00  4.70465373e+01  3.41454887e+00  1.79999994e+02
 3.68694506e+00  4.70465373e+01  3.68694506e+00  1.79999994e+02
 3.98107171e+00  4.70465373e+01  3.98107171e+00  1.79999993e+02
 4.29866235e+00  4.70465373e+01  4.29866235e+00  1.79999993e+02
 4.64158883e+00  4.70465373e+01  4.64158883e+00  1.79999992e+02
 5.01187234e+00  4.70465373e+01  5.01187234e+00  1.79999992e+02
 5.41169527e+00  4.70465373e+01  5.41169527e+00  1.79999991e+02
 5.84341413e+00  4.70465373e+01  5.84341413e+00  1.79999990e+02
 6.30957344e+00  4.70465373e+01  6.30957344e+00  1.79999989e+02
 6.81292069e+00  4.70465373e+01  6.81292069e+00  1.79999988e+02
 7.35642254e+00  4.70465373e+01  7.35642254e+00  1.79999988e+02
 7.94328235e+00  4.70465373e+01  7.94328235e+00  1.79999987e+02
 8.57695899e+00  4.70465373e+01  8.57695899e+00  1.79999985e+02
 9.26118728e+00  4.70465373e+01  9.26118728e+00  1.79999984e+02
 1.00000000e+01  4.70465373e+01  1.00000000e+01  1.79999983e+02
 1.07977516e+01  4.70465373e+01  1.07977516e+01  1.79999982e+02
 1.16591440e+01  4.70465373e+01  1.16591440e+01  1.79999980e+02
 1.25892541e+01  4.70465373e+01  1.25892541e+01  1.79999979e+02
 1.35935639e+01  4.70465373e+01  1.35935639e+01  1.79999977e+02
 1.46779927e+01  4.70465373e+01  1.46779927e+01  1.79999975e+02
 1.58489319e+01  4.70465373e+01  1.58489319e+01  1.79999973e+02
 1.71132830e+01  4.70465373e+01  1.71132830e+01  1.79999971e+02
 1.84784980e+01  4.70465373e+01  1.84784980e+01  1.79999969e+02
 1.99526231e+01  4.70465373e+01  1.99526231e+01  1.79999966e+02
 2.15443469e+01  4.70465373e+01  2.15443469e+01  1.79999963e+02
 2.32630507e+01  4.70465373e+01  2.32630507e+01  1.79999961e+02
 2.51188643e+01  4.70465373e+01  2.51188643e+01  1.79999957e+02
 2.71227258e+01  4.70465373e+01  2.71227258e+01  1.79999954e+02
 2.92864456e+01  4.70465373e+01  2.92864456e+01  1.79999950e+02
 3.16227766e+01  4.70465373e+01  3.16227766e+01  1.79999946e+02
 3.41454887e+01  4.70465373e+01  3.41454887e+01  1.79999942e+02
 3.68694506e+01  4.70465373e+01  3.68694506e+01  1.79999937e+02
 3.98107171e+01  4.70465373e+01  3.98107171e+01  1.79999933e+02
 4.29866235e+01  4.70465373e+01  4.29866235e+01  1.79999927e+02
 4.64158883e+01  4.70465373e+01  4.64158883e+01  1.79999921e+02
 5.01187234e+01  4.70465373e+01  5.01187234e+01  1.79999915e+02
 5.41169527e+01  4.70465373e+01  5.41169527e+01  1.79999908e+02
 5.84341413e+01  4.70465373e+01  5.84341413e+01  1.79999901e+02
 6.30957344e+01  4.70465373e+01  6.30957344e+01  1.79999893e+02
 6.81292069e+01  4.70465373e+01  6.81292069e+01  1.79999884e+02
 7.35642254e+01  4.70465373e+01  7.35642254e+01  1.79999875e+02
 7.94328235e+01  4.70465373e+01  7.94328235e+01  1.79999865e+02
 8.57695899e+01  4.70465373e+01  8.57695899e+01  1.79999855e+02
 9.26118728e+01  4.70465373e+01  9.26118728e+01  1.79999843e+02
 1.00000000e+02  4.70465373e+01  1.00000000e+02  1.79999830e+02
 1.07977516e+02  4.70465373e+01  1.07977516e+02  1.79999817e+02
 1.16591440e+02  4.70465373e+01  1.16591440e+02  1.79999802e+02
 1.25892541e+02  4.70465373e+01  1.25892541e+02  1.79999787e+02
 1.35935639e+02  4.70465373e+01  1.35935639e+02  1.79999770e+02
 1.46779927e+02  4.70465373e+01  1.46779927e+02  1.79999751e+02
 1.58489319e+02  4.70465373e+01  1.58489319e+02  1.79999731e+02
 1.71132830e+02  4.70465373e+01  1.71132830e+02  1.79999710e+02
 1.84784980e+02  4.70465373e+01  1.84784980e+02  1.79999687e+02
 1.99526231e+02  4.70465373e+01  1.99526231e+02  1.79999662e+02
 2.15443469e+02  4.70465373e+01  2.15443469e+02  1.79999635e+02
 2.32630507e+02  4.70465373e+01  2.32630507e+02  1.79999606e+02
 2.51188643e+02  4.70465373e+01  2.51188643e+02  1.79999574e+02
 2.71227258e+02  4.70465373e+01  2.71227258e+02  1.79999540e+02
 2.92864456e+02  4.70465373e+01  2.92864456e+02  1.79999503e+02
 3.16227766e+02  4.70465373e+01  3.16227766e+02  1.79999464e+02
 3.41454887e+02  4.70465373e+01  3.41454887e+02  1.79999421e+02
 3.68694506e+02  4.70465374e+01  3.68694506e+02  1.79999375e+02
 3.98107171e+02  4.70465374e+01  3.98107171e+02  1.79999325e+02
 4.29866235e+02  4.70465374e+01  4.29866235e+02  1.79999271e+02
 4.64158883e+02  4.70465374e+01  4.64158883e+02  1.79999213e+02
 5.01187234e+02  4.70465374e+01  5.01187234e+02  1.79999150e+02
 5.41169527e+02  4.70465375e+01  5.41169527e+02  1.79999082e+02
 5.84341413e+02  4.70465375e+01  5.84341413e+02  1.79999009e+02
 6.30957344e+02  4.70465375e+01  6.30957344e+02  1.79998930e+02
 6.81292069e+02  4.70465376e+01  6.81292069e+02  1.79998845e+02
 7.35642254e+02  4.70465376e+01  7.35642254e+02  1.79998753e+02
 7.94328235e+02  4.70465377e+01  7.94328235e+02  1.79998653e+02
 8.57695899e+02  4.70465377e+01  8.57695899e+02  1.79998546e+02
 9.26118728e+02  4.70465378e+01  9.26118728e+02  1.79998430e+02
 1.00000000e+03  4.70465379e+01  1.00000000e+03  1.79998305e+02
 1.07977516e+03  4.70465380e+01  1.07977516e+03  1.79998169e+02
 1.16591440e+03  4.70465382e+01  1.16591440e+03  1.79998023e+02
 1.25892541e+03  4.70465383e+01  1.25892541e+03  1.79997866e+02
 1.35935639e+03  4.70465385e+01  1.35935639e+03  1.79997695e+02
 1.46779927e+03  4.70465387e+01  1.46779927e+03  1.79997511e+02
 1.58489319e+03  4.70465389e+01  1.58489319e+03  1.79997313e+02
 1.71132830e+03  4.70465392e+01  1.71132830e+03  1.79997099e+02
 1.84784980e+03  4.70465395e+01  1.84784980e+03  1.79996867e+02
 1.99526231e+03  4.70465399e+01  1.99526231e+03  1.79996617e+02
 2.15443469e+03  4.70465403e+01  2.15443469e+03  1.79996347e+02
 2.32630507e+03  4.70465408e+01  2.32630507e+03  1.79996056e+02
 2.51188643e+03  4.70465414e+01  2.51188643e+03  1.79995741e+02
 2.71227258e+03  4.70465421e+01  2.71227258e+03  1.79995402e+02
 2.92864456e+03  4.70465429e+01  2.92864456e+03  1.79995035e+02
 3.16227766e+03  4.70465438e+01  3.16227766e+03  1.79994639e+02
 3.41454887e+03  4.70465449e+01  3.41454887e+03  1.79994211e+02
 3.68694506e+03  4.70465462e+01  3.68694506e+03  1.79993749e+02
 3.98107171e+03  4.70465477e+01  3.98107171e+03  1.79993250e+02
 4.29866235e+03  4.70465494e+01  4.29866235e+03  1.79992712e+02
 4.64158883e+03  4.70465514e+01  4.64158883e+03  1.79992131e+02
 5.01187234e+03  4.70465538e+01  5.01187234e+03  1.79991503e+02
 5.41169527e+03  4.70465565e+01  5.41169527e+03  1.79990825e+02
 5.84341413e+03  4.70465597e+01  5.84341413e+03  1.79990093e+02
 6.30957344e+03  4.70465635e+01  6.30957344e+03  1.79989303e+02
 6.81292069e+03  4.70465678e+01  6.81292069e+03  1.79988449e+02
 7.35642254e+03  4.70465729e+01  7.35642254e+03  1.79987528e+02
 7.94328235e+03  4.70465788e+01  7.94328235e+03  1.79986533e+02
 8.57695899e+03  4.70465857e+01  8.57695899e+03  1.79985458e+02
 9.26118728e+03  4.70465937e+01  9.26118728e+03  1.79984298e+02
 1.00000000e+04  4.70466031e+01  1.00000000e+04  1.79983046e+02
 1.07977516e+04  4.70466140e+01  1.07977516e+04  1.79981693e+02
 1.16591440e+04  4.70466267e+01  1.16591440e+04  1.79980232e+02
 1.25892541e+04  4.70466415e+01  1.25892541e+04  1.79978655e+02
 1.35935639e+04  4.70466588e+01  1.35935639e+04  1.79976953e+02
 1.46779927e+04  4.70466790e+01  1.46779927e+04  1.79975114e+02
 1.58489319e+04  4.70467025e+01  1.58489319e+04  1.79973128e+02
 1.71132830e+04  4.70467299e+01  1.71132830e+04  1.79970985e+02
 1.84784980e+04  4.70467619e+01  1.84784980e+04  1.79968670e+02
 1.99526231e+04  4.70467992e+01  1.99526231e+04  1.79966170e+02
 2.15443469e+04  4.70468426e+01  2.15443469e+04  1.79963471e+02
 2.32630507e+04  4.70468933e+01  2.32630507e+04  1.79960557e+02
 2.51188643e+04  4.70469524e+01  2.51188643e+04  1.79957410e+02
 2.71227258e+04  4.70470212e+01  2.71227258e+04  1.79954011e+02
 2.92864456e+04  4.70471015e+01  2.92864456e+04  1.79950342e+02
 3.16227766e+04  4.70471952e+01  3.16227766e+04  1.79946379e+02
 3.41454887e+04  4.70473043e+01  3.41454887e+04  1.79942101e+02
 3.68694506e+04  4.70474316e+01  3.68694506e+04  1.79937480e+02
 3.98107171e+04  4.70475800e+01  3.98107171e+04  1.79932491e+02
 4.29866235e+04  4.70477530e+01  4.29866235e+04  1.79927103e+02
 4.64158883e+04  4.70479547e+01  4.64158883e+04  1.79921285e+02
 5.01187234e+04  4.70481899e+01  5.01187234e+04  1.79915001e+02
 5.41169527e+04  4.70484641e+01  5.41169527e+04  1.79908216e+02
 5.84341413e+04  4.70487839e+01  5.84341413e+04  1.79900888e+02
 6.30957344e+04  4.70491567e+01  6.30957344e+04  1.79892974e+02
 6.81292069e+04  4.70495914e+01  6.81292069e+04  1.79884427e+02
 7.35642254e+04  4.70500981e+01  7.35642254e+04  1.79875195e+02
 7.94328235e+04  4.70506892e+01  7.94328235e+04  1.79865224e+02
 8.57695899e+04  4.70513782e+01  8.57695899e+04  1.79854454e+02
 9.26118728e+04  4.70521816e+01  9.26118728e+04  1.79842819e+02
 1.00000000e+05  4.70531186e+01  1.00000000e+05  1.79830251e+02
 1.07977516e+05  4.70542109e+01  1.07977516e+05  1.79816672e+02
 1.16591440e+05  4.70554848e+01  1.16591440e+05  1.79802001e+02
 1.25892541e+05  4.70569701e+01  1.25892541e+05  1.79786146e+02
 1.35935639e+05  4.70587023e+01  1.35935639e+05  1.79769012e+02
 1.46779927e+05  4.70607222e+01  1.46779927e+05  1.79750492e+02
 1.58489319e+05  4.70630778e+01  1.58489319e+05  1.79730470e+02
 1.71132830e+05  4.70658252e+01  1.71132830e+05  1.79708820e+02
 1.84784980e+05  4.70690296e+01  1.84784980e+05  1.79685405e+02
 1.99526231e+05  4.70727665e+01  1.99526231e+05  1.79660074e+02
 2.15443469e+05  4.70771259e+01  2.15443469e+05  1.79632661e+02
 2.32630507e+05  4.70822111e+01  2.32630507e+05  1.79602984e+02
 2.51188643e+05  4.70881434e+01  2.51188643e+05  1.79570842e+02
 2.71227258e+05  4.70950662e+01  2.71227258e+05  1.79536014e+02
 2.92864456e+05  4.71031433e+01  2.92864456e+05  1.79498253e+02
 3.16227766e+05  4.71125707e+01  3.16227766e+05  1.79457284e+02
 3.41454887e+05  4.71235733e+01  3.41454887e+05  1.79412800e+02
 3.68694506e+05  4.71364212e+01  3.68694506e+05  1.79364456e+02
 3.98107171e+05  4.71514218e+01  3.98107171e+05  1.79311860e+02
 4.29866235e+05  4.71689428e+01  4.29866235e+05  1.79254569e+02
 4.64158883e+05  4.71894158e+01  4.64158883e+05  1.79192074e+02
 5.01187234e+05  4.72133463e+01  5.01187234e+05  1.79123790e+02
 5.41169527e+05  4.72413306e+01  5.41169527e+05  1.79049038e+02
 5.84341413e+05  4.72740671e+01  5.84341413e+05  1.78967023e+02
 6.30957344e+05  4.73123880e+01  6.30957344e+05  1.78876809e+02
 6.81292069e+05  4.73572734e+01  6.81292069e+05  1.78777282e+02
 7.35642254e+05  4.74099002e+01  7.35642254e+05  1.78667105e+02
 7.94328235e+05  4.74716463e+01  7.94328235e+05  1.78544654e+02
 8.57695899e+05  4.75441877e+01  8.57695899e+05  1.78407947e+02
 9.26118728e+05  4.76295211e+01  9.26118728e+05  1.78254519e+02
 1.00000000e+06  4.77300429e+01  1.00000000e+06  1.78081297e+02
 1.07977516e+06  4.78486944e+01  1.07977516e+06  1.77884360e+02
 1.16591440e+06  4.79890593e+01  1.16591440e+06  1.77658683e+02
 1.25892541e+06  4.81555302e+01  1.25892541e+06  1.77397695e+02
 1.35935639e+06  4.83536266e+01  1.35935639e+06  1.77092664e+02
 1.46779927e+06  4.85902275e+01  1.46779927e+06  1.76731790e+02
 1.58489319e+06  4.88741681e+01  1.58489319e+06  1.76298732e+02
 1.71132830e+06  4.92169132e+01  1.71132830e+06  1.75770284e+02
 1.84784980e+06  4.96335850e+01  1.84784980e+06  1.75112535e+02
 1.99526231e+06  5.01446480e+01  1.99526231e+06  1.74274056e+02
 2.15443469e+06  5.07787034e+01  2.15443469e+06  1.73173188e+02
 2.32630507e+06  5.15769156e+01  2.32630507e+06  1.71673025e+02
 2.51188643e+06  5.26010017e+01  2.51188643e+06  1.69526554e+02
 2.71227258e+06  5.39479525e+01  2.71227258e+06  1.66243471e+02
 2.92864456e+06  5.57744588e+01  2.92864456e+06  1.60717813e+02
 3.16227766e+06  5.83100091e+01  3.16227766e+06  1.50000003e+02
 3.41454887e+06  6.14570029e+01  3.41454887e+06  1.25264547e+02
 3.68694506e+06  6.18613496e+01  3.68694506e+06  7.78682160e+01
 3.98107171e+06  5.76927489e+01  3.98107171e+06  4.40644384e+01
 4.29866235e+06  5.35068036e+01  4.29866235e+06  2.97809065e+01
 4.64158883e+06  5.00992717e+01  4.64158883e+06  2.29756335e+01
 5.01187234e+06  4.72490277e+01  5.01187234e+06  1.92158982e+01
 5.41169527e+06  4.47699549e+01  5.41169527e+06  1.69437618e+01
 5.84341413e+06  4.25463059e+01  5.84341413e+06  1.55091377e+01
 6.30957344e+06  4.05038973e+01  6.30957344e+06  1.45995922e+01
 6.81292069e+06  3.85956476e+01  6.81292069e+06  1.40489830e+01
 7.35642254e+06  3.67884037e+01  7.35642254e+06  1.37621040e+01
 7.94328235e+06  3.50583702e+01  7.94328235e+06  1.36824350e+01
 8.57695899e+06  3.33871971e+01  8.57695899e+06  1.37733461e+01
 9.26118728e+06  3.17619138e+01  9.26118728e+06  1.40156719e+01
 1.00000000e+07  3.01728626e+01  1.00000000e+07  1.43991230e+01
 1.07977516e+07  2.86092676e+01  1.07977516e+07  1.49144639e+01
 1.16591440e+07  2.70661330e+01  1.16591440e+07  1.55622180e+01
 1.25892541e+07  2.55354901e+01  1.25892541e+07  1.63545213e+01
 1.35935639e+07  2.40131459e+01  1.35935639e+07  1.72806317e+01
 1.46779927e+07  2.24926330e+01  1.46779927e+07  1.83685608e+01
 1.58489319e+07  2.09672228e+01  1.58489319e+07  1.96419754e+01
 1.71132830e+07  1.94383183e+01  1.71132830e+07  2.11094954e+01
 1.84784980e+07  1.78964483e+01  1.84784980e+07  2.28019696e+01
 1.99526231e+07  1.63333313e+01  1.99526231e+07  2.47759857e+01
 2.15443469e+07  1.47517415e+01  2.15443469e+07  2.70514611e+01
 2.32630507e+07  1.31393354e+01  2.32630507e+07  2.97688882e+01
 2.51188643e+07  1.15017605e+01  2.51188643e+07  3.29838449e+01
 2.71227258e+07  9.82063507e+00  2.71227258e+07  3.68553342e+01
 2.92864456e+07  8.10965700e+00  2.92864456e+07  4.15363969e+01
 3.16227766e+07  6.36653642e+00  3.16227766e+07  4.72869114e+01
 3.41454887e+07  4.64354121e+00  3.41454887e+07  5.43738597e+01
 3.68694506e+07  2.96820137e+00  3.68694506e+07  6.33432905e+01
 3.98107171e+07  1.41983139e+00  3.98107171e+07  7.36873267e+01
 4.29866235e+07  1.97943841e-01  4.29866235e+07  8.64554600e+01
 4.64158883e+07  -6.70346762e-01  4.64158883e+07  9.98023403e+01
 5.01187234e+07  -1.02289834e+00  5.01187234e+07  1.14115035e+02
 5.41169527e+07  -9.85538234e-01  5.41169527e+07  1.25926374e+02
 5.84341413e+07  -7.56873804e-01  5.84341413e+07  1.37587993e+02
 6.30957344e+07  -1.41981452e-01  6.30957344e+07  1.46139137e+02
 6.81292069e+07  1.92448727e-01  6.81292069e+07  1.53187139e+02
 7.35642254e+07  6.83439344e-01  7.35642254e+07  1.59084918e+02
 7.94328235e+07  1.19878902e+00  7.94328235e+07  1.63670807e+02
 8.57695899e+07  1.65495915e+00  8.57695899e+07  1.68306066e+02
 9.26118728e+07  1.91945809e+00  9.26118728e+07  1.72436520e+02
 1.00000000e+08  2.36254288e+00  1.00000000e+08  1.75163603e+02
 1.07977516e+08  2.80469562e+00  1.07977516e+08  1.78248154e+02
 1.16591440e+08  3.07279691e+00  1.16591440e+08  1.81081453e+02
 1.25892541e+08  3.66364292e+00  1.25892541e+08  1.83065852e+02
 1.35935639e+08  3.85181263e+00  1.35935639e+08  1.85236020e+02
 1.46779927e+08  4.23606272e+00  1.46779927e+08  1.86682784e+02
 1.58489319e+08  4.67408639e+00  1.58489319e+08  1.88453294e+02
 1.71132830e+08  4.92764723e+00  1.71132830e+08  1.89456180e+02
 1.84784980e+08  5.38171707e+00  1.84784980e+08  1.90436279e+02
 1.99526231e+08  5.22209846e+00  1.99526231e+08  1.91118313e+02
 2.15443469e+08  6.10570123e+00  2.15443469e+08  1.91412309e+02
 2.32630507e+08  6.21751510e+00  2.32630507e+08  1.91327057e+02
 2.51188643e+08  6.45781551e+00  2.51188643e+08  1.91012454e+02
 2.71227258e+08  7.44309270e+00  2.71227258e+08  1.89951827e+02
 2.92864456e+08  7.58750378e+00  2.92864456e+08  1.89674015e+02
 3.16227766e+08  6.45494298e+00  3.16227766e+08  1.88709925e+02
 3.41454887e+08  8.45020359e+00  3.41454887e+08  1.87404718e+02
 3.68694506e+08  7.22636842e+00  3.68694506e+08  1.87016823e+02
 3.98107171e+08  7.00224928e+00  3.98107171e+08  1.85681587e+02
 4.29866235e+08  6.88649453e+00  4.29866235e+08  1.85114428e+02
 4.64158883e+08  5.58435733e+00  4.64158883e+08  1.84351271e+02
 5.01187234e+08  5.60332141e+00  5.01187234e+08  1.83831358e+02
 5.41169527e+08  1.02676328e+01  5.41169527e+08  1.82642257e+02
 5.84341413e+08  6.43794272e+00  5.84341413e+08  1.82394214e+02
 6.30957344e+08  1.10926887e+01  6.30957344e+08  1.82299018e+02
 6.81292069e+08  6.21766405e+00  6.81292069e+08  1.81846051e+02
 7.35642254e+08  8.40029102e+00  7.35642254e+08  1.81496999e+02
 7.94328235e+08  1.30758546e+01  7.94328235e+08  1.81188312e+02
 8.57695899e+08  1.17103252e+01  8.57695899e+08  1.79484276e+02
 9.26118728e+08  1.03500205e+01  9.26118728e+08  1.81355143e+02
 1.00000000e+09  2.98662625e+00  1.00000000e+09  1.80393230e+02
