 1.00000000e+00  4.70465373e+01  1.00000000e+00  1.79999998e+02
 1.07977516e+00  4.70465373e+01  1.07977516e+00  1.79999998e+02
 1.16591440e+00  4.70465373e+01  1.16591440e+00  1.79999998e+02
 1.25892541e+00  4.70465373e+01  1.25892541e+00  1.79999998e+02
 1.35935639e+00  4.70465373e+01  1.35935639e+00  1.79999998e+02
 1.46779927e+00  4.70465373e+01  1.46779927e+00  1.79999998e+02
 1.58489319e+00  4.70465373e+01  1.58489319e+00  1.79999997e+02
 1.71132830e+00  4.70465373e+01  1.71132830e+00  1.79999997e+02
 1.84784980e+00  4.70465373e+01  1.84784980e+00  1.79999997e+02
 1.99526231e+00  4.70465373e+01  1.99526231e+00  1.79999997e+02
 2.15443469e+00  4.70465373e+01  2.15443469e+00  1.79999996e+02
 2.32630507e+00  4.70465373e+01  2.32630507e+00  1.79999996e+02
 2.51188643e+00  4.70465373e+01  2.51188643e+00  1.79999996e+02
 2.71227258e+00  4.70465373e+01  2.71227258e+00  1.79999995e+02
 2.92864456e+00  4.70465373e+01  2.92864456e+00  1.79999995e+02
 3.16227766e+00  4.70465373e+01  3.16227766e+00  1.79999995e+02
 3.41454887e+00  4.70465373e+01  3.41454887e+00  1.79999994e+02
 3.68694506e+00  4.70465373e+01  3.68694506e+00  1.79999994e+02
 3.98107171e+00  4.70465373e+01  3.98107171e+00  1.79999993e+02
 4.29866235e+00  4.70465373e+01  4.29866235e+00  1.79999993e+02
 4.64158883e+00  4.70465373e+01  4.64158883e+00  1.79999992e+02
 5.01187234e+00  4.70465373e+01  5.01187234e+00  1.79999992e+02
 5.41169527e+00  4.70465373e+01  5.41169527e+00  1.79999991e+02
 5.84341413e+00  4.70465373e+01  5.84341413e+00  1.79999990e+02
 6.30957344e+00  4.70465373e+01  6.30957344e+00  1.79999989e+02
 6.81292069e+00  4.70465373e+01  6.81292069e+00  1.79999989e+02
 7.35642254e+00  4.70465373e+01  7.35642254e+00  1.79999988e+02
 7.94328235e+00  4.70465373e+01  7.94328235e+00  1.79999987e+02
 8.57695899e+00  4.70465373e+01  8.57695899e+00  1.79999986e+02
 9.26118728e+00  4.70465373e+01  9.26118728e+00  1.79999984e+02
 1.00000000e+01  4.70465373e+01  1.00000000e+01  1.79999983e+02
 1.07977516e+01  4.70465373e+01  1.07977516e+01  1.79999982e+02
 1.16591440e+01  4.70465373e+01  1.16591440e+01  1.79999980e+02
 1.25892541e+01  4.70465373e+01  1.25892541e+01  1.79999979e+02
 1.35935639e+01  4.70465373e+01  1.35935639e+01  1.79999977e+02
 1.46779927e+01  4.70465373e+01  1.46779927e+01  1.79999975e+02
 1.58489319e+01  4.70465373e+01  1.58489319e+01  1.79999973e+02
 1.71132830e+01  4.70465373e+01  1.71132830e+01  1.79999971e+02
 1.84784980e+01  4.70465373e+01  1.84784980e+01  1.79999969e+02
 1.99526231e+01  4.70465373e+01  1.99526231e+01  1.79999967e+02
 2.15443469e+01  4.70465373e+01  2.15443469e+01  1.79999964e+02
 2.32630507e+01  4.70465373e+01  2.32630507e+01  1.79999961e+02
 2.51188643e+01  4.70465373e+01  2.51188643e+01  1.79999958e+02
 2.71227258e+01  4.70465373e+01  2.71227258e+01  1.79999955e+02
 2.92864456e+01  4.70465373e+01  2.92864456e+01  1.79999951e+02
 3.16227766e+01  4.70465373e+01  3.16227766e+01  1.79999947e+02
 3.41454887e+01  4.70465373e+01  3.41454887e+01  1.79999943e+02
 3.68694506e+01  4.70465373e+01  3.68694506e+01  1.79999938e+02
 3.98107171e+01  4.70465373e+01  3.98107171e+01  1.79999933e+02
 4.29866235e+01  4.70465373e+01  4.29866235e+01  1.79999928e+02
 4.64158883e+01  4.70465373e+01  4.64158883e+01  1.79999922e+02
 5.01187234e+01  4.70465373e+01  5.01187234e+01  1.79999916e+02
 5.41169527e+01  4.70465373e+01  5.41169527e+01  1.79999909e+02
 5.84341413e+01  4.70465373e+01  5.84341413e+01  1.79999902e+02
 6.30957344e+01  4.70465373e+01  6.30957344e+01  1.79999894e+02
 6.81292069e+01  4.70465373e+01  6.81292069e+01  1.79999886e+02
 7.35642254e+01  4.70465373e+01  7.35642254e+01  1.79999877e+02
 7.94328235e+01  4.70465373e+01  7.94328235e+01  1.79999867e+02
 8.57695899e+01  4.70465373e+01  8.57695899e+01  1.79999856e+02
 9.26118728e+01  4.70465373e+01  9.26118728e+01  1.79999845e+02
 1.00000000e+02  4.70465373e+01  1.00000000e+02  1.79999832e+02
 1.07977516e+02  4.70465373e+01  1.07977516e+02  1.79999819e+02
 1.16591440e+02  4.70465373e+01  1.16591440e+02  1.79999804e+02
 1.25892541e+02  4.70465373e+01  1.25892541e+02  1.79999789e+02
 1.35935639e+02  4.70465373e+01  1.35935639e+02  1.79999772e+02
 1.46779927e+02  4.70465373e+01  1.46779927e+02  1.79999754e+02
 1.58489319e+02  4.70465373e+01  1.58489319e+02  1.79999734e+02
 1.71132830e+02  4.70465373e+01  1.71132830e+02  1.79999713e+02
 1.84784980e+02  4.70465373e+01  1.84784980e+02  1.79999690e+02
 1.99526231e+02  4.70465373e+01  1.99526231e+02  1.79999665e+02
 2.15443469e+02  4.70465373e+01  2.15443469e+02  1.79999639e+02
 2.32630507e+02  4.70465373e+01  2.32630507e+02  1.79999610e+02
 2.51188643e+02  4.70465373e+01  2.51188643e+02  1.79999579e+02
 2.71227258e+02  4.70465373e+01  2.71227258e+02  1.79999545e+02
 2.92864456e+02  4.70465373e+01  2.92864456e+02  1.79999509e+02
 3.16227766e+02  4.70465373e+01  3.16227766e+02  1.79999470e+02
 3.41454887e+02  4.70465373e+01  3.41454887e+02  1.79999427e+02
 3.68694506e+02  4.70465374e+01  3.68694506e+02  1.79999382e+02
 3.98107171e+02  4.70465374e+01  3.98107171e+02  1.79999332e+02
 4.29866235e+02  4.70465374e+01  4.29866235e+02  1.79999279e+02
 4.64158883e+02  4.70465374e+01  4.64158883e+02  1.79999221e+02
 5.01187234e+02  4.70465374e+01  5.01187234e+02  1.79999159e+02
 5.41169527e+02  4.70465375e+01  5.41169527e+02  1.79999092e+02
 5.84341413e+02  4.70465375e+01  5.84341413e+02  1.79999020e+02
 6.30957344e+02  4.70465375e+01  6.30957344e+02  1.79998942e+02
 6.81292069e+02  4.70465376e+01  6.81292069e+02  1.79998857e+02
 7.35642254e+02  4.70465376e+01  7.35642254e+02  1.79998766e+02
 7.94328235e+02  4.70465377e+01  7.94328235e+02  1.79998668e+02
 8.57695899e+02  4.70465377e+01  8.57695899e+02  1.79998561e+02
 9.26118728e+02  4.70465378e+01  9.26118728e+02  1.79998447e+02
 1.00000000e+03  4.70465379e+01  1.00000000e+03  1.79998323e+02
 1.07977516e+03  4.70465380e+01  1.07977516e+03  1.79998189e+02
 1.16591440e+03  4.70465382e+01  1.16591440e+03  1.79998044e+02
 1.25892541e+03  4.70465383e+01  1.25892541e+03  1.79997888e+02
 1.35935639e+03  4.70465385e+01  1.35935639e+03  1.79997720e+02
 1.46779927e+03  4.70465387e+01  1.46779927e+03  1.79997538e+02
 1.58489319e+03  4.70465389e+01  1.58489319e+03  1.79997341e+02
 1.71132830e+03  4.70465392e+01  1.71132830e+03  1.79997129e+02
 1.84784980e+03  4.70465395e+01  1.84784980e+03  1.79996900e+02
 1.99526231e+03  4.70465399e+01  1.99526231e+03  1.79996653e+02
 2.15443469e+03  4.70465403e+01  2.15443469e+03  1.79996386e+02
 2.32630507e+03  4.70465408e+01  2.32630507e+03  1.79996098e+02
 2.51188643e+03  4.70465414e+01  2.51188643e+03  1.79995787e+02
 2.71227258e+03  4.70465421e+01  2.71227258e+03  1.79995450e+02
 2.92864456e+03  4.70465429e+01  2.92864456e+03  1.79995087e+02
 3.16227766e+03  4.70465438e+01  3.16227766e+03  1.79994696e+02
 3.41454887e+03  4.70465449e+01  3.41454887e+03  1.79994272e+02
 3.68694506e+03  4.70465462e+01  3.68694506e+03  1.79993815e+02
 3.98107171e+03  4.70465477e+01  3.98107171e+03  1.79993322e+02
 4.29866235e+03  4.70465494e+01  4.29866235e+03  1.79992789e+02
 4.64158883e+03  4.70465514e+01  4.64158883e+03  1.79992214e+02
 5.01187234e+03  4.70465538e+01  5.01187234e+03  1.79991593e+02
 5.41169527e+03  4.70465565e+01  5.41169527e+03  1.79990922e+02
 5.84341413e+03  4.70465597e+01  5.84341413e+03  1.79990198e+02
 6.30957344e+03  4.70465635e+01  6.30957344e+03  1.79989416e+02
 6.81292069e+03  4.70465678e+01  6.81292069e+03  1.79988572e+02
 7.35642254e+03  4.70465729e+01  7.35642254e+03  1.79987660e+02
 7.94328235e+03  4.70465788e+01  7.94328235e+03  1.79986676e+02
 8.57695899e+03  4.70465857e+01  8.57695899e+03  1.79985613e+02
 9.26118728e+03  4.70465937e+01  9.26118728e+03  1.79984465e+02
 1.00000000e+04  4.70466031e+01  1.00000000e+04  1.79983226e+02
 1.07977516e+04  4.70466140e+01  1.07977516e+04  1.79981887e+02
 1.16591440e+04  4.70466267e+01  1.16591440e+04  1.79980442e+02
 1.25892541e+04  4.70466416e+01  1.25892541e+04  1.79978882e+02
 1.35935639e+04  4.70466589e+01  1.35935639e+04  1.79977197e+02
 1.46779927e+04  4.70466790e+01  1.46779927e+04  1.79975378e+02
 1.58489319e+04  4.70467025e+01  1.58489319e+04  1.79973414e+02
 1.71132830e+04  4.70467300e+01  1.71132830e+04  1.79971293e+02
 1.84784980e+04  4.70467619e+01  1.84784980e+04  1.79969003e+02
 1.99526231e+04  4.70467992e+01  1.99526231e+04  1.79966530e+02
 2.15443469e+04  4.70468427e+01  2.15443469e+04  1.79963859e+02
 2.32630507e+04  4.70468934e+01  2.32630507e+04  1.79960976e+02
 2.51188643e+04  4.70469525e+01  2.51188643e+04  1.79957862e+02
 2.71227258e+04  4.70470213e+01  2.71227258e+04  1.79954500e+02
 2.92864456e+04  4.70471016e+01  2.92864456e+04  1.79950869e+02
 3.16227766e+04  4.70471953e+01  3.16227766e+04  1.79946949e+02
 3.41454887e+04  4.70473045e+01  3.41454887e+04  1.79942716e+02
 3.68694506e+04  4.70474318e+01  3.68694506e+04  1.79938144e+02
 3.98107171e+04  4.70475802e+01  3.98107171e+04  1.79933208e+02
 4.29866235e+04  4.70477532e+01  4.29866235e+04  1.79927877e+02
 4.64158883e+04  4.70479550e+01  4.64158883e+04  1.79922121e+02
 5.01187234e+04  4.70481903e+01  5.01187234e+04  1.79915904e+02
 5.41169527e+04  4.70484645e+01  5.41169527e+04  1.79909191e+02
 5.84341413e+04  4.70487844e+01  5.84341413e+04  1.79901941e+02
 6.30957344e+04  4.70491572e+01  6.30957344e+04  1.79894111e+02
 6.81292069e+04  4.70495920e+01  6.81292069e+04  1.79885654e+02
 7.35642254e+04  4.70500989e+01  7.35642254e+04  1.79876520e+02
 7.94328235e+04  4.70506900e+01  7.94328235e+04  1.79866655e+02
 8.57695899e+04  4.70513792e+01  8.57695899e+04  1.79855999e+02
 9.26118728e+04  4.70521827e+01  9.26118728e+04  1.79844488e+02
 1.00000000e+05  4.70531197e+01  1.00000000e+05  1.79832052e+02
 1.07977516e+05  4.70542124e+01  1.07977516e+05  1.79818617e+02
 1.16591440e+05  4.70554864e+01  1.16591440e+05  1.79804101e+02
 1.25892541e+05  4.70569720e+01  1.25892541e+05  1.79788414e+02
 1.35935639e+05  4.70587047e+01  1.35935639e+05  1.79771461e+02
 1.46779927e+05  4.70607249e+01  1.46779927e+05  1.79753136e+02
 1.58489319e+05  4.70630809e+01  1.58489319e+05  1.79733325e+02
 1.71132830e+05  4.70658288e+01  1.71132830e+05  1.79711903e+02
 1.84784980e+05  4.70690339e+01  1.84784980e+05  1.79688734e+02
 1.99526231e+05  4.70727715e+01  1.99526231e+05  1.79663668e+02
 2.15443469e+05  4.70771316e+01  2.15443469e+05  1.79636541e+02
 2.32630507e+05  4.70822180e+01  2.32630507e+05  1.79607174e+02
 2.51188643e+05  4.70881519e+01  2.51188643e+05  1.79575367e+02
 2.71227258e+05  4.70950751e+01  2.71227258e+05  1.79540899e+02
 2.92864456e+05  4.71031541e+01  2.92864456e+05  1.79503528e+02
 3.16227766e+05  4.71125832e+01  3.16227766e+05  1.79462980e+02
 3.41454887e+05  4.71235887e+01  3.41454887e+05  1.79418950e+02
 3.68694506e+05  4.71364381e+01  3.68694506e+05  1.79371096e+02
 3.98107171e+05  4.71514416e+01  3.98107171e+05  1.79319030e+02
 4.29866235e+05  4.71689666e+01  4.29866235e+05  1.79262311e+02
 4.64158883e+05  4.71894431e+01  4.64158883e+05  1.79200433e+02
 5.01187234e+05  4.72133792e+01  5.01187234e+05  1.79132816e+02
 5.41169527e+05  4.72413667e+01  5.41169527e+05  1.79058783e+02
 5.84341413e+05  4.72741081e+01  5.84341413e+05  1.78977546e+02
 6.30957344e+05  4.73124337e+01  6.30957344e+05  1.78888171e+02
 6.81292069e+05  4.73573315e+01  6.81292069e+05  1.78789549e+02
 7.35642254e+05  4.74099680e+01  7.35642254e+05  1.78680350e+02
 7.94328235e+05  4.74717309e+01  7.94328235e+05  1.78558954e+02
 8.57695899e+05  4.75442808e+01  8.57695899e+05  1.78423386e+02
 9.26118728e+05  4.76296233e+01  9.26118728e+05  1.78271189e+02
 1.00000000e+06  4.77301660e+01  1.00000000e+06  1.78099293e+02
 1.07977516e+06  4.78488530e+01  1.07977516e+06  1.77903788e+02
 1.16591440e+06  4.79892381e+01  1.16591440e+06  1.77679658e+02
 1.25892541e+06  4.81557406e+01  1.25892541e+06  1.77420337e+02
 1.35935639e+06  4.83538562e+01  1.35935639e+06  1.77117109e+02
 1.46779927e+06  4.85905178e+01  1.46779927e+06  1.76758176e+02
 1.58489319e+06  4.88744926e+01  1.58489319e+06  1.76327217e+02
 1.71132830e+06  4.92173127e+01  1.71132830e+06  1.75801022e+02
 1.84784980e+06  4.96340062e+01  1.84784980e+06  1.75145712e+02
 1.99526231e+06  5.01452008e+01  1.99526231e+06  1.74309857e+02
 2.15443469e+06  5.07792604e+01  2.15443469e+06  1.73211829e+02
 2.32630507e+06  5.15775782e+01  2.32630507e+06  1.71714720e+02
 2.51188643e+06  5.26017623e+01  2.51188643e+06  1.69571543e+02
 2.71227258e+06  5.39488605e+01  2.71227258e+06  1.66291990e+02
 2.92864456e+06  5.57754830e+01  2.92864456e+06  1.60770176e+02
 3.16227766e+06  5.83113064e+01  3.16227766e+06  1.50056468e+02
 3.41454887e+06  6.14585220e+01  3.41454887e+06  1.25325306e+02
 3.68694506e+06  6.18630705e+01  3.68694506e+06  7.79338200e+01
 3.98107171e+06  5.76947662e+01  3.98107171e+06  4.41351792e+01
 4.29866235e+06  5.35090986e+01  4.29866235e+06  2.98569155e+01
 4.64158883e+06  5.01021351e+01  4.64158883e+06  2.30575874e+01
 5.01187234e+06  4.72522218e+01  5.01187234e+06  1.93040682e+01
 5.41169527e+06  4.47735669e+01  5.41169527e+06  1.70387128e+01
 5.84341413e+06  4.25505410e+01  5.84341413e+06  1.56110182e+01
 6.30957344e+06  4.05090751e+01  6.30957344e+06  1.47093453e+01
 6.81292069e+06  3.86018895e+01  6.81292069e+06  1.41665941e+01
 7.35642254e+06  3.67952156e+01  7.35642254e+06  1.38877143e+01
 7.94328235e+06  3.50658123e+01  7.94328235e+06  1.38169634e+01
 8.57695899e+06  3.33966308e+01  8.57695899e+06  1.39178548e+01
 9.26118728e+06  3.17728442e+01  9.26118728e+06  1.41698664e+01
 1.00000000e+07  3.01848957e+01  1.00000000e+07  1.45613388e+01
 1.07977516e+07  2.86240719e+01  1.07977516e+07  1.50891664e+01
 1.16591440e+07  2.70828358e+01  1.16591440e+07  1.57477743e+01
 1.25892541e+07  2.55544950e+01  1.25892541e+07  1.65454614e+01
 1.35935639e+07  2.40353808e+01  1.35935639e+07  1.74791641e+01
 1.46779927e+07  2.25175353e+01  1.46779927e+07  1.85775039e+01
 1.58489319e+07  2.09991762e+01  1.58489319e+07  1.98603330e+01
 1.71132830e+07  1.94744863e+01  1.71132830e+07  2.13379485e+01
 1.84784980e+07  1.79363594e+01  1.84784980e+07  2.30232181e+01
 1.99526231e+07  1.63803466e+01  1.99526231e+07  2.50055747e+01
 2.15443469e+07  1.48041135e+01  2.15443469e+07  2.72826012e+01
 2.32630507e+07  1.32021770e+01  2.32630507e+07  3.00103960e+01
 2.51188643e+07  1.15746408e+01  2.51188643e+07  3.31766868e+01
 2.71227258e+07  9.90679310e+00  2.71227258e+07  3.70455522e+01
 2.92864456e+07  8.20576341e+00  2.92864456e+07  4.16940157e+01
 3.16227766e+07  6.47475705e+00  3.16227766e+07  4.73142611e+01
 3.41454887e+07  4.76678559e+00  3.41454887e+07  5.43447243e+01
 3.68694506e+07  3.08245796e+00  3.68694506e+07  6.28039118e+01
 3.98107171e+07  1.52956661e+00  3.98107171e+07  7.32310026e+01
 4.29866235e+07  2.53485590e-01  4.29866235e+07  8.60539816e+01
 4.64158883e+07  -6.08572482e-01  4.64158883e+07  9.91695865e+01
 5.01187234e+07  -9.83050006e-01  5.01187234e+07  1.13176173e+02
 5.41169527e+07  -9.93147712e-01  5.41169527e+07  1.25796195e+02
 5.84341413e+07  -7.48610878e-01  5.84341413e+07  1.36173627e+02
 6.30957344e+07  -2.81503014e-01  6.30957344e+07  1.45155727e+02
 6.81292069e+07  1.92448727e-01  6.81292069e+07  1.53187139e+02
 7.35642254e+07  6.62398631e-01  7.35642254e+07  1.58553745e+02
 7.94328235e+07  1.13017076e+00  7.94328235e+07  1.63370676e+02
 8.57695899e+07  1.51935477e+00  8.57695899e+07  1.68286575e+02
 9.26118728e+07  1.90065087e+00  9.26118728e+07  1.71913603e+02
 1.00000000e+08  2.34807057e+00  1.00000000e+08  1.75090465e+02
 1.07977516e+08  2.61437754e+00  1.07977516e+08  1.78182253e+02
 1.16591440e+08  3.06773570e+00  1.16591440e+08  1.80870949e+02
 1.25892541e+08  3.41607916e+00  1.25892541e+08  1.82998876e+02
 1.35935639e+08  3.85481667e+00  1.35935639e+08  1.85318162e+02
 1.46779927e+08  4.23606272e+00  1.46779927e+08  1.86682784e+02
 1.58489319e+08  4.67512907e+00  1.58489319e+08  1.88700436e+02
 1.71132830e+08  4.71384791e+00  1.71132830e+08  1.89602691e+02
 1.84784980e+08  5.13254614e+00  1.84784980e+08  1.90677414e+02
 1.99526231e+08  5.22398056e+00  1.99526231e+08  1.91367757e+02
 2.15443469e+08  6.10524069e+00  2.15443469e+08  1.91244184e+02
 2.32630507e+08  5.83572040e+00  2.32630507e+08  1.91386833e+02
 2.51188643e+08  6.92226729e+00  2.51188643e+08  1.90818762e+02
 2.71227258e+08  6.89292593e+00  2.71227258e+08  1.90513182e+02
 2.92864456e+08  6.94914560e+00  2.92864456e+08  1.89501448e+02
 3.16227766e+08  7.13951043e+00  3.16227766e+08  1.88667693e+02
 3.41454887e+08  8.45155650e+00  3.41454887e+08  1.87959879e+02
 3.68694506e+08  7.24006792e+00  3.68694506e+08  1.86947848e+02
 3.98107171e+08  7.00299285e+00  3.98107171e+08  1.86045706e+02
 4.29866235e+08  5.73535838e+00  4.29866235e+08  1.85068070e+02
 4.64158883e+08  6.91326670e+00  4.64158883e+08  1.84381797e+02
 5.01187234e+08  4.27551199e+00  5.01187234e+08  1.83481877e+02
 5.41169527e+08  7.78316373e+00  5.41169527e+08  1.83052495e+02
 5.84341413e+08  6.43807208e+00  5.84341413e+08  1.82483298e+02
 6.30957344e+08  7.58931278e+00  6.30957344e+08  1.82251645e+02
 6.81292069e+08  6.21745976e+00  6.81292069e+08  1.81707566e+02
 7.35642254e+08  8.39844305e+00  7.35642254e+08  1.80739644e+02
 7.94328235e+08  7.06250628e+00  7.94328235e+08  1.81213335e+02
 8.57695899e+08  1.17127663e+01  8.57695899e+08  1.80006853e+02
 9.26118728e+08  4.33297264e+00  9.26118728e+08  1.80568096e+02
 1.00000000e+09  4.91267163e+01  1.00000000e+09  9.17465235e+01
