 1.00000000e+00  4.70465373e+01  1.00000000e+00  1.79999998e+02
 1.07977516e+00  4.70465373e+01  1.07977516e+00  1.79999998e+02
 1.16591440e+00  4.70465373e+01  1.16591440e+00  1.79999998e+02
 1.25892541e+00  4.70465373e+01  1.25892541e+00  1.79999998e+02
 1.35935639e+00  4.70465373e+01  1.35935639e+00  1.79999998e+02
 1.46779927e+00  4.70465373e+01  1.46779927e+00  1.79999998e+02
 1.58489319e+00  4.70465373e+01  1.58489319e+00  1.79999997e+02
 1.71132830e+00  4.70465373e+01  1.71132830e+00  1.79999997e+02
 1.84784980e+00  4.70465373e+01  1.84784980e+00  1.79999997e+02
 1.99526231e+00  4.70465373e+01  1.99526231e+00  1.79999997e+02
 2.15443469e+00  4.70465373e+01  2.15443469e+00  1.79999997e+02
 2.32630507e+00  4.70465373e+01  2.32630507e+00  1.79999996e+02
 2.51188643e+00  4.70465373e+01  2.51188643e+00  1.79999996e+02
 2.71227258e+00  4.70465373e+01  2.71227258e+00  1.79999996e+02
 2.92864456e+00  4.70465373e+01  2.92864456e+00  1.79999995e+02
 3.16227766e+00  4.70465373e+01  3.16227766e+00  1.79999995e+02
 3.41454887e+00  4.70465373e+01  3.41454887e+00  1.79999995e+02
 3.68694506e+00  4.70465373e+01  3.68694506e+00  1.79999994e+02
 3.98107171e+00  4.70465373e+01  3.98107171e+00  1.79999994e+02
 4.29866235e+00  4.70465373e+01  4.29866235e+00  1.79999993e+02
 4.64158883e+00  4.70465373e+01  4.64158883e+00  1.79999993e+02
 5.01187234e+00  4.70465373e+01  5.01187234e+00  1.79999992e+02
 5.41169527e+00  4.70465373e+01  5.41169527e+00  1.79999991e+02
 5.84341413e+00  4.70465373e+01  5.84341413e+00  1.79999991e+02
 6.30957344e+00  4.70465373e+01  6.30957344e+00  1.79999990e+02
 6.81292069e+00  4.70465373e+01  6.81292069e+00  1.79999989e+02
 7.35642254e+00  4.70465373e+01  7.35642254e+00  1.79999988e+02
 7.94328235e+00  4.70465373e+01  7.94328235e+00  1.79999987e+02
 8.57695899e+00  4.70465373e+01  8.57695899e+00  1.79999986e+02
 9.26118728e+00  4.70465373e+01  9.26118728e+00  1.79999985e+02
 1.00000000e+01  4.70465373e+01  1.00000000e+01  1.79999984e+02
 1.07977516e+01  4.70465373e+01  1.07977516e+01  1.79999983e+02
 1.16591440e+01  4.70465373e+01  1.16591440e+01  1.79999981e+02
 1.25892541e+01  4.70465373e+01  1.25892541e+01  1.79999980e+02
 1.35935639e+01  4.70465373e+01  1.35935639e+01  1.79999978e+02
 1.46779927e+01  4.70465373e+01  1.46779927e+01  1.79999977e+02
 1.58489319e+01  4.70465373e+01  1.58489319e+01  1.79999975e+02
 1.71132830e+01  4.70465373e+01  1.71132830e+01  1.79999973e+02
 1.84784980e+01  4.70465373e+01  1.84784980e+01  1.79999971e+02
 1.99526231e+01  4.70465373e+01  1.99526231e+01  1.79999968e+02
 2.15443469e+01  4.70465373e+01  2.15443469e+01  1.79999966e+02
 2.32630507e+01  4.70465373e+01  2.32630507e+01  1.79999963e+02
 2.51188643e+01  4.70465373e+01  2.51188643e+01  1.79999960e+02
 2.71227258e+01  4.70465373e+01  2.71227258e+01  1.79999957e+02
 2.92864456e+01  4.70465373e+01  2.92864456e+01  1.79999954e+02
 3.16227766e+01  4.70465373e+01  3.16227766e+01  1.79999950e+02
 3.41454887e+01  4.70465373e+01  3.41454887e+01  1.79999946e+02
 3.68694506e+01  4.70465373e+01  3.68694506e+01  1.79999941e+02
 3.98107171e+01  4.70465373e+01  3.98107171e+01  1.79999937e+02
 4.29866235e+01  4.70465373e+01  4.29866235e+01  1.79999932e+02
 4.64158883e+01  4.70465373e+01  4.64158883e+01  1.79999926e+02
 5.01187234e+01  4.70465373e+01  5.01187234e+01  1.79999920e+02
 5.41169527e+01  4.70465373e+01  5.41169527e+01  1.79999914e+02
 5.84341413e+01  4.70465373e+01  5.84341413e+01  1.79999907e+02
 6.30957344e+01  4.70465373e+01  6.30957344e+01  1.79999900e+02
 6.81292069e+01  4.70465373e+01  6.81292069e+01  1.79999892e+02
 7.35642254e+01  4.70465373e+01  7.35642254e+01  1.79999883e+02
 7.94328235e+01  4.70465373e+01  7.94328235e+01  1.79999874e+02
 8.57695899e+01  4.70465373e+01  8.57695899e+01  1.79999864e+02
 9.26118728e+01  4.70465373e+01  9.26118728e+01  1.79999853e+02
 1.00000000e+02  4.70465373e+01  1.00000000e+02  1.79999841e+02
 1.07977516e+02  4.70465373e+01  1.07977516e+02  1.79999829e+02
 1.16591440e+02  4.70465373e+01  1.16591440e+02  1.79999815e+02
 1.25892541e+02  4.70465373e+01  1.25892541e+02  1.79999800e+02
 1.35935639e+02  4.70465373e+01  1.35935639e+02  1.79999784e+02
 1.46779927e+02  4.70465373e+01  1.46779927e+02  1.79999767e+02
 1.58489319e+02  4.70465373e+01  1.58489319e+02  1.79999748e+02
 1.71132830e+02  4.70465373e+01  1.71132830e+02  1.79999728e+02
 1.84784980e+02  4.70465373e+01  1.84784980e+02  1.79999707e+02
 1.99526231e+02  4.70465373e+01  1.99526231e+02  1.79999683e+02
 2.15443469e+02  4.70465373e+01  2.15443469e+02  1.79999658e+02
 2.32630507e+02  4.70465373e+01  2.32630507e+02  1.79999631e+02
 2.51188643e+02  4.70465373e+01  2.51188643e+02  1.79999601e+02
 2.71227258e+02  4.70465373e+01  2.71227258e+02  1.79999569e+02
 2.92864456e+02  4.70465373e+01  2.92864456e+02  1.79999535e+02
 3.16227766e+02  4.70465373e+01  3.16227766e+02  1.79999498e+02
 3.41454887e+02  4.70465373e+01  3.41454887e+02  1.79999458e+02
 3.68694506e+02  4.70465374e+01  3.68694506e+02  1.79999415e+02
 3.98107171e+02  4.70465374e+01  3.98107171e+02  1.79999368e+02
 4.29866235e+02  4.70465374e+01  4.29866235e+02  1.79999317e+02
 4.64158883e+02  4.70465374e+01  4.64158883e+02  1.79999263e+02
 5.01187234e+02  4.70465374e+01  5.01187234e+02  1.79999204e+02
 5.41169527e+02  4.70465375e+01  5.41169527e+02  1.79999141e+02
 5.84341413e+02  4.70465375e+01  5.84341413e+02  1.79999072e+02
 6.30957344e+02  4.70465375e+01  6.30957344e+02  1.79998998e+02
 6.81292069e+02  4.70465376e+01  6.81292069e+02  1.79998918e+02
 7.35642254e+02  4.70465376e+01  7.35642254e+02  1.79998832e+02
 7.94328235e+02  4.70465377e+01  7.94328235e+02  1.79998739e+02
 8.57695899e+02  4.70465377e+01  8.57695899e+02  1.79998638e+02
 9.26118728e+02  4.70465378e+01  9.26118728e+02  1.79998530e+02
 1.00000000e+03  4.70465379e+01  1.00000000e+03  1.79998412e+02
 1.07977516e+03  4.70465380e+01  1.07977516e+03  1.79998286e+02
 1.16591440e+03  4.70465382e+01  1.16591440e+03  1.79998149e+02
 1.25892541e+03  4.70465383e+01  1.25892541e+03  1.79998001e+02
 1.35935639e+03  4.70465385e+01  1.35935639e+03  1.79997842e+02
 1.46779927e+03  4.70465387e+01  1.46779927e+03  1.79997670e+02
 1.58489319e+03  4.70465389e+01  1.58489319e+03  1.79997484e+02
 1.71132830e+03  4.70465392e+01  1.71132830e+03  1.79997283e+02
 1.84784980e+03  4.70465395e+01  1.84784980e+03  1.79997066e+02
 1.99526231e+03  4.70465399e+01  1.99526231e+03  1.79996832e+02
 2.15443469e+03  4.70465403e+01  2.15443469e+03  1.79996579e+02
 2.32630507e+03  4.70465408e+01  2.32630507e+03  1.79996306e+02
 2.51188643e+03  4.70465414e+01  2.51188643e+03  1.79996012e+02
 2.71227258e+03  4.70465421e+01  2.71227258e+03  1.79995694e+02
 2.92864456e+03  4.70465429e+01  2.92864456e+03  1.79995350e+02
 3.16227766e+03  4.70465439e+01  3.16227766e+03  1.79994979e+02
 3.41454887e+03  4.70465450e+01  3.41454887e+03  1.79994579e+02
 3.68694506e+03  4.70465462e+01  3.68694506e+03  1.79994146e+02
 3.98107171e+03  4.70465477e+01  3.98107171e+03  1.79993679e+02
 4.29866235e+03  4.70465495e+01  4.29866235e+03  1.79993175e+02
 4.64158883e+03  4.70465515e+01  4.64158883e+03  1.79992630e+02
 5.01187234e+03  4.70465538e+01  5.01187234e+03  1.79992042e+02
 5.41169527e+03  4.70465566e+01  5.41169527e+03  1.79991408e+02
 5.84341413e+03  4.70465598e+01  5.84341413e+03  1.79990722e+02
 6.30957344e+03  4.70465635e+01  6.30957344e+03  1.79989982e+02
 6.81292069e+03  4.70465679e+01  6.81292069e+03  1.79989183e+02
 7.35642254e+03  4.70465730e+01  7.35642254e+03  1.79988320e+02
 7.94328235e+03  4.70465789e+01  7.94328235e+03  1.79987388e+02
 8.57695899e+03  4.70465858e+01  8.57695899e+03  1.79986382e+02
 9.26118728e+03  4.70465938e+01  9.26118728e+03  1.79985295e+02
 1.00000000e+04  4.70466032e+01  1.00000000e+04  1.79984122e+02
 1.07977516e+04  4.70466142e+01  1.07977516e+04  1.79982856e+02
 1.16591440e+04  4.70466269e+01  1.16591440e+04  1.79981488e+02
 1.25892541e+04  4.70466418e+01  1.25892541e+04  1.79980011e+02
 1.35935639e+04  4.70466592e+01  1.35935639e+04  1.79978416e+02
 1.46779927e+04  4.70466794e+01  1.46779927e+04  1.79976694e+02
 1.58489319e+04  4.70467030e+01  1.58489319e+04  1.79974835e+02
 1.71132830e+04  4.70467305e+01  1.71132830e+04  1.79972827e+02
 1.84784980e+04  4.70467625e+01  1.84784980e+04  1.79970660e+02
 1.99526231e+04  4.70467999e+01  1.99526231e+04  1.79968319e+02
 2.15443469e+04  4.70468435e+01  2.15443469e+04  1.79965791e+02
 2.32630507e+04  4.70468943e+01  2.32630507e+04  1.79963062e+02
 2.51188643e+04  4.70469535e+01  2.51188643e+04  1.79960114e+02
 2.71227258e+04  4.70470226e+01  2.71227258e+04  1.79956932e+02
 2.92864456e+04  4.70471031e+01  2.92864456e+04  1.79953495e+02
 3.16227766e+04  4.70471970e+01  3.16227766e+04  1.79949785e+02
 3.41454887e+04  4.70473065e+01  3.41454887e+04  1.79945778e+02
 3.68694506e+04  4.70474341e+01  3.68694506e+04  1.79941450e+02
 3.98107171e+04  4.70475829e+01  3.98107171e+04  1.79936778e+02
 4.29866235e+04  4.70477564e+01  4.29866235e+04  1.79931732e+02
 4.64158883e+04  4.70479587e+01  4.64158883e+04  1.79926283e+02
 5.01187234e+04  4.70481945e+01  5.01187234e+04  1.79920398e+02
 5.41169527e+04  4.70484695e+01  5.41169527e+04  1.79914043e+02
 5.84341413e+04  4.70487902e+01  5.84341413e+04  1.79907180e+02
 6.30957344e+04  4.70491640e+01  6.30957344e+04  1.79899768e+02
 6.81292069e+04  4.70495999e+01  6.81292069e+04  1.79891763e+02
 7.35642254e+04  4.70501082e+01  7.35642254e+04  1.79883116e+02
 7.94328235e+04  4.70507007e+01  7.94328235e+04  1.79873777e+02
 8.57695899e+04  4.70513918e+01  8.57695899e+04  1.79863689e+02
 9.26118728e+04  4.70521974e+01  9.26118728e+04  1.79852791e+02
 1.00000000e+05  4.70531369e+01  1.00000000e+05  1.79841018e+02
 1.07977516e+05  4.70542322e+01  1.07977516e+05  1.79828298e+02
 1.16591440e+05  4.70555096e+01  1.16591440e+05  1.79814554e+02
 1.25892541e+05  4.70569990e+01  1.25892541e+05  1.79799700e+02
 1.35935639e+05  4.70587362e+01  1.35935639e+05  1.79783647e+02
 1.46779927e+05  4.70607617e+01  1.46779927e+05  1.79766294e+02
 1.58489319e+05  4.70631240e+01  1.58489319e+05  1.79747532e+02
 1.71132830e+05  4.70658787e+01  1.71132830e+05  1.79727243e+02
 1.84784980e+05  4.70690922e+01  1.84784980e+05  1.79705296e+02
 1.99526231e+05  4.70728392e+01  1.99526231e+05  1.79681550e+02
 2.15443469e+05  4.70772105e+01  2.15443469e+05  1.79655848e+02
 2.32630507e+05  4.70823105e+01  2.32630507e+05  1.79628019e+02
 2.51188643e+05  4.70882588e+01  2.51188643e+05  1.79597872e+02
 2.71227258e+05  4.70952009e+01  2.71227258e+05  1.79565197e+02
 2.92864456e+05  4.71033004e+01  2.92864456e+05  1.79529759e+02
 3.16227766e+05  4.71127540e+01  3.16227766e+05  1.79491299e+02
 3.41454887e+05  4.71237872e+01  3.41454887e+05  1.79449521e+02
 3.68694506e+05  4.71366693e+01  3.68694506e+05  1.79404098e+02
 3.98107171e+05  4.71517106e+01  3.98107171e+05  1.79354654e+02
 4.29866235e+05  4.71692799e+01  4.29866235e+05  1.79300764e+02
 4.64158883e+05  4.71898096e+01  4.64158883e+05  1.79241937e+02
 5.01187234e+05  4.72138068e+01  5.01187234e+05  1.79177610e+02
 5.41169527e+05  4.72418651e+01  5.41169527e+05  1.79107124e+02
 5.84341413e+05  4.72746895e+01  5.84341413e+05  1.79029710e+02
 6.30957344e+05  4.73131157e+01  6.30957344e+05  1.78944455e+02
 6.81292069e+05  4.73581143e+01  6.81292069e+05  1.78850271e+02
 7.35642254e+05  4.74108851e+01  7.35642254e+05  1.78745849e+02
 7.94328235e+05  4.74727936e+01  7.94328235e+05  1.78629597e+02
 8.57695899e+05  4.75455244e+01  8.57695899e+05  1.78499561e+02
 9.26118728e+05  4.76310727e+01  9.26118728e+05  1.78353310e+02
 1.00000000e+06  4.77318457e+01  1.00000000e+06  1.78187802e+02
 1.07977516e+06  4.78508095e+01  1.07977516e+06  1.77999151e+02
 1.16591440e+06  4.79915186e+01  1.16591440e+06  1.77782373e+02
 1.25892541e+06  4.81583936e+01  1.25892541e+06  1.77530923e+02
 1.35935639e+06  4.83569504e+01  1.35935639e+06  1.77236110e+02
 1.46779927e+06  4.85941143e+01  1.46779927e+06  1.76886160e+02
 1.58489319e+06  4.88786640e+01  1.58489319e+06  1.76464773e+02
 1.71132830e+06  4.92221394e+01  1.71132830e+06  1.75948766e+02
 1.84784980e+06  4.96396463e+01  1.84784980e+06  1.75304259e+02
 1.99526231e+06  5.01516562e+01  1.99526231e+06  1.74479820e+02
 2.15443469e+06  5.07868023e+01  2.15443469e+06  1.73393840e+02
 2.32630507e+06  5.15862983e+01  2.32630507e+06  1.71909345e+02
 2.51188643e+06  5.26118196e+01  2.51188643e+06  1.69779330e+02
 2.71227258e+06  5.39604603e+01  2.71227258e+06  1.66513472e+02
 2.92864456e+06  5.57889747e+01  2.92864456e+06  1.61005666e+02
 3.16227766e+06  5.83266290e+01  3.16227766e+06  1.50306491e+02
 3.41454887e+06  6.14760827e+01  3.41454887e+06  1.25589923e+02
 3.68694506e+06  6.18833515e+01  3.68694506e+06  7.82128947e+01
 3.98107171e+06  5.77177954e+01  3.98107171e+06  4.44285938e+01
 4.29866235e+06  5.35353639e+01  4.29866235e+06  3.01642946e+01
 4.64158883e+06  5.01318808e+01  4.64158883e+06  2.33778868e+01
 5.01187234e+06  4.72860323e+01  5.01187234e+06  1.96362857e+01
 5.41169527e+06  4.48115699e+01  5.41169527e+06  1.73815245e+01
 5.84341413e+06  4.25930130e+01  5.84341413e+06  1.59623237e+01
 6.30957344e+06  4.05566326e+01  6.30957344e+06  1.50664744e+01
 6.81292069e+06  3.86544097e+01  6.81292069e+06  1.45276107e+01
 7.35642254e+06  3.68535550e+01  7.35642254e+06  1.42491000e+01
 7.94328235e+06  3.51296854e+01  7.94328235e+06  1.41743199e+01
 8.57695899e+06  3.34657661e+01  8.57695899e+06  1.42676171e+01
 9.26118728e+06  3.18484721e+01  9.26118728e+06  1.45073500e+01
 1.00000000e+07  3.02663876e+01  1.00000000e+07  1.48850793e+01
 1.07977516e+07  2.87114455e+01  1.07977516e+07  1.53908454e+01
 1.16591440e+07  2.71752345e+01  1.16591440e+07  1.60228940e+01
 1.25892541e+07  2.56516061e+01  1.25892541e+07  1.67967075e+01
 1.35935639e+07  2.41392552e+01  1.35935639e+07  1.76959834e+01
 1.46779927e+07  2.26251376e+01  1.46779927e+07  1.87594259e+01
 1.58489319e+07  2.11089029e+01  1.58489319e+07  1.99955253e+01
 1.71132830e+07  1.95871807e+01  1.71132830e+07  2.14206538e+01
 1.84784980e+07  1.80542871e+01  1.84784980e+07  2.30700542e+01
 1.99526231e+07  1.65012535e+01  1.99526231e+07  2.49934681e+01
 2.15443469e+07  1.49268676e+01  2.15443469e+07  2.72407209e+01
 2.32630507e+07  1.33281950e+01  2.32630507e+07  2.98745583e+01
 2.51188643e+07  1.16974875e+01  2.51188643e+07  3.30046383e+01
 2.71227258e+07  1.00257158e+01  2.71227258e+07  3.67304023e+01
 2.92864456e+07  8.32531556e+00  2.92864456e+07  4.12939521e+01
 3.16227766e+07  6.58568761e+00  3.16227766e+07  4.68669772e+01
 3.41454887e+07  4.86819934e+00  3.41454887e+07  5.37803434e+01
 3.68694506e+07  3.17440007e+00  3.68694506e+07  6.22570159e+01
 3.98107171e+07  1.60522449e+00  3.98107171e+07  7.25113437e+01
 4.29866235e+07  3.10010993e-01  4.29866235e+07  8.50851135e+01
 4.64158883e+07  -5.77955979e-01  4.64158883e+07  9.88277326e+01
 5.01187234e+07  -1.04740202e+00  5.01187234e+07  1.12693900e+02
 5.41169527e+07  -1.01352560e+00  5.41169527e+07  1.24897241e+02
 5.84341413e+07  -6.88806002e-01  5.84341413e+07  1.35021457e+02
 6.30957344e+07  -3.37814562e-01  6.30957344e+07  1.44910357e+02
 6.81292069e+07  1.46707042e-01  6.81292069e+07  1.51858589e+02
 7.35642254e+07  6.09289399e-01  7.35642254e+07  1.58050902e+02
 7.94328235e+07  1.13017076e+00  7.94328235e+07  1.63370676e+02
 8.57695899e+07  1.58891599e+00  8.57695899e+07  1.67791561e+02
 9.26118728e+07  1.97261126e+00  9.26118728e+07  1.71826019e+02
 1.00000000e+08  2.25836538e+00  1.00000000e+08  1.75179089e+02
 1.07977516e+08  2.89198122e+00  1.07977516e+08  1.77978789e+02
 1.16591440e+08  3.06255387e+00  1.16591440e+08  1.80660479e+02
 1.25892541e+08  3.53803054e+00  1.25892541e+08  1.82815288e+02
 1.35935639e+08  3.98811569e+00  1.35935639e+08  1.84772204e+02
 1.46779927e+08  4.23259843e+00  1.46779927e+08  1.86579624e+02
 1.58489319e+08  4.66978697e+00  1.58489319e+08  1.88188254e+02
 1.71132830e+08  4.71184812e+00  1.71132830e+08  1.89441662e+02
 1.84784980e+08  5.13145063e+00  1.84784980e+08  1.90575502e+02
 1.99526231e+08  5.79428571e+00  1.99526231e+08  1.90802936e+02
 2.15443469e+08  5.76157843e+00  2.15443469e+08  1.91129372e+02
 2.32630507e+08  6.21803711e+00  2.32630507e+08  1.91533360e+02
 2.51188643e+08  6.92226729e+00  2.51188643e+08  1.90818762e+02
 2.71227258e+08  6.88786347e+00  2.71227258e+08  1.90022039e+02
 2.92864456e+08  7.58632914e+00  2.92864456e+08  1.89234505e+02
 3.16227766e+08  7.88911491e+00  3.16227766e+08  1.88475951e+02
 3.41454887e+08  8.45119612e+00  3.41454887e+08  1.87774807e+02
 3.68694506e+08  7.24006792e+00  3.68694506e+08  1.86947848e+02
 3.98107171e+08  8.15489086e+00  3.98107171e+08  1.85828535e+02
 4.29866235e+08  5.73554012e+00  4.29866235e+08  1.85193840e+02
 4.64158883e+08  8.48668389e+00  4.64158883e+08  1.84305682e+02
 5.01187234e+08  7.18712698e+00  5.01187234e+08  1.83815784e+02
 5.41169527e+08  1.02681358e+01  5.41169527e+08  1.82862233e+02
 5.84341413e+08  6.43794272e+00  5.84341413e+08  1.82394214e+02
 6.30957344e+08  1.10926887e+01  6.30957344e+08  1.82299018e+02
 6.81292069e+08  6.21745976e+00  6.81292069e+08  1.81707566e+02
 7.35642254e+08  8.39887253e+00  7.35642254e+08  1.80824175e+02
 7.94328235e+08  7.04821152e+00  7.94328235e+08  1.81539602e+02
 8.57695899e+08  5.69345189e+00  8.57695899e+08  1.80418639e+02
 9.26118728e+08  4.33828930e+00  9.26118728e+08  1.80772376e+02
 1.00000000e+09  4.91267163e+01  1.00000000e+09  9.17465235e+01
