 1.00000000e+00  4.69783261e+01  1.00000000e+00  1.79999998e+02
 1.07977516e+00  4.69783261e+01  1.07977516e+00  1.79999998e+02
 1.16591440e+00  4.69783261e+01  1.16591440e+00  1.79999997e+02
 1.25892541e+00  4.69783261e+01  1.25892541e+00  1.79999997e+02
 1.35935639e+00  4.69783261e+01  1.35935639e+00  1.79999997e+02
 1.46779927e+00  4.69783261e+01  1.46779927e+00  1.79999997e+02
 1.58489319e+00  4.69783261e+01  1.58489319e+00  1.79999997e+02
 1.71132830e+00  4.69783261e+01  1.71132830e+00  1.79999996e+02
 1.84784980e+00  4.69783261e+01  1.84784980e+00  1.79999996e+02
 1.99526231e+00  4.69783261e+01  1.99526231e+00  1.79999996e+02
 2.15443469e+00  4.69783261e+01  2.15443469e+00  1.79999995e+02
 2.32630507e+00  4.69783261e+01  2.32630507e+00  1.79999995e+02
 2.51188643e+00  4.69783261e+01  2.51188643e+00  1.79999995e+02
 2.71227258e+00  4.69783261e+01  2.71227258e+00  1.79999994e+02
 2.92864456e+00  4.69783261e+01  2.92864456e+00  1.79999994e+02
 3.16227766e+00  4.69783261e+01  3.16227766e+00  1.79999993e+02
 3.41454887e+00  4.69783261e+01  3.41454887e+00  1.79999993e+02
 3.68694506e+00  4.69783261e+01  3.68694506e+00  1.79999992e+02
 3.98107171e+00  4.69783261e+01  3.98107171e+00  1.79999991e+02
 4.29866235e+00  4.69783261e+01  4.29866235e+00  1.79999991e+02
 4.64158883e+00  4.69783261e+01  4.64158883e+00  1.79999990e+02
 5.01187234e+00  4.69783261e+01  5.01187234e+00  1.79999989e+02
 5.41169527e+00  4.69783261e+01  5.41169527e+00  1.79999988e+02
 5.84341413e+00  4.69783261e+01  5.84341413e+00  1.79999987e+02
 6.30957344e+00  4.69783261e+01  6.30957344e+00  1.79999986e+02
 6.81292069e+00  4.69783261e+01  6.81292069e+00  1.79999985e+02
 7.35642254e+00  4.69783261e+01  7.35642254e+00  1.79999984e+02
 7.94328235e+00  4.69783261e+01  7.94328235e+00  1.79999983e+02
 8.57695899e+00  4.69783261e+01  8.57695899e+00  1.79999981e+02
 9.26118728e+00  4.69783261e+01  9.26118728e+00  1.79999980e+02
 1.00000000e+01  4.69783261e+01  1.00000000e+01  1.79999978e+02
 1.07977516e+01  4.69783261e+01  1.07977516e+01  1.79999977e+02
 1.16591440e+01  4.69783261e+01  1.16591440e+01  1.79999975e+02
 1.25892541e+01  4.69783261e+01  1.25892541e+01  1.79999973e+02
 1.35935639e+01  4.69783261e+01  1.35935639e+01  1.79999971e+02
 1.46779927e+01  4.69783261e+01  1.46779927e+01  1.79999968e+02
 1.58489319e+01  4.69783261e+01  1.58489319e+01  1.79999966e+02
 1.71132830e+01  4.69783261e+01  1.71132830e+01  1.79999963e+02
 1.84784980e+01  4.69783261e+01  1.84784980e+01  1.79999960e+02
 1.99526231e+01  4.69783261e+01  1.99526231e+01  1.79999957e+02
 2.15443469e+01  4.69783261e+01  2.15443469e+01  1.79999953e+02
 2.32630507e+01  4.69783261e+01  2.32630507e+01  1.79999950e+02
 2.51188643e+01  4.69783261e+01  2.51188643e+01  1.79999946e+02
 2.71227258e+01  4.69783261e+01  2.71227258e+01  1.79999941e+02
 2.92864456e+01  4.69783261e+01  2.92864456e+01  1.79999937e+02
 3.16227766e+01  4.69783261e+01  3.16227766e+01  1.79999931e+02
 3.41454887e+01  4.69783261e+01  3.41454887e+01  1.79999926e+02
 3.68694506e+01  4.69783261e+01  3.68694506e+01  1.79999920e+02
 3.98107171e+01  4.69783261e+01  3.98107171e+01  1.79999914e+02
 4.29866235e+01  4.69783261e+01  4.29866235e+01  1.79999907e+02
 4.64158883e+01  4.69783261e+01  4.64158883e+01  1.79999899e+02
 5.01187234e+01  4.69783261e+01  5.01187234e+01  1.79999891e+02
 5.41169527e+01  4.69783261e+01  5.41169527e+01  1.79999883e+02
 5.84341413e+01  4.69783261e+01  5.84341413e+01  1.79999873e+02
 6.30957344e+01  4.69783261e+01  6.30957344e+01  1.79999863e+02
 6.81292069e+01  4.69783261e+01  6.81292069e+01  1.79999852e+02
 7.35642254e+01  4.69783261e+01  7.35642254e+01  1.79999841e+02
 7.94328235e+01  4.69783261e+01  7.94328235e+01  1.79999828e+02
 8.57695899e+01  4.69783261e+01  8.57695899e+01  1.79999814e+02
 9.26118728e+01  4.69783261e+01  9.26118728e+01  1.79999799e+02
 1.00000000e+02  4.69783261e+01  1.00000000e+02  1.79999783e+02
 1.07977516e+02  4.69783261e+01  1.07977516e+02  1.79999766e+02
 1.16591440e+02  4.69783261e+01  1.16591440e+02  1.79999747e+02
 1.25892541e+02  4.69783261e+01  1.25892541e+02  1.79999727e+02
 1.35935639e+02  4.69783261e+01  1.35935639e+02  1.79999705e+02
 1.46779927e+02  4.69783261e+01  1.46779927e+02  1.79999682e+02
 1.58489319e+02  4.69783261e+01  1.58489319e+02  1.79999657e+02
 1.71132830e+02  4.69783261e+01  1.71132830e+02  1.79999629e+02
 1.84784980e+02  4.69783262e+01  1.84784980e+02  1.79999600e+02
 1.99526231e+02  4.69783262e+01  1.99526231e+02  1.79999568e+02
 2.15443469e+02  4.69783262e+01  2.15443469e+02  1.79999533e+02
 2.32630507e+02  4.69783262e+01  2.32630507e+02  1.79999496e+02
 2.51188643e+02  4.69783262e+01  2.51188643e+02  1.79999456e+02
 2.71227258e+02  4.69783262e+01  2.71227258e+02  1.79999412e+02
 2.92864456e+02  4.69783262e+01  2.92864456e+02  1.79999365e+02
 3.16227766e+02  4.69783262e+01  3.16227766e+02  1.79999315e+02
 3.41454887e+02  4.69783262e+01  3.41454887e+02  1.79999260e+02
 3.68694506e+02  4.69783262e+01  3.68694506e+02  1.79999201e+02
 3.98107171e+02  4.69783262e+01  3.98107171e+02  1.79999137e+02
 4.29866235e+02  4.69783263e+01  4.29866235e+02  1.79999069e+02
 4.64158883e+02  4.69783263e+01  4.64158883e+02  1.79998994e+02
 5.01187234e+02  4.69783263e+01  5.01187234e+02  1.79998914e+02
 5.41169527e+02  4.69783263e+01  5.41169527e+02  1.79998827e+02
 5.84341413e+02  4.69783264e+01  5.84341413e+02  1.79998734e+02
 6.30957344e+02  4.69783264e+01  6.30957344e+02  1.79998633e+02
 6.81292069e+02  4.69783265e+01  6.81292069e+02  1.79998524e+02
 7.35642254e+02  4.69783265e+01  7.35642254e+02  1.79998406e+02
 7.94328235e+02  4.69783266e+01  7.94328235e+02  1.79998279e+02
 8.57695899e+02  4.69783266e+01  8.57695899e+02  1.79998142e+02
 9.26118728e+02  4.69783267e+01  9.26118728e+02  1.79997993e+02
 1.00000000e+03  4.69783268e+01  1.00000000e+03  1.79997833e+02
 1.07977516e+03  4.69783270e+01  1.07977516e+03  1.79997660e+02
 1.16591440e+03  4.69783271e+01  1.16591440e+03  1.79997474e+02
 1.25892541e+03  4.69783272e+01  1.25892541e+03  1.79997272e+02
 1.35935639e+03  4.69783274e+01  1.35935639e+03  1.79997055e+02
 1.46779927e+03  4.69783276e+01  1.46779927e+03  1.79996820e+02
 1.58489319e+03  4.69783279e+01  1.58489319e+03  1.79996566e+02
 1.71132830e+03  4.69783282e+01  1.71132830e+03  1.79996292e+02
 1.84784980e+03  4.69783285e+01  1.84784980e+03  1.79995996e+02
 1.99526231e+03  4.69783289e+01  1.99526231e+03  1.79995677e+02
 2.15443469e+03  4.69783294e+01  2.15443469e+03  1.79995332e+02
 2.32630507e+03  4.69783299e+01  2.32630507e+03  1.79994960e+02
 2.51188643e+03  4.69783306e+01  2.51188643e+03  1.79994557e+02
 2.71227258e+03  4.69783313e+01  2.71227258e+03  1.79994123e+02
 2.92864456e+03  4.69783322e+01  2.92864456e+03  1.79993654e+02
 3.16227766e+03  4.69783332e+01  3.16227766e+03  1.79993148e+02
 3.41454887e+03  4.69783344e+01  3.41454887e+03  1.79992602e+02
 3.68694506e+03  4.69783357e+01  3.68694506e+03  1.79992011e+02
 3.98107171e+03  4.69783373e+01  3.98107171e+03  1.79991374e+02
 4.29866235e+03  4.69783392e+01  4.29866235e+03  1.79990686e+02
 4.64158883e+03  4.69783413e+01  4.64158883e+03  1.79989943e+02
 5.01187234e+03  4.69783438e+01  5.01187234e+03  1.79989141e+02
 5.41169527e+03  4.69783468e+01  5.41169527e+03  1.79988274e+02
 5.84341413e+03  4.69783502e+01  5.84341413e+03  1.79987339e+02
 6.30957344e+03  4.69783542e+01  6.30957344e+03  1.79986329e+02
 6.81292069e+03  4.69783589e+01  6.81292069e+03  1.79985238e+02
 7.35642254e+03  4.69783643e+01  7.35642254e+03  1.79984061e+02
 7.94328235e+03  4.69783706e+01  7.94328235e+03  1.79982789e+02
 8.57695899e+03  4.69783780e+01  8.57695899e+03  1.79981416e+02
 9.26118728e+03  4.69783866e+01  9.26118728e+03  1.79979934e+02
 1.00000000e+04  4.69783966e+01  1.00000000e+04  1.79978333e+02
 1.07977516e+04  4.69784083e+01  1.07977516e+04  1.79976604e+02
 1.16591440e+04  4.69784220e+01  1.16591440e+04  1.79974738e+02
 1.25892541e+04  4.69784379e+01  1.25892541e+04  1.79972722e+02
 1.35935639e+04  4.69784564e+01  1.35935639e+04  1.79970546e+02
 1.46779927e+04  4.69784780e+01  1.46779927e+04  1.79968196e+02
 1.58489319e+04  4.69785033e+01  1.58489319e+04  1.79965659e+02
 1.71132830e+04  4.69785326e+01  1.71132830e+04  1.79962919e+02
 1.84784980e+04  4.69785669e+01  1.84784980e+04  1.79959961e+02
 1.99526231e+04  4.69786069e+01  1.99526231e+04  1.79956766e+02
 2.15443469e+04  4.69786534e+01  2.15443469e+04  1.79953317e+02
 2.32630507e+04  4.69787077e+01  2.32630507e+04  1.79949592e+02
 2.51188643e+04  4.69787711e+01  2.51188643e+04  1.79945571e+02
 2.71227258e+04  4.69788449e+01  2.71227258e+04  1.79941228e+02
 2.92864456e+04  4.69789309e+01  2.92864456e+04  1.79936538e+02
 3.16227766e+04  4.69790313e+01  3.16227766e+04  1.79931474e+02
 3.41454887e+04  4.69791483e+01  3.41454887e+04  1.79926006e+02
 3.68694506e+04  4.69792847e+01  3.68694506e+04  1.79920101e+02
 3.98107171e+04  4.69794438e+01  3.98107171e+04  1.79913725e+02
 4.29866235e+04  4.69796292e+01  4.29866235e+04  1.79906839e+02
 4.64158883e+04  4.69798454e+01  4.64158883e+04  1.79899404e+02
 5.01187234e+04  4.69800975e+01  5.01187234e+04  1.79891374e+02
 5.41169527e+04  4.69803915e+01  5.41169527e+04  1.79882702e+02
 5.84341413e+04  4.69807342e+01  5.84341413e+04  1.79873337e+02
 6.30957344e+04  4.69811338e+01  6.30957344e+04  1.79863223e+02
 6.81292069e+04  4.69815997e+01  6.81292069e+04  1.79852299e+02
 7.35642254e+04  4.69821429e+01  7.35642254e+04  1.79840501e+02
 7.94328235e+04  4.69827763e+01  7.94328235e+04  1.79827758e+02
 8.57695899e+04  4.69835149e+01  8.57695899e+04  1.79813993e+02
 9.26118728e+04  4.69843760e+01  9.26118728e+04  1.79799124e+02
 1.00000000e+05  4.69853802e+01  1.00000000e+05  1.79783061e+02
 1.07977516e+05  4.69865512e+01  1.07977516e+05  1.79765707e+02
 1.16591440e+05  4.69879164e+01  1.16591440e+05  1.79746955e+02
 1.25892541e+05  4.69895087e+01  1.25892541e+05  1.79726692e+02
 1.35935639e+05  4.69913653e+01  1.35935639e+05  1.79704793e+02
 1.46779927e+05  4.69935308e+01  1.46779927e+05  1.79681122e+02
 1.58489319e+05  4.69960558e+01  1.58489319e+05  1.79655531e+02
 1.71132830e+05  4.69990007e+01  1.71132830e+05  1.79627859e+02
 1.84784980e+05  4.70024352e+01  1.84784980e+05  1.79597929e+02
 1.99526231e+05  4.70064419e+01  1.99526231e+05  1.79565549e+02
 2.15443469e+05  4.70111151e+01  2.15443469e+05  1.79530507e+02
 2.32630507e+05  4.70165675e+01  2.32630507e+05  1.79492569e+02
 2.51188643e+05  4.70229279e+01  2.51188643e+05  1.79451478e+02
 2.71227258e+05  4.70303482e+01  2.71227258e+05  1.79406950e+02
 2.92864456e+05  4.70390092e+01  2.92864456e+05  1.79358669e+02
 3.16227766e+05  4.70491173e+01  3.16227766e+05  1.79306282e+02
 3.41454887e+05  4.70609160e+01  3.41454887e+05  1.79249395e+02
 3.68694506e+05  4.70746939e+01  3.68694506e+05  1.79187564e+02
 3.98107171e+05  4.70907820e+01  3.98107171e+05  1.79120287e+02
 4.29866235e+05  4.71095767e+01  4.29866235e+05  1.79046993e+02
 4.64158883e+05  4.71315402e+01  4.64158883e+05  1.78967026e+02
 5.01187234e+05  4.71572132e+01  5.01187234e+05  1.78879633e+02
 5.41169527e+05  4.71872396e+01  5.41169527e+05  1.78783935e+02
 5.84341413e+05  4.72223732e+01  5.84341413e+05  1.78678908e+02
 6.30957344e+05  4.72635096e+01  6.30957344e+05  1.78563339e+02
 6.81292069e+05  4.73117142e+01  6.81292069e+05  1.78435782e+02
 7.35642254e+05  4.73682407e+01  7.35642254e+05  1.78294501e+02
 7.94328235e+05  4.74345928e+01  7.94328235e+05  1.78137385e+02
 8.57695899e+05  4.75125646e+01  8.57695899e+05  1.77961840e+02
 9.26118728e+05  4.76043463e+01  9.26118728e+05  1.77764645e+02
 1.00000000e+06  4.77125270e+01  1.00000000e+06  1.77541753e+02
 1.07977516e+06  4.78403276e+01  1.07977516e+06  1.77288003e+02
 1.16591440e+06  4.79916134e+01  1.16591440e+06  1.76996729e+02
 1.25892541e+06  4.81712494e+01  1.25892541e+06  1.76659188e+02
 1.35935639e+06  4.83852175e+01  1.35935639e+06  1.76263679e+02
 1.46779927e+06  4.86411947e+01  1.46779927e+06  1.75794242e+02
 1.58489319e+06  4.89489111e+01  1.58489319e+06  1.75228620e+02
 1.71132830e+06  4.93210893e+01  1.71132830e+06  1.74534914e+02
 1.84784980e+06  4.97746727e+01  1.84784980e+06  1.73665768e+02
 1.99526231e+06  5.03327438e+01  1.99526231e+06  1.72548365e+02
 2.15443469e+06  5.10274695e+01  2.15443469e+06  1.71064895e+02
 2.32630507e+06  5.19055226e+01  2.32630507e+06  1.69013010e+02
 2.51188643e+06  5.30363640e+01  2.51188643e+06  1.66017289e+02
 2.71227258e+06  5.45252855e+01  2.71227258e+06  1.61307634e+02
 2.92864456e+06  5.65207905e+01  2.92864456e+06  1.53094139e+02
 3.16227766e+06  5.90880882e+01  3.16227766e+06  1.36719391e+02
 3.41454887e+06  6.10577674e+01  3.41454887e+06  1.03007576e+02
 3.68694506e+06  5.91135150e+01  3.68694506e+06  6.25000111e+01
 3.98107171e+06  5.51408636e+01  3.98107171e+06  4.00035913e+01
 4.29866235e+06  5.15490385e+01  4.29866235e+06  2.93080851e+01
 4.64158883e+06  4.85234476e+01  4.64158883e+06  2.35892758e+01
 5.01187234e+06  4.59128875e+01  5.01187234e+06  2.01948520e+01
 5.41169527e+06  4.35925549e+01  5.41169527e+06  1.80455880e+01
 5.84341413e+06  4.14797872e+01  5.84341413e+06  1.66414007e+01
 6.30957344e+06  3.95191836e+01  6.30957344e+06  1.57263885e+01
 6.81292069e+06  3.76724499e+01  6.81292069e+06  1.51542738e+01
 7.35642254e+06  3.59114759e+01  7.35642254e+06  1.48415067e+01
 7.94328235e+06  3.42195302e+01  7.94328235e+06  1.47328232e+01
 8.57695899e+06  3.25781253e+01  8.57695899e+06  1.48000501e+01
 9.26118728e+06  3.09766380e+01  9.26118728e+06  1.50160872e+01
 1.00000000e+07  2.94062406e+01  1.00000000e+07  1.53772882e+01
 1.07977516e+07  2.78579594e+01  1.07977516e+07  1.58753178e+01
 1.16591440e+07  2.63267245e+01  1.16591440e+07  1.65036443e+01
 1.25892541e+07  2.48032057e+01  1.25892541e+07  1.72779016e+01
 1.35935639e+07  2.32837517e+01  1.35935639e+07  1.82104989e+01
 1.46779927e+07  2.17642173e+01  1.46779927e+07  1.92986373e+01
 1.58489319e+07  2.02386286e+01  1.58489319e+07  2.05687439e+01
 1.71132830e+07  1.87036800e+01  1.71132830e+07  2.20644534e+01
 1.84784980e+07  1.71500852e+01  1.84784980e+07  2.38078631e+01
 1.99526231e+07  1.55761066e+01  1.99526231e+07  2.58680946e+01
 2.15443469e+07  1.39773654e+01  2.15443469e+07  2.82677620e+01
 2.32630507e+07  1.23440622e+01  2.32630507e+07  3.11180557e+01
 2.51188643e+07  1.06699793e+01  2.51188643e+07  3.45700783e+01
 2.71227258e+07  8.96826048e+00  2.71227258e+07  3.87284288e+01
 2.92864456e+07  7.22319871e+00  2.92864456e+07  4.37434128e+01
 3.16227766e+07  5.46494615e+00  3.16227766e+07  5.00538500e+01
 3.41454887e+07  3.71800599e+00  3.41454887e+07  5.80079897e+01
 3.68694506e+07  2.07498580e+00  3.68694506e+07  6.79924662e+01
 3.98107171e+07  6.12290920e-01  3.98107171e+07  7.95983880e+01
 4.29866235e+07  -4.64582242e-01  4.29866235e+07  9.37986898e+01
 4.64158883e+07  -1.02818493e+00  4.64158883e+07  1.07268321e+02
 5.01187234e+07  -1.14975680e+00  5.01187234e+07  1.21165650e+02
 5.41169527e+07  -8.61379427e-01  5.41169527e+07  1.31487090e+02
 5.84341413e+07  -5.04068543e-01  5.84341413e+07  1.42186918e+02
 6.30957344e+07  -6.11458358e-02  6.30957344e+07  1.49816853e+02
 6.81292069e+07  4.95108871e-01  6.81292069e+07  1.56132029e+02
 7.35642254e+07  9.29378789e-01  7.35642254e+07  1.61561861e+02
 7.94328235e+07  1.43540702e+00  7.94328235e+07  1.66170029e+02
 8.57695899e+07  1.76223954e+00  8.57695899e+07  1.69962034e+02
 9.26118728e+07  2.22950658e+00  9.26118728e+07  1.73133018e+02
 1.00000000e+08  2.64392421e+00  1.00000000e+08  1.76421977e+02
 1.07977516e+08  3.01778133e+00  1.07977516e+08  1.78890228e+02
 1.16591440e+08  3.33999693e+00  1.16591440e+08  1.81411275e+02
 1.25892541e+08  3.66077175e+00  1.25892541e+08  1.83533646e+02
 1.35935639e+08  3.79405683e+00  1.35935639e+08  1.85505698e+02
 1.46779927e+08  4.24707608e+00  1.46779927e+08  1.86958972e+02
 1.58489319e+08  4.79960282e+00  1.58489319e+08  1.88189717e+02
 1.71132830e+08  5.01439978e+00  1.71132830e+08  1.89340110e+02
 1.84784980e+08  5.41257085e+00  1.84784980e+08  1.90292413e+02
 1.99526231e+08  5.47571587e+00  1.99526231e+08  1.90369197e+02
 2.15443469e+08  6.00064727e+00  2.15443469e+08  1.90707113e+02
 2.32630507e+08  6.42253225e+00  2.32630507e+08  1.90145140e+02
 2.51188643e+08  6.20082367e+00  2.51188643e+08  1.90146690e+02
 2.71227258e+08  6.52107303e+00  2.71227258e+08  1.89495982e+02
 2.92864456e+08  6.49013218e+00  2.92864456e+08  1.88795024e+02
 3.16227766e+08  6.55486698e+00  3.16227766e+08  1.88024401e+02
 3.41454887e+08  7.62808342e+00  3.41454887e+08  1.86874446e+02
 3.68694506e+08  8.32720899e+00  3.68694506e+08  1.85862434e+02
 3.98107171e+08  8.22012566e+00  3.98107171e+08  1.85026395e+02
 4.29866235e+08  6.93093613e+00  4.29866235e+08  1.84346769e+02
 4.64158883e+08  8.53166239e+00  4.64158883e+08  1.83749572e+02
 5.01187234e+08  7.20622788e+00  5.01187234e+08  1.83014880e+02
 5.41169527e+08  7.81440906e+00  5.41169527e+08  1.82251846e+02
 5.84341413e+08  6.48535343e+00  5.84341413e+08  1.82226083e+02
 6.30957344e+08  7.61524959e+00  6.30957344e+08  1.81654430e+02
 6.81292069e+08  3.78308295e+00  6.81292069e+08  1.81421250e+02
 7.35642254e+08  8.44387497e+00  7.35642254e+08  1.80814056e+02
 7.94328235e+08  7.09070792e+00  7.94328235e+08  1.80561891e+02
 8.57695899e+08  1.17479076e+01  8.57695899e+08  1.80000753e+02
 9.26118728e+08  4.37981226e+00  9.26118728e+08  1.81330753e+02
 1.00000000e+09  9.05736586e+00  1.00000000e+09  1.80565290e+02
