 1.00000000e+00  4.63856906e+01  1.00000000e+00  1.79999998e+02
 1.07977516e+00  4.63856906e+01  1.07977516e+00  1.79999998e+02
 1.16591440e+00  4.63856906e+01  1.16591440e+00  1.79999998e+02
 1.25892541e+00  4.63856906e+01  1.25892541e+00  1.79999998e+02
 1.35935639e+00  4.63856906e+01  1.35935639e+00  1.79999998e+02
 1.46779927e+00  4.63856906e+01  1.46779927e+00  1.79999998e+02
 1.58489319e+00  4.63856906e+01  1.58489319e+00  1.79999997e+02
 1.71132830e+00  4.63856906e+01  1.71132830e+00  1.79999997e+02
 1.84784980e+00  4.63856906e+01  1.84784980e+00  1.79999997e+02
 1.99526231e+00  4.63856906e+01  1.99526231e+00  1.79999997e+02
 2.15443469e+00  4.63856906e+01  2.15443469e+00  1.79999996e+02
 2.32630507e+00  4.63856906e+01  2.32630507e+00  1.79999996e+02
 2.51188643e+00  4.63856906e+01  2.51188643e+00  1.79999996e+02
 2.71227258e+00  4.63856906e+01  2.71227258e+00  1.79999995e+02
 2.92864456e+00  4.63856906e+01  2.92864456e+00  1.79999995e+02
 3.16227766e+00  4.63856906e+01  3.16227766e+00  1.79999995e+02
 3.41454887e+00  4.63856906e+01  3.41454887e+00  1.79999994e+02
 3.68694506e+00  4.63856906e+01  3.68694506e+00  1.79999994e+02
 3.98107171e+00  4.63856906e+01  3.98107171e+00  1.79999993e+02
 4.29866235e+00  4.63856906e+01  4.29866235e+00  1.79999993e+02
 4.64158883e+00  4.63856906e+01  4.64158883e+00  1.79999992e+02
 5.01187234e+00  4.63856906e+01  5.01187234e+00  1.79999992e+02
 5.41169527e+00  4.63856906e+01  5.41169527e+00  1.79999991e+02
 5.84341413e+00  4.63856906e+01  5.84341413e+00  1.79999990e+02
 6.30957344e+00  4.63856906e+01  6.30957344e+00  1.79999990e+02
 6.81292069e+00  4.63856906e+01  6.81292069e+00  1.79999989e+02
 7.35642254e+00  4.63856906e+01  7.35642254e+00  1.79999988e+02
 7.94328235e+00  4.63856906e+01  7.94328235e+00  1.79999987e+02
 8.57695899e+00  4.63856906e+01  8.57695899e+00  1.79999986e+02
 9.26118728e+00  4.63856906e+01  9.26118728e+00  1.79999985e+02
 1.00000000e+01  4.63856906e+01  1.00000000e+01  1.79999983e+02
 1.07977516e+01  4.63856906e+01  1.07977516e+01  1.79999982e+02
 1.16591440e+01  4.63856906e+01  1.16591440e+01  1.79999981e+02
 1.25892541e+01  4.63856906e+01  1.25892541e+01  1.79999979e+02
 1.35935639e+01  4.63856906e+01  1.35935639e+01  1.79999977e+02
 1.46779927e+01  4.63856906e+01  1.46779927e+01  1.79999976e+02
 1.58489319e+01  4.63856906e+01  1.58489319e+01  1.79999974e+02
 1.71132830e+01  4.63856906e+01  1.71132830e+01  1.79999972e+02
 1.84784980e+01  4.63856906e+01  1.84784980e+01  1.79999969e+02
 1.99526231e+01  4.63856906e+01  1.99526231e+01  1.79999967e+02
 2.15443469e+01  4.63856906e+01  2.15443469e+01  1.79999964e+02
 2.32630507e+01  4.63856906e+01  2.32630507e+01  1.79999961e+02
 2.51188643e+01  4.63856906e+01  2.51188643e+01  1.79999958e+02
 2.71227258e+01  4.63856906e+01  2.71227258e+01  1.79999955e+02
 2.92864456e+01  4.63856906e+01  2.92864456e+01  1.79999951e+02
 3.16227766e+01  4.63856906e+01  3.16227766e+01  1.79999948e+02
 3.41454887e+01  4.63856906e+01  3.41454887e+01  1.79999943e+02
 3.68694506e+01  4.63856906e+01  3.68694506e+01  1.79999939e+02
 3.98107171e+01  4.63856906e+01  3.98107171e+01  1.79999934e+02
 4.29866235e+01  4.63856906e+01  4.29866235e+01  1.79999929e+02
 4.64158883e+01  4.63856906e+01  4.64158883e+01  1.79999923e+02
 5.01187234e+01  4.63856906e+01  5.01187234e+01  1.79999917e+02
 5.41169527e+01  4.63856906e+01  5.41169527e+01  1.79999910e+02
 5.84341413e+01  4.63856906e+01  5.84341413e+01  1.79999903e+02
 6.30957344e+01  4.63856906e+01  6.30957344e+01  1.79999895e+02
 6.81292069e+01  4.63856906e+01  6.81292069e+01  1.79999887e+02
 7.35642254e+01  4.63856906e+01  7.35642254e+01  1.79999878e+02
 7.94328235e+01  4.63856906e+01  7.94328235e+01  1.79999868e+02
 8.57695899e+01  4.63856906e+01  8.57695899e+01  1.79999858e+02
 9.26118728e+01  4.63856906e+01  9.26118728e+01  1.79999846e+02
 1.00000000e+02  4.63856906e+01  1.00000000e+02  1.79999834e+02
 1.07977516e+02  4.63856906e+01  1.07977516e+02  1.79999821e+02
 1.16591440e+02  4.63856906e+01  1.16591440e+02  1.79999807e+02
 1.25892541e+02  4.63856906e+01  1.25892541e+02  1.79999791e+02
 1.35935639e+02  4.63856906e+01  1.35935639e+02  1.79999774e+02
 1.46779927e+02  4.63856906e+01  1.46779927e+02  1.79999756e+02
 1.58489319e+02  4.63856906e+01  1.58489319e+02  1.79999737e+02
 1.71132830e+02  4.63856906e+01  1.71132830e+02  1.79999716e+02
 1.84784980e+02  4.63856906e+01  1.84784980e+02  1.79999693e+02
 1.99526231e+02  4.63856906e+01  1.99526231e+02  1.79999669e+02
 2.15443469e+02  4.63856906e+01  2.15443469e+02  1.79999643e+02
 2.32630507e+02  4.63856906e+01  2.32630507e+02  1.79999614e+02
 2.51188643e+02  4.63856906e+01  2.51188643e+02  1.79999583e+02
 2.71227258e+02  4.63856906e+01  2.71227258e+02  1.79999550e+02
 2.92864456e+02  4.63856906e+01  2.92864456e+02  1.79999514e+02
 3.16227766e+02  4.63856906e+01  3.16227766e+02  1.79999475e+02
 3.41454887e+02  4.63856907e+01  3.41454887e+02  1.79999433e+02
 3.68694506e+02  4.63856907e+01  3.68694506e+02  1.79999388e+02
 3.98107171e+02  4.63856907e+01  3.98107171e+02  1.79999339e+02
 4.29866235e+02  4.63856907e+01  4.29866235e+02  1.79999287e+02
 4.64158883e+02  4.63856907e+01  4.64158883e+02  1.79999230e+02
 5.01187234e+02  4.63856908e+01  5.01187234e+02  1.79999168e+02
 5.41169527e+02  4.63856908e+01  5.41169527e+02  1.79999102e+02
 5.84341413e+02  4.63856908e+01  5.84341413e+02  1.79999030e+02
 6.30957344e+02  4.63856909e+01  6.30957344e+02  1.79998953e+02
 6.81292069e+02  4.63856909e+01  6.81292069e+02  1.79998870e+02
 7.35642254e+02  4.63856910e+01  7.35642254e+02  1.79998779e+02
 7.94328235e+02  4.63856911e+01  7.94328235e+02  1.79998682e+02
 8.57695899e+02  4.63856911e+01  8.57695899e+02  1.79998577e+02
 9.26118728e+02  4.63856912e+01  9.26118728e+02  1.79998463e+02
 1.00000000e+03  4.63856913e+01  1.00000000e+03  1.79998341e+02
 1.07977516e+03  4.63856915e+01  1.07977516e+03  1.79998208e+02
 1.16591440e+03  4.63856916e+01  1.16591440e+03  1.79998066e+02
 1.25892541e+03  4.63856918e+01  1.25892541e+03  1.79997911e+02
 1.35935639e+03  4.63856920e+01  1.35935639e+03  1.79997745e+02
 1.46779927e+03  4.63856922e+01  1.46779927e+03  1.79997565e+02
 1.58489319e+03  4.63856925e+01  1.58489319e+03  1.79997370e+02
 1.71132830e+03  4.63856928e+01  1.71132830e+03  1.79997161e+02
 1.84784980e+03  4.63856932e+01  1.84784980e+03  1.79996934e+02
 1.99526231e+03  4.63856936e+01  1.99526231e+03  1.79996690e+02
 2.15443469e+03  4.63856942e+01  2.15443469e+03  1.79996425e+02
 2.32630507e+03  4.63856948e+01  2.32630507e+03  1.79996140e+02
 2.51188643e+03  4.63856955e+01  2.51188643e+03  1.79995832e+02
 2.71227258e+03  4.63856963e+01  2.71227258e+03  1.79995500e+02
 2.92864456e+03  4.63856972e+01  2.92864456e+03  1.79995141e+02
 3.16227766e+03  4.63856983e+01  3.16227766e+03  1.79994753e+02
 3.41454887e+03  4.63856996e+01  3.41454887e+03  1.79994335e+02
 3.68694506e+03  4.63857011e+01  3.68694506e+03  1.79993883e+02
 3.98107171e+03  4.63857028e+01  3.98107171e+03  1.79993395e+02
 4.29866235e+03  4.63857049e+01  4.29866235e+03  1.79992868e+02
 4.64158883e+03  4.63857072e+01  4.64158883e+03  1.79992299e+02
 5.01187234e+03  4.63857100e+01  5.01187234e+03  1.79991685e+02
 5.41169527e+03  4.63857132e+01  5.41169527e+03  1.79991021e+02
 5.84341413e+03  4.63857170e+01  5.84341413e+03  1.79990305e+02
 6.30957344e+03  4.63857214e+01  6.30957344e+03  1.79989531e+02
 6.81292069e+03  4.63857265e+01  6.81292069e+03  1.79988696e+02
 7.35642254e+03  4.63857325e+01  7.35642254e+03  1.79987795e+02
 7.94328235e+03  4.63857394e+01  7.94328235e+03  1.79986821e+02
 8.57695899e+03  4.63857475e+01  8.57695899e+03  1.79985769e+02
 9.26118728e+03  4.63857570e+01  9.26118728e+03  1.79984634e+02
 1.00000000e+04  4.63857680e+01  1.00000000e+04  1.79983408e+02
 1.07977516e+04  4.63857809e+01  1.07977516e+04  1.79982085e+02
 1.16591440e+04  4.63857958e+01  1.16591440e+04  1.79980655e+02
 1.25892541e+04  4.63858133e+01  1.25892541e+04  1.79979112e+02
 1.35935639e+04  4.63858337e+01  1.35935639e+04  1.79977446e+02
 1.46779927e+04  4.63858574e+01  1.46779927e+04  1.79975646e+02
 1.58489319e+04  4.63858851e+01  1.58489319e+04  1.79973703e+02
 1.71132830e+04  4.63859174e+01  1.71132830e+04  1.79971605e+02
 1.84784980e+04  4.63859550e+01  1.84784980e+04  1.79969340e+02
 1.99526231e+04  4.63859989e+01  1.99526231e+04  1.79966894e+02
 2.15443469e+04  4.63860500e+01  2.15443469e+04  1.79964252e+02
 2.32630507e+04  4.63861097e+01  2.32630507e+04  1.79961400e+02
 2.51188643e+04  4.63861792e+01  2.51188643e+04  1.79958320e+02
 2.71227258e+04  4.63862603e+01  2.71227258e+04  1.79954994e+02
 2.92864456e+04  4.63863548e+01  2.92864456e+04  1.79951403e+02
 3.16227766e+04  4.63864650e+01  3.16227766e+04  1.79947525e+02
 3.41454887e+04  4.63865935e+01  3.41454887e+04  1.79943337e+02
 3.68694506e+04  4.63867433e+01  3.68694506e+04  1.79938815e+02
 3.98107171e+04  4.63869180e+01  3.98107171e+04  1.79933932e+02
 4.29866235e+04  4.63871216e+01  4.29866235e+04  1.79928658e+02
 4.64158883e+04  4.63873591e+01  4.64158883e+04  1.79922963e+02
 5.01187234e+04  4.63876359e+01  5.01187234e+04  1.79916813e+02
 5.41169527e+04  4.63879587e+01  5.41169527e+04  1.79910171e+02
 5.84341413e+04  4.63883351e+01  5.84341413e+04  1.79902998e+02
 6.30957344e+04  4.63887740e+01  6.30957344e+04  1.79895250e+02
 6.81292069e+04  4.63892856e+01  6.81292069e+04  1.79886882e+02
 7.35642254e+04  4.63898823e+01  7.35642254e+04  1.79877843e+02
 7.94328235e+04  4.63905780e+01  7.94328235e+04  1.79868079e+02
 8.57695899e+04  4.63913891e+01  8.57695899e+04  1.79857532e+02
 9.26118728e+04  4.63923349e+01  9.26118728e+04  1.79846138e+02
 1.00000000e+05  4.63934378e+01  1.00000000e+05  1.79833826e+02
 1.07977516e+05  4.63947239e+01  1.07977516e+05  1.79820523e+02
 1.16591440e+05  4.63962234e+01  1.16591440e+05  1.79806147e+02
 1.25892541e+05  4.63979722e+01  1.25892541e+05  1.79790609e+02
 1.35935639e+05  4.64000118e+01  1.35935639e+05  1.79773811e+02
 1.46779927e+05  4.64023898e+01  1.46779927e+05  1.79755650e+02
 1.58489319e+05  4.64051637e+01  1.58489319e+05  1.79736010e+02
 1.71132830e+05  4.64083988e+01  1.71132830e+05  1.79714764e+02
 1.84784980e+05  4.64121716e+01  1.84784980e+05  1.79691776e+02
 1.99526231e+05  4.64165732e+01  1.99526231e+05  1.79666893e+02
 2.15443469e+05  4.64217074e+01  2.15443469e+05  1.79639948e+02
 2.32630507e+05  4.64276973e+01  2.32630507e+05  1.79610756e+02
 2.51188643e+05  4.64346863e+01  2.51188643e+05  1.79579114e+02
 2.71227258e+05  4.64428407e+01  2.71227258e+05  1.79544794e+02
 2.92864456e+05  4.64523597e+01  2.92864456e+05  1.79507541e+02
 3.16227766e+05  4.64634690e+01  3.16227766e+05  1.79467070e+02
 3.41454887e+05  4.64764415e+01  3.41454887e+05  1.79423060e+02
 3.68694506e+05  4.64915863e+01  3.68694506e+05  1.79375145e+02
 3.98107171e+05  4.65092785e+01  3.98107171e+05  1.79322910e+02
 4.29866235e+05  4.65299518e+01  4.29866235e+05  1.79265876e+02
 4.64158883e+05  4.65541149e+01  4.64158883e+05  1.79203491e+02
 5.01187234e+05  4.65823720e+01  5.01187234e+05  1.79135112e+02
 5.41169527e+05  4.66154298e+01  5.41169527e+05  1.79059981e+02
 5.84341413e+05  4.66541290e+01  5.84341413e+05  1.78977204e+02
 6.30957344e+05  4.66994650e+01  6.30957344e+05  1.78885712e+02
 6.81292069e+05  4.67526113e+01  6.81292069e+05  1.78784217e+02
 7.35642254e+05  4.68149879e+01  7.35642254e+05  1.78671149e+02
 7.94328235e+05  4.68882515e+01  7.94328235e+05  1.78544579e+02
 8.57695899e+05  4.69744596e+01  8.57695899e+05  1.78402109e+02
 9.26118728e+05  4.70760182e+01  9.26118728e+05  1.78240722e+02
 1.00000000e+06  4.71959282e+01  1.00000000e+06  1.78056573e+02
 1.07977516e+06  4.73377781e+01  1.07977516e+06  1.77844710e+02
 1.16591440e+06  4.75060719e+01  1.16591440e+06  1.77598625e+02
 1.25892541e+06  4.77063424e+01  1.25892541e+06  1.77309681e+02
 1.35935639e+06  4.79456693e+01  1.35935639e+06  1.76966097e+02
 1.46779927e+06  4.82329437e+01  1.46779927e+06  1.76551594e+02
 1.58489319e+06  4.85798673e+01  1.58489319e+06  1.76042932e+02
 1.71132830e+06  4.90018354e+01  1.71132830e+06  1.75406058e+02
 1.84784980e+06  4.95198585e+01  1.84784980e+06  1.74589100e+02
 1.99526231e+06  5.01631399e+01  1.99526231e+06  1.73509493e+02
 2.15443469e+06  5.09738846e+01  2.15443469e+06  1.72027985e+02
 2.32630507e+06  5.20160569e+01  2.32630507e+06  1.69891803e+02
 2.51188643e+06  5.33902413e+01  2.51188643e+06  1.66595192e+02
 2.71227258e+06  5.52603887e+01  2.71227258e+06  1.60983405e+02
 2.92864456e+06  5.78673566e+01  2.92864456e+06  1.49922569e+02
 3.16227766e+06  6.10676225e+01  3.16227766e+06  1.23908499e+02
 3.41454887e+06  6.11675706e+01  3.41454887e+06  7.53238979e+01
 3.68694506e+06  5.68303128e+01  3.68694506e+06  4.28881693e+01
 3.98107171e+06  5.26595293e+01  3.98107171e+06  2.94087605e+01
 4.29866235e+06  4.92786683e+01  4.29866235e+06  2.29804492e+01
 4.64158883e+06  4.64492498e+01  4.64158883e+06  1.94369810e+01
 5.01187234e+06  4.39854082e+01  5.01187234e+06  1.73143776e+01
 5.41169527e+06  4.17727965e+01  5.41169527e+06  1.59978612e+01
 5.84341413e+06  3.97392590e+01  5.84341413e+06  1.51911863e+01
 6.30957344e+06  3.78377670e+01  6.30957344e+06  1.47367590e+01
 6.81292069e+06  3.60365796e+01  6.81292069e+06  1.45429396e+01
 7.35642254e+06  3.43109289e+01  7.35642254e+06  1.45562386e+01
 7.94328235e+06  3.26444408e+01  7.94328235e+06  1.47447962e+01
 8.57695899e+06  3.10228794e+01  8.57695899e+06  1.50887501e+01
 9.26118728e+06  2.94362477e+01  9.26118728e+06  1.55783992e+01
 1.00000000e+07  2.78777327e+01  1.00000000e+07  1.62049097e+01
 1.07977516e+07  2.63361605e+01  1.07977516e+07  1.69756427e+01
 1.16591440e+07  2.48105779e+01  1.16591440e+07  1.78969304e+01
 1.25892541e+07  2.32910982e+01  1.25892541e+07  1.89719572e+01
 1.35935639e+07  2.17739392e+01  1.35935639e+07  2.02234161e+01
 1.46779927e+07  2.02585785e+01  1.46779927e+07  2.16557427e+01
 1.58489319e+07  1.87288302e+01  1.58489319e+07  2.33291039e+01
 1.71132830e+07  1.71946139e+01  1.71132830e+07  2.52483278e+01
 1.84784980e+07  1.56418637e+01  1.84784980e+07  2.74482529e+01
 1.99526231e+07  1.40691161e+01  1.99526231e+07  3.00625198e+01
 2.15443469e+07  1.24724813e+01  2.15443469e+07  3.30890345e+01
 2.32630507e+07  1.08565239e+01  2.32630507e+07  3.67020117e+01
 2.51188643e+07  9.20278994e+00  2.51188643e+07  4.10370812e+01
 2.71227258e+07  7.54796070e+00  2.71227258e+07  4.62804527e+01
 2.92864456e+07  5.83301846e+00  2.92864456e+07  5.25132556e+01
 3.16227766e+07  4.26310490e+00  3.16227766e+07  6.01090104e+01
 3.41454887e+07  2.67136093e+00  3.41454887e+07  6.98230166e+01
 3.68694506e+07  1.40987332e+00  3.68694506e+07  8.07410166e+01
 3.98107171e+07  4.56466305e-01  3.98107171e+07  9.27243987e+01
 4.29866235e+07  -2.97672584e-01  4.29866235e+07  1.06472584e+02
 4.64158883e+07  -5.12489983e-01  4.64158883e+07  1.17378188e+02
 5.01187234e+07  -4.24922561e-01  5.01187234e+07  1.27374859e+02
 5.41169527e+07  -2.81743782e-01  5.41169527e+07  1.37135129e+02
 5.84341413e+07  2.56255251e-01  5.84341413e+07  1.46346115e+02
 6.30957344e+07  6.59766051e-01  6.30957344e+07  1.52655670e+02
 6.81292069e+07  1.04292552e+00  6.81292069e+07  1.58453314e+02
 7.35642254e+07  1.44560522e+00  7.35642254e+07  1.63795086e+02
 7.94328235e+07  1.70314858e+00  7.94328235e+07  1.67770749e+02
 8.57695899e+07  2.27332373e+00  8.57695899e+07  1.70545272e+02
 9.26118728e+07  2.56340855e+00  9.26118728e+07  1.74272703e+02
 1.00000000e+08  2.74066907e+00  1.00000000e+08  1.77027143e+02
 1.07977516e+08  3.25181875e+00  1.07977516e+08  1.79734003e+02
 1.16591440e+08  3.31871906e+00  1.16591440e+08  1.81750879e+02
 1.25892541e+08  3.72501359e+00  1.25892541e+08  1.83793094e+02
 1.35935639e+08  4.21690893e+00  1.35935639e+08  1.85211104e+02
 1.46779927e+08  4.40002445e+00  1.46779927e+08  1.86815647e+02
 1.58489319e+08  5.11873409e+00  1.58489319e+08  1.87648529e+02
 1.71132830e+08  5.34475548e+00  1.71132830e+08  1.88667541e+02
 1.84784980e+08  5.51039202e+00  1.84784980e+08  1.89478433e+02
 1.99526231e+08  5.55549689e+00  1.99526231e+08  1.89645157e+02
 2.15443469e+08  7.50089352e+00  2.15443469e+08  1.90020382e+02
 2.32630507e+08  6.46297316e+00  2.32630507e+08  1.89913995e+02
 2.51188643e+08  7.11261386e+00  2.51188643e+08  1.89059382e+02
 2.71227258e+08  6.48426973e+00  2.71227258e+08  1.88522461e+02
 2.92864456e+08  7.02211039e+00  2.92864456e+08  1.87599722e+02
 3.16227766e+08  6.49622879e+00  3.16227766e+08  1.87370141e+02
 3.41454887e+08  7.54724972e+00  3.41454887e+08  1.85659118e+02
 3.68694506e+08  6.28006181e+00  3.68694506e+08  1.85668597e+02
 3.98107171e+08  6.95789603e+00  3.98107171e+08  1.84446283e+02
 4.29866235e+08  6.78260448e+00  4.29866235e+08  1.83733310e+02
 4.64158883e+08  5.50105732e+00  4.64158883e+08  1.83255448e+02
 5.01187234e+08  7.08356339e+00  5.01187234e+08  1.83043668e+02
 5.41169527e+08  1.01621106e+01  5.41169527e+08  1.81414740e+02
 5.84341413e+08  8.81257234e+00  5.84341413e+08  1.82580752e+02
 6.30957344e+08  1.09749967e+01  6.30957344e+08  1.81771871e+02
 6.81292069e+08  3.61619611e+00  6.81292069e+08  1.81170917e+02
 7.35642254e+08  8.29534408e+00  7.35642254e+08  1.81125118e+02
 7.94328235e+08  6.93969807e+00  7.94328235e+08  1.80749631e+02
 8.57695899e+08  2.08962074e+00  8.57695899e+08  1.79701023e+02
 9.26118728e+08  1.02504352e+01  9.26118728e+08  1.80788695e+02
 1.00000000e+09  8.91654666e+00  1.00000000e+09  1.80596712e+02
