 1.00000000e+00  4.63856906e+01  1.00000000e+00  1.79999998e+02
 1.07977516e+00  4.63856906e+01  1.07977516e+00  1.79999998e+02
 1.16591440e+00  4.63856906e+01  1.16591440e+00  1.79999998e+02
 1.25892541e+00  4.63856906e+01  1.25892541e+00  1.79999998e+02
 1.35935639e+00  4.63856906e+01  1.35935639e+00  1.79999998e+02
 1.46779927e+00  4.63856906e+01  1.46779927e+00  1.79999998e+02
 1.58489319e+00  4.63856906e+01  1.58489319e+00  1.79999997e+02
 1.71132830e+00  4.63856906e+01  1.71132830e+00  1.79999997e+02
 1.84784980e+00  4.63856906e+01  1.84784980e+00  1.79999997e+02
 1.99526231e+00  4.63856906e+01  1.99526231e+00  1.79999997e+02
 2.15443469e+00  4.63856906e+01  2.15443469e+00  1.79999997e+02
 2.32630507e+00  4.63856906e+01  2.32630507e+00  1.79999996e+02
 2.51188643e+00  4.63856906e+01  2.51188643e+00  1.79999996e+02
 2.71227258e+00  4.63856906e+01  2.71227258e+00  1.79999996e+02
 2.92864456e+00  4.63856906e+01  2.92864456e+00  1.79999995e+02
 3.16227766e+00  4.63856906e+01  3.16227766e+00  1.79999995e+02
 3.41454887e+00  4.63856906e+01  3.41454887e+00  1.79999994e+02
 3.68694506e+00  4.63856906e+01  3.68694506e+00  1.79999994e+02
 3.98107171e+00  4.63856906e+01  3.98107171e+00  1.79999994e+02
 4.29866235e+00  4.63856906e+01  4.29866235e+00  1.79999993e+02
 4.64158883e+00  4.63856906e+01  4.64158883e+00  1.79999992e+02
 5.01187234e+00  4.63856906e+01  5.01187234e+00  1.79999992e+02
 5.41169527e+00  4.63856906e+01  5.41169527e+00  1.79999991e+02
 5.84341413e+00  4.63856906e+01  5.84341413e+00  1.79999991e+02
 6.30957344e+00  4.63856906e+01  6.30957344e+00  1.79999990e+02
 6.81292069e+00  4.63856906e+01  6.81292069e+00  1.79999989e+02
 7.35642254e+00  4.63856906e+01  7.35642254e+00  1.79999988e+02
 7.94328235e+00  4.63856906e+01  7.94328235e+00  1.79999987e+02
 8.57695899e+00  4.63856906e+01  8.57695899e+00  1.79999986e+02
 9.26118728e+00  4.63856906e+01  9.26118728e+00  1.79999985e+02
 1.00000000e+01  4.63856906e+01  1.00000000e+01  1.79999984e+02
 1.07977516e+01  4.63856906e+01  1.07977516e+01  1.79999983e+02
 1.16591440e+01  4.63856906e+01  1.16591440e+01  1.79999981e+02
 1.25892541e+01  4.63856906e+01  1.25892541e+01  1.79999980e+02
 1.35935639e+01  4.63856906e+01  1.35935639e+01  1.79999978e+02
 1.46779927e+01  4.63856906e+01  1.46779927e+01  1.79999976e+02
 1.58489319e+01  4.63856906e+01  1.58489319e+01  1.79999974e+02
 1.71132830e+01  4.63856906e+01  1.71132830e+01  1.79999972e+02
 1.84784980e+01  4.63856906e+01  1.84784980e+01  1.79999970e+02
 1.99526231e+01  4.63856906e+01  1.99526231e+01  1.79999968e+02
 2.15443469e+01  4.63856906e+01  2.15443469e+01  1.79999965e+02
 2.32630507e+01  4.63856906e+01  2.32630507e+01  1.79999962e+02
 2.51188643e+01  4.63856906e+01  2.51188643e+01  1.79999959e+02
 2.71227258e+01  4.63856906e+01  2.71227258e+01  1.79999956e+02
 2.92864456e+01  4.63856906e+01  2.92864456e+01  1.79999953e+02
 3.16227766e+01  4.63856906e+01  3.16227766e+01  1.79999949e+02
 3.41454887e+01  4.63856906e+01  3.41454887e+01  1.79999945e+02
 3.68694506e+01  4.63856906e+01  3.68694506e+01  1.79999940e+02
 3.98107171e+01  4.63856906e+01  3.98107171e+01  1.79999936e+02
 4.29866235e+01  4.63856906e+01  4.29866235e+01  1.79999930e+02
 4.64158883e+01  4.63856906e+01  4.64158883e+01  1.79999925e+02
 5.01187234e+01  4.63856906e+01  5.01187234e+01  1.79999919e+02
 5.41169527e+01  4.63856906e+01  5.41169527e+01  1.79999912e+02
 5.84341413e+01  4.63856906e+01  5.84341413e+01  1.79999905e+02
 6.30957344e+01  4.63856906e+01  6.30957344e+01  1.79999898e+02
 6.81292069e+01  4.63856906e+01  6.81292069e+01  1.79999890e+02
 7.35642254e+01  4.63856906e+01  7.35642254e+01  1.79999881e+02
 7.94328235e+01  4.63856906e+01  7.94328235e+01  1.79999871e+02
 8.57695899e+01  4.63856906e+01  8.57695899e+01  1.79999861e+02
 9.26118728e+01  4.63856906e+01  9.26118728e+01  1.79999850e+02
 1.00000000e+02  4.63856906e+01  1.00000000e+02  1.79999838e+02
 1.07977516e+02  4.63856906e+01  1.07977516e+02  1.79999825e+02
 1.16591440e+02  4.63856906e+01  1.16591440e+02  1.79999811e+02
 1.25892541e+02  4.63856906e+01  1.25892541e+02  1.79999796e+02
 1.35935639e+02  4.63856906e+01  1.35935639e+02  1.79999780e+02
 1.46779927e+02  4.63856906e+01  1.46779927e+02  1.79999763e+02
 1.58489319e+02  4.63856906e+01  1.58489319e+02  1.79999744e+02
 1.71132830e+02  4.63856906e+01  1.71132830e+02  1.79999723e+02
 1.84784980e+02  4.63856906e+01  1.84784980e+02  1.79999701e+02
 1.99526231e+02  4.63856906e+01  1.99526231e+02  1.79999677e+02
 2.15443469e+02  4.63856906e+01  2.15443469e+02  1.79999651e+02
 2.32630507e+02  4.63856906e+01  2.32630507e+02  1.79999624e+02
 2.51188643e+02  4.63856906e+01  2.51188643e+02  1.79999594e+02
 2.71227258e+02  4.63856906e+01  2.71227258e+02  1.79999561e+02
 2.92864456e+02  4.63856906e+01  2.92864456e+02  1.79999526e+02
 3.16227766e+02  4.63856906e+01  3.16227766e+02  1.79999488e+02
 3.41454887e+02  4.63856907e+01  3.41454887e+02  1.79999448e+02
 3.68694506e+02  4.63856907e+01  3.68694506e+02  1.79999404e+02
 3.98107171e+02  4.63856907e+01  3.98107171e+02  1.79999356e+02
 4.29866235e+02  4.63856907e+01  4.29866235e+02  1.79999305e+02
 4.64158883e+02  4.63856907e+01  4.64158883e+02  1.79999249e+02
 5.01187234e+02  4.63856908e+01  5.01187234e+02  1.79999189e+02
 5.41169527e+02  4.63856908e+01  5.41169527e+02  1.79999125e+02
 5.84341413e+02  4.63856908e+01  5.84341413e+02  1.79999055e+02
 6.30957344e+02  4.63856909e+01  6.30957344e+02  1.79998979e+02
 6.81292069e+02  4.63856909e+01  6.81292069e+02  1.79998898e+02
 7.35642254e+02  4.63856910e+01  7.35642254e+02  1.79998810e+02
 7.94328235e+02  4.63856911e+01  7.94328235e+02  1.79998715e+02
 8.57695899e+02  4.63856911e+01  8.57695899e+02  1.79998612e+02
 9.26118728e+02  4.63856912e+01  9.26118728e+02  1.79998502e+02
 1.00000000e+03  4.63856913e+01  1.00000000e+03  1.79998382e+02
 1.07977516e+03  4.63856915e+01  1.07977516e+03  1.79998253e+02
 1.16591440e+03  4.63856916e+01  1.16591440e+03  1.79998114e+02
 1.25892541e+03  4.63856918e+01  1.25892541e+03  1.79997963e+02
 1.35935639e+03  4.63856920e+01  1.35935639e+03  1.79997801e+02
 1.46779927e+03  4.63856922e+01  1.46779927e+03  1.79997625e+02
 1.58489319e+03  4.63856925e+01  1.58489319e+03  1.79997436e+02
 1.71132830e+03  4.63856928e+01  1.71132830e+03  1.79997232e+02
 1.84784980e+03  4.63856932e+01  1.84784980e+03  1.79997011e+02
 1.99526231e+03  4.63856937e+01  1.99526231e+03  1.79996772e+02
 2.15443469e+03  4.63856942e+01  2.15443469e+03  1.79996515e+02
 2.32630507e+03  4.63856948e+01  2.32630507e+03  1.79996237e+02
 2.51188643e+03  4.63856955e+01  2.51188643e+03  1.79995936e+02
 2.71227258e+03  4.63856963e+01  2.71227258e+03  1.79995612e+02
 2.92864456e+03  4.63856972e+01  2.92864456e+03  1.79995262e+02
 3.16227766e+03  4.63856983e+01  3.16227766e+03  1.79994884e+02
 3.41454887e+03  4.63856996e+01  3.41454887e+03  1.79994476e+02
 3.68694506e+03  4.63857011e+01  3.68694506e+03  1.79994036e+02
 3.98107171e+03  4.63857029e+01  3.98107171e+03  1.79993560e+02
 4.29866235e+03  4.63857049e+01  4.29866235e+03  1.79993046e+02
 4.64158883e+03  4.63857073e+01  4.64158883e+03  1.79992491e+02
 5.01187234e+03  4.63857100e+01  5.01187234e+03  1.79991892e+02
 5.41169527e+03  4.63857133e+01  5.41169527e+03  1.79991245e+02
 5.84341413e+03  4.63857170e+01  5.84341413e+03  1.79990547e+02
 6.30957344e+03  4.63857214e+01  6.30957344e+03  1.79989793e+02
 6.81292069e+03  4.63857266e+01  6.81292069e+03  1.79988978e+02
 7.35642254e+03  4.63857325e+01  7.35642254e+03  1.79988099e+02
 7.94328235e+03  4.63857395e+01  7.94328235e+03  1.79987150e+02
 8.57695899e+03  4.63857476e+01  8.57695899e+03  1.79986125e+02
 9.26118728e+03  4.63857571e+01  9.26118728e+03  1.79985018e+02
 1.00000000e+04  4.63857681e+01  1.00000000e+04  1.79983822e+02
 1.07977516e+04  4.63857810e+01  1.07977516e+04  1.79982532e+02
 1.16591440e+04  4.63857960e+01  1.16591440e+04  1.79981138e+02
 1.25892541e+04  4.63858135e+01  1.25892541e+04  1.79979633e+02
 1.35935639e+04  4.63858339e+01  1.35935639e+04  1.79978009e+02
 1.46779927e+04  4.63858577e+01  1.46779927e+04  1.79976254e+02
 1.58489319e+04  4.63858854e+01  1.58489319e+04  1.79974360e+02
 1.71132830e+04  4.63859177e+01  1.71132830e+04  1.79972314e+02
 1.84784980e+04  4.63859554e+01  1.84784980e+04  1.79970105e+02
 1.99526231e+04  4.63859993e+01  1.99526231e+04  1.79967720e+02
 2.15443469e+04  4.63860505e+01  2.15443469e+04  1.79965144e+02
 2.32630507e+04  4.63861103e+01  2.32630507e+04  1.79962363e+02
 2.51188643e+04  4.63861799e+01  2.51188643e+04  1.79959360e+02
 2.71227258e+04  4.63862611e+01  2.71227258e+04  1.79956118e+02
 2.92864456e+04  4.63863558e+01  2.92864456e+04  1.79952616e+02
 3.16227766e+04  4.63864661e+01  3.16227766e+04  1.79948835e+02
 3.41454887e+04  4.63865948e+01  3.41454887e+04  1.79944751e+02
 3.68694506e+04  4.63867449e+01  3.68694506e+04  1.79940342e+02
 3.98107171e+04  4.63869198e+01  3.98107171e+04  1.79935581e+02
 4.29866235e+04  4.63871238e+01  4.29866235e+04  1.79930439e+02
 4.64158883e+04  4.63873616e+01  4.64158883e+04  1.79924886e+02
 5.01187234e+04  4.63876389e+01  5.01187234e+04  1.79918889e+02
 5.41169527e+04  4.63879622e+01  5.41169527e+04  1.79912412e+02
 5.84341413e+04  4.63883391e+01  5.84341413e+04  1.79905417e+02
 6.30957344e+04  4.63887786e+01  6.30957344e+04  1.79897863e+02
 6.81292069e+04  4.63892910e+01  6.81292069e+04  1.79889703e+02
 7.35642254e+04  4.63898886e+01  7.35642254e+04  1.79880889e+02
 7.94328235e+04  4.63905854e+01  7.94328235e+04  1.79871369e+02
 8.57695899e+04  4.63913977e+01  8.57695899e+04  1.79861084e+02
 9.26118728e+04  4.63923449e+01  9.26118728e+04  1.79849972e+02
 1.00000000e+05  4.63934495e+01  1.00000000e+05  1.79837967e+02
 1.07977516e+05  4.63947373e+01  1.07977516e+05  1.79824994e+02
 1.16591440e+05  4.63962392e+01  1.16591440e+05  1.79810974e+02
 1.25892541e+05  4.63979906e+01  1.25892541e+05  1.79795821e+02
 1.35935639e+05  4.64000332e+01  1.35935639e+05  1.79779439e+02
 1.46779927e+05  4.64024151e+01  1.46779927e+05  1.79761727e+02
 1.58489319e+05  4.64051928e+01  1.58489319e+05  1.79742570e+02
 1.71132830e+05  4.64084324e+01  1.71132830e+05  1.79721848e+02
 1.84784980e+05  4.64122112e+01  1.84784980e+05  1.79699423e+02
 1.99526231e+05  4.64166196e+01  1.99526231e+05  1.79675149e+02
 2.15443469e+05  4.64217607e+01  2.15443469e+05  1.79648862e+02
 2.32630507e+05  4.64277606e+01  2.32630507e+05  1.79620380e+02
 2.51188643e+05  4.64347590e+01  2.51188643e+05  1.79589504e+02
 2.71227258e+05  4.64429279e+01  2.71227258e+05  1.79556010e+02
 2.92864456e+05  4.64524596e+01  2.92864456e+05  1.79519647e+02
 3.16227766e+05  4.64635868e+01  3.16227766e+05  1.79480141e+02
 3.41454887e+05  4.64765758e+01  3.41454887e+05  1.79437168e+02
 3.68694506e+05  4.64917438e+01  3.68694506e+05  1.79390371e+02
 3.98107171e+05  4.65094640e+01  3.98107171e+05  1.79339345e+02
 4.29866235e+05  4.65301669e+01  4.29866235e+05  1.79283611e+02
 4.64158883e+05  4.65543653e+01  4.64158883e+05  1.79222627e+02
 5.01187234e+05  4.65826616e+01  5.01187234e+05  1.79155755e+02
 5.41169527e+05  4.66157679e+01  5.41169527e+05  1.79082257e+02
 5.84341413e+05  4.66545252e+01  5.84341413e+05  1.79001236e+02
 6.30957344e+05  4.66999279e+01  6.30957344e+05  1.78911633e+02
 6.81292069e+05  4.67531496e+01  6.81292069e+05  1.78812162e+02
 7.35642254e+05  4.68156097e+01  7.35642254e+05  1.78701264e+02
 7.94328235e+05  4.68889749e+01  7.94328235e+05  1.78577045e+02
 8.57695899e+05  4.69753021e+01  8.57695899e+05  1.78437078e+02
 9.26118728e+05  4.70770202e+01  9.26118728e+05  1.78278420e+02
 1.00000000e+06  4.71970886e+01  1.00000000e+06  1.78097188e+02
 1.07977516e+06  4.73391083e+01  1.07977516e+06  1.77888341e+02
 1.16591440e+06  4.75076323e+01  1.16591440e+06  1.77645558e+02
 1.25892541e+06  4.77081657e+01  1.25892541e+06  1.77360098e+02
 1.35935639e+06  4.79477636e+01  1.35935639e+06  1.77020213e+02
 1.46779927e+06  4.82354062e+01  1.46779927e+06  1.76609718e+02
 1.58489319e+06  4.85827481e+01  1.58489319e+06  1.76105157e+02
 1.71132830e+06  4.90051800e+01  1.71132830e+06  1.75472812e+02
 1.84784980e+06  4.95236848e+01  1.84784980e+06  1.74660385e+02
 1.99526231e+06  5.01675613e+01  1.99526231e+06  1.73585630e+02
 2.15443469e+06  5.09790558e+01  2.15443469e+06  1.72108989e+02
 2.32630507e+06  5.20220481e+01  2.32630507e+06  1.69977776e+02
 2.51188643e+06  5.33970892e+01  2.51188643e+06  1.66686250e+02
 2.71227258e+06  5.52682984e+01  2.71227258e+06  1.61079535e+02
 2.92864456e+06  5.78764603e+01  2.92864456e+06  1.50023827e+02
 3.16227766e+06  6.10781503e+01  3.16227766e+06  1.24014310e+02
 3.41454887e+06  6.11795881e+01  3.41454887e+06  7.54341872e+01
 3.68694506e+06  5.68439886e+01  3.68694506e+06  4.30024293e+01
 3.98107171e+06  5.26751673e+01  3.98107171e+06  2.95262703e+01
 4.29866235e+06  4.92968005e+01  4.29866235e+06  2.31004566e+01
 4.64158883e+06  4.64695394e+01  4.64158883e+06  1.95587862e+01
 5.01187234e+06  4.40082812e+01  5.01187234e+06  1.74346494e+01
 5.41169527e+06  4.17976854e+01  5.41169527e+06  1.61145807e+01
 5.84341413e+06  3.97676058e+01  5.84341413e+06  1.53040199e+01
 6.30957344e+06  3.78693563e+01  6.30957344e+06  1.48392139e+01
 6.81292069e+06  3.60705762e+01  6.81292069e+06  1.46382613e+01
 7.35642254e+06  3.43488708e+01  7.35642254e+06  1.46389442e+01
 7.94328235e+06  3.26850519e+01  7.94328235e+06  1.48078343e+01
 8.57695899e+06  3.10666852e+01  8.57695899e+06  1.51312395e+01
 9.26118728e+06  2.94831479e+01  9.26118728e+06  1.55912485e+01
 1.00000000e+07  2.79275167e+01  1.00000000e+07  1.61903778e+01
 1.07977516e+07  2.63879966e+01  1.07977516e+07  1.69270750e+01
 1.16591440e+07  2.48620347e+01  1.16591440e+07  1.78083515e+01
 1.25892541e+07  2.33444788e+01  1.25892541e+07  1.88393928e+01
 1.35935639e+07  2.18290115e+01  1.35935639e+07  2.00309403e+01
 1.46779927e+07  2.03065448e+01  1.46779927e+07  2.14359266e+01
 1.58489319e+07  1.87810008e+01  1.58489319e+07  2.30325548e+01
 1.71132830e+07  1.72450237e+01  1.71132830e+07  2.48789785e+01
 1.84784980e+07  1.56817715e+01  1.84784980e+07  2.70418075e+01
 1.99526231e+07  1.41040955e+01  1.99526231e+07  2.95641239e+01
 2.15443469e+07  1.24938833e+01  2.15443469e+07  3.25763861e+01
 2.32630507e+07  1.08674319e+01  2.32630507e+07  3.61252478e+01
 2.51188643e+07  9.20092383e+00  2.51188643e+07  4.04171054e+01
 2.71227258e+07  7.53140815e+00  2.71227258e+07  4.55639876e+01
 2.92864456e+07  5.80842184e+00  2.92864456e+07  5.18716555e+01
 3.16227766e+07  4.18094047e+00  3.16227766e+07  5.96040029e+01
 3.41454887e+07  2.59801152e+00  3.41454887e+07  6.89319522e+01
 3.68694506e+07  1.22506354e+00  3.68694506e+07  7.98790434e+01
 3.98107171e+07  3.09317262e-01  3.98107171e+07  9.34802847e+01
 4.29866235e+07  -3.33496084e-01  4.29866235e+07  1.06159806e+02
 4.64158883e+07  -5.53790378e-01  4.64158883e+07  1.17911448e+02
 5.01187234e+07  -4.28310217e-01  5.01187234e+07  1.29493563e+02
 5.41169527e+07  -3.20394987e-01  5.41169527e+07  1.38699677e+02
 5.84341413e+07  1.16870843e-01  5.84341413e+07  1.47338752e+02
 6.30957344e+07  4.95378551e-01  6.30957344e+07  1.53201151e+02
 6.81292069e+07  1.13955280e+00  6.81292069e+07  1.58749393e+02
 7.35642254e+07  1.40427337e+00  7.35642254e+07  1.63448565e+02
 7.94328235e+07  1.84328761e+00  7.94328235e+07  1.67787722e+02
 8.57695899e+07  2.28055072e+00  8.57695899e+07  1.71029671e+02
 9.26118728e+07  2.43566877e+00  9.26118728e+07  1.74374795e+02
 1.00000000e+08  3.04995530e+00  1.00000000e+08  1.77048100e+02
 1.07977516e+08  2.95998172e+00  1.07977516e+08  1.79908028e+02
 1.16591440e+08  3.74524014e+00  1.16591440e+08  1.81664036e+02
 1.25892541e+08  3.85607867e+00  1.25892541e+08  1.83895741e+02
 1.35935639e+08  4.09120997e+00  1.35935639e+08  1.85681757e+02
 1.46779927e+08  4.55782751e+00  1.46779927e+08  1.87014334e+02
 1.58489319e+08  4.93695258e+00  1.58489319e+08  1.88160669e+02
 1.71132830e+08  5.12865800e+00  1.71132830e+08  1.89273104e+02
 1.84784980e+08  5.52614844e+00  1.84784980e+08  1.89625189e+02
 1.99526231e+08  5.56855741e+00  1.99526231e+08  1.89999921e+02
 2.15443469e+08  5.73598519e+00  2.15443469e+08  1.89840614e+02
 2.32630507e+08  6.07699220e+00  2.32630507e+08  1.89662011e+02
 2.51188643e+08  6.19818381e+00  2.51188643e+08  1.89376166e+02
 2.71227258e+08  7.01642378e+00  2.71227258e+08  1.88325897e+02
 2.92864456e+08  6.42979132e+00  2.92864456e+08  1.87783613e+02
 3.16227766e+08  6.48069136e+00  3.16227766e+08  1.86930932e+02
 3.41454887e+08  7.53833559e+00  3.41454887e+08  1.86311224e+02
 3.68694506e+08  8.20881913e+00  3.68694506e+08  1.85150948e+02
 3.98107171e+08  8.09699662e+00  3.98107171e+08  1.84551868e+02
 4.29866235e+08  6.78384039e+00  4.29866235e+08  1.83846309e+02
 4.64158883e+08  6.82633568e+00  4.64158883e+08  1.83307175e+02
 5.01187234e+08  7.07399919e+00  5.01187234e+08  1.82970060e+02
 5.41169527e+08  7.67405642e+00  5.41169527e+08  1.82029551e+02
 5.84341413e+08  8.80654837e+00  5.84341413e+08  1.82083748e+02
 6.30957344e+08  1.09893297e+01  6.30957344e+08  1.81409083e+02
 6.81292069e+08  6.11029281e+00  6.81292069e+08  1.81365069e+02
 7.35642254e+08  8.29574723e+00  7.35642254e+08  1.81694813e+02
 7.94328235e+08  6.93582020e+00  7.94328235e+08  1.80817467e+02
 8.57695899e+08  5.85298240e+01  8.57695899e+08  2.71718513e+02
 9.26118728e+08  7.22242041e-01  9.26118728e+08  1.80130132e+02
 1.00000000e+09  8.92311016e+00  1.00000000e+09  1.80798841e+02
