 1.00000000e+00  4.63856906e+01  1.00000000e+00  1.79999998e+02
 1.07977516e+00  4.63856906e+01  1.07977516e+00  1.79999998e+02
 1.16591440e+00  4.63856906e+01  1.16591440e+00  1.79999998e+02
 1.25892541e+00  4.63856906e+01  1.25892541e+00  1.79999998e+02
 1.35935639e+00  4.63856906e+01  1.35935639e+00  1.79999998e+02
 1.46779927e+00  4.63856906e+01  1.46779927e+00  1.79999998e+02
 1.58489319e+00  4.63856906e+01  1.58489319e+00  1.79999998e+02
 1.71132830e+00  4.63856906e+01  1.71132830e+00  1.79999997e+02
 1.84784980e+00  4.63856906e+01  1.84784980e+00  1.79999997e+02
 1.99526231e+00  4.63856906e+01  1.99526231e+00  1.79999997e+02
 2.15443469e+00  4.63856906e+01  2.15443469e+00  1.79999997e+02
 2.32630507e+00  4.63856906e+01  2.32630507e+00  1.79999996e+02
 2.51188643e+00  4.63856906e+01  2.51188643e+00  1.79999996e+02
 2.71227258e+00  4.63856906e+01  2.71227258e+00  1.79999996e+02
 2.92864456e+00  4.63856906e+01  2.92864456e+00  1.79999995e+02
 3.16227766e+00  4.63856906e+01  3.16227766e+00  1.79999995e+02
 3.41454887e+00  4.63856906e+01  3.41454887e+00  1.79999995e+02
 3.68694506e+00  4.63856906e+01  3.68694506e+00  1.79999994e+02
 3.98107171e+00  4.63856906e+01  3.98107171e+00  1.79999994e+02
 4.29866235e+00  4.63856906e+01  4.29866235e+00  1.79999993e+02
 4.64158883e+00  4.63856906e+01  4.64158883e+00  1.79999993e+02
 5.01187234e+00  4.63856906e+01  5.01187234e+00  1.79999992e+02
 5.41169527e+00  4.63856906e+01  5.41169527e+00  1.79999991e+02
 5.84341413e+00  4.63856906e+01  5.84341413e+00  1.79999991e+02
 6.30957344e+00  4.63856906e+01  6.30957344e+00  1.79999990e+02
 6.81292069e+00  4.63856906e+01  6.81292069e+00  1.79999989e+02
 7.35642254e+00  4.63856906e+01  7.35642254e+00  1.79999988e+02
 7.94328235e+00  4.63856906e+01  7.94328235e+00  1.79999987e+02
 8.57695899e+00  4.63856906e+01  8.57695899e+00  1.79999986e+02
 9.26118728e+00  4.63856906e+01  9.26118728e+00  1.79999985e+02
 1.00000000e+01  4.63856906e+01  1.00000000e+01  1.79999984e+02
 1.07977516e+01  4.63856906e+01  1.07977516e+01  1.79999983e+02
 1.16591440e+01  4.63856906e+01  1.16591440e+01  1.79999982e+02
 1.25892541e+01  4.63856906e+01  1.25892541e+01  1.79999980e+02
 1.35935639e+01  4.63856906e+01  1.35935639e+01  1.79999979e+02
 1.46779927e+01  4.63856906e+01  1.46779927e+01  1.79999977e+02
 1.58489319e+01  4.63856906e+01  1.58489319e+01  1.79999975e+02
 1.71132830e+01  4.63856906e+01  1.71132830e+01  1.79999973e+02
 1.84784980e+01  4.63856906e+01  1.84784980e+01  1.79999971e+02
 1.99526231e+01  4.63856906e+01  1.99526231e+01  1.79999969e+02
 2.15443469e+01  4.63856906e+01  2.15443469e+01  1.79999966e+02
 2.32630507e+01  4.63856906e+01  2.32630507e+01  1.79999963e+02
 2.51188643e+01  4.63856906e+01  2.51188643e+01  1.79999960e+02
 2.71227258e+01  4.63856906e+01  2.71227258e+01  1.79999957e+02
 2.92864456e+01  4.63856906e+01  2.92864456e+01  1.79999954e+02
 3.16227766e+01  4.63856906e+01  3.16227766e+01  1.79999950e+02
 3.41454887e+01  4.63856906e+01  3.41454887e+01  1.79999946e+02
 3.68694506e+01  4.63856906e+01  3.68694506e+01  1.79999942e+02
 3.98107171e+01  4.63856906e+01  3.98107171e+01  1.79999937e+02
 4.29866235e+01  4.63856906e+01  4.29866235e+01  1.79999932e+02
 4.64158883e+01  4.63856906e+01  4.64158883e+01  1.79999927e+02
 5.01187234e+01  4.63856906e+01  5.01187234e+01  1.79999921e+02
 5.41169527e+01  4.63856906e+01  5.41169527e+01  1.79999915e+02
 5.84341413e+01  4.63856906e+01  5.84341413e+01  1.79999908e+02
 6.30957344e+01  4.63856906e+01  6.30957344e+01  1.79999901e+02
 6.81292069e+01  4.63856906e+01  6.81292069e+01  1.79999893e+02
 7.35642254e+01  4.63856906e+01  7.35642254e+01  1.79999884e+02
 7.94328235e+01  4.63856906e+01  7.94328235e+01  1.79999875e+02
 8.57695899e+01  4.63856906e+01  8.57695899e+01  1.79999865e+02
 9.26118728e+01  4.63856906e+01  9.26118728e+01  1.79999854e+02
 1.00000000e+02  4.63856906e+01  1.00000000e+02  1.79999842e+02
 1.07977516e+02  4.63856906e+01  1.07977516e+02  1.79999830e+02
 1.16591440e+02  4.63856906e+01  1.16591440e+02  1.79999816e+02
 1.25892541e+02  4.63856906e+01  1.25892541e+02  1.79999802e+02
 1.35935639e+02  4.63856906e+01  1.35935639e+02  1.79999786e+02
 1.46779927e+02  4.63856906e+01  1.46779927e+02  1.79999769e+02
 1.58489319e+02  4.63856906e+01  1.58489319e+02  1.79999750e+02
 1.71132830e+02  4.63856906e+01  1.71132830e+02  1.79999730e+02
 1.84784980e+02  4.63856906e+01  1.84784980e+02  1.79999709e+02
 1.99526231e+02  4.63856906e+01  1.99526231e+02  1.79999685e+02
 2.15443469e+02  4.63856906e+01  2.15443469e+02  1.79999660e+02
 2.32630507e+02  4.63856906e+01  2.32630507e+02  1.79999633e+02
 2.51188643e+02  4.63856906e+01  2.51188643e+02  1.79999604e+02
 2.71227258e+02  4.63856906e+01  2.71227258e+02  1.79999572e+02
 2.92864456e+02  4.63856906e+01  2.92864456e+02  1.79999538e+02
 3.16227766e+02  4.63856906e+01  3.16227766e+02  1.79999501e+02
 3.41454887e+02  4.63856906e+01  3.41454887e+02  1.79999462e+02
 3.68694506e+02  4.63856907e+01  3.68694506e+02  1.79999419e+02
 3.98107171e+02  4.63856907e+01  3.98107171e+02  1.79999372e+02
 4.29866235e+02  4.63856907e+01  4.29866235e+02  1.79999322e+02
 4.64158883e+02  4.63856907e+01  4.64158883e+02  1.79999268e+02
 5.01187234e+02  4.63856907e+01  5.01187234e+02  1.79999210e+02
 5.41169527e+02  4.63856908e+01  5.41169527e+02  1.79999147e+02
 5.84341413e+02  4.63856908e+01  5.84341413e+02  1.79999079e+02
 6.30957344e+02  4.63856909e+01  6.30957344e+02  1.79999005e+02
 6.81292069e+02  4.63856909e+01  6.81292069e+02  1.79998926e+02
 7.35642254e+02  4.63856910e+01  7.35642254e+02  1.79998840e+02
 7.94328235e+02  4.63856910e+01  7.94328235e+02  1.79998748e+02
 8.57695899e+02  4.63856911e+01  8.57695899e+02  1.79998648e+02
 9.26118728e+02  4.63856912e+01  9.26118728e+02  1.79998540e+02
 1.00000000e+03  4.63856913e+01  1.00000000e+03  1.79998424e+02
 1.07977516e+03  4.63856915e+01  1.07977516e+03  1.79998298e+02
 1.16591440e+03  4.63856916e+01  1.16591440e+03  1.79998162e+02
 1.25892541e+03  4.63856918e+01  1.25892541e+03  1.79998015e+02
 1.35935639e+03  4.63856920e+01  1.35935639e+03  1.79997857e+02
 1.46779927e+03  4.63856922e+01  1.46779927e+03  1.79997686e+02
 1.58489319e+03  4.63856925e+01  1.58489319e+03  1.79997501e+02
 1.71132830e+03  4.63856928e+01  1.71132830e+03  1.79997302e+02
 1.84784980e+03  4.63856932e+01  1.84784980e+03  1.79997087e+02
 1.99526231e+03  4.63856936e+01  1.99526231e+03  1.79996855e+02
 2.15443469e+03  4.63856942e+01  2.15443469e+03  1.79996604e+02
 2.32630507e+03  4.63856948e+01  2.32630507e+03  1.79996333e+02
 2.51188643e+03  4.63856955e+01  2.51188643e+03  1.79996040e+02
 2.71227258e+03  4.63856963e+01  2.71227258e+03  1.79995724e+02
 2.92864456e+03  4.63856972e+01  2.92864456e+03  1.79995383e+02
 3.16227766e+03  4.63856983e+01  3.16227766e+03  1.79995015e+02
 3.41454887e+03  4.63856996e+01  3.41454887e+03  1.79994617e+02
 3.68694506e+03  4.63857012e+01  3.68694506e+03  1.79994188e+02
 3.98107171e+03  4.63857029e+01  3.98107171e+03  1.79993724e+02
 4.29866235e+03  4.63857050e+01  4.29866235e+03  1.79993223e+02
 4.64158883e+03  4.63857073e+01  4.64158883e+03  1.79992683e+02
 5.01187234e+03  4.63857102e+01  5.01187234e+03  1.79992099e+02
 5.41169527e+03  4.63857133e+01  5.41169527e+03  1.79991469e+02
 5.84341413e+03  4.63857171e+01  5.84341413e+03  1.79990788e+02
 6.30957344e+03  4.63857217e+01  6.30957344e+03  1.79990053e+02
 6.81292069e+03  4.63857266e+01  6.81292069e+03  1.79989260e+02
 7.35642254e+03  4.63857326e+01  7.35642254e+03  1.79988403e+02
 7.94328235e+03  4.63857399e+01  7.94328235e+03  1.79987477e+02
 8.57695899e+03  4.63857481e+01  8.57695899e+03  1.79986478e+02
 9.26118728e+03  4.63857571e+01  9.26118728e+03  1.79985400e+02
 1.00000000e+04  4.63857676e+01  1.00000000e+04  1.79984235e+02
 1.07977516e+04  4.63857804e+01  1.07977516e+04  1.79982978e+02
 1.16591440e+04  4.63857961e+01  1.16591440e+04  1.79981619e+02
 1.25892541e+04  4.63858136e+01  1.25892541e+04  1.79980153e+02
 1.35935639e+04  4.63858351e+01  1.35935639e+04  1.79978569e+02
 1.46779927e+04  4.63858578e+01  1.46779927e+04  1.79976860e+02
 1.58489319e+04  4.63858856e+01  1.58489319e+04  1.79975014e+02
 1.71132830e+04  4.63859197e+01  1.71132830e+04  1.79973020e+02
 1.84784980e+04  4.63859536e+01  1.84784980e+04  1.79970868e+02
 1.99526231e+04  4.63859973e+01  1.99526231e+04  1.79968544e+02
 2.15443469e+04  4.63860510e+01  2.15443469e+04  1.79966034e+02
 2.32630507e+04  4.63861108e+01  2.32630507e+04  1.79963323e+02
 2.51188643e+04  4.63861843e+01  2.51188643e+04  1.79960397e+02
 2.71227258e+04  4.63862573e+01  2.71227258e+04  1.79957237e+02
 2.92864456e+04  4.63863565e+01  2.92864456e+04  1.79953824e+02
 3.16227766e+04  4.63864610e+01  3.16227766e+04  1.79950140e+02
 3.41454887e+04  4.63865959e+01  3.41454887e+04  1.79946161e+02
 3.68694506e+04  4.63867461e+01  3.68694506e+04  1.79941864e+02
 3.98107171e+04  4.63869213e+01  3.98107171e+04  1.79937223e+02
 4.29866235e+04  4.63871255e+01  4.29866235e+04  1.79932213e+02
 4.64158883e+04  4.63873635e+01  4.64158883e+04  1.79926801e+02
 5.01187234e+04  4.63876411e+01  5.01187234e+04  1.79920957e+02
 5.41169527e+04  4.63879648e+01  5.41169527e+04  1.79914645e+02
 5.84341413e+04  4.63883628e+01  5.84341413e+04  1.79907828e+02
 6.30957344e+04  4.63887822e+01  6.30957344e+04  1.79900466e+02
 6.81292069e+04  4.63892674e+01  6.81292069e+04  1.79892515e+02
 7.35642254e+04  4.63898935e+01  7.35642254e+04  1.79883925e+02
 7.94328235e+04  4.63905911e+01  7.94328235e+04  1.79874646e+02
 8.57695899e+04  4.63913601e+01  8.57695899e+04  1.79864624e+02
 9.26118728e+04  4.63923528e+01  9.26118728e+04  1.79853794e+02
 1.00000000e+05  4.63935189e+01  1.00000000e+05  1.79842090e+02
 1.07977516e+05  4.63947481e+01  1.07977516e+05  1.79829449e+02
 1.16591440e+05  4.63962517e+01  1.16591440e+05  1.79815784e+02
 1.25892541e+05  4.63981007e+01  1.25892541e+05  1.79801009e+02
 1.35935639e+05  4.63999386e+01  1.35935639e+05  1.79785049e+02
 1.46779927e+05  4.64024349e+01  1.46779927e+05  1.79767781e+02
 1.58489319e+05  4.64053674e+01  1.58489319e+05  1.79749099e+02
 1.71132830e+05  4.64084593e+01  1.71132830e+05  1.79728906e+02
 1.84784980e+05  4.64122431e+01  1.84784980e+05  1.79707044e+02
 1.99526231e+05  4.64168955e+01  1.99526231e+05  1.79683362e+02
 2.15443469e+05  4.64215238e+01  2.15443469e+05  1.79657746e+02
 2.32630507e+05  4.64281359e+01  2.32630507e+05  1.79629947e+02
 2.51188643e+05  4.64344365e+01  2.51188643e+05  1.79599858e+02
 2.71227258e+05  4.64429939e+01  2.71227258e+05  1.79567187e+02
 2.92864456e+05  4.64520201e+01  2.92864456e+05  1.79531714e+02
 3.16227766e+05  4.64636765e+01  3.16227766e+05  1.79493164e+02
 3.41454887e+05  4.64766808e+01  3.41454887e+05  1.79451226e+02
 3.68694506e+05  4.64918692e+01  3.68694506e+05  1.79405546e+02
 3.98107171e+05  4.65096090e+01  3.98107171e+05  1.79355721e+02
 4.29866235e+05  4.65303365e+01  4.29866235e+05  1.79301286e+02
 4.64158883e+05  4.65532657e+01  4.64158883e+05  1.79241692e+02
 5.01187234e+05  4.65844063e+01  5.01187234e+05  1.79176138e+02
 5.41169527e+05  4.66160357e+01  5.41169527e+05  1.79104462e+02
 5.84341413e+05  4.66527785e+01  5.84341413e+05  1.79025161e+02
 6.30957344e+05  4.67002853e+01  6.30957344e+05  1.78937464e+02
 6.81292069e+05  4.67535785e+01  6.81292069e+05  1.78840022e+02
 7.35642254e+05  4.68193627e+01  7.35642254e+05  1.78730679e+02
 7.94328235e+05  4.68895631e+01  7.94328235e+05  1.78609423e+02
 8.57695899e+05  4.69804035e+01  8.57695899e+05  1.78470979e+02
 9.26118728e+05  4.70777898e+01  9.26118728e+05  1.78315981e+02
 1.00000000e+06  4.71979789e+01  1.00000000e+06  1.78137604e+02
 1.07977516e+06  4.73471681e+01  1.07977516e+06  1.77929922e+02
 1.16591440e+06  4.75088529e+01  1.16591440e+06  1.77692421e+02
 1.25892541e+06  4.77095619e+01  1.25892541e+06  1.77410499e+02
 1.35935639e+06  4.79605041e+01  1.35935639e+06  1.77070378e+02
 1.46779927e+06  4.82373014e+01  1.46779927e+06  1.76667798e+02
 1.58489319e+06  4.85849239e+01  1.58489319e+06  1.76167510e+02
 1.71132830e+06  4.90077294e+01  1.71132830e+06  1.75539452e+02
 1.84784980e+06  4.95266325e+01  1.84784980e+06  1.74731769e+02
 1.99526231e+06  5.01470542e+01  1.99526231e+06  1.73661361e+02
 2.15443469e+06  5.09551629e+01  2.15443469e+06  1.72190076e+02
 2.32630507e+06  5.20265909e+01  2.32630507e+06  1.70064422e+02
 2.51188643e+06  5.34023177e+01  2.51188643e+06  1.66778315e+02
 2.71227258e+06  5.53587596e+01  2.71227258e+06  1.61069020e+02
 2.92864456e+06  5.78834293e+01  2.92864456e+06  1.50126709e+02
 3.16227766e+06  6.11395205e+01  3.16227766e+06  1.24061869e+02
 3.41454887e+06  6.11268688e+01  3.41454887e+06  7.55192140e+01
 3.68694506e+06  5.67772773e+01  3.68694506e+06  4.30683031e+01
 3.98107171e+06  5.26862715e+01  3.98107171e+06  2.96504421e+01
 4.29866235e+06  4.93093814e+01  4.29866235e+06  2.32286361e+01
 4.64158883e+06  4.66089266e+01  4.64158883e+06  1.95975242e+01
 5.01187234e+06  4.40239910e+01  5.01187234e+06  1.75699279e+01
 5.41169527e+06  4.19849701e+01  5.41169527e+06  1.60955098e+01
 5.84341413e+06  3.97869898e+01  5.84341413e+06  1.54433694e+01
 6.30957344e+06  3.81185442e+01  6.30957344e+06  1.47277411e+01
 6.81292069e+06  3.60938072e+01  6.81292069e+06  1.47770844e+01
 7.35642254e+06  3.40512696e+01  7.35642254e+06  1.45184536e+01
 7.94328235e+06  3.30668383e+01  7.94328235e+06  1.44464607e+01
 8.57695899e+06  3.10959852e+01  8.57695899e+06  1.52620088e+01
 9.26118728e+06  2.95143696e+01  9.26118728e+06  1.57211795e+01
 1.00000000e+07  2.73581681e+01  1.00000000e+07  1.56390919e+01
 1.07977516e+07  2.64213090e+01  1.07977516e+07  1.70446228e+01
 1.16591440e+07  2.40721756e+01  1.16591440e+07  1.68071807e+01
 1.25892541e+07  2.33833410e+01  1.25892541e+07  1.89411237e+01
 1.35935639e+07  2.18668730e+01  1.35935639e+07  2.01406440e+01
 1.46779927e+07  2.03483296e+01  1.46779927e+07  2.15284144e+01
 1.58489319e+07  1.88224422e+01  1.58489319e+07  2.31256232e+01
 1.71132830e+07  1.72856275e+01  1.71132830e+07  2.49776684e+01
 1.84784980e+07  1.57284047e+01  1.84784980e+07  2.71497607e+01
 1.99526231e+07  1.41546963e+01  1.99526231e+07  2.96515772e+01
 2.15443469e+07  1.48544321e+01  2.15443469e+07  2.42577560e+01
 2.32630507e+07  1.09206505e+01  2.32630507e+07  3.61782805e+01
 2.51188643e+07  9.26514951e+00  2.51188643e+07  4.04360957e+01
 2.71227258e+07  6.80826869e-01  2.71227258e+07  2.52315792e+01
 2.92864456e+07  5.90772843e+00  2.92864456e+07  5.17559804e+01
 3.16227766e+07  8.43957508e+00  3.16227766e+07  3.23477877e+01
 3.41454887e+07  2.70780368e+00  3.41454887e+07  6.87588672e+01
 3.68694506e+07  1.35236046e+00  3.68694506e+07  7.98501240e+01
 3.98107171e+07  3.38447080e-01  3.98107171e+07  9.23277388e+01
 4.29866235e+07  -3.17788835e-01  4.29866235e+07  1.05250884e+02
 4.64158883e+07  -4.02938326e+00  4.64158883e+07  2.35468960e+02
 5.01187234e+07  9.22283638e-01  5.01187234e+07  4.08217975e+02
 5.41169527e+07  -2.32529024e+00  5.41169527e+07  2.37847852e+02
 5.84341413e+07  2.01601107e-01  5.84341413e+07  1.46344330e+02
 6.30957344e+07  -2.55093661e+00  6.30957344e+07  6.08104615e+01
 6.81292069e+07  1.01504020e+00  6.81292069e+07  1.58538894e+02
 7.35642254e+07  -1.63451308e+00  7.35642254e+07  2.45020066e+02
 7.94328235e+07  1.81229726e+00  7.94328235e+07  1.67349045e+02
 8.57695899e+07  2.17306071e+00  8.57695899e+07  1.70946031e+02
 9.26118728e+07  -6.56248624e+00  9.26118728e+07  8.86472983e+01
 1.00000000e+08  -2.47848138e+00  1.00000000e+08  2.52870493e+02
 1.07977516e+08  3.21443269e+00  1.07977516e+08  1.79390900e+02
 1.16591440e+08  3.51050870e+00  1.16591440e+08  1.81635801e+02
 1.25892541e+08  -3.52985167e+00  1.25892541e+08  2.57980912e+02
 1.35935639e+08  -7.80229308e+00  1.35935639e+08  1.10063806e+02
 1.46779927e+08  -7.87926599e+00  1.46779927e+08  1.12237984e+02
 1.58489319e+08  4.72162232e+00  1.58489319e+08  1.87985428e+02
 1.71132830e+08  -8.03243784e+00  1.71132830e+08  1.15092423e+02
 1.84784980e+08  -8.13488214e+00  1.84784980e+08  1.15690387e+02
 1.99526231e+08  -6.06946719e+00  1.99526231e+08  2.64129525e+02
 2.15443469e+08  -8.41221296e+00  2.15443469e+08  1.15354933e+02
 2.32630507e+08  -7.02549396e+00  2.32630507e+08  2.65171004e+02
 2.51188643e+08  6.28078444e+00  2.51188643e+08  1.88892822e+02
 2.71227258e+08  6.20841100e+00  2.71227258e+08  1.88316029e+02
 2.92864456e+08  7.07751808e+00  2.92864456e+08  1.87490986e+02
 3.16227766e+08  -9.34381991e+00  3.16227766e+08  2.64067645e+02
 3.41454887e+08  8.07799037e+00  3.41454887e+08  1.85693262e+02
 3.68694506e+08  -1.08139627e+01  3.68694506e+08  1.06162842e+02
 3.98107171e+08  -1.14049216e+01  3.98107171e+08  2.62970036e+02
 4.29866235e+08  -1.21327886e+01  4.29866235e+08  2.62960055e+02
 4.64158883e+08  8.60155140e+00  4.64158883e+08  1.82606072e+02
 5.01187234e+08  7.52993931e+00  5.01187234e+08  1.82189383e+02
 5.41169527e+08  -1.36246978e+01  5.41169527e+08  9.98484757e+01
 5.84341413e+08  -1.51546827e+01  5.84341413e+08  2.62619985e+02
 6.30957344e+08  7.70352313e+00  6.30957344e+08  1.80604919e+02
 6.81292069e+08  -2.33189387e+01  6.81292069e+08  2.61823662e+02
 7.35642254e+08  5.37092718e+00  7.35642254e+08  1.79886728e+02
 7.94328235e+08  9.13829436e+00  7.94328235e+08  1.80286438e+02
 8.57695899e+08  1.00753239e+01  8.57695899e+08  1.79338809e+02
 9.26118728e+08  -1.96880998e+01  9.26118728e+08  2.66568238e+02
 1.00000000e+09  7.28560202e+00  1.00000000e+09  1.78757486e+02
