 1.00000000e+00  4.75977496e+01  1.00000000e+00  1.79999998e+02
 1.07977516e+00  4.75977496e+01  1.07977516e+00  1.79999998e+02
 1.16591440e+00  4.75977496e+01  1.16591440e+00  1.79999997e+02
 1.25892541e+00  4.75977496e+01  1.25892541e+00  1.79999997e+02
 1.35935639e+00  4.75977496e+01  1.35935639e+00  1.79999997e+02
 1.46779927e+00  4.75977496e+01  1.46779927e+00  1.79999997e+02
 1.58489319e+00  4.75977496e+01  1.58489319e+00  1.79999996e+02
 1.71132830e+00  4.75977496e+01  1.71132830e+00  1.79999996e+02
 1.84784980e+00  4.75977496e+01  1.84784980e+00  1.79999996e+02
 1.99526231e+00  4.75977496e+01  1.99526231e+00  1.79999996e+02
 2.15443469e+00  4.75977496e+01  2.15443469e+00  1.79999995e+02
 2.32630507e+00  4.75977496e+01  2.32630507e+00  1.79999995e+02
 2.51188643e+00  4.75977496e+01  2.51188643e+00  1.79999994e+02
 2.71227258e+00  4.75977496e+01  2.71227258e+00  1.79999994e+02
 2.92864456e+00  4.75977496e+01  2.92864456e+00  1.79999994e+02
 3.16227766e+00  4.75977496e+01  3.16227766e+00  1.79999993e+02
 3.41454887e+00  4.75977496e+01  3.41454887e+00  1.79999992e+02
 3.68694506e+00  4.75977496e+01  3.68694506e+00  1.79999992e+02
 3.98107171e+00  4.75977496e+01  3.98107171e+00  1.79999991e+02
 4.29866235e+00  4.75977496e+01  4.29866235e+00  1.79999990e+02
 4.64158883e+00  4.75977496e+01  4.64158883e+00  1.79999990e+02
 5.01187234e+00  4.75977496e+01  5.01187234e+00  1.79999989e+02
 5.41169527e+00  4.75977496e+01  5.41169527e+00  1.79999988e+02
 5.84341413e+00  4.75977496e+01  5.84341413e+00  1.79999987e+02
 6.30957344e+00  4.75977496e+01  6.30957344e+00  1.79999986e+02
 6.81292069e+00  4.75977496e+01  6.81292069e+00  1.79999985e+02
 7.35642254e+00  4.75977496e+01  7.35642254e+00  1.79999984e+02
 7.94328235e+00  4.75977496e+01  7.94328235e+00  1.79999982e+02
 8.57695899e+00  4.75977496e+01  8.57695899e+00  1.79999981e+02
 9.26118728e+00  4.75977496e+01  9.26118728e+00  1.79999979e+02
 1.00000000e+01  4.75977496e+01  1.00000000e+01  1.79999978e+02
 1.07977516e+01  4.75977496e+01  1.07977516e+01  1.79999976e+02
 1.16591440e+01  4.75977496e+01  1.16591440e+01  1.79999974e+02
 1.25892541e+01  4.75977496e+01  1.25892541e+01  1.79999972e+02
 1.35935639e+01  4.75977496e+01  1.35935639e+01  1.79999970e+02
 1.46779927e+01  4.75977496e+01  1.46779927e+01  1.79999967e+02
 1.58489319e+01  4.75977496e+01  1.58489319e+01  1.79999965e+02
 1.71132830e+01  4.75977496e+01  1.71132830e+01  1.79999962e+02
 1.84784980e+01  4.75977496e+01  1.84784980e+01  1.79999959e+02
 1.99526231e+01  4.75977496e+01  1.99526231e+01  1.79999956e+02
 2.15443469e+01  4.75977496e+01  2.15443469e+01  1.79999952e+02
 2.32630507e+01  4.75977496e+01  2.32630507e+01  1.79999948e+02
 2.51188643e+01  4.75977496e+01  2.51188643e+01  1.79999944e+02
 2.71227258e+01  4.75977496e+01  2.71227258e+01  1.79999940e+02
 2.92864456e+01  4.75977496e+01  2.92864456e+01  1.79999935e+02
 3.16227766e+01  4.75977496e+01  3.16227766e+01  1.79999930e+02
 3.41454887e+01  4.75977496e+01  3.41454887e+01  1.79999924e+02
 3.68694506e+01  4.75977496e+01  3.68694506e+01  1.79999918e+02
 3.98107171e+01  4.75977496e+01  3.98107171e+01  1.79999912e+02
 4.29866235e+01  4.75977496e+01  4.29866235e+01  1.79999905e+02
 4.64158883e+01  4.75977496e+01  4.64158883e+01  1.79999897e+02
 5.01187234e+01  4.75977496e+01  5.01187234e+01  1.79999889e+02
 5.41169527e+01  4.75977496e+01  5.41169527e+01  1.79999880e+02
 5.84341413e+01  4.75977496e+01  5.84341413e+01  1.79999870e+02
 6.30957344e+01  4.75977496e+01  6.30957344e+01  1.79999860e+02
 6.81292069e+01  4.75977496e+01  6.81292069e+01  1.79999849e+02
 7.35642254e+01  4.75977496e+01  7.35642254e+01  1.79999837e+02
 7.94328235e+01  4.75977496e+01  7.94328235e+01  1.79999824e+02
 8.57695899e+01  4.75977496e+01  8.57695899e+01  1.79999810e+02
 9.26118728e+01  4.75977496e+01  9.26118728e+01  1.79999794e+02
 1.00000000e+02  4.75977496e+01  1.00000000e+02  1.79999778e+02
 1.07977516e+02  4.75977496e+01  1.07977516e+02  1.79999760e+02
 1.16591440e+02  4.75977496e+01  1.16591440e+02  1.79999741e+02
 1.25892541e+02  4.75977496e+01  1.25892541e+02  1.79999721e+02
 1.35935639e+02  4.75977496e+01  1.35935639e+02  1.79999698e+02
 1.46779927e+02  4.75977496e+01  1.46779927e+02  1.79999674e+02
 1.58489319e+02  4.75977496e+01  1.58489319e+02  1.79999648e+02
 1.71132830e+02  4.75977496e+01  1.71132830e+02  1.79999620e+02
 1.84784980e+02  4.75977496e+01  1.84784980e+02  1.79999590e+02
 1.99526231e+02  4.75977496e+01  1.99526231e+02  1.79999557e+02
 2.15443469e+02  4.75977496e+01  2.15443469e+02  1.79999522e+02
 2.32630507e+02  4.75977496e+01  2.32630507e+02  1.79999484e+02
 2.51188643e+02  4.75977497e+01  2.51188643e+02  1.79999443e+02
 2.71227258e+02  4.75977497e+01  2.71227258e+02  1.79999398e+02
 2.92864456e+02  4.75977497e+01  2.92864456e+02  1.79999350e+02
 3.16227766e+02  4.75977497e+01  3.16227766e+02  1.79999298e+02
 3.41454887e+02  4.75977497e+01  3.41454887e+02  1.79999242e+02
 3.68694506e+02  4.75977497e+01  3.68694506e+02  1.79999182e+02
 3.98107171e+02  4.75977497e+01  3.98107171e+02  1.79999116e+02
 4.29866235e+02  4.75977498e+01  4.29866235e+02  1.79999046e+02
 4.64158883e+02  4.75977498e+01  4.64158883e+02  1.79998970e+02
 5.01187234e+02  4.75977498e+01  5.01187234e+02  1.79998888e+02
 5.41169527e+02  4.75977498e+01  5.41169527e+02  1.79998799e+02
 5.84341413e+02  4.75977499e+01  5.84341413e+02  1.79998703e+02
 6.30957344e+02  4.75977499e+01  6.30957344e+02  1.79998600e+02
 6.81292069e+02  4.75977500e+01  6.81292069e+02  1.79998488e+02
 7.35642254e+02  4.75977500e+01  7.35642254e+02  1.79998367e+02
 7.94328235e+02  4.75977501e+01  7.94328235e+02  1.79998237e+02
 8.57695899e+02  4.75977502e+01  8.57695899e+02  1.79998097e+02
 9.26118728e+02  4.75977503e+01  9.26118728e+02  1.79997945e+02
 1.00000000e+03  4.75977504e+01  1.00000000e+03  1.79997781e+02
 1.07977516e+03  4.75977506e+01  1.07977516e+03  1.79997604e+02
 1.16591440e+03  4.75977507e+01  1.16591440e+03  1.79997413e+02
 1.25892541e+03  4.75977509e+01  1.25892541e+03  1.79997206e+02
 1.35935639e+03  4.75977511e+01  1.35935639e+03  1.79996983e+02
 1.46779927e+03  4.75977514e+01  1.46779927e+03  1.79996743e+02
 1.58489319e+03  4.75977516e+01  1.58489319e+03  1.79996483e+02
 1.71132830e+03  4.75977520e+01  1.71132830e+03  1.79996202e+02
 1.84784980e+03  4.75977524e+01  1.84784980e+03  1.79995899e+02
 1.99526231e+03  4.75977528e+01  1.99526231e+03  1.79995572e+02
 2.15443469e+03  4.75977534e+01  2.15443469e+03  1.79995219e+02
 2.32630507e+03  4.75977540e+01  2.32630507e+03  1.79994837e+02
 2.51188643e+03  4.75977547e+01  2.51188643e+03  1.79994425e+02
 2.71227258e+03  4.75977556e+01  2.71227258e+03  1.79993981e+02
 2.92864456e+03  4.75977566e+01  2.92864456e+03  1.79993501e+02
 3.16227766e+03  4.75977577e+01  3.16227766e+03  1.79992982e+02
 3.41454887e+03  4.75977591e+01  3.41454887e+03  1.79992422e+02
 3.68694506e+03  4.75977606e+01  3.68694506e+03  1.79991818e+02
 3.98107171e+03  4.75977625e+01  3.98107171e+03  1.79991165e+02
 4.29866235e+03  4.75977646e+01  4.29866235e+03  1.79990460e+02
 4.64158883e+03  4.75977671e+01  4.64158883e+03  1.79989699e+02
 5.01187234e+03  4.75977700e+01  5.01187234e+03  1.79988877e+02
 5.41169527e+03  4.75977734e+01  5.41169527e+03  1.79987990e+02
 5.84341413e+03  4.75977773e+01  5.84341413e+03  1.79987032e+02
 6.30957344e+03  4.75977819e+01  6.30957344e+03  1.79985997e+02
 6.81292069e+03  4.75977873e+01  6.81292069e+03  1.79984880e+02
 7.35642254e+03  4.75977935e+01  7.35642254e+03  1.79983674e+02
 7.94328235e+03  4.75978008e+01  7.94328235e+03  1.79982371e+02
 8.57695899e+03  4.75978093e+01  8.57695899e+03  1.79980965e+02
 9.26118728e+03  4.75978192e+01  9.26118728e+03  1.79979447e+02
 1.00000000e+04  4.75978308e+01  1.00000000e+04  1.79977807e+02
 1.07977516e+04  4.75978442e+01  1.07977516e+04  1.79976036e+02
 1.16591440e+04  4.75978599e+01  1.16591440e+04  1.79974125e+02
 1.25892541e+04  4.75978783e+01  1.25892541e+04  1.79972060e+02
 1.35935639e+04  4.75978996e+01  1.35935639e+04  1.79969831e+02
 1.46779927e+04  4.75979245e+01  1.46779927e+04  1.79967424e+02
 1.58489319e+04  4.75979535e+01  1.58489319e+04  1.79964826e+02
 1.71132830e+04  4.75979873e+01  1.71132830e+04  1.79962019e+02
 1.84784980e+04  4.75980268e+01  1.84784980e+04  1.79958989e+02
 1.99526231e+04  4.75980728e+01  1.99526231e+04  1.79955717e+02
 2.15443469e+04  4.75981264e+01  2.15443469e+04  1.79952184e+02
 2.32630507e+04  4.75981889e+01  2.32630507e+04  1.79948369e+02
 2.51188643e+04  4.75982618e+01  2.51188643e+04  1.79944249e+02
 2.71227258e+04  4.75983468e+01  2.71227258e+04  1.79939801e+02
 2.92864456e+04  4.75984458e+01  2.92864456e+04  1.79934997e+02
 3.16227766e+04  4.75985614e+01  3.16227766e+04  1.79929810e+02
 3.41454887e+04  4.75986961e+01  3.41454887e+04  1.79924209e+02
 3.68694506e+04  4.75988531e+01  3.68694506e+04  1.79918161e+02
 3.98107171e+04  4.75990362e+01  3.98107171e+04  1.79911629e+02
 4.29866235e+04  4.75992497e+01  4.29866235e+04  1.79904576e+02
 4.64158883e+04  4.75994986e+01  4.64158883e+04  1.79896959e+02
 5.01187234e+04  4.75997888e+01  5.01187234e+04  1.79888734e+02
 5.41169527e+04  4.76001272e+01  5.41169527e+04  1.79879850e+02
 5.84341413e+04  4.76005218e+01  5.84341413e+04  1.79870257e+02
 6.30957344e+04  4.76009817e+01  6.30957344e+04  1.79859895e+02
 6.81292069e+04  4.76015181e+01  6.81292069e+04  1.79848705e+02
 7.35642254e+04  4.76021435e+01  7.35642254e+04  1.79836617e+02
 7.94328235e+04  4.76028727e+01  7.94328235e+04  1.79823562e+02
 8.57695899e+04  4.76037231e+01  8.57695899e+04  1.79809458e+02
 9.26118728e+04  4.76047146e+01  9.26118728e+04  1.79794223e+02
 1.00000000e+05  4.76058706e+01  1.00000000e+05  1.79777763e+02
 1.07977516e+05  4.76072186e+01  1.07977516e+05  1.79759979e+02
 1.16591440e+05  4.76087906e+01  1.16591440e+05  1.79740761e+02
 1.25892541e+05  4.76106241e+01  1.25892541e+05  1.79719992e+02
 1.35935639e+05  4.76127617e+01  1.35935639e+05  1.79697544e+02
 1.46779927e+05  4.76152548e+01  1.46779927e+05  1.79673276e+02
 1.58489319e+05  4.76181627e+01  1.58489319e+05  1.79647036e+02
 1.71132830e+05  4.76215541e+01  1.71132830e+05  1.79618657e+02
 1.84784980e+05  4.76255097e+01  1.84784980e+05  1.79587957e+02
 1.99526231e+05  4.76301235e+01  1.99526231e+05  1.79554735e+02
 2.15443469e+05  4.76355062e+01  2.15443469e+05  1.79518771e+02
 2.32630507e+05  4.76417859e+01  2.32630507e+05  1.79479822e+02
 2.51188643e+05  4.76491135e+01  2.51188643e+05  1.79437621e+02
 2.71227258e+05  4.76576644e+01  2.71227258e+05  1.79391870e+02
 2.92864456e+05  4.76676449e+01  2.92864456e+05  1.79342236e+02
 3.16227766e+05  4.76792938e+01  3.16227766e+05  1.79288350e+02
 3.41454887e+05  4.76928962e+01  3.41454887e+05  1.79229793e+02
 3.68694506e+05  4.77087793e+01  3.68694506e+05  1.79166095e+02
 3.98107171e+05  4.77273366e+01  3.98107171e+05  1.79096721e+02
 4.29866235e+05  4.77490193e+01  4.29866235e+05  1.79021059e+02
 4.64158883e+05  4.77743691e+01  4.64158883e+05  1.78938402e+02
 5.01187234e+05  4.78040117e+01  5.01187234e+05  1.78847934e+02
 5.41169527e+05  4.78386966e+01  5.41169527e+05  1.78748699e+02
 5.84341413e+05  4.78793100e+01  5.84341413e+05  1.78639570e+02
 6.30957344e+05  4.79268971e+01  6.30957344e+05  1.78519204e+02
 6.81292069e+05  4.79826940e+01  6.81292069e+05  1.78385995e+02
 7.35642254e+05  4.80481934e+01  7.35642254e+05  1.78237987e+02
 7.94328235e+05  4.81251734e+01  7.94328235e+05  1.78072787e+02
 8.57695899e+05  4.82157709e+01  8.57695899e+05  1.77887427e+02
 9.26118728e+05  4.83225562e+01  9.26118728e+05  1.77678178e+02
 1.00000000e+06  4.84486872e+01  1.00000000e+06  1.77440302e+02
 1.07977516e+06  4.85980063e+01  1.07977516e+06  1.77167687e+02
 1.16591440e+06  4.87752929e+01  1.16591440e+06  1.76852308e+02
 1.25892541e+06  4.89864658e+01  1.25892541e+06  1.76483481e+02
 1.35935639e+06  4.92390369e+01  1.35935639e+06  1.76046642e+02
 1.46779927e+06  4.95426801e+01  1.46779927e+06  1.75521500e+02
 1.58489319e+06  4.99099464e+01  1.58489319e+06  1.74879014e+02
 1.71132830e+06  5.03574618e+01  1.71132830e+06  1.74076251e+02
 1.84784980e+06  5.09081047e+01  1.84784980e+06  1.73047205e+02
 1.99526231e+06  5.15937627e+01  1.99526231e+06  1.71685381e+02
 2.15443469e+06  5.24608598e+01  2.15443469e+06  1.69808375e+02
 2.32630507e+06  5.35792050e+01  2.32630507e+06  1.67078085e+02
 2.51188643e+06  5.50572945e+01  2.51188643e+06  1.62801078e+02
 2.71227258e+06  5.70597881e+01  2.71227258e+06  1.55352299e+02
 2.92864456e+06  5.97333418e+01  2.92864456e+06  1.40334437e+02
 3.16227766e+06  6.21631604e+01  3.16227766e+06  1.07338826e+02
 3.41454887e+06  6.04874498e+01  3.41454887e+06  6.34377602e+01
 3.68694506e+06  5.63020524e+01  3.68694506e+06  3.91435300e+01
 3.98107171e+06  5.25516738e+01  3.98107171e+06  2.81065041e+01
 4.29866235e+06  4.94358465e+01  4.29866235e+06  2.23648119e+01
 4.64158883e+06  4.67702788e+01  4.64158883e+06  1.90067438e+01
 5.01187234e+06  4.44142472e+01  5.01187234e+06  1.68978026e+01
 5.41169527e+06  4.22756367e+01  5.41169527e+06  1.55261324e+01
 5.84341413e+06  4.02957122e+01  5.84341413e+06  1.46334133e+01
 6.30957344e+06  3.84341057e+01  6.30957344e+06  1.40763309e+01
 6.81292069e+06  3.66617358e+01  6.81292069e+06  1.37699098e+01
 7.35642254e+06  3.49597412e+01  7.35642254e+06  1.36637327e+01
 7.94328235e+06  3.33106259e+01  7.94328235e+06  1.37251819e+01
 8.57695899e+06  3.17032285e+01  8.57695899e+06  1.39342448e+01
 9.26118728e+06  3.01273926e+01  9.26118728e+06  1.42817278e+01
 1.00000000e+07  2.85756727e+01  1.00000000e+07  1.47593908e+01
 1.07977516e+07  2.70412726e+01  1.07977516e+07  1.53647701e+01
 1.16591440e+07  2.55167423e+01  1.16591440e+07  1.61143907e+01
 1.25892541e+07  2.39994343e+01  1.25892541e+07  1.69915340e+01
 1.35935639e+07  2.24816976e+01  1.35935639e+07  1.80436221e+01
 1.46779927e+07  2.09636553e+01  1.46779927e+07  1.92634191e+01
 1.58489319e+07  1.94331104e+01  1.58489319e+07  2.06728353e+01
 1.71132830e+07  1.78889598e+01  1.71132830e+07  2.23190763e+01
 1.84784980e+07  1.63255013e+01  1.84784980e+07  2.42343075e+01
 1.99526231e+07  1.47390970e+01  1.99526231e+07  2.64884395e+01
 2.15443469e+07  1.31268874e+01  2.15443469e+07  2.91173853e+01
 2.32630507e+07  1.14773107e+01  2.32630507e+07  3.22607018e+01
 2.51188643e+07  9.78484476e+00  2.51188643e+07  3.60190390e+01
 2.71227258e+07  8.06315210e+00  2.71227258e+07  4.06495592e+01
 2.92864456e+07  6.31444734e+00  2.92864456e+07  4.62981845e+01
 3.16227766e+07  4.55826961e+00  3.16227766e+07  5.34092817e+01
 3.41454887e+07  2.83341912e+00  3.41454887e+07  6.21662289e+01
 3.68694506e+07  1.25585774e+00  3.68694506e+07  7.27409422e+01
 3.98107171e+07  -1.22602314e-02  3.98107171e+07  8.54748752e+01
 4.29866235e+07  -8.43345605e-01  4.29866235e+07  9.98081751e+01
 4.64158883e+07  -1.16248934e+00  4.64158883e+07  1.13628958e+02
 5.01187234e+07  -1.14055662e+00  5.01187234e+07  1.26140298e+02
 5.41169527e+07  -7.55517121e-01  5.41169527e+07  1.36894739e+02
 5.84341413e+07  -2.96840793e-01  5.84341413e+07  1.45398512e+02
 6.30957344e+07  9.54309216e-02  6.30957344e+07  1.52789530e+02
 6.81292069e+07  6.06822679e-01  6.81292069e+07  1.58958861e+02
 7.35642254e+07  1.04778904e+00  7.35642254e+07  1.64063835e+02
 7.94328235e+07  1.48178489e+00  7.94328235e+07  1.68168387e+02
 8.57695899e+07  1.90806516e+00  8.57695899e+07  1.71865732e+02
 9.26118728e+07  2.25581009e+00  9.26118728e+07  1.75003537e+02
 1.00000000e+08  2.72691753e+00  1.00000000e+08  1.77919110e+02
 1.07977516e+08  2.94189764e+00  1.07977516e+08  1.80433077e+02
 1.16591440e+08  3.43719893e+00  1.16591440e+08  1.82573536e+02
 1.25892541e+08  3.75514032e+00  1.25892541e+08  1.84930567e+02
 1.35935639e+08  4.16456041e+00  1.35935639e+08  1.86541495e+02
 1.46779927e+08  4.34996554e+00  1.46779927e+08  1.87798651e+02
 1.58489319e+08  4.54524255e+00  1.58489319e+08  1.89369533e+02
 1.71132830e+08  4.91262422e+00  1.71132830e+08  1.90113607e+02
 1.84784980e+08  5.76800991e+00  1.84784980e+08  1.90564780e+02
 1.99526231e+08  6.16229663e+00  1.99526231e+08  1.90847880e+02
 2.15443469e+08  5.77542436e+00  2.15443469e+08  1.90957289e+02
 2.32630507e+08  6.51768738e+00  2.32630507e+08  1.90708761e+02
 2.51188643e+08  6.28574893e+00  2.51188643e+08  1.90282928e+02
 2.71227258e+08  6.60301623e+00  2.71227258e+08  1.89475697e+02
 2.92864456e+08  7.11584784e+00  2.92864456e+08  1.88388627e+02
 3.16227766e+08  7.29704864e+00  3.16227766e+08  1.87849853e+02
 3.41454887e+08  7.65013007e+00  3.41454887e+08  1.86775226e+02
 3.68694506e+08  8.33551689e+00  3.68694506e+08  1.85968935e+02
 3.98107171e+08  8.22390130e+00  3.98107171e+08  1.85300741e+02
 4.29866235e+08  8.27484521e+00  4.29866235e+08  1.84174253e+02
 4.64158883e+08  8.51863827e+00  4.64158883e+08  1.83511736e+02
 5.01187234e+08  7.20431377e+00  5.01187234e+08  1.83215726e+02
 5.41169527e+08  1.02852344e+01  5.41169527e+08  1.82666023e+02
 5.84341413e+08  6.45981069e+00  5.84341413e+08  1.82108479e+02
 6.30957344e+08  5.09541095e+00  6.30957344e+08  1.81303766e+02
 6.81292069e+08  1.57589857e+01  6.81292069e+08  1.81800925e+02
 7.35642254e+08  8.42399792e+00  7.35642254e+08  1.80789767e+02
 7.94328235e+08  1.30821962e+01  7.94328235e+08  1.80999466e+02
 8.57695899e+08  1.17286751e+01  8.57695899e+08  1.81050380e+02
 9.26118728e+08  4.36141472e+00  9.26118728e+08  1.80768764e+02
 1.00000000e+09  9.02831610e+00  1.00000000e+09  1.79362689e+02
