 1.00000000e+00  4.75050882e+01  1.00000000e+00  1.79999998e+02
 1.07977516e+00  4.75050882e+01  1.07977516e+00  1.79999997e+02
 1.16591440e+00  4.75050882e+01  1.16591440e+00  1.79999997e+02
 1.25892541e+00  4.75050882e+01  1.25892541e+00  1.79999997e+02
 1.35935639e+00  4.75050882e+01  1.35935639e+00  1.79999997e+02
 1.46779927e+00  4.75050882e+01  1.46779927e+00  1.79999997e+02
 1.58489319e+00  4.75050882e+01  1.58489319e+00  1.79999996e+02
 1.71132830e+00  4.75050882e+01  1.71132830e+00  1.79999996e+02
 1.84784980e+00  4.75050882e+01  1.84784980e+00  1.79999996e+02
 1.99526231e+00  4.75050882e+01  1.99526231e+00  1.79999995e+02
 2.15443469e+00  4.75050882e+01  2.15443469e+00  1.79999995e+02
 2.32630507e+00  4.75050882e+01  2.32630507e+00  1.79999994e+02
 2.51188643e+00  4.75050882e+01  2.51188643e+00  1.79999994e+02
 2.71227258e+00  4.75050882e+01  2.71227258e+00  1.79999994e+02
 2.92864456e+00  4.75050882e+01  2.92864456e+00  1.79999993e+02
 3.16227766e+00  4.75050882e+01  3.16227766e+00  1.79999992e+02
 3.41454887e+00  4.75050882e+01  3.41454887e+00  1.79999992e+02
 3.68694506e+00  4.75050882e+01  3.68694506e+00  1.79999991e+02
 3.98107171e+00  4.75050882e+01  3.98107171e+00  1.79999991e+02
 4.29866235e+00  4.75050882e+01  4.29866235e+00  1.79999990e+02
 4.64158883e+00  4.75050882e+01  4.64158883e+00  1.79999989e+02
 5.01187234e+00  4.75050882e+01  5.01187234e+00  1.79999988e+02
 5.41169527e+00  4.75050882e+01  5.41169527e+00  1.79999987e+02
 5.84341413e+00  4.75050882e+01  5.84341413e+00  1.79999986e+02
 6.30957344e+00  4.75050882e+01  6.30957344e+00  1.79999985e+02
 6.81292069e+00  4.75050882e+01  6.81292069e+00  1.79999984e+02
 7.35642254e+00  4.75050882e+01  7.35642254e+00  1.79999982e+02
 7.94328235e+00  4.75050882e+01  7.94328235e+00  1.79999981e+02
 8.57695899e+00  4.75050882e+01  8.57695899e+00  1.79999980e+02
 9.26118728e+00  4.75050882e+01  9.26118728e+00  1.79999978e+02
 1.00000000e+01  4.75050882e+01  1.00000000e+01  1.79999976e+02
 1.07977516e+01  4.75050882e+01  1.07977516e+01  1.79999974e+02
 1.16591440e+01  4.75050882e+01  1.16591440e+01  1.79999972e+02
 1.25892541e+01  4.75050882e+01  1.25892541e+01  1.79999970e+02
 1.35935639e+01  4.75050882e+01  1.35935639e+01  1.79999968e+02
 1.46779927e+01  4.75050882e+01  1.46779927e+01  1.79999965e+02
 1.58489319e+01  4.75050882e+01  1.58489319e+01  1.79999962e+02
 1.71132830e+01  4.75050882e+01  1.71132830e+01  1.79999959e+02
 1.84784980e+01  4.75050882e+01  1.84784980e+01  1.79999956e+02
 1.99526231e+01  4.75050882e+01  1.99526231e+01  1.79999953e+02
 2.15443469e+01  4.75050882e+01  2.15443469e+01  1.79999949e+02
 2.32630507e+01  4.75050882e+01  2.32630507e+01  1.79999945e+02
 2.51188643e+01  4.75050882e+01  2.51188643e+01  1.79999940e+02
 2.71227258e+01  4.75050882e+01  2.71227258e+01  1.79999935e+02
 2.92864456e+01  4.75050882e+01  2.92864456e+01  1.79999930e+02
 3.16227766e+01  4.75050882e+01  3.16227766e+01  1.79999925e+02
 3.41454887e+01  4.75050882e+01  3.41454887e+01  1.79999919e+02
 3.68694506e+01  4.75050882e+01  3.68694506e+01  1.79999912e+02
 3.98107171e+01  4.75050882e+01  3.98107171e+01  1.79999905e+02
 4.29866235e+01  4.75050882e+01  4.29866235e+01  1.79999898e+02
 4.64158883e+01  4.75050882e+01  4.64158883e+01  1.79999890e+02
 5.01187234e+01  4.75050882e+01  5.01187234e+01  1.79999881e+02
 5.41169527e+01  4.75050882e+01  5.41169527e+01  1.79999871e+02
 5.84341413e+01  4.75050882e+01  5.84341413e+01  1.79999861e+02
 6.30957344e+01  4.75050882e+01  6.30957344e+01  1.79999850e+02
 6.81292069e+01  4.75050882e+01  6.81292069e+01  1.79999838e+02
 7.35642254e+01  4.75050882e+01  7.35642254e+01  1.79999825e+02
 7.94328235e+01  4.75050882e+01  7.94328235e+01  1.79999811e+02
 8.57695899e+01  4.75050882e+01  8.57695899e+01  1.79999796e+02
 9.26118728e+01  4.75050882e+01  9.26118728e+01  1.79999780e+02
 1.00000000e+02  4.75050882e+01  1.00000000e+02  1.79999762e+02
 1.07977516e+02  4.75050882e+01  1.07977516e+02  1.79999743e+02
 1.16591440e+02  4.75050882e+01  1.16591440e+02  1.79999723e+02
 1.25892541e+02  4.75050882e+01  1.25892541e+02  1.79999700e+02
 1.35935639e+02  4.75050882e+01  1.35935639e+02  1.79999677e+02
 1.46779927e+02  4.75050882e+01  1.46779927e+02  1.79999651e+02
 1.58489319e+02  4.75050882e+01  1.58489319e+02  1.79999623e+02
 1.71132830e+02  4.75050882e+01  1.71132830e+02  1.79999593e+02
 1.84784980e+02  4.75050882e+01  1.84784980e+02  1.79999560e+02
 1.99526231e+02  4.75050882e+01  1.99526231e+02  1.79999525e+02
 2.15443469e+02  4.75050882e+01  2.15443469e+02  1.79999487e+02
 2.32630507e+02  4.75050882e+01  2.32630507e+02  1.79999446e+02
 2.51188643e+02  4.75050882e+01  2.51188643e+02  1.79999402e+02
 2.71227258e+02  4.75050882e+01  2.71227258e+02  1.79999355e+02
 2.92864456e+02  4.75050882e+01  2.92864456e+02  1.79999303e+02
 3.16227766e+02  4.75050882e+01  3.16227766e+02  1.79999247e+02
 3.41454887e+02  4.75050883e+01  3.41454887e+02  1.79999187e+02
 3.68694506e+02  4.75050883e+01  3.68694506e+02  1.79999123e+02
 3.98107171e+02  4.75050883e+01  3.98107171e+02  1.79999053e+02
 4.29866235e+02  4.75050883e+01  4.29866235e+02  1.79998977e+02
 4.64158883e+02  4.75050883e+01  4.64158883e+02  1.79998895e+02
 5.01187234e+02  4.75050884e+01  5.01187234e+02  1.79998807e+02
 5.41169527e+02  4.75050884e+01  5.41169527e+02  1.79998712e+02
 5.84341413e+02  4.75050884e+01  5.84341413e+02  1.79998609e+02
 6.30957344e+02  4.75050885e+01  6.30957344e+02  1.79998499e+02
 6.81292069e+02  4.75050885e+01  6.81292069e+02  1.79998379e+02
 7.35642254e+02  4.75050886e+01  7.35642254e+02  1.79998249e+02
 7.94328235e+02  4.75050886e+01  7.94328235e+02  1.79998110e+02
 8.57695899e+02  4.75050887e+01  8.57695899e+02  1.79997959e+02
 9.26118728e+02  4.75050888e+01  9.26118728e+02  1.79997796e+02
 1.00000000e+03  4.75050889e+01  1.00000000e+03  1.79997620e+02
 1.07977516e+03  4.75050891e+01  1.07977516e+03  1.79997431e+02
 1.16591440e+03  4.75050892e+01  1.16591440e+03  1.79997226e+02
 1.25892541e+03  4.75050894e+01  1.25892541e+03  1.79997004e+02
 1.35935639e+03  4.75050896e+01  1.35935639e+03  1.79996765e+02
 1.46779927e+03  4.75050898e+01  1.46779927e+03  1.79996507e+02
 1.58489319e+03  4.75050901e+01  1.58489319e+03  1.79996229e+02
 1.71132830e+03  4.75050904e+01  1.71132830e+03  1.79995928e+02
 1.84784980e+03  4.75050908e+01  1.84784980e+03  1.79995603e+02
 1.99526231e+03  4.75050912e+01  1.99526231e+03  1.79995252e+02
 2.15443469e+03  4.75050917e+01  2.15443469e+03  1.79994873e+02
 2.32630507e+03  4.75050923e+01  2.32630507e+03  1.79994464e+02
 2.51188643e+03  4.75050930e+01  2.51188643e+03  1.79994023e+02
 2.71227258e+03  4.75050938e+01  2.71227258e+03  1.79993546e+02
 2.92864456e+03  4.75050947e+01  2.92864456e+03  1.79993031e+02
 3.16227766e+03  4.75050958e+01  3.16227766e+03  1.79992475e+02
 3.41454887e+03  4.75050970e+01  3.41454887e+03  1.79991875e+02
 3.68694506e+03  4.75050985e+01  3.68694506e+03  1.79991226e+02
 3.98107171e+03  4.75051002e+01  3.98107171e+03  1.79990526e+02
 4.29866235e+03  4.75051022e+01  4.29866235e+03  1.79989771e+02
 4.64158883e+03  4.75051046e+01  4.64158883e+03  1.79988955e+02
 5.01187234e+03  4.75051073e+01  5.01187234e+03  1.79988073e+02
 5.41169527e+03  4.75051105e+01  5.41169527e+03  1.79987122e+02
 5.84341413e+03  4.75051142e+01  5.84341413e+03  1.79986095e+02
 6.30957344e+03  4.75051185e+01  6.30957344e+03  1.79984985e+02
 6.81292069e+03  4.75051235e+01  6.81292069e+03  1.79983788e+02
 7.35642254e+03  4.75051294e+01  7.35642254e+03  1.79982494e+02
 7.94328235e+03  4.75051362e+01  7.94328235e+03  1.79981098e+02
 8.57695899e+03  4.75051442e+01  8.57695899e+03  1.79979590e+02
 9.26118728e+03  4.75051535e+01  9.26118728e+03  1.79977961e+02
 1.00000000e+04  4.75051643e+01  1.00000000e+04  1.79976203e+02
 1.07977516e+04  4.75051770e+01  1.07977516e+04  1.79974305e+02
 1.16591440e+04  4.75051917e+01  1.16591440e+04  1.79972255e+02
 1.25892541e+04  4.75052089e+01  1.25892541e+04  1.79970041e+02
 1.35935639e+04  4.75052289e+01  1.35935639e+04  1.79967651e+02
 1.46779927e+04  4.75052523e+01  1.46779927e+04  1.79965070e+02
 1.58489319e+04  4.75052795e+01  1.58489319e+04  1.79962284e+02
 1.71132830e+04  4.75053112e+01  1.71132830e+04  1.79959275e+02
 1.84784980e+04  4.75053482e+01  1.84784980e+04  1.79956026e+02
 1.99526231e+04  4.75053914e+01  1.99526231e+04  1.79952517e+02
 2.15443469e+04  4.75054417e+01  2.15443469e+04  1.79948729e+02
 2.32630507e+04  4.75055003e+01  2.32630507e+04  1.79944638e+02
 2.51188643e+04  4.75055687e+01  2.51188643e+04  1.79940221e+02
 2.71227258e+04  4.75056485e+01  2.71227258e+04  1.79935451e+02
 2.92864456e+04  4.75057414e+01  2.92864456e+04  1.79930301e+02
 3.16227766e+04  4.75058498e+01  3.16227766e+04  1.79924739e+02
 3.41454887e+04  4.75059762e+01  3.41454887e+04  1.79918733e+02
 3.68694506e+04  4.75061235e+01  3.68694506e+04  1.79912248e+02
 3.98107171e+04  4.75062953e+01  3.98107171e+04  1.79905245e+02
 4.29866235e+04  4.75064956e+01  4.29866235e+04  1.79897682e+02
 4.64158883e+04  4.75067292e+01  4.64158883e+04  1.79889515e+02
 5.01187234e+04  4.75070015e+01  5.01187234e+04  1.79880696e+02
 5.41169527e+04  4.75073189e+01  5.41169527e+04  1.79871172e+02
 5.84341413e+04  4.75076891e+01  5.84341413e+04  1.79860886e+02
 6.30957344e+04  4.75081208e+01  6.30957344e+04  1.79849777e+02
 6.81292069e+04  4.75086239e+01  6.81292069e+04  1.79837779e+02
 7.35642254e+04  4.75092107e+01  7.35642254e+04  1.79824820e+02
 7.94328235e+04  4.75098949e+01  7.94328235e+04  1.79810823e+02
 8.57695899e+04  4.75106926e+01  8.57695899e+04  1.79795704e+02
 9.26118728e+04  4.75116229e+01  9.26118728e+04  1.79779371e+02
 1.00000000e+05  4.75127075e+01  1.00000000e+05  1.79761727e+02
 1.07977516e+05  4.75139723e+01  1.07977516e+05  1.79742663e+02
 1.16591440e+05  4.75154472e+01  1.16591440e+05  1.79722064e+02
 1.25892541e+05  4.75171670e+01  1.25892541e+05  1.79699804e+02
 1.35935639e+05  4.75191727e+01  1.35935639e+05  1.79675746e+02
 1.46779927e+05  4.75215115e+01  1.46779927e+05  1.79649739e+02
 1.58489319e+05  4.75242395e+01  1.58489319e+05  1.79621622e+02
 1.71132830e+05  4.75274210e+01  1.71132830e+05  1.79591216e+02
 1.84784980e+05  4.75311318e+01  1.84784980e+05  1.79558327e+02
 1.99526231e+05  4.75354597e+01  1.99526231e+05  1.79522743e+02
 2.15443469e+05  4.75405085e+01  2.15443469e+05  1.79484228e+02
 2.32630507e+05  4.75463989e+01  2.32630507e+05  1.79442526e+02
 2.51188643e+05  4.75532710e+01  2.51188643e+05  1.79397351e+02
 2.71227258e+05  4.75612908e+01  2.71227258e+05  1.79348390e+02
 2.92864456e+05  4.75706493e+01  2.92864456e+05  1.79295292e+02
 3.16227766e+05  4.75815727e+01  3.16227766e+05  1.79237666e+02
 3.41454887e+05  4.75943254e+01  3.41454887e+05  1.79175073e+02
 3.68694506e+05  4.76092172e+01  3.68694506e+05  1.79107019e+02
 3.98107171e+05  4.76266108e+01  3.98107171e+05  1.79032944e+02
 4.29866235e+05  4.76469322e+01  4.29866235e+05  1.78952210e+02
 4.64158883e+05  4.76706844e+01  4.64158883e+05  1.78864084e+02
 5.01187234e+05  4.76984501e+01  5.01187234e+05  1.78767720e+02
 5.41169527e+05  4.77309392e+01  5.41169527e+05  1.78662129e+02
 5.84341413e+05  4.77689668e+01  5.84341413e+05  1.78546153e+02
 6.30957344e+05  4.78135021e+01  6.30957344e+05  1.78418422e+02
 6.81292069e+05  4.78657036e+01  6.81292069e+05  1.78277293e+02
 7.35642254e+05  4.79269490e+01  7.35642254e+05  1.78120787e+02
 7.94328235e+05  4.79988769e+01  7.94328235e+05  1.77946489e+02
 8.57695899e+05  4.80834840e+01  8.57695899e+05  1.77751414e+02
 9.26118728e+05  4.81831155e+01  9.26118728e+05  1.77531849e+02
 1.00000000e+06  4.83006790e+01  1.00000000e+06  1.77283090e+02
 1.07977516e+06  4.84396887e+01  1.07977516e+06  1.76999113e+02
 1.16591440e+06  4.86044766e+01  1.16591440e+06  1.76672081e+02
 1.25892541e+06  4.88004445e+01  1.25892541e+06  1.76291619e+02
 1.35935639e+06  4.90343354e+01  1.35935639e+06  1.75843752e+02
 1.46779927e+06  4.93147447e+01  1.46779927e+06  1.75309192e+02
 1.58489319e+06  4.96527965e+01  1.58489319e+06  1.74660708e+02
 1.71132830e+06  5.00630350e+01  1.71132830e+06  1.73858686e+02
 1.84784980e+06  5.05651373e+01  1.84784980e+06  1.72843310e+02
 1.99526231e+06  5.11860982e+01  1.99526231e+06  1.71520408e+02
 2.15443469e+06  5.19643053e+01  2.15443469e+06  1.69733502e+02
 2.32630507e+06  5.29558082e+01  2.32630507e+06  1.67204328e+02
 2.51188643e+06  5.42446351e+01  2.51188643e+06  1.63392972e+02
 2.71227258e+06  5.59550048e+01  2.71227258e+06  1.57129103e+02
 2.92864456e+06  5.82213927e+01  2.92864456e+06  1.45539513e+02
 3.16227766e+06  6.07440600e+01  3.16227766e+06  1.21535373e+02
 3.41454887e+06  6.09468942e+01  3.41454887e+06  8.10099044e+01
 3.68694506e+06  5.75411697e+01  3.68694506e+06  4.94123915e+01
 3.98107171e+06  5.37216406e+01  3.98107171e+06  3.40376803e+01
 4.29866235e+06  5.04548679e+01  4.29866235e+06  2.62426346e+01
 4.64158883e+06  4.76691232e+01  4.64158883e+06  2.17976620e+01
 5.01187234e+06  4.52244968e+01  5.01187234e+06  1.90419609e+01
 5.41169527e+06  4.30218095e+01  5.41169527e+06  1.72495645e+01
 5.84341413e+06  4.09945684e+01  5.84341413e+06  1.60617882e+01
 6.30957344e+06  3.90978311e+01  6.30957344e+06  1.52838201e+01
 6.81292069e+06  3.72999596e+01  6.81292069e+06  1.48050483e+01
 7.35642254e+06  3.55782823e+01  7.35642254e+06  1.45568909e+01
 7.94328235e+06  3.39152707e+01  7.94328235e+06  1.44954861e+01
 8.57695899e+06  3.22982344e+01  8.57695899e+06  1.45956797e+01
 9.26118728e+06  3.07162168e+01  9.26118728e+06  1.48376382e+01
 1.00000000e+07  2.91602022e+01  1.00000000e+07  1.52164759e+01
 1.07977516e+07  2.76252720e+01  1.07977516e+07  1.57261272e+01
 1.16591440e+07  2.61013692e+01  1.16591440e+07  1.63690706e+01
 1.25892541e+07  2.45868623e+01  1.25892541e+07  1.71468253e+01
 1.35935639e+07  2.30717989e+01  1.35935639e+07  1.80863425e+01
 1.46779927e+07  2.15575543e+01  1.46779927e+07  1.91761660e+01
 1.58489319e+07  2.00335091e+01  1.58489319e+07  2.04709862e+01
 1.71132830e+07  1.85002283e+01  1.71132830e+07  2.19722429e+01
 1.84784980e+07  1.69449170e+01  1.84784980e+07  2.37119242e+01
 1.99526231e+07  1.53700765e+01  1.99526231e+07  2.57547289e+01
 2.15443469e+07  1.37666736e+01  2.15443469e+07  2.81683521e+01
 2.32630507e+07  1.21239627e+01  2.32630507e+07  3.10192647e+01
 2.51188643e+07  1.04494837e+01  2.51188643e+07  3.45239443e+01
 2.71227258e+07  8.72926362e+00  2.71227258e+07  3.87128824e+01
 2.92864456e+07  6.96646423e+00  2.92864456e+07  4.38572043e+01
 3.16227766e+07  5.18971423e+00  3.16227766e+07  5.03529593e+01
 3.41454887e+07  3.42369171e+00  3.41454887e+07  5.83275473e+01
 3.68694506e+07  1.75270608e+00  3.68694506e+07  6.84210545e+01
 3.98107171e+07  3.26948114e-01  3.98107171e+07  8.08600570e+01
 4.29866235e+07  -7.12598178e-01  4.29866235e+07  9.48222094e+01
 4.64158883e+07  -1.25523391e+00  4.64158883e+07  1.08871115e+02
 5.01187234e+07  -1.23538476e+00  5.01187234e+07  1.22051281e+02
 5.41169527e+07  -1.00583843e+00  5.41169527e+07  1.34164046e+02
 5.84341413e+07  -5.76975027e-01  5.84341413e+07  1.43331582e+02
 6.30957344e+07  -2.20172790e-02  6.30957344e+07  1.51374637e+02
 6.81292069e+07  5.35856060e-01  6.81292069e+07  1.57358296e+02
 7.35642254e+07  8.76279884e-01  7.35642254e+07  1.62825741e+02
 7.94328235e+07  1.40775212e+00  7.94328235e+07  1.67314104e+02
 8.57695899e+07  1.75425040e+00  8.57695899e+07  1.70887824e+02
 9.26118728e+07  2.15350143e+00  9.26118728e+07  1.74274938e+02
 1.00000000e+08  2.65947651e+00  1.00000000e+08  1.77488047e+02
 1.07977516e+08  3.13623594e+00  1.07977516e+08  1.79760843e+02
 1.16591440e+08  3.27766313e+00  1.16591440e+08  1.82265995e+02
 1.25892541e+08  3.58643953e+00  1.25892541e+08  1.84744925e+02
 1.35935639e+08  4.11905529e+00  1.35935639e+08  1.86165047e+02
 1.46779927e+08  4.46938812e+00  1.46779927e+08  1.88025664e+02
 1.58489319e+08  4.50640899e+00  1.58489319e+08  1.89134925e+02
 1.71132830e+08  5.08809131e+00  1.71132830e+08  1.89887914e+02
 1.84784980e+08  5.24522755e+00  1.84784980e+08  1.90418682e+02
 1.99526231e+08  6.13779447e+00  1.99526231e+08  1.90766582e+02
 2.15443469e+08  6.08640901e+00  2.15443469e+08  1.90701838e+02
 2.32630507e+08  6.51958495e+00  2.32630507e+08  1.90724246e+02
 2.51188643e+08  6.28174740e+00  2.51188643e+08  1.90220895e+02
 2.71227258e+08  7.12536331e+00  2.71227258e+08  1.89495706e+02
 2.92864456e+08  7.13558793e+00  2.92864456e+08  1.88679403e+02
 3.16227766e+08  7.31733142e+00  3.16227766e+08  1.87764645e+02
 3.41454887e+08  7.68864076e+00  3.41454887e+08  1.86962888e+02
 3.68694506e+08  7.36131450e+00  3.68694506e+08  1.85983439e+02
 3.98107171e+08  8.27146650e+00  3.98107171e+08  1.85285551e+02
 4.29866235e+08  9.86958474e+00  4.29866235e+08  1.84355600e+02
 4.64158883e+08  6.97737029e+00  4.64158883e+08  1.83720579e+02
 5.01187234e+08  7.21709032e+00  5.01187234e+08  1.82933030e+02
 5.41169527e+08  7.84181582e+00  5.41169527e+08  1.82594730e+02
 5.84341413e+08  6.49277640e+00  5.84341413e+08  1.82058623e+02
 6.30957344e+08  7.64303282e+00  6.30957344e+08  1.81737334e+02
 6.81292069e+08  6.28254580e+00  6.81292069e+08  1.81717747e+02
 7.35642254e+08  8.44486753e+00  7.35642254e+08  1.81402789e+02
 7.94328235e+08  1.31169696e+01  7.94328235e+08  1.80024116e+02
 8.57695899e+08  5.74645781e+00  8.57695899e+08  1.80487935e+02
 9.26118728e+08  4.39852358e+00  9.26118728e+08  1.80198114e+02
 1.00000000e+09  9.06168675e+00  1.00000000e+09  1.79353911e+02
