 1.00000000e+00  4.69783261e+01  1.00000000e+00  1.79999998e+02
 1.07977516e+00  4.69783261e+01  1.07977516e+00  1.79999998e+02
 1.16591440e+00  4.69783261e+01  1.16591440e+00  1.79999998e+02
 1.25892541e+00  4.69783261e+01  1.25892541e+00  1.79999997e+02
 1.35935639e+00  4.69783261e+01  1.35935639e+00  1.79999997e+02
 1.46779927e+00  4.69783261e+01  1.46779927e+00  1.79999997e+02
 1.58489319e+00  4.69783261e+01  1.58489319e+00  1.79999997e+02
 1.71132830e+00  4.69783261e+01  1.71132830e+00  1.79999996e+02
 1.84784980e+00  4.69783261e+01  1.84784980e+00  1.79999996e+02
 1.99526231e+00  4.69783261e+01  1.99526231e+00  1.79999996e+02
 2.15443469e+00  4.69783261e+01  2.15443469e+00  1.79999995e+02
 2.32630507e+00  4.69783261e+01  2.32630507e+00  1.79999995e+02
 2.51188643e+00  4.69783261e+01  2.51188643e+00  1.79999995e+02
 2.71227258e+00  4.69783261e+01  2.71227258e+00  1.79999994e+02
 2.92864456e+00  4.69783261e+01  2.92864456e+00  1.79999994e+02
 3.16227766e+00  4.69783261e+01  3.16227766e+00  1.79999993e+02
 3.41454887e+00  4.69783261e+01  3.41454887e+00  1.79999993e+02
 3.68694506e+00  4.69783261e+01  3.68694506e+00  1.79999992e+02
 3.98107171e+00  4.69783261e+01  3.98107171e+00  1.79999992e+02
 4.29866235e+00  4.69783261e+01  4.29866235e+00  1.79999991e+02
 4.64158883e+00  4.69783261e+01  4.64158883e+00  1.79999990e+02
 5.01187234e+00  4.69783261e+01  5.01187234e+00  1.79999989e+02
 5.41169527e+00  4.69783261e+01  5.41169527e+00  1.79999988e+02
 5.84341413e+00  4.69783261e+01  5.84341413e+00  1.79999988e+02
 6.30957344e+00  4.69783261e+01  6.30957344e+00  1.79999987e+02
 6.81292069e+00  4.69783261e+01  6.81292069e+00  1.79999985e+02
 7.35642254e+00  4.69783261e+01  7.35642254e+00  1.79999984e+02
 7.94328235e+00  4.69783261e+01  7.94328235e+00  1.79999983e+02
 8.57695899e+00  4.69783261e+01  8.57695899e+00  1.79999982e+02
 9.26118728e+00  4.69783261e+01  9.26118728e+00  1.79999980e+02
 1.00000000e+01  4.69783261e+01  1.00000000e+01  1.79999979e+02
 1.07977516e+01  4.69783261e+01  1.07977516e+01  1.79999977e+02
 1.16591440e+01  4.69783261e+01  1.16591440e+01  1.79999975e+02
 1.25892541e+01  4.69783261e+01  1.25892541e+01  1.79999973e+02
 1.35935639e+01  4.69783261e+01  1.35935639e+01  1.79999971e+02
 1.46779927e+01  4.69783261e+01  1.46779927e+01  1.79999969e+02
 1.58489319e+01  4.69783261e+01  1.58489319e+01  1.79999966e+02
 1.71132830e+01  4.69783261e+01  1.71132830e+01  1.79999964e+02
 1.84784980e+01  4.69783261e+01  1.84784980e+01  1.79999961e+02
 1.99526231e+01  4.69783261e+01  1.99526231e+01  1.79999958e+02
 2.15443469e+01  4.69783261e+01  2.15443469e+01  1.79999954e+02
 2.32630507e+01  4.69783261e+01  2.32630507e+01  1.79999950e+02
 2.51188643e+01  4.69783261e+01  2.51188643e+01  1.79999947e+02
 2.71227258e+01  4.69783261e+01  2.71227258e+01  1.79999942e+02
 2.92864456e+01  4.69783261e+01  2.92864456e+01  1.79999938e+02
 3.16227766e+01  4.69783261e+01  3.16227766e+01  1.79999933e+02
 3.41454887e+01  4.69783261e+01  3.41454887e+01  1.79999927e+02
 3.68694506e+01  4.69783261e+01  3.68694506e+01  1.79999922e+02
 3.98107171e+01  4.69783261e+01  3.98107171e+01  1.79999915e+02
 4.29866235e+01  4.69783261e+01  4.29866235e+01  1.79999908e+02
 4.64158883e+01  4.69783261e+01  4.64158883e+01  1.79999901e+02
 5.01187234e+01  4.69783261e+01  5.01187234e+01  1.79999893e+02
 5.41169527e+01  4.69783261e+01  5.41169527e+01  1.79999885e+02
 5.84341413e+01  4.69783261e+01  5.84341413e+01  1.79999876e+02
 6.30957344e+01  4.69783261e+01  6.30957344e+01  1.79999866e+02
 6.81292069e+01  4.69783261e+01  6.81292069e+01  1.79999855e+02
 7.35642254e+01  4.69783261e+01  7.35642254e+01  1.79999843e+02
 7.94328235e+01  4.69783261e+01  7.94328235e+01  1.79999831e+02
 8.57695899e+01  4.69783261e+01  8.57695899e+01  1.79999817e+02
 9.26118728e+01  4.69783261e+01  9.26118728e+01  1.79999803e+02
 1.00000000e+02  4.69783261e+01  1.00000000e+02  1.79999787e+02
 1.07977516e+02  4.69783261e+01  1.07977516e+02  1.79999770e+02
 1.16591440e+02  4.69783261e+01  1.16591440e+02  1.79999752e+02
 1.25892541e+02  4.69783261e+01  1.25892541e+02  1.79999732e+02
 1.35935639e+02  4.69783261e+01  1.35935639e+02  1.79999711e+02
 1.46779927e+02  4.69783261e+01  1.46779927e+02  1.79999688e+02
 1.58489319e+02  4.69783261e+01  1.58489319e+02  1.79999663e+02
 1.71132830e+02  4.69783262e+01  1.71132830e+02  1.79999636e+02
 1.84784980e+02  4.69783262e+01  1.84784980e+02  1.79999607e+02
 1.99526231e+02  4.69783262e+01  1.99526231e+02  1.79999575e+02
 2.15443469e+02  4.69783262e+01  2.15443469e+02  1.79999541e+02
 2.32630507e+02  4.69783262e+01  2.32630507e+02  1.79999505e+02
 2.51188643e+02  4.69783262e+01  2.51188643e+02  1.79999465e+02
 2.71227258e+02  4.69783262e+01  2.71227258e+02  1.79999423e+02
 2.92864456e+02  4.69783262e+01  2.92864456e+02  1.79999377e+02
 3.16227766e+02  4.69783262e+01  3.16227766e+02  1.79999327e+02
 3.41454887e+02  4.69783262e+01  3.41454887e+02  1.79999273e+02
 3.68694506e+02  4.69783262e+01  3.68694506e+02  1.79999215e+02
 3.98107171e+02  4.69783262e+01  3.98107171e+02  1.79999153e+02
 4.29866235e+02  4.69783263e+01  4.29866235e+02  1.79999085e+02
 4.64158883e+02  4.69783263e+01  4.64158883e+02  1.79999012e+02
 5.01187234e+02  4.69783263e+01  5.01187234e+02  1.79998933e+02
 5.41169527e+02  4.69783263e+01  5.41169527e+02  1.79998848e+02
 5.84341413e+02  4.69783264e+01  5.84341413e+02  1.79998756e+02
 6.30957344e+02  4.69783264e+01  6.30957344e+02  1.79998657e+02
 6.81292069e+02  4.69783265e+01  6.81292069e+02  1.79998550e+02
 7.35642254e+02  4.69783265e+01  7.35642254e+02  1.79998434e+02
 7.94328235e+02  4.69783266e+01  7.94328235e+02  1.79998309e+02
 8.57695899e+02  4.69783266e+01  8.57695899e+02  1.79998174e+02
 9.26118728e+02  4.69783267e+01  9.26118728e+02  1.79998029e+02
 1.00000000e+03  4.69783268e+01  1.00000000e+03  1.79997871e+02
 1.07977516e+03  4.69783270e+01  1.07977516e+03  1.79997702e+02
 1.16591440e+03  4.69783271e+01  1.16591440e+03  1.79997518e+02
 1.25892541e+03  4.69783272e+01  1.25892541e+03  1.79997320e+02
 1.35935639e+03  4.69783274e+01  1.35935639e+03  1.79997106e+02
 1.46779927e+03  4.69783277e+01  1.46779927e+03  1.79996876e+02
 1.58489319e+03  4.69783279e+01  1.58489319e+03  1.79996626e+02
 1.71132830e+03  4.69783282e+01  1.71132830e+03  1.79996357e+02
 1.84784980e+03  4.69783285e+01  1.84784980e+03  1.79996067e+02
 1.99526231e+03  4.69783289e+01  1.99526231e+03  1.79995753e+02
 2.15443469e+03  4.69783294e+01  2.15443469e+03  1.79995414e+02
 2.32630507e+03  4.69783300e+01  2.32630507e+03  1.79995048e+02
 2.51188643e+03  4.69783306e+01  2.51188643e+03  1.79994653e+02
 2.71227258e+03  4.69783313e+01  2.71227258e+03  1.79994227e+02
 2.92864456e+03  4.69783322e+01  2.92864456e+03  1.79993766e+02
 3.16227766e+03  4.69783332e+01  3.16227766e+03  1.79993269e+02
 3.41454887e+03  4.69783344e+01  3.41454887e+03  1.79992732e+02
 3.68694506e+03  4.69783357e+01  3.68694506e+03  1.79992152e+02
 3.98107171e+03  4.69783373e+01  3.98107171e+03  1.79991526e+02
 4.29866235e+03  4.69783392e+01  4.29866235e+03  1.79990850e+02
 4.64158883e+03  4.69783413e+01  4.64158883e+03  1.79990120e+02
 5.01187234e+03  4.69783439e+01  5.01187234e+03  1.79989332e+02
 5.41169527e+03  4.69783468e+01  5.41169527e+03  1.79988481e+02
 5.84341413e+03  4.69783502e+01  5.84341413e+03  1.79987562e+02
 6.30957344e+03  4.69783542e+01  6.30957344e+03  1.79986569e+02
 6.81292069e+03  4.69783589e+01  6.81292069e+03  1.79985498e+02
 7.35642254e+03  4.69783643e+01  7.35642254e+03  1.79984341e+02
 7.94328235e+03  4.69783707e+01  7.94328235e+03  1.79983092e+02
 8.57695899e+03  4.69783781e+01  8.57695899e+03  1.79981743e+02
 9.26118728e+03  4.69783867e+01  9.26118728e+03  1.79980286e+02
 1.00000000e+04  4.69783967e+01  1.00000000e+04  1.79978714e+02
 1.07977516e+04  4.69784084e+01  1.07977516e+04  1.79977015e+02
 1.16591440e+04  4.69784221e+01  1.16591440e+04  1.79975182e+02
 1.25892541e+04  4.69784380e+01  1.25892541e+04  1.79973202e+02
 1.35935639e+04  4.69784566e+01  1.35935639e+04  1.79971064e+02
 1.46779927e+04  4.69784782e+01  1.46779927e+04  1.79968755e+02
 1.58489319e+04  4.69785035e+01  1.58489319e+04  1.79966263e+02
 1.71132830e+04  4.69785329e+01  1.71132830e+04  1.79963571e+02
 1.84784980e+04  4.69785672e+01  1.84784980e+04  1.79960665e+02
 1.99526231e+04  4.69786072e+01  1.99526231e+04  1.79957526e+02
 2.15443469e+04  4.69786538e+01  2.15443469e+04  1.79954138e+02
 2.32630507e+04  4.69787082e+01  2.32630507e+04  1.79950479e+02
 2.51188643e+04  4.69787716e+01  2.51188643e+04  1.79946527e+02
 2.71227258e+04  4.69788455e+01  2.71227258e+04  1.79942261e+02
 2.92864456e+04  4.69789316e+01  2.92864456e+04  1.79937654e+02
 3.16227766e+04  4.69790321e+01  3.16227766e+04  1.79932679e+02
 3.41454887e+04  4.69791492e+01  3.41454887e+04  1.79927307e+02
 3.68694506e+04  4.69792858e+01  3.68694506e+04  1.79921506e+02
 3.98107171e+04  4.69794451e+01  3.98107171e+04  1.79915241e+02
 4.29866235e+04  4.69796307e+01  4.29866235e+04  1.79908477e+02
 4.64158883e+04  4.69798472e+01  4.64158883e+04  1.79901172e+02
 5.01187234e+04  4.69800996e+01  5.01187234e+04  1.79893283e+02
 5.41169527e+04  4.69803939e+01  5.41169527e+04  1.79884763e+02
 5.84341413e+04  4.69807370e+01  5.84341413e+04  1.79875563e+02
 6.30957344e+04  4.69811370e+01  6.30957344e+04  1.79865626e+02
 6.81292069e+04  4.69816035e+01  6.81292069e+04  1.79854894e+02
 7.35642254e+04  4.69821474e+01  7.35642254e+04  1.79843303e+02
 7.94328235e+04  4.69827815e+01  7.94328235e+04  1.79830783e+02
 8.57695899e+04  4.69835210e+01  8.57695899e+04  1.79817260e+02
 9.26118728e+04  4.69843831e+01  9.26118728e+04  1.79802651e+02
 1.00000000e+05  4.69853884e+01  1.00000000e+05  1.79786870e+02
 1.07977516e+05  4.69865608e+01  1.07977516e+05  1.79769819e+02
 1.16591440e+05  4.69879277e+01  1.16591440e+05  1.79751395e+02
 1.25892541e+05  4.69895219e+01  1.25892541e+05  1.79731486e+02
 1.35935639e+05  4.69913807e+01  1.35935639e+05  1.79709969e+02
 1.46779927e+05  4.69935485e+01  1.46779927e+05  1.79686711e+02
 1.58489319e+05  4.69960766e+01  1.58489319e+05  1.79661565e+02
 1.71132830e+05  4.69990252e+01  1.71132830e+05  1.79634374e+02
 1.84784980e+05  4.70024637e+01  1.84784980e+05  1.79604964e+02
 1.99526231e+05  4.70064749e+01  1.99526231e+05  1.79573144e+02
 2.15443469e+05  4.70111535e+01  2.15443469e+05  1.79538706e+02
 2.32630507e+05  4.70166119e+01  2.32630507e+05  1.79501421e+02
 2.51188643e+05  4.70229792e+01  2.51188643e+05  1.79461035e+02
 2.71227258e+05  4.70304091e+01  2.71227258e+05  1.79417267e+02
 2.92864456e+05  4.70390795e+01  2.92864456e+05  1.79369807e+02
 3.16227766e+05  4.70491995e+01  3.16227766e+05  1.79318305e+02
 3.41454887e+05  4.70610129e+01  3.41454887e+05  1.79262374e+02
 3.68694506e+05  4.70748056e+01  3.68694506e+05  1.79201573e+02
 3.98107171e+05  4.70909129e+01  3.98107171e+05  1.79135407e+02
 4.29866235e+05  4.71097277e+01  4.29866235e+05  1.79063311e+02
 4.64158883e+05  4.71317168e+01  4.64158883e+05  1.78984635e+02
 5.01187234e+05  4.71574185e+01  5.01187234e+05  1.78898634e+02
 5.41169527e+05  4.71874818e+01  5.41169527e+05  1.78804436e+02
 5.84341413e+05  4.72226537e+01  5.84341413e+05  1.78701025e+02
 6.30957344e+05  4.72638392e+01  6.30957344e+05  1.78587194e+02
 6.81292069e+05  4.73120888e+01  6.81292069e+05  1.78461510e+02
 7.35642254e+05  4.73686757e+01  7.35642254e+05  1.78322242e+02
 7.94328235e+05  4.74351041e+01  7.94328235e+05  1.78167288e+02
 8.57695899e+05  4.75131755e+01  8.57695899e+05  1.77994061e+02
 9.26118728e+05  4.76050445e+01  9.26118728e+05  1.77799363e+02
 1.00000000e+06  4.77133420e+01  1.00000000e+06  1.77579138e+02
 1.07977516e+06  4.78412611e+01  1.07977516e+06  1.77328248e+02
 1.16591440e+06  4.79927116e+01  1.16591440e+06  1.77040031e+02
 1.25892541e+06  4.81725042e+01  1.25892541e+06  1.76705752e+02
 1.35935639e+06  4.83867017e+01  1.35935639e+06  1.76313709e+02
 1.46779927e+06  4.86429095e+01  1.46779927e+06  1.75847963e+02
 1.58489319e+06  4.89508963e+01  1.58489319e+06  1.75286255e+02
 1.71132830e+06  4.93234031e+01  1.71132830e+06  1.74596649e+02
 1.84784980e+06  4.97773281e+01  1.84784980e+06  1.73731873e+02
 1.99526231e+06  5.03358287e+01  1.99526231e+06  1.72619002e+02
 2.15443469e+06  5.10310319e+01  2.15443469e+06  1.71140281e+02
 2.32630507e+06  5.19096129e+01  2.32630507e+06  1.69093320e+02
 2.51188643e+06  5.30410049e+01  2.51188643e+06  1.66102691e+02
 2.71227258e+06  5.45306973e+01  2.71227258e+06  1.61398185e+02
 2.92864456e+06  5.65269498e+01  2.92864456e+06  1.53189908e+02
 3.16227766e+06  5.90951384e+01  3.16227766e+06  1.36820358e+02
 3.41454887e+06  6.10657463e+01  3.41454887e+06  1.03113667e+02
 3.68694506e+06  5.91226141e+01  3.68694506e+06  6.26110607e+01
 3.98107171e+06  5.51511139e+01  3.98107171e+06  4.01194130e+01
 4.29866235e+06  5.15606507e+01  4.29866235e+06  2.94279209e+01
 4.64158883e+06  4.85361661e+01  4.64158883e+06  2.37132045e+01
 5.01187234e+06  4.59269940e+01  5.01187234e+06  2.03221857e+01
 5.41169527e+06  4.36085138e+01  5.41169527e+06  1.81752398e+01
 5.84341413e+06  4.14975493e+01  5.84341413e+06  1.67729961e+01
 6.30957344e+06  3.95384802e+01  6.30957344e+06  1.58580441e+01
 6.81292069e+06  3.76932019e+01  6.81292069e+06  1.52869092e+01
 7.35642254e+06  3.59346377e+01  7.35642254e+06  1.49728262e+01
 7.94328235e+06  3.42429939e+01  7.94328235e+06  1.48637756e+01
 8.57695899e+06  3.26033139e+01  8.57695899e+06  1.49268609e+01
 9.26118728e+06  3.10040918e+01  9.26118728e+06  1.51415194e+01
 1.00000000e+07  2.94351486e+01  1.00000000e+07  1.54970727e+01
 1.07977516e+07  2.78886117e+01  1.07977516e+07  1.59927770e+01
 1.16591440e+07  2.63572066e+01  1.16591440e+07  1.66148418e+01
 1.25892541e+07  2.48384295e+01  1.25892541e+07  1.73881855e+01
 1.35935639e+07  2.33188178e+01  1.35935639e+07  1.83160753e+01
 1.46779927e+07  2.18010980e+01  1.46779927e+07  1.93962858e+01
 1.58489319e+07  2.02763672e+01  1.58489319e+07  2.06727368e+01
 1.71132830e+07  1.87421793e+01  1.71132830e+07  2.21627359e+01
 1.84784980e+07  1.71903202e+01  1.84784980e+07  2.39088259e+01
 1.99526231e+07  1.56178066e+01  1.99526231e+07  2.59202123e+01
 2.15443469e+07  1.40220820e+01  2.15443469e+07  2.83574063e+01
 2.32630507e+07  1.23892943e+01  2.32630507e+07  3.11714349e+01
 2.51188643e+07  1.07270478e+01  2.51188643e+07  3.45962345e+01
 2.71227258e+07  9.02464496e+00  2.71227258e+07  3.87685981e+01
 2.92864456e+07  7.28617939e+00  2.92864456e+07  4.37653587e+01
 3.16227766e+07  5.53184338e+00  3.16227766e+07  5.00251456e+01
 3.41454887e+07  3.78960860e+00  3.41454887e+07  5.78342282e+01
 3.68694506e+07  2.14703317e+00  3.68694506e+07  6.75800083e+01
 3.98107171e+07  7.09831885e-01  3.98107171e+07  7.94024573e+01
 4.29866235e+07  -3.56516512e-01  4.29866235e+07  9.27680624e+01
 4.64158883e+07  -9.62205124e-01  4.64158883e+07  1.06972723e+02
 5.01187234e+07  -1.11272977e+00  5.01187234e+07  1.20635906e+02
 5.41169527e+07  -8.48591869e-01  5.41169527e+07  1.32240672e+02
 5.84341413e+07  -5.45375520e-01  5.84341413e+07  1.42057969e+02
 6.30957344e+07  8.10007411e-03  6.30957344e+07  1.49743583e+02
 6.81292069e+07  5.00947550e-01  6.81292069e+07  1.55921059e+02
 7.35642254e+07  1.02204170e+00  7.35642254e+07  1.61219058e+02
 7.94328235e+07  1.41598098e+00  7.94328235e+07  1.66075136e+02
 8.57695899e+07  1.82140221e+00  8.57695899e+07  1.69960133e+02
 9.26118728e+07  2.08525178e+00  9.26118728e+07  1.73220636e+02
 1.00000000e+08  2.46255569e+00  1.00000000e+08  1.76250814e+02
 1.07977516e+08  2.93283352e+00  1.07977516e+08  1.79106902e+02
 1.16591440e+08  3.34386969e+00  1.16591440e+08  1.81305403e+02
 1.25892541e+08  3.65440090e+00  1.25892541e+08  1.83247442e+02
 1.35935639e+08  4.20609418e+00  1.35935639e+08  1.85324683e+02
 1.46779927e+08  4.40905990e+00  1.46779927e+08  1.86824669e+02
 1.58489319e+08  4.80042188e+00  1.58489319e+08  1.88188808e+02
 1.71132830e+08  5.22513750e+00  1.71132830e+08  1.89033586e+02
 1.84784980e+08  5.65774632e+00  1.84784980e+08  1.89629624e+02
 1.99526231e+08  5.76380091e+00  1.99526231e+08  1.90504857e+02
 2.15443469e+08  6.00271369e+00  2.15443469e+08  1.90541945e+02
 2.32630507e+08  6.04237260e+00  2.32630507e+08  1.90431713e+02
 2.51188643e+08  6.64141003e+00  2.51188643e+08  1.89962645e+02
 2.71227258e+08  6.52264823e+00  2.71227258e+08  1.89181694e+02
 2.92864456e+08  7.07593197e+00  2.92864456e+08  1.88755924e+02
 3.16227766e+08  6.55486698e+00  3.16227766e+08  1.88024401e+02
 3.41454887e+08  6.80663360e+00  3.41454887e+08  1.86925172e+02
 3.68694506e+08  7.30489389e+00  3.68694506e+08  1.86177698e+02
 3.98107171e+08  7.06821341e+00  3.98107171e+08  1.85247729e+02
 4.29866235e+08  8.25295074e+00  4.29866235e+08  1.84575080e+02
 4.64158883e+08  6.95794710e+00  4.64158883e+08  1.83717686e+02
 5.01187234e+08  7.20615479e+00  5.01187234e+08  1.83130892e+02
 5.41169527e+08  1.03011116e+01  5.41169527e+08  1.82974495e+02
 5.84341413e+08  6.48435360e+00  5.84341413e+08  1.81883077e+02
 6.30957344e+08  7.60539122e+00  6.30957344e+08  1.81574090e+02
 6.81292069e+08  6.27060704e+00  6.81292069e+08  1.81166486e+02
 7.35642254e+08  1.44473621e+01  7.35642254e+08  1.82011888e+02
 7.94328235e+08  7.10302501e+00  7.94328235e+08  1.79832949e+02
 8.57695899e+08  5.73794543e+00  8.57695899e+08  1.80673088e+02
 9.26118728e+08  4.38489041e+00  9.26118728e+08  1.80841635e+02
 1.00000000e+09  9.05378226e+00  1.00000000e+09  1.79960418e+02
