 1.00000000e+00  4.65219097e+01  1.00000000e+00  1.79999998e+02
 1.07977516e+00  4.65219097e+01  1.07977516e+00  1.79999998e+02
 1.16591440e+00  4.65219097e+01  1.16591440e+00  1.79999998e+02
 1.25892541e+00  4.65219097e+01  1.25892541e+00  1.79999998e+02
 1.35935639e+00  4.65219097e+01  1.35935639e+00  1.79999998e+02
 1.46779927e+00  4.65219097e+01  1.46779927e+00  1.79999997e+02
 1.58489319e+00  4.65219097e+01  1.58489319e+00  1.79999997e+02
 1.71132830e+00  4.65219097e+01  1.71132830e+00  1.79999997e+02
 1.84784980e+00  4.65219097e+01  1.84784980e+00  1.79999997e+02
 1.99526231e+00  4.65219097e+01  1.99526231e+00  1.79999997e+02
 2.15443469e+00  4.65219097e+01  2.15443469e+00  1.79999996e+02
 2.32630507e+00  4.65219097e+01  2.32630507e+00  1.79999996e+02
 2.51188643e+00  4.65219097e+01  2.51188643e+00  1.79999996e+02
 2.71227258e+00  4.65219097e+01  2.71227258e+00  1.79999995e+02
 2.92864456e+00  4.65219097e+01  2.92864456e+00  1.79999995e+02
 3.16227766e+00  4.65219097e+01  3.16227766e+00  1.79999995e+02
 3.41454887e+00  4.65219097e+01  3.41454887e+00  1.79999994e+02
 3.68694506e+00  4.65219097e+01  3.68694506e+00  1.79999994e+02
 3.98107171e+00  4.65219097e+01  3.98107171e+00  1.79999993e+02
 4.29866235e+00  4.65219097e+01  4.29866235e+00  1.79999993e+02
 4.64158883e+00  4.65219097e+01  4.64158883e+00  1.79999992e+02
 5.01187234e+00  4.65219097e+01  5.01187234e+00  1.79999991e+02
 5.41169527e+00  4.65219097e+01  5.41169527e+00  1.79999991e+02
 5.84341413e+00  4.65219097e+01  5.84341413e+00  1.79999990e+02
 6.30957344e+00  4.65219097e+01  6.30957344e+00  1.79999989e+02
 6.81292069e+00  4.65219097e+01  6.81292069e+00  1.79999988e+02
 7.35642254e+00  4.65219097e+01  7.35642254e+00  1.79999987e+02
 7.94328235e+00  4.65219097e+01  7.94328235e+00  1.79999986e+02
 8.57695899e+00  4.65219097e+01  8.57695899e+00  1.79999985e+02
 9.26118728e+00  4.65219097e+01  9.26118728e+00  1.79999984e+02
 1.00000000e+01  4.65219097e+01  1.00000000e+01  1.79999983e+02
 1.07977516e+01  4.65219097e+01  1.07977516e+01  1.79999981e+02
 1.16591440e+01  4.65219097e+01  1.16591440e+01  1.79999980e+02
 1.25892541e+01  4.65219097e+01  1.25892541e+01  1.79999978e+02
 1.35935639e+01  4.65219097e+01  1.35935639e+01  1.79999977e+02
 1.46779927e+01  4.65219097e+01  1.46779927e+01  1.79999975e+02
 1.58489319e+01  4.65219097e+01  1.58489319e+01  1.79999973e+02
 1.71132830e+01  4.65219097e+01  1.71132830e+01  1.79999971e+02
 1.84784980e+01  4.65219097e+01  1.84784980e+01  1.79999968e+02
 1.99526231e+01  4.65219097e+01  1.99526231e+01  1.79999966e+02
 2.15443469e+01  4.65219097e+01  2.15443469e+01  1.79999963e+02
 2.32630507e+01  4.65219097e+01  2.32630507e+01  1.79999960e+02
 2.51188643e+01  4.65219097e+01  2.51188643e+01  1.79999957e+02
 2.71227258e+01  4.65219097e+01  2.71227258e+01  1.79999953e+02
 2.92864456e+01  4.65219097e+01  2.92864456e+01  1.79999950e+02
 3.16227766e+01  4.65219097e+01  3.16227766e+01  1.79999946e+02
 3.41454887e+01  4.65219097e+01  3.41454887e+01  1.79999941e+02
 3.68694506e+01  4.65219097e+01  3.68694506e+01  1.79999937e+02
 3.98107171e+01  4.65219097e+01  3.98107171e+01  1.79999932e+02
 4.29866235e+01  4.65219097e+01  4.29866235e+01  1.79999926e+02
 4.64158883e+01  4.65219097e+01  4.64158883e+01  1.79999920e+02
 5.01187234e+01  4.65219097e+01  5.01187234e+01  1.79999914e+02
 5.41169527e+01  4.65219097e+01  5.41169527e+01  1.79999907e+02
 5.84341413e+01  4.65219097e+01  5.84341413e+01  1.79999900e+02
 6.30957344e+01  4.65219097e+01  6.30957344e+01  1.79999892e+02
 6.81292069e+01  4.65219097e+01  6.81292069e+01  1.79999883e+02
 7.35642254e+01  4.65219097e+01  7.35642254e+01  1.79999874e+02
 7.94328235e+01  4.65219097e+01  7.94328235e+01  1.79999864e+02
 8.57695899e+01  4.65219097e+01  8.57695899e+01  1.79999853e+02
 9.26118728e+01  4.65219097e+01  9.26118728e+01  1.79999841e+02
 1.00000000e+02  4.65219097e+01  1.00000000e+02  1.79999828e+02
 1.07977516e+02  4.65219097e+01  1.07977516e+02  1.79999814e+02
 1.16591440e+02  4.65219097e+01  1.16591440e+02  1.79999800e+02
 1.25892541e+02  4.65219097e+01  1.25892541e+02  1.79999784e+02
 1.35935639e+02  4.65219097e+01  1.35935639e+02  1.79999766e+02
 1.46779927e+02  4.65219097e+01  1.46779927e+02  1.79999748e+02
 1.58489319e+02  4.65219097e+01  1.58489319e+02  1.79999728e+02
 1.71132830e+02  4.65219097e+01  1.71132830e+02  1.79999706e+02
 1.84784980e+02  4.65219097e+01  1.84784980e+02  1.79999682e+02
 1.99526231e+02  4.65219097e+01  1.99526231e+02  1.79999657e+02
 2.15443469e+02  4.65219097e+01  2.15443469e+02  1.79999630e+02
 2.32630507e+02  4.65219097e+01  2.32630507e+02  1.79999600e+02
 2.51188643e+02  4.65219097e+01  2.51188643e+02  1.79999568e+02
 2.71227258e+02  4.65219097e+01  2.71227258e+02  1.79999534e+02
 2.92864456e+02  4.65219097e+01  2.92864456e+02  1.79999497e+02
 3.16227766e+02  4.65219098e+01  3.16227766e+02  1.79999457e+02
 3.41454887e+02  4.65219098e+01  3.41454887e+02  1.79999413e+02
 3.68694506e+02  4.65219098e+01  3.68694506e+02  1.79999366e+02
 3.98107171e+02  4.65219098e+01  3.98107171e+02  1.79999316e+02
 4.29866235e+02  4.65219098e+01  4.29866235e+02  1.79999261e+02
 4.64158883e+02  4.65219098e+01  4.64158883e+02  1.79999202e+02
 5.01187234e+02  4.65219099e+01  5.01187234e+02  1.79999139e+02
 5.41169527e+02  4.65219099e+01  5.41169527e+02  1.79999070e+02
 5.84341413e+02  4.65219099e+01  5.84341413e+02  1.79998996e+02
 6.30957344e+02  4.65219100e+01  6.30957344e+02  1.79998916e+02
 6.81292069e+02  4.65219100e+01  6.81292069e+02  1.79998829e+02
 7.35642254e+02  4.65219101e+01  7.35642254e+02  1.79998736e+02
 7.94328235e+02  4.65219102e+01  7.94328235e+02  1.79998635e+02
 8.57695899e+02  4.65219102e+01  8.57695899e+02  1.79998526e+02
 9.26118728e+02  4.65219103e+01  9.26118728e+02  1.79998409e+02
 1.00000000e+03  4.65219104e+01  1.00000000e+03  1.79998282e+02
 1.07977516e+03  4.65219106e+01  1.07977516e+03  1.79998145e+02
 1.16591440e+03  4.65219107e+01  1.16591440e+03  1.79997997e+02
 1.25892541e+03  4.65219109e+01  1.25892541e+03  1.79997837e+02
 1.35935639e+03  4.65219111e+01  1.35935639e+03  1.79997664e+02
 1.46779927e+03  4.65219113e+01  1.46779927e+03  1.79997478e+02
 1.58489319e+03  4.65219116e+01  1.58489319e+03  1.79997277e+02
 1.71132830e+03  4.65219119e+01  1.71132830e+03  1.79997059e+02
 1.84784980e+03  4.65219123e+01  1.84784980e+03  1.79996825e+02
 1.99526231e+03  4.65219127e+01  1.99526231e+03  1.79996572e+02
 2.15443469e+03  4.65219132e+01  2.15443469e+03  1.79996298e+02
 2.32630507e+03  4.65219138e+01  2.32630507e+03  1.79996003e+02
 2.51188643e+03  4.65219145e+01  2.51188643e+03  1.79995684e+02
 2.71227258e+03  4.65219153e+01  2.71227258e+03  1.79995339e+02
 2.92864456e+03  4.65219162e+01  2.92864456e+03  1.79994968e+02
 3.16227766e+03  4.65219173e+01  3.16227766e+03  1.79994566e+02
 3.41454887e+03  4.65219185e+01  3.41454887e+03  1.79994133e+02
 3.68694506e+03  4.65219200e+01  3.68694506e+03  1.79993665e+02
 3.98107171e+03  4.65219217e+01  3.98107171e+03  1.79993159e+02
 4.29866235e+03  4.65219237e+01  4.29866235e+03  1.79992614e+02
 4.64158883e+03  4.65219260e+01  4.64158883e+03  1.79992024e+02
 5.01187234e+03  4.65219287e+01  5.01187234e+03  1.79991388e+02
 5.41169527e+03  4.65219319e+01  5.41169527e+03  1.79990701e+02
 5.84341413e+03  4.65219355e+01  5.84341413e+03  1.79989959e+02
 6.30957344e+03  4.65219398e+01  6.30957344e+03  1.79989158e+02
 6.81292069e+03  4.65219448e+01  6.81292069e+03  1.79988293e+02
 7.35642254e+03  4.65219507e+01  7.35642254e+03  1.79987359e+02
 7.94328235e+03  4.65219575e+01  7.94328235e+03  1.79986351e+02
 8.57695899e+03  4.65219654e+01  8.57695899e+03  1.79985262e+02
 9.26118728e+03  4.65219746e+01  9.26118728e+03  1.79984086e+02
 1.00000000e+04  4.65219854e+01  1.00000000e+04  1.79982817e+02
 1.07977516e+04  4.65219980e+01  1.07977516e+04  1.79981446e+02
 1.16591440e+04  4.65220126e+01  1.16591440e+04  1.79979966e+02
 1.25892541e+04  4.65220297e+01  1.25892541e+04  1.79978367e+02
 1.35935639e+04  4.65220496e+01  1.35935639e+04  1.79976641e+02
 1.46779927e+04  4.65220728e+01  1.46779927e+04  1.79974778e+02
 1.58489319e+04  4.65220999e+01  1.58489319e+04  1.79972766e+02
 1.71132830e+04  4.65221315e+01  1.71132830e+04  1.79970593e+02
 1.84784980e+04  4.65221683e+01  1.84784980e+04  1.79968246e+02
 1.99526231e+04  4.65222112e+01  1.99526231e+04  1.79965713e+02
 2.15443469e+04  4.65222612e+01  2.15443469e+04  1.79962977e+02
 2.32630507e+04  4.65223195e+01  2.32630507e+04  1.79960023e+02
 2.51188643e+04  4.65223875e+01  2.51188643e+04  1.79956834e+02
 2.71227258e+04  4.65224668e+01  2.71227258e+04  1.79953389e+02
 2.92864456e+04  4.65225593e+01  2.92864456e+04  1.79949670e+02
 3.16227766e+04  4.65226670e+01  3.16227766e+04  1.79945654e+02
 3.41454887e+04  4.65227927e+01  3.41454887e+04  1.79941317e+02
 3.68694506e+04  4.65229392e+01  3.68694506e+04  1.79936634e+02
 3.98107171e+04  4.65231101e+01  3.98107171e+04  1.79931576e+02
 4.29866235e+04  4.65233093e+01  4.29866235e+04  1.79926115e+02
 4.64158883e+04  4.65235415e+01  4.64158883e+04  1.79920217e+02
 5.01187234e+04  4.65238122e+01  5.01187234e+04  1.79913847e+02
 5.41169527e+04  4.65241279e+01  5.41169527e+04  1.79906969e+02
 5.84341413e+04  4.65244960e+01  5.84341413e+04  1.79899540e+02
 6.30957344e+04  4.65249252e+01  6.30957344e+04  1.79891516e+02
 6.81292069e+04  4.65254256e+01  6.81292069e+04  1.79882850e+02
 7.35642254e+04  4.65260092e+01  7.35642254e+04  1.79873489e+02
 7.94328235e+04  4.65266894e+01  7.94328235e+04  1.79863378e+02
 8.57695899e+04  4.65274828e+01  8.57695899e+04  1.79852456e+02
 9.26118728e+04  4.65284075e+01  9.26118728e+04  1.79840656e+02
 1.00000000e+05  4.65294863e+01  1.00000000e+05  1.79827907e+02
 1.07977516e+05  4.65307439e+01  1.07977516e+05  1.79814131e+02
 1.16591440e+05  4.65322105e+01  1.16591440e+05  1.79799245e+02
 1.25892541e+05  4.65339208e+01  1.25892541e+05  1.79783155e+02
 1.35935639e+05  4.65359153e+01  1.35935639e+05  1.79765762e+02
 1.46779927e+05  4.65382408e+01  1.46779927e+05  1.79746958e+02
 1.58489319e+05  4.65409537e+01  1.58489319e+05  1.79726623e+02
 1.71132830e+05  4.65441172e+01  1.71132830e+05  1.79704627e+02
 1.84784980e+05  4.65478062e+01  1.84784980e+05  1.79680827e+02
 1.99526231e+05  4.65521111e+01  1.99526231e+05  1.79655069e+02
 2.15443469e+05  4.65571314e+01  2.15443469e+05  1.79627177e+02
 2.32630507e+05  4.65629885e+01  2.32630507e+05  1.79596962e+02
 2.51188643e+05  4.65698231e+01  2.51188643e+05  1.79564215e+02
 2.71227258e+05  4.65777971e+01  2.71227258e+05  1.79528700e+02
 2.92864456e+05  4.65871035e+01  2.92864456e+05  1.79490155e+02
 3.16227766e+05  4.65979657e+01  3.16227766e+05  1.79448286e+02
 3.41454887e+05  4.66106460e+01  3.41454887e+05  1.79402764e+02
 3.68694506e+05  4.66254540e+01  3.68694506e+05  1.79353215e+02
 3.98107171e+05  4.66427515e+01  3.98107171e+05  1.79299211e+02
 4.29866235e+05  4.66629620e+01  4.29866235e+05  1.79240264e+02
 4.64158883e+05  4.66865782e+01  4.64158883e+05  1.79175805e+02
 5.01187234e+05  4.67141989e+01  5.01187234e+05  1.79105183e+02
 5.41169527e+05  4.67465037e+01  5.41169527e+05  1.79027619e+02
 5.84341413e+05  4.67843157e+01  5.84341413e+05  1.78942189e+02
 6.30957344e+05  4.68286108e+01  6.30957344e+05  1.78847837e+02
 6.81292069e+05  4.68805335e+01  6.81292069e+05  1.78743241e+02
 7.35642254e+05  4.69414379e+01  7.35642254e+05  1.78626807e+02
 7.94328235e+05  4.70129853e+01  7.94328235e+05  1.78496575e+02
 8.57695899e+05  4.70971344e+01  8.57695899e+05  1.78350137e+02
 9.26118728e+05  4.71962434e+01  9.26118728e+05  1.78184495e+02
 1.00000000e+06  4.73131967e+01  1.00000000e+06  1.77995696e+02
 1.07977516e+06  4.74514944e+01  1.07977516e+06  1.77778837e+02
 1.16591440e+06  4.76155033e+01  1.16591440e+06  1.77527448e+02
 1.25892541e+06  4.78105402e+01  1.25892541e+06  1.77232848e+02
 1.35935639e+06  4.80433254e+01  1.35935639e+06  1.76883251e+02
 1.46779927e+06  4.83225696e+01  1.46779927e+06  1.76462803e+02
 1.58489319e+06  4.86593493e+01  1.58489319e+06  1.75948410e+02
 1.71132830e+06  4.90682920e+01  1.71132830e+06  1.75307200e+02
 1.84784980e+06  4.95693145e+01  1.84784980e+06  1.74488415e+02
 1.99526231e+06  5.01898540e+01  1.99526231e+06  1.73412649e+02
 2.15443469e+06  5.09694201e+01  2.15443469e+06  1.71947882e+02
 2.32630507e+06  5.19666740e+01  2.32630507e+06  1.69857213e+02
 2.51188643e+06  5.32729327e+01  2.51188643e+06  1.66676731e+02
 2.71227258e+06  5.50346968e+01  2.71227258e+06  1.61378653e+02
 2.92864456e+06  5.74665930e+01  2.92864456e+06  1.51291687e+02
 3.16227766e+06  6.05366854e+01  3.16227766e+06  1.28570007e+02
 3.41454887e+06  6.14057480e+01  3.41454887e+06  8.32868205e+01
 3.68694506e+06  5.75424331e+01  3.68694506e+06  4.73722054e+01
 3.98107171e+06  5.33353235e+01  3.98107171e+06  3.18002281e+01
 4.29866235e+06  4.98833174e+01  4.29866235e+06  2.44609217e+01
 4.64158883e+06  4.70014482e+01  4.64158883e+06  2.04539658e+01
 5.01187234e+06  4.45007490e+01  5.01187234e+06  1.80536017e+01
 5.41169527e+06  4.22632500e+01  5.41169527e+06  1.65492859e+01
 5.84341413e+06  4.02123189e+01  5.84341413e+06  1.56025951e+01
 6.30957344e+06  3.82992677e+01  6.30957344e+06  1.50309236e+01
 6.81292069e+06  3.64898708e+01  6.81292069e+06  1.47385131e+01
 7.35642254e+06  3.47584853e+01  7.35642254e+06  1.46571550e+01
 7.94328235e+06  3.30881008e+01  7.94328235e+06  1.47519813e+01
 8.57695899e+06  3.14653028e+01  8.57695899e+06  1.50022525e+01
 9.26118728e+06  2.98775946e+01  9.26118728e+06  1.53909930e+01
 1.00000000e+07  2.83192087e+01  1.00000000e+07  1.59139678e+01
 1.07977516e+07  2.67791245e+01  1.07977516e+07  1.65785530e+01
 1.16591440e+07  2.52511325e+01  1.16591440e+07  1.73848195e+01
 1.25892541e+07  2.37297971e+01  1.25892541e+07  1.83399566e+01
 1.35935639e+07  2.22145305e+01  1.35935639e+07  1.94392219e+01
 1.46779927e+07  2.06935936e+01  1.46779927e+07  2.07364216e+01
 1.58489319e+07  1.91646646e+01  1.58489319e+07  2.22484991e+01
 1.71132830e+07  1.76208855e+01  1.71132830e+07  2.40005272e+01
 1.84784980e+07  1.60655706e+01  1.84784980e+07  2.60197727e+01
 1.99526231e+07  1.44833554e+01  1.99526231e+07  2.84100479e+01
 2.15443469e+07  1.28770134e+01  2.15443469e+07  3.11922212e+01
 2.32630507e+07  1.12386991e+01  2.32630507e+07  3.45357795e+01
 2.51188643e+07  9.56493991e+00  2.51188643e+07  3.84957415e+01
 2.71227258e+07  7.87003281e+00  2.71227258e+07  4.34145986e+01
 2.92864456e+07  6.16064454e+00  2.92864456e+07  4.94850552e+01
 3.16227766e+07  4.45512989e+00  3.16227766e+07  5.69705984e+01
 3.41454887e+07  2.82893547e+00  3.41454887e+07  6.59708251e+01
 3.68694506e+07  1.37942865e+00  3.68694506e+07  7.66708150e+01
 3.98107171e+07  1.70445901e-01  3.98107171e+07  9.00186955e+01
 4.29866235e+07  -3.76249207e-01  4.29866235e+07  1.03238987e+02
 4.64158883e+07  -7.65200092e-01  4.64158883e+07  1.16035418e+02
 5.01187234e+07  -7.21490527e-01  5.01187234e+07  1.27583860e+02
 5.41169527e+07  -4.11539610e-01  5.41169527e+07  1.37937492e+02
 5.84341413e+07  8.86547687e-02  5.84341413e+07  1.45433951e+02
 6.30957344e+07  4.00334339e-01  6.30957344e+07  1.52859967e+02
 6.81292069e+07  8.98508526e-01  6.81292069e+07  1.58913496e+02
 7.35642254e+07  1.35158685e+00  7.35642254e+07  1.63212895e+02
 7.94328235e+07  1.72426701e+00  7.94328235e+07  1.67280075e+02
 8.57695899e+07  2.08833143e+00  8.57695899e+07  1.71277989e+02
 9.26118728e+07  2.37717825e+00  9.26118728e+07  1.74368780e+02
 1.00000000e+08  2.93373657e+00  1.00000000e+08  1.77299658e+02
 1.07977516e+08  3.03457448e+00  1.07977516e+08  1.79908479e+02
 1.16591440e+08  3.52572720e+00  1.16591440e+08  1.81737765e+02
 1.25892541e+08  3.69749246e+00  1.25892541e+08  1.84023871e+02
 1.35935639e+08  4.07779382e+00  1.35935639e+08  1.85663111e+02
 1.46779927e+08  4.51245087e+00  1.46779927e+08  1.87220264e+02
 1.58489319e+08  4.74404774e+00  1.58489319e+08  1.88532192e+02
 1.71132830e+08  5.13685834e+00  1.71132830e+08  1.88868456e+02
 1.84784980e+08  5.51211712e+00  1.84784980e+08  1.89715260e+02
 1.99526231e+08  6.13934813e+00  1.99526231e+08  1.90033966e+02
 2.15443469e+08  6.05214962e+00  2.15443469e+08  1.89956057e+02
 2.32630507e+08  6.86963654e+00  2.32630507e+08  1.89541023e+02
 2.51188643e+08  6.21512496e+00  2.51188643e+08  1.89321115e+02
 2.71227258e+08  6.49075998e+00  2.71227258e+08  1.88502985e+02
 2.92864456e+08  7.04136225e+00  2.92864456e+08  1.88144313e+02
 3.16227766e+08  7.19658895e+00  3.16227766e+08  1.87393930e+02
 3.41454887e+08  7.57042159e+00  3.41454887e+08  1.86398802e+02
 3.68694506e+08  8.25153651e+00  3.68694506e+08  1.85480891e+02
 3.98107171e+08  8.13823425e+00  3.98107171e+08  1.85001954e+02
 4.29866235e+08  5.69184859e+00  4.29866235e+08  1.83900996e+02
 4.64158883e+08  8.40533744e+00  4.64158883e+08  1.83518877e+02
 5.01187234e+08  7.09833663e+00  5.01187234e+08  1.83046785e+02
 5.41169527e+08  1.02035343e+01  5.41169527e+08  1.82279150e+02
 5.84341413e+08  8.86791424e+00  5.84341413e+08  1.82190034e+02
 6.30957344e+08  7.52326822e+00  6.30957344e+08  1.81527140e+02
 6.81292069e+08  6.16058278e+00  6.81292069e+08  1.81333511e+02
 7.35642254e+08  8.33166213e+00  7.35642254e+08  1.81127804e+02
 7.94328235e+08  6.97589467e+00  7.94328235e+08  1.80920599e+02
 8.57695899e+08  5.64661303e+00  8.57695899e+08  1.80751970e+02
 9.26118728e+08  7.69710510e-01  9.26118728e+08  1.80373514e+02
 1.00000000e+09  2.92058389e+00  1.00000000e+09  1.80233778e+02
