 1.00000000e+00  4.63856905e+01  1.00000000e+00  1.79999998e+02
 1.07977516e+00  4.63856905e+01  1.07977516e+00  1.79999998e+02
 1.16591440e+00  4.63856905e+01  1.16591440e+00  1.79999998e+02
 1.25892541e+00  4.63856905e+01  1.25892541e+00  1.79999998e+02
 1.35935639e+00  4.63856905e+01  1.35935639e+00  1.79999998e+02
 1.46779927e+00  4.63856905e+01  1.46779927e+00  1.79999998e+02
 1.58489319e+00  4.63856905e+01  1.58489319e+00  1.79999997e+02
 1.71132830e+00  4.63856905e+01  1.71132830e+00  1.79999997e+02
 1.84784980e+00  4.63856905e+01  1.84784980e+00  1.79999997e+02
 1.99526231e+00  4.63856905e+01  1.99526231e+00  1.79999997e+02
 2.15443469e+00  4.63856905e+01  2.15443469e+00  1.79999996e+02
 2.32630507e+00  4.63856905e+01  2.32630507e+00  1.79999996e+02
 2.51188643e+00  4.63856905e+01  2.51188643e+00  1.79999996e+02
 2.71227258e+00  4.63856905e+01  2.71227258e+00  1.79999995e+02
 2.92864456e+00  4.63856905e+01  2.92864456e+00  1.79999995e+02
 3.16227766e+00  4.63856905e+01  3.16227766e+00  1.79999995e+02
 3.41454887e+00  4.63856905e+01  3.41454887e+00  1.79999994e+02
 3.68694506e+00  4.63856905e+01  3.68694506e+00  1.79999994e+02
 3.98107171e+00  4.63856905e+01  3.98107171e+00  1.79999993e+02
 4.29866235e+00  4.63856905e+01  4.29866235e+00  1.79999993e+02
 4.64158883e+00  4.63856905e+01  4.64158883e+00  1.79999992e+02
 5.01187234e+00  4.63856905e+01  5.01187234e+00  1.79999991e+02
 5.41169527e+00  4.63856905e+01  5.41169527e+00  1.79999991e+02
 5.84341413e+00  4.63856905e+01  5.84341413e+00  1.79999990e+02
 6.30957344e+00  4.63856905e+01  6.30957344e+00  1.79999989e+02
 6.81292069e+00  4.63856905e+01  6.81292069e+00  1.79999988e+02
 7.35642254e+00  4.63856905e+01  7.35642254e+00  1.79999987e+02
 7.94328235e+00  4.63856905e+01  7.94328235e+00  1.79999986e+02
 8.57695899e+00  4.63856905e+01  8.57695899e+00  1.79999985e+02
 9.26118728e+00  4.63856905e+01  9.26118728e+00  1.79999984e+02
 1.00000000e+01  4.63856905e+01  1.00000000e+01  1.79999983e+02
 1.07977516e+01  4.63856905e+01  1.07977516e+01  1.79999982e+02
 1.16591440e+01  4.63856905e+01  1.16591440e+01  1.79999980e+02
 1.25892541e+01  4.63856905e+01  1.25892541e+01  1.79999979e+02
 1.35935639e+01  4.63856905e+01  1.35935639e+01  1.79999977e+02
 1.46779927e+01  4.63856905e+01  1.46779927e+01  1.79999975e+02
 1.58489319e+01  4.63856905e+01  1.58489319e+01  1.79999973e+02
 1.71132830e+01  4.63856905e+01  1.71132830e+01  1.79999971e+02
 1.84784980e+01  4.63856905e+01  1.84784980e+01  1.79999969e+02
 1.99526231e+01  4.63856905e+01  1.99526231e+01  1.79999966e+02
 2.15443469e+01  4.63856905e+01  2.15443469e+01  1.79999963e+02
 2.32630507e+01  4.63856905e+01  2.32630507e+01  1.79999960e+02
 2.51188643e+01  4.63856905e+01  2.51188643e+01  1.79999957e+02
 2.71227258e+01  4.63856905e+01  2.71227258e+01  1.79999954e+02
 2.92864456e+01  4.63856905e+01  2.92864456e+01  1.79999950e+02
 3.16227766e+01  4.63856905e+01  3.16227766e+01  1.79999946e+02
 3.41454887e+01  4.63856905e+01  3.41454887e+01  1.79999942e+02
 3.68694506e+01  4.63856905e+01  3.68694506e+01  1.79999937e+02
 3.98107171e+01  4.63856905e+01  3.98107171e+01  1.79999932e+02
 4.29866235e+01  4.63856905e+01  4.29866235e+01  1.79999927e+02
 4.64158883e+01  4.63856905e+01  4.64158883e+01  1.79999921e+02
 5.01187234e+01  4.63856905e+01  5.01187234e+01  1.79999915e+02
 5.41169527e+01  4.63856905e+01  5.41169527e+01  1.79999908e+02
 5.84341413e+01  4.63856905e+01  5.84341413e+01  1.79999901e+02
 6.30957344e+01  4.63856905e+01  6.30957344e+01  1.79999893e+02
 6.81292069e+01  4.63856905e+01  6.81292069e+01  1.79999884e+02
 7.35642254e+01  4.63856905e+01  7.35642254e+01  1.79999875e+02
 7.94328235e+01  4.63856905e+01  7.94328235e+01  1.79999865e+02
 8.57695899e+01  4.63856905e+01  8.57695899e+01  1.79999854e+02
 9.26118728e+01  4.63856905e+01  9.26118728e+01  1.79999842e+02
 1.00000000e+02  4.63856905e+01  1.00000000e+02  1.79999830e+02
 1.07977516e+02  4.63856905e+01  1.07977516e+02  1.79999816e+02
 1.16591440e+02  4.63856905e+01  1.16591440e+02  1.79999802e+02
 1.25892541e+02  4.63856905e+01  1.25892541e+02  1.79999786e+02
 1.35935639e+02  4.63856906e+01  1.35935639e+02  1.79999769e+02
 1.46779927e+02  4.63856906e+01  1.46779927e+02  1.79999750e+02
 1.58489319e+02  4.63856906e+01  1.58489319e+02  1.79999730e+02
 1.71132830e+02  4.63856906e+01  1.71132830e+02  1.79999709e+02
 1.84784980e+02  4.63856906e+01  1.84784980e+02  1.79999686e+02
 1.99526231e+02  4.63856906e+01  1.99526231e+02  1.79999661e+02
 2.15443469e+02  4.63856906e+01  2.15443469e+02  1.79999634e+02
 2.32630507e+02  4.63856906e+01  2.32630507e+02  1.79999604e+02
 2.51188643e+02  4.63856906e+01  2.51188643e+02  1.79999573e+02
 2.71227258e+02  4.63856906e+01  2.71227258e+02  1.79999539e+02
 2.92864456e+02  4.63856906e+01  2.92864456e+02  1.79999502e+02
 3.16227766e+02  4.63856906e+01  3.16227766e+02  1.79999462e+02
 3.41454887e+02  4.63856906e+01  3.41454887e+02  1.79999419e+02
 3.68694506e+02  4.63856906e+01  3.68694506e+02  1.79999373e+02
 3.98107171e+02  4.63856907e+01  3.98107171e+02  1.79999323e+02
 4.29866235e+02  4.63856907e+01  4.29866235e+02  1.79999269e+02
 4.64158883e+02  4.63856907e+01  4.64158883e+02  1.79999211e+02
 5.01187234e+02  4.63856907e+01  5.01187234e+02  1.79999148e+02
 5.41169527e+02  4.63856908e+01  5.41169527e+02  1.79999080e+02
 5.84341413e+02  4.63856908e+01  5.84341413e+02  1.79999006e+02
 6.30957344e+02  4.63856908e+01  6.30957344e+02  1.79998927e+02
 6.81292069e+02  4.63856909e+01  6.81292069e+02  1.79998841e+02
 7.35642254e+02  4.63856910e+01  7.35642254e+02  1.79998749e+02
 7.94328235e+02  4.63856910e+01  7.94328235e+02  1.79998649e+02
 8.57695899e+02  4.63856911e+01  8.57695899e+02  1.79998541e+02
 9.26118728e+02  4.63856912e+01  9.26118728e+02  1.79998425e+02
 1.00000000e+03  4.63856913e+01  1.00000000e+03  1.79998299e+02
 1.07977516e+03  4.63856914e+01  1.07977516e+03  1.79998164e+02
 1.16591440e+03  4.63856916e+01  1.16591440e+03  1.79998017e+02
 1.25892541e+03  4.63856918e+01  1.25892541e+03  1.79997859e+02
 1.35935639e+03  4.63856920e+01  1.35935639e+03  1.79997688e+02
 1.46779927e+03  4.63856922e+01  1.46779927e+03  1.79997504e+02
 1.58489319e+03  4.63856925e+01  1.58489319e+03  1.79997305e+02
 1.71132830e+03  4.63856928e+01  1.71132830e+03  1.79997090e+02
 1.84784980e+03  4.63856932e+01  1.84784980e+03  1.79996857e+02
 1.99526231e+03  4.63856936e+01  1.99526231e+03  1.79996607e+02
 2.15443469e+03  4.63856941e+01  2.15443469e+03  1.79996336e+02
 2.32630507e+03  4.63856947e+01  2.32630507e+03  1.79996044e+02
 2.51188643e+03  4.63856954e+01  2.51188643e+03  1.79995728e+02
 2.71227258e+03  4.63856962e+01  2.71227258e+03  1.79995387e+02
 2.92864456e+03  4.63856972e+01  2.92864456e+03  1.79995019e+02
 3.16227766e+03  4.63856983e+01  3.16227766e+03  1.79994622e+02
 3.41454887e+03  4.63856996e+01  3.41454887e+03  1.79994193e+02
 3.68694506e+03  4.63857011e+01  3.68694506e+03  1.79993730e+02
 3.98107171e+03  4.63857028e+01  3.98107171e+03  1.79993229e+02
 4.29866235e+03  4.63857049e+01  4.29866235e+03  1.79992689e+02
 4.64158883e+03  4.63857073e+01  4.64158883e+03  1.79992106e+02
 5.01187234e+03  4.63857100e+01  5.01187234e+03  1.79991476e+02
 5.41169527e+03  4.63857134e+01  5.41169527e+03  1.79990796e+02
 5.84341413e+03  4.63857170e+01  5.84341413e+03  1.79990062e+02
 6.30957344e+03  4.63857216e+01  6.30957344e+03  1.79989269e+02
 6.81292069e+03  4.63857265e+01  6.81292069e+03  1.79988413e+02
 7.35642254e+03  4.63857321e+01  7.35642254e+03  1.79987489e+02
 7.94328235e+03  4.63857387e+01  7.94328235e+03  1.79986491e+02
 8.57695899e+03  4.63857475e+01  8.57695899e+03  1.79985413e+02
 9.26118728e+03  4.63857569e+01  9.26118728e+03  1.79984249e+02
 1.00000000e+04  4.63857685e+01  1.00000000e+04  1.79982993e+02
 1.07977516e+04  4.63857814e+01  1.07977516e+04  1.79981636e+02
 1.16591440e+04  4.63857965e+01  1.16591440e+04  1.79980171e+02
 1.25892541e+04  4.63858132e+01  1.25892541e+04  1.79978589e+02
 1.35935639e+04  4.63858346e+01  1.35935639e+04  1.79976881e+02
 1.46779927e+04  4.63858585e+01  1.46779927e+04  1.79975036e+02
 1.58489319e+04  4.63858850e+01  1.58489319e+04  1.79973045e+02
 1.71132830e+04  4.63859172e+01  1.71132830e+04  1.79970894e+02
 1.84784980e+04  4.63859529e+01  1.84784980e+04  1.79968572e+02
 1.99526231e+04  4.63859987e+01  1.99526231e+04  1.79966065e+02
 2.15443469e+04  4.63860525e+01  2.15443469e+04  1.79963357e+02
 2.32630507e+04  4.63861095e+01  2.32630507e+04  1.79960433e+02
 2.51188643e+04  4.63861825e+01  2.51188643e+04  1.79957276e+02
 2.71227258e+04  4.63862683e+01  2.71227258e+04  1.79953866e+02
 2.92864456e+04  4.63863593e+01  2.92864456e+04  1.79950186e+02
 3.16227766e+04  4.63864647e+01  3.16227766e+04  1.79946211e+02
 3.41454887e+04  4.63865931e+01  3.41454887e+04  1.79941919e+02
 3.68694506e+04  4.63867429e+01  3.68694506e+04  1.79937283e+02
 3.98107171e+04  4.63869175e+01  3.98107171e+04  1.79932278e+02
 4.29866235e+04  4.63871211e+01  4.29866235e+04  1.79926872e+02
 4.64158883e+04  4.63873584e+01  4.64158883e+04  1.79921035e+02
 5.01187234e+04  4.63876352e+01  5.01187234e+04  1.79914731e+02
 5.41169527e+04  4.63879414e+01  5.41169527e+04  1.79907923e+02
 5.84341413e+04  4.63883533e+01  5.84341413e+04  1.79900569e+02
 6.30957344e+04  4.63887728e+01  6.30957344e+04  1.79892628e+02
 6.81292069e+04  4.63892843e+01  6.81292069e+04  1.79884051e+02
 7.35642254e+04  4.63898503e+01  7.35642254e+04  1.79874788e+02
 7.94328235e+04  4.63905762e+01  7.94328235e+04  1.79864779e+02
 8.57695899e+04  4.63913869e+01  8.57695899e+04  1.79853969e+02
 9.26118728e+04  4.63923324e+01  9.26118728e+04  1.79842290e+02
 1.00000000e+05  4.63934348e+01  1.00000000e+05  1.79829672e+02
 1.07977516e+05  4.63947204e+01  1.07977516e+05  1.79816037e+02
 1.16591440e+05  4.63961432e+01  1.16591440e+05  1.79801304e+02
 1.25892541e+05  4.63979675e+01  1.25892541e+05  1.79785378e+02
 1.35935639e+05  4.64001098e+01  1.35935639e+05  1.79768159e+02
 1.46779927e+05  4.64025045e+01  1.46779927e+05  1.79749546e+02
 1.58489319e+05  4.64051565e+01  1.58489319e+05  1.79729425e+02
 1.71132830e+05  4.64083897e+01  1.71132830e+05  1.79707655e+02
 1.84784980e+05  4.64121616e+01  1.84784980e+05  1.79684099e+02
 1.99526231e+05  4.64163377e+01  1.99526231e+05  1.79658602e+02
 2.15443469e+05  4.64216935e+01  2.15443469e+05  1.79630997e+02
 2.32630507e+05  4.64279850e+01  2.32630507e+05  1.79601075e+02
 2.51188643e+05  4.64339590e+01  2.51188643e+05  1.79568644e+02
 2.71227258e+05  4.64432328e+01  2.71227258e+05  1.79533500e+02
 2.92864456e+05  4.64518522e+01  2.92864456e+05  1.79495365e+02
 3.16227766e+05  4.64628783e+01  3.16227766e+05  1.79453921e+02
 3.41454887e+05  4.64757512e+01  3.41454887e+05  1.79408858e+02
 3.68694506e+05  4.64923111e+01  3.68694506e+05  1.79359770e+02
 3.98107171e+05  4.65092317e+01  3.98107171e+05  1.79306373e+02
 4.29866235e+05  4.65309358e+01  4.29866235e+05  1.79247929e+02
 4.64158883e+05  4.65540526e+01  4.64158883e+05  1.79184212e+02
 5.01187234e+05  4.65837105e+01  5.01187234e+05  1.79114152e+02
 5.41169527e+05  4.66136990e+01  5.41169527e+05  1.79037427e+02
 5.84341413e+05  4.66540300e+01  5.84341413e+05  1.78952936e+02
 6.30957344e+05  4.66971092e+01  6.30957344e+05  1.78859384e+02
 6.81292069e+05  4.67524781e+01  6.81292069e+05  1.78755926e+02
 7.35642254e+05  4.68178618e+01  7.35642254e+05  1.78640163e+02
 7.94328235e+05  4.68880743e+01  7.94328235e+05  1.78511602e+02
 8.57695899e+05  4.69783723e+01  8.57695899e+05  1.78365807e+02
 9.26118728e+05  4.70757755e+01  9.26118728e+05  1.78202282e+02
 1.00000000e+06  4.72012437e+01  1.00000000e+06  1.78013969e+02
 1.07977516e+06  4.73374377e+01  1.07977516e+06  1.77799908e+02
 1.16591440e+06  4.75056654e+01  1.16591440e+06  1.77550264e+02
 1.25892541e+06  4.76969878e+01  1.25892541e+06  1.77256475e+02
 1.35935639e+06  4.79451049e+01  1.35935639e+06  1.76909743e+02
 1.46779927e+06  4.82323265e+01  1.46779927e+06  1.76490760e+02
 1.58489319e+06  4.85932389e+01  1.58489319e+06  1.75972702e+02
 1.71132830e+06  4.90010182e+01  1.71132830e+06  1.75335188e+02
 1.84784980e+06  4.95188881e+01  1.84784980e+06  1.74512624e+02
 1.99526231e+06  5.01396062e+01  1.99526231e+06  1.73423745e+02
 2.15443469e+06  5.09984638e+01  2.15443469e+06  1.71926564e+02
 2.32630507e+06  5.20145134e+01  2.32630507e+06  1.69795739e+02
 2.51188643e+06  5.33883993e+01  2.51188643e+06  1.66491578e+02
 2.71227258e+06  5.52583273e+01  2.71227258e+06  1.60871603e+02
 2.92864456e+06  5.78649384e+01  2.92864456e+06  1.49802011e+02
 3.16227766e+06  6.10136360e+01  3.16227766e+06  1.23780235e+02
 3.41454887e+06  6.11066524e+01  3.41454887e+06  7.51419460e+01
 3.68694506e+06  5.68263434e+01  3.68694506e+06  4.27373719e+01
 3.98107171e+06  5.26548216e+01  3.98107171e+06  2.92464298e+01
 4.29866235e+06  4.92735237e+01  4.29866235e+06  2.28055936e+01
 4.64158883e+06  4.65628528e+01  4.64158883e+06  1.91927400e+01
 5.01187234e+06  4.38373323e+01  5.01187234e+06  1.69876452e+01
 5.41169527e+06  4.19271972e+01  5.41169527e+06  1.56756390e+01
 5.84341413e+06  3.97297433e+01  5.84341413e+06  1.49574121e+01
 6.30957344e+06  3.76007644e+01  6.30957344e+06  1.42594281e+01
 6.81292069e+06  3.62807173e+01  6.81292069e+06  1.40431576e+01
 7.35642254e+06  3.42949888e+01  7.35642254e+06  1.42702657e+01
 7.94328235e+06  3.26259196e+01  7.94328235e+06  1.44386001e+01
 8.57695899e+06  3.10020363e+01  8.57695899e+06  1.47612500e+01
 9.26118728e+06  2.94131280e+01  9.26118728e+06  1.52288059e+01
 1.00000000e+07  2.72636377e+01  1.00000000e+07  1.49799999e+01
 1.07977516e+07  2.69435327e+01  1.07977516e+07  1.56041271e+01
 1.16591440e+07  2.47733309e+01  1.16591440e+07  1.74827179e+01
 1.25892541e+07  2.32485360e+01  1.25892541e+07  1.85356626e+01
 1.35935639e+07  2.17241158e+01  1.35935639e+07  1.97653596e+01
 1.46779927e+07  1.88556866e+01  1.46779927e+07  1.84314852e+01
 1.58489319e+07  1.70645187e+01  1.58489319e+07  1.93241828e+01
 1.71132830e+07  1.71171460e+01  1.71132830e+07  2.47415590e+01
 1.84784980e+07  1.32476173e+01  1.84784980e+07  2.12238815e+01
 1.99526231e+07  1.60283027e+01  1.99526231e+07  2.31757448e+01
 2.15443469e+07  8.92609143e+00  2.15443469e+07  2.30306875e+01
 2.32630507e+07  1.07204488e+01  2.32630507e+07  3.62593874e+01
 2.51188643e+07  9.05428963e+00  2.51188643e+07  4.06431813e+01
 2.71227258e+07  7.36881853e+00  2.71227258e+07  4.59245568e+01
 2.92864456e+07  5.68899092e+00  2.92864456e+07  5.23309396e+01
 3.16227766e+07  4.03944248e+00  3.16227766e+07  6.03747161e+01
 3.41454887e+07  7.07724049e+00  3.41454887e+07  3.49309385e+01
 3.68694506e+07  5.81721447e+00  3.68694506e+07  3.71665195e+01
 3.98107171e+07  1.96712849e-01  3.98107171e+07  9.38943370e+01
 4.29866235e+07  -3.95542155e-01  4.29866235e+07  1.06772125e+02
 4.64158883e+07  -3.81869954e+00  4.64158883e+07  2.35951186e+02
 5.01187234e+07  -4.30360752e-01  5.01187234e+07  1.30110198e+02
 5.41169527e+07  -1.25916375e-01  5.41169527e+07  1.39412656e+02
 5.84341413e+07  -1.46025443e+00  5.84341413e+07  5.67543253e+01
 6.30957344e+07  6.44223166e-01  6.30957344e+07  1.53603985e+02
 6.81292069e+07  -3.56261623e+00  6.81292069e+07  6.64057352e+01
 7.35642254e+07  -1.58222368e+00  7.35642254e+07  2.45316343e+02
 7.94328235e+07  1.84867396e+00  7.94328235e+07  1.67672815e+02
 8.57695899e+07  2.16789834e+00  8.57695899e+07  1.71189794e+02
 9.26118728e+07  -6.53717185e+00  9.26118728e+07  8.90837645e+01
 1.00000000e+08  -2.43867254e+00  1.00000000e+08  2.52913667e+02
 1.07977516e+08  3.31263004e+00  1.07977516e+08  1.79507549e+02
 1.16591440e+08  3.52640997e+00  1.16591440e+08  1.81724474e+02
 1.25892541e+08  3.87614667e+00  1.25892541e+08  1.83704732e+02
 1.35935639e+08  4.13513692e+00  1.35935639e+08  1.85438036e+02
 1.46779927e+08  4.56817598e+00  1.46779927e+08  1.86769209e+02
 1.58489319e+08  4.92134155e+00  1.58489319e+08  1.87889830e+02
 1.71132830e+08  5.32173516e+00  1.71132830e+08  1.88787918e+02
 1.84784980e+08  5.48231519e+00  1.84784980e+08  1.89309609e+02
 1.99526231e+08  6.04819679e+00  1.99526231e+08  1.89527804e+02
 2.15443469e+08  6.15476578e+00  2.15443469e+08  1.89598006e+02
 2.32630507e+08  -7.01431815e+00  2.32630507e+08  2.65189671e+02
 2.51188643e+08  6.72426367e+00  2.51188643e+08  1.88810354e+02
 2.71227258e+08  -9.14042341e+00  2.71227258e+08  1.11797956e+02
 2.92864456e+08  -9.49720089e+00  2.92864456e+08  1.10808974e+02
 3.16227766e+08  -9.35365797e+00  3.16227766e+08  2.63401716e+02
 3.41454887e+08  8.08844175e+00  3.41454887e+08  1.85603413e+02
 3.68694506e+08  -1.06877755e+01  3.68694506e+08  2.63539655e+02
 3.98107171e+08  7.71310980e+00  3.98107171e+08  1.83988872e+02
 4.29866235e+08  7.10868591e+00  4.29866235e+08  1.83444922e+02
 4.64158883e+08  -1.24378031e+01  4.64158883e+08  1.01635170e+02
 5.01187234e+08  -1.36336208e+01  5.01187234e+08  2.62846228e+02
 5.41169527e+08  9.25519883e+00  5.41169527e+08  1.81365131e+02
 5.84341413e+08  -1.42346748e+01  5.84341413e+08  9.85650183e+01
 6.30957344e+08  7.70351565e+00  6.30957344e+08  1.80591428e+02
 6.81292069e+08  -1.54810680e+01  6.81292069e+08  9.79790319e+01
 7.35642254e+08  9.16489567e+00  7.35642254e+08  1.80193187e+02
 7.94328235e+08  9.13645757e+00  7.94328235e+08  1.79620403e+02
 8.57695899e+08  -1.89476943e+01  8.57695899e+08  2.65473024e+02
 9.26118728e+08  5.46739255e+00  9.26118728e+08  1.78674596e+02
 1.00000000e+09  7.29136609e+00  1.00000000e+09  1.80095796e+02
