 1.00000000e+00  4.63856905e+01  1.00000000e+00  1.79999998e+02
 1.07977516e+00  4.63856905e+01  1.07977516e+00  1.79999998e+02
 1.16591440e+00  4.63856905e+01  1.16591440e+00  1.79999998e+02
 1.25892541e+00  4.63856905e+01  1.25892541e+00  1.79999998e+02
 1.35935639e+00  4.63856905e+01  1.35935639e+00  1.79999998e+02
 1.46779927e+00  4.63856905e+01  1.46779927e+00  1.79999998e+02
 1.58489319e+00  4.63856905e+01  1.58489319e+00  1.79999997e+02
 1.71132830e+00  4.63856905e+01  1.71132830e+00  1.79999997e+02
 1.84784980e+00  4.63856905e+01  1.84784980e+00  1.79999997e+02
 1.99526231e+00  4.63856905e+01  1.99526231e+00  1.79999997e+02
 2.15443469e+00  4.63856905e+01  2.15443469e+00  1.79999997e+02
 2.32630507e+00  4.63856905e+01  2.32630507e+00  1.79999996e+02
 2.51188643e+00  4.63856905e+01  2.51188643e+00  1.79999996e+02
 2.71227258e+00  4.63856905e+01  2.71227258e+00  1.79999996e+02
 2.92864456e+00  4.63856905e+01  2.92864456e+00  1.79999995e+02
 3.16227766e+00  4.63856905e+01  3.16227766e+00  1.79999995e+02
 3.41454887e+00  4.63856905e+01  3.41454887e+00  1.79999995e+02
 3.68694506e+00  4.63856905e+01  3.68694506e+00  1.79999994e+02
 3.98107171e+00  4.63856905e+01  3.98107171e+00  1.79999994e+02
 4.29866235e+00  4.63856905e+01  4.29866235e+00  1.79999993e+02
 4.64158883e+00  4.63856905e+01  4.64158883e+00  1.79999993e+02
 5.01187234e+00  4.63856905e+01  5.01187234e+00  1.79999992e+02
 5.41169527e+00  4.63856905e+01  5.41169527e+00  1.79999991e+02
 5.84341413e+00  4.63856905e+01  5.84341413e+00  1.79999991e+02
 6.30957344e+00  4.63856905e+01  6.30957344e+00  1.79999990e+02
 6.81292069e+00  4.63856905e+01  6.81292069e+00  1.79999989e+02
 7.35642254e+00  4.63856905e+01  7.35642254e+00  1.79999988e+02
 7.94328235e+00  4.63856905e+01  7.94328235e+00  1.79999987e+02
 8.57695899e+00  4.63856905e+01  8.57695899e+00  1.79999986e+02
 9.26118728e+00  4.63856905e+01  9.26118728e+00  1.79999985e+02
 1.00000000e+01  4.63856905e+01  1.00000000e+01  1.79999984e+02
 1.07977516e+01  4.63856905e+01  1.07977516e+01  1.79999983e+02
 1.16591440e+01  4.63856905e+01  1.16591440e+01  1.79999981e+02
 1.25892541e+01  4.63856905e+01  1.25892541e+01  1.79999980e+02
 1.35935639e+01  4.63856905e+01  1.35935639e+01  1.79999978e+02
 1.46779927e+01  4.63856905e+01  1.46779927e+01  1.79999977e+02
 1.58489319e+01  4.63856905e+01  1.58489319e+01  1.79999975e+02
 1.71132830e+01  4.63856905e+01  1.71132830e+01  1.79999973e+02
 1.84784980e+01  4.63856905e+01  1.84784980e+01  1.79999970e+02
 1.99526231e+01  4.63856905e+01  1.99526231e+01  1.79999968e+02
 2.15443469e+01  4.63856905e+01  2.15443469e+01  1.79999966e+02
 2.32630507e+01  4.63856905e+01  2.32630507e+01  1.79999963e+02
 2.51188643e+01  4.63856905e+01  2.51188643e+01  1.79999960e+02
 2.71227258e+01  4.63856905e+01  2.71227258e+01  1.79999957e+02
 2.92864456e+01  4.63856905e+01  2.92864456e+01  1.79999953e+02
 3.16227766e+01  4.63856905e+01  3.16227766e+01  1.79999949e+02
 3.41454887e+01  4.63856905e+01  3.41454887e+01  1.79999945e+02
 3.68694506e+01  4.63856905e+01  3.68694506e+01  1.79999941e+02
 3.98107171e+01  4.63856905e+01  3.98107171e+01  1.79999936e+02
 4.29866235e+01  4.63856905e+01  4.29866235e+01  1.79999931e+02
 4.64158883e+01  4.63856905e+01  4.64158883e+01  1.79999926e+02
 5.01187234e+01  4.63856905e+01  5.01187234e+01  1.79999920e+02
 5.41169527e+01  4.63856906e+01  5.41169527e+01  1.79999914e+02
 5.84341413e+01  4.63856906e+01  5.84341413e+01  1.79999907e+02
 6.30957344e+01  4.63856906e+01  6.30957344e+01  1.79999899e+02
 6.81292069e+01  4.63856906e+01  6.81292069e+01  1.79999891e+02
 7.35642254e+01  4.63856906e+01  7.35642254e+01  1.79999883e+02
 7.94328235e+01  4.63856906e+01  7.94328235e+01  1.79999873e+02
 8.57695899e+01  4.63856906e+01  8.57695899e+01  1.79999863e+02
 9.26118728e+01  4.63856906e+01  9.26118728e+01  1.79999852e+02
 1.00000000e+02  4.63856906e+01  1.00000000e+02  1.79999840e+02
 1.07977516e+02  4.63856906e+01  1.07977516e+02  1.79999828e+02
 1.16591440e+02  4.63856906e+01  1.16591440e+02  1.79999814e+02
 1.25892541e+02  4.63856906e+01  1.25892541e+02  1.79999799e+02
 1.35935639e+02  4.63856906e+01  1.35935639e+02  1.79999783e+02
 1.46779927e+02  4.63856906e+01  1.46779927e+02  1.79999766e+02
 1.58489319e+02  4.63856906e+01  1.58489319e+02  1.79999747e+02
 1.71132830e+02  4.63856906e+01  1.71132830e+02  1.79999727e+02
 1.84784980e+02  4.63856906e+01  1.84784980e+02  1.79999705e+02
 1.99526231e+02  4.63856906e+01  1.99526231e+02  1.79999681e+02
 2.15443469e+02  4.63856906e+01  2.15443469e+02  1.79999656e+02
 2.32630507e+02  4.63856906e+01  2.32630507e+02  1.79999628e+02
 2.51188643e+02  4.63856906e+01  2.51188643e+02  1.79999599e+02
 2.71227258e+02  4.63856906e+01  2.71227258e+02  1.79999567e+02
 2.92864456e+02  4.63856906e+01  2.92864456e+02  1.79999532e+02
 3.16227766e+02  4.63856906e+01  3.16227766e+02  1.79999495e+02
 3.41454887e+02  4.63856906e+01  3.41454887e+02  1.79999455e+02
 3.68694506e+02  4.63856907e+01  3.68694506e+02  1.79999411e+02
 3.98107171e+02  4.63856907e+01  3.98107171e+02  1.79999364e+02
 4.29866235e+02  4.63856907e+01  4.29866235e+02  1.79999313e+02
 4.64158883e+02  4.63856907e+01  4.64158883e+02  1.79999259e+02
 5.01187234e+02  4.63856907e+01  5.01187234e+02  1.79999200e+02
 5.41169527e+02  4.63856908e+01  5.41169527e+02  1.79999136e+02
 5.84341413e+02  4.63856908e+01  5.84341413e+02  1.79999067e+02
 6.30957344e+02  4.63856909e+01  6.30957344e+02  1.79998992e+02
 6.81292069e+02  4.63856909e+01  6.81292069e+02  1.79998912e+02
 7.35642254e+02  4.63856910e+01  7.35642254e+02  1.79998825e+02
 7.94328235e+02  4.63856910e+01  7.94328235e+02  1.79998731e+02
 8.57695899e+02  4.63856911e+01  8.57695899e+02  1.79998630e+02
 9.26118728e+02  4.63856912e+01  9.26118728e+02  1.79998521e+02
 1.00000000e+03  4.63856913e+01  1.00000000e+03  1.79998403e+02
 1.07977516e+03  4.63856915e+01  1.07977516e+03  1.79998276e+02
 1.16591440e+03  4.63856916e+01  1.16591440e+03  1.79998138e+02
 1.25892541e+03  4.63856918e+01  1.25892541e+03  1.79997989e+02
 1.35935639e+03  4.63856920e+01  1.35935639e+03  1.79997829e+02
 1.46779927e+03  4.63856922e+01  1.46779927e+03  1.79997656e+02
 1.58489319e+03  4.63856925e+01  1.58489319e+03  1.79997469e+02
 1.71132830e+03  4.63856928e+01  1.71132830e+03  1.79997267e+02
 1.84784980e+03  4.63856932e+01  1.84784980e+03  1.79997049e+02
 1.99526231e+03  4.63856937e+01  1.99526231e+03  1.79996813e+02
 2.15443469e+03  4.63856942e+01  2.15443469e+03  1.79996559e+02
 2.32630507e+03  4.63856947e+01  2.32630507e+03  1.79996285e+02
 2.51188643e+03  4.63856955e+01  2.51188643e+03  1.79995988e+02
 2.71227258e+03  4.63856963e+01  2.71227258e+03  1.79995668e+02
 2.92864456e+03  4.63856972e+01  2.92864456e+03  1.79995323e+02
 3.16227766e+03  4.63856983e+01  3.16227766e+03  1.79994950e+02
 3.41454887e+03  4.63856996e+01  3.41454887e+03  1.79994547e+02
 3.68694506e+03  4.63857012e+01  3.68694506e+03  1.79994112e+02
 3.98107171e+03  4.63857028e+01  3.98107171e+03  1.79993642e+02
 4.29866235e+03  4.63857050e+01  4.29866235e+03  1.79993135e+02
 4.64158883e+03  4.63857073e+01  4.64158883e+03  1.79992587e+02
 5.01187234e+03  4.63857100e+01  5.01187234e+03  1.79991996e+02
 5.41169527e+03  4.63857135e+01  5.41169527e+03  1.79991357e+02
 5.84341413e+03  4.63857171e+01  5.84341413e+03  1.79990668e+02
 6.30957344e+03  4.63857217e+01  6.30957344e+03  1.79989923e+02
 6.81292069e+03  4.63857266e+01  6.81292069e+03  1.79989119e+02
 7.35642254e+03  4.63857329e+01  7.35642254e+03  1.79988251e+02
 7.94328235e+03  4.63857391e+01  7.94328235e+03  1.79987314e+02
 8.57695899e+03  4.63857476e+01  8.57695899e+03  1.79986302e+02
 9.26118728e+03  4.63857571e+01  9.26118728e+03  1.79985209e+02
 1.00000000e+04  4.63857694e+01  1.00000000e+04  1.79984029e+02
 1.07977516e+04  4.63857803e+01  1.07977516e+04  1.79982755e+02
 1.16591440e+04  4.63857961e+01  1.16591440e+04  1.79981379e+02
 1.25892541e+04  4.63858136e+01  1.25892541e+04  1.79979893e+02
 1.35935639e+04  4.63858340e+01  1.35935639e+04  1.79978289e+02
 1.46779927e+04  4.63858565e+01  1.46779927e+04  1.79976558e+02
 1.58489319e+04  4.63858855e+01  1.58489319e+04  1.79974687e+02
 1.71132830e+04  4.63859196e+01  1.71132830e+04  1.79972667e+02
 1.84784980e+04  4.63859515e+01  1.84784980e+04  1.79970487e+02
 1.99526231e+04  4.63859972e+01  1.99526231e+04  1.79968132e+02
 2.15443469e+04  4.63860564e+01  2.15443469e+04  1.79965589e+02
 2.32630507e+04  4.63861106e+01  2.32630507e+04  1.79962844e+02
 2.51188643e+04  4.63861803e+01  2.51188643e+04  1.79959879e+02
 2.71227258e+04  4.63862615e+01  2.71227258e+04  1.79956678e+02
 2.92864456e+04  4.63863563e+01  2.92864456e+04  1.79953221e+02
 3.16227766e+04  4.63864667e+01  3.16227766e+04  1.79949488e+02
 3.41454887e+04  4.63866025e+01  3.41454887e+04  1.79945456e+02
 3.68694506e+04  4.63867538e+01  3.68694506e+04  1.79941103e+02
 3.98107171e+04  4.63869208e+01  3.98107171e+04  1.79936403e+02
 4.29866235e+04  4.63871359e+01  4.29866235e+04  1.79931326e+02
 4.64158883e+04  4.63873629e+01  4.64158883e+04  1.79925844e+02
 5.01187234e+04  4.63876404e+01  5.01187234e+04  1.79919924e+02
 5.41169527e+04  4.63879465e+01  5.41169527e+04  1.79913531e+02
 5.84341413e+04  4.63883615e+01  5.84341413e+04  1.79906623e+02
 6.30957344e+04  4.63888048e+01  6.30957344e+04  1.79899165e+02
 6.81292069e+04  4.63893216e+01  6.81292069e+04  1.79891109e+02
 7.35642254e+04  4.63898919e+01  7.35642254e+04  1.79882409e+02
 7.94328235e+04  4.63906268e+01  7.94328235e+04  1.79873007e+02
 8.57695899e+04  4.63914022e+01  8.57695899e+04  1.79862855e+02
 9.26118728e+04  4.63923502e+01  9.26118728e+04  1.79851885e+02
 1.00000000e+05  4.63934556e+01  1.00000000e+05  1.79840032e+02
 1.07977516e+05  4.63947445e+01  1.07977516e+05  1.79827224e+02
 1.16591440e+05  4.63961667e+01  1.16591440e+05  1.79813383e+02
 1.25892541e+05  4.63980006e+01  1.25892541e+05  1.79798420e+02
 1.35935639e+05  4.64000445e+01  1.35935639e+05  1.79782245e+02
 1.46779927e+05  4.64024284e+01  1.46779927e+05  1.79764756e+02
 1.58489319e+05  4.64053580e+01  1.58489319e+05  1.79745833e+02
 1.71132830e+05  4.64084507e+01  1.71132830e+05  1.79725380e+02
 1.84784980e+05  4.64122326e+01  1.84784980e+05  1.79703237e+02
 1.99526231e+05  4.64164062e+01  1.99526231e+05  1.79679267e+02
 2.15443469e+05  4.64215130e+01  2.15443469e+05  1.79653307e+02
 2.32630507e+05  4.64277937e+01  2.32630507e+05  1.79625178e+02
 2.51188643e+05  4.64347983e+01  2.51188643e+05  1.79594683e+02
 2.71227258e+05  4.64429721e+01  2.71227258e+05  1.79561600e+02
 2.92864456e+05  4.64525123e+01  2.92864456e+05  1.79525683e+02
 3.16227766e+05  4.64636461e+01  3.16227766e+05  1.79486653e+02
 3.41454887e+05  4.64773423e+01  3.41454887e+05  1.79444132e+02
 3.68694506e+05  4.64926387e+01  3.68694506e+05  1.79397878e+02
 3.98107171e+05  4.65086183e+01  3.98107171e+05  1.79347522e+02
 4.29866235e+05  4.65291805e+01  4.29866235e+05  1.79292433e+02
 4.64158883e+05  4.65532171e+01  4.64158883e+05  1.79232143e+02
 5.01187234e+05  4.65828197e+01  5.01187234e+05  1.79166040e+02
 5.41169527e+05  4.66159509e+01  5.41169527e+05  1.79093345e+02
 5.84341413e+05  4.66567675e+01  5.84341413e+05  1.79012883e+02
 6.30957344e+05  4.66977979e+01  6.30957344e+05  1.78924471e+02
 6.81292069e+05  4.67534337e+01  6.81292069e+05  1.78826054e+02
 7.35642254e+05  4.68127164e+01  7.35642254e+05  1.78716167e+02
 7.94328235e+05  4.68893686e+01  7.94328235e+05  1.78593170e+02
 8.57695899e+05  4.69801300e+01  8.57695899e+05  1.78453493e+02
 9.26118728e+05  4.70775367e+01  9.26118728e+05  1.78297077e+02
 1.00000000e+06  4.71976805e+01  1.00000000e+06  1.78117227e+02
 1.07977516e+06  4.73398301e+01  1.07977516e+06  1.77909952e+02
 1.16591440e+06  4.75084274e+01  1.16591440e+06  1.77668766e+02
 1.25892541e+06  4.77091249e+01  1.25892541e+06  1.77385012e+02
 1.35935639e+06  4.79488691e+01  1.35935639e+06  1.77046949e+02
 1.46779927e+06  4.82366962e+01  1.46779927e+06  1.76638269e+02
 1.58489319e+06  4.85842099e+01  1.58489319e+06  1.76135752e+02
 1.71132830e+06  4.90069108e+01  1.71132830e+06  1.75505323e+02
 1.84784980e+06  4.95256735e+01  1.84784980e+06  1.74695114e+02
 1.99526231e+06  5.01698271e+01  1.99526231e+06  1.73622481e+02
 2.15443469e+06  5.09817199e+01  2.15443469e+06  1.72148130e+02
 2.32630507e+06  5.19930432e+01  2.32630507e+06  1.70019035e+02
 2.51188643e+06  5.34005968e+01  2.51188643e+06  1.66730026e+02
 2.71227258e+06  5.53149074e+01  2.71227258e+06  1.61088610e+02
 2.92864456e+06  5.78811110e+01  2.92864456e+06  1.50071705e+02
 3.16227766e+06  6.10832587e+01  3.16227766e+06  1.24064434e+02
 3.41454887e+06  6.12457501e+01  3.41454887e+06  7.54573225e+01
 3.68694506e+06  5.67746798e+01  3.68694506e+06  4.30001786e+01
 3.98107171e+06  5.26825070e+01  3.98107171e+06  2.95803024e+01
 4.29866235e+06  4.93051308e+01  4.29866235e+06  2.31546051e+01
 4.64158883e+06  4.67179328e+01  4.64158883e+06  1.92879335e+01
 5.01187234e+06  4.40187218e+01  5.01187234e+06  1.74879918e+01
 5.41169527e+06  4.21292460e+01  5.41169527e+06  1.56388160e+01
 5.84341413e+06  3.99753765e+01  5.84341413e+06  1.51608662e+01
 6.30957344e+06  3.78830825e+01  6.30957344e+06  1.48875351e+01
 6.81292069e+06  3.60857737e+01  6.81292069e+06  1.46789487e+01
 7.35642254e+06  3.40453034e+01  7.35642254e+06  1.44045301e+01
 7.94328235e+06  3.27019539e+01  7.94328235e+06  1.48374432e+01
 8.57695899e+06  3.14942774e+01  8.57695899e+06  1.45529751e+01
 9.26118728e+06  2.95029441e+01  9.26118728e+06  1.56064915e+01
 1.00000000e+07  2.73495525e+01  1.00000000e+07  1.54979967e+01
 1.07977516e+07  2.70446435e+01  1.07977516e+07  1.57708073e+01
 1.16591440e+07  2.56207398e+01  1.16591440e+07  1.63599850e+01
 1.25892541e+07  2.24001093e+01  1.25892541e+07  1.73467635e+01
 1.35935639e+07  2.18505044e+01  1.35935639e+07  1.99976661e+01
 1.46779927e+07  2.03313259e+01  1.46779927e+07  2.13742092e+01
 1.58489319e+07  1.88043066e+01  1.58489319e+07  2.29708367e+01
 1.71132830e+07  1.72636960e+01  1.71132830e+07  2.48177570e+01
 1.84784980e+07  1.34153335e+01  1.84784980e+07  2.17808095e+01
 1.99526231e+07  1.41277410e+01  1.99526231e+07  2.94750014e+01
 2.15443469e+07  9.13772968e+00  2.15443469e+07  2.36649800e+01
 2.32630507e+07  6.69422658e+00  2.32630507e+07  2.44215595e+01
 2.51188643e+07  3.93157183e+00  2.51188643e+07  2.48491614e+01
 2.71227258e+07  7.54831522e+00  2.71227258e+07  4.53207083e+01
 2.92864456e+07  -3.41096024e+00  2.92864456e+07  2.23665359e+01
 3.16227766e+07  -9.25878511e+00  3.16227766e+07  1.39576492e+01
 3.41454887e+07  2.63192340e+00  3.41454887e+07  6.86418693e+01
 3.68694506e+07  1.27296162e+00  3.68694506e+07  7.97782928e+01
 3.98107171e+07  2.46292364e-01  3.98107171e+07  9.23966006e+01
 4.29866235e+07  -5.67767574e+00  4.29866235e+07  2.36345641e+02
 4.64158883e+07  -4.03731261e+00  4.64158883e+07  2.35994046e+02
 5.01187234e+07  -3.00561449e+00  5.01187234e+07  2.36843834e+02
 5.41169527e+07  -2.43042888e-01  5.41169527e+07  1.38670731e+02
 5.84341413e+07  -1.48973582e+00  5.84341413e+07  5.61818174e+01
 6.30957344e+07  -2.59678321e+00  6.30957344e+07  6.08690250e+01
 6.81292069e+07  -1.63153139e+00  6.81292069e+07  -1.16697248e+02
 7.35642254e+07  1.41924747e+00  7.35642254e+07  -1.96514961e+02
 7.94328235e+07  -5.36086505e+00  7.94328235e+07  -2.82824041e+02
 8.57695899e+07  2.14085586e+00  8.57695899e+07  -1.88857874e+02
 9.26118728e+07  2.46227035e+00  9.26118728e+07  -1.85681229e+02
 1.00000000e+08  -2.48148703e+00  1.00000000e+08  -1.07022669e+02
 1.07977516e+08  -7.33613529e+00  1.07977516e+08  -2.60978604e+02
 1.16591440e+08  3.41117632e+00  1.16591440e+08  -1.78164111e+02
 1.25892541e+08  -3.52786623e+00  1.25892541e+08  -1.01708547e+02
 1.35935639e+08  -7.80907655e+00  1.35935639e+08  -2.49888982e+02
 1.46779927e+08  -4.33238300e+00  1.46779927e+08  -9.90469184e+01
 1.58489319e+08  4.74012474e+00  1.58489319e+08  -1.71950102e+02
 1.71132830e+08  5.11565349e+00  1.71132830e+08  -1.71103745e+02
 1.84784980e+08  -8.13529738e+00  1.84784980e+08  -2.44287800e+02
 1.99526231e+08  -6.07805889e+00  1.99526231e+08  -9.58683417e+01
 2.15443469e+08  -8.41909522e+00  2.15443469e+08  -2.44226187e+02
 2.32630507e+08  6.24323100e+00  2.32630507e+08  -1.70550533e+02
 2.51188643e+08  -7.58217022e+00  2.51188643e+08  -9.57360200e+01
 2.71227258e+08  -9.15397009e+00  2.71227258e+08  -2.47530549e+02
 2.92864456e+08  -9.49492583e+00  2.92864456e+08  -2.49145164e+02
 3.16227766e+08  -9.88745579e+00  3.16227766e+08  -2.50554180e+02
 3.41454887e+08  -9.99827733e+00  3.41454887e+08  -9.60853622e+01
 3.68694506e+08  -1.06964984e+01  3.68694506e+08  -9.65170877e+01
 3.98107171e+08  7.72322394e+00  3.98107171e+08  -1.75802985e+02
 4.29866235e+08  8.48777073e+00  4.29866235e+08  -1.76541352e+02
 4.64158883e+08  -1.28758766e+01  4.64158883e+08  -9.73798797e+01
 5.01187234e+08  7.52995354e+00  5.01187234e+08  -1.77741723e+02
 5.41169527e+08  6.99035596e+00  5.41169527e+08  -1.78351836e+02
 5.84341413e+08  -2.16061182e+01  5.84341413e+08  -9.81535477e+01
 6.30957344e+08  1.13715705e+01  6.30957344e+08  -1.79734434e+02
 6.81292069e+08  3.80735111e+00  6.81292069e+08  -1.79307443e+02
 7.35642254e+08  -2.14905976e+01  7.35642254e+08  -2.64701421e+02
 7.94328235e+08  4.82115438e+00  7.94328235e+08  -1.80018742e+02
 8.57695899e+08  -1.89365527e+01  8.57695899e+08  -9.45264808e+01
 9.26118728e+08  5.45189115e+00  9.26118728e+08  -1.80259506e+02
 1.00000000e+09  7.29140440e+00  1.00000000e+09  -1.79891146e+02
