 1.00000000e+00  4.75977496e+01  1.00000000e+00  1.79999998e+02
 1.07977516e+00  4.75977496e+01  1.07977516e+00  1.79999998e+02
 1.16591440e+00  4.75977496e+01  1.16591440e+00  1.79999997e+02
 1.25892541e+00  4.75977496e+01  1.25892541e+00  1.79999997e+02
 1.35935639e+00  4.75977496e+01  1.35935639e+00  1.79999997e+02
 1.46779927e+00  4.75977496e+01  1.46779927e+00  1.79999997e+02
 1.58489319e+00  4.75977496e+01  1.58489319e+00  1.79999997e+02
 1.71132830e+00  4.75977496e+01  1.71132830e+00  1.79999996e+02
 1.84784980e+00  4.75977496e+01  1.84784980e+00  1.79999996e+02
 1.99526231e+00  4.75977496e+01  1.99526231e+00  1.79999996e+02
 2.15443469e+00  4.75977496e+01  2.15443469e+00  1.79999995e+02
 2.32630507e+00  4.75977496e+01  2.32630507e+00  1.79999995e+02
 2.51188643e+00  4.75977496e+01  2.51188643e+00  1.79999995e+02
 2.71227258e+00  4.75977496e+01  2.71227258e+00  1.79999994e+02
 2.92864456e+00  4.75977496e+01  2.92864456e+00  1.79999994e+02
 3.16227766e+00  4.75977496e+01  3.16227766e+00  1.79999993e+02
 3.41454887e+00  4.75977496e+01  3.41454887e+00  1.79999993e+02
 3.68694506e+00  4.75977496e+01  3.68694506e+00  1.79999992e+02
 3.98107171e+00  4.75977496e+01  3.98107171e+00  1.79999991e+02
 4.29866235e+00  4.75977496e+01  4.29866235e+00  1.79999991e+02
 4.64158883e+00  4.75977496e+01  4.64158883e+00  1.79999990e+02
 5.01187234e+00  4.75977496e+01  5.01187234e+00  1.79999989e+02
 5.41169527e+00  4.75977496e+01  5.41169527e+00  1.79999988e+02
 5.84341413e+00  4.75977496e+01  5.84341413e+00  1.79999987e+02
 6.30957344e+00  4.75977496e+01  6.30957344e+00  1.79999986e+02
 6.81292069e+00  4.75977496e+01  6.81292069e+00  1.79999985e+02
 7.35642254e+00  4.75977496e+01  7.35642254e+00  1.79999984e+02
 7.94328235e+00  4.75977496e+01  7.94328235e+00  1.79999983e+02
 8.57695899e+00  4.75977496e+01  8.57695899e+00  1.79999981e+02
 9.26118728e+00  4.75977496e+01  9.26118728e+00  1.79999980e+02
 1.00000000e+01  4.75977496e+01  1.00000000e+01  1.79999978e+02
 1.07977516e+01  4.75977496e+01  1.07977516e+01  1.79999976e+02
 1.16591440e+01  4.75977496e+01  1.16591440e+01  1.79999975e+02
 1.25892541e+01  4.75977496e+01  1.25892541e+01  1.79999973e+02
 1.35935639e+01  4.75977496e+01  1.35935639e+01  1.79999970e+02
 1.46779927e+01  4.75977496e+01  1.46779927e+01  1.79999968e+02
 1.58489319e+01  4.75977496e+01  1.58489319e+01  1.79999965e+02
 1.71132830e+01  4.75977496e+01  1.71132830e+01  1.79999963e+02
 1.84784980e+01  4.75977496e+01  1.84784980e+01  1.79999960e+02
 1.99526231e+01  4.75977496e+01  1.99526231e+01  1.79999957e+02
 2.15443469e+01  4.75977496e+01  2.15443469e+01  1.79999953e+02
 2.32630507e+01  4.75977496e+01  2.32630507e+01  1.79999949e+02
 2.51188643e+01  4.75977496e+01  2.51188643e+01  1.79999945e+02
 2.71227258e+01  4.75977496e+01  2.71227258e+01  1.79999941e+02
 2.92864456e+01  4.75977496e+01  2.92864456e+01  1.79999936e+02
 3.16227766e+01  4.75977496e+01  3.16227766e+01  1.79999931e+02
 3.41454887e+01  4.75977496e+01  3.41454887e+01  1.79999926e+02
 3.68694506e+01  4.75977496e+01  3.68694506e+01  1.79999920e+02
 3.98107171e+01  4.75977496e+01  3.98107171e+01  1.79999913e+02
 4.29866235e+01  4.75977496e+01  4.29866235e+01  1.79999906e+02
 4.64158883e+01  4.75977496e+01  4.64158883e+01  1.79999899e+02
 5.01187234e+01  4.75977496e+01  5.01187234e+01  1.79999891e+02
 5.41169527e+01  4.75977496e+01  5.41169527e+01  1.79999882e+02
 5.84341413e+01  4.75977496e+01  5.84341413e+01  1.79999873e+02
 6.30957344e+01  4.75977496e+01  6.30957344e+01  1.79999862e+02
 6.81292069e+01  4.75977496e+01  6.81292069e+01  1.79999851e+02
 7.35642254e+01  4.75977496e+01  7.35642254e+01  1.79999840e+02
 7.94328235e+01  4.75977496e+01  7.94328235e+01  1.79999827e+02
 8.57695899e+01  4.75977496e+01  8.57695899e+01  1.79999813e+02
 9.26118728e+01  4.75977496e+01  9.26118728e+01  1.79999798e+02
 1.00000000e+02  4.75977496e+01  1.00000000e+02  1.79999782e+02
 1.07977516e+02  4.75977496e+01  1.07977516e+02  1.79999765e+02
 1.16591440e+02  4.75977496e+01  1.16591440e+02  1.79999746e+02
 1.25892541e+02  4.75977496e+01  1.25892541e+02  1.79999726e+02
 1.35935639e+02  4.75977496e+01  1.35935639e+02  1.79999704e+02
 1.46779927e+02  4.75977496e+01  1.46779927e+02  1.79999680e+02
 1.58489319e+02  4.75977496e+01  1.58489319e+02  1.79999655e+02
 1.71132830e+02  4.75977496e+01  1.71132830e+02  1.79999627e+02
 1.84784980e+02  4.75977496e+01  1.84784980e+02  1.79999597e+02
 1.99526231e+02  4.75977496e+01  1.99526231e+02  1.79999565e+02
 2.15443469e+02  4.75977496e+01  2.15443469e+02  1.79999530e+02
 2.32630507e+02  4.75977496e+01  2.32630507e+02  1.79999493e+02
 2.51188643e+02  4.75977496e+01  2.51188643e+02  1.79999452e+02
 2.71227258e+02  4.75977497e+01  2.71227258e+02  1.79999409e+02
 2.92864456e+02  4.75977497e+01  2.92864456e+02  1.79999362e+02
 3.16227766e+02  4.75977497e+01  3.16227766e+02  1.79999311e+02
 3.41454887e+02  4.75977497e+01  3.41454887e+02  1.79999256e+02
 3.68694506e+02  4.75977497e+01  3.68694506e+02  1.79999196e+02
 3.98107171e+02  4.75977497e+01  3.98107171e+02  1.79999132e+02
 4.29866235e+02  4.75977497e+01  4.29866235e+02  1.79999063e+02
 4.64158883e+02  4.75977498e+01  4.64158883e+02  1.79998988e+02
 5.01187234e+02  4.75977498e+01  5.01187234e+02  1.79998908e+02
 5.41169527e+02  4.75977498e+01  5.41169527e+02  1.79998820e+02
 5.84341413e+02  4.75977499e+01  5.84341413e+02  1.79998726e+02
 6.30957344e+02  4.75977499e+01  6.30957344e+02  1.79998625e+02
 6.81292069e+02  4.75977500e+01  6.81292069e+02  1.79998515e+02
 7.35642254e+02  4.75977500e+01  7.35642254e+02  1.79998397e+02
 7.94328235e+02  4.75977501e+01  7.94328235e+02  1.79998269e+02
 8.57695899e+02  4.75977502e+01  8.57695899e+02  1.79998130e+02
 9.26118728e+02  4.75977503e+01  9.26118728e+02  1.79997981e+02
 1.00000000e+03  4.75977504e+01  1.00000000e+03  1.79997820e+02
 1.07977516e+03  4.75977505e+01  1.07977516e+03  1.79997646e+02
 1.16591440e+03  4.75977507e+01  1.16591440e+03  1.79997459e+02
 1.25892541e+03  4.75977509e+01  1.25892541e+03  1.79997256e+02
 1.35935639e+03  4.75977511e+01  1.35935639e+03  1.79997037e+02
 1.46779927e+03  4.75977513e+01  1.46779927e+03  1.79996801e+02
 1.58489319e+03  4.75977516e+01  1.58489319e+03  1.79996545e+02
 1.71132830e+03  4.75977520e+01  1.71132830e+03  1.79996270e+02
 1.84784980e+03  4.75977524e+01  1.84784980e+03  1.79995972e+02
 1.99526231e+03  4.75977528e+01  1.99526231e+03  1.79995651e+02
 2.15443469e+03  4.75977534e+01  2.15443469e+03  1.79995304e+02
 2.32630507e+03  4.75977540e+01  2.32630507e+03  1.79994929e+02
 2.51188643e+03  4.75977547e+01  2.51188643e+03  1.79994525e+02
 2.71227258e+03  4.75977556e+01  2.71227258e+03  1.79994088e+02
 2.92864456e+03  4.75977566e+01  2.92864456e+03  1.79993616e+02
 3.16227766e+03  4.75977577e+01  3.16227766e+03  1.79993107e+02
 3.41454887e+03  4.75977591e+01  3.41454887e+03  1.79992557e+02
 3.68694506e+03  4.75977606e+01  3.68694506e+03  1.79991963e+02
 3.98107171e+03  4.75977625e+01  3.98107171e+03  1.79991322e+02
 4.29866235e+03  4.75977646e+01  4.29866235e+03  1.79990630e+02
 4.64158883e+03  4.75977671e+01  4.64158883e+03  1.79989883e+02
 5.01187234e+03  4.75977700e+01  5.01187234e+03  1.79989075e+02
 5.41169527e+03  4.75977734e+01  5.41169527e+03  1.79988204e+02
 5.84341413e+03  4.75977773e+01  5.84341413e+03  1.79987263e+02
 6.30957344e+03  4.75977819e+01  6.30957344e+03  1.79986247e+02
 6.81292069e+03  4.75977873e+01  6.81292069e+03  1.79985150e+02
 7.35642254e+03  4.75977935e+01  7.35642254e+03  1.79983965e+02
 7.94328235e+03  4.75978008e+01  7.94328235e+03  1.79982686e+02
 8.57695899e+03  4.75978093e+01  8.57695899e+03  1.79981304e+02
 9.26118728e+03  4.75978192e+01  9.26118728e+03  1.79979813e+02
 1.00000000e+04  4.75978308e+01  1.00000000e+04  1.79978203e+02
 1.07977516e+04  4.75978443e+01  1.07977516e+04  1.79976464e+02
 1.16591440e+04  4.75978600e+01  1.16591440e+04  1.79974586e+02
 1.25892541e+04  4.75978783e+01  1.25892541e+04  1.79972558e+02
 1.35935639e+04  4.75978996e+01  1.35935639e+04  1.79970369e+02
 1.46779927e+04  4.75979245e+01  1.46779927e+04  1.79968005e+02
 1.58489319e+04  4.75979535e+01  1.58489319e+04  1.79965453e+02
 1.71132830e+04  4.75979874e+01  1.71132830e+04  1.79962696e+02
 1.84784980e+04  4.75980268e+01  1.84784980e+04  1.79959720e+02
 1.99526231e+04  4.75980728e+01  1.99526231e+04  1.79956506e+02
 2.15443469e+04  4.75981265e+01  2.15443469e+04  1.79953036e+02
 2.32630507e+04  4.75981890e+01  2.32630507e+04  1.79949289e+02
 2.51188643e+04  4.75982619e+01  2.51188643e+04  1.79945243e+02
 2.71227258e+04  4.75983469e+01  2.71227258e+04  1.79940874e+02
 2.92864456e+04  4.75984460e+01  2.92864456e+04  1.79936156e+02
 3.16227766e+04  4.75985616e+01  3.16227766e+04  1.79931062e+02
 3.41454887e+04  4.75986963e+01  3.41454887e+04  1.79925560e+02
 3.68694506e+04  4.75988533e+01  3.68694506e+04  1.79919620e+02
 3.98107171e+04  4.75990365e+01  3.98107171e+04  1.79913204e+02
 4.29866235e+04  4.75992500e+01  4.29866235e+04  1.79906277e+02
 4.64158883e+04  4.75994990e+01  4.64158883e+04  1.79898796e+02
 5.01187234e+04  4.75997893e+01  5.01187234e+04  1.79890717e+02
 5.41169527e+04  4.76001277e+01  5.41169527e+04  1.79881991e+02
 5.84341413e+04  4.76005223e+01  5.84341413e+04  1.79872569e+02
 6.30957344e+04  4.76009825e+01  6.30957344e+04  1.79862392e+02
 6.81292069e+04  4.76015190e+01  6.81292069e+04  1.79851400e+02
 7.35642254e+04  4.76021445e+01  7.35642254e+04  1.79839528e+02
 7.94328235e+04  4.76028739e+01  7.94328235e+04  1.79826704e+02
 8.57695899e+04  4.76037244e+01  8.57695899e+04  1.79812852e+02
 9.26118728e+04  4.76047161e+01  9.26118728e+04  1.79797887e+02
 1.00000000e+05  4.76058724e+01  1.00000000e+05  1.79781719e+02
 1.07977516e+05  4.76072209e+01  1.07977516e+05  1.79764251e+02
 1.16591440e+05  4.76087933e+01  1.16591440e+05  1.79745374e+02
 1.25892541e+05  4.76106269e+01  1.25892541e+05  1.79724973e+02
 1.35935639e+05  4.76127650e+01  1.35935639e+05  1.79702922e+02
 1.46779927e+05  4.76152588e+01  1.46779927e+05  1.79679083e+02
 1.58489319e+05  4.76181673e+01  1.58489319e+05  1.79653306e+02
 1.71132830e+05  4.76215596e+01  1.71132830e+05  1.79625428e+02
 1.84784980e+05  4.76255160e+01  1.84784980e+05  1.79595267e+02
 1.99526231e+05  4.76301312e+01  1.99526231e+05  1.79562628e+02
 2.15443469e+05  4.76355148e+01  2.15443469e+05  1.79527294e+02
 2.32630507e+05  4.76417966e+01  2.32630507e+05  1.79489026e+02
 2.51188643e+05  4.76491257e+01  2.51188643e+05  1.79447559e+02
 2.71227258e+05  4.76576775e+01  2.71227258e+05  1.79402600e+02
 2.92864456e+05  4.76676598e+01  2.92864456e+05  1.79353822e+02
 3.16227766e+05  4.76793123e+01  3.16227766e+05  1.79300860e+02
 3.41454887e+05  4.76929172e+01  3.41454887e+05  1.79243301e+02
 3.68694506e+05  4.77088055e+01  3.68694506e+05  1.79180681e+02
 3.98107171e+05  4.77273651e+01  3.98107171e+05  1.79112471e+02
 4.29866235e+05  4.77490531e+01  4.29866235e+05  1.79038064e+02
 4.64158883e+05  4.77744067e+01  4.64158883e+05  1.78956764e+02
 5.01187234e+05  4.78040588e+01  5.01187234e+05  1.78867761e+02
 5.41169527e+05  4.78387501e+01  5.41169527e+05  1.78770107e+02
 5.84341413e+05  4.78793761e+01  5.84341413e+05  1.78662685e+02
 6.30957344e+05  4.79269687e+01  6.30957344e+05  1.78544164e+02
 6.81292069e+05  4.79827830e+01  6.81292069e+05  1.78412944e+02
 7.35642254e+05  4.80482977e+01  7.35642254e+05  1.78267085e+02
 7.94328235e+05  4.81252903e+01  7.94328235e+05  1.78104206e+02
 8.57695899e+05  4.82158995e+01  8.57695899e+05  1.77921350e+02
 9.26118728e+05  4.83227117e+01  9.26118728e+05  1.77714806e+02
 1.00000000e+06  4.84488776e+01  1.00000000e+06  1.77479850e+02
 1.07977516e+06  4.85982256e+01  1.07977516e+06  1.77210382e+02
 1.16591440e+06  4.87755357e+01  1.16591440e+06  1.76898413e+02
 1.25892541e+06  4.89867458e+01  1.25892541e+06  1.76533262e+02
 1.35935639e+06  4.92394010e+01  1.35935639e+06  1.76100384e+02
 1.46779927e+06  4.95430870e+01  1.46779927e+06  1.75579520e+02
 1.58489319e+06  4.99103906e+01  1.58489319e+06  1.74941662e+02
 1.71132830e+06  5.03580257e+01  1.71132830e+06  1.74143875e+02
 1.84784980e+06  5.09087570e+01  1.84784980e+06  1.73120209e+02
 1.99526231e+06  5.15945004e+01  1.99526231e+06  1.71764218e+02
 2.15443469e+06  5.24617161e+01  2.15443469e+06  1.69893430e+02
 2.32630507e+06  5.35802358e+01  2.32630507e+06  1.67169918e+02
 2.51188643e+06  5.50585052e+01  2.51188643e+06  1.62900210e+02
 2.71227258e+06  5.70611438e+01  2.71227258e+06  1.55459366e+02
 2.92864456e+06  5.97349606e+01  2.92864456e+06  1.40449920e+02
 3.16227766e+06  6.21651173e+01  3.16227766e+06  1.07463347e+02
 3.41454887e+06  6.04896450e+01  3.41454887e+06  6.35722453e+01
 3.68694506e+06  5.63044437e+01  3.68694506e+06  3.92885466e+01
 3.98107171e+06  5.25545781e+01  3.98107171e+06  2.82632509e+01
 4.29866235e+06  4.94391383e+01  4.29866235e+06  2.25339623e+01
 4.64158883e+06  4.67741554e+01  4.64158883e+06  1.91890642e+01
 5.01187234e+06  4.44187924e+01  5.01187234e+06  1.70943610e+01
 5.41169527e+06  4.22810776e+01  5.41169527e+06  1.57380425e+01
 5.84341413e+06  4.03021051e+01  5.84341413e+06  1.48619788e+01
 6.30957344e+06  3.84410503e+01  6.30957344e+06  1.43224459e+01
 6.81292069e+06  3.66707354e+01  6.81292069e+06  1.40355572e+01
 7.35642254e+06  3.49696917e+01  7.35642254e+06  1.39489497e+01
 7.94328235e+06  3.33223411e+01  7.94328235e+06  1.40319522e+01
 8.57695899e+06  3.17162713e+01  8.57695899e+06  1.42656369e+01
 9.26118728e+06  3.01426707e+01  9.26118728e+06  1.46363761e+01
 1.00000000e+07  2.85939179e+01  1.00000000e+07  1.51416462e+01
 1.07977516e+07  2.70631303e+01  1.07977516e+07  1.57770254e+01
 1.16591440e+07  2.55419014e+01  1.16591440e+07  1.65536081e+01
 1.25892541e+07  2.40288780e+01  1.25892541e+07  1.74768931e+01
 1.35935639e+07  2.25172967e+01  1.35935639e+07  1.85480063e+01
 1.46779927e+07  2.10001119e+01  1.46779927e+07  1.97998877e+01
 1.58489319e+07  1.94786966e+01  1.58489319e+07  2.12567062e+01
 1.71132830e+07  1.79445197e+01  1.71132830e+07  2.29402908e+01
 1.84784980e+07  1.63942511e+01  1.84784980e+07  2.48786918e+01
 1.99526231e+07  1.48164412e+01  1.99526231e+07  2.71523442e+01
 2.15443469e+07  1.32135347e+01  2.15443469e+07  2.98583320e+01
 2.32630507e+07  1.15851669e+01  2.32630507e+07  3.29959044e+01
 2.51188643e+07  9.91621281e+00  2.51188643e+07  3.68272784e+01
 2.71227258e+07  8.21893499e+00  2.71227258e+07  4.13847768e+01
 2.92864456e+07  6.49021465e+00  2.92864456e+07  4.70419867e+01
 3.16227766e+07  4.76745166e+00  3.16227766e+07  5.38954049e+01
 3.41454887e+07  3.08125056e+00  3.41454887e+07  6.25367324e+01
 3.68694506e+07  1.56143203e+00  3.68694506e+07  7.31124826e+01
 3.98107171e+07  2.76047239e-01  3.98107171e+07  8.54818899e+01
 4.29866235e+07  -6.09070043e-01  4.29866235e+07  9.90871171e+01
 4.64158883e+07  -1.00923639e+00  4.64158883e+07  1.12918018e+02
 5.01187234e+07  -9.68850997e-01  5.01187234e+07  1.24039141e+02
 5.41169527e+07  -7.09939223e-01  5.41169527e+07  1.35857985e+02
 5.84341413e+07  -3.35381123e-01  5.84341413e+07  1.44812728e+02
 6.30957344e+07  2.40003371e-01  6.30957344e+07  1.51685456e+02
 6.81292069e+07  6.21291590e-01  6.81292069e+07  1.58209694e+02
 7.35642254e+07  1.03909766e+00  7.35642254e+07  1.63285561e+02
 7.94328235e+07  1.52243757e+00  7.94328235e+07  1.67269520e+02
 8.57695899e+07  1.98093387e+00  8.57695899e+07  1.71060196e+02
 9.26118728e+07  2.31105047e+00  9.26118728e+07  1.74471259e+02
 1.00000000e+08  2.65314952e+00  1.00000000e+08  1.77729419e+02
 1.07977516e+08  3.02502488e+00  1.07977516e+08  1.79899807e+02
 1.16591440e+08  3.43611920e+00  1.16591440e+08  1.82331369e+02
 1.25892541e+08  3.74668202e+00  1.25892541e+08  1.84411239e+02
 1.35935639e+08  4.02791345e+00  1.35935639e+08  1.86327208e+02
 1.46779927e+08  4.19373416e+00  1.46779927e+08  1.87719233e+02
 1.58489319e+08  4.71867655e+00  1.58489319e+08  1.88853523e+02
 1.71132830e+08  5.33351932e+00  1.71132830e+08  1.89872778e+02
 1.84784980e+08  5.51820507e+00  1.84784980e+08  1.90748889e+02
 1.99526231e+08  5.86979193e+00  1.99526231e+08  1.90930831e+02
 2.15443469e+08  5.77664014e+00  2.15443469e+08  1.90689602e+02
 2.32630507e+08  6.91575583e+00  2.32630507e+08  1.90319697e+02
 2.51188643e+08  6.28163458e+00  2.51188643e+08  1.89919510e+02
 2.71227258e+08  7.11807282e+00  2.71227258e+08  1.89275246e+02
 2.92864456e+08  7.13294380e+00  2.92864456e+08  1.88472345e+02
 3.16227766e+08  7.28689977e+00  3.16227766e+08  1.87602210e+02
 3.41454887e+08  7.66081870e+00  3.41454887e+08  1.86702409e+02
 3.68694506e+08  7.33203848e+00  3.68694506e+08  1.85893551e+02
 3.98107171e+08  7.07881874e+00  3.98107171e+08  1.85110023e+02
 4.29866235e+08  6.95334657e+00  4.29866235e+08  1.84246634e+02
 4.64158883e+08  6.95540263e+00  4.64158883e+08  1.83662547e+02
 5.01187234e+08  5.61971004e+00  5.01187234e+08  1.82953278e+02
 5.41169527e+08  7.80613897e+00  5.41169527e+08  1.82382728e+02
 5.84341413e+08  6.45993031e+00  5.84341413e+08  1.82197564e+02
 6.30957344e+08  5.10541098e+00  6.30957344e+08  1.81475479e+02
 6.81292069e+08  9.76015418e+00  6.81292069e+08  1.81537462e+02
 7.35642254e+08  1.44400568e+01  7.35642254e+08  1.81845739e+02
 7.94328235e+08  7.07345173e+00  7.94328235e+08  1.79919097e+02
 8.57695899e+08  5.71543407e+00  8.57695899e+08  1.80415114e+02
 9.26118728e+08  4.36182905e+00  9.26118728e+08  1.80845587e+02
 1.00000000e+09  9.03257914e+00  1.00000000e+09  1.81183752e+02
