 1.00000000e+00  4.63856906e+01  1.00000000e+00  1.79999998e+02
 1.07977516e+00  4.63856906e+01  1.07977516e+00  1.79999998e+02
 1.16591440e+00  4.63856906e+01  1.16591440e+00  1.79999998e+02
 1.25892541e+00  4.63856906e+01  1.25892541e+00  1.79999998e+02
 1.35935639e+00  4.63856906e+01  1.35935639e+00  1.79999998e+02
 1.46779927e+00  4.63856906e+01  1.46779927e+00  1.79999998e+02
 1.58489319e+00  4.63856906e+01  1.58489319e+00  1.79999998e+02
 1.71132830e+00  4.63856906e+01  1.71132830e+00  1.79999997e+02
 1.84784980e+00  4.63856906e+01  1.84784980e+00  1.79999997e+02
 1.99526231e+00  4.63856906e+01  1.99526231e+00  1.79999997e+02
 2.15443469e+00  4.63856906e+01  2.15443469e+00  1.79999997e+02
 2.32630507e+00  4.63856906e+01  2.32630507e+00  1.79999996e+02
 2.51188643e+00  4.63856906e+01  2.51188643e+00  1.79999996e+02
 2.71227258e+00  4.63856906e+01  2.71227258e+00  1.79999996e+02
 2.92864456e+00  4.63856906e+01  2.92864456e+00  1.79999995e+02
 3.16227766e+00  4.63856906e+01  3.16227766e+00  1.79999995e+02
 3.41454887e+00  4.63856906e+01  3.41454887e+00  1.79999995e+02
 3.68694506e+00  4.63856906e+01  3.68694506e+00  1.79999994e+02
 3.98107171e+00  4.63856906e+01  3.98107171e+00  1.79999994e+02
 4.29866235e+00  4.63856906e+01  4.29866235e+00  1.79999993e+02
 4.64158883e+00  4.63856906e+01  4.64158883e+00  1.79999993e+02
 5.01187234e+00  4.63856906e+01  5.01187234e+00  1.79999992e+02
 5.41169527e+00  4.63856906e+01  5.41169527e+00  1.79999991e+02
 5.84341413e+00  4.63856906e+01  5.84341413e+00  1.79999991e+02
 6.30957344e+00  4.63856906e+01  6.30957344e+00  1.79999990e+02
 6.81292069e+00  4.63856906e+01  6.81292069e+00  1.79999989e+02
 7.35642254e+00  4.63856906e+01  7.35642254e+00  1.79999988e+02
 7.94328235e+00  4.63856906e+01  7.94328235e+00  1.79999987e+02
 8.57695899e+00  4.63856906e+01  8.57695899e+00  1.79999986e+02
 9.26118728e+00  4.63856906e+01  9.26118728e+00  1.79999985e+02
 1.00000000e+01  4.63856906e+01  1.00000000e+01  1.79999984e+02
 1.07977516e+01  4.63856906e+01  1.07977516e+01  1.79999983e+02
 1.16591440e+01  4.63856906e+01  1.16591440e+01  1.79999982e+02
 1.25892541e+01  4.63856906e+01  1.25892541e+01  1.79999980e+02
 1.35935639e+01  4.63856906e+01  1.35935639e+01  1.79999979e+02
 1.46779927e+01  4.63856906e+01  1.46779927e+01  1.79999977e+02
 1.58489319e+01  4.63856906e+01  1.58489319e+01  1.79999975e+02
 1.71132830e+01  4.63856906e+01  1.71132830e+01  1.79999973e+02
 1.84784980e+01  4.63856906e+01  1.84784980e+01  1.79999971e+02
 1.99526231e+01  4.63856906e+01  1.99526231e+01  1.79999969e+02
 2.15443469e+01  4.63856906e+01  2.15443469e+01  1.79999966e+02
 2.32630507e+01  4.63856906e+01  2.32630507e+01  1.79999963e+02
 2.51188643e+01  4.63856906e+01  2.51188643e+01  1.79999960e+02
 2.71227258e+01  4.63856906e+01  2.71227258e+01  1.79999957e+02
 2.92864456e+01  4.63856906e+01  2.92864456e+01  1.79999954e+02
 3.16227766e+01  4.63856906e+01  3.16227766e+01  1.79999950e+02
 3.41454887e+01  4.63856906e+01  3.41454887e+01  1.79999946e+02
 3.68694506e+01  4.63856906e+01  3.68694506e+01  1.79999942e+02
 3.98107171e+01  4.63856906e+01  3.98107171e+01  1.79999937e+02
 4.29866235e+01  4.63856906e+01  4.29866235e+01  1.79999932e+02
 4.64158883e+01  4.63856906e+01  4.64158883e+01  1.79999927e+02
 5.01187234e+01  4.63856906e+01  5.01187234e+01  1.79999921e+02
 5.41169527e+01  4.63856906e+01  5.41169527e+01  1.79999915e+02
 5.84341413e+01  4.63856906e+01  5.84341413e+01  1.79999908e+02
 6.30957344e+01  4.63856906e+01  6.30957344e+01  1.79999901e+02
 6.81292069e+01  4.63856906e+01  6.81292069e+01  1.79999893e+02
 7.35642254e+01  4.63856906e+01  7.35642254e+01  1.79999884e+02
 7.94328235e+01  4.63856906e+01  7.94328235e+01  1.79999875e+02
 8.57695899e+01  4.63856906e+01  8.57695899e+01  1.79999865e+02
 9.26118728e+01  4.63856906e+01  9.26118728e+01  1.79999854e+02
 1.00000000e+02  4.63856906e+01  1.00000000e+02  1.79999842e+02
 1.07977516e+02  4.63856906e+01  1.07977516e+02  1.79999830e+02
 1.16591440e+02  4.63856906e+01  1.16591440e+02  1.79999816e+02
 1.25892541e+02  4.63856906e+01  1.25892541e+02  1.79999802e+02
 1.35935639e+02  4.63856906e+01  1.35935639e+02  1.79999786e+02
 1.46779927e+02  4.63856906e+01  1.46779927e+02  1.79999769e+02
 1.58489319e+02  4.63856906e+01  1.58489319e+02  1.79999750e+02
 1.71132830e+02  4.63856906e+01  1.71132830e+02  1.79999730e+02
 1.84784980e+02  4.63856906e+01  1.84784980e+02  1.79999709e+02
 1.99526231e+02  4.63856906e+01  1.99526231e+02  1.79999685e+02
 2.15443469e+02  4.63856906e+01  2.15443469e+02  1.79999660e+02
 2.32630507e+02  4.63856906e+01  2.32630507e+02  1.79999633e+02
 2.51188643e+02  4.63856906e+01  2.51188643e+02  1.79999604e+02
 2.71227258e+02  4.63856906e+01  2.71227258e+02  1.79999572e+02
 2.92864456e+02  4.63856906e+01  2.92864456e+02  1.79999538e+02
 3.16227766e+02  4.63856906e+01  3.16227766e+02  1.79999501e+02
 3.41454887e+02  4.63856907e+01  3.41454887e+02  1.79999462e+02
 3.68694506e+02  4.63856907e+01  3.68694506e+02  1.79999419e+02
 3.98107171e+02  4.63856907e+01  3.98107171e+02  1.79999372e+02
 4.29866235e+02  4.63856907e+01  4.29866235e+02  1.79999322e+02
 4.64158883e+02  4.63856907e+01  4.64158883e+02  1.79999268e+02
 5.01187234e+02  4.63856908e+01  5.01187234e+02  1.79999210e+02
 5.41169527e+02  4.63856908e+01  5.41169527e+02  1.79999147e+02
 5.84341413e+02  4.63856908e+01  5.84341413e+02  1.79999079e+02
 6.30957344e+02  4.63856909e+01  6.30957344e+02  1.79999005e+02
 6.81292069e+02  4.63856909e+01  6.81292069e+02  1.79998926e+02
 7.35642254e+02  4.63856910e+01  7.35642254e+02  1.79998840e+02
 7.94328235e+02  4.63856911e+01  7.94328235e+02  1.79998748e+02
 8.57695899e+02  4.63856911e+01  8.57695899e+02  1.79998648e+02
 9.26118728e+02  4.63856912e+01  9.26118728e+02  1.79998540e+02
 1.00000000e+03  4.63856913e+01  1.00000000e+03  1.79998424e+02
 1.07977516e+03  4.63856915e+01  1.07977516e+03  1.79998298e+02
 1.16591440e+03  4.63856916e+01  1.16591440e+03  1.79998162e+02
 1.25892541e+03  4.63856918e+01  1.25892541e+03  1.79998015e+02
 1.35935639e+03  4.63856920e+01  1.35935639e+03  1.79997857e+02
 1.46779927e+03  4.63856922e+01  1.46779927e+03  1.79997686e+02
 1.58489319e+03  4.63856925e+01  1.58489319e+03  1.79997501e+02
 1.71132830e+03  4.63856928e+01  1.71132830e+03  1.79997302e+02
 1.84784980e+03  4.63856932e+01  1.84784980e+03  1.79997087e+02
 1.99526231e+03  4.63856937e+01  1.99526231e+03  1.79996855e+02
 2.15443469e+03  4.63856942e+01  2.15443469e+03  1.79996604e+02
 2.32630507e+03  4.63856948e+01  2.32630507e+03  1.79996333e+02
 2.51188643e+03  4.63856955e+01  2.51188643e+03  1.79996040e+02
 2.71227258e+03  4.63856963e+01  2.71227258e+03  1.79995724e+02
 2.92864456e+03  4.63856972e+01  2.92864456e+03  1.79995383e+02
 3.16227766e+03  4.63856983e+01  3.16227766e+03  1.79995015e+02
 3.41454887e+03  4.63856996e+01  3.41454887e+03  1.79994617e+02
 3.68694506e+03  4.63857011e+01  3.68694506e+03  1.79994188e+02
 3.98107171e+03  4.63857029e+01  3.98107171e+03  1.79993724e+02
 4.29866235e+03  4.63857049e+01  4.29866235e+03  1.79993223e+02
 4.64158883e+03  4.63857073e+01  4.64158883e+03  1.79992683e+02
 5.01187234e+03  4.63857101e+01  5.01187234e+03  1.79992099e+02
 5.41169527e+03  4.63857133e+01  5.41169527e+03  1.79991469e+02
 5.84341413e+03  4.63857171e+01  5.84341413e+03  1.79990788e+02
 6.30957344e+03  4.63857215e+01  6.30957344e+03  1.79990053e+02
 6.81292069e+03  4.63857266e+01  6.81292069e+03  1.79989260e+02
 7.35642254e+03  4.63857326e+01  7.35642254e+03  1.79988403e+02
 7.94328235e+03  4.63857396e+01  7.94328235e+03  1.79987478e+02
 8.57695899e+03  4.63857477e+01  8.57695899e+03  1.79986479e+02
 9.26118728e+03  4.63857572e+01  9.26118728e+03  1.79985400e+02
 1.00000000e+04  4.63857682e+01  1.00000000e+04  1.79984235e+02
 1.07977516e+04  4.63857811e+01  1.07977516e+04  1.79982977e+02
 1.16591440e+04  4.63857961e+01  1.16591440e+04  1.79981619e+02
 1.25892541e+04  4.63858136e+01  1.25892541e+04  1.79980153e+02
 1.35935639e+04  4.63858340e+01  1.35935639e+04  1.79978570e+02
 1.46779927e+04  4.63858578e+01  1.46779927e+04  1.79976860e+02
 1.58489319e+04  4.63858856e+01  1.58489319e+04  1.79975014e+02
 1.71132830e+04  4.63859180e+01  1.71132830e+04  1.79973020e+02
 1.84784980e+04  4.63859557e+01  1.84784980e+04  1.79970868e+02
 1.99526231e+04  4.63859997e+01  1.99526231e+04  1.79968543e+02
 2.15443469e+04  4.63860510e+01  2.15443469e+04  1.79966034e+02
 2.32630507e+04  4.63861108e+01  2.32630507e+04  1.79963323e+02
 2.51188643e+04  4.63861805e+01  2.51188643e+04  1.79960397e+02
 2.71227258e+04  4.63862618e+01  2.71227258e+04  1.79957237e+02
 2.92864456e+04  4.63863566e+01  2.92864456e+04  1.79953824e+02
 3.16227766e+04  4.63864670e+01  3.16227766e+04  1.79950140e+02
 3.41454887e+04  4.63865959e+01  3.41454887e+04  1.79946161e+02
 3.68694506e+04  4.63867461e+01  3.68694506e+04  1.79941864e+02
 3.98107171e+04  4.63869213e+01  3.98107171e+04  1.79937223e+02
 4.29866235e+04  4.63871255e+01  4.29866235e+04  1.79932213e+02
 4.64158883e+04  4.63873635e+01  4.64158883e+04  1.79926801e+02
 5.01187234e+04  4.63876412e+01  5.01187234e+04  1.79920957e+02
 5.41169527e+04  4.63879648e+01  5.41169527e+04  1.79914645e+02
 5.84341413e+04  4.63883422e+01  5.84341413e+04  1.79907829e+02
 6.30957344e+04  4.63887822e+01  6.30957344e+04  1.79900466e+02
 6.81292069e+04  4.63892953e+01  6.81292069e+04  1.79892514e+02
 7.35642254e+04  4.63898936e+01  7.35642254e+04  1.79883925e+02
 7.94328235e+04  4.63905911e+01  7.94328235e+04  1.79874646e+02
 8.57695899e+04  4.63914044e+01  8.57695899e+04  1.79864623e+02
 9.26118728e+04  4.63923526e+01  9.26118728e+04  1.79853794e+02
 1.00000000e+05  4.63934586e+01  1.00000000e+05  1.79842093e+02
 1.07977516e+05  4.63947479e+01  1.07977516e+05  1.79829449e+02
 1.16591440e+05  4.63962517e+01  1.16591440e+05  1.79815785e+02
 1.25892541e+05  4.63980052e+01  1.25892541e+05  1.79801015e+02
 1.35935639e+05  4.64000500e+01  1.35935639e+05  1.79785047e+02
 1.46779927e+05  4.64024351e+01  1.46779927e+05  1.79767782e+02
 1.58489319e+05  4.64052160e+01  1.58489319e+05  1.79749108e+02
 1.71132830e+05  4.64084593e+01  1.71132830e+05  1.79728906e+02
 1.84784980e+05  4.64122425e+01  1.84784980e+05  1.79707044e+02
 1.99526231e+05  4.64166561e+01  1.99526231e+05  1.79683377e+02
 2.15443469e+05  4.64218037e+01  2.15443469e+05  1.79657744e+02
 2.32630507e+05  4.64278093e+01  2.32630507e+05  1.79629970e+02
 2.51188643e+05  4.64348173e+01  2.51188643e+05  1.79599857e+02
 2.71227258e+05  4.64429949e+01  2.71227258e+05  1.79567187e+02
 2.92864456e+05  4.64525370e+01  2.92864456e+05  1.79531713e+02
 3.16227766e+05  4.64636775e+01  3.16227766e+05  1.79493165e+02
 3.41454887e+05  4.64766825e+01  3.41454887e+05  1.79451226e+02
 3.68694506e+05  4.64918701e+01  3.68694506e+05  1.79405545e+02
 3.98107171e+05  4.65096080e+01  3.98107171e+05  1.79355722e+02
 4.29866235e+05  4.65303356e+01  4.29866235e+05  1.79301288e+02
 4.64158883e+05  4.65545614e+01  4.64158883e+05  1.79241698e+02
 5.01187234e+05  4.65828896e+01  5.01187234e+05  1.79176343e+02
 5.41169527e+05  4.66160298e+01  5.41169527e+05  1.79104452e+02
 5.84341413e+05  4.66548377e+01  5.84341413e+05  1.79025198e+02
 6.30957344e+05  4.67002846e+01  6.30957344e+05  1.78937468e+02
 6.81292069e+05  4.67535706e+01  6.81292069e+05  1.78840018e+02
 7.35642254e+05  4.68160982e+01  7.35642254e+05  1.78731318e+02
 7.94328235e+05  4.68895506e+01  7.94328235e+05  1.78609422e+02
 8.57695899e+05  4.69759782e+01  8.57695899e+05  1.78471972e+02
 9.26118728e+05  4.70777801e+01  9.26118728e+05  1.78315934e+02
 1.00000000e+06  4.71979797e+01  1.00000000e+06  1.78137578e+02
 1.07977516e+06  4.73401744e+01  1.07977516e+06  1.77931961e+02
 1.16591440e+06  4.75088435e+01  1.16591440e+06  1.77692405e+02
 1.25892541e+06  4.77095859e+01  1.25892541e+06  1.77410433e+02
 1.35935639e+06  4.79494011e+01  1.35935639e+06  1.77074349e+02
 1.46779927e+06  4.82372628e+01  1.46779927e+06  1.76667834e+02
 1.58489319e+06  4.85848987e+01  1.58489319e+06  1.76167467e+02
 1.71132830e+06  4.90077178e+01  1.71132830e+06  1.75539358e+02
 1.84784980e+06  4.95266467e+01  1.84784980e+06  1.74731574e+02
 1.99526231e+06  5.01709789e+01  1.99526231e+06  1.73661879e+02
 2.15443469e+06  5.09829708e+01  2.15443469e+06  1.72190238e+02
 2.32630507e+06  5.20265416e+01  2.32630507e+06  1.70064326e+02
 2.51188643e+06  5.34022203e+01  2.51188643e+06  1.66778570e+02
 2.71227258e+06  5.52743260e+01  2.71227258e+06  1.61177041e+02
 2.92864456e+06  5.78832923e+01  2.92864456e+06  1.50126869e+02
 3.16227766e+06  6.10857838e+01  3.16227766e+06  1.24123125e+02
 3.41454887e+06  6.11883764e+01  3.41454887e+06  7.55483690e+01
 3.68694506e+06  5.68536506e+01  3.68694506e+06  4.31212821e+01
 3.98107171e+06  5.26861775e+01  3.98107171e+06  2.96503231e+01
 4.29866235e+06  4.93092653e+01  4.29866235e+06  2.32283161e+01
 4.64158883e+06  4.64835607e+01  4.64158883e+06  1.96899925e+01
 5.01187234e+06  4.40236656e+01  5.01187234e+06  1.75701098e+01
 5.41169527e+06  4.18157326e+01  5.41169527e+06  1.62533382e+01
 5.84341413e+06  3.97869018e+01  5.84341413e+06  1.54431877e+01
 6.30957344e+06  3.78902001e+01  6.30957344e+06  1.49832414e+01
 6.81292069e+06  3.60939996e+01  6.81292069e+06  1.47774676e+01
 7.35642254e+06  3.43731072e+01  7.35642254e+06  1.47758565e+01
 7.94328235e+06  3.27111029e+01  7.94328235e+06  1.49411738e+01
 8.57695899e+06  3.10951138e+01  8.57695899e+06  1.52592821e+01
 9.26118728e+06  2.95132441e+01  9.26118728e+06  1.57255785e+01
 1.00000000e+07  2.79582804e+01  1.00000000e+07  1.63138731e+01
 1.07977516e+07  2.64214923e+01  1.07977516e+07  1.70465338e+01
 1.16591440e+07  2.48966621e+01  1.16591440e+07  1.79179396e+01
 1.25892541e+07  2.33814334e+01  1.25892541e+07  1.89453001e+01
 1.35935639e+07  2.18654666e+01  1.35935639e+07  2.01436230e+01
 1.46779927e+07  2.03468116e+01  1.46779927e+07  2.15286235e+01
 1.58489319e+07  1.88206857e+01  1.58489319e+07  2.31273363e+01
 1.71132830e+07  1.72846208e+01  1.71132830e+07  2.49766577e+01
 1.84784980e+07  1.57257626e+01  1.84784980e+07  2.71439941e+01
 1.99526231e+07  1.41496769e+01  1.99526231e+07  2.96701242e+01
 2.15443469e+07  1.25456646e+01  2.15443469e+07  3.26302986e+01
 2.32630507e+07  1.09192219e+01  2.32630507e+07  3.61751750e+01
 2.51188643e+07  9.26217141e+00  2.51188643e+07  4.03981451e+01
 2.71227258e+07  7.60072412e+00  2.71227258e+07  4.55307164e+01
 2.92864456e+07  5.88843004e+00  2.92864456e+07  5.20284336e+01
 3.16227766e+07  4.24264727e+00  3.16227766e+07  5.96875795e+01
 3.41454887e+07  2.72614017e+00  3.41454887e+07  6.91804668e+01
 3.68694506e+07  1.31408182e+00  3.68694506e+07  8.04658733e+01
 3.98107171e+07  2.19951190e-01  3.98107171e+07  9.15413402e+01
 4.29866235e+07  -3.07789675e-01  4.29866235e+07  1.05101490e+02
 4.64158883e+07  -5.35782303e-01  4.64158883e+07  1.19077925e+02
 5.01187234e+07  -3.66038374e-01  5.01187234e+07  1.27382717e+02
 5.41169527e+07  -2.64363847e-01  5.41169527e+07  1.38665085e+02
 5.84341413e+07  1.87171141e-01  5.84341413e+07  1.46596830e+02
 6.30957344e+07  6.47218817e-01  6.30957344e+07  1.52848435e+02
 6.81292069e+07  9.58735743e-01  6.81292069e+07  1.58605516e+02
 7.35642254e+07  1.34908213e+00  7.35642254e+07  1.63773513e+02
 7.94328235e+07  1.78634149e+00  7.94328235e+07  1.67469566e+02
 8.57695899e+07  2.12756282e+00  8.57695899e+07  1.71134929e+02
 9.26118728e+07  2.41322733e+00  9.26118728e+07  1.74506588e+02
 1.00000000e+08  2.94692802e+00  1.00000000e+08  1.76958581e+02
 1.07977516e+08  3.26081507e+00  1.07977516e+08  1.79347730e+02
 1.16591440e+08  3.44156033e+00  1.16591440e+08  1.81947259e+02
 1.25892541e+08  3.60116306e+00  1.25892541e+08  1.83950701e+02
 1.35935639e+08  4.09696437e+00  1.35935639e+08  1.85370713e+02
 1.46779927e+08  4.72443324e+00  1.46779927e+08  1.87027413e+02
 1.58489319e+08  4.75200717e+00  1.58489319e+08  1.88162849e+02
 1.71132830e+08  5.35007194e+00  1.71132830e+08  1.89036140e+02
 1.84784980e+08  5.52057590e+00  1.84784980e+08  1.89545201e+02
 1.99526231e+08  5.84509315e+00  1.99526231e+08  1.90011202e+02
 2.15443469e+08  5.73745529e+00  2.15443469e+08  1.90044532e+02
 2.32630507e+08  6.45540387e+00  2.32630507e+08  1.89257554e+02
 2.51188643e+08  7.11087199e+00  2.51188643e+08  1.88645598e+02
 2.71227258e+08  7.00790350e+00  2.71227258e+08  1.88734015e+02
 2.92864456e+08  7.02671037e+00  2.92864456e+08  1.87775226e+02
 3.16227766e+08  7.91623130e+00  3.16227766e+08  1.86636144e+02
 3.41454887e+08  7.53742750e+00  3.41454887e+08  1.86171299e+02
 3.68694506e+08  7.18907931e+00  3.68694506e+08  1.85564955e+02
 3.98107171e+08  6.93579671e+00  3.98107171e+08  1.84624552e+02
 4.29866235e+08  6.81508056e+00  4.29866235e+08  1.83919746e+02
 4.64158883e+08  6.82618803e+00  4.64158883e+08  1.83246192e+02
 5.01187234e+08  7.05880394e+00  5.01187234e+08  1.82955468e+02
 5.41169527e+08  7.66974015e+00  5.41169527e+08  1.82171788e+02
 5.84341413e+08  8.81461467e+00  5.84341413e+08  1.82156632e+02
 6.30957344e+08  7.47320865e+00  6.30957344e+08  1.81366464e+02
 6.81292069e+08  1.56480445e+01  6.81292069e+08  1.81053579e+02
 7.35642254e+08  1.43109298e+01  7.35642254e+08  1.81105523e+02
 7.94328235e+08  6.92414469e+00  7.94328235e+08  1.80435861e+02
 8.57695899e+08  5.59383100e+00  8.57695899e+08  1.79271993e+02
 9.26118728e+08  7.23929138e-01  9.26118728e+08  1.80185513e+02
 1.00000000e+09  8.92406198e+00  1.00000000e+09  1.79518536e+02
