 1.00000000e+00  4.61087154e+01  1.00000000e+00  1.79999998e+02
 1.07977516e+00  4.61087154e+01  1.07977516e+00  1.79999998e+02
 1.16591440e+00  4.61087154e+01  1.16591440e+00  1.79999998e+02
 1.25892541e+00  4.61087154e+01  1.25892541e+00  1.79999997e+02
 1.35935639e+00  4.61087154e+01  1.35935639e+00  1.79999997e+02
 1.46779927e+00  4.61087154e+01  1.46779927e+00  1.79999997e+02
 1.58489319e+00  4.61087154e+01  1.58489319e+00  1.79999997e+02
 1.71132830e+00  4.61087154e+01  1.71132830e+00  1.79999997e+02
 1.84784980e+00  4.61087154e+01  1.84784980e+00  1.79999996e+02
 1.99526231e+00  4.61087154e+01  1.99526231e+00  1.79999996e+02
 2.15443469e+00  4.61087154e+01  2.15443469e+00  1.79999996e+02
 2.32630507e+00  4.61087154e+01  2.32630507e+00  1.79999995e+02
 2.51188643e+00  4.61087154e+01  2.51188643e+00  1.79999995e+02
 2.71227258e+00  4.61087154e+01  2.71227258e+00  1.79999995e+02
 2.92864456e+00  4.61087154e+01  2.92864456e+00  1.79999994e+02
 3.16227766e+00  4.61087154e+01  3.16227766e+00  1.79999994e+02
 3.41454887e+00  4.61087154e+01  3.41454887e+00  1.79999993e+02
 3.68694506e+00  4.61087154e+01  3.68694506e+00  1.79999993e+02
 3.98107171e+00  4.61087154e+01  3.98107171e+00  1.79999992e+02
 4.29866235e+00  4.61087154e+01  4.29866235e+00  1.79999991e+02
 4.64158883e+00  4.61087154e+01  4.64158883e+00  1.79999991e+02
 5.01187234e+00  4.61087154e+01  5.01187234e+00  1.79999990e+02
 5.41169527e+00  4.61087154e+01  5.41169527e+00  1.79999989e+02
 5.84341413e+00  4.61087154e+01  5.84341413e+00  1.79999988e+02
 6.30957344e+00  4.61087154e+01  6.30957344e+00  1.79999987e+02
 6.81292069e+00  4.61087154e+01  6.81292069e+00  1.79999986e+02
 7.35642254e+00  4.61087154e+01  7.35642254e+00  1.79999985e+02
 7.94328235e+00  4.61087154e+01  7.94328235e+00  1.79999984e+02
 8.57695899e+00  4.61087154e+01  8.57695899e+00  1.79999983e+02
 9.26118728e+00  4.61087154e+01  9.26118728e+00  1.79999981e+02
 1.00000000e+01  4.61087154e+01  1.00000000e+01  1.79999980e+02
 1.07977516e+01  4.61087154e+01  1.07977516e+01  1.79999978e+02
 1.16591440e+01  4.61087154e+01  1.16591440e+01  1.79999977e+02
 1.25892541e+01  4.61087154e+01  1.25892541e+01  1.79999975e+02
 1.35935639e+01  4.61087154e+01  1.35935639e+01  1.79999973e+02
 1.46779927e+01  4.61087154e+01  1.46779927e+01  1.79999970e+02
 1.58489319e+01  4.61087154e+01  1.58489319e+01  1.79999968e+02
 1.71132830e+01  4.61087154e+01  1.71132830e+01  1.79999966e+02
 1.84784980e+01  4.61087154e+01  1.84784980e+01  1.79999963e+02
 1.99526231e+01  4.61087154e+01  1.99526231e+01  1.79999960e+02
 2.15443469e+01  4.61087154e+01  2.15443469e+01  1.79999957e+02
 2.32630507e+01  4.61087154e+01  2.32630507e+01  1.79999953e+02
 2.51188643e+01  4.61087154e+01  2.51188643e+01  1.79999949e+02
 2.71227258e+01  4.61087154e+01  2.71227258e+01  1.79999945e+02
 2.92864456e+01  4.61087154e+01  2.92864456e+01  1.79999941e+02
 3.16227766e+01  4.61087154e+01  3.16227766e+01  1.79999936e+02
 3.41454887e+01  4.61087154e+01  3.41454887e+01  1.79999931e+02
 3.68694506e+01  4.61087154e+01  3.68694506e+01  1.79999926e+02
 3.98107171e+01  4.61087154e+01  3.98107171e+01  1.79999920e+02
 4.29866235e+01  4.61087154e+01  4.29866235e+01  1.79999914e+02
 4.64158883e+01  4.61087154e+01  4.64158883e+01  1.79999907e+02
 5.01187234e+01  4.61087154e+01  5.01187234e+01  1.79999899e+02
 5.41169527e+01  4.61087154e+01  5.41169527e+01  1.79999891e+02
 5.84341413e+01  4.61087154e+01  5.84341413e+01  1.79999882e+02
 6.30957344e+01  4.61087154e+01  6.30957344e+01  1.79999873e+02
 6.81292069e+01  4.61087154e+01  6.81292069e+01  1.79999863e+02
 7.35642254e+01  4.61087154e+01  7.35642254e+01  1.79999852e+02
 7.94328235e+01  4.61087154e+01  7.94328235e+01  1.79999840e+02
 8.57695899e+01  4.61087154e+01  8.57695899e+01  1.79999827e+02
 9.26118728e+01  4.61087154e+01  9.26118728e+01  1.79999814e+02
 1.00000000e+02  4.61087154e+01  1.00000000e+02  1.79999799e+02
 1.07977516e+02  4.61087154e+01  1.07977516e+02  1.79999783e+02
 1.16591440e+02  4.61087154e+01  1.16591440e+02  1.79999765e+02
 1.25892541e+02  4.61087154e+01  1.25892541e+02  1.79999747e+02
 1.35935639e+02  4.61087154e+01  1.35935639e+02  1.79999727e+02
 1.46779927e+02  4.61087154e+01  1.46779927e+02  1.79999705e+02
 1.58489319e+02  4.61087154e+01  1.58489319e+02  1.79999681e+02
 1.71132830e+02  4.61087154e+01  1.71132830e+02  1.79999656e+02
 1.84784980e+02  4.61087154e+01  1.84784980e+02  1.79999628e+02
 1.99526231e+02  4.61087154e+01  1.99526231e+02  1.79999599e+02
 2.15443469e+02  4.61087154e+01  2.15443469e+02  1.79999567e+02
 2.32630507e+02  4.61087154e+01  2.32630507e+02  1.79999532e+02
 2.51188643e+02  4.61087154e+01  2.51188643e+02  1.79999495e+02
 2.71227258e+02  4.61087154e+01  2.71227258e+02  1.79999454e+02
 2.92864456e+02  4.61087154e+01  2.92864456e+02  1.79999411e+02
 3.16227766e+02  4.61087154e+01  3.16227766e+02  1.79999364e+02
 3.41454887e+02  4.61087154e+01  3.41454887e+02  1.79999313e+02
 3.68694506e+02  4.61087154e+01  3.68694506e+02  1.79999258e+02
 3.98107171e+02  4.61087155e+01  3.98107171e+02  1.79999199e+02
 4.29866235e+02  4.61087155e+01  4.29866235e+02  1.79999135e+02
 4.64158883e+02  4.61087155e+01  4.64158883e+02  1.79999066e+02
 5.01187234e+02  4.61087155e+01  5.01187234e+02  1.79998992e+02
 5.41169527e+02  4.61087156e+01  5.41169527e+02  1.79998912e+02
 5.84341413e+02  4.61087156e+01  5.84341413e+02  1.79998825e+02
 6.30957344e+02  4.61087156e+01  6.30957344e+02  1.79998731e+02
 6.81292069e+02  4.61087157e+01  6.81292069e+02  1.79998630e+02
 7.35642254e+02  4.61087157e+01  7.35642254e+02  1.79998520e+02
 7.94328235e+02  4.61087158e+01  7.94328235e+02  1.79998402e+02
 8.57695899e+02  4.61087159e+01  8.57695899e+02  1.79998275e+02
 9.26118728e+02  4.61087159e+01  9.26118728e+02  1.79998137e+02
 1.00000000e+03  4.61087160e+01  1.00000000e+03  1.79997989e+02
 1.07977516e+03  4.61087162e+01  1.07977516e+03  1.79997828e+02
 1.16591440e+03  4.61087163e+01  1.16591440e+03  1.79997655e+02
 1.25892541e+03  4.61087165e+01  1.25892541e+03  1.79997468e+02
 1.35935639e+03  4.61087166e+01  1.35935639e+03  1.79997266e+02
 1.46779927e+03  4.61087168e+01  1.46779927e+03  1.79997048e+02
 1.58489319e+03  4.61087171e+01  1.58489319e+03  1.79996812e+02
 1.71132830e+03  4.61087174e+01  1.71132830e+03  1.79996558e+02
 1.84784980e+03  4.61087177e+01  1.84784980e+03  1.79996283e+02
 1.99526231e+03  4.61087181e+01  1.99526231e+03  1.79995987e+02
 2.15443469e+03  4.61087186e+01  2.15443469e+03  1.79995667e+02
 2.32630507e+03  4.61087191e+01  2.32630507e+03  1.79995321e+02
 2.51188643e+03  4.61087197e+01  2.51188643e+03  1.79994948e+02
 2.71227258e+03  4.61087204e+01  2.71227258e+03  1.79994545e+02
 2.92864456e+03  4.61087213e+01  2.92864456e+03  1.79994110e+02
 3.16227766e+03  4.61087223e+01  3.16227766e+03  1.79993640e+02
 3.41454887e+03  4.61087234e+01  3.41454887e+03  1.79993132e+02
 3.68694506e+03  4.61087248e+01  3.68694506e+03  1.79992584e+02
 3.98107171e+03  4.61087263e+01  3.98107171e+03  1.79991993e+02
 4.29866235e+03  4.61087282e+01  4.29866235e+03  1.79991354e+02
 4.64158883e+03  4.61087303e+01  4.64158883e+03  1.79990664e+02
 5.01187234e+03  4.61087327e+01  5.01187234e+03  1.79989920e+02
 5.41169527e+03  4.61087356e+01  5.41169527e+03  1.79989115e+02
 5.84341413e+03  4.61087390e+01  5.84341413e+03  1.79988247e+02
 6.30957344e+03  4.61087429e+01  6.30957344e+03  1.79987309e+02
 6.81292069e+03  4.61087475e+01  6.81292069e+03  1.79986297e+02
 7.35642254e+03  4.61087528e+01  7.35642254e+03  1.79985204e+02
 7.94328235e+03  4.61087590e+01  7.94328235e+03  1.79984023e+02
 8.57695899e+03  4.61087663e+01  8.57695899e+03  1.79982749e+02
 9.26118728e+03  4.61087747e+01  9.26118728e+03  1.79981373e+02
 1.00000000e+04  4.61087846e+01  1.00000000e+04  1.79979887e+02
 1.07977516e+04  4.61087961e+01  1.07977516e+04  1.79978282e+02
 1.16591440e+04  4.61088095e+01  1.16591440e+04  1.79976549e+02
 1.25892541e+04  4.61088251e+01  1.25892541e+04  1.79974679e+02
 1.35935639e+04  4.61088433e+01  1.35935639e+04  1.79972658e+02
 1.46779927e+04  4.61088645e+01  1.46779927e+04  1.79970477e+02
 1.58489319e+04  4.61088893e+01  1.58489319e+04  1.79968122e+02
 1.71132830e+04  4.61089182e+01  1.71132830e+04  1.79965578e+02
 1.84784980e+04  4.61089518e+01  1.84784980e+04  1.79962832e+02
 1.99526231e+04  4.61089910e+01  1.99526231e+04  1.79959867e+02
 2.15443469e+04  4.61090368e+01  2.15443469e+04  1.79956665e+02
 2.32630507e+04  4.61090901e+01  2.32630507e+04  1.79953207e+02
 2.51188643e+04  4.61091523e+01  2.51188643e+04  1.79949474e+02
 2.71227258e+04  4.61092248e+01  2.71227258e+04  1.79945442e+02
 2.92864456e+04  4.61093093e+01  2.92864456e+04  1.79941089e+02
 3.16227766e+04  4.61094078e+01  3.16227766e+04  1.79936388e+02
 3.41454887e+04  4.61095228e+01  3.41454887e+04  1.79931312e+02
 3.68694506e+04  4.61096567e+01  3.68694506e+04  1.79925831e+02
 3.98107171e+04  4.61098129e+01  3.98107171e+04  1.79919912e+02
 4.29866235e+04  4.61099951e+01  4.29866235e+04  1.79913519e+02
 4.64158883e+04  4.61102074e+01  4.64158883e+04  1.79906617e+02
 5.01187234e+04  4.61104550e+01  5.01187234e+04  1.79899162e+02
 5.41169527e+04  4.61107436e+01  5.41169527e+04  1.79891112e+02
 5.84341413e+04  4.61110802e+01  5.84341413e+04  1.79882418e+02
 6.30957344e+04  4.61114726e+01  6.30957344e+04  1.79873029e+02
 6.81292069e+04  4.61119301e+01  6.81292069e+04  1.79862888e+02
 7.35642254e+04  4.61124636e+01  7.35642254e+04  1.79851935e+02
 7.94328235e+04  4.61130857e+01  7.94328235e+04  1.79840104e+02
 8.57695899e+04  4.61138111e+01  8.57695899e+04  1.79827324e+02
 9.26118728e+04  4.61146566e+01  9.26118728e+04  1.79813520e+02
 1.00000000e+05  4.61156428e+01  1.00000000e+05  1.79798606e+02
 1.07977516e+05  4.61167928e+01  1.07977516e+05  1.79782492e+02
 1.16591440e+05  4.61181335e+01  1.16591440e+05  1.79765081e+02
 1.25892541e+05  4.61196972e+01  1.25892541e+05  1.79746266e+02
 1.35935639e+05  4.61215206e+01  1.35935639e+05  1.79725930e+02
 1.46779927e+05  4.61236467e+01  1.46779927e+05  1.79703947e+02
 1.58489319e+05  4.61261264e+01  1.58489319e+05  1.79680180e+02
 1.71132830e+05  4.61290184e+01  1.71132830e+05  1.79654478e+02
 1.84784980e+05  4.61323917e+01  1.84784980e+05  1.79626677e+02
 1.99526231e+05  4.61363256e+01  1.99526231e+05  1.79596597e+02
 2.15443469e+05  4.61409152e+01  2.15443469e+05  1.79564040e+02
 2.32630507e+05  4.61462682e+01  2.32630507e+05  1.79528786e+02
 2.51188643e+05  4.61525139e+01  2.51188643e+05  1.79490597e+02
 2.71227258e+05  4.61598003e+01  2.71227258e+05  1.79449205e+02
 2.92864456e+05  4.61683046e+01  2.92864456e+05  1.79404315e+02
 3.16227766e+05  4.61782299e+01  3.16227766e+05  1.79355595e+02
 3.41454887e+05  4.61898133e+01  3.41454887e+05  1.79302674e+02
 3.68694506e+05  4.62033405e+01  3.68694506e+05  1.79245132e+02
 3.98107171e+05  4.62191376e+01  3.98107171e+05  1.79182497e+02
 4.29866235e+05  4.62375884e+01  4.29866235e+05  1.79114229e+02
 4.64158883e+05  4.62591478e+01  4.64158883e+05  1.79039715e+02
 5.01187234e+05  4.62843498e+01  5.01187234e+05  1.78958218e+02
 5.41169527e+05  4.63138267e+01  5.41169527e+05  1.78868930e+02
 5.84341413e+05  4.63483091e+01  5.84341413e+05  1.78770859e+02
 6.30957344e+05  4.63886758e+01  6.30957344e+05  1.78662832e+02
 6.81292069e+05  4.64359786e+01  6.81292069e+05  1.78543522e+02
 7.35642254e+05  4.64914267e+01  7.35642254e+05  1.78411189e+02
 7.94328235e+05  4.65565132e+01  7.94328235e+05  1.78263850e+02
 8.57695899e+05  4.66330061e+01  8.57695899e+05  1.78099030e+02
 9.26118728e+05  4.67229860e+01  9.26118728e+05  1.77913592e+02
 1.00000000e+06  4.68290355e+01  1.00000000e+06  1.77703689e+02
 1.07977516e+06  4.69542618e+01  1.07977516e+06  1.77464300e+02
 1.16591440e+06  4.71024400e+01  1.16591440e+06  1.77189105e+02
 1.25892541e+06  4.72783316e+01  1.25892541e+06  1.76869413e+02
 1.35935639e+06  4.74877371e+01  1.35935639e+06  1.76494409e+02
 1.46779927e+06  4.77380220e+01  1.46779927e+06  1.76048484e+02
 1.58489319e+06  4.80387432e+01  1.58489319e+06  1.75510297e+02
 1.71132830e+06  4.84020197e+01  1.71132830e+06  1.74849758e+02
 1.84784980e+06  4.88442708e+01  1.84784980e+06  1.74021691e+02
 1.99526231e+06  4.93875607e+01  1.99526231e+06  1.72957126e+02
 2.15443469e+06  5.00625441e+01  2.15443469e+06  1.71545858e+02
 2.32630507e+06  5.09136549e+01  2.32630507e+06  1.69599284e+02
 2.51188643e+06  5.20065545e+01  2.51188643e+06  1.66772447e+02
 2.71227258e+06  5.34407126e+01  2.71227258e+06  1.62367377e+02
 2.92864456e+06  5.53590497e+01  2.92864456e+06  1.54792994e+02
 3.16227766e+06  5.78604235e+01  3.16227766e+06  1.39952498e+02
 3.41454887e+06  6.00813381e+01  3.41454887e+06  1.08927490e+02
 3.68694506e+06  5.87002356e+01  3.68694506e+06  6.74340214e+01
 3.98107171e+06  5.47904538e+01  3.98107171e+06  4.26464159e+01
 4.29866235e+06  5.11260628e+01  4.29866235e+06  3.09381657e+01
 4.64158883e+06  4.80382290e+01  4.64158883e+06  2.47907243e+01
 5.01187234e+06  4.53842815e+01  5.01187234e+06  2.11928036e+01
 5.41169527e+06  4.30337247e+01  5.41169527e+06  1.89429903e+01
 5.84341413e+06  4.08992363e+01  5.84341413e+06  1.74891455e+01
 6.30957344e+06  3.89221583e+01  6.30957344e+06  1.65533652e+01
 6.81292069e+06  3.70634522e+01  6.81292069e+06  1.59790365e+01
 7.35642254e+06  3.52930940e+01  7.35642254e+06  1.56715454e+01
 7.94328235e+06  3.35927062e+01  7.94328235e+06  1.55849162e+01
 8.57695899e+06  3.19450577e+01  8.57695899e+06  1.56753683e+01
 9.26118728e+06  3.03380730e+01  9.26118728e+06  1.59231860e+01
 1.00000000e+07  2.87631675e+01  1.00000000e+07  1.63260640e+01
 1.07977516e+07  2.72090252e+01  1.07977516e+07  1.68759271e+01
 1.16591440e+07  2.56705165e+01  1.16591440e+07  1.75731334e+01
 1.25892541e+07  2.41434478e+01  1.25892541e+07  1.84158054e+01
 1.35935639e+07  2.26181086e+01  1.35935639e+07  1.94232444e+01
 1.46779927e+07  2.10942524e+01  1.46779927e+07  2.06126945e+01
 1.58489319e+07  1.95602841e+01  1.58489319e+07  2.20099219e+01
 1.71132830e+07  1.80163078e+01  1.71132830e+07  2.36230690e+01
 1.84784980e+07  1.64556932e+01  1.84784980e+07  2.55376301e+01
 1.99526231e+07  1.48726304e+01  1.99526231e+07  2.77925798e+01
 2.15443469e+07  1.32640502e+01  2.15443469e+07  3.04393568e+01
 2.32630507e+07  1.16241111e+01  2.32630507e+07  3.36216069e+01
 2.51188643e+07  9.94881867e+00  2.51188643e+07  3.74113413e+01
 2.71227258e+07  8.24697571e+00  2.71227258e+07  4.19815674e+01
 2.92864456e+07  6.52598797e+00  2.92864456e+07  4.77009614e+01
 3.16227766e+07  4.80201103e+00  3.16227766e+07  5.47093226e+01
 3.41454887e+07  3.14195967e+00  3.41454887e+07  6.35727876e+01
 3.68694506e+07  1.60975926e+00  3.68694506e+07  7.42580176e+01
 3.98107171e+07  3.49779072e-01  3.98107171e+07  8.64487368e+01
 4.29866235e+07  -4.05681856e-01  4.29866235e+07  9.99391370e+01
 4.64158883e+07  -7.73759024e-01  4.64158883e+07  1.13354670e+02
 5.01187234e+07  -8.07344955e-01  5.01187234e+07  1.25966248e+02
 5.41169527e+07  -6.86213252e-01  5.41169527e+07  1.35597200e+02
 5.84341413e+07  -2.02227334e-01  5.84341413e+07  1.44209053e+02
 6.30957344e+07  2.58108996e-01  6.30957344e+07  1.52889479e+02
 6.81292069e+07  8.06470204e-01  6.81292069e+07  1.58284501e+02
 7.35642254e+07  1.32717349e+00  7.35642254e+07  1.62315740e+02
 7.94328235e+07  1.55601608e+00  7.94328235e+07  1.67016158e+02
 8.57695899e+07  2.11612711e+00  8.57695899e+07  1.70739740e+02
 9.26118728e+07  2.40811716e+00  9.26118728e+07  1.73722419e+02
 1.00000000e+08  2.81100894e+00  1.00000000e+08  1.76637964e+02
 1.07977516e+08  3.17571884e+00  1.07977516e+08  1.79447522e+02
 1.16591440e+08  3.37898706e+00  1.16591440e+08  1.81705829e+02
 1.25892541e+08  3.80640809e+00  1.25892541e+08  1.83918673e+02
 1.35935639e+08  4.05589859e+00  1.35935639e+08  1.85725599e+02
 1.46779927e+08  4.52012944e+00  1.46779927e+08  1.87245624e+02
 1.58489319e+08  4.90409605e+00  1.58489319e+08  1.88066185e+02
 1.71132830e+08  5.53408663e+00  1.71132830e+08  1.88669184e+02
 1.84784980e+08  5.74294957e+00  1.84784980e+08  1.89660025e+02
 1.99526231e+08  6.12743859e+00  1.99526231e+08  1.89779325e+02
 2.15443469e+08  6.40157088e+00  2.15443469e+08  1.90427443e+02
 2.32630507e+08  6.45883918e+00  2.32630507e+08  1.89719561e+02
 2.51188643e+08  6.23137761e+00  2.51188643e+08  1.89694745e+02
 2.71227258e+08  7.05750723e+00  2.71227258e+08  1.88715332e+02
 2.92864456e+08  7.07073872e+00  2.92864456e+08  1.88569326e+02
 3.16227766e+08  6.53092423e+00  3.16227766e+08  1.87135098e+02
 3.41454887e+08  6.76715577e+00  3.41454887e+08  1.86299028e+02
 3.68694506e+08  8.26995659e+00  3.68694506e+08  1.85643456e+02
 3.98107171e+08  9.48161083e+00  3.98107171e+08  1.84592895e+02
 4.29866235e+08  6.86261515e+00  4.29866235e+08  1.83897433e+02
 4.64158883e+08  8.47361980e+00  4.64158883e+08  1.83488064e+02
 5.01187234e+08  7.14269315e+00  5.01187234e+08  1.82683646e+02
 5.41169527e+08  7.73669193e+00  5.41169527e+08  1.82486983e+02
 5.84341413e+08  8.88183688e+00  5.84341413e+08  1.81962332e+02
 6.30957344e+08  5.05868342e+00  6.30957344e+08  1.81435732e+02
 6.81292069e+08  6.18151587e+00  6.81292069e+08  1.81550081e+02
 7.35642254e+08  8.37588303e+00  7.35642254e+08  1.81528780e+02
 7.94328235e+08  7.00653595e+00  7.94328235e+08  1.81221944e+02
 8.57695899e+08  5.66743209e+00  8.57695899e+08  1.81037396e+02
 9.26118728e+08  7.98078582e-01  9.26118728e+08  1.80206903e+02
 1.00000000e+09  4.86509774e+01  1.00000000e+09  9.14347369e+01
