 1.00000000e+00  4.63856906e+01  1.00000000e+00  1.79999998e+02
 1.07977516e+00  4.63856906e+01  1.07977516e+00  1.79999998e+02
 1.16591440e+00  4.63856906e+01  1.16591440e+00  1.79999998e+02
 1.25892541e+00  4.63856906e+01  1.25892541e+00  1.79999998e+02
 1.35935639e+00  4.63856906e+01  1.35935639e+00  1.79999998e+02
 1.46779927e+00  4.63856906e+01  1.46779927e+00  1.79999998e+02
 1.58489319e+00  4.63856906e+01  1.58489319e+00  1.79999997e+02
 1.71132830e+00  4.63856906e+01  1.71132830e+00  1.79999997e+02
 1.84784980e+00  4.63856906e+01  1.84784980e+00  1.79999997e+02
 1.99526231e+00  4.63856906e+01  1.99526231e+00  1.79999997e+02
 2.15443469e+00  4.63856906e+01  2.15443469e+00  1.79999996e+02
 2.32630507e+00  4.63856906e+01  2.32630507e+00  1.79999996e+02
 2.51188643e+00  4.63856906e+01  2.51188643e+00  1.79999996e+02
 2.71227258e+00  4.63856906e+01  2.71227258e+00  1.79999996e+02
 2.92864456e+00  4.63856906e+01  2.92864456e+00  1.79999995e+02
 3.16227766e+00  4.63856906e+01  3.16227766e+00  1.79999995e+02
 3.41454887e+00  4.63856906e+01  3.41454887e+00  1.79999994e+02
 3.68694506e+00  4.63856906e+01  3.68694506e+00  1.79999994e+02
 3.98107171e+00  4.63856906e+01  3.98107171e+00  1.79999993e+02
 4.29866235e+00  4.63856906e+01  4.29866235e+00  1.79999993e+02
 4.64158883e+00  4.63856906e+01  4.64158883e+00  1.79999992e+02
 5.01187234e+00  4.63856906e+01  5.01187234e+00  1.79999992e+02
 5.41169527e+00  4.63856906e+01  5.41169527e+00  1.79999991e+02
 5.84341413e+00  4.63856906e+01  5.84341413e+00  1.79999990e+02
 6.30957344e+00  4.63856906e+01  6.30957344e+00  1.79999990e+02
 6.81292069e+00  4.63856906e+01  6.81292069e+00  1.79999989e+02
 7.35642254e+00  4.63856906e+01  7.35642254e+00  1.79999988e+02
 7.94328235e+00  4.63856906e+01  7.94328235e+00  1.79999987e+02
 8.57695899e+00  4.63856906e+01  8.57695899e+00  1.79999986e+02
 9.26118728e+00  4.63856906e+01  9.26118728e+00  1.79999985e+02
 1.00000000e+01  4.63856906e+01  1.00000000e+01  1.79999984e+02
 1.07977516e+01  4.63856906e+01  1.07977516e+01  1.79999982e+02
 1.16591440e+01  4.63856906e+01  1.16591440e+01  1.79999981e+02
 1.25892541e+01  4.63856906e+01  1.25892541e+01  1.79999979e+02
 1.35935639e+01  4.63856906e+01  1.35935639e+01  1.79999978e+02
 1.46779927e+01  4.63856906e+01  1.46779927e+01  1.79999976e+02
 1.58489319e+01  4.63856906e+01  1.58489319e+01  1.79999974e+02
 1.71132830e+01  4.63856906e+01  1.71132830e+01  1.79999972e+02
 1.84784980e+01  4.63856906e+01  1.84784980e+01  1.79999970e+02
 1.99526231e+01  4.63856906e+01  1.99526231e+01  1.79999967e+02
 2.15443469e+01  4.63856906e+01  2.15443469e+01  1.79999965e+02
 2.32630507e+01  4.63856906e+01  2.32630507e+01  1.79999962e+02
 2.51188643e+01  4.63856906e+01  2.51188643e+01  1.79999959e+02
 2.71227258e+01  4.63856906e+01  2.71227258e+01  1.79999956e+02
 2.92864456e+01  4.63856906e+01  2.92864456e+01  1.79999952e+02
 3.16227766e+01  4.63856906e+01  3.16227766e+01  1.79999948e+02
 3.41454887e+01  4.63856906e+01  3.41454887e+01  1.79999944e+02
 3.68694506e+01  4.63856906e+01  3.68694506e+01  1.79999940e+02
 3.98107171e+01  4.63856906e+01  3.98107171e+01  1.79999935e+02
 4.29866235e+01  4.63856906e+01  4.29866235e+01  1.79999930e+02
 4.64158883e+01  4.63856906e+01  4.64158883e+01  1.79999924e+02
 5.01187234e+01  4.63856906e+01  5.01187234e+01  1.79999918e+02
 5.41169527e+01  4.63856906e+01  5.41169527e+01  1.79999911e+02
 5.84341413e+01  4.63856906e+01  5.84341413e+01  1.79999904e+02
 6.30957344e+01  4.63856906e+01  6.30957344e+01  1.79999897e+02
 6.81292069e+01  4.63856906e+01  6.81292069e+01  1.79999888e+02
 7.35642254e+01  4.63856906e+01  7.35642254e+01  1.79999879e+02
 7.94328235e+01  4.63856906e+01  7.94328235e+01  1.79999870e+02
 8.57695899e+01  4.63856906e+01  8.57695899e+01  1.79999859e+02
 9.26118728e+01  4.63856906e+01  9.26118728e+01  1.79999848e+02
 1.00000000e+02  4.63856906e+01  1.00000000e+02  1.79999836e+02
 1.07977516e+02  4.63856906e+01  1.07977516e+02  1.79999823e+02
 1.16591440e+02  4.63856906e+01  1.16591440e+02  1.79999809e+02
 1.25892541e+02  4.63856906e+01  1.25892541e+02  1.79999794e+02
 1.35935639e+02  4.63856906e+01  1.35935639e+02  1.79999777e+02
 1.46779927e+02  4.63856906e+01  1.46779927e+02  1.79999760e+02
 1.58489319e+02  4.63856906e+01  1.58489319e+02  1.79999740e+02
 1.71132830e+02  4.63856906e+01  1.71132830e+02  1.79999720e+02
 1.84784980e+02  4.63856906e+01  1.84784980e+02  1.79999697e+02
 1.99526231e+02  4.63856906e+01  1.99526231e+02  1.79999673e+02
 2.15443469e+02  4.63856906e+01  2.15443469e+02  1.79999647e+02
 2.32630507e+02  4.63856906e+01  2.32630507e+02  1.79999619e+02
 2.51188643e+02  4.63856906e+01  2.51188643e+02  1.79999588e+02
 2.71227258e+02  4.63856906e+01  2.71227258e+02  1.79999556e+02
 2.92864456e+02  4.63856906e+01  2.92864456e+02  1.79999520e+02
 3.16227766e+02  4.63856906e+01  3.16227766e+02  1.79999482e+02
 3.41454887e+02  4.63856906e+01  3.41454887e+02  1.79999441e+02
 3.68694506e+02  4.63856907e+01  3.68694506e+02  1.79999396e+02
 3.98107171e+02  4.63856907e+01  3.98107171e+02  1.79999348e+02
 4.29866235e+02  4.63856907e+01  4.29866235e+02  1.79999296e+02
 4.64158883e+02  4.63856907e+01  4.64158883e+02  1.79999240e+02
 5.01187234e+02  4.63856908e+01  5.01187234e+02  1.79999179e+02
 5.41169527e+02  4.63856908e+01  5.41169527e+02  1.79999113e+02
 5.84341413e+02  4.63856908e+01  5.84341413e+02  1.79999043e+02
 6.30957344e+02  4.63856909e+01  6.30957344e+02  1.79998966e+02
 6.81292069e+02  4.63856909e+01  6.81292069e+02  1.79998884e+02
 7.35642254e+02  4.63856910e+01  7.35642254e+02  1.79998795e+02
 7.94328235e+02  4.63856911e+01  7.94328235e+02  1.79998699e+02
 8.57695899e+02  4.63856911e+01  8.57695899e+02  1.79998595e+02
 9.26118728e+02  4.63856912e+01  9.26118728e+02  1.79998483e+02
 1.00000000e+03  4.63856913e+01  1.00000000e+03  1.79998362e+02
 1.07977516e+03  4.63856915e+01  1.07977516e+03  1.79998231e+02
 1.16591440e+03  4.63856916e+01  1.16591440e+03  1.79998090e+02
 1.25892541e+03  4.63856918e+01  1.25892541e+03  1.79997937e+02
 1.35935639e+03  4.63856920e+01  1.35935639e+03  1.79997773e+02
 1.46779927e+03  4.63856922e+01  1.46779927e+03  1.79997595e+02
 1.58489319e+03  4.63856925e+01  1.58489319e+03  1.79997403e+02
 1.71132830e+03  4.63856928e+01  1.71132830e+03  1.79997196e+02
 1.84784980e+03  4.63856932e+01  1.84784980e+03  1.79996972e+02
 1.99526231e+03  4.63856936e+01  1.99526231e+03  1.79996731e+02
 2.15443469e+03  4.63856941e+01  2.15443469e+03  1.79996470e+02
 2.32630507e+03  4.63856948e+01  2.32630507e+03  1.79996189e+02
 2.51188643e+03  4.63856955e+01  2.51188643e+03  1.79995884e+02
 2.71227258e+03  4.63856963e+01  2.71227258e+03  1.79995556e+02
 2.92864456e+03  4.63856972e+01  2.92864456e+03  1.79995202e+02
 3.16227766e+03  4.63856983e+01  3.16227766e+03  1.79994819e+02
 3.41454887e+03  4.63856996e+01  3.41454887e+03  1.79994406e+02
 3.68694506e+03  4.63857011e+01  3.68694506e+03  1.79993959e+02
 3.98107171e+03  4.63857028e+01  3.98107171e+03  1.79993477e+02
 4.29866235e+03  4.63857049e+01  4.29866235e+03  1.79992957e+02
 4.64158883e+03  4.63857074e+01  4.64158883e+03  1.79992395e+02
 5.01187234e+03  4.63857102e+01  5.01187234e+03  1.79991788e+02
 5.41169527e+03  4.63857133e+01  5.41169527e+03  1.79991133e+02
 5.84341413e+03  4.63857168e+01  5.84341413e+03  1.79990426e+02
 6.30957344e+03  4.63857214e+01  6.30957344e+03  1.79989662e+02
 6.81292069e+03  4.63857265e+01  6.81292069e+03  1.79988837e+02
 7.35642254e+03  4.63857325e+01  7.35642254e+03  1.79987947e+02
 7.94328235e+03  4.63857395e+01  7.94328235e+03  1.79986985e+02
 8.57695899e+03  4.63857476e+01  8.57695899e+03  1.79985947e+02
 9.26118728e+03  4.63857566e+01  9.26118728e+03  1.79984826e+02
 1.00000000e+04  4.63857687e+01  1.00000000e+04  1.79983615e+02
 1.07977516e+04  4.63857803e+01  1.07977516e+04  1.79982309e+02
 1.16591440e+04  4.63857960e+01  1.16591440e+04  1.79980897e+02
 1.25892541e+04  4.63858134e+01  1.25892541e+04  1.79979373e+02
 1.35935639e+04  4.63858349e+01  1.35935639e+04  1.79977727e+02
 1.46779927e+04  4.63858576e+01  1.46779927e+04  1.79975950e+02
 1.58489319e+04  4.63858868e+01  1.58489319e+04  1.79974032e+02
 1.71132830e+04  4.63859193e+01  1.71132830e+04  1.79971960e+02
 1.84784980e+04  4.63859533e+01  1.84784980e+04  1.79969723e+02
 1.99526231e+04  4.63859969e+01  1.99526231e+04  1.79967307e+02
 2.15443469e+04  4.63860531e+01  2.15443469e+04  1.79964698e+02
 2.32630507e+04  4.63861102e+01  2.32630507e+04  1.79961882e+02
 2.51188643e+04  4.63861798e+01  2.51188643e+04  1.79958841e+02
 2.71227258e+04  4.63862610e+01  2.71227258e+04  1.79955556e+02
 2.92864456e+04  4.63863556e+01  2.92864456e+04  1.79952010e+02
 3.16227766e+04  4.63864717e+01  3.16227766e+04  1.79948180e+02
 3.41454887e+04  4.63866014e+01  3.41454887e+04  1.79944044e+02
 3.68694506e+04  4.63867446e+01  3.68694506e+04  1.79939579e+02
 3.98107171e+04  4.63869287e+01  3.98107171e+04  1.79934756e+02
 4.29866235e+04  4.63871127e+01  4.29866235e+04  1.79929550e+02
 4.64158883e+04  4.63873611e+01  4.64158883e+04  1.79923925e+02
 5.01187234e+04  4.63876237e+01  5.01187234e+04  1.79917852e+02
 5.41169527e+04  4.63879445e+01  5.41169527e+04  1.79911293e+02
 5.84341413e+04  4.63883384e+01  5.84341413e+04  1.79904208e+02
 6.30957344e+04  4.63887778e+01  6.30957344e+04  1.79896557e+02
 6.81292069e+04  4.63892901e+01  6.81292069e+04  1.79888294e+02
 7.35642254e+04  4.63898874e+01  7.35642254e+04  1.79879367e+02
 7.94328235e+04  4.63905840e+01  7.94328235e+04  1.79869725e+02
 8.57695899e+04  4.63914390e+01  8.57695899e+04  1.79859307e+02
 9.26118728e+04  4.63923431e+01  9.26118728e+04  1.79848056e+02
 1.00000000e+05  4.63935055e+01  1.00000000e+05  1.79835895e+02
 1.07977516e+05  4.63947349e+01  1.07977516e+05  1.79822760e+02
 1.16591440e+05  4.63962364e+01  1.16591440e+05  1.79808562e+02
 1.25892541e+05  4.63979873e+01  1.25892541e+05  1.79793216e+02
 1.35935639e+05  4.64000293e+01  1.35935639e+05  1.79776627e+02
 1.46779927e+05  4.64024104e+01  1.46779927e+05  1.79758690e+02
 1.58489319e+05  4.64053338e+01  1.58489319e+05  1.79739284e+02
 1.71132830e+05  4.64084263e+01  1.71132830e+05  1.79718308e+02
 1.84784980e+05  4.64120056e+01  1.84784980e+05  1.79695602e+02
 1.99526231e+05  4.64166110e+01  1.99526231e+05  1.79671022e+02
 2.15443469e+05  4.64217511e+01  2.15443469e+05  1.79644406e+02
 2.32630507e+05  4.64274340e+01  2.32630507e+05  1.79615568e+02
 2.51188643e+05  4.64347463e+01  2.51188643e+05  1.79584309e+02
 2.71227258e+05  4.64424831e+01  2.71227258e+05  1.79550398e+02
 2.92864456e+05  4.64524407e+01  2.92864456e+05  1.79513592e+02
 3.16227766e+05  4.64629831e+01  3.16227766e+05  1.79473594e+02
 3.41454887e+05  4.64765505e+01  3.41454887e+05  1.79430107e+02
 3.68694506e+05  4.64925070e+01  3.68694506e+05  1.79382678e+02
 3.98107171e+05  4.65085079e+01  3.98107171e+05  1.79331099e+02
 4.29866235e+05  4.65301272e+01  4.29866235e+05  1.79274728e+02
 4.64158883e+05  4.65530655e+01  4.64158883e+05  1.79213010e+02
 5.01187234e+05  4.65826128e+01  5.01187234e+05  1.79145407e+02
 5.41169527e+05  4.66157075e+01  5.41169527e+05  1.79071082e+02
 5.84341413e+05  4.66524663e+01  5.84341413e+05  1.78989109e+02
 6.30957344e+05  4.66975187e+01  6.30957344e+05  1.78898529e+02
 6.81292069e+05  4.67530500e+01  6.81292069e+05  1.78798108e+02
 7.35642254e+05  4.68154951e+01  7.35642254e+05  1.78686107e+02
 7.94328235e+05  4.68888501e+01  7.94328235e+05  1.78560680e+02
 8.57695899e+05  4.69794246e+01  8.57695899e+05  1.78418576e+02
 9.26118728e+05  4.70818217e+01  9.26118728e+05  1.78258268e+02
 1.00000000e+06  4.71968674e+01  1.00000000e+06  1.78076577e+02
 1.07977516e+06  4.73320881e+01  1.07977516e+06  1.77865784e+02
 1.16591440e+06  4.75073397e+01  1.16591440e+06  1.77621655e+02
 1.25892541e+06  4.76986026e+01  1.25892541e+06  1.77333723e+02
 1.35935639e+06  4.79581273e+01  1.35935639e+06  1.76989025e+02
 1.46779927e+06  4.82224363e+01  1.46779927e+06  1.76578817e+02
 1.58489319e+06  4.85967869e+01  1.58489319e+06  1.76067410e+02
 1.71132830e+06  4.90045816e+01  1.71132830e+06  1.75437955e+02
 1.84784980e+06  4.95230197e+01  1.84784980e+06  1.74622923e+02
 1.99526231e+06  5.01897783e+01  1.99526231e+06  1.73533768e+02
 2.15443469e+06  5.09781415e+01  2.15443469e+06  1.72065637e+02
 2.32630507e+06  5.19895478e+01  2.32630507e+06  1.69929585e+02
 2.51188643e+06  5.33593864e+01  2.51188643e+06  1.66635448e+02
 2.71227258e+06  5.53086978e+01  2.71227258e+06  1.60991941e+02
 2.92864456e+06  5.78748456e+01  2.92864456e+06  1.49966300e+02
 3.16227766e+06  6.10762599e+01  3.16227766e+06  1.23952830e+02
 3.41454887e+06  6.12364168e+01  3.41454887e+06  7.53454068e+01
 3.68694506e+06  5.68413486e+01  3.68694506e+06  4.29322169e+01
 3.98107171e+06  5.26721452e+01  3.98107171e+06  2.94512713e+01
 4.29866235e+06  4.93980258e+01  4.29866235e+06  2.29667223e+01
 4.64158883e+06  4.64660605e+01  4.64158883e+06  1.94724851e+01
 5.01187234e+06  4.40041105e+01  5.01187234e+06  1.73439252e+01
 5.41169527e+06  4.19593561e+01  5.41169527e+06  1.58856202e+01
 5.84341413e+06  3.99555179e+01  5.84341413e+06  1.50294080e+01
 6.30957344e+06  3.76323974e+01  6.30957344e+06  1.45438171e+01
 6.81292069e+06  3.57942728e+01  6.81292069e+06  1.42878176e+01
 7.35642254e+06  3.40252956e+01  7.35642254e+06  1.42223159e+01
 7.94328235e+06  3.26766865e+01  7.94328235e+06  1.46816703e+01
 8.57695899e+06  3.14665056e+01  8.57695899e+06  1.44365196e+01
 9.26118728e+06  2.94743141e+01  9.26118728e+06  1.54522729e+01
 1.00000000e+07  2.79159847e+01  1.00000000e+07  1.60444819e+01
 1.07977516e+07  2.63777729e+01  1.07977516e+07  1.67694474e+01
 1.16591440e+07  2.48512085e+01  1.16591440e+07  1.76414432e+01
 1.25892541e+07  2.41838147e+01  1.25892541e+07  1.69613286e+01
 1.35935639e+07  2.28000197e+01  1.35935639e+07  1.77305490e+01
 1.46779927e+07  2.02931793e+01  1.46779927e+07  2.12310982e+01
 1.58489319e+07  1.87636482e+01  1.58489319e+07  2.28287296e+01
 1.71132830e+07  1.87420800e+01  1.71132830e+07  2.05498322e+01
 1.84784980e+07  1.56644409e+01  1.84784980e+07  2.68217216e+01
 1.99526231e+07  1.61001134e+01  1.99526231e+07  2.28500807e+01
 2.15443469e+07  9.09971119e+00  2.15443469e+07  2.32590606e+01
 2.32630507e+07  1.08370776e+01  2.32630507e+07  3.58310976e+01
 2.51188643e+07  1.22065628e+01  2.51188643e+07  2.69944870e+01
 2.71227258e+07  6.41461417e-01  2.71227258e+07  2.37697334e+01
 2.92864456e+07  5.78725808e+00  2.92864456e+07  5.15211078e+01
 3.16227766e+07  -9.24635586e+00  3.16227766e+07  1.19929278e+01
 3.41454887e+07  7.09153017e+00  3.41454887e+07  3.42985312e+01
 3.68694506e+07  5.82230233e+00  3.68694506e+07  3.65146886e+01
 3.98107171e+07  1.51416055e-01  3.98107171e+07  9.25494353e+01
 4.29866235e+07  3.41782169e+00  4.29866235e+07  1.67935149e+01
 4.64158883e+07  -6.60760006e-01  4.64158883e+07  1.18357758e+02
 5.01187234e+07  -5.75541445e-01  5.01187234e+07  1.29502751e+02
 5.41169527e+07  -2.86362964e-01  5.41169527e+07  1.39036530e+02
 5.84341413e+07  1.15065126e-01  5.84341413e+07  1.46968656e+02
 6.30957344e+07  5.31410316e-01  6.30957344e+07  1.53556187e+02
 6.81292069e+07  -3.68112720e+00  6.81292069e+07  6.61103231e+01
 7.35642254e+07  -1.64211820e+00  7.35642254e+07  2.45556555e+02
 7.94328235e+07  1.78619284e+00  7.94328235e+07  1.67851003e+02
 8.57695899e+07  -6.08897180e+00  8.57695899e+07  8.33718501e+01
 9.26118728e+07  -6.63977309e+00  9.26118728e+07  8.90061630e+01
 1.00000000e+08  -2.47393395e+00  1.00000000e+08  2.53220375e+02
 1.07977516e+08  3.22445980e+00  1.07977516e+08  1.79749107e+02
 1.16591440e+08  3.49601458e+00  1.16591440e+08  1.82054011e+02
 1.25892541e+08  3.90115359e+00  1.25892541e+08  1.83866575e+02
 1.35935639e+08  -7.81652785e+00  1.35935639e+08  1.10232232e+02
 1.46779927e+08  -4.34904245e+00  1.46779927e+08  2.61013109e+02
 1.58489319e+08  -7.95892369e+00  1.58489319e+08  1.14126172e+02
 1.71132830e+08  -8.03369084e+00  1.71132830e+08  1.15215663e+02
 1.84784980e+08  -8.13031623e+00  1.84784980e+08  1.15795226e+02
 1.99526231e+08  6.05283630e+00  1.99526231e+08  1.89778427e+02
 2.15443469e+08  -8.41882197e+00  2.15443469e+08  1.15761714e+02
 2.32630507e+08  6.63435679e+00  2.32630507e+08  1.89447503e+02
 2.51188643e+08  6.28286201e+00  2.51188643e+08  1.89089514e+02
 2.71227258e+08  6.22328089e+00  2.71227258e+08  1.88483960e+02
 2.92864456e+08  -9.48879057e+00  2.92864456e+08  1.10856780e+02
 3.16227766e+08  -9.89948186e+00  3.16227766e+08  1.10089904e+02
 3.41454887e+08  8.10014026e+00  3.41454887e+08  1.85765061e+02
 3.68694506e+08  7.65008790e+00  3.68694506e+08  1.84977913e+02
 3.98107171e+08  -1.13978525e+01  3.98107171e+08  2.63749432e+02
 4.29866235e+08  -1.18673318e+01  4.29866235e+08  1.04047940e+02
 4.64158883e+08  -1.28775911e+01  4.64158883e+08  2.62622087e+02
 5.01187234e+08  -1.36129505e+01  5.01187234e+08  2.63942896e+02
 5.41169527e+08  -1.43900517e+01  5.41169527e+08  2.62475524e+02
 5.84341413e+08  -2.15902214e+01  5.84341413e+08  2.61876427e+02
 6.30957344e+08  7.70140713e+00  6.30957344e+08  1.80777412e+02
 6.81292069e+08  -1.54647887e+01  6.81292069e+08  9.64882205e+01
 7.35642254e+08  9.18116622e+00  7.35642254e+08  1.79900095e+02
 7.94328235e+08  9.15410020e+00  7.94328235e+08  1.79231251e+02
 8.57695899e+08  -1.73670492e+01  8.57695899e+08  9.40352560e+01
 9.26118728e+08  -1.80141545e+01  9.26118728e+08  9.47637201e+01
 1.00000000e+09  7.24530886e+00  1.00000000e+09  1.78910486e+02
