 1.00000000e+00  4.63856905e+01  1.00000000e+00  1.79999998e+02
 1.07977516e+00  4.63856905e+01  1.07977516e+00  1.79999998e+02
 1.16591440e+00  4.63856905e+01  1.16591440e+00  1.79999998e+02
 1.25892541e+00  4.63856905e+01  1.25892541e+00  1.79999998e+02
 1.35935639e+00  4.63856905e+01  1.35935639e+00  1.79999998e+02
 1.46779927e+00  4.63856905e+01  1.46779927e+00  1.79999998e+02
 1.58489319e+00  4.63856905e+01  1.58489319e+00  1.79999998e+02
 1.71132830e+00  4.63856905e+01  1.71132830e+00  1.79999997e+02
 1.84784980e+00  4.63856905e+01  1.84784980e+00  1.79999997e+02
 1.99526231e+00  4.63856905e+01  1.99526231e+00  1.79999997e+02
 2.15443469e+00  4.63856905e+01  2.15443469e+00  1.79999997e+02
 2.32630507e+00  4.63856905e+01  2.32630507e+00  1.79999996e+02
 2.51188643e+00  4.63856905e+01  2.51188643e+00  1.79999996e+02
 2.71227258e+00  4.63856905e+01  2.71227258e+00  1.79999996e+02
 2.92864456e+00  4.63856905e+01  2.92864456e+00  1.79999995e+02
 3.16227766e+00  4.63856905e+01  3.16227766e+00  1.79999995e+02
 3.41454887e+00  4.63856905e+01  3.41454887e+00  1.79999995e+02
 3.68694506e+00  4.63856905e+01  3.68694506e+00  1.79999994e+02
 3.98107171e+00  4.63856905e+01  3.98107171e+00  1.79999994e+02
 4.29866235e+00  4.63856905e+01  4.29866235e+00  1.79999993e+02
 4.64158883e+00  4.63856905e+01  4.64158883e+00  1.79999993e+02
 5.01187234e+00  4.63856905e+01  5.01187234e+00  1.79999992e+02
 5.41169527e+00  4.63856905e+01  5.41169527e+00  1.79999992e+02
 5.84341413e+00  4.63856905e+01  5.84341413e+00  1.79999991e+02
 6.30957344e+00  4.63856905e+01  6.30957344e+00  1.79999990e+02
 6.81292069e+00  4.63856905e+01  6.81292069e+00  1.79999989e+02
 7.35642254e+00  4.63856905e+01  7.35642254e+00  1.79999989e+02
 7.94328235e+00  4.63856905e+01  7.94328235e+00  1.79999988e+02
 8.57695899e+00  4.63856905e+01  8.57695899e+00  1.79999987e+02
 9.26118728e+00  4.63856905e+01  9.26118728e+00  1.79999986e+02
 1.00000000e+01  4.63856905e+01  1.00000000e+01  1.79999984e+02
 1.07977516e+01  4.63856905e+01  1.07977516e+01  1.79999983e+02
 1.16591440e+01  4.63856905e+01  1.16591440e+01  1.79999982e+02
 1.25892541e+01  4.63856905e+01  1.25892541e+01  1.79999980e+02
 1.35935639e+01  4.63856905e+01  1.35935639e+01  1.79999979e+02
 1.46779927e+01  4.63856905e+01  1.46779927e+01  1.79999977e+02
 1.58489319e+01  4.63856905e+01  1.58489319e+01  1.79999975e+02
 1.71132830e+01  4.63856905e+01  1.71132830e+01  1.79999973e+02
 1.84784980e+01  4.63856905e+01  1.84784980e+01  1.79999971e+02
 1.99526231e+01  4.63856905e+01  1.99526231e+01  1.79999969e+02
 2.15443469e+01  4.63856905e+01  2.15443469e+01  1.79999966e+02
 2.32630507e+01  4.63856905e+01  2.32630507e+01  1.79999964e+02
 2.51188643e+01  4.63856905e+01  2.51188643e+01  1.79999961e+02
 2.71227258e+01  4.63856905e+01  2.71227258e+01  1.79999958e+02
 2.92864456e+01  4.63856905e+01  2.92864456e+01  1.79999954e+02
 3.16227766e+01  4.63856905e+01  3.16227766e+01  1.79999951e+02
 3.41454887e+01  4.63856905e+01  3.41454887e+01  1.79999947e+02
 3.68694506e+01  4.63856905e+01  3.68694506e+01  1.79999943e+02
 3.98107171e+01  4.63856905e+01  3.98107171e+01  1.79999938e+02
 4.29866235e+01  4.63856905e+01  4.29866235e+01  1.79999933e+02
 4.64158883e+01  4.63856905e+01  4.64158883e+01  1.79999928e+02
 5.01187234e+01  4.63856905e+01  5.01187234e+01  1.79999922e+02
 5.41169527e+01  4.63856905e+01  5.41169527e+01  1.79999916e+02
 5.84341413e+01  4.63856906e+01  5.84341413e+01  1.79999909e+02
 6.30957344e+01  4.63856906e+01  6.30957344e+01  1.79999902e+02
 6.81292069e+01  4.63856906e+01  6.81292069e+01  1.79999894e+02
 7.35642254e+01  4.63856906e+01  7.35642254e+01  1.79999885e+02
 7.94328235e+01  4.63856906e+01  7.94328235e+01  1.79999876e+02
 8.57695899e+01  4.63856906e+01  8.57695899e+01  1.79999866e+02
 9.26118728e+01  4.63856906e+01  9.26118728e+01  1.79999856e+02
 1.00000000e+02  4.63856906e+01  1.00000000e+02  1.79999844e+02
 1.07977516e+02  4.63856906e+01  1.07977516e+02  1.79999832e+02
 1.16591440e+02  4.63856906e+01  1.16591440e+02  1.79999819e+02
 1.25892541e+02  4.63856906e+01  1.25892541e+02  1.79999804e+02
 1.35935639e+02  4.63856906e+01  1.35935639e+02  1.79999788e+02
 1.46779927e+02  4.63856906e+01  1.46779927e+02  1.79999772e+02
 1.58489319e+02  4.63856906e+01  1.58489319e+02  1.79999753e+02
 1.71132830e+02  4.63856906e+01  1.71132830e+02  1.79999734e+02
 1.84784980e+02  4.63856906e+01  1.84784980e+02  1.79999712e+02
 1.99526231e+02  4.63856906e+01  1.99526231e+02  1.79999689e+02
 2.15443469e+02  4.63856906e+01  2.15443469e+02  1.79999665e+02
 2.32630507e+02  4.63856906e+01  2.32630507e+02  1.79999638e+02
 2.51188643e+02  4.63856906e+01  2.51188643e+02  1.79999609e+02
 2.71227258e+02  4.63856906e+01  2.71227258e+02  1.79999578e+02
 2.92864456e+02  4.63856906e+01  2.92864456e+02  1.79999544e+02
 3.16227766e+02  4.63856906e+01  3.16227766e+02  1.79999508e+02
 3.41454887e+02  4.63856906e+01  3.41454887e+02  1.79999469e+02
 3.68694506e+02  4.63856907e+01  3.68694506e+02  1.79999426e+02
 3.98107171e+02  4.63856907e+01  3.98107171e+02  1.79999380e+02
 4.29866235e+02  4.63856907e+01  4.29866235e+02  1.79999331e+02
 4.64158883e+02  4.63856907e+01  4.64158883e+02  1.79999278e+02
 5.01187234e+02  4.63856907e+01  5.01187234e+02  1.79999220e+02
 5.41169527e+02  4.63856908e+01  5.41169527e+02  1.79999158e+02
 5.84341413e+02  4.63856908e+01  5.84341413e+02  1.79999090e+02
 6.30957344e+02  4.63856909e+01  6.30957344e+02  1.79999018e+02
 6.81292069e+02  4.63856909e+01  6.81292069e+02  1.79998940e+02
 7.35642254e+02  4.63856910e+01  7.35642254e+02  1.79998855e+02
 7.94328235e+02  4.63856910e+01  7.94328235e+02  1.79998764e+02
 8.57695899e+02  4.63856911e+01  8.57695899e+02  1.79998665e+02
 9.26118728e+02  4.63856912e+01  9.26118728e+02  1.79998558e+02
 1.00000000e+03  4.63856913e+01  1.00000000e+03  1.79998443e+02
 1.07977516e+03  4.63856915e+01  1.07977516e+03  1.79998319e+02
 1.16591440e+03  4.63856916e+01  1.16591440e+03  1.79998185e+02
 1.25892541e+03  4.63856918e+01  1.25892541e+03  1.79998040e+02
 1.35935639e+03  4.63856920e+01  1.35935639e+03  1.79997884e+02
 1.46779927e+03  4.63856922e+01  1.46779927e+03  1.79997715e+02
 1.58489319e+03  4.63856925e+01  1.58489319e+03  1.79997533e+02
 1.71132830e+03  4.63856928e+01  1.71132830e+03  1.79997336e+02
 1.84784980e+03  4.63856932e+01  1.84784980e+03  1.79997124e+02
 1.99526231e+03  4.63856936e+01  1.99526231e+03  1.79996894e+02
 2.15443469e+03  4.63856942e+01  2.15443469e+03  1.79996647e+02
 2.32630507e+03  4.63856948e+01  2.32630507e+03  1.79996379e+02
 2.51188643e+03  4.63856954e+01  2.51188643e+03  1.79996090e+02
 2.71227258e+03  4.63856963e+01  2.71227258e+03  1.79995778e+02
 2.92864456e+03  4.63856972e+01  2.92864456e+03  1.79995441e+02
 3.16227766e+03  4.63856983e+01  3.16227766e+03  1.79995078e+02
 3.41454887e+03  4.63856996e+01  3.41454887e+03  1.79994685e+02
 3.68694506e+03  4.63857011e+01  3.68694506e+03  1.79994261e+02
 3.98107171e+03  4.63857029e+01  3.98107171e+03  1.79993803e+02
 4.29866235e+03  4.63857049e+01  4.29866235e+03  1.79993309e+02
 4.64158883e+03  4.63857073e+01  4.64158883e+03  1.79992775e+02
 5.01187234e+03  4.63857101e+01  5.01187234e+03  1.79992199e+02
 5.41169527e+03  4.63857133e+01  5.41169527e+03  1.79991576e+02
 5.84341413e+03  4.63857171e+01  5.84341413e+03  1.79990904e+02
 6.30957344e+03  4.63857215e+01  6.30957344e+03  1.79990179e+02
 6.81292069e+03  4.63857266e+01  6.81292069e+03  1.79989395e+02
 7.35642254e+03  4.63857326e+01  7.35642254e+03  1.79988549e+02
 7.94328235e+03  4.63857395e+01  7.94328235e+03  1.79987636e+02
 8.57695899e+03  4.63857477e+01  8.57695899e+03  1.79986650e+02
 9.26118728e+03  4.63857572e+01  9.26118728e+03  1.79985584e+02
 1.00000000e+04  4.63857682e+01  1.00000000e+04  1.79984434e+02
 1.07977516e+04  4.63857811e+01  1.07977516e+04  1.79983193e+02
 1.16591440e+04  4.63857961e+01  1.16591440e+04  1.79981852e+02
 1.25892541e+04  4.63858136e+01  1.25892541e+04  1.79980404e+02
 1.35935639e+04  4.63858341e+01  1.35935639e+04  1.79978841e+02
 1.46779927e+04  4.63858579e+01  1.46779927e+04  1.79977152e+02
 1.58489319e+04  4.63858856e+01  1.58489319e+04  1.79975330e+02
 1.71132830e+04  4.63859180e+01  1.71132830e+04  1.79973361e+02
 1.84784980e+04  4.63859557e+01  1.84784980e+04  1.79971236e+02
 1.99526231e+04  4.63859997e+01  1.99526231e+04  1.79968941e+02
 2.15443469e+04  4.63860510e+01  2.15443469e+04  1.79966463e+02
 2.32630507e+04  4.63861108e+01  2.32630507e+04  1.79963787e+02
 2.51188643e+04  4.63861806e+01  2.51188643e+04  1.79960898e+02
 2.71227258e+04  4.63862619e+01  2.71227258e+04  1.79957777e+02
 2.92864456e+04  4.63863567e+01  2.92864456e+04  1.79954408e+02
 3.16227766e+04  4.63864672e+01  3.16227766e+04  1.79950770e+02
 3.41454887e+04  4.63865961e+01  3.41454887e+04  1.79946841e+02
 3.68694506e+04  4.63867463e+01  3.68694506e+04  1.79942598e+02
 3.98107171e+04  4.63869215e+01  3.98107171e+04  1.79938017e+02
 4.29866235e+04  4.63871258e+01  4.29866235e+04  1.79933069e+02
 4.64158883e+04  4.63873639e+01  4.64158883e+04  1.79927726e+02
 5.01187234e+04  4.63876416e+01  5.01187234e+04  1.79921956e+02
 5.41169527e+04  4.63879653e+01  5.41169527e+04  1.79915724e+02
 5.84341413e+04  4.63883427e+01  5.84341413e+04  1.79908993e+02
 6.30957344e+04  4.63887829e+01  6.30957344e+04  1.79901724e+02
 6.81292069e+04  4.63892960e+01  6.81292069e+04  1.79893872e+02
 7.35642254e+04  4.63898944e+01  7.35642254e+04  1.79885391e+02
 7.94328235e+04  4.63905920e+01  7.94328235e+04  1.79876229e+02
 8.57695899e+04  4.63914056e+01  8.57695899e+04  1.79866332e+02
 9.26118728e+04  4.63923540e+01  9.26118728e+04  1.79855639e+02
 1.00000000e+05  4.63934601e+01  1.00000000e+05  1.79844086e+02
 1.07977516e+05  4.63947500e+01  1.07977516e+05  1.79831601e+02
 1.16591440e+05  4.63962538e+01  1.16591440e+05  1.79818108e+02
 1.25892541e+05  4.63980075e+01  1.25892541e+05  1.79803523e+02
 1.35935639e+05  4.64000530e+01  1.35935639e+05  1.79787756e+02
 1.46779927e+05  4.64024377e+01  1.46779927e+05  1.79770706e+02
 1.58489319e+05  4.64052197e+01  1.58489319e+05  1.79752266e+02
 1.71132830e+05  4.64084641e+01  1.71132830e+05  1.79732316e+02
 1.84784980e+05  4.64122479e+01  1.84784980e+05  1.79710726e+02
 1.99526231e+05  4.64166620e+01  1.99526231e+05  1.79687353e+02
 2.15443469e+05  4.64218109e+01  2.15443469e+05  1.79662037e+02
 2.32630507e+05  4.64278175e+01  2.32630507e+05  1.79634605e+02
 2.51188643e+05  4.64348270e+01  2.51188643e+05  1.79604860e+02
 2.71227258e+05  4.64430054e+01  2.71227258e+05  1.79572589e+02
 2.92864456e+05  4.64525508e+01  2.92864456e+05  1.79537547e+02
 3.16227766e+05  4.64636916e+01  3.16227766e+05  1.79499463e+02
 3.41454887e+05  4.64766998e+01  3.41454887e+05  1.79458026e+02
 3.68694506e+05  4.64918882e+01  3.68694506e+05  1.79412888e+02
 3.98107171e+05  4.65096317e+01  3.98107171e+05  1.79363647e+02
 4.29866235e+05  4.65303641e+01  4.29866235e+05  1.79309844e+02
 4.64158883e+05  4.65545971e+01  4.64158883e+05  1.79250939e+02
 5.01187234e+05  4.65829288e+01  5.01187234e+05  1.79186313e+02
 5.41169527e+05  4.66160854e+01  5.41169527e+05  1.79115228e+02
 5.84341413e+05  4.66548972e+01  5.84341413e+05  1.79036824e+02
 6.30957344e+05  4.67003467e+01  6.30957344e+05  1.78950008e+02
 6.81292069e+05  4.67536370e+01  6.81292069e+05  1.78853566e+02
 7.35642254e+05  4.68161879e+01  7.35642254e+05  1.78745929e+02
 7.94328235e+05  4.68896479e+01  7.94328235e+05  1.78625206e+02
 8.57695899e+05  4.69760872e+01  8.57695899e+05  1.78488999e+02
 9.26118728e+05  4.70779265e+01  9.26118728e+05  1.78334371e+02
 1.00000000e+06  4.71981258e+01  1.00000000e+06  1.78157406e+02
 1.07977516e+06  4.73403345e+01  1.07977516e+06  1.77953291e+02
 1.16591440e+06  4.75090421e+01  1.16591440e+06  1.77715496e+02
 1.25892541e+06  4.77098182e+01  1.25892541e+06  1.77435294e+02
 1.35935639e+06  4.79496658e+01  1.35935639e+06  1.77101217e+02
 1.46779927e+06  4.82376269e+01  1.46779927e+06  1.76696791e+02
 1.58489319e+06  4.85852888e+01  1.58489319e+06  1.76198726e+02
 1.71132830e+06  4.90081476e+01  1.71132830e+06  1.75573154e+02
 1.84784980e+06  4.95271299e+01  1.84784980e+06  1.74767816e+02
 1.99526231e+06  5.01715722e+01  1.99526231e+06  1.73700739e+02
 2.15443469e+06  5.09837359e+01  2.15443469e+06  1.72232059e+02
 2.32630507e+06  5.20273556e+01  2.32630507e+06  1.70109588e+02
 2.51188643e+06  5.34031742e+01  2.51188643e+06  1.66826807e+02
 2.71227258e+06  5.52753479e+01  2.71227258e+06  1.61229125e+02
 2.92864456e+06  5.78844523e+01  2.92864456e+06  1.50182913e+02
 3.16227766e+06  6.10872554e+01  3.16227766e+06  1.24183152e+02
 3.41454887e+06  6.11899664e+01  3.41454887e+06  7.56127404e+01
 3.68694506e+06  5.68555530e+01  3.68694506e+06  4.31907943e+01
 3.98107171e+06  5.26881629e+01  3.98107171e+06  2.97240229e+01
 4.29866235e+06  4.93118422e+01  4.29866235e+06  2.33082073e+01
 4.64158883e+06  4.64864282e+01  4.64158883e+06  1.97747152e+01
 5.01187234e+06  4.40270498e+01  5.01187234e+06  1.76603152e+01
 5.41169527e+06  4.18190617e+01  5.41169527e+06  1.63492226e+01
 5.84341413e+06  3.97903543e+01  5.84341413e+06  1.55472776e+01
 6.30957344e+06  3.78943811e+01  6.30957344e+06  1.50912284e+01
 6.81292069e+06  3.60983183e+01  6.81292069e+06  1.48961928e+01
 7.35642254e+06  3.43783546e+01  7.35642254e+06  1.49000658e+01
 7.94328235e+06  3.27170340e+01  7.94328235e+06  1.50772686e+01
 8.57695899e+06  3.11015256e+01  8.57695899e+06  1.54032441e+01
 9.26118728e+06  2.95205997e+01  9.26118728e+06  1.58722458e+01
 1.00000000e+07  2.79661363e+01  1.00000000e+07  1.64700039e+01
 1.07977516e+07  2.64316956e+01  1.07977516e+07  1.72147576e+01
 1.16591440e+07  2.49066973e+01  1.16591440e+07  1.81053733e+01
 1.25892541e+07  2.33913633e+01  1.25892541e+07  1.91406735e+01
 1.35935639e+07  2.18771476e+01  1.35935639e+07  2.03527733e+01
 1.46779927e+07  2.03605438e+01  1.46779927e+07  2.17541607e+01
 1.58489319e+07  1.88359919e+01  1.58489319e+07  2.33685117e+01
 1.71132830e+07  1.73003935e+01  1.71132830e+07  2.52529602e+01
 1.84784980e+07  1.57498776e+01  1.84784980e+07  2.73995997e+01
 1.99526231e+07  1.41779740e+01  1.99526231e+07  2.99468770e+01
 2.15443469e+07  1.25670600e+01  2.15443469e+07  3.29840557e+01
 2.32630507e+07  1.09487894e+01  2.32630507e+07  3.65601247e+01
 2.51188643e+07  9.29576422e+00  2.51188643e+07  4.08039209e+01
 2.71227258e+07  7.63513257e+00  2.71227258e+07  4.59336427e+01
 2.92864456e+07  5.93223594e+00  2.92864456e+07  5.23381680e+01
 3.16227766e+07  4.34388801e+00  3.16227766e+07  5.98138381e+01
 3.41454887e+07  2.86266228e+00  3.41454887e+07  6.94555037e+01
 3.68694506e+07  1.57533068e+00  3.68694506e+07  8.02806826e+01
 3.98107171e+07  2.87765569e-01  3.98107171e+07  9.19573224e+01
 4.29866235e+07  -1.94459712e-01  4.29866235e+07  1.04860877e+02
 4.64158883e+07  -4.15024239e-01  4.64158883e+07  1.18009737e+02
 5.01187234e+07  -2.96408853e-01  5.01187234e+07  1.28166056e+02
 5.41169527e+07  -1.78073714e-01  5.41169527e+07  1.38280095e+02
 5.84341413e+07  1.88559298e-01  5.84341413e+07  1.46621395e+02
 6.30957344e+07  8.72808227e-01  6.30957344e+07  1.52829298e+02
 6.81292069e+07  1.05152394e+00  6.81292069e+07  1.58411485e+02
 7.35642254e+07  1.61568995e+00  7.35642254e+07  1.63208429e+02
 7.94328235e+07  1.82050801e+00  7.94328235e+07  1.67306698e+02
 8.57695899e+07  2.25240940e+00  8.57695899e+07  1.70653662e+02
 9.26118728e+07  2.54022334e+00  9.26118728e+07  1.73864634e+02
 1.00000000e+08  2.91100481e+00  1.00000000e+08  1.76699536e+02
 1.07977516e+08  3.35427656e+00  1.07977516e+08  1.79319614e+02
 1.16591440e+08  3.42677774e+00  1.16591440e+08  1.81682029e+02
 1.25892541e+08  3.82864582e+00  1.25892541e+08  1.83799632e+02
 1.35935639e+08  4.51131740e+00  1.35935639e+08  1.85079523e+02
 1.46779927e+08  4.55719700e+00  1.46779927e+08  1.86850064e+02
 1.58489319e+08  4.93438988e+00  1.58489319e+08  1.87875808e+02
 1.71132830e+08  5.13581388e+00  1.71132830e+08  1.88496805e+02
 1.84784980e+08  5.51432481e+00  1.84784980e+08  1.89480644e+02
 1.99526231e+08  6.12799039e+00  1.99526231e+08  1.89481667e+02
 2.15443469e+08  6.38467018e+00  2.15443469e+08  1.89594788e+02
 2.32630507e+08  6.07336660e+00  2.32630507e+08  1.89383715e+02
 2.51188643e+08  6.20315682e+00  2.51188643e+08  1.89035661e+02
 2.71227258e+08  7.01298301e+00  2.71227258e+08  1.88168144e+02
 2.92864456e+08  7.03448206e+00  2.92864456e+08  1.87667899e+02
 3.16227766e+08  6.48062944e+00  3.16227766e+08  1.86820715e+02
 3.41454887e+08  7.53017774e+00  3.41454887e+08  1.85727871e+02
 3.68694506e+08  7.18950254e+00  3.68694506e+08  1.84736956e+02
 3.98107171e+08  8.08638706e+00  3.98107171e+08  1.84418210e+02
 4.29866235e+08  6.79935291e+00  4.29866235e+08  1.84009573e+02
 4.64158883e+08  5.48825781e+00  4.64158883e+08  1.82967671e+02
 5.01187234e+08  7.06473528e+00  5.01187234e+08  1.82494471e+02
 5.41169527e+08  1.01691341e+01  5.41169527e+08  1.81980989e+02
 5.84341413e+08  4.39813771e+00  5.84341413e+08  1.81506602e+02
 6.30957344e+08  1.09847745e+01  6.30957344e+08  1.81597794e+02
 6.81292069e+08  6.11275129e+00  6.81292069e+08  1.81366372e+02
 7.35642254e+08  8.27958979e+00  7.35642254e+08  1.81228641e+02
 7.94328235e+08  6.94198166e+00  7.94328235e+08  1.81213717e+02
 8.57695899e+08  1.16025845e+01  8.57695899e+08  1.78602416e+02
 9.26118728e+08  4.23939351e+00  9.26118728e+08  1.79906268e+02
 1.00000000e+09  2.90109235e+00  1.00000000e+09  1.80213996e+02
