 1.00000000e+00  4.65219097e+01  1.00000000e+00  1.79999998e+02
 1.07977516e+00  4.65219097e+01  1.07977516e+00  1.79999998e+02
 1.16591440e+00  4.65219097e+01  1.16591440e+00  1.79999998e+02
 1.25892541e+00  4.65219097e+01  1.25892541e+00  1.79999998e+02
 1.35935639e+00  4.65219097e+01  1.35935639e+00  1.79999998e+02
 1.46779927e+00  4.65219097e+01  1.46779927e+00  1.79999997e+02
 1.58489319e+00  4.65219097e+01  1.58489319e+00  1.79999997e+02
 1.71132830e+00  4.65219097e+01  1.71132830e+00  1.79999997e+02
 1.84784980e+00  4.65219097e+01  1.84784980e+00  1.79999997e+02
 1.99526231e+00  4.65219097e+01  1.99526231e+00  1.79999996e+02
 2.15443469e+00  4.65219097e+01  2.15443469e+00  1.79999996e+02
 2.32630507e+00  4.65219097e+01  2.32630507e+00  1.79999996e+02
 2.51188643e+00  4.65219097e+01  2.51188643e+00  1.79999995e+02
 2.71227258e+00  4.65219097e+01  2.71227258e+00  1.79999995e+02
 2.92864456e+00  4.65219097e+01  2.92864456e+00  1.79999995e+02
 3.16227766e+00  4.65219097e+01  3.16227766e+00  1.79999994e+02
 3.41454887e+00  4.65219097e+01  3.41454887e+00  1.79999994e+02
 3.68694506e+00  4.65219097e+01  3.68694506e+00  1.79999993e+02
 3.98107171e+00  4.65219097e+01  3.98107171e+00  1.79999993e+02
 4.29866235e+00  4.65219097e+01  4.29866235e+00  1.79999992e+02
 4.64158883e+00  4.65219097e+01  4.64158883e+00  1.79999992e+02
 5.01187234e+00  4.65219097e+01  5.01187234e+00  1.79999991e+02
 5.41169527e+00  4.65219097e+01  5.41169527e+00  1.79999990e+02
 5.84341413e+00  4.65219097e+01  5.84341413e+00  1.79999989e+02
 6.30957344e+00  4.65219097e+01  6.30957344e+00  1.79999989e+02
 6.81292069e+00  4.65219097e+01  6.81292069e+00  1.79999988e+02
 7.35642254e+00  4.65219097e+01  7.35642254e+00  1.79999987e+02
 7.94328235e+00  4.65219097e+01  7.94328235e+00  1.79999986e+02
 8.57695899e+00  4.65219097e+01  8.57695899e+00  1.79999984e+02
 9.26118728e+00  4.65219097e+01  9.26118728e+00  1.79999983e+02
 1.00000000e+01  4.65219097e+01  1.00000000e+01  1.79999982e+02
 1.07977516e+01  4.65219097e+01  1.07977516e+01  1.79999980e+02
 1.16591440e+01  4.65219097e+01  1.16591440e+01  1.79999979e+02
 1.25892541e+01  4.65219097e+01  1.25892541e+01  1.79999977e+02
 1.35935639e+01  4.65219097e+01  1.35935639e+01  1.79999975e+02
 1.46779927e+01  4.65219097e+01  1.46779927e+01  1.79999973e+02
 1.58489319e+01  4.65219097e+01  1.58489319e+01  1.79999971e+02
 1.71132830e+01  4.65219097e+01  1.71132830e+01  1.79999969e+02
 1.84784980e+01  4.65219097e+01  1.84784980e+01  1.79999966e+02
 1.99526231e+01  4.65219097e+01  1.99526231e+01  1.79999964e+02
 2.15443469e+01  4.65219097e+01  2.15443469e+01  1.79999961e+02
 2.32630507e+01  4.65219097e+01  2.32630507e+01  1.79999958e+02
 2.51188643e+01  4.65219097e+01  2.51188643e+01  1.79999954e+02
 2.71227258e+01  4.65219097e+01  2.71227258e+01  1.79999951e+02
 2.92864456e+01  4.65219097e+01  2.92864456e+01  1.79999947e+02
 3.16227766e+01  4.65219097e+01  3.16227766e+01  1.79999942e+02
 3.41454887e+01  4.65219097e+01  3.41454887e+01  1.79999938e+02
 3.68694506e+01  4.65219097e+01  3.68694506e+01  1.79999933e+02
 3.98107171e+01  4.65219097e+01  3.98107171e+01  1.79999928e+02
 4.29866235e+01  4.65219097e+01  4.29866235e+01  1.79999922e+02
 4.64158883e+01  4.65219097e+01  4.64158883e+01  1.79999916e+02
 5.01187234e+01  4.65219097e+01  5.01187234e+01  1.79999909e+02
 5.41169527e+01  4.65219097e+01  5.41169527e+01  1.79999902e+02
 5.84341413e+01  4.65219097e+01  5.84341413e+01  1.79999894e+02
 6.30957344e+01  4.65219097e+01  6.30957344e+01  1.79999885e+02
 6.81292069e+01  4.65219097e+01  6.81292069e+01  1.79999876e+02
 7.35642254e+01  4.65219097e+01  7.35642254e+01  1.79999866e+02
 7.94328235e+01  4.65219097e+01  7.94328235e+01  1.79999855e+02
 8.57695899e+01  4.65219097e+01  8.57695899e+01  1.79999844e+02
 9.26118728e+01  4.65219097e+01  9.26118728e+01  1.79999832e+02
 1.00000000e+02  4.65219097e+01  1.00000000e+02  1.79999818e+02
 1.07977516e+02  4.65219097e+01  1.07977516e+02  1.79999804e+02
 1.16591440e+02  4.65219097e+01  1.16591440e+02  1.79999788e+02
 1.25892541e+02  4.65219097e+01  1.25892541e+02  1.79999771e+02
 1.35935639e+02  4.65219097e+01  1.35935639e+02  1.79999753e+02
 1.46779927e+02  4.65219097e+01  1.46779927e+02  1.79999733e+02
 1.58489319e+02  4.65219097e+01  1.58489319e+02  1.79999712e+02
 1.71132830e+02  4.65219097e+01  1.71132830e+02  1.79999689e+02
 1.84784980e+02  4.65219097e+01  1.84784980e+02  1.79999664e+02
 1.99526231e+02  4.65219097e+01  1.99526231e+02  1.79999637e+02
 2.15443469e+02  4.65219097e+01  2.15443469e+02  1.79999608e+02
 2.32630507e+02  4.65219097e+01  2.32630507e+02  1.79999577e+02
 2.51188643e+02  4.65219097e+01  2.51188643e+02  1.79999543e+02
 2.71227258e+02  4.65219097e+01  2.71227258e+02  1.79999507e+02
 2.92864456e+02  4.65219097e+01  2.92864456e+02  1.79999467e+02
 3.16227766e+02  4.65219098e+01  3.16227766e+02  1.79999425e+02
 3.41454887e+02  4.65219098e+01  3.41454887e+02  1.79999379e+02
 3.68694506e+02  4.65219098e+01  3.68694506e+02  1.79999329e+02
 3.98107171e+02  4.65219098e+01  3.98107171e+02  1.79999276e+02
 4.29866235e+02  4.65219098e+01  4.29866235e+02  1.79999218e+02
 4.64158883e+02  4.65219098e+01  4.64158883e+02  1.79999156e+02
 5.01187234e+02  4.65219099e+01  5.01187234e+02  1.79999088e+02
 5.41169527e+02  4.65219099e+01  5.41169527e+02  1.79999016e+02
 5.84341413e+02  4.65219099e+01  5.84341413e+02  1.79998937e+02
 6.30957344e+02  4.65219100e+01  6.30957344e+02  1.79998852e+02
 6.81292069e+02  4.65219100e+01  6.81292069e+02  1.79998761e+02
 7.35642254e+02  4.65219101e+01  7.35642254e+02  1.79998662e+02
 7.94328235e+02  4.65219102e+01  7.94328235e+02  1.79998555e+02
 8.57695899e+02  4.65219102e+01  8.57695899e+02  1.79998440e+02
 9.26118728e+02  4.65219103e+01  9.26118728e+02  1.79998315e+02
 1.00000000e+03  4.65219104e+01  1.00000000e+03  1.79998181e+02
 1.07977516e+03  4.65219106e+01  1.07977516e+03  1.79998036e+02
 1.16591440e+03  4.65219107e+01  1.16591440e+03  1.79997879e+02
 1.25892541e+03  4.65219109e+01  1.25892541e+03  1.79997710e+02
 1.35935639e+03  4.65219111e+01  1.35935639e+03  1.79997527e+02
 1.46779927e+03  4.65219113e+01  1.46779927e+03  1.79997330e+02
 1.58489319e+03  4.65219116e+01  1.58489319e+03  1.79997117e+02
 1.71132830e+03  4.65219119e+01  1.71132830e+03  1.79996887e+02
 1.84784980e+03  4.65219123e+01  1.84784980e+03  1.79996638e+02
 1.99526231e+03  4.65219127e+01  1.99526231e+03  1.79996370e+02
 2.15443469e+03  4.65219132e+01  2.15443469e+03  1.79996081e+02
 2.32630507e+03  4.65219138e+01  2.32630507e+03  1.79995768e+02
 2.51188643e+03  4.65219144e+01  2.51188643e+03  1.79995430e+02
 2.71227258e+03  4.65219152e+01  2.71227258e+03  1.79995066e+02
 2.92864456e+03  4.65219162e+01  2.92864456e+03  1.79994672e+02
 3.16227766e+03  4.65219172e+01  3.16227766e+03  1.79994247e+02
 3.41454887e+03  4.65219185e+01  3.41454887e+03  1.79993788e+02
 3.68694506e+03  4.65219199e+01  3.68694506e+03  1.79993293e+02
 3.98107171e+03  4.65219216e+01  3.98107171e+03  1.79992758e+02
 4.29866235e+03  4.65219236e+01  4.29866235e+03  1.79992180e+02
 4.64158883e+03  4.65219260e+01  4.64158883e+03  1.79991556e+02
 5.01187234e+03  4.65219287e+01  5.01187234e+03  1.79990882e+02
 5.41169527e+03  4.65219318e+01  5.41169527e+03  1.79990155e+02
 5.84341413e+03  4.65219355e+01  5.84341413e+03  1.79989370e+02
 6.30957344e+03  4.65219397e+01  6.30957344e+03  1.79988522e+02
 6.81292069e+03  4.65219447e+01  6.81292069e+03  1.79987606e+02
 7.35642254e+03  4.65219506e+01  7.35642254e+03  1.79986617e+02
 7.94328235e+03  4.65219573e+01  7.94328235e+03  1.79985550e+02
 8.57695899e+03  4.65219652e+01  8.57695899e+03  1.79984397e+02
 9.26118728e+03  4.65219745e+01  9.26118728e+03  1.79983152e+02
 1.00000000e+04  4.65219852e+01  1.00000000e+04  1.79981808e+02
 1.07977516e+04  4.65219977e+01  1.07977516e+04  1.79980357e+02
 1.16591440e+04  4.65220124e+01  1.16591440e+04  1.79978789e+02
 1.25892541e+04  4.65220294e+01  1.25892541e+04  1.79977097e+02
 1.35935639e+04  4.65220493e+01  1.35935639e+04  1.79975270e+02
 1.46779927e+04  4.65220724e+01  1.46779927e+04  1.79973297e+02
 1.58489319e+04  4.65220994e+01  1.58489319e+04  1.79971167e+02
 1.71132830e+04  4.65221309e+01  1.71132830e+04  1.79968866e+02
 1.84784980e+04  4.65221676e+01  1.84784980e+04  1.79966383e+02
 1.99526231e+04  4.65222104e+01  1.99526231e+04  1.79963700e+02
 2.15443469e+04  4.65222603e+01  2.15443469e+04  1.79960804e+02
 2.32630507e+04  4.65223184e+01  2.32630507e+04  1.79957677e+02
 2.51188643e+04  4.65223863e+01  2.51188643e+04  1.79954300e+02
 2.71227258e+04  4.65224653e+01  2.71227258e+04  1.79950653e+02
 2.92864456e+04  4.65225575e+01  2.92864456e+04  1.79946716e+02
 3.16227766e+04  4.65226650e+01  3.16227766e+04  1.79942464e+02
 3.41454887e+04  4.65227904e+01  3.41454887e+04  1.79937873e+02
 3.68694506e+04  4.65229365e+01  3.68694506e+04  1.79932915e+02
 3.98107171e+04  4.65231069e+01  3.98107171e+04  1.79927560e+02
 4.29866235e+04  4.65233055e+01  4.29866235e+04  1.79921779e+02
 4.64158883e+04  4.65235371e+01  4.64158883e+04  1.79915535e+02
 5.01187234e+04  4.65238071e+01  5.01187234e+04  1.79908792e+02
 5.41169527e+04  4.65241221e+01  5.41169527e+04  1.79901510e+02
 5.84341413e+04  4.65244891e+01  5.84341413e+04  1.79893645e+02
 6.30957344e+04  4.65249172e+01  6.30957344e+04  1.79885152e+02
 6.81292069e+04  4.65254163e+01  6.81292069e+04  1.79875978e+02
 7.35642254e+04  4.65259982e+01  7.35642254e+04  1.79866069e+02
 7.94328235e+04  4.65266768e+01  7.94328235e+04  1.79855366e+02
 8.57695899e+04  4.65274679e+01  8.57695899e+04  1.79843805e+02
 9.26118728e+04  4.65283904e+01  9.26118728e+04  1.79831315e+02
 1.00000000e+05  4.65294663e+01  1.00000000e+05  1.79817821e+02
 1.07977516e+05  4.65307205e+01  1.07977516e+05  1.79803241e+02
 1.16591440e+05  4.65321831e+01  1.16591440e+05  1.79787486e+02
 1.25892541e+05  4.65338890e+01  1.25892541e+05  1.79770459e+02
 1.35935639e+05  4.65358782e+01  1.35935639e+05  1.79752054e+02
 1.46779927e+05  4.65381978e+01  1.46779927e+05  1.79732157e+02
 1.58489319e+05  4.65409026e+01  1.58489319e+05  1.79710641e+02
 1.71132830e+05  4.65440578e+01  1.71132830e+05  1.79687372e+02
 1.84784980e+05  4.65477382e+01  1.84784980e+05  1.79662197e+02
 1.99526231e+05  4.65520311e+01  1.99526231e+05  1.79634953e+02
 2.15443469e+05  4.65570376e+01  2.15443469e+05  1.79605459e+02
 2.32630507e+05  4.65628797e+01  2.32630507e+05  1.79573514e+02
 2.51188643e+05  4.65696956e+01  2.51188643e+05  1.79538900e+02
 2.71227258e+05  4.65776491e+01  2.71227258e+05  1.79501368e+02
 2.92864456e+05  4.65869303e+01  2.92864456e+05  1.79460648e+02
 3.16227766e+05  4.65977669e+01  3.16227766e+05  1.79416434e+02
 3.41454887e+05  4.66104131e+01  3.41454887e+05  1.79368378e+02
 3.68694506e+05  4.66251825e+01  3.68694506e+05  1.79316098e+02
 3.98107171e+05  4.66424353e+01  3.98107171e+05  1.79259142e+02
 4.29866235e+05  4.66625911e+01  4.29866235e+05  1.79197019e+02
 4.64158883e+05  4.66861476e+01  4.64158883e+05  1.79129124e+02
 5.01187234e+05  4.67136958e+01  5.01187234e+05  1.79054802e+02
 5.41169527e+05  4.67459159e+01  5.41169527e+05  1.78973254e+02
 5.84341413e+05  4.67836379e+01  5.84341413e+05  1.78883540e+02
 6.30957344e+05  4.68278127e+01  6.30957344e+05  1.78784549e+02
 6.81292069e+05  4.68795987e+01  6.81292069e+05  1.78674963e+02
 7.35642254e+05  4.69403559e+01  7.35642254e+05  1.78553167e+02
 7.94328235e+05  4.70117235e+01  7.94328235e+05  1.78417155e+02
 8.57695899e+05  4.70956600e+01  8.57695899e+05  1.78264546e+02
 9.26118728e+05  4.71945404e+01  9.26118728e+05  1.78092155e+02
 1.00000000e+06  4.73112179e+01  1.00000000e+06  1.77896235e+02
 1.07977516e+06  4.74491907e+01  1.07977516e+06  1.77671627e+02
 1.16591440e+06  4.76127925e+01  1.16591440e+06  1.77412007e+02
 1.25892541e+06  4.78073936e+01  1.25892541e+06  1.77108631e+02
 1.35935639e+06  4.80396941e+01  1.35935639e+06  1.76749709e+02
 1.46779927e+06  4.83183355e+01  1.46779927e+06  1.76319202e+02
 1.58489319e+06  4.86544022e+01  1.58489319e+06  1.75794166e+02
 1.71132830e+06  4.90625744e+01  1.71132830e+06  1.75141589e+02
 1.84784980e+06  4.95627001e+01  1.84784980e+06  1.74310522e+02
 1.99526231e+06  5.01822544e+01  1.99526231e+06  1.73222305e+02
 2.15443469e+06  5.09605089e+01  2.15443469e+06  1.71744399e+02
 2.32630507e+06  5.19563088e+01  2.32630507e+06  1.69639676e+02
 2.51188643e+06  5.32610902e+01  2.51188643e+06  1.66444563e+02
 2.71227258e+06  5.50210268e+01  2.71227258e+06  1.61131587e+02
 2.92864456e+06  5.74509029e+01  2.92864456e+06  1.51028995e+02
 3.16227766e+06  6.05189337e+01  3.16227766e+06  1.28291379e+02
 3.41454887e+06  6.13851675e+01  3.41454887e+06  8.29924813e+01
 3.68694506e+06  5.75188160e+01  3.68694506e+06  4.70622915e+01
 3.98107171e+06  5.33083893e+01  3.98107171e+06  3.14747731e+01
 4.29866235e+06  4.98528440e+01  4.29866235e+06  2.41208609e+01
 4.64158883e+06  4.69664985e+01  4.64158883e+06  2.00983331e+01
 5.01187234e+06  4.44618928e+01  5.01187234e+06  1.76862368e+01
 5.41169527e+06  4.22192391e+01  5.41169527e+06  1.61729997e+01
 5.84341413e+06  4.01633381e+01  5.84341413e+06  1.52161795e+01
 6.30957344e+06  3.82445155e+01  6.30957344e+06  1.46397919e+01
 6.81292069e+06  3.64285430e+01  6.81292069e+06  1.43405437e+01
 7.35642254e+06  3.46921611e+01  7.35642254e+06  1.42622747e+01
 7.94328235e+06  3.30148014e+01  7.94328235e+06  1.43619102e+01
 8.57695899e+06  3.13853673e+01  8.57695899e+06  1.46224698e+01
 9.26118728e+06  2.97913837e+01  9.26118728e+06  1.50260203e+01
 1.00000000e+07  2.82250782e+01  1.00000000e+07  1.55650233e+01
 1.07977516e+07  2.66767989e+01  1.07977516e+07  1.62532377e+01
 1.16591440e+07  2.51420222e+01  1.16591440e+07  1.70851023e+01
 1.25892541e+07  2.36155392e+01  1.25892541e+07  1.80642071e+01
 1.35935639e+07  2.20933478e+01  1.35935639e+07  1.92114586e+01
 1.46779927e+07  2.05627711e+01  1.46779927e+07  2.05543354e+01
 1.58489319e+07  1.90279241e+01  1.58489319e+07  2.21089923e+01
 1.71132830e+07  1.74805917e+01  1.71132830e+07  2.39042186e+01
 1.84784980e+07  1.59169814e+01  1.84784980e+07  2.59890309e+01
 1.99526231e+07  1.43250218e+01  1.99526231e+07  2.84940362e+01
 2.15443469e+07  1.27147275e+01  2.15443469e+07  3.13703036e+01
 2.32630507e+07  1.10704601e+01  2.32630507e+07  3.48236479e+01
 2.51188643e+07  9.39784493e+00  2.51188643e+07  3.89256172e+01
 2.71227258e+07  7.70044490e+00  2.71227258e+07  4.40501436e+01
 2.92864456e+07  5.99499215e+00  2.92864456e+07  5.01502637e+01
 3.16227766e+07  4.29419619e+00  3.16227766e+07  5.77657177e+01
 3.41454887e+07  2.70216216e+00  3.41454887e+07  6.70491224e+01
 3.68694506e+07  1.27222534e+00  3.68694506e+07  7.81463545e+01
 3.98107171e+07  1.54423261e-01  3.98107171e+07  9.07450793e+01
 4.29866235e+07  -4.87522741e-01  4.29866235e+07  1.03764526e+02
 4.64158883e+07  -6.46644755e-01  4.64158883e+07  1.16617071e+02
 5.01187234e+07  -4.74298791e-01  5.01187234e+07  1.28624130e+02
 5.41169527e+07  -3.22686548e-01  5.41169527e+07  1.38855655e+02
 5.84341413e+07  1.37472114e-01  5.84341413e+07  1.46995997e+02
 6.30957344e+07  4.30407743e-01  6.30957344e+07  1.52828758e+02
 6.81292069e+07  1.11849141e+00  6.81292069e+07  1.59202422e+02
 7.35642254e+07  1.47828976e+00  7.35642254e+07  1.63612736e+02
 7.94328235e+07  1.78244006e+00  7.94328235e+07  1.67927390e+02
 8.57695899e+07  2.15805038e+00  8.57695899e+07  1.71309292e+02
 9.26118728e+07  2.51826159e+00  9.26118728e+07  1.73676804e+02
 1.00000000e+08  3.12005829e+00  1.00000000e+08  1.77287043e+02
 1.07977516e+08  3.23418540e+00  1.07977516e+08  1.79898377e+02
 1.16591440e+08  3.74050268e+00  1.16591440e+08  1.81575248e+02
 1.25892541e+08  3.69642739e+00  1.25892541e+08  1.83684031e+02
 1.35935639e+08  4.20964897e+00  1.35935639e+08  1.85300845e+02
 1.46779927e+08  4.23321874e+00  1.46779927e+08  1.86983952e+02
 1.58489319e+08  4.75028011e+00  1.58489319e+08  1.88317503e+02
 1.71132830e+08  5.55310987e+00  1.71132830e+08  1.88585303e+02
 1.84784980e+08  5.75579792e+00  1.84784980e+08  1.89724196e+02
 1.99526231e+08  5.84014904e+00  1.99526231e+08  1.90019324e+02
 2.15443469e+08  6.40867952e+00  2.15443469e+08  1.90062199e+02
 2.32630507e+08  6.45199639e+00  2.32630507e+08  1.89773135e+02
 2.51188643e+08  6.21193937e+00  2.51188643e+08  1.89524245e+02
 2.71227258e+08  7.05500759e+00  2.71227258e+08  1.88828768e+02
 2.92864456e+08  8.36523380e+00  2.92864456e+08  1.88015417e+02
 3.16227766e+08  7.95442341e+00  3.16227766e+08  1.87449217e+02
 3.41454887e+08  6.73982716e+00  3.41454887e+08  1.86100634e+02
 3.68694506e+08  8.25124881e+00  3.68694506e+08  1.85476811e+02
 3.98107171e+08  6.96522662e+00  3.98107171e+08  1.84645324e+02
 4.29866235e+08  6.84193514e+00  4.29866235e+08  1.83933482e+02
 4.64158883e+08  5.54146423e+00  4.64158883e+08  1.83257275e+02
 5.01187234e+08  7.10778147e+00  5.01187234e+08  1.82829833e+02
 5.41169527e+08  4.22127687e+00  5.41169527e+08  1.82046436e+02
 5.84341413e+08  1.23561808e+01  5.84341413e+08  1.83045583e+02
 6.30957344e+08  5.00257234e+00  6.30957344e+08  1.81374822e+02
 6.81292069e+08  6.16199493e+00  6.81292069e+08  1.81509847e+02
 7.35642254e+08  8.34317313e+00  7.35642254e+08  1.81198726e+02
 7.94328235e+08  3.46530699e+00  7.94328235e+08  1.80447707e+02
 8.57695899e+08  -3.72692057e-01  8.57695899e+08  1.80128384e+02
 9.26118728e+08  7.75293286e-01  9.26118728e+08  1.80763527e+02
 1.00000000e+09  4.45742875e+01  1.00000000e+09  9.14022669e+01
