 1.00000000e+00  4.65219097e+01  1.00000000e+00  1.79999998e+02
 1.07977516e+00  4.65219097e+01  1.07977516e+00  1.79999998e+02
 1.16591440e+00  4.65219097e+01  1.16591440e+00  1.79999998e+02
 1.25892541e+00  4.65219097e+01  1.25892541e+00  1.79999998e+02
 1.35935639e+00  4.65219097e+01  1.35935639e+00  1.79999997e+02
 1.46779927e+00  4.65219097e+01  1.46779927e+00  1.79999997e+02
 1.58489319e+00  4.65219097e+01  1.58489319e+00  1.79999997e+02
 1.71132830e+00  4.65219097e+01  1.71132830e+00  1.79999997e+02
 1.84784980e+00  4.65219097e+01  1.84784980e+00  1.79999997e+02
 1.99526231e+00  4.65219097e+01  1.99526231e+00  1.79999996e+02
 2.15443469e+00  4.65219097e+01  2.15443469e+00  1.79999996e+02
 2.32630507e+00  4.65219097e+01  2.32630507e+00  1.79999996e+02
 2.51188643e+00  4.65219097e+01  2.51188643e+00  1.79999995e+02
 2.71227258e+00  4.65219097e+01  2.71227258e+00  1.79999995e+02
 2.92864456e+00  4.65219097e+01  2.92864456e+00  1.79999995e+02
 3.16227766e+00  4.65219097e+01  3.16227766e+00  1.79999994e+02
 3.41454887e+00  4.65219097e+01  3.41454887e+00  1.79999994e+02
 3.68694506e+00  4.65219097e+01  3.68694506e+00  1.79999993e+02
 3.98107171e+00  4.65219097e+01  3.98107171e+00  1.79999993e+02
 4.29866235e+00  4.65219097e+01  4.29866235e+00  1.79999992e+02
 4.64158883e+00  4.65219097e+01  4.64158883e+00  1.79999991e+02
 5.01187234e+00  4.65219097e+01  5.01187234e+00  1.79999991e+02
 5.41169527e+00  4.65219097e+01  5.41169527e+00  1.79999990e+02
 5.84341413e+00  4.65219097e+01  5.84341413e+00  1.79999989e+02
 6.30957344e+00  4.65219097e+01  6.30957344e+00  1.79999988e+02
 6.81292069e+00  4.65219097e+01  6.81292069e+00  1.79999987e+02
 7.35642254e+00  4.65219097e+01  7.35642254e+00  1.79999986e+02
 7.94328235e+00  4.65219097e+01  7.94328235e+00  1.79999985e+02
 8.57695899e+00  4.65219097e+01  8.57695899e+00  1.79999984e+02
 9.26118728e+00  4.65219097e+01  9.26118728e+00  1.79999983e+02
 1.00000000e+01  4.65219097e+01  1.00000000e+01  1.79999982e+02
 1.07977516e+01  4.65219097e+01  1.07977516e+01  1.79999980e+02
 1.16591440e+01  4.65219097e+01  1.16591440e+01  1.79999979e+02
 1.25892541e+01  4.65219097e+01  1.25892541e+01  1.79999977e+02
 1.35935639e+01  4.65219097e+01  1.35935639e+01  1.79999975e+02
 1.46779927e+01  4.65219097e+01  1.46779927e+01  1.79999973e+02
 1.58489319e+01  4.65219097e+01  1.58489319e+01  1.79999971e+02
 1.71132830e+01  4.65219097e+01  1.71132830e+01  1.79999969e+02
 1.84784980e+01  4.65219097e+01  1.84784980e+01  1.79999966e+02
 1.99526231e+01  4.65219097e+01  1.99526231e+01  1.79999963e+02
 2.15443469e+01  4.65219097e+01  2.15443469e+01  1.79999960e+02
 2.32630507e+01  4.65219097e+01  2.32630507e+01  1.79999957e+02
 2.51188643e+01  4.65219097e+01  2.51188643e+01  1.79999954e+02
 2.71227258e+01  4.65219097e+01  2.71227258e+01  1.79999950e+02
 2.92864456e+01  4.65219097e+01  2.92864456e+01  1.79999946e+02
 3.16227766e+01  4.65219097e+01  3.16227766e+01  1.79999942e+02
 3.41454887e+01  4.65219097e+01  3.41454887e+01  1.79999937e+02
 3.68694506e+01  4.65219097e+01  3.68694506e+01  1.79999932e+02
 3.98107171e+01  4.65219097e+01  3.98107171e+01  1.79999927e+02
 4.29866235e+01  4.65219097e+01  4.29866235e+01  1.79999921e+02
 4.64158883e+01  4.65219097e+01  4.64158883e+01  1.79999915e+02
 5.01187234e+01  4.65219097e+01  5.01187234e+01  1.79999908e+02
 5.41169527e+01  4.65219097e+01  5.41169527e+01  1.79999900e+02
 5.84341413e+01  4.65219097e+01  5.84341413e+01  1.79999893e+02
 6.30957344e+01  4.65219097e+01  6.30957344e+01  1.79999884e+02
 6.81292069e+01  4.65219097e+01  6.81292069e+01  1.79999875e+02
 7.35642254e+01  4.65219097e+01  7.35642254e+01  1.79999865e+02
 7.94328235e+01  4.65219097e+01  7.94328235e+01  1.79999854e+02
 8.57695899e+01  4.65219097e+01  8.57695899e+01  1.79999842e+02
 9.26118728e+01  4.65219097e+01  9.26118728e+01  1.79999830e+02
 1.00000000e+02  4.65219097e+01  1.00000000e+02  1.79999816e+02
 1.07977516e+02  4.65219097e+01  1.07977516e+02  1.79999801e+02
 1.16591440e+02  4.65219097e+01  1.16591440e+02  1.79999786e+02
 1.25892541e+02  4.65219097e+01  1.25892541e+02  1.79999768e+02
 1.35935639e+02  4.65219097e+01  1.35935639e+02  1.79999750e+02
 1.46779927e+02  4.65219097e+01  1.46779927e+02  1.79999730e+02
 1.58489319e+02  4.65219097e+01  1.58489319e+02  1.79999708e+02
 1.71132830e+02  4.65219097e+01  1.71132830e+02  1.79999685e+02
 1.84784980e+02  4.65219097e+01  1.84784980e+02  1.79999660e+02
 1.99526231e+02  4.65219097e+01  1.99526231e+02  1.79999633e+02
 2.15443469e+02  4.65219097e+01  2.15443469e+02  1.79999604e+02
 2.32630507e+02  4.65219097e+01  2.32630507e+02  1.79999572e+02
 2.51188643e+02  4.65219097e+01  2.51188643e+02  1.79999538e+02
 2.71227258e+02  4.65219097e+01  2.71227258e+02  1.79999501e+02
 2.92864456e+02  4.65219097e+01  2.92864456e+02  1.79999461e+02
 3.16227766e+02  4.65219098e+01  3.16227766e+02  1.79999418e+02
 3.41454887e+02  4.65219098e+01  3.41454887e+02  1.79999372e+02
 3.68694506e+02  4.65219098e+01  3.68694506e+02  1.79999322e+02
 3.98107171e+02  4.65219098e+01  3.98107171e+02  1.79999268e+02
 4.29866235e+02  4.65219098e+01  4.29866235e+02  1.79999209e+02
 4.64158883e+02  4.65219098e+01  4.64158883e+02  1.79999146e+02
 5.01187234e+02  4.65219099e+01  5.01187234e+02  1.79999078e+02
 5.41169527e+02  4.65219099e+01  5.41169527e+02  1.79999005e+02
 5.84341413e+02  4.65219099e+01  5.84341413e+02  1.79998925e+02
 6.30957344e+02  4.65219100e+01  6.30957344e+02  1.79998839e+02
 6.81292069e+02  4.65219100e+01  6.81292069e+02  1.79998747e+02
 7.35642254e+02  4.65219101e+01  7.35642254e+02  1.79998647e+02
 7.94328235e+02  4.65219102e+01  7.94328235e+02  1.79998539e+02
 8.57695899e+02  4.65219102e+01  8.57695899e+02  1.79998422e+02
 9.26118728e+02  4.65219103e+01  9.26118728e+02  1.79998296e+02
 1.00000000e+03  4.65219104e+01  1.00000000e+03  1.79998161e+02
 1.07977516e+03  4.65219106e+01  1.07977516e+03  1.79998014e+02
 1.16591440e+03  4.65219107e+01  1.16591440e+03  1.79997855e+02
 1.25892541e+03  4.65219109e+01  1.25892541e+03  1.79997684e+02
 1.35935639e+03  4.65219111e+01  1.35935639e+03  1.79997500e+02
 1.46779927e+03  4.65219113e+01  1.46779927e+03  1.79997300e+02
 1.58489319e+03  4.65219116e+01  1.58489319e+03  1.79997085e+02
 1.71132830e+03  4.65219119e+01  1.71132830e+03  1.79996852e+02
 1.84784980e+03  4.65219123e+01  1.84784980e+03  1.79996601e+02
 1.99526231e+03  4.65219127e+01  1.99526231e+03  1.79996330e+02
 2.15443469e+03  4.65219132e+01  2.15443469e+03  1.79996037e+02
 2.32630507e+03  4.65219138e+01  2.32630507e+03  1.79995721e+02
 2.51188643e+03  4.65219144e+01  2.51188643e+03  1.79995380e+02
 2.71227258e+03  4.65219152e+01  2.71227258e+03  1.79995011e+02
 2.92864456e+03  4.65219162e+01  2.92864456e+03  1.79994613e+02
 3.16227766e+03  4.65219172e+01  3.16227766e+03  1.79994183e+02
 3.41454887e+03  4.65219185e+01  3.41454887e+03  1.79993719e+02
 3.68694506e+03  4.65219199e+01  3.68694506e+03  1.79993218e+02
 3.98107171e+03  4.65219217e+01  3.98107171e+03  1.79992677e+02
 4.29866235e+03  4.65219236e+01  4.29866235e+03  1.79992093e+02
 4.64158883e+03  4.65219260e+01  4.64158883e+03  1.79991462e+02
 5.01187234e+03  4.65219287e+01  5.01187234e+03  1.79990781e+02
 5.41169527e+03  4.65219318e+01  5.41169527e+03  1.79990045e+02
 5.84341413e+03  4.65219355e+01  5.84341413e+03  1.79989251e+02
 6.30957344e+03  4.65219397e+01  6.30957344e+03  1.79988394e+02
 6.81292069e+03  4.65219447e+01  6.81292069e+03  1.79987468e+02
 7.35642254e+03  4.65219506e+01  7.35642254e+03  1.79986468e+02
 7.94328235e+03  4.65219573e+01  7.94328235e+03  1.79985389e+02
 8.57695899e+03  4.65219652e+01  8.57695899e+03  1.79984223e+02
 9.26118728e+03  4.65219745e+01  9.26118728e+03  1.79982964e+02
 1.00000000e+04  4.65219852e+01  1.00000000e+04  1.79981605e+02
 1.07977516e+04  4.65219977e+01  1.07977516e+04  1.79980138e+02
 1.16591440e+04  4.65220124e+01  1.16591440e+04  1.79978553e+02
 1.25892541e+04  4.65220294e+01  1.25892541e+04  1.79976842e+02
 1.35935639e+04  4.65220492e+01  1.35935639e+04  1.79974995e+02
 1.46779927e+04  4.65220724e+01  1.46779927e+04  1.79973000e+02
 1.58489319e+04  4.65220994e+01  1.58489319e+04  1.79970846e+02
 1.71132830e+04  4.65221309e+01  1.71132830e+04  1.79968520e+02
 1.84784980e+04  4.65221676e+01  1.84784980e+04  1.79966008e+02
 1.99526231e+04  4.65222104e+01  1.99526231e+04  1.79963296e+02
 2.15443469e+04  4.65222603e+01  2.15443469e+04  1.79960368e+02
 2.32630507e+04  4.65223184e+01  2.32630507e+04  1.79957206e+02
 2.51188643e+04  4.65223862e+01  2.51188643e+04  1.79953791e+02
 2.71227258e+04  4.65224653e+01  2.71227258e+04  1.79950104e+02
 2.92864456e+04  4.65225575e+01  2.92864456e+04  1.79946123e+02
 3.16227766e+04  4.65226650e+01  3.16227766e+04  1.79941823e+02
 3.41454887e+04  4.65227903e+01  3.41454887e+04  1.79937181e+02
 3.68694506e+04  4.65229365e+01  3.68694506e+04  1.79932167e+02
 3.98107171e+04  4.65231068e+01  3.98107171e+04  1.79926754e+02
 4.29866235e+04  4.65233055e+01  4.29866235e+04  1.79920908e+02
 4.64158883e+04  4.65235370e+01  4.64158883e+04  1.79914594e+02
 5.01187234e+04  4.65238071e+01  5.01187234e+04  1.79907776e+02
 5.41169527e+04  4.65241220e+01  5.41169527e+04  1.79900413e+02
 5.84341413e+04  4.65244890e+01  5.84341413e+04  1.79892461e+02
 6.30957344e+04  4.65249170e+01  6.30957344e+04  1.79883873e+02
 6.81292069e+04  4.65254161e+01  6.81292069e+04  1.79874597e+02
 7.35642254e+04  4.65259981e+01  7.35642254e+04  1.79864579e+02
 7.94328235e+04  4.65266765e+01  7.94328235e+04  1.79853757e+02
 8.57695899e+04  4.65274676e+01  8.57695899e+04  1.79842067e+02
 9.26118728e+04  4.65283901e+01  9.26118728e+04  1.79829438e+02
 1.00000000e+05  4.65294658e+01  1.00000000e+05  1.79815795e+02
 1.07977516e+05  4.65307199e+01  1.07977516e+05  1.79801053e+02
 1.16591440e+05  4.65321827e+01  1.16591440e+05  1.79785123e+02
 1.25892541e+05  4.65338883e+01  1.25892541e+05  1.79767908e+02
 1.35935639e+05  4.65358773e+01  1.35935639e+05  1.79749299e+02
 1.46779927e+05  4.65381969e+01  1.46779927e+05  1.79729182e+02
 1.58489319e+05  4.65409016e+01  1.58489319e+05  1.79707430e+02
 1.71132830e+05  4.65440569e+01  1.71132830e+05  1.79683904e+02
 1.84784980e+05  4.65477369e+01  1.84784980e+05  1.79658453e+02
 1.99526231e+05  4.65520291e+01  1.99526231e+05  1.79630910e+02
 2.15443469e+05  4.65570360e+01  2.15443469e+05  1.79601094e+02
 2.32630507e+05  4.65628779e+01  2.32630507e+05  1.79568801e+02
 2.51188643e+05  4.65696930e+01  2.51188643e+05  1.79533809e+02
 2.71227258e+05  4.65776464e+01  2.71227258e+05  1.79495872e+02
 2.92864456e+05  4.65869282e+01  2.92864456e+05  1.79454714e+02
 3.16227766e+05  4.65977608e+01  3.16227766e+05  1.79410024e+02
 3.41454887e+05  4.66104095e+01  3.41454887e+05  1.79361458e+02
 3.68694506e+05  4.66251781e+01  3.68694506e+05  1.79308626e+02
 3.98107171e+05  4.66424289e+01  3.98107171e+05  1.79251077e+02
 4.29866235e+05  4.66625838e+01  4.29866235e+05  1.79188304e+02
 4.64158883e+05  4.66861392e+01  4.64158883e+05  1.79119724e+02
 5.01187234e+05  4.67136871e+01  5.01187234e+05  1.79044646e+02
 5.41169527e+05  4.67459026e+01  5.41169527e+05  1.78962279e+02
 5.84341413e+05  4.67836172e+01  5.84341413e+05  1.78871692e+02
 6.30957344e+05  4.68277986e+01  6.30957344e+05  1.78771769e+02
 6.81292069e+05  4.68795834e+01  6.81292069e+05  1.78661167e+02
 7.35642254e+05  4.69403364e+01  7.35642254e+05  1.78538257e+02
 7.94328235e+05  4.70117040e+01  7.94328235e+05  1.78401067e+02
 8.57695899e+05  4.70956438e+01  8.57695899e+05  1.78247150e+02
 9.26118728e+05  4.71945060e+01  9.26118728e+05  1.78073439e+02
 1.00000000e+06  4.73111772e+01  1.00000000e+06  1.77875983e+02
 1.07977516e+06  4.74491332e+01  1.07977516e+06  1.77649742e+02
 1.16591440e+06  4.76127260e+01  1.16591440e+06  1.77388336e+02
 1.25892541e+06  4.78073367e+01  1.25892541e+06  1.77083115e+02
 1.35935639e+06  4.80396286e+01  1.35935639e+06  1.76722160e+02
 1.46779927e+06  4.83182275e+01  1.46779927e+06  1.76289306e+02
 1.58489319e+06  4.86543131e+01  1.58489319e+06  1.75762004e+02
 1.71132830e+06  4.90625061e+01  1.71132830e+06  1.75106768e+02
 1.84784980e+06  4.95625867e+01  1.84784980e+06  1.74273140e+02
 1.99526231e+06  5.01821137e+01  1.99526231e+06  1.73181728e+02
 2.15443469e+06  5.09603761e+01  2.15443469e+06  1.71700249e+02
 2.32630507e+06  5.19562013e+01  2.32630507e+06  1.69592049e+02
 2.51188643e+06  5.32608868e+01  2.51188643e+06  1.66393399e+02
 2.71227258e+06  5.50208605e+01  2.71227258e+06  1.61076299e+02
 2.92864456e+06  5.74506022e+01  2.92864456e+06  1.50969505e+02
 3.16227766e+06  6.05184631e+01  3.16227766e+06  1.28227225e+02
 3.41454887e+06  6.13847487e+01  3.41454887e+06  8.29230778e+01
 3.68694506e+06  5.75181878e+01  3.68694506e+06  4.69871269e+01
 3.98107171e+06  5.33078060e+01  3.98107171e+06  3.13933259e+01
 4.29866235e+06  4.98521591e+01  4.29866235e+06  2.40332856e+01
 4.64158883e+06  4.69659720e+01  4.64158883e+06  2.00041743e+01
 5.01187234e+06  4.44608761e+01  5.01187234e+06  1.75840656e+01
 5.41169527e+06  4.22179165e+01  5.41169527e+06  1.60614358e+01
 5.84341413e+06  4.01620364e+01  5.84341413e+06  1.50972257e+01
 6.30957344e+06  3.82428806e+01  6.30957344e+06  1.45099383e+01
 6.81292069e+06  3.64267980e+01  6.81292069e+06  1.42047979e+01
 7.35642254e+06  3.46895485e+01  7.35642254e+06  1.41077974e+01
 7.94328235e+06  3.30123197e+01  7.94328235e+06  1.41988160e+01
 8.57695899e+06  3.13820994e+01  8.57695899e+06  1.44440589e+01
 9.26118728e+06  2.97878369e+01  9.26118728e+06  1.48303318e+01
 1.00000000e+07  2.82204840e+01  1.00000000e+07  1.53560503e+01
 1.07977516e+07  2.66730721e+01  1.07977516e+07  1.60222782e+01
 1.16591440e+07  2.51376525e+01  1.16591440e+07  1.68264231e+01
 1.25892541e+07  2.36080078e+01  1.25892541e+07  1.77934191e+01
 1.35935639e+07  2.20834800e+01  1.35935639e+07  1.89214385e+01
 1.46779927e+07  2.05532497e+01  1.46779927e+07  2.02336931e+01
 1.58489319e+07  1.90152998e+01  1.58489319e+07  2.17583230e+01
 1.71132830e+07  1.74658673e+01  1.71132830e+07  2.35138327e+01
 1.84784980e+07  1.58982624e+01  1.84784980e+07  2.55765609e+01
 1.99526231e+07  1.43068970e+01  1.99526231e+07  2.79951077e+01
 2.15443469e+07  1.26912247e+01  2.15443469e+07  3.08044972e+01
 2.32630507e+07  1.10397798e+01  2.32630507e+07  3.41899948e+01
 2.51188643e+07  9.35168743e+00  2.51188643e+07  3.83352651e+01
 2.71227258e+07  7.64258515e+00  2.71227258e+07  4.32018357e+01
 2.92864456e+07  5.90424968e+00  2.92864456e+07  4.94365043e+01
 3.16227766e+07  4.20074737e+00  3.16227766e+07  5.71114096e+01
 3.41454887e+07  2.55837018e+00  3.41454887e+07  6.63695987e+01
 3.68694506e+07  1.11962941e+00  3.68694506e+07  7.75604786e+01
 3.98107171e+07  -1.72024724e-02  3.98107171e+07  9.03651984e+01
 4.29866235e+07  -8.04244848e-01  4.29866235e+07  1.04254984e+02
 4.64158883e+07  -9.80730907e-01  4.64158883e+07  1.17835663e+02
 5.01187234e+07  -7.19153608e-01  5.01187234e+07  1.27350475e+02
 5.41169527e+07  -2.00248812e-01  5.41169527e+07  1.39042367e+02
 5.84341413e+07  -1.09179976e-01  5.84341413e+07  1.47169314e+02
 6.30957344e+07  4.50317588e-01  6.30957344e+07  1.54090897e+02
 6.81292069e+07  8.79353142e-01  6.81292069e+07  1.58741229e+02
 7.35642254e+07  1.26036531e+00  7.35642254e+07  1.64039142e+02
 7.94328235e+07  1.79220835e+00  7.94328235e+07  1.67869519e+02
 8.57695899e+07  2.21003235e+00  8.57695899e+07  1.71284516e+02
 9.26118728e+07  2.44190253e+00  9.26118728e+07  1.74681433e+02
 1.00000000e+08  2.87327133e+00  1.00000000e+08  1.77533783e+02
 1.07977516e+08  3.31221860e+00  1.07977516e+08  1.80127364e+02
 1.16591440e+08  3.54667040e+00  1.16591440e+08  1.82344311e+02
 1.25892541e+08  3.71155298e+00  1.25892541e+08  1.84377406e+02
 1.35935639e+08  4.65360399e+00  1.35935639e+08  1.85634390e+02
 1.46779927e+08  4.53512875e+00  1.46779927e+08  1.87282868e+02
 1.58489319e+08  4.92606970e+00  1.58489319e+08  1.88680395e+02
 1.71132830e+08  5.57116860e+00  1.71132830e+08  1.89329292e+02
 1.84784980e+08  5.51660760e+00  1.84784980e+08  1.89779749e+02
 1.99526231e+08  5.83756047e+00  1.99526231e+08  1.90307573e+02
 2.15443469e+08  7.11057316e+00  2.15443469e+08  1.89734620e+02
 2.32630507e+08  6.45420885e+00  2.32630507e+08  1.89603614e+02
 2.51188643e+08  6.22075879e+00  2.51188643e+08  1.89768497e+02
 2.71227258e+08  6.51883974e+00  2.71227258e+08  1.89001212e+02
 2.92864456e+08  7.68003814e+00  2.92864456e+08  1.88008330e+02
 3.16227766e+08  7.20419045e+00  3.16227766e+08  1.87736624e+02
 3.41454887e+08  7.56840717e+00  3.41454887e+08  1.86104030e+02
 3.68694506e+08  8.26135770e+00  3.68694506e+08  1.85496984e+02
 3.98107171e+08  8.12136242e+00  3.98107171e+08  1.84589018e+02
 4.29866235e+08  6.82799573e+00  4.29866235e+08  1.84346551e+02
 4.64158883e+08  5.52703360e+00  4.64158883e+08  1.83473236e+02
 5.01187234e+08  7.11507110e+00  5.01187234e+08  1.83029617e+02
 5.41169527e+08  4.19909830e+00  5.41169527e+08  1.82262603e+02
 5.84341413e+08  8.86044322e+00  5.84341413e+08  1.82162171e+02
 6.30957344e+08  1.10158404e+01  6.30957344e+08  1.81606341e+02
 6.81292069e+08  9.66810598e+00  6.81292069e+08  1.81944750e+02
 7.35642254e+08  4.83934438e+00  7.35642254e+08  1.80788208e+02
 7.94328235e+08  9.74429918e-01  7.94328235e+08  1.80455616e+02
 8.57695899e+08  1.16332168e+01  8.57695899e+08  1.79741528e+02
 9.26118728e+08  7.73115610e-01  9.26118728e+08  1.80171781e+02
 1.00000000e+09  8.93079379e+00  1.00000000e+09  1.80533646e+02
