 1.00000000e+00  4.75050887e+01  1.00000000e+00  1.79999998e+02
 1.07977516e+00  4.75050887e+01  1.07977516e+00  1.79999997e+02
 1.16591440e+00  4.75050887e+01  1.16591440e+00  1.79999997e+02
 1.25892541e+00  4.75050887e+01  1.25892541e+00  1.79999997e+02
 1.35935639e+00  4.75050887e+01  1.35935639e+00  1.79999997e+02
 1.46779927e+00  4.75050887e+01  1.46779927e+00  1.79999996e+02
 1.58489319e+00  4.75050887e+01  1.58489319e+00  1.79999996e+02
 1.71132830e+00  4.75050887e+01  1.71132830e+00  1.79999996e+02
 1.84784980e+00  4.75050887e+01  1.84784980e+00  1.79999996e+02
 1.99526231e+00  4.75050887e+01  1.99526231e+00  1.79999995e+02
 2.15443469e+00  4.75050887e+01  2.15443469e+00  1.79999995e+02
 2.32630507e+00  4.75050887e+01  2.32630507e+00  1.79999994e+02
 2.51188643e+00  4.75050887e+01  2.51188643e+00  1.79999994e+02
 2.71227258e+00  4.75050887e+01  2.71227258e+00  1.79999993e+02
 2.92864456e+00  4.75050887e+01  2.92864456e+00  1.79999993e+02
 3.16227766e+00  4.75050887e+01  3.16227766e+00  1.79999992e+02
 3.41454887e+00  4.75050887e+01  3.41454887e+00  1.79999992e+02
 3.68694506e+00  4.75050887e+01  3.68694506e+00  1.79999991e+02
 3.98107171e+00  4.75050887e+01  3.98107171e+00  1.79999990e+02
 4.29866235e+00  4.75050887e+01  4.29866235e+00  1.79999990e+02
 4.64158883e+00  4.75050887e+01  4.64158883e+00  1.79999989e+02
 5.01187234e+00  4.75050887e+01  5.01187234e+00  1.79999988e+02
 5.41169527e+00  4.75050887e+01  5.41169527e+00  1.79999987e+02
 5.84341413e+00  4.75050887e+01  5.84341413e+00  1.79999986e+02
 6.30957344e+00  4.75050887e+01  6.30957344e+00  1.79999985e+02
 6.81292069e+00  4.75050887e+01  6.81292069e+00  1.79999984e+02
 7.35642254e+00  4.75050887e+01  7.35642254e+00  1.79999982e+02
 7.94328235e+00  4.75050887e+01  7.94328235e+00  1.79999981e+02
 8.57695899e+00  4.75050887e+01  8.57695899e+00  1.79999979e+02
 9.26118728e+00  4.75050887e+01  9.26118728e+00  1.79999978e+02
 1.00000000e+01  4.75050887e+01  1.00000000e+01  1.79999976e+02
 1.07977516e+01  4.75050887e+01  1.07977516e+01  1.79999974e+02
 1.16591440e+01  4.75050887e+01  1.16591440e+01  1.79999972e+02
 1.25892541e+01  4.75050887e+01  1.25892541e+01  1.79999970e+02
 1.35935639e+01  4.75050887e+01  1.35935639e+01  1.79999967e+02
 1.46779927e+01  4.75050887e+01  1.46779927e+01  1.79999965e+02
 1.58489319e+01  4.75050887e+01  1.58489319e+01  1.79999962e+02
 1.71132830e+01  4.75050887e+01  1.71132830e+01  1.79999959e+02
 1.84784980e+01  4.75050887e+01  1.84784980e+01  1.79999956e+02
 1.99526231e+01  4.75050887e+01  1.99526231e+01  1.79999952e+02
 2.15443469e+01  4.75050887e+01  2.15443469e+01  1.79999948e+02
 2.32630507e+01  4.75050887e+01  2.32630507e+01  1.79999944e+02
 2.51188643e+01  4.75050887e+01  2.51188643e+01  1.79999940e+02
 2.71227258e+01  4.75050887e+01  2.71227258e+01  1.79999935e+02
 2.92864456e+01  4.75050887e+01  2.92864456e+01  1.79999930e+02
 3.16227766e+01  4.75050887e+01  3.16227766e+01  1.79999924e+02
 3.41454887e+01  4.75050887e+01  3.41454887e+01  1.79999918e+02
 3.68694506e+01  4.75050887e+01  3.68694506e+01  1.79999912e+02
 3.98107171e+01  4.75050887e+01  3.98107171e+01  1.79999905e+02
 4.29866235e+01  4.75050887e+01  4.29866235e+01  1.79999897e+02
 4.64158883e+01  4.75050887e+01  4.64158883e+01  1.79999889e+02
 5.01187234e+01  4.75050887e+01  5.01187234e+01  1.79999880e+02
 5.41169527e+01  4.75050887e+01  5.41169527e+01  1.79999870e+02
 5.84341413e+01  4.75050887e+01  5.84341413e+01  1.79999860e+02
 6.30957344e+01  4.75050887e+01  6.30957344e+01  1.79999849e+02
 6.81292069e+01  4.75050887e+01  6.81292069e+01  1.79999837e+02
 7.35642254e+01  4.75050887e+01  7.35642254e+01  1.79999824e+02
 7.94328235e+01  4.75050887e+01  7.94328235e+01  1.79999809e+02
 8.57695899e+01  4.75050887e+01  8.57695899e+01  1.79999794e+02
 9.26118728e+01  4.75050887e+01  9.26118728e+01  1.79999778e+02
 1.00000000e+02  4.75050887e+01  1.00000000e+02  1.79999760e+02
 1.07977516e+02  4.75050887e+01  1.07977516e+02  1.79999741e+02
 1.16591440e+02  4.75050887e+01  1.16591440e+02  1.79999720e+02
 1.25892541e+02  4.75050887e+01  1.25892541e+02  1.79999698e+02
 1.35935639e+02  4.75050887e+01  1.35935639e+02  1.79999674e+02
 1.46779927e+02  4.75050887e+01  1.46779927e+02  1.79999648e+02
 1.58489319e+02  4.75050887e+01  1.58489319e+02  1.79999620e+02
 1.71132830e+02  4.75050887e+01  1.71132830e+02  1.79999590e+02
 1.84784980e+02  4.75050887e+01  1.84784980e+02  1.79999557e+02
 1.99526231e+02  4.75050887e+01  1.99526231e+02  1.79999521e+02
 2.15443469e+02  4.75050887e+01  2.15443469e+02  1.79999483e+02
 2.32630507e+02  4.75050887e+01  2.32630507e+02  1.79999442e+02
 2.51188643e+02  4.75050887e+01  2.51188643e+02  1.79999397e+02
 2.71227258e+02  4.75050887e+01  2.71227258e+02  1.79999349e+02
 2.92864456e+02  4.75050887e+01  2.92864456e+02  1.79999298e+02
 3.16227766e+02  4.75050887e+01  3.16227766e+02  1.79999241e+02
 3.41454887e+02  4.75050888e+01  3.41454887e+02  1.79999181e+02
 3.68694506e+02  4.75050888e+01  3.68694506e+02  1.79999116e+02
 3.98107171e+02  4.75050888e+01  3.98107171e+02  1.79999045e+02
 4.29866235e+02  4.75050888e+01  4.29866235e+02  1.79998969e+02
 4.64158883e+02  4.75050888e+01  4.64158883e+02  1.79998887e+02
 5.01187234e+02  4.75050889e+01  5.01187234e+02  1.79998798e+02
 5.41169527e+02  4.75050889e+01  5.41169527e+02  1.79998702e+02
 5.84341413e+02  4.75050889e+01  5.84341413e+02  1.79998598e+02
 6.30957344e+02  4.75050890e+01  6.30957344e+02  1.79998487e+02
 6.81292069e+02  4.75050890e+01  6.81292069e+02  1.79998366e+02
 7.35642254e+02  4.75050891e+01  7.35642254e+02  1.79998235e+02
 7.94328235e+02  4.75050892e+01  7.94328235e+02  1.79998095e+02
 8.57695899e+02  4.75050892e+01  8.57695899e+02  1.79997943e+02
 9.26118728e+02  4.75050893e+01  9.26118728e+02  1.79997779e+02
 1.00000000e+03  4.75050894e+01  1.00000000e+03  1.79997601e+02
 1.07977516e+03  4.75050896e+01  1.07977516e+03  1.79997410e+02
 1.16591440e+03  4.75050897e+01  1.16591440e+03  1.79997203e+02
 1.25892541e+03  4.75050899e+01  1.25892541e+03  1.79996980e+02
 1.35935639e+03  4.75050901e+01  1.35935639e+03  1.79996739e+02
 1.46779927e+03  4.75050903e+01  1.46779927e+03  1.79996479e+02
 1.58489319e+03  4.75050906e+01  1.58489319e+03  1.79996198e+02
 1.71132830e+03  4.75050909e+01  1.71132830e+03  1.79995895e+02
 1.84784980e+03  4.75050913e+01  1.84784980e+03  1.79995568e+02
 1.99526231e+03  4.75050917e+01  1.99526231e+03  1.79995214e+02
 2.15443469e+03  4.75050922e+01  2.15443469e+03  1.79994832e+02
 2.32630507e+03  4.75050928e+01  2.32630507e+03  1.79994420e+02
 2.51188643e+03  4.75050935e+01  2.51188643e+03  1.79993975e+02
 2.71227258e+03  4.75050943e+01  2.71227258e+03  1.79993494e+02
 2.92864456e+03  4.75050952e+01  2.92864456e+03  1.79992975e+02
 3.16227766e+03  4.75050963e+01  3.16227766e+03  1.79992415e+02
 3.41454887e+03  4.75050975e+01  3.41454887e+03  1.79991810e+02
 3.68694506e+03  4.75050990e+01  3.68694506e+03  1.79991156e+02
 3.98107171e+03  4.75051007e+01  3.98107171e+03  1.79990451e+02
 4.29866235e+03  4.75051027e+01  4.29866235e+03  1.79989689e+02
 4.64158883e+03  4.75051051e+01  4.64158883e+03  1.79988867e+02
 5.01187234e+03  4.75051078e+01  5.01187234e+03  1.79987978e+02
 5.41169527e+03  4.75051110e+01  5.41169527e+03  1.79987019e+02
 5.84341413e+03  4.75051147e+01  5.84341413e+03  1.79985984e+02
 6.30957344e+03  4.75051190e+01  6.30957344e+03  1.79984866e+02
 6.81292069e+03  4.75051240e+01  6.81292069e+03  1.79983658e+02
 7.35642254e+03  4.75051299e+01  7.35642254e+03  1.79982355e+02
 7.94328235e+03  4.75051367e+01  7.94328235e+03  1.79980947e+02
 8.57695899e+03  4.75051447e+01  8.57695899e+03  1.79979427e+02
 9.26118728e+03  4.75051540e+01  9.26118728e+03  1.79977786e+02
 1.00000000e+04  4.75051648e+01  1.00000000e+04  1.79976013e+02
 1.07977516e+04  4.75051774e+01  1.07977516e+04  1.79974100e+02
 1.16591440e+04  4.75051922e+01  1.16591440e+04  1.79972034e+02
 1.25892541e+04  4.75052093e+01  1.25892541e+04  1.79969802e+02
 1.35935639e+04  4.75052294e+01  1.35935639e+04  1.79967393e+02
 1.46779927e+04  4.75052527e+01  1.46779927e+04  1.79964792e+02
 1.58489319e+04  4.75052799e+01  1.58489319e+04  1.79961983e+02
 1.71132830e+04  4.75053117e+01  1.71132830e+04  1.79958950e+02
 1.84784980e+04  4.75053487e+01  1.84784980e+04  1.79955675e+02
 1.99526231e+04  4.75053918e+01  1.99526231e+04  1.79952139e+02
 2.15443469e+04  4.75054421e+01  2.15443469e+04  1.79948320e+02
 2.32630507e+04  4.75055007e+01  2.32630507e+04  1.79944197e+02
 2.51188643e+04  4.75055691e+01  2.51188643e+04  1.79939744e+02
 2.71227258e+04  4.75056488e+01  2.71227258e+04  1.79934937e+02
 2.92864456e+04  4.75057418e+01  2.92864456e+04  1.79929745e+02
 3.16227766e+04  4.75058501e+01  3.16227766e+04  1.79924139e+02
 3.41454887e+04  4.75059765e+01  3.41454887e+04  1.79918086e+02
 3.68694506e+04  4.75061238e+01  3.68694506e+04  1.79911549e+02
 3.98107171e+04  4.75062955e+01  3.98107171e+04  1.79904490e+02
 4.29866235e+04  4.75064958e+01  4.29866235e+04  1.79896867e+02
 4.64158883e+04  4.75067293e+01  4.64158883e+04  1.79888635e+02
 5.01187234e+04  4.75070015e+01  5.01187234e+04  1.79879745e+02
 5.41169527e+04  4.75073189e+01  5.41169527e+04  1.79870145e+02
 5.84341413e+04  4.75076890e+01  5.84341413e+04  1.79859777e+02
 6.30957344e+04  4.75081205e+01  6.30957344e+04  1.79848580e+02
 6.81292069e+04  4.75086236e+01  6.81292069e+04  1.79836486e+02
 7.35642254e+04  4.75092102e+01  7.35642254e+04  1.79823424e+02
 7.94328235e+04  4.75098943e+01  7.94328235e+04  1.79809316e+02
 8.57695899e+04  4.75106918e+01  8.57695899e+04  1.79794077e+02
 9.26118728e+04  4.75116218e+01  9.26118728e+04  1.79777614e+02
 1.00000000e+05  4.75127062e+01  1.00000000e+05  1.79759829e+02
 1.07977516e+05  4.75139706e+01  1.07977516e+05  1.79740615e+02
 1.16591440e+05  4.75154451e+01  1.16591440e+05  1.79719852e+02
 1.25892541e+05  4.75171646e+01  1.25892541e+05  1.79697416e+02
 1.35935639e+05  4.75191697e+01  1.35935639e+05  1.79673167e+02
 1.46779927e+05  4.75215081e+01  1.46779927e+05  1.79646955e+02
 1.58489319e+05  4.75242352e+01  1.58489319e+05  1.79618616e+02
 1.71132830e+05  4.75274160e+01  1.71132830e+05  1.79587970e+02
 1.84784980e+05  4.75311259e+01  1.84784980e+05  1.79554822e+02
 1.99526231e+05  4.75354529e+01  1.99526231e+05  1.79518958e+02
 2.15443469e+05  4.75405009e+01  2.15443469e+05  1.79480142e+02
 2.32630507e+05  4.75463890e+01  2.32630507e+05  1.79438114e+02
 2.51188643e+05  4.75532603e+01  2.51188643e+05  1.79392588e+02
 2.71227258e+05  4.75612767e+01  2.71227258e+05  1.79343247e+02
 2.92864456e+05  4.75706332e+01  2.92864456e+05  1.79289739e+02
 3.16227766e+05  4.75815542e+01  3.16227766e+05  1.79231670e+02
 3.41454887e+05  4.75943056e+01  3.41454887e+05  1.79168599e+02
 3.68694506e+05  4.76091927e+01  3.68694506e+05  1.79100030e+02
 3.98107171e+05  4.76265822e+01  3.98107171e+05  1.79025399e+02
 4.29866235e+05  4.76468986e+01  4.29866235e+05  1.78944064e+02
 4.64158883e+05  4.76706418e+01  4.64158883e+05  1.78855290e+02
 5.01187234e+05  4.76984080e+01  5.01187234e+05  1.78758226e+02
 5.41169527e+05  4.77308871e+01  5.41169527e+05  1.78651880e+02
 5.84341413e+05  4.77689029e+01  5.84341413e+05  1.78535091e+02
 6.30957344e+05  4.78134265e+01  6.30957344e+05  1.78406481e+02
 6.81292069e+05  4.78656183e+01  6.81292069e+05  1.78264406e+02
 7.35642254e+05  4.79268512e+01  7.35642254e+05  1.78106879e+02
 7.94328235e+05  4.79987686e+01  7.94328235e+05  1.77931477e+02
 8.57695899e+05  4.80833420e+01  8.57695899e+05  1.77735218e+02
 9.26118728e+05  4.81829589e+01  9.26118728e+05  1.77514372e+02
 1.00000000e+06  4.83004968e+01  1.00000000e+06  1.77264237e+02
 1.07977516e+06  4.84394717e+01  1.07977516e+06  1.76978779e+02
 1.16591440e+06  4.86042250e+01  1.16591440e+06  1.76650153e+02
 1.25892541e+06  4.88001630e+01  1.25892541e+06  1.76267971e+02
 1.35935639e+06  4.90339996e+01  1.35935639e+06  1.75818254e+02
 1.46779927e+06  4.93143705e+01  1.46779927e+06  1.75281716e+02
 1.58489319e+06  4.96523192e+01  1.58489319e+06  1.74631118e+02
 1.71132830e+06  5.00625112e+01  1.71132830e+06  1.73826797e+02
 1.84784980e+06  5.05645271e+01  1.84784980e+06  1.72808980e+02
 1.99526231e+06  5.11854052e+01  1.99526231e+06  1.71483465e+02
 2.15443469e+06  5.19634947e+01  2.15443469e+06  1.69693792e+02
 2.32630507e+06  5.29548438e+01  2.32630507e+06  1.67161601e+02
 2.51188643e+06  5.42436010e+01  2.51188643e+06  1.63347079e+02
 2.71227258e+06  5.59536992e+01  2.71227258e+06  1.57079900e+02
 2.92864456e+06  5.82198815e+01  2.92864456e+06  1.45486789e+02
 3.16227766e+06  6.07424215e+01  3.16227766e+06  1.21478688e+02
 3.41454887e+06  6.09449857e+01  3.41454887e+06  8.09493153e+01
 3.68694506e+06  5.75390350e+01  3.68694506e+06  4.93475236e+01
 3.98107171e+06  5.37191147e+01  3.98107171e+06  3.39684860e+01
 4.29866235e+06  5.04522561e+01  4.29866235e+06  2.61689915e+01
 4.64158883e+06  4.76660798e+01  4.64158883e+06  2.17190682e+01
 5.01187234e+06  4.52205199e+01  5.01187234e+06  1.89585239e+01
 5.41169527e+06  4.30177875e+01  5.41169527e+06  1.71608422e+01
 5.84341413e+06  4.09896323e+01  5.84341413e+06  1.59675748e+01
 6.30957344e+06  3.90925404e+01  6.30957344e+06  1.51853847e+01
 6.81292069e+06  3.72939617e+01  6.81292069e+06  1.47007799e+01
 7.35642254e+06  3.55716581e+01  7.35642254e+06  1.44456577e+01
 7.94328235e+06  3.39079959e+01  7.94328235e+06  1.43789669e+01
 8.57695899e+06  3.22903246e+01  8.57695899e+06  1.44715789e+01
 9.26118728e+06  3.07076962e+01  9.26118728e+06  1.47083256e+01
 1.00000000e+07  2.91515064e+01  1.00000000e+07  1.50806636e+01
 1.07977516e+07  2.76138730e+01  1.07977516e+07  1.55800440e+01
 1.16591440e+07  2.60915291e+01  1.16591440e+07  1.62192687e+01
 1.25892541e+07  2.45740582e+01  1.25892541e+07  1.69918358e+01
 1.35935639e+07  2.30611518e+01  1.35935639e+07  1.79178971e+01
 1.46779927e+07  2.15450389e+01  1.46779927e+07  1.89998268e+01
 1.58489319e+07  2.00193788e+01  1.58489319e+07  2.02735455e+01
 1.71132830e+07  1.84832047e+01  1.71132830e+07  2.17534984e+01
 1.84784980e+07  1.69269780e+01  1.84784980e+07  2.34922750e+01
 1.99526231e+07  1.53479644e+01  1.99526231e+07  2.55179306e+01
 2.15443469e+07  1.37416749e+01  2.15443469e+07  2.79057791e+01
 2.32630507e+07  1.20988536e+01  2.32630507e+07  3.07849378e+01
 2.51188643e+07  1.04214663e+01  2.51188643e+07  3.41877238e+01
 2.71227258e+07  8.68964726e+00  2.71227258e+07  3.83732154e+01
 2.92864456e+07  6.92406155e+00  2.92864456e+07  4.35290314e+01
 3.16227766e+07  5.12984153e+00  3.16227766e+07  4.98712954e+01
 3.41454887e+07  3.36551514e+00  3.41454887e+07  5.78943470e+01
 3.68694506e+07  1.67940165e+00  3.68694506e+07  6.81067886e+01
 3.98107171e+07  2.19707212e-01  3.98107171e+07  8.03405761e+01
 4.29866235e+07  -7.87072234e-01  4.29866235e+07  9.47611863e+01
 4.64158883e+07  -1.30540272e+00  4.64158883e+07  1.09060163e+02
 5.01187234e+07  -1.38554112e+00  5.01187234e+07  1.22474900e+02
 5.41169527e+07  -1.07470801e+00  5.41169527e+07  1.34099371e+02
 5.84341413e+07  -7.34936504e-01  5.84341413e+07  1.44429092e+02
 6.30957344e+07  -7.82350516e-02  6.30957344e+07  1.51088536e+02
 6.81292069e+07  3.93803369e-01  6.81292069e+07  1.57952121e+02
 7.35642254e+07  9.56165709e-01  7.35642254e+07  1.63061412e+02
 7.94328235e+07  1.41742014e+00  7.94328235e+07  1.67327118e+02
 8.57695899e+07  1.81324863e+00  8.57695899e+07  1.71377270e+02
 9.26118728e+07  2.17172309e+00  9.26118728e+07  1.74675199e+02
 1.00000000e+08  2.57230993e+00  1.00000000e+08  1.77783362e+02
 1.07977516e+08  2.96147228e+00  1.07977516e+08  1.80066195e+02
 1.16591440e+08  3.28329985e+00  1.16591440e+08  1.82608025e+02
 1.25892541e+08  3.58793609e+00  1.25892541e+08  1.84716391e+02
 1.35935639e+08  4.11553687e+00  1.35935639e+08  1.86350473e+02
 1.46779927e+08  4.46966035e+00  1.46779927e+08  1.88129797e+02
 1.58489319e+08  4.68583996e+00  1.58489319e+08  1.89130260e+02
 1.71132830e+08  5.30242669e+00  1.71132830e+08  1.89884564e+02
 1.84784980e+08  5.74550263e+00  1.84784980e+08  1.90653041e+02
 1.99526231e+08  6.13897477e+00  1.99526231e+08  1.90796898e+02
 2.15443469e+08  6.09278288e+00  2.15443469e+08  1.91354385e+02
 2.32630507e+08  6.51726502e+00  2.32630507e+08  1.90934475e+02
 2.51188643e+08  7.19286186e+00  2.51188643e+08  1.90378996e+02
 2.71227258e+08  6.60744421e+00  2.71227258e+08  1.89779877e+02
 2.92864456e+08  7.15347585e+00  2.92864456e+08  1.88854255e+02
 3.16227766e+08  8.06207576e+00  3.16227766e+08  1.87742847e+02
 3.41454887e+08  7.69449498e+00  3.41454887e+08  1.87124482e+02
 3.68694506e+08  7.36168362e+00  3.68694506e+08  1.86183279e+02
 3.98107171e+08  7.11937960e+00  3.98107171e+08  1.85486552e+02
 4.29866235e+08  8.29497765e+00  4.29866235e+08  1.84498592e+02
 4.64158883e+08  8.55094293e+00  4.64158883e+08  1.83875191e+02
 5.01187234e+08  7.24030943e+00  5.01187234e+08  1.82974760e+02
 5.41169527e+08  1.03201503e+01  5.41169527e+08  1.82738118e+02
 5.84341413e+08  8.99149735e+00  5.84341413e+08  1.82200110e+02
 6.30957344e+08  5.14401466e+00  6.30957344e+08  1.81602540e+02
 6.81292069e+08  9.80500886e+00  6.81292069e+08  1.81703586e+02
 7.35642254e+08  4.93524737e+00  7.35642254e+08  1.81170095e+02
 7.94328235e+08  1.31193174e+01  7.94328235e+08  1.80632272e+02
 8.57695899e+08  1.17725131e+01  8.57695899e+08  1.81042785e+02
 9.26118728e+08  1.04218235e+01  9.26118728e+08  1.81906506e+02
 1.00000000e+09  3.04768106e+00  1.00000000e+09  1.80306754e+02
