 1.00000000e+00  4.61087154e+01  1.00000000e+00  1.79999998e+02
 1.07977516e+00  4.61087154e+01  1.07977516e+00  1.79999998e+02
 1.16591440e+00  4.61087154e+01  1.16591440e+00  1.79999998e+02
 1.25892541e+00  4.61087154e+01  1.25892541e+00  1.79999997e+02
 1.35935639e+00  4.61087154e+01  1.35935639e+00  1.79999997e+02
 1.46779927e+00  4.61087154e+01  1.46779927e+00  1.79999997e+02
 1.58489319e+00  4.61087154e+01  1.58489319e+00  1.79999997e+02
 1.71132830e+00  4.61087154e+01  1.71132830e+00  1.79999996e+02
 1.84784980e+00  4.61087154e+01  1.84784980e+00  1.79999996e+02
 1.99526231e+00  4.61087154e+01  1.99526231e+00  1.79999996e+02
 2.15443469e+00  4.61087154e+01  2.15443469e+00  1.79999996e+02
 2.32630507e+00  4.61087154e+01  2.32630507e+00  1.79999995e+02
 2.51188643e+00  4.61087154e+01  2.51188643e+00  1.79999995e+02
 2.71227258e+00  4.61087154e+01  2.71227258e+00  1.79999994e+02
 2.92864456e+00  4.61087154e+01  2.92864456e+00  1.79999994e+02
 3.16227766e+00  4.61087154e+01  3.16227766e+00  1.79999994e+02
 3.41454887e+00  4.61087154e+01  3.41454887e+00  1.79999993e+02
 3.68694506e+00  4.61087154e+01  3.68694506e+00  1.79999992e+02
 3.98107171e+00  4.61087154e+01  3.98107171e+00  1.79999992e+02
 4.29866235e+00  4.61087154e+01  4.29866235e+00  1.79999991e+02
 4.64158883e+00  4.61087154e+01  4.64158883e+00  1.79999990e+02
 5.01187234e+00  4.61087154e+01  5.01187234e+00  1.79999990e+02
 5.41169527e+00  4.61087154e+01  5.41169527e+00  1.79999989e+02
 5.84341413e+00  4.61087154e+01  5.84341413e+00  1.79999988e+02
 6.30957344e+00  4.61087154e+01  6.30957344e+00  1.79999987e+02
 6.81292069e+00  4.61087154e+01  6.81292069e+00  1.79999986e+02
 7.35642254e+00  4.61087154e+01  7.35642254e+00  1.79999985e+02
 7.94328235e+00  4.61087154e+01  7.94328235e+00  1.79999984e+02
 8.57695899e+00  4.61087154e+01  8.57695899e+00  1.79999982e+02
 9.26118728e+00  4.61087154e+01  9.26118728e+00  1.79999981e+02
 1.00000000e+01  4.61087154e+01  1.00000000e+01  1.79999979e+02
 1.07977516e+01  4.61087154e+01  1.07977516e+01  1.79999978e+02
 1.16591440e+01  4.61087154e+01  1.16591440e+01  1.79999976e+02
 1.25892541e+01  4.61087154e+01  1.25892541e+01  1.79999974e+02
 1.35935639e+01  4.61087154e+01  1.35935639e+01  1.79999972e+02
 1.46779927e+01  4.61087154e+01  1.46779927e+01  1.79999970e+02
 1.58489319e+01  4.61087154e+01  1.58489319e+01  1.79999968e+02
 1.71132830e+01  4.61087154e+01  1.71132830e+01  1.79999965e+02
 1.84784980e+01  4.61087154e+01  1.84784980e+01  1.79999962e+02
 1.99526231e+01  4.61087154e+01  1.99526231e+01  1.79999959e+02
 2.15443469e+01  4.61087154e+01  2.15443469e+01  1.79999956e+02
 2.32630507e+01  4.61087154e+01  2.32630507e+01  1.79999952e+02
 2.51188643e+01  4.61087154e+01  2.51188643e+01  1.79999948e+02
 2.71227258e+01  4.61087154e+01  2.71227258e+01  1.79999944e+02
 2.92864456e+01  4.61087154e+01  2.92864456e+01  1.79999940e+02
 3.16227766e+01  4.61087154e+01  3.16227766e+01  1.79999935e+02
 3.41454887e+01  4.61087154e+01  3.41454887e+01  1.79999930e+02
 3.68694506e+01  4.61087154e+01  3.68694506e+01  1.79999924e+02
 3.98107171e+01  4.61087154e+01  3.98107171e+01  1.79999918e+02
 4.29866235e+01  4.61087154e+01  4.29866235e+01  1.79999912e+02
 4.64158883e+01  4.61087154e+01  4.64158883e+01  1.79999905e+02
 5.01187234e+01  4.61087154e+01  5.01187234e+01  1.79999897e+02
 5.41169527e+01  4.61087154e+01  5.41169527e+01  1.79999889e+02
 5.84341413e+01  4.61087154e+01  5.84341413e+01  1.79999880e+02
 6.30957344e+01  4.61087154e+01  6.30957344e+01  1.79999871e+02
 6.81292069e+01  4.61087154e+01  6.81292069e+01  1.79999860e+02
 7.35642254e+01  4.61087154e+01  7.35642254e+01  1.79999849e+02
 7.94328235e+01  4.61087154e+01  7.94328235e+01  1.79999837e+02
 8.57695899e+01  4.61087154e+01  8.57695899e+01  1.79999824e+02
 9.26118728e+01  4.61087154e+01  9.26118728e+01  1.79999810e+02
 1.00000000e+02  4.61087154e+01  1.00000000e+02  1.79999795e+02
 1.07977516e+02  4.61087154e+01  1.07977516e+02  1.79999779e+02
 1.16591440e+02  4.61087154e+01  1.16591440e+02  1.79999761e+02
 1.25892541e+02  4.61087154e+01  1.25892541e+02  1.79999742e+02
 1.35935639e+02  4.61087154e+01  1.35935639e+02  1.79999721e+02
 1.46779927e+02  4.61087154e+01  1.46779927e+02  1.79999699e+02
 1.58489319e+02  4.61087154e+01  1.58489319e+02  1.79999675e+02
 1.71132830e+02  4.61087154e+01  1.71132830e+02  1.79999649e+02
 1.84784980e+02  4.61087154e+01  1.84784980e+02  1.79999621e+02
 1.99526231e+02  4.61087154e+01  1.99526231e+02  1.79999591e+02
 2.15443469e+02  4.61087154e+01  2.15443469e+02  1.79999558e+02
 2.32630507e+02  4.61087154e+01  2.32630507e+02  1.79999523e+02
 2.51188643e+02  4.61087154e+01  2.51188643e+02  1.79999485e+02
 2.71227258e+02  4.61087154e+01  2.71227258e+02  1.79999444e+02
 2.92864456e+02  4.61087154e+01  2.92864456e+02  1.79999399e+02
 3.16227766e+02  4.61087154e+01  3.16227766e+02  1.79999352e+02
 3.41454887e+02  4.61087154e+01  3.41454887e+02  1.79999300e+02
 3.68694506e+02  4.61087154e+01  3.68694506e+02  1.79999244e+02
 3.98107171e+02  4.61087155e+01  3.98107171e+02  1.79999184e+02
 4.29866235e+02  4.61087155e+01  4.29866235e+02  1.79999119e+02
 4.64158883e+02  4.61087155e+01  4.64158883e+02  1.79999048e+02
 5.01187234e+02  4.61087155e+01  5.01187234e+02  1.79998972e+02
 5.41169527e+02  4.61087156e+01  5.41169527e+02  1.79998890e+02
 5.84341413e+02  4.61087156e+01  5.84341413e+02  1.79998802e+02
 6.30957344e+02  4.61087156e+01  6.30957344e+02  1.79998706e+02
 6.81292069e+02  4.61087157e+01  6.81292069e+02  1.79998603e+02
 7.35642254e+02  4.61087157e+01  7.35642254e+02  1.79998492e+02
 7.94328235e+02  4.61087158e+01  7.94328235e+02  1.79998371e+02
 8.57695899e+02  4.61087159e+01  8.57695899e+02  1.79998241e+02
 9.26118728e+02  4.61087159e+01  9.26118728e+02  1.79998101e+02
 1.00000000e+03  4.61087160e+01  1.00000000e+03  1.79997950e+02
 1.07977516e+03  4.61087162e+01  1.07977516e+03  1.79997786e+02
 1.16591440e+03  4.61087163e+01  1.16591440e+03  1.79997609e+02
 1.25892541e+03  4.61087165e+01  1.25892541e+03  1.79997419e+02
 1.35935639e+03  4.61087166e+01  1.35935639e+03  1.79997213e+02
 1.46779927e+03  4.61087168e+01  1.46779927e+03  1.79996990e+02
 1.58489319e+03  4.61087171e+01  1.58489319e+03  1.79996750e+02
 1.71132830e+03  4.61087174e+01  1.71132830e+03  1.79996491e+02
 1.84784980e+03  4.61087177e+01  1.84784980e+03  1.79996211e+02
 1.99526231e+03  4.61087181e+01  1.99526231e+03  1.79995909e+02
 2.15443469e+03  4.61087186e+01  2.15443469e+03  1.79995582e+02
 2.32630507e+03  4.61087191e+01  2.32630507e+03  1.79995230e+02
 2.51188643e+03  4.61087197e+01  2.51188643e+03  1.79994849e+02
 2.71227258e+03  4.61087204e+01  2.71227258e+03  1.79994439e+02
 2.92864456e+03  4.61087213e+01  2.92864456e+03  1.79993995e+02
 3.16227766e+03  4.61087223e+01  3.16227766e+03  1.79993516e+02
 3.41454887e+03  4.61087234e+01  3.41454887e+03  1.79992999e+02
 3.68694506e+03  4.61087248e+01  3.68694506e+03  1.79992440e+02
 3.98107171e+03  4.61087263e+01  3.98107171e+03  1.79991837e+02
 4.29866235e+03  4.61087281e+01  4.29866235e+03  1.79991186e+02
 4.64158883e+03  4.61087303e+01  4.64158883e+03  1.79990483e+02
 5.01187234e+03  4.61087327e+01  5.01187234e+03  1.79989723e+02
 5.41169527e+03  4.61087356e+01  5.41169527e+03  1.79988904e+02
 5.84341413e+03  4.61087390e+01  5.84341413e+03  1.79988018e+02
 6.30957344e+03  4.61087429e+01  6.30957344e+03  1.79987062e+02
 6.81292069e+03  4.61087475e+01  6.81292069e+03  1.79986030e+02
 7.35642254e+03  4.61087528e+01  7.35642254e+03  1.79984916e+02
 7.94328235e+03  4.61087590e+01  7.94328235e+03  1.79983713e+02
 8.57695899e+03  4.61087662e+01  8.57695899e+03  1.79982413e+02
 9.26118728e+03  4.61087747e+01  9.26118728e+03  1.79981010e+02
 1.00000000e+04  4.61087845e+01  1.00000000e+04  1.79979495e+02
 1.07977516e+04  4.61087960e+01  1.07977516e+04  1.79977859e+02
 1.16591440e+04  4.61088094e+01  1.16591440e+04  1.79976093e+02
 1.25892541e+04  4.61088250e+01  1.25892541e+04  1.79974186e+02
 1.35935639e+04  4.61088432e+01  1.35935639e+04  1.79972126e+02
 1.46779927e+04  4.61088644e+01  1.46779927e+04  1.79969903e+02
 1.58489319e+04  4.61088891e+01  1.58489319e+04  1.79967501e+02
 1.71132830e+04  4.61089179e+01  1.71132830e+04  1.79964909e+02
 1.84784980e+04  4.61089515e+01  1.84784980e+04  1.79962109e+02
 1.99526231e+04  4.61089907e+01  1.99526231e+04  1.79959086e+02
 2.15443469e+04  4.61090364e+01  2.15443469e+04  1.79955822e+02
 2.32630507e+04  4.61090897e+01  2.32630507e+04  1.79952297e+02
 2.51188643e+04  4.61091517e+01  2.51188643e+04  1.79948491e+02
 2.71227258e+04  4.61092242e+01  2.71227258e+04  1.79944381e+02
 2.92864456e+04  4.61093086e+01  2.92864456e+04  1.79939943e+02
 3.16227766e+04  4.61094070e+01  3.16227766e+04  1.79935151e+02
 3.41454887e+04  4.61095218e+01  3.41454887e+04  1.79929976e+02
 3.68694506e+04  4.61096555e+01  3.68694506e+04  1.79924388e+02
 3.98107171e+04  4.61098116e+01  3.98107171e+04  1.79918353e+02
 4.29866235e+04  4.61099935e+01  4.29866235e+04  1.79911837e+02
 4.64158883e+04  4.61102055e+01  4.64158883e+04  1.79904800e+02
 5.01187234e+04  4.61104528e+01  5.01187234e+04  1.79897201e+02
 5.41169527e+04  4.61107410e+01  5.41169527e+04  1.79888994e+02
 5.84341413e+04  4.61110772e+01  5.84341413e+04  1.79880131e+02
 6.30957344e+04  4.61114692e+01  6.30957344e+04  1.79870559e+02
 6.81292069e+04  4.61119261e+01  6.81292069e+04  1.79860221e+02
 7.35642254e+04  4.61124590e+01  7.35642254e+04  1.79849055e+02
 7.94328235e+04  4.61130802e+01  7.94328235e+04  1.79836995e+02
 8.57695899e+04  4.61138046e+01  8.57695899e+04  1.79823968e+02
 9.26118728e+04  4.61146494e+01  9.26118728e+04  1.79809895e+02
 1.00000000e+05  4.61156342e+01  1.00000000e+05  1.79794692e+02
 1.07977516e+05  4.61167827e+01  1.07977516e+05  1.79778267e+02
 1.16591440e+05  4.61181218e+01  1.16591440e+05  1.79760519e+02
 1.25892541e+05  4.61196834e+01  1.25892541e+05  1.79741339e+02
 1.35935639e+05  4.61215046e+01  1.35935639e+05  1.79720611e+02
 1.46779927e+05  4.61236283e+01  1.46779927e+05  1.79698204e+02
 1.58489319e+05  4.61261049e+01  1.58489319e+05  1.79673980e+02
 1.71132830e+05  4.61289930e+01  1.71132830e+05  1.79647784e+02
 1.84784980e+05  4.61323621e+01  1.84784980e+05  1.79619449e+02
 1.99526231e+05  4.61362915e+01  1.99526231e+05  1.79588793e+02
 2.15443469e+05  4.61408751e+01  2.15443469e+05  1.79555614e+02
 2.32630507e+05  4.61462214e+01  2.32630507e+05  1.79519690e+02
 2.51188643e+05  4.61524592e+01  2.51188643e+05  1.79480777e+02
 2.71227258e+05  4.61597369e+01  2.71227258e+05  1.79438604e+02
 2.92864456e+05  4.61682314e+01  2.92864456e+05  1.79392870e+02
 3.16227766e+05  4.61781437e+01  3.16227766e+05  1.79343242e+02
 3.41454887e+05  4.61897144e+01  3.41454887e+05  1.79289338e+02
 3.68694506e+05  4.62032245e+01  3.68694506e+05  1.79230739e+02
 3.98107171e+05  4.62190019e+01  3.98107171e+05  1.79166963e+02
 4.29866235e+05  4.62374265e+01  4.29866235e+05  1.79097467e+02
 4.64158883e+05  4.62589636e+01  4.64158883e+05  1.79021620e+02
 5.01187234e+05  4.62841334e+01  5.01187234e+05  1.78938702e+02
 5.41169527e+05  4.63135696e+01  5.41169527e+05  1.78847870e+02
 5.84341413e+05  4.63480101e+01  5.84341413e+05  1.78748129e+02
 6.30957344e+05  4.63883424e+01  6.30957344e+05  1.78638336e+02
 6.81292069e+05  4.64355745e+01  6.81292069e+05  1.78517079e+02
 7.35642254e+05  4.64909717e+01  7.35642254e+05  1.78382698e+02
 7.94328235e+05  4.65559847e+01  7.94328235e+05  1.78233154e+02
 8.57695899e+05  4.66323772e+01  8.57695899e+05  1.78065959e+02
 9.26118728e+05  4.67222528e+01  9.26118728e+05  1.77877949e+02
 1.00000000e+06  4.68281922e+01  1.00000000e+06  1.77665340e+02
 1.07977516e+06  4.69532728e+01  1.07977516e+06  1.77422947e+02
 1.16591440e+06  4.71013021e+01  1.16591440e+06  1.77144543e+02
 1.25892541e+06  4.72770089e+01  1.25892541e+06  1.76821679e+02
 1.35935639e+06  4.74861996e+01  1.35935639e+06  1.76443080e+02
 1.46779927e+06  4.77362632e+01  1.46779927e+06  1.75993390e+02
 1.58489319e+06  4.80366690e+01  1.58489319e+06  1.75451192e+02
 1.71132830e+06  4.83996048e+01  1.71132830e+06  1.74786545e+02
 1.84784980e+06  4.88415045e+01  1.84784980e+06  1.73953941e+02
 1.99526231e+06  4.93843710e+01  1.99526231e+06  1.72884609e+02
 2.15443469e+06  5.00588568e+01  2.15443469e+06  1.71468464e+02
 2.32630507e+06  5.09094302e+01  2.32630507e+06  1.69516986e+02
 2.51188643e+06  5.20016340e+01  2.51188643e+06  1.66684840e+02
 2.71227258e+06  5.34350270e+01  2.71227258e+06  1.62274882e+02
 2.92864456e+06  5.53526434e+01  2.92864456e+06  1.54695073e+02
 3.16227766e+06  5.78531621e+01  3.16227766e+06  1.39849219e+02
 3.41454887e+06  6.00730240e+01  3.41454887e+06  1.08819171e+02
 3.68694506e+06  5.86906197e+01  3.68694506e+06  6.73207080e+01
 3.98107171e+06  5.47797541e+01  3.98107171e+06  4.25284320e+01
 4.29866235e+06  5.11142897e+01  4.29866235e+06  3.08160490e+01
 4.64158883e+06  4.80248750e+01  4.64158883e+06  2.46634254e+01
 5.01187234e+06  4.53693003e+01  5.01187234e+06  2.10644294e+01
 5.41169527e+06  4.30174963e+01  5.41169527e+06  1.88119199e+01
 5.84341413e+06  4.08811134e+01  5.84341413e+06  1.73558061e+01
 6.30957344e+06  3.89024439e+01  6.30957344e+06  1.64174145e+01
 6.81292069e+06  3.70414120e+01  6.81292069e+06  1.58438189e+01
 7.35642254e+06  3.52704722e+01  7.35642254e+06  1.55409585e+01
 7.94328235e+06  3.35680918e+01  7.94328235e+06  1.54555623e+01
 8.57695899e+06  3.19185559e+01  8.57695899e+06  1.55502725e+01
 9.26118728e+06  3.03108453e+01  9.26118728e+06  1.58027159e+01
 1.00000000e+07  2.87329777e+01  1.00000000e+07  1.62070528e+01
 1.07977516e+07  2.71784829e+01  1.07977516e+07  1.67565833e+01
 1.16591440e+07  2.56384780e+01  1.16591440e+07  1.74611509e+01
 1.25892541e+07  2.41100113e+01  1.25892541e+07  1.83033666e+01
 1.35935639e+07  2.25807623e+01  1.35935639e+07  1.93249245e+01
 1.46779927e+07  2.10553836e+01  1.46779927e+07  2.05146855e+01
 1.58489319e+07  1.95223939e+01  1.58489319e+07  2.19123955e+01
 1.71132830e+07  1.79783535e+01  1.71132830e+07  2.35458607e+01
 1.84784980e+07  1.64154185e+01  1.84784980e+07  2.54602665e+01
 1.99526231e+07  1.48270391e+01  1.99526231e+07  2.76976959e+01
 2.15443469e+07  1.32162656e+01  2.15443469e+07  3.03611687e+01
 2.32630507e+07  1.15797360e+01  2.32630507e+07  3.35137000e+01
 2.51188643e+07  9.89966126e+00  2.51188643e+07  3.73246271e+01
 2.71227258e+07  8.19055172e+00  2.71227258e+07  4.19527422e+01
 2.92864456e+07  6.44811534e+00  2.92864456e+07  4.78395000e+01
 3.16227766e+07  4.73055158e+00  3.16227766e+07  5.47467677e+01
 3.41454887e+07  3.07008411e+00  3.41454887e+07  6.36058779e+01
 3.68694506e+07  1.53562090e+00  3.68694506e+07  7.43301150e+01
 3.98107171e+07  3.13436105e-01  3.98107171e+07  8.66911814e+01
 4.29866235e+07  -5.34094474e-01  4.29866235e+07  1.00766155e+02
 4.64158883e+07  -8.05146457e-01  4.64158883e+07  1.14298320e+02
 5.01187234e+07  -7.91831153e-01  5.01187234e+07  1.25263886e+02
 5.41169527e+07  -6.07495569e-01  5.41169527e+07  1.38359682e+02
 5.84341413e+07  -2.28164454e-01  5.84341413e+07  1.46326224e+02
 6.30957344e+07  3.82200725e-01  6.30957344e+07  1.51090226e+02
 6.81292069e+07  7.48527688e-01  6.81292069e+07  1.58090094e+02
 7.35642254e+07  1.23224759e+00  7.35642254e+07  1.63444785e+02
 7.94328235e+07  1.70965067e+00  7.94328235e+07  1.66951074e+02
 8.57695899e+07  2.09817781e+00  8.57695899e+07  1.71170220e+02
 9.26118728e+07  2.39178710e+00  9.26118728e+07  1.73560989e+02
 1.00000000e+08  2.81081702e+00  1.00000000e+08  1.77392483e+02
 1.07977516e+08  3.16831410e+00  1.07977516e+08  1.79446611e+02
 1.16591440e+08  3.38445138e+00  1.16591440e+08  1.82100923e+02
 1.25892541e+08  3.80080969e+00  1.25892541e+08  1.84143199e+02
 1.35935639e+08  4.05005579e+00  1.35935639e+08  1.85928713e+02
 1.46779927e+08  4.37223701e+00  1.46779927e+08  1.87082747e+02
 1.58489319e+08  5.09039305e+00  1.58489319e+08  1.87724477e+02
 1.71132830e+08  5.55674170e+00  1.71132830e+08  1.89191328e+02
 1.84784980e+08  5.73736481e+00  1.84784980e+08  1.89541786e+02
 1.99526231e+08  6.12468491e+00  1.99526231e+08  1.89779252e+02
 2.15443469e+08  6.39645706e+00  2.15443469e+08  1.90117849e+02
 2.32630507e+08  6.45442207e+00  2.32630507e+08  1.89975276e+02
 2.51188643e+08  6.22128509e+00  2.51188643e+08  1.89673215e+02
 2.71227258e+08  7.03983017e+00  2.71227258e+08  1.88804042e+02
 2.92864456e+08  7.05819115e+00  2.92864456e+08  1.88198042e+02
 3.16227766e+08  7.21880586e+00  3.16227766e+08  1.87562562e+02
 3.41454887e+08  6.77236664e+00  3.41454887e+08  1.86206193e+02
 3.68694506e+08  7.25786747e+00  3.68694506e+08  1.85781728e+02
 3.98107171e+08  6.00133739e+00  3.98107171e+08  1.84964883e+02
 4.29866235e+08  6.85822752e+00  4.29866235e+08  1.84053395e+02
 4.64158883e+08  8.44629438e+00  4.64158883e+08  1.83777174e+02
 5.01187234e+08  7.13249213e+00  5.01187234e+08  1.82678476e+02
 5.41169527e+08  7.75117459e+00  5.41169527e+08  1.82618683e+02
 5.84341413e+08  4.48781796e+00  5.84341413e+08  1.81905649e+02
 6.30957344e+08  7.55006031e+00  6.30957344e+08  1.81744776e+02
 6.81292069e+08  6.19471396e+00  6.81292069e+08  1.81397038e+02
 7.35642254e+08  8.34634570e+00  7.35642254e+08  1.81810219e+02
 7.94328235e+08  3.50839742e+00  7.94328235e+08  1.80746424e+02
 8.57695899e+08  2.15519393e+00  8.57695899e+08  1.80107179e+02
 9.26118728e+08  4.31635648e+00  9.26118728e+08  1.80545509e+02
 1.00000000e+09  8.99048106e+00  1.00000000e+09  1.79594517e+02
