 1.00000000e+00  4.75050882e+01  1.00000000e+00  1.79999998e+02
 1.07977516e+00  4.75050882e+01  1.07977516e+00  1.79999997e+02
 1.16591440e+00  4.75050882e+01  1.16591440e+00  1.79999997e+02
 1.25892541e+00  4.75050882e+01  1.25892541e+00  1.79999997e+02
 1.35935639e+00  4.75050882e+01  1.35935639e+00  1.79999997e+02
 1.46779927e+00  4.75050882e+01  1.46779927e+00  1.79999997e+02
 1.58489319e+00  4.75050882e+01  1.58489319e+00  1.79999996e+02
 1.71132830e+00  4.75050882e+01  1.71132830e+00  1.79999996e+02
 1.84784980e+00  4.75050882e+01  1.84784980e+00  1.79999996e+02
 1.99526231e+00  4.75050882e+01  1.99526231e+00  1.79999995e+02
 2.15443469e+00  4.75050882e+01  2.15443469e+00  1.79999995e+02
 2.32630507e+00  4.75050882e+01  2.32630507e+00  1.79999995e+02
 2.51188643e+00  4.75050882e+01  2.51188643e+00  1.79999994e+02
 2.71227258e+00  4.75050882e+01  2.71227258e+00  1.79999994e+02
 2.92864456e+00  4.75050882e+01  2.92864456e+00  1.79999993e+02
 3.16227766e+00  4.75050882e+01  3.16227766e+00  1.79999993e+02
 3.41454887e+00  4.75050882e+01  3.41454887e+00  1.79999992e+02
 3.68694506e+00  4.75050882e+01  3.68694506e+00  1.79999991e+02
 3.98107171e+00  4.75050882e+01  3.98107171e+00  1.79999991e+02
 4.29866235e+00  4.75050882e+01  4.29866235e+00  1.79999990e+02
 4.64158883e+00  4.75050882e+01  4.64158883e+00  1.79999989e+02
 5.01187234e+00  4.75050882e+01  5.01187234e+00  1.79999988e+02
 5.41169527e+00  4.75050882e+01  5.41169527e+00  1.79999987e+02
 5.84341413e+00  4.75050882e+01  5.84341413e+00  1.79999986e+02
 6.30957344e+00  4.75050882e+01  6.30957344e+00  1.79999985e+02
 6.81292069e+00  4.75050882e+01  6.81292069e+00  1.79999984e+02
 7.35642254e+00  4.75050882e+01  7.35642254e+00  1.79999983e+02
 7.94328235e+00  4.75050882e+01  7.94328235e+00  1.79999982e+02
 8.57695899e+00  4.75050882e+01  8.57695899e+00  1.79999980e+02
 9.26118728e+00  4.75050882e+01  9.26118728e+00  1.79999978e+02
 1.00000000e+01  4.75050882e+01  1.00000000e+01  1.79999977e+02
 1.07977516e+01  4.75050882e+01  1.07977516e+01  1.79999975e+02
 1.16591440e+01  4.75050882e+01  1.16591440e+01  1.79999973e+02
 1.25892541e+01  4.75050882e+01  1.25892541e+01  1.79999971e+02
 1.35935639e+01  4.75050882e+01  1.35935639e+01  1.79999968e+02
 1.46779927e+01  4.75050882e+01  1.46779927e+01  1.79999966e+02
 1.58489319e+01  4.75050882e+01  1.58489319e+01  1.79999963e+02
 1.71132830e+01  4.75050882e+01  1.71132830e+01  1.79999960e+02
 1.84784980e+01  4.75050882e+01  1.84784980e+01  1.79999957e+02
 1.99526231e+01  4.75050882e+01  1.99526231e+01  1.79999954e+02
 2.15443469e+01  4.75050882e+01  2.15443469e+01  1.79999950e+02
 2.32630507e+01  4.75050882e+01  2.32630507e+01  1.79999946e+02
 2.51188643e+01  4.75050882e+01  2.51188643e+01  1.79999942e+02
 2.71227258e+01  4.75050882e+01  2.71227258e+01  1.79999937e+02
 2.92864456e+01  4.75050882e+01  2.92864456e+01  1.79999932e+02
 3.16227766e+01  4.75050882e+01  3.16227766e+01  1.79999927e+02
 3.41454887e+01  4.75050882e+01  3.41454887e+01  1.79999921e+02
 3.68694506e+01  4.75050882e+01  3.68694506e+01  1.79999914e+02
 3.98107171e+01  4.75050882e+01  3.98107171e+01  1.79999907e+02
 4.29866235e+01  4.75050882e+01  4.29866235e+01  1.79999900e+02
 4.64158883e+01  4.75050882e+01  4.64158883e+01  1.79999892e+02
 5.01187234e+01  4.75050882e+01  5.01187234e+01  1.79999884e+02
 5.41169527e+01  4.75050882e+01  5.41169527e+01  1.79999874e+02
 5.84341413e+01  4.75050882e+01  5.84341413e+01  1.79999864e+02
 6.30957344e+01  4.75050882e+01  6.30957344e+01  1.79999853e+02
 6.81292069e+01  4.75050882e+01  6.81292069e+01  1.79999842e+02
 7.35642254e+01  4.75050882e+01  7.35642254e+01  1.79999829e+02
 7.94328235e+01  4.75050882e+01  7.94328235e+01  1.79999815e+02
 8.57695899e+01  4.75050882e+01  8.57695899e+01  1.79999801e+02
 9.26118728e+01  4.75050882e+01  9.26118728e+01  1.79999785e+02
 1.00000000e+02  4.75050882e+01  1.00000000e+02  1.79999768e+02
 1.07977516e+02  4.75050882e+01  1.07977516e+02  1.79999749e+02
 1.16591440e+02  4.75050882e+01  1.16591440e+02  1.79999729e+02
 1.25892541e+02  4.75050882e+01  1.25892541e+02  1.79999707e+02
 1.35935639e+02  4.75050882e+01  1.35935639e+02  1.79999684e+02
 1.46779927e+02  4.75050882e+01  1.46779927e+02  1.79999659e+02
 1.58489319e+02  4.75050882e+01  1.58489319e+02  1.79999632e+02
 1.71132830e+02  4.75050882e+01  1.71132830e+02  1.79999602e+02
 1.84784980e+02  4.75050882e+01  1.84784980e+02  1.79999571e+02
 1.99526231e+02  4.75050882e+01  1.99526231e+02  1.79999536e+02
 2.15443469e+02  4.75050882e+01  2.15443469e+02  1.79999499e+02
 2.32630507e+02  4.75050882e+01  2.32630507e+02  1.79999459e+02
 2.51188643e+02  4.75050882e+01  2.51188643e+02  1.79999416e+02
 2.71227258e+02  4.75050882e+01  2.71227258e+02  1.79999370e+02
 2.92864456e+02  4.75050882e+01  2.92864456e+02  1.79999320e+02
 3.16227766e+02  4.75050882e+01  3.16227766e+02  1.79999265e+02
 3.41454887e+02  4.75050882e+01  3.41454887e+02  1.79999207e+02
 3.68694506e+02  4.75050883e+01  3.68694506e+02  1.79999143e+02
 3.98107171e+02  4.75050883e+01  3.98107171e+02  1.79999075e+02
 4.29866235e+02  4.75050883e+01  4.29866235e+02  1.79999001e+02
 4.64158883e+02  4.75050883e+01  4.64158883e+02  1.79998922e+02
 5.01187234e+02  4.75050883e+01  5.01187234e+02  1.79998835e+02
 5.41169527e+02  4.75050884e+01  5.41169527e+02  1.79998743e+02
 5.84341413e+02  4.75050884e+01  5.84341413e+02  1.79998642e+02
 6.30957344e+02  4.75050885e+01  6.30957344e+02  1.79998534e+02
 6.81292069e+02  4.75050885e+01  6.81292069e+02  1.79998417e+02
 7.35642254e+02  4.75050886e+01  7.35642254e+02  1.79998291e+02
 7.94328235e+02  4.75050886e+01  7.94328235e+02  1.79998154e+02
 8.57695899e+02  4.75050887e+01  8.57695899e+02  1.79998007e+02
 9.26118728e+02  4.75050888e+01  9.26118728e+02  1.79997848e+02
 1.00000000e+03  4.75050889e+01  1.00000000e+03  1.79997676e+02
 1.07977516e+03  4.75050890e+01  1.07977516e+03  1.79997491e+02
 1.16591440e+03  4.75050892e+01  1.16591440e+03  1.79997291e+02
 1.25892541e+03  4.75050894e+01  1.25892541e+03  1.79997075e+02
 1.35935639e+03  4.75050896e+01  1.35935639e+03  1.79996842e+02
 1.46779927e+03  4.75050898e+01  1.46779927e+03  1.79996590e+02
 1.58489319e+03  4.75050901e+01  1.58489319e+03  1.79996317e+02
 1.71132830e+03  4.75050904e+01  1.71132830e+03  1.79996024e+02
 1.84784980e+03  4.75050908e+01  1.84784980e+03  1.79995707e+02
 1.99526231e+03  4.75050912e+01  1.99526231e+03  1.79995364e+02
 2.15443469e+03  4.75050917e+01  2.15443469e+03  1.79994994e+02
 2.32630507e+03  4.75050923e+01  2.32630507e+03  1.79994595e+02
 2.51188643e+03  4.75050930e+01  2.51188643e+03  1.79994164e+02
 2.71227258e+03  4.75050938e+01  2.71227258e+03  1.79993698e+02
 2.92864456e+03  4.75050947e+01  2.92864456e+03  1.79993195e+02
 3.16227766e+03  4.75050958e+01  3.16227766e+03  1.79992652e+02
 3.41454887e+03  4.75050970e+01  3.41454887e+03  1.79992066e+02
 3.68694506e+03  4.75050985e+01  3.68694506e+03  1.79991433e+02
 3.98107171e+03  4.75051002e+01  3.98107171e+03  1.79990750e+02
 4.29866235e+03  4.75051022e+01  4.29866235e+03  1.79990012e+02
 4.64158883e+03  4.75051046e+01  4.64158883e+03  1.79989215e+02
 5.01187234e+03  4.75051073e+01  5.01187234e+03  1.79988355e+02
 5.41169527e+03  4.75051105e+01  5.41169527e+03  1.79987426e+02
 5.84341413e+03  4.75051142e+01  5.84341413e+03  1.79986423e+02
 6.30957344e+03  4.75051185e+01  6.30957344e+03  1.79985340e+02
 6.81292069e+03  4.75051235e+01  6.81292069e+03  1.79984170e+02
 7.35642254e+03  4.75051294e+01  7.35642254e+03  1.79982907e+02
 7.94328235e+03  4.75051363e+01  7.94328235e+03  1.79981544e+02
 8.57695899e+03  4.75051443e+01  8.57695899e+03  1.79980071e+02
 9.26118728e+03  4.75051536e+01  9.26118728e+03  1.79978481e+02
 1.00000000e+04  4.75051644e+01  1.00000000e+04  1.79976765e+02
 1.07977516e+04  4.75051771e+01  1.07977516e+04  1.79974911e+02
 1.16591440e+04  4.75051918e+01  1.16591440e+04  1.79972909e+02
 1.25892541e+04  4.75052090e+01  1.25892541e+04  1.79970748e+02
 1.35935639e+04  4.75052291e+01  1.35935639e+04  1.79968415e+02
 1.46779927e+04  4.75052524e+01  1.46779927e+04  1.79965895e+02
 1.58489319e+04  4.75052797e+01  1.58489319e+04  1.79963174e+02
 1.71132830e+04  4.75053115e+01  1.71132830e+04  1.79960236e+02
 1.84784980e+04  4.75053485e+01  1.84784980e+04  1.79957063e+02
 1.99526231e+04  4.75053917e+01  1.99526231e+04  1.79953638e+02
 2.15443469e+04  4.75054421e+01  2.15443469e+04  1.79949939e+02
 2.32630507e+04  4.75055008e+01  2.32630507e+04  1.79945944e+02
 2.51188643e+04  4.75055693e+01  2.51188643e+04  1.79941631e+02
 2.71227258e+04  4.75056492e+01  2.71227258e+04  1.79936974e+02
 2.92864456e+04  4.75057422e+01  2.92864456e+04  1.79931945e+02
 3.16227766e+04  4.75058508e+01  3.16227766e+04  1.79926515e+02
 3.41454887e+04  4.75059773e+01  3.41454887e+04  1.79920651e+02
 3.68694506e+04  4.75061248e+01  3.68694506e+04  1.79914318e+02
 3.98107171e+04  4.75062968e+01  3.98107171e+04  1.79907480e+02
 4.29866235e+04  4.75064974e+01  4.29866235e+04  1.79900096e+02
 4.64158883e+04  4.75067312e+01  4.64158883e+04  1.79892122e+02
 5.01187234e+04  4.75070038e+01  5.01187234e+04  1.79883510e+02
 5.41169527e+04  4.75073217e+01  5.41169527e+04  1.79874210e+02
 5.84341413e+04  4.75076924e+01  5.84341413e+04  1.79864166e+02
 6.30957344e+04  4.75081245e+01  6.30957344e+04  1.79853319e+02
 6.81292069e+04  4.75086284e+01  6.81292069e+04  1.79841604e+02
 7.35642254e+04  4.75092158e+01  7.35642254e+04  1.79828950e+02
 7.94328235e+04  4.75099009e+01  7.94328235e+04  1.79815283e+02
 8.57695899e+04  4.75106996e+01  8.57695899e+04  1.79800519e+02
 9.26118728e+04  4.75116310e+01  9.26118728e+04  1.79784570e+02
 1.00000000e+05  4.75127171e+01  1.00000000e+05  1.79767341e+02
 1.07977516e+05  4.75139834e+01  1.07977516e+05  1.79748725e+02
 1.16591440e+05  4.75154600e+01  1.16591440e+05  1.79728609e+02
 1.25892541e+05  4.75171821e+01  1.25892541e+05  1.79706871e+02
 1.35935639e+05  4.75191903e+01  1.35935639e+05  1.79683376e+02
 1.46779927e+05  4.75215320e+01  1.46779927e+05  1.79657978e+02
 1.58489319e+05  4.75242631e+01  1.58489319e+05  1.79630518e+02
 1.71132830e+05  4.75274486e+01  1.71132830e+05  1.79600821e+02
 1.84784980e+05  4.75311640e+01  1.84784980e+05  1.79568698e+02
 1.99526231e+05  4.75354976e+01  1.99526231e+05  1.79533939e+02
 2.15443469e+05  4.75405529e+01  2.15443469e+05  1.79496317e+02
 2.32630507e+05  4.75464501e+01  2.32630507e+05  1.79455577e+02
 2.51188643e+05  4.75533308e+01  2.51188643e+05  1.79411443e+02
 2.71227258e+05  4.75613601e+01  2.71227258e+05  1.79363603e+02
 2.92864456e+05  4.75707304e+01  2.92864456e+05  1.79311716e+02
 3.16227766e+05  4.75816678e+01  3.16227766e+05  1.79255396e+02
 3.41454887e+05  4.75944365e+01  3.41454887e+05  1.79194213e+02
 3.68694506e+05  4.76093470e+01  3.68694506e+05  1.79127680e+02
 3.98107171e+05  4.76267604e+01  3.98107171e+05  1.79055247e+02
 4.29866235e+05  4.76471058e+01  4.29866235e+05  1.78976284e+02
 4.64158883e+05  4.76708864e+01  4.64158883e+05  1.78890067e+02
 5.01187234e+05  4.76986922e+01  5.01187234e+05  1.78795760e+02
 5.41169527e+05  4.77312157e+01  5.41169527e+05  1.78692389e+02
 5.84341413e+05  4.77692919e+01  5.84341413e+05  1.78578804e+02
 6.30957344e+05  4.78138762e+01  6.30957344e+05  1.78453650e+02
 6.81292069e+05  4.78661410e+01  6.81292069e+05  1.78315297e+02
 7.35642254e+05  4.79274578e+01  7.35642254e+05  1.78161778e+02
 7.94328235e+05  4.79994779e+01  7.94328235e+05  1.77990693e+02
 8.57695899e+05  4.80841730e+01  8.57695899e+05  1.77799077e+02
 9.26118728e+05  4.81839113e+01  9.26118728e+05  1.77583227e+02
 1.00000000e+06  4.83016113e+01  1.00000000e+06  1.77338457e+02
 1.07977516e+06  4.84407897e+01  1.07977516e+06  1.77058754e+02
 1.16591440e+06  4.86057589e+01  1.16591440e+06  1.76736309e+02
 1.25892541e+06  4.88019209e+01  1.25892541e+06  1.76360759e+02
 1.35935639e+06  4.90360314e+01  1.35935639e+06  1.75918133e+02
 1.46779927e+06  4.93166953e+01  1.46779927e+06  1.75389183e+02
 1.58489319e+06  4.96550758e+01  1.58489319e+06  1.74746662e+02
 1.71132830e+06  5.00656865e+01  1.71132830e+06  1.73950967e+02
 1.84784980e+06  5.05682039e+01  1.84784980e+06  1.72942301e+02
 1.99526231e+06  5.11896985e+01  1.99526231e+06  1.71626480e+02
 2.15443469e+06  5.19684349e+01  2.15443469e+06  1.69847024e+02
 2.32630507e+06  5.29605096e+01  2.32630507e+06  1.67325735e+02
 2.51188643e+06  5.42500834e+01  2.51188643e+06  1.63522536e+02
 2.71227258e+06  5.59612725e+01  2.71227258e+06  1.57267156e+02
 2.92864456e+06  5.82285227e+01  2.92864456e+06  1.45686406e+02
 3.16227766e+06  6.07521826e+01  3.16227766e+06  1.21691276e+02
 3.41454887e+06  6.09562247e+01  3.41454887e+06  8.11749265e+01
 3.68694506e+06  5.75515883e+01  3.68694506e+06  4.95867321e+01
 3.98107171e+06  5.37337211e+01  3.98107171e+06  3.42212807e+01
 4.29866235e+06  5.04684202e+01  4.29866235e+06  2.64355614e+01
 4.64158883e+06  4.76840800e+01  4.64158883e+06  2.19992654e+01
 5.01187234e+06  4.52412455e+01  5.01187234e+06  1.92524289e+01
 5.41169527e+06  4.30403891e+01  5.41169527e+06  1.74686129e+01
 5.84341413e+06  4.10153248e+01  5.84341413e+06  1.62872991e+01
 6.30957344e+06  3.91203016e+01  6.30957344e+06  1.55178080e+01
 6.81292069e+06  3.73244658e+01  6.81292069e+06  1.50456402e+01
 7.35642254e+06  3.56049697e+01  7.35642254e+06  1.48025402e+01
 7.94328235e+06  3.39439178e+01  7.94328235e+06  1.47491163e+01
 8.57695899e+06  3.23288253e+01  8.57695899e+06  1.48519696e+01
 9.26118728e+06  3.07496686e+01  9.26118728e+06  1.51014075e+01
 1.00000000e+07  2.91963311e+01  1.00000000e+07  1.54848063e+01
 1.07977516e+07  2.76626412e+01  1.07977516e+07  1.60004713e+01
 1.16591440e+07  2.61415996e+01  1.16591440e+07  1.66510475e+01
 1.25892541e+07  2.46281533e+01  1.25892541e+07  1.74423198e+01
 1.35935639e+07  2.31157661e+01  1.35935639e+07  1.83848957e+01
 1.46779927e+07  2.16035783e+01  1.46779927e+07  1.94970561e+01
 1.58489319e+07  2.00845645e+01  1.58489319e+07  2.07914432e+01
 1.71132830e+07  1.85517885e+01  1.71132830e+07  2.23037986e+01
 1.84784980e+07  1.70022710e+01  1.84784980e+07  2.40758477e+01
 1.99526231e+07  1.54300088e+01  1.99526231e+07  2.61302126e+01
 2.15443469e+07  1.38271537e+01  2.15443469e+07  2.85735948e+01
 2.32630507e+07  1.21981455e+01  2.32630507e+07  3.14795807e+01
 2.51188643e+07  1.05186503e+01  2.51188643e+07  3.49577078e+01
 2.71227258e+07  8.81844956e+00  2.71227258e+07  3.91860812e+01
 2.92864456e+07  7.07294134e+00  2.92864456e+07  4.43588913e+01
 3.16227766e+07  5.31379970e+00  3.16227766e+07  5.08243620e+01
 3.41454887e+07  3.58833899e+00  3.41454887e+07  5.89699413e+01
 3.68694506e+07  1.93632288e+00  3.68694506e+07  6.86173672e+01
 3.98107171e+07  5.44048249e-01  3.98107171e+07  8.08739438e+01
 4.29866235e+07  -5.22371667e-01  4.29866235e+07  9.47887169e+01
 4.64158883e+07  -1.07578991e+00  4.64158883e+07  1.09076427e+02
 5.01187234e+07  -1.11626999e+00  5.01187234e+07  1.21579089e+02
 5.41169527e+07  -8.96613968e-01  5.41169527e+07  1.33308576e+02
 5.84341413e+07  -4.74593524e-01  5.84341413e+07  1.42857984e+02
 6.30957344e+07  2.64563421e-02  6.30957344e+07  1.50480494e+02
 6.81292069e+07  5.43682554e-01  6.81292069e+07  1.57462084e+02
 7.35642254e+07  1.05310809e+00  7.35642254e+07  1.62365127e+02
 7.94328235e+07  1.51683487e+00  7.94328235e+07  1.66549505e+02
 8.57695899e+07  1.86474160e+00  8.57695899e+07  1.70220614e+02
 9.26118728e+07  2.36179096e+00  9.26118728e+07  1.73778889e+02
 1.00000000e+08  2.63675950e+00  1.00000000e+08  1.76678840e+02
 1.07977516e+08  2.95278071e+00  1.07977516e+08  1.79744480e+02
 1.16591440e+08  3.47427190e+00  1.16591440e+08  1.81713123e+02
 1.25892541e+08  3.81841526e+00  1.25892541e+08  1.84104061e+02
 1.35935639e+08  3.97281454e+00  1.35935639e+08  1.85982742e+02
 1.46779927e+08  4.61713055e+00  1.46779927e+08  1.86957984e+02
 1.58489319e+08  4.68112365e+00  1.58489319e+08  1.88758150e+02
 1.71132830e+08  5.29465781e+00  1.71132830e+08  1.89280225e+02
 1.84784980e+08  5.48683868e+00  1.84784980e+08  1.90018669e+02
 1.99526231e+08  6.13768076e+00  1.99526231e+08  1.90310513e+02
 2.15443469e+08  5.76460587e+00  2.15443469e+08  1.90689759e+02
 2.32630507e+08  6.91598505e+00  2.32630507e+08  1.90450012e+02
 2.51188643e+08  6.28021680e+00  2.51188643e+08  1.90088797e+02
 2.71227258e+08  7.12367991e+00  2.71227258e+08  1.89335400e+02
 2.92864456e+08  7.14880134e+00  2.92864456e+08  1.88440413e+02
 3.16227766e+08  7.30735609e+00  3.16227766e+08  1.87645851e+02
 3.41454887e+08  6.86634495e+00  3.41454887e+08  1.86692584e+02
 3.68694506e+08  7.34772229e+00  3.68694506e+08  1.85693797e+02
 3.98107171e+08  7.11118782e+00  3.98107171e+08  1.85016149e+02
 4.29866235e+08  8.30278979e+00  4.29866235e+08  1.84118232e+02
 4.64158883e+08  5.64814988e+00  4.64158883e+08  1.83597086e+02
 5.01187234e+08  7.22888048e+00  5.01187234e+08  1.82927887e+02
 5.41169527e+08  5.90935297e+00  5.41169527e+08  1.82177970e+02
 5.84341413e+08  4.56991974e+00  5.84341413e+08  1.81990173e+02
 6.30957344e+08  7.63358764e+00  6.30957344e+08  1.81566227e+02
 6.81292069e+08  6.27994721e+00  6.81292069e+08  1.80720835e+02
 7.35642254e+08  8.44344994e+00  7.35642254e+08  1.80729964e+02
 7.94328235e+08  7.10568510e+00  7.94328235e+08  1.80559163e+02
 8.57695899e+08  1.17641410e+01  8.57695899e+08  1.81084338e+02
 9.26118728e+08  4.39927766e+00  9.26118728e+08  1.80480429e+02
 1.00000000e+09  3.04506473e+00  1.00000000e+09  1.79925682e+02
