 1.00000000e+00  4.75977496e+01  1.00000000e+00  1.79999998e+02
 1.07977516e+00  4.75977496e+01  1.07977516e+00  1.79999998e+02
 1.16591440e+00  4.75977496e+01  1.16591440e+00  1.79999997e+02
 1.25892541e+00  4.75977496e+01  1.25892541e+00  1.79999997e+02
 1.35935639e+00  4.75977496e+01  1.35935639e+00  1.79999997e+02
 1.46779927e+00  4.75977496e+01  1.46779927e+00  1.79999997e+02
 1.58489319e+00  4.75977496e+01  1.58489319e+00  1.79999997e+02
 1.71132830e+00  4.75977496e+01  1.71132830e+00  1.79999996e+02
 1.84784980e+00  4.75977496e+01  1.84784980e+00  1.79999996e+02
 1.99526231e+00  4.75977496e+01  1.99526231e+00  1.79999996e+02
 2.15443469e+00  4.75977496e+01  2.15443469e+00  1.79999995e+02
 2.32630507e+00  4.75977496e+01  2.32630507e+00  1.79999995e+02
 2.51188643e+00  4.75977496e+01  2.51188643e+00  1.79999994e+02
 2.71227258e+00  4.75977496e+01  2.71227258e+00  1.79999994e+02
 2.92864456e+00  4.75977496e+01  2.92864456e+00  1.79999994e+02
 3.16227766e+00  4.75977496e+01  3.16227766e+00  1.79999993e+02
 3.41454887e+00  4.75977496e+01  3.41454887e+00  1.79999992e+02
 3.68694506e+00  4.75977496e+01  3.68694506e+00  1.79999992e+02
 3.98107171e+00  4.75977496e+01  3.98107171e+00  1.79999991e+02
 4.29866235e+00  4.75977496e+01  4.29866235e+00  1.79999991e+02
 4.64158883e+00  4.75977496e+01  4.64158883e+00  1.79999990e+02
 5.01187234e+00  4.75977496e+01  5.01187234e+00  1.79999989e+02
 5.41169527e+00  4.75977496e+01  5.41169527e+00  1.79999988e+02
 5.84341413e+00  4.75977496e+01  5.84341413e+00  1.79999987e+02
 6.30957344e+00  4.75977496e+01  6.30957344e+00  1.79999986e+02
 6.81292069e+00  4.75977496e+01  6.81292069e+00  1.79999985e+02
 7.35642254e+00  4.75977496e+01  7.35642254e+00  1.79999984e+02
 7.94328235e+00  4.75977496e+01  7.94328235e+00  1.79999983e+02
 8.57695899e+00  4.75977496e+01  8.57695899e+00  1.79999981e+02
 9.26118728e+00  4.75977496e+01  9.26118728e+00  1.79999980e+02
 1.00000000e+01  4.75977496e+01  1.00000000e+01  1.79999978e+02
 1.07977516e+01  4.75977496e+01  1.07977516e+01  1.79999976e+02
 1.16591440e+01  4.75977496e+01  1.16591440e+01  1.79999974e+02
 1.25892541e+01  4.75977496e+01  1.25892541e+01  1.79999972e+02
 1.35935639e+01  4.75977496e+01  1.35935639e+01  1.79999970e+02
 1.46779927e+01  4.75977496e+01  1.46779927e+01  1.79999968e+02
 1.58489319e+01  4.75977496e+01  1.58489319e+01  1.79999965e+02
 1.71132830e+01  4.75977496e+01  1.71132830e+01  1.79999962e+02
 1.84784980e+01  4.75977496e+01  1.84784980e+01  1.79999959e+02
 1.99526231e+01  4.75977496e+01  1.99526231e+01  1.79999956e+02
 2.15443469e+01  4.75977496e+01  2.15443469e+01  1.79999953e+02
 2.32630507e+01  4.75977496e+01  2.32630507e+01  1.79999949e+02
 2.51188643e+01  4.75977496e+01  2.51188643e+01  1.79999945e+02
 2.71227258e+01  4.75977496e+01  2.71227258e+01  1.79999940e+02
 2.92864456e+01  4.75977496e+01  2.92864456e+01  1.79999936e+02
 3.16227766e+01  4.75977496e+01  3.16227766e+01  1.79999930e+02
 3.41454887e+01  4.75977496e+01  3.41454887e+01  1.79999925e+02
 3.68694506e+01  4.75977496e+01  3.68694506e+01  1.79999919e+02
 3.98107171e+01  4.75977496e+01  3.98107171e+01  1.79999912e+02
 4.29866235e+01  4.75977496e+01  4.29866235e+01  1.79999905e+02
 4.64158883e+01  4.75977496e+01  4.64158883e+01  1.79999898e+02
 5.01187234e+01  4.75977496e+01  5.01187234e+01  1.79999890e+02
 5.41169527e+01  4.75977496e+01  5.41169527e+01  1.79999881e+02
 5.84341413e+01  4.75977496e+01  5.84341413e+01  1.79999871e+02
 6.30957344e+01  4.75977496e+01  6.30957344e+01  1.79999861e+02
 6.81292069e+01  4.75977496e+01  6.81292069e+01  1.79999850e+02
 7.35642254e+01  4.75977496e+01  7.35642254e+01  1.79999838e+02
 7.94328235e+01  4.75977496e+01  7.94328235e+01  1.79999825e+02
 8.57695899e+01  4.75977496e+01  8.57695899e+01  1.79999811e+02
 9.26118728e+01  4.75977496e+01  9.26118728e+01  1.79999796e+02
 1.00000000e+02  4.75977496e+01  1.00000000e+02  1.79999780e+02
 1.07977516e+02  4.75977496e+01  1.07977516e+02  1.79999763e+02
 1.16591440e+02  4.75977496e+01  1.16591440e+02  1.79999744e+02
 1.25892541e+02  4.75977496e+01  1.25892541e+02  1.79999723e+02
 1.35935639e+02  4.75977496e+01  1.35935639e+02  1.79999701e+02
 1.46779927e+02  4.75977496e+01  1.46779927e+02  1.79999677e+02
 1.58489319e+02  4.75977496e+01  1.58489319e+02  1.79999651e+02
 1.71132830e+02  4.75977496e+01  1.71132830e+02  1.79999624e+02
 1.84784980e+02  4.75977496e+01  1.84784980e+02  1.79999594e+02
 1.99526231e+02  4.75977496e+01  1.99526231e+02  1.79999561e+02
 2.15443469e+02  4.75977496e+01  2.15443469e+02  1.79999526e+02
 2.32630507e+02  4.75977496e+01  2.32630507e+02  1.79999488e+02
 2.51188643e+02  4.75977496e+01  2.51188643e+02  1.79999448e+02
 2.71227258e+02  4.75977496e+01  2.71227258e+02  1.79999403e+02
 2.92864456e+02  4.75977497e+01  2.92864456e+02  1.79999356e+02
 3.16227766e+02  4.75977497e+01  3.16227766e+02  1.79999304e+02
 3.41454887e+02  4.75977497e+01  3.41454887e+02  1.79999249e+02
 3.68694506e+02  4.75977497e+01  3.68694506e+02  1.79999189e+02
 3.98107171e+02  4.75977497e+01  3.98107171e+02  1.79999124e+02
 4.29866235e+02  4.75977497e+01  4.29866235e+02  1.79999055e+02
 4.64158883e+02  4.75977498e+01  4.64158883e+02  1.79998979e+02
 5.01187234e+02  4.75977498e+01  5.01187234e+02  1.79998898e+02
 5.41169527e+02  4.75977498e+01  5.41169527e+02  1.79998810e+02
 5.84341413e+02  4.75977499e+01  5.84341413e+02  1.79998715e+02
 6.30957344e+02  4.75977499e+01  6.30957344e+02  1.79998612e+02
 6.81292069e+02  4.75977500e+01  6.81292069e+02  1.79998502e+02
 7.35642254e+02  4.75977500e+01  7.35642254e+02  1.79998382e+02
 7.94328235e+02  4.75977501e+01  7.94328235e+02  1.79998253e+02
 8.57695899e+02  4.75977502e+01  8.57695899e+02  1.79998114e+02
 9.26118728e+02  4.75977503e+01  9.26118728e+02  1.79997963e+02
 1.00000000e+03  4.75977504e+01  1.00000000e+03  1.79997801e+02
 1.07977516e+03  4.75977505e+01  1.07977516e+03  1.79997625e+02
 1.16591440e+03  4.75977507e+01  1.16591440e+03  1.79997436e+02
 1.25892541e+03  4.75977509e+01  1.25892541e+03  1.79997231e+02
 1.35935639e+03  4.75977511e+01  1.35935639e+03  1.79997010e+02
 1.46779927e+03  4.75977513e+01  1.46779927e+03  1.79996772e+02
 1.58489319e+03  4.75977516e+01  1.58489319e+03  1.79996514e+02
 1.71132830e+03  4.75977520e+01  1.71132830e+03  1.79996236e+02
 1.84784980e+03  4.75977524e+01  1.84784980e+03  1.79995936e+02
 1.99526231e+03  4.75977528e+01  1.99526231e+03  1.79995611e+02
 2.15443469e+03  4.75977534e+01  2.15443469e+03  1.79995261e+02
 2.32630507e+03  4.75977540e+01  2.32630507e+03  1.79994883e+02
 2.51188643e+03  4.75977547e+01  2.51188643e+03  1.79994475e+02
 2.71227258e+03  4.75977556e+01  2.71227258e+03  1.79994034e+02
 2.92864456e+03  4.75977565e+01  2.92864456e+03  1.79993558e+02
 3.16227766e+03  4.75977577e+01  3.16227766e+03  1.79993045e+02
 3.41454887e+03  4.75977590e+01  3.41454887e+03  1.79992490e+02
 3.68694506e+03  4.75977606e+01  3.68694506e+03  1.79991891e+02
 3.98107171e+03  4.75977624e+01  3.98107171e+03  1.79991244e+02
 4.29866235e+03  4.75977646e+01  4.29866235e+03  1.79990545e+02
 4.64158883e+03  4.75977671e+01  4.64158883e+03  1.79989791e+02
 5.01187234e+03  4.75977700e+01  5.01187234e+03  1.79988976e+02
 5.41169527e+03  4.75977734e+01  5.41169527e+03  1.79988097e+02
 5.84341413e+03  4.75977773e+01  5.84341413e+03  1.79987147e+02
 6.30957344e+03  4.75977819e+01  6.30957344e+03  1.79986122e+02
 6.81292069e+03  4.75977873e+01  6.81292069e+03  1.79985015e+02
 7.35642254e+03  4.75977935e+01  7.35642254e+03  1.79983820e+02
 7.94328235e+03  4.75978008e+01  7.94328235e+03  1.79982529e+02
 8.57695899e+03  4.75978093e+01  8.57695899e+03  1.79981135e+02
 9.26118728e+03  4.75978192e+01  9.26118728e+03  1.79979630e+02
 1.00000000e+04  4.75978308e+01  1.00000000e+04  1.79978005e+02
 1.07977516e+04  4.75978442e+01  1.07977516e+04  1.79976250e+02
 1.16591440e+04  4.75978599e+01  1.16591440e+04  1.79974355e+02
 1.25892541e+04  4.75978782e+01  1.25892541e+04  1.79972310e+02
 1.35935639e+04  4.75978996e+01  1.35935639e+04  1.79970100e+02
 1.46779927e+04  4.75979245e+01  1.46779927e+04  1.79967715e+02
 1.58489319e+04  4.75979535e+01  1.58489319e+04  1.79965139e+02
 1.71132830e+04  4.75979873e+01  1.71132830e+04  1.79962358e+02
 1.84784980e+04  4.75980268e+01  1.84784980e+04  1.79959355e+02
 1.99526231e+04  4.75980728e+01  1.99526231e+04  1.79956112e+02
 2.15443469e+04  4.75981264e+01  2.15443469e+04  1.79952610e+02
 2.32630507e+04  4.75981889e+01  2.32630507e+04  1.79948829e+02
 2.51188643e+04  4.75982618e+01  2.51188643e+04  1.79944747e+02
 2.71227258e+04  4.75983468e+01  2.71227258e+04  1.79940338e+02
 2.92864456e+04  4.75984458e+01  2.92864456e+04  1.79935577e+02
 3.16227766e+04  4.75985614e+01  3.16227766e+04  1.79930436e+02
 3.41454887e+04  4.75986961e+01  3.41454887e+04  1.79924885e+02
 3.68694506e+04  4.75988531e+01  3.68694506e+04  1.79918891e+02
 3.98107171e+04  4.75990362e+01  3.98107171e+04  1.79912418e+02
 4.29866235e+04  4.75992497e+01  4.29866235e+04  1.79905427e+02
 4.64158883e+04  4.75994986e+01  4.64158883e+04  1.79897878e+02
 5.01187234e+04  4.75997889e+01  5.01187234e+04  1.79889726e+02
 5.41169527e+04  4.76001272e+01  5.41169527e+04  1.79880922e+02
 5.84341413e+04  4.76005218e+01  5.84341413e+04  1.79871414e+02
 6.30957344e+04  4.76009819e+01  6.30957344e+04  1.79861144e+02
 6.81292069e+04  4.76015182e+01  6.81292069e+04  1.79850053e+02
 7.35642254e+04  4.76021437e+01  7.35642254e+04  1.79838074e+02
 7.94328235e+04  4.76028729e+01  7.94328235e+04  1.79825134e+02
 8.57695899e+04  4.76037232e+01  8.57695899e+04  1.79811156e+02
 9.26118728e+04  4.76047147e+01  9.26118728e+04  1.79796056e+02
 1.00000000e+05  4.76058710e+01  1.00000000e+05  1.79779743e+02
 1.07977516e+05  4.76072191e+01  1.07977516e+05  1.79762116e+02
 1.16591440e+05  4.76087911e+01  1.16591440e+05  1.79743069e+02
 1.25892541e+05  4.76106245e+01  1.25892541e+05  1.79722485e+02
 1.35935639e+05  4.76127624e+01  1.35935639e+05  1.79700235e+02
 1.46779927e+05  4.76152558e+01  1.46779927e+05  1.79676182e+02
 1.58489319e+05  4.76181633e+01  1.58489319e+05  1.79650174e+02
 1.71132830e+05  4.76215550e+01  1.71132830e+05  1.79622045e+02
 1.84784980e+05  4.76255110e+01  1.84784980e+05  1.79591615e+02
 1.99526231e+05  4.76301251e+01  1.99526231e+05  1.79558685e+02
 2.15443469e+05  4.76355080e+01  2.15443469e+05  1.79523036e+02
 2.32630507e+05  4.76417881e+01  2.32630507e+05  1.79484428e+02
 2.51188643e+05  4.76491162e+01  2.51188643e+05  1.79442594e+02
 2.71227258e+05  4.76576672e+01  2.71227258e+05  1.79397239e+02
 2.92864456e+05  4.76676460e+01  2.92864456e+05  1.79348034e+02
 3.16227766e+05  4.76792971e+01  3.16227766e+05  1.79294610e+02
 3.41454887e+05  4.76928999e+01  3.41454887e+05  1.79236553e+02
 3.68694506e+05  4.77087845e+01  3.68694506e+05  1.79173395e+02
 3.98107171e+05  4.77273419e+01  3.98107171e+05  1.79104603e+02
 4.29866235e+05  4.77490263e+01  4.29866235e+05  1.79029569e+02
 4.64158883e+05  4.77743743e+01  4.64158883e+05  1.78947592e+02
 5.01187234e+05  4.78040204e+01  5.01187234e+05  1.78857857e+02
 5.41169527e+05  4.78387079e+01  5.41169527e+05  1.78759414e+02
 5.84341413e+05  4.78793221e+01  5.84341413e+05  1.78651139e+02
 6.30957344e+05  4.79269048e+01  6.30957344e+05  1.78531698e+02
 6.81292069e+05  4.79827140e+01  6.81292069e+05  1.78399485e+02
 7.35642254e+05  4.80482149e+01  7.35642254e+05  1.78252554e+02
 7.94328235e+05  4.81251969e+01  7.94328235e+05  1.78088517e+02
 8.57695899e+05  4.82157851e+01  8.57695899e+05  1.77904412e+02
 9.26118728e+05  4.83225926e+01  9.26118728e+05  1.77696517e+02
 1.00000000e+06  4.84487185e+01  1.00000000e+06  1.77460106e+02
 1.07977516e+06  4.85980394e+01  1.07977516e+06  1.77189071e+02
 1.16591440e+06  4.87753359e+01  1.16591440e+06  1.76875404e+02
 1.25892541e+06  4.89865242e+01  1.25892541e+06  1.76508420e+02
 1.35935639e+06  4.92391007e+01  1.35935639e+06  1.76073573e+02
 1.46779927e+06  4.95427738e+01  1.46779927e+06  1.75550580e+02
 1.58489319e+06  4.99100072e+01  1.58489319e+06  1.74910427e+02
 1.71132830e+06  5.03575700e+01  1.71132830e+06  1.74110175e+02
 1.84784980e+06  5.09082222e+01  1.84784980e+06  1.73083841e+02
 1.99526231e+06  5.15939033e+01  1.99526231e+06  1.71724955e+02
 2.15443469e+06  5.24610060e+01  2.15443469e+06  1.69851094e+02
 2.32630507e+06  5.35794128e+01  2.32630507e+06  1.67124216e+02
 2.51188643e+06  5.50575430e+01  2.51188643e+06  1.62850899e+02
 2.71227258e+06  5.70600235e+01  2.71227258e+06  1.55406141e+02
 2.92864456e+06  5.97336842e+01  2.92864456e+06  1.40392573e+02
 3.16227766e+06  6.21635408e+01  3.16227766e+06  1.07401600e+02
 3.41454887e+06  6.04877496e+01  3.41454887e+06  6.35056506e+01
 3.68694506e+06  5.63023406e+01  3.68694506e+06  3.92167481e+01
 3.98107171e+06  5.25521076e+01  3.98107171e+06  2.81858657e+01
 4.29866235e+06  4.94363730e+01  4.29866235e+06  2.24507336e+01
 4.64158883e+06  4.67711396e+01  4.64158883e+06  1.90992533e+01
 5.01187234e+06  4.44148479e+01  5.01187234e+06  1.69977203e+01
 5.41169527e+06  4.22767197e+01  5.41169527e+06  1.56347440e+01
 5.84341413e+06  4.02969012e+01  5.84341413e+06  1.47508061e+01
 6.30957344e+06  3.84353135e+01  6.30957344e+06  1.42034883e+01
 6.81292069e+06  3.66639030e+01  6.81292069e+06  1.39074370e+01
 7.35642254e+06  3.49614229e+01  7.35642254e+06  1.38120536e+01
 7.94328235e+06  3.33123592e+01  7.94328235e+06  1.38856919e+01
 8.57695899e+06  3.17060134e+01  8.57695899e+06  1.41084366e+01
 9.26118728e+06  3.01307655e+01  9.26118728e+06  1.44715093e+01
 1.00000000e+07  2.85795273e+01  1.00000000e+07  1.49640090e+01
 1.07977516e+07  2.70451499e+01  1.07977516e+07  1.55918590e+01
 1.16591440e+07  2.55220205e+01  1.16591440e+07  1.63519615e+01
 1.25892541e+07  2.40056266e+01  1.25892541e+07  1.72668119e+01
 1.35935639e+07  2.24919312e+01  1.35935639e+07  1.83282292e+01
 1.46779927e+07  2.09730950e+01  1.46779927e+07  1.95771094e+01
 1.58489319e+07  1.94432644e+01  1.58489319e+07  2.10247952e+01
 1.71132830e+07  1.79043730e+01  1.71132830e+07  2.27007201e+01
 1.84784980e+07  1.63435839e+01  1.84784980e+07  2.46507723e+01
 1.99526231e+07  1.47651073e+01  1.99526231e+07  2.69361289e+01
 2.15443469e+07  1.31547454e+01  2.15443469e+07  2.96141474e+01
 2.32630507e+07  1.15137486e+01  2.32630507e+07  3.28169453e+01
 2.51188643e+07  9.82843909e+00  2.51188643e+07  3.66508465e+01
 2.71227258e+07  8.12316147e+00  2.71227258e+07  4.12872147e+01
 2.92864456e+07  6.38446934e+00  2.92864456e+07  4.69286568e+01
 3.16227766e+07  4.63822619e+00  3.16227766e+07  5.40452527e+01
 3.41454887e+07  2.96515344e+00  3.41454887e+07  6.29046880e+01
 3.68694506e+07  1.42232194e+00  3.68694506e+07  7.35637749e+01
 3.98107171e+07  1.88329873e-01  3.98107171e+07  8.62000859e+01
 4.29866235e+07  -6.23253733e-01  4.29866235e+07  1.00221154e+02
 4.64158883e+07  -1.01071713e+00  4.64158883e+07  1.13534512e+02
 5.01187234e+07  -9.53893127e-01  5.01187234e+07  1.25317626e+02
 5.41169527e+07  -6.77389557e-01  5.41169527e+07  1.35963300e+02
 5.84341413e+07  -2.91307561e-01  5.84341413e+07  1.45475501e+02
 6.30957344e+07  1.49973484e-01  6.30957344e+07  1.52399266e+02
 6.81292069e+07  7.29811996e-01  6.81292069e+07  1.58776599e+02
 7.35642254e+07  1.20165033e+00  7.35642254e+07  1.62951420e+02
 7.94328235e+07  1.58704604e+00  7.94328235e+07  1.67627401e+02
 8.57695899e+07  2.10138345e+00  8.57695899e+07  1.71222725e+02
 9.26118728e+07  2.38745233e+00  9.26118728e+07  1.74494822e+02
 1.00000000e+08  2.72657074e+00  1.00000000e+08  1.77576836e+02
 1.07977516e+08  3.10680100e+00  1.07977516e+08  1.79887558e+02
 1.16591440e+08  3.43611920e+00  1.16591440e+08  1.82331369e+02
 1.25892541e+08  3.74798514e+00  1.25892541e+08  1.84318034e+02
 1.35935639e+08  3.88794328e+00  1.35935639e+08  1.86126164e+02
 1.46779927e+08  4.50233918e+00  1.46779927e+08  1.87468427e+02
 1.58489319e+08  4.71915052e+00  1.58489319e+08  1.88873868e+02
 1.71132830e+08  5.33277691e+00  1.71132830e+08  1.89818333e+02
 1.84784980e+08  5.76802955e+00  1.84784980e+08  1.90406450e+02
 1.99526231e+08  6.15636957e+00  1.99526231e+08  1.90265510e+02
 2.15443469e+08  6.10047669e+00  2.15443469e+08  1.90545071e+02
 2.32630507e+08  6.51547522e+00  2.32630507e+08  1.90280303e+02
 2.51188643e+08  6.72260807e+00  2.51188643e+08  1.89858285e+02
 2.71227258e+08  7.67311184e+00  2.71227258e+08  1.89046089e+02
 2.92864456e+08  7.12907813e+00  2.92864456e+08  1.88364543e+02
 3.16227766e+08  6.59326760e+00  3.16227766e+08  1.87936783e+02
 3.41454887e+08  7.66096758e+00  3.41454887e+08  1.86495546e+02
 3.68694506e+08  8.33507674e+00  3.68694506e+08  1.85817907e+02
 3.98107171e+08  8.23851251e+00  3.98107171e+08  1.85024499e+02
 4.29866235e+08  6.93534748e+00  4.29866235e+08  1.83956902e+02
 4.64158883e+08  6.95515514e+00  4.64158883e+08  1.83433511e+02
 5.01187234e+08  7.20391410e+00  5.01187234e+08  1.83029223e+02
 5.41169527e+08  7.79895849e+00  5.41169527e+08  1.82130097e+02
 5.84341413e+08  8.95042579e+00  5.84341413e+08  1.82045724e+02
 6.30957344e+08  7.59467289e+00  6.30957344e+08  1.81327388e+02
 6.81292069e+08  6.24771503e+00  6.81292069e+08  1.81060297e+02
 7.35642254e+08  1.44325044e+01  7.35642254e+08  1.80949919e+02
 7.94328235e+08  1.30883481e+01  7.94328235e+08  1.80451418e+02
 8.57695899e+08  5.71104208e+00  8.57695899e+08  1.80415817e+02
 9.26118728e+08  4.36186827e+00  9.26118728e+08  1.81333550e+02
 1.00000000e+09  9.03061390e+00  1.00000000e+09  1.79968188e+02
