 1.00000000e+00  4.75977496e+01  1.00000000e+00  1.79999998e+02
 1.07977516e+00  4.75977496e+01  1.07977516e+00  1.79999998e+02
 1.16591440e+00  4.75977496e+01  1.16591440e+00  1.79999998e+02
 1.25892541e+00  4.75977496e+01  1.25892541e+00  1.79999997e+02
 1.35935639e+00  4.75977496e+01  1.35935639e+00  1.79999997e+02
 1.46779927e+00  4.75977496e+01  1.46779927e+00  1.79999997e+02
 1.58489319e+00  4.75977496e+01  1.58489319e+00  1.79999997e+02
 1.71132830e+00  4.75977496e+01  1.71132830e+00  1.79999996e+02
 1.84784980e+00  4.75977496e+01  1.84784980e+00  1.79999996e+02
 1.99526231e+00  4.75977496e+01  1.99526231e+00  1.79999996e+02
 2.15443469e+00  4.75977496e+01  2.15443469e+00  1.79999996e+02
 2.32630507e+00  4.75977496e+01  2.32630507e+00  1.79999995e+02
 2.51188643e+00  4.75977496e+01  2.51188643e+00  1.79999995e+02
 2.71227258e+00  4.75977496e+01  2.71227258e+00  1.79999994e+02
 2.92864456e+00  4.75977496e+01  2.92864456e+00  1.79999994e+02
 3.16227766e+00  4.75977496e+01  3.16227766e+00  1.79999993e+02
 3.41454887e+00  4.75977496e+01  3.41454887e+00  1.79999993e+02
 3.68694506e+00  4.75977496e+01  3.68694506e+00  1.79999992e+02
 3.98107171e+00  4.75977496e+01  3.98107171e+00  1.79999992e+02
 4.29866235e+00  4.75977496e+01  4.29866235e+00  1.79999991e+02
 4.64158883e+00  4.75977496e+01  4.64158883e+00  1.79999990e+02
 5.01187234e+00  4.75977496e+01  5.01187234e+00  1.79999990e+02
 5.41169527e+00  4.75977496e+01  5.41169527e+00  1.79999989e+02
 5.84341413e+00  4.75977496e+01  5.84341413e+00  1.79999988e+02
 6.30957344e+00  4.75977496e+01  6.30957344e+00  1.79999987e+02
 6.81292069e+00  4.75977496e+01  6.81292069e+00  1.79999986e+02
 7.35642254e+00  4.75977496e+01  7.35642254e+00  1.79999985e+02
 7.94328235e+00  4.75977496e+01  7.94328235e+00  1.79999983e+02
 8.57695899e+00  4.75977496e+01  8.57695899e+00  1.79999982e+02
 9.26118728e+00  4.75977496e+01  9.26118728e+00  1.79999981e+02
 1.00000000e+01  4.75977496e+01  1.00000000e+01  1.79999979e+02
 1.07977516e+01  4.75977496e+01  1.07977516e+01  1.79999978e+02
 1.16591440e+01  4.75977496e+01  1.16591440e+01  1.79999976e+02
 1.25892541e+01  4.75977496e+01  1.25892541e+01  1.79999974e+02
 1.35935639e+01  4.75977496e+01  1.35935639e+01  1.79999972e+02
 1.46779927e+01  4.75977496e+01  1.46779927e+01  1.79999969e+02
 1.58489319e+01  4.75977496e+01  1.58489319e+01  1.79999967e+02
 1.71132830e+01  4.75977496e+01  1.71132830e+01  1.79999964e+02
 1.84784980e+01  4.75977496e+01  1.84784980e+01  1.79999962e+02
 1.99526231e+01  4.75977496e+01  1.99526231e+01  1.79999958e+02
 2.15443469e+01  4.75977496e+01  2.15443469e+01  1.79999955e+02
 2.32630507e+01  4.75977496e+01  2.32630507e+01  1.79999952e+02
 2.51188643e+01  4.75977496e+01  2.51188643e+01  1.79999948e+02
 2.71227258e+01  4.75977496e+01  2.71227258e+01  1.79999944e+02
 2.92864456e+01  4.75977496e+01  2.92864456e+01  1.79999939e+02
 3.16227766e+01  4.75977496e+01  3.16227766e+01  1.79999934e+02
 3.41454887e+01  4.75977496e+01  3.41454887e+01  1.79999929e+02
 3.68694506e+01  4.75977496e+01  3.68694506e+01  1.79999923e+02
 3.98107171e+01  4.75977496e+01  3.98107171e+01  1.79999917e+02
 4.29866235e+01  4.75977496e+01  4.29866235e+01  1.79999911e+02
 4.64158883e+01  4.75977496e+01  4.64158883e+01  1.79999903e+02
 5.01187234e+01  4.75977496e+01  5.01187234e+01  1.79999896e+02
 5.41169527e+01  4.75977496e+01  5.41169527e+01  1.79999887e+02
 5.84341413e+01  4.75977496e+01  5.84341413e+01  1.79999878e+02
 6.30957344e+01  4.75977496e+01  6.30957344e+01  1.79999869e+02
 6.81292069e+01  4.75977496e+01  6.81292069e+01  1.79999858e+02
 7.35642254e+01  4.75977496e+01  7.35642254e+01  1.79999847e+02
 7.94328235e+01  4.75977496e+01  7.94328235e+01  1.79999835e+02
 8.57695899e+01  4.75977496e+01  8.57695899e+01  1.79999821e+02
 9.26118728e+01  4.75977496e+01  9.26118728e+01  1.79999807e+02
 1.00000000e+02  4.75977496e+01  1.00000000e+02  1.79999792e+02
 1.07977516e+02  4.75977496e+01  1.07977516e+02  1.79999775e+02
 1.16591440e+02  4.75977496e+01  1.16591440e+02  1.79999757e+02
 1.25892541e+02  4.75977496e+01  1.25892541e+02  1.79999738e+02
 1.35935639e+02  4.75977496e+01  1.35935639e+02  1.79999717e+02
 1.46779927e+02  4.75977496e+01  1.46779927e+02  1.79999694e+02
 1.58489319e+02  4.75977496e+01  1.58489319e+02  1.79999670e+02
 1.71132830e+02  4.75977496e+01  1.71132830e+02  1.79999644e+02
 1.84784980e+02  4.75977496e+01  1.84784980e+02  1.79999615e+02
 1.99526231e+02  4.75977496e+01  1.99526231e+02  1.79999585e+02
 2.15443469e+02  4.75977496e+01  2.15443469e+02  1.79999552e+02
 2.32630507e+02  4.75977496e+01  2.32630507e+02  1.79999516e+02
 2.51188643e+02  4.75977496e+01  2.51188643e+02  1.79999477e+02
 2.71227258e+02  4.75977497e+01  2.71227258e+02  1.79999435e+02
 2.92864456e+02  4.75977497e+01  2.92864456e+02  1.79999390e+02
 3.16227766e+02  4.75977497e+01  3.16227766e+02  1.79999342e+02
 3.41454887e+02  4.75977497e+01  3.41454887e+02  1.79999289e+02
 3.68694506e+02  4.75977497e+01  3.68694506e+02  1.79999233e+02
 3.98107171e+02  4.75977497e+01  3.98107171e+02  1.79999171e+02
 4.29866235e+02  4.75977497e+01  4.29866235e+02  1.79999105e+02
 4.64158883e+02  4.75977498e+01  4.64158883e+02  1.79999034e+02
 5.01187234e+02  4.75977498e+01  5.01187234e+02  1.79998957e+02
 5.41169527e+02  4.75977498e+01  5.41169527e+02  1.79998874e+02
 5.84341413e+02  4.75977499e+01  5.84341413e+02  1.79998784e+02
 6.30957344e+02  4.75977499e+01  6.30957344e+02  1.79998687e+02
 6.81292069e+02  4.75977500e+01  6.81292069e+02  1.79998582e+02
 7.35642254e+02  4.75977500e+01  7.35642254e+02  1.79998469e+02
 7.94328235e+02  4.75977501e+01  7.94328235e+02  1.79998347e+02
 8.57695899e+02  4.75977502e+01  8.57695899e+02  1.79998215e+02
 9.26118728e+02  4.75977503e+01  9.26118728e+02  1.79998072e+02
 1.00000000e+03  4.75977504e+01  1.00000000e+03  1.79997919e+02
 1.07977516e+03  4.75977505e+01  1.07977516e+03  1.79997753e+02
 1.16591440e+03  4.75977507e+01  1.16591440e+03  1.79997573e+02
 1.25892541e+03  4.75977509e+01  1.25892541e+03  1.79997380e+02
 1.35935639e+03  4.75977511e+01  1.35935639e+03  1.79997171e+02
 1.46779927e+03  4.75977514e+01  1.46779927e+03  1.79996945e+02
 1.58489319e+03  4.75977516e+01  1.58489319e+03  1.79996701e+02
 1.71132830e+03  4.75977520e+01  1.71132830e+03  1.79996438e+02
 1.84784980e+03  4.75977524e+01  1.84784980e+03  1.79996154e+02
 1.99526231e+03  4.75977528e+01  1.99526231e+03  1.79995847e+02
 2.15443469e+03  4.75977534e+01  2.15443469e+03  1.79995516e+02
 2.32630507e+03  4.75977540e+01  2.32630507e+03  1.79995158e+02
 2.51188643e+03  4.75977547e+01  2.51188643e+03  1.79994772e+02
 2.71227258e+03  4.75977556e+01  2.71227258e+03  1.79994355e+02
 2.92864456e+03  4.75977566e+01  2.92864456e+03  1.79993904e+02
 3.16227766e+03  4.75977577e+01  3.16227766e+03  1.79993418e+02
 3.41454887e+03  4.75977591e+01  3.41454887e+03  1.79992893e+02
 3.68694506e+03  4.75977607e+01  3.68694506e+03  1.79992326e+02
 3.98107171e+03  4.75977625e+01  3.98107171e+03  1.79991714e+02
 4.29866235e+03  4.75977646e+01  4.29866235e+03  1.79991053e+02
 4.64158883e+03  4.75977671e+01  4.64158883e+03  1.79990339e+02
 5.01187234e+03  4.75977700e+01  5.01187234e+03  1.79989568e+02
 5.41169527e+03  4.75977734e+01  5.41169527e+03  1.79988736e+02
 5.84341413e+03  4.75977774e+01  5.84341413e+03  1.79987838e+02
 6.30957344e+03  4.75977820e+01  6.30957344e+03  1.79986867e+02
 6.81292069e+03  4.75977874e+01  6.81292069e+03  1.79985820e+02
 7.35642254e+03  4.75977936e+01  7.35642254e+03  1.79984688e+02
 7.94328235e+03  4.75978010e+01  7.94328235e+03  1.79983467e+02
 8.57695899e+03  4.75978095e+01  8.57695899e+03  1.79982148e+02
 9.26118728e+03  4.75978194e+01  9.26118728e+03  1.79980724e+02
 1.00000000e+04  4.75978310e+01  1.00000000e+04  1.79979186e+02
 1.07977516e+04  4.75978445e+01  1.07977516e+04  1.79977526e+02
 1.16591440e+04  4.75978602e+01  1.16591440e+04  1.79975733e+02
 1.25892541e+04  4.75978786e+01  1.25892541e+04  1.79973797e+02
 1.35935639e+04  4.75979000e+01  1.35935639e+04  1.79971706e+02
 1.46779927e+04  4.75979250e+01  1.46779927e+04  1.79969449e+02
 1.58489319e+04  4.75979541e+01  1.58489319e+04  1.79967011e+02
 1.71132830e+04  4.75979880e+01  1.71132830e+04  1.79964379e+02
 1.84784980e+04  4.75980275e+01  1.84784980e+04  1.79961538e+02
 1.99526231e+04  4.75980736e+01  1.99526231e+04  1.79958469e+02
 2.15443469e+04  4.75981274e+01  2.15443469e+04  1.79955155e+02
 2.32630507e+04  4.75981901e+01  2.32630507e+04  1.79951577e+02
 2.51188643e+04  4.75982632e+01  2.51188643e+04  1.79947714e+02
 2.71227258e+04  4.75983484e+01  2.71227258e+04  1.79943541e+02
 2.92864456e+04  4.75984477e+01  2.92864456e+04  1.79939036e+02
 3.16227766e+04  4.75985636e+01  3.16227766e+04  1.79934172e+02
 3.41454887e+04  4.75986987e+01  3.41454887e+04  1.79928918e+02
 3.68694506e+04  4.75988561e+01  3.68694506e+04  1.79923246e+02
 3.98107171e+04  4.75990397e+01  3.98107171e+04  1.79917120e+02
 4.29866235e+04  4.75992538e+01  4.29866235e+04  1.79910504e+02
 4.64158883e+04  4.75995034e+01  4.64158883e+04  1.79903360e+02
 5.01187234e+04  4.75997944e+01  5.01187234e+04  1.79895645e+02
 5.41169527e+04  4.76001337e+01  5.41169527e+04  1.79887314e+02
 5.84341413e+04  4.76005293e+01  5.84341413e+04  1.79878315e+02
 6.30957344e+04  4.76009906e+01  6.30957344e+04  1.79868597e+02
 6.81292069e+04  4.76015285e+01  6.81292069e+04  1.79858100e+02
 7.35642254e+04  4.76021556e+01  7.35642254e+04  1.79846762e+02
 7.94328235e+04  4.76028868e+01  7.94328235e+04  1.79834516e+02
 8.57695899e+04  4.76037394e+01  8.57695899e+04  1.79821286e+02
 9.26118728e+04  4.76047336e+01  9.26118728e+04  1.79806994e+02
 1.00000000e+05  4.76058928e+01  1.00000000e+05  1.79791553e+02
 1.07977516e+05  4.76072447e+01  1.07977516e+05  1.79774868e+02
 1.16591440e+05  4.76088211e+01  1.16591440e+05  1.79756838e+02
 1.25892541e+05  4.76106592e+01  1.25892541e+05  1.79737352e+02
 1.35935639e+05  4.76128028e+01  1.35935639e+05  1.79716288e+02
 1.46779927e+05  4.76153030e+01  1.46779927e+05  1.79693514e+02
 1.58489319e+05  4.76182187e+01  1.58489319e+05  1.79668888e+02
 1.71132830e+05  4.76216193e+01  1.71132830e+05  1.79642251e+02
 1.84784980e+05  4.76255856e+01  1.84784980e+05  1.79613431e+02
 1.99526231e+05  4.76302122e+01  1.99526231e+05  1.79582240e+02
 2.15443469e+05  4.76356100e+01  2.15443469e+05  1.79548468e+02
 2.32630507e+05  4.76419067e+01  2.32630507e+05  1.79511886e+02
 2.51188643e+05  4.76492546e+01  2.51188643e+05  1.79472239e+02
 2.71227258e+05  4.76578282e+01  2.71227258e+05  1.79429245e+02
 2.92864456e+05  4.76678351e+01  2.92864456e+05  1.79382587e+02
 3.16227766e+05  4.76795159e+01  3.16227766e+05  1.79331912e+02
 3.41454887e+05  4.76931553e+01  3.41454887e+05  1.79276822e+02
 3.68694506e+05  4.77090838e+01  3.68694506e+05  1.79216865e+02
 3.98107171e+05  4.77276882e+01  3.98107171e+05  1.79151528e+02
 4.29866235e+05  4.77494292e+01  4.29866235e+05  1.79080220e+02
 4.64158883e+05  4.77748481e+01  4.64158883e+05  1.79002261e+02
 5.01187234e+05  4.78045673e+01  5.01187234e+05  1.78916860e+02
 5.41169527e+05  4.78393456e+01  5.41169527e+05  1.78823088e+02
 5.84341413e+05  4.78800681e+01  5.84341413e+05  1.78719849e+02
 6.30957344e+05  4.79277762e+01  6.30957344e+05  1.78605834e+02
 6.81292069e+05  4.79837266e+01  6.81292069e+05  1.78479466e+02
 7.35642254e+05  4.80493956e+01  7.35642254e+05  1.78338827e+02
 7.94328235e+05  4.81265657e+01  7.94328235e+05  1.78181563e+02
 8.57695899e+05  4.82173942e+01  8.57695899e+05  1.78004742e+02
 9.26118728e+05  4.83244442e+01  9.26118728e+05  1.77804681e+02
 1.00000000e+06  4.84508909e+01  1.00000000e+06  1.77576680e+02
 1.07977516e+06  4.86005693e+01  1.07977516e+06  1.77314670e+02
 1.16591440e+06  4.87782533e+01  1.16591440e+06  1.77010685e+02
 1.25892541e+06  4.89899259e+01  1.25892541e+06  1.76654064e+02
 1.35935639e+06  4.92430937e+01  1.35935639e+06  1.76230294e+02
 1.46779927e+06  4.95473778e+01  1.46779927e+06  1.75719132e+02
 1.58489319e+06  4.99153524e+01  1.58489319e+06  1.75091600e+02
 1.71132830e+06  5.03637713e+01  1.71132830e+06  1.74304748e+02
 1.84784980e+06  5.09154056e+01  1.84784980e+06  1.73292648e+02
 1.99526231e+06  5.16022827e+01  1.99526231e+06  1.71948774e+02
 2.15443469e+06  5.24706991e+01  2.15443469e+06  1.70090769e+02
 2.32630507e+06  5.35906056e+01  2.32630507e+06  1.67380513e+02
 2.51188643e+06  5.50704015e+01  2.51188643e+06  1.63124652e+02
 2.71227258e+06  5.70749023e+01  2.71227258e+06  1.55697953e+02
 2.92864456e+06  5.97507747e+01  2.92864456e+06  1.40702951e+02
 3.16227766e+06  6.21831338e+01  3.16227766e+06  1.07731160e+02
 3.41454887e+06  6.05103059e+01  3.41454887e+06  6.38545992e+01
 3.68694506e+06  5.63282411e+01  3.68694506e+06  3.95853267e+01
 3.98107171e+06  5.25813659e+01  3.98107171e+06  2.85736535e+01
 4.29866235e+06  4.94698666e+01  4.29866235e+06  2.28572784e+01
 4.64158883e+06  4.68086547e+01  4.64158883e+06  1.95241098e+01
 5.01187234e+06  4.44575712e+01  5.01187234e+06  1.74393563e+01
 5.41169527e+06  4.23243370e+01  5.41169527e+06  1.60916386e+01
 5.84341413e+06  4.03504868e+01  5.84341413e+06  1.52209098e+01
 6.30957344e+06  3.84951436e+01  6.30957344e+06  1.46845810e+01
 6.81292069e+06  3.67299203e+01  6.81292069e+06  1.43964676e+01
 7.35642254e+06  3.50341012e+01  7.35642254e+06  1.43070050e+01
 7.94328235e+06  3.33934051e+01  7.94328235e+06  1.43824047e+01
 8.57695899e+06  3.17931997e+01  8.57695899e+06  1.46020583e+01
 9.26118728e+06  3.02256404e+01  9.26118728e+06  1.49567804e+01
 1.00000000e+07  2.86817887e+01  1.00000000e+07  1.54408823e+01
 1.07977516e+07  2.71559123e+01  1.07977516e+07  1.60517394e+01
 1.16591440e+07  2.56401142e+01  1.16591440e+07  1.67976668e+01
 1.25892541e+07  2.41319805e+01  1.25892541e+07  1.76835634e+01
 1.35935639e+07  2.26253590e+01  1.35935639e+07  1.87205038e+01
 1.46779927e+07  2.11150334e+01  1.46779927e+07  1.99235014e+01
 1.58489319e+07  1.95940022e+01  1.58489319e+07  2.13377267e+01
 1.71132830e+07  1.80623833e+01  1.71132830e+07  2.29568469e+01
 1.84784980e+07  1.65093064e+01  1.84784980e+07  2.48681427e+01
 1.99526231e+07  1.49407217e+01  1.99526231e+07  2.70893245e+01
 2.15443469e+07  1.33352559e+01  2.15443469e+07  2.97249026e+01
 2.32630507e+07  1.17105017e+01  2.32630507e+07  3.27792427e+01
 2.51188643e+07  1.00368205e+01  2.51188643e+07  3.65361323e+01
 2.71227258e+07  8.33188053e+00  2.71227258e+07  4.10294242e+01
 2.92864456e+07  6.60309947e+00  2.92864456e+07  4.65852574e+01
 3.16227766e+07  4.87573538e+00  3.16227766e+07  5.34159595e+01
 3.41454887e+07  3.18080512e+00  3.41454887e+07  6.20792611e+01
 3.68694506e+07  1.62980337e+00  3.68694506e+07  7.23096366e+01
 3.98107171e+07  3.56360288e-01  3.98107171e+07  8.47685747e+01
 4.29866235e+07  -5.71518486e-01  4.29866235e+07  9.86167230e+01
 4.64158883e+07  -9.50284229e-01  4.64158883e+07  1.11746990e+02
 5.01187234e+07  -9.95446886e-01  5.01187234e+07  1.24499791e+02
 5.41169527e+07  -7.27656164e-01  5.41169527e+07  1.35058227e+02
 5.84341413e+07  -3.54439926e-01  5.84341413e+07  1.44146727e+02
 6.30957344e+07  1.97467068e-01  6.30957344e+07  1.51580342e+02
 6.81292069e+07  5.66481172e-01  6.81292069e+07  1.58220664e+02
 7.35642254e+07  1.08283096e+00  7.35642254e+07  1.62932205e+02
 7.94328235e+07  1.53174162e+00  7.94328235e+07  1.67215913e+02
 8.57695899e+07  1.83889914e+00  8.57695899e+07  1.70959028e+02
 9.26118728e+07  2.30465912e+00  9.26118728e+07  1.74363615e+02
 1.00000000e+08  2.72583322e+00  1.00000000e+08  1.77168494e+02
 1.07977516e+08  3.01802923e+00  1.07977516e+08  1.80057769e+02
 1.16591440e+08  3.42280214e+00  1.16591440e+08  1.82127405e+02
 1.25892541e+08  3.62592685e+00  1.25892541e+08  1.84588973e+02
 1.35935639e+08  4.15794252e+00  1.35935639e+08  1.86048701e+02
 1.46779927e+08  4.34773550e+00  1.46779927e+08  1.87594251e+02
 1.58489319e+08  4.72007030e+00  1.58489319e+08  1.88970740e+02
 1.71132830e+08  5.33042723e+00  1.71132830e+08  1.89625311e+02
 1.84784980e+08  5.51336477e+00  1.84784980e+08  1.90287244e+02
 1.99526231e+08  5.86602976e+00  1.99526231e+08  1.90623904e+02
 2.15443469e+08  6.44454733e+00  2.15443469e+08  1.90612107e+02
 2.32630507e+08  6.52259537e+00  2.32630507e+08  1.90391636e+02
 2.51188643e+08  6.28163458e+00  2.51188643e+08  1.89919510e+02
 2.71227258e+08  7.11888100e+00  2.71227258e+08  1.89355439e+02
 2.92864456e+08  7.12848446e+00  2.92864456e+08  1.88374883e+02
 3.16227766e+08  7.29682951e+00  3.16227766e+08  1.87442115e+02
 3.41454887e+08  6.83955264e+00  3.41454887e+08  1.86887092e+02
 3.68694506e+08  8.35441622e+00  3.68694506e+08  1.85655601e+02
 3.98107171e+08  8.22321542e+00  3.98107171e+08  1.84884579e+02
 4.29866235e+08  8.27497457e+00  4.29866235e+08  1.84200068e+02
 4.64158883e+08  5.62635134e+00  4.64158883e+08  1.83605934e+02
 5.01187234e+08  7.18040692e+00  5.01187234e+08  1.83161301e+02
 5.41169527e+08  7.79908492e+00  5.41169527e+08  1.82302659e+02
 5.84341413e+08  8.95064987e+00  5.84341413e+08  1.82010545e+02
 6.30957344e+08  7.58577394e+00  6.30957344e+08  1.81586308e+02
 6.81292069e+08  9.74952683e+00  6.81292069e+08  1.81955621e+02
 7.35642254e+08  4.90179367e+00  7.35642254e+08  1.80643656e+02
 7.94328235e+08  7.06751049e+00  7.94328235e+08  1.80404505e+02
 8.57695899e+08  1.17279570e+01  8.57695899e+08  1.80567913e+02
 9.26118728e+08  4.36496119e+00  9.26118728e+08  1.80126518e+02
 1.00000000e+09  9.03136325e+00  1.00000000e+09  1.79968079e+02
