 1.00000000e+00  4.63856905e+01  1.00000000e+00  1.79999998e+02
 1.07977516e+00  4.63856905e+01  1.07977516e+00  1.79999998e+02
 1.16591440e+00  4.63856905e+01  1.16591440e+00  1.79999998e+02
 1.25892541e+00  4.63856905e+01  1.25892541e+00  1.79999998e+02
 1.35935639e+00  4.63856905e+01  1.35935639e+00  1.79999998e+02
 1.46779927e+00  4.63856905e+01  1.46779927e+00  1.79999998e+02
 1.58489319e+00  4.63856905e+01  1.58489319e+00  1.79999997e+02
 1.71132830e+00  4.63856905e+01  1.71132830e+00  1.79999997e+02
 1.84784980e+00  4.63856905e+01  1.84784980e+00  1.79999997e+02
 1.99526231e+00  4.63856905e+01  1.99526231e+00  1.79999997e+02
 2.15443469e+00  4.63856905e+01  2.15443469e+00  1.79999996e+02
 2.32630507e+00  4.63856905e+01  2.32630507e+00  1.79999996e+02
 2.51188643e+00  4.63856905e+01  2.51188643e+00  1.79999996e+02
 2.71227258e+00  4.63856905e+01  2.71227258e+00  1.79999995e+02
 2.92864456e+00  4.63856905e+01  2.92864456e+00  1.79999995e+02
 3.16227766e+00  4.63856905e+01  3.16227766e+00  1.79999995e+02
 3.41454887e+00  4.63856905e+01  3.41454887e+00  1.79999994e+02
 3.68694506e+00  4.63856905e+01  3.68694506e+00  1.79999994e+02
 3.98107171e+00  4.63856905e+01  3.98107171e+00  1.79999993e+02
 4.29866235e+00  4.63856905e+01  4.29866235e+00  1.79999993e+02
 4.64158883e+00  4.63856905e+01  4.64158883e+00  1.79999992e+02
 5.01187234e+00  4.63856905e+01  5.01187234e+00  1.79999991e+02
 5.41169527e+00  4.63856905e+01  5.41169527e+00  1.79999991e+02
 5.84341413e+00  4.63856905e+01  5.84341413e+00  1.79999990e+02
 6.30957344e+00  4.63856905e+01  6.30957344e+00  1.79999989e+02
 6.81292069e+00  4.63856905e+01  6.81292069e+00  1.79999988e+02
 7.35642254e+00  4.63856905e+01  7.35642254e+00  1.79999987e+02
 7.94328235e+00  4.63856905e+01  7.94328235e+00  1.79999986e+02
 8.57695899e+00  4.63856905e+01  8.57695899e+00  1.79999985e+02
 9.26118728e+00  4.63856905e+01  9.26118728e+00  1.79999984e+02
 1.00000000e+01  4.63856905e+01  1.00000000e+01  1.79999983e+02
 1.07977516e+01  4.63856905e+01  1.07977516e+01  1.79999982e+02
 1.16591440e+01  4.63856905e+01  1.16591440e+01  1.79999980e+02
 1.25892541e+01  4.63856905e+01  1.25892541e+01  1.79999979e+02
 1.35935639e+01  4.63856905e+01  1.35935639e+01  1.79999977e+02
 1.46779927e+01  4.63856905e+01  1.46779927e+01  1.79999975e+02
 1.58489319e+01  4.63856905e+01  1.58489319e+01  1.79999973e+02
 1.71132830e+01  4.63856905e+01  1.71132830e+01  1.79999971e+02
 1.84784980e+01  4.63856905e+01  1.84784980e+01  1.79999969e+02
 1.99526231e+01  4.63856905e+01  1.99526231e+01  1.79999966e+02
 2.15443469e+01  4.63856905e+01  2.15443469e+01  1.79999963e+02
 2.32630507e+01  4.63856905e+01  2.32630507e+01  1.79999960e+02
 2.51188643e+01  4.63856905e+01  2.51188643e+01  1.79999957e+02
 2.71227258e+01  4.63856905e+01  2.71227258e+01  1.79999954e+02
 2.92864456e+01  4.63856905e+01  2.92864456e+01  1.79999950e+02
 3.16227766e+01  4.63856905e+01  3.16227766e+01  1.79999946e+02
 3.41454887e+01  4.63856905e+01  3.41454887e+01  1.79999942e+02
 3.68694506e+01  4.63856905e+01  3.68694506e+01  1.79999937e+02
 3.98107171e+01  4.63856905e+01  3.98107171e+01  1.79999932e+02
 4.29866235e+01  4.63856905e+01  4.29866235e+01  1.79999927e+02
 4.64158883e+01  4.63856905e+01  4.64158883e+01  1.79999921e+02
 5.01187234e+01  4.63856905e+01  5.01187234e+01  1.79999915e+02
 5.41169527e+01  4.63856905e+01  5.41169527e+01  1.79999908e+02
 5.84341413e+01  4.63856905e+01  5.84341413e+01  1.79999901e+02
 6.30957344e+01  4.63856905e+01  6.30957344e+01  1.79999893e+02
 6.81292069e+01  4.63856905e+01  6.81292069e+01  1.79999884e+02
 7.35642254e+01  4.63856905e+01  7.35642254e+01  1.79999875e+02
 7.94328235e+01  4.63856906e+01  7.94328235e+01  1.79999865e+02
 8.57695899e+01  4.63856906e+01  8.57695899e+01  1.79999854e+02
 9.26118728e+01  4.63856906e+01  9.26118728e+01  1.79999842e+02
 1.00000000e+02  4.63856906e+01  1.00000000e+02  1.79999830e+02
 1.07977516e+02  4.63856906e+01  1.07977516e+02  1.79999816e+02
 1.16591440e+02  4.63856906e+01  1.16591440e+02  1.79999802e+02
 1.25892541e+02  4.63856906e+01  1.25892541e+02  1.79999786e+02
 1.35935639e+02  4.63856906e+01  1.35935639e+02  1.79999769e+02
 1.46779927e+02  4.63856906e+01  1.46779927e+02  1.79999750e+02
 1.58489319e+02  4.63856906e+01  1.58489319e+02  1.79999730e+02
 1.71132830e+02  4.63856906e+01  1.71132830e+02  1.79999709e+02
 1.84784980e+02  4.63856906e+01  1.84784980e+02  1.79999686e+02
 1.99526231e+02  4.63856906e+01  1.99526231e+02  1.79999661e+02
 2.15443469e+02  4.63856906e+01  2.15443469e+02  1.79999634e+02
 2.32630507e+02  4.63856906e+01  2.32630507e+02  1.79999604e+02
 2.51188643e+02  4.63856906e+01  2.51188643e+02  1.79999573e+02
 2.71227258e+02  4.63856906e+01  2.71227258e+02  1.79999539e+02
 2.92864456e+02  4.63856906e+01  2.92864456e+02  1.79999502e+02
 3.16227766e+02  4.63856906e+01  3.16227766e+02  1.79999462e+02
 3.41454887e+02  4.63856906e+01  3.41454887e+02  1.79999419e+02
 3.68694506e+02  4.63856907e+01  3.68694506e+02  1.79999373e+02
 3.98107171e+02  4.63856907e+01  3.98107171e+02  1.79999323e+02
 4.29866235e+02  4.63856907e+01  4.29866235e+02  1.79999269e+02
 4.64158883e+02  4.63856907e+01  4.64158883e+02  1.79999211e+02
 5.01187234e+02  4.63856907e+01  5.01187234e+02  1.79999148e+02
 5.41169527e+02  4.63856908e+01  5.41169527e+02  1.79999080e+02
 5.84341413e+02  4.63856908e+01  5.84341413e+02  1.79999006e+02
 6.30957344e+02  4.63856909e+01  6.30957344e+02  1.79998927e+02
 6.81292069e+02  4.63856909e+01  6.81292069e+02  1.79998841e+02
 7.35642254e+02  4.63856910e+01  7.35642254e+02  1.79998749e+02
 7.94328235e+02  4.63856910e+01  7.94328235e+02  1.79998649e+02
 8.57695899e+02  4.63856911e+01  8.57695899e+02  1.79998541e+02
 9.26118728e+02  4.63856912e+01  9.26118728e+02  1.79998425e+02
 1.00000000e+03  4.63856913e+01  1.00000000e+03  1.79998299e+02
 1.07977516e+03  4.63856914e+01  1.07977516e+03  1.79998164e+02
 1.16591440e+03  4.63856916e+01  1.16591440e+03  1.79998017e+02
 1.25892541e+03  4.63856918e+01  1.25892541e+03  1.79997859e+02
 1.35935639e+03  4.63856920e+01  1.35935639e+03  1.79997688e+02
 1.46779927e+03  4.63856922e+01  1.46779927e+03  1.79997504e+02
 1.58489319e+03  4.63856925e+01  1.58489319e+03  1.79997305e+02
 1.71132830e+03  4.63856928e+01  1.71132830e+03  1.79997090e+02
 1.84784980e+03  4.63856932e+01  1.84784980e+03  1.79996857e+02
 1.99526231e+03  4.63856936e+01  1.99526231e+03  1.79996607e+02
 2.15443469e+03  4.63856941e+01  2.15443469e+03  1.79996336e+02
 2.32630507e+03  4.63856947e+01  2.32630507e+03  1.79996044e+02
 2.51188643e+03  4.63856954e+01  2.51188643e+03  1.79995728e+02
 2.71227258e+03  4.63856962e+01  2.71227258e+03  1.79995387e+02
 2.92864456e+03  4.63856972e+01  2.92864456e+03  1.79995019e+02
 3.16227766e+03  4.63856983e+01  3.16227766e+03  1.79994622e+02
 3.41454887e+03  4.63856996e+01  3.41454887e+03  1.79994193e+02
 3.68694506e+03  4.63857011e+01  3.68694506e+03  1.79993730e+02
 3.98107171e+03  4.63857028e+01  3.98107171e+03  1.79993229e+02
 4.29866235e+03  4.63857048e+01  4.29866235e+03  1.79992689e+02
 4.64158883e+03  4.63857072e+01  4.64158883e+03  1.79992106e+02
 5.01187234e+03  4.63857100e+01  5.01187234e+03  1.79991476e+02
 5.41169527e+03  4.63857132e+01  5.41169527e+03  1.79990796e+02
 5.84341413e+03  4.63857170e+01  5.84341413e+03  1.79990062e+02
 6.30957344e+03  4.63857214e+01  6.30957344e+03  1.79989269e+02
 6.81292069e+03  4.63857265e+01  6.81292069e+03  1.79988413e+02
 7.35642254e+03  4.63857324e+01  7.35642254e+03  1.79987489e+02
 7.94328235e+03  4.63857394e+01  7.94328235e+03  1.79986491e+02
 8.57695899e+03  4.63857475e+01  8.57695899e+03  1.79985413e+02
 9.26118728e+03  4.63857569e+01  9.26118728e+03  1.79984249e+02
 1.00000000e+04  4.63857680e+01  1.00000000e+04  1.79982993e+02
 1.07977516e+04  4.63857808e+01  1.07977516e+04  1.79981636e+02
 1.16591440e+04  4.63857958e+01  1.16591440e+04  1.79980171e+02
 1.25892541e+04  4.63858132e+01  1.25892541e+04  1.79978589e+02
 1.35935639e+04  4.63858336e+01  1.35935639e+04  1.79976881e+02
 1.46779927e+04  4.63858573e+01  1.46779927e+04  1.79975036e+02
 1.58489319e+04  4.63858850e+01  1.58489319e+04  1.79973045e+02
 1.71132830e+04  4.63859173e+01  1.71132830e+04  1.79970894e+02
 1.84784980e+04  4.63859549e+01  1.84784980e+04  1.79968572e+02
 1.99526231e+04  4.63859987e+01  1.99526231e+04  1.79966065e+02
 2.15443469e+04  4.63860498e+01  2.15443469e+04  1.79963357e+02
 2.32630507e+04  4.63861095e+01  2.32630507e+04  1.79960433e+02
 2.51188643e+04  4.63861790e+01  2.51188643e+04  1.79957276e+02
 2.71227258e+04  4.63862600e+01  2.71227258e+04  1.79953867e+02
 2.92864456e+04  4.63863545e+01  2.92864456e+04  1.79950186e+02
 3.16227766e+04  4.63864647e+01  3.16227766e+04  1.79946211e+02
 3.41454887e+04  4.63865931e+01  3.41454887e+04  1.79941919e+02
 3.68694506e+04  4.63867429e+01  3.68694506e+04  1.79937283e+02
 3.98107171e+04  4.63869175e+01  3.98107171e+04  1.79932278e+02
 4.29866235e+04  4.63871210e+01  4.29866235e+04  1.79926872e+02
 4.64158883e+04  4.63873584e+01  4.64158883e+04  1.79921035e+02
 5.01187234e+04  4.63876352e+01  5.01187234e+04  1.79914731e+02
 5.41169527e+04  4.63879579e+01  5.41169527e+04  1.79907923e+02
 5.84341413e+04  4.63883341e+01  5.84341413e+04  1.79900570e+02
 6.30957344e+04  4.63887728e+01  6.30957344e+04  1.79892628e+02
 6.81292069e+04  4.63892843e+01  6.81292069e+04  1.79884051e+02
 7.35642254e+04  4.63898807e+01  7.35642254e+04  1.79874787e+02
 7.94328235e+04  4.63905761e+01  7.94328235e+04  1.79864779e+02
 8.57695899e+04  4.63913869e+01  8.57695899e+04  1.79853969e+02
 9.26118728e+04  4.63923324e+01  9.26118728e+04  1.79842290e+02
 1.00000000e+05  4.63934349e+01  1.00000000e+05  1.79829672e+02
 1.07977516e+05  4.63947203e+01  1.07977516e+05  1.79816037e+02
 1.16591440e+05  4.63962195e+01  1.16591440e+05  1.79801303e+02
 1.25892541e+05  4.63979677e+01  1.25892541e+05  1.79785378e+02
 1.35935639e+05  4.64000061e+01  1.35935639e+05  1.79768164e+02
 1.46779927e+05  4.64023836e+01  1.46779927e+05  1.79749552e+02
 1.58489319e+05  4.64051563e+01  1.58489319e+05  1.79729425e+02
 1.71132830e+05  4.64083901e+01  1.71132830e+05  1.79707655e+02
 1.84784980e+05  4.64121614e+01  1.84784980e+05  1.79684099e+02
 1.99526231e+05  4.64165614e+01  1.99526231e+05  1.79658603e+02
 2.15443469e+05  4.64216935e+01  2.15443469e+05  1.79630997e+02
 2.32630507e+05  4.64276815e+01  2.32630507e+05  1.79601092e+02
 2.51188643e+05  4.64346671e+01  2.51188643e+05  1.79568679e+02
 2.71227258e+05  4.64428198e+01  2.71227258e+05  1.79533526e+02
 2.92864456e+05  4.64523335e+01  2.92864456e+05  1.79495374e+02
 3.16227766e+05  4.64634392e+01  3.16227766e+05  1.79453933e+02
 3.41454887e+05  4.64764048e+01  3.41454887e+05  1.79408874e+02
 3.68694506e+05  4.64915477e+01  3.68694506e+05  1.79359831e+02
 3.98107171e+05  4.65092307e+01  3.98107171e+05  1.79306372e+02
 4.29866235e+05  4.65298969e+01  4.29866235e+05  1.79248020e+02
 4.64158883e+05  4.65540535e+01  4.64158883e+05  1.79184215e+02
 5.01187234e+05  4.65822965e+01  5.01187234e+05  1.79114294e+02
 5.41169527e+05  4.66153432e+01  5.41169527e+05  1.79037508e+02
 5.84341413e+05  4.66540284e+01  5.84341413e+05  1.78952928e+02
 6.30957344e+05  4.66993428e+01  6.30957344e+05  1.78859512e+02
 6.81292069e+05  4.67524749e+01  6.81292069e+05  1.78755933e+02
 7.35642254e+05  4.68148192e+01  7.35642254e+05  1.78640593e+02
 7.94328235e+05  4.68880709e+01  7.94328235e+05  1.78511584e+02
 8.57695899e+05  4.69742433e+01  8.57695899e+05  1.78366512e+02
 9.26118728e+05  4.70757798e+01  9.26118728e+05  1.78202264e+02
 1.00000000e+06  4.71956257e+01  1.00000000e+06  1.78015062e+02
 1.07977516e+06  4.73374534e+01  1.07977516e+06  1.77799974e+02
 1.16591440e+06  4.75056834e+01  1.16591440e+06  1.77550286e+02
 1.25892541e+06  4.77058635e+01  1.25892541e+06  1.77257501e+02
 1.35935639e+06  4.79451075e+01  1.35935639e+06  1.76909847e+02
 1.46779927e+06  4.82322957e+01  1.46779927e+06  1.76490834e+02
 1.58489319e+06  4.85791509e+01  1.58489319e+06  1.75977304e+02
 1.71132830e+06  4.90010116e+01  1.71132830e+06  1.75335254e+02
 1.84784980e+06  4.95188839e+01  1.84784980e+06  1.74512623e+02
 1.99526231e+06  5.01619539e+01  1.99526231e+06  1.73427006e+02
 2.15443469e+06  5.09725437e+01  2.15443469e+06  1.71938809e+02
 2.32630507e+06  5.20145878e+01  2.32630507e+06  1.69795560e+02
 2.51188643e+06  5.33884883e+01  2.51188643e+06  1.66491427e+02
 2.71227258e+06  5.52582871e+01  2.71227258e+06  1.60871553e+02
 2.92864456e+06  5.78649930e+01  2.92864456e+06  1.49801917e+02
 3.16227766e+06  6.10647334e+01  3.16227766e+06  1.23778528e+02
 3.41454887e+06  6.11640265e+01  3.41454887e+06  7.51837527e+01
 3.68694506e+06  5.68262954e+01  3.68694506e+06  4.27374189e+01
 3.98107171e+06  5.26549122e+01  3.98107171e+06  2.92466251e+01
 4.29866235e+06  4.92735495e+01  4.29866235e+06  2.28047818e+01
 4.64158883e+06  4.64431522e+01  4.64158883e+06  1.92484142e+01
 5.01187234e+06  4.39783470e+01  5.01187234e+06  1.71116681e+01
 5.41169527e+06  4.17642804e+01  5.41169527e+06  1.57800149e+01
 5.84341413e+06  3.97296378e+01  5.84341413e+06  1.49578052e+01
 6.30957344e+06  3.78265815e+01  6.30957344e+06  1.44858462e+01
 6.81292069e+06  3.60233167e+01  6.81292069e+06  1.42751501e+01
 7.35642254e+06  3.42952472e+01  7.35642254e+06  1.42706780e+01
 7.94328235e+06  3.26257548e+01  7.94328235e+06  1.44364806e+01
 8.57695899e+06  3.10018533e+01  8.57695899e+06  1.47612785e+01
 9.26118728e+06  2.94126229e+01  9.26118728e+06  1.52294764e+01
 1.00000000e+07  2.78485771e+01  1.00000000e+07  1.58367328e+01
 1.07977516e+07  2.63044853e+01  1.07977516e+07  1.65861152e+01
 1.16591440e+07  2.47732213e+01  1.16591440e+07  1.74755946e+01
 1.25892541e+07  2.32486207e+01  1.25892541e+07  1.85299606e+01
 1.35935639e+07  2.17232296e+01  1.35935639e+07  1.97693661e+01
 1.46779927e+07  2.01986014e+01  1.46779927e+07  2.11793831e+01
 1.58489319e+07  1.86640978e+01  1.58489319e+07  2.28225880e+01
 1.71132830e+07  1.71161341e+01  1.71132830e+07  2.47456210e+01
 1.84784980e+07  1.55513230e+01  1.84784980e+07  2.69595028e+01
 1.99526231e+07  1.39645796e+01  1.99526231e+07  2.95625108e+01
 2.15443469e+07  1.23566305e+01  2.15443469e+07  3.26066608e+01
 2.32630507e+07  1.07158246e+01  2.32630507e+07  3.62396194e+01
 2.51188643e+07  9.04928003e+00  2.51188643e+07  4.06734774e+01
 2.71227258e+07  7.36882403e+00  2.71227258e+07  4.58860027e+01
 2.92864456e+07  5.69202061e+00  2.92864456e+07  5.24959658e+01
 3.16227766e+07  3.98508451e+00  3.16227766e+07  6.05266957e+01
 3.41454887e+07  2.56643897e+00  3.41454887e+07  7.02110487e+01
 3.68694506e+07  1.08982181e+00  3.68694506e+07  8.10907902e+01
 3.98107171e+07  2.77594522e-01  3.98107171e+07  9.38561062e+01
 4.29866235e+07  -5.24274361e-01  4.29866235e+07  1.06697269e+02
 4.64158883e+07  -5.20766497e-01  4.64158883e+07  1.17760908e+02
 5.01187234e+07  -4.82763921e-01  5.01187234e+07  1.30292675e+02
 5.41169527e+07  -1.12454484e-01  5.41169527e+07  1.39380188e+02
 5.84341413e+07  1.48876245e-01  5.84341413e+07  1.47095625e+02
 6.30957344e+07  6.88586751e-01  6.30957344e+07  1.53379057e+02
 6.81292069e+07  1.14070282e+00  6.81292069e+07  1.58871251e+02
 7.35642254e+07  1.50576466e+00  7.35642254e+07  1.63763516e+02
 7.94328235e+07  1.97620487e+00  7.94328235e+07  1.67621007e+02
 8.57695899e+07  2.20362496e+00  8.57695899e+07  1.71206129e+02
 9.26118728e+07  2.49754828e+00  9.26118728e+07  1.74480875e+02
 1.00000000e+08  2.95447578e+00  1.00000000e+08  1.77126608e+02
 1.07977516e+08  3.32066781e+00  1.07977516e+08  1.79708273e+02
 1.16591440e+08  3.54602548e+00  1.16591440e+08  1.81739636e+02
 1.25892541e+08  3.94139279e+00  1.25892541e+08  1.83499359e+02
 1.35935639e+08  4.09815993e+00  1.35935639e+08  1.85665416e+02
 1.46779927e+08  4.56485927e+00  1.46779927e+08  1.86892967e+02
 1.58489319e+08  4.76737177e+00  1.58489319e+08  1.88180086e+02
 1.71132830e+08  5.35369625e+00  1.71132830e+08  1.89229920e+02
 1.84784980e+08  5.52102181e+00  1.84784980e+08  1.89076237e+02
 1.99526231e+08  5.84337630e+00  1.99526231e+08  1.89887855e+02
 2.15443469e+08  5.73460471e+00  2.15443469e+08  1.89667398e+02
 2.32630507e+08  6.05966682e+00  2.32630507e+08  1.89586544e+02
 2.51188643e+08  7.09674493e+00  2.51188643e+08  1.89176229e+02
 2.71227258e+08  6.00322292e+00  2.71227258e+08  1.88423491e+02
 2.92864456e+08  6.42816726e+00  2.92864456e+08  1.87585474e+02
 3.16227766e+08  6.48240278e+00  3.16227766e+08  1.86695158e+02
 3.41454887e+08  6.69911411e+00  3.41454887e+08  1.86299619e+02
 3.68694506e+08  7.19524077e+00  3.68694506e+08  1.85677913e+02
 3.98107171e+08  6.94666792e+00  3.98107171e+08  1.84397318e+02
 4.29866235e+08  8.12075639e+00  4.29866235e+08  1.83996901e+02
 4.64158883e+08  8.39894558e+00  4.64158883e+08  1.83289839e+02
 5.01187234e+08  7.05893824e+00  5.01187234e+08  1.82874933e+02
 5.41169527e+08  5.74200314e+00  5.41169527e+08  1.81885382e+02
 5.84341413e+08  8.78906597e+00  5.84341413e+08  1.81972653e+02
 6.30957344e+08  1.09707763e+01  6.30957344e+08  1.81369346e+02
 6.81292069e+08  6.13724800e+00  6.81292069e+08  1.81310975e+02
 7.35642254e+08  8.28536170e+00  7.35642254e+08  1.80721298e+02
 7.94328235e+08  3.40916623e+00  7.94328235e+08  1.80829177e+02
 8.57695899e+08  -4.11435586e-01  8.57695899e+08  1.80161415e+02
 9.26118728e+08  1.02702456e+01  9.26118728e+08  1.80642900e+02
 1.00000000e+09  2.87599975e+00  1.00000000e+09  1.81236622e+02
