 1.00000000e+00  4.69783261e+01  1.00000000e+00  1.79999998e+02
 1.07977516e+00  4.69783261e+01  1.07977516e+00  1.79999998e+02
 1.16591440e+00  4.69783261e+01  1.16591440e+00  1.79999997e+02
 1.25892541e+00  4.69783261e+01  1.25892541e+00  1.79999997e+02
 1.35935639e+00  4.69783261e+01  1.35935639e+00  1.79999997e+02
 1.46779927e+00  4.69783261e+01  1.46779927e+00  1.79999997e+02
 1.58489319e+00  4.69783261e+01  1.58489319e+00  1.79999996e+02
 1.71132830e+00  4.69783261e+01  1.71132830e+00  1.79999996e+02
 1.84784980e+00  4.69783261e+01  1.84784980e+00  1.79999996e+02
 1.99526231e+00  4.69783261e+01  1.99526231e+00  1.79999996e+02
 2.15443469e+00  4.69783261e+01  2.15443469e+00  1.79999995e+02
 2.32630507e+00  4.69783261e+01  2.32630507e+00  1.79999995e+02
 2.51188643e+00  4.69783261e+01  2.51188643e+00  1.79999994e+02
 2.71227258e+00  4.69783261e+01  2.71227258e+00  1.79999994e+02
 2.92864456e+00  4.69783261e+01  2.92864456e+00  1.79999993e+02
 3.16227766e+00  4.69783261e+01  3.16227766e+00  1.79999993e+02
 3.41454887e+00  4.69783261e+01  3.41454887e+00  1.79999992e+02
 3.68694506e+00  4.69783261e+01  3.68694506e+00  1.79999992e+02
 3.98107171e+00  4.69783261e+01  3.98107171e+00  1.79999991e+02
 4.29866235e+00  4.69783261e+01  4.29866235e+00  1.79999990e+02
 4.64158883e+00  4.69783261e+01  4.64158883e+00  1.79999990e+02
 5.01187234e+00  4.69783261e+01  5.01187234e+00  1.79999989e+02
 5.41169527e+00  4.69783261e+01  5.41169527e+00  1.79999988e+02
 5.84341413e+00  4.69783261e+01  5.84341413e+00  1.79999987e+02
 6.30957344e+00  4.69783261e+01  6.30957344e+00  1.79999986e+02
 6.81292069e+00  4.69783261e+01  6.81292069e+00  1.79999985e+02
 7.35642254e+00  4.69783261e+01  7.35642254e+00  1.79999983e+02
 7.94328235e+00  4.69783261e+01  7.94328235e+00  1.79999982e+02
 8.57695899e+00  4.69783261e+01  8.57695899e+00  1.79999981e+02
 9.26118728e+00  4.69783261e+01  9.26118728e+00  1.79999979e+02
 1.00000000e+01  4.69783261e+01  1.00000000e+01  1.79999978e+02
 1.07977516e+01  4.69783261e+01  1.07977516e+01  1.79999976e+02
 1.16591440e+01  4.69783261e+01  1.16591440e+01  1.79999974e+02
 1.25892541e+01  4.69783261e+01  1.25892541e+01  1.79999972e+02
 1.35935639e+01  4.69783261e+01  1.35935639e+01  1.79999970e+02
 1.46779927e+01  4.69783261e+01  1.46779927e+01  1.79999967e+02
 1.58489319e+01  4.69783261e+01  1.58489319e+01  1.79999964e+02
 1.71132830e+01  4.69783261e+01  1.71132830e+01  1.79999962e+02
 1.84784980e+01  4.69783261e+01  1.84784980e+01  1.79999959e+02
 1.99526231e+01  4.69783261e+01  1.99526231e+01  1.79999955e+02
 2.15443469e+01  4.69783261e+01  2.15443469e+01  1.79999952e+02
 2.32630507e+01  4.69783261e+01  2.32630507e+01  1.79999948e+02
 2.51188643e+01  4.69783261e+01  2.51188643e+01  1.79999944e+02
 2.71227258e+01  4.69783261e+01  2.71227258e+01  1.79999939e+02
 2.92864456e+01  4.69783261e+01  2.92864456e+01  1.79999934e+02
 3.16227766e+01  4.69783261e+01  3.16227766e+01  1.79999929e+02
 3.41454887e+01  4.69783261e+01  3.41454887e+01  1.79999923e+02
 3.68694506e+01  4.69783261e+01  3.68694506e+01  1.79999917e+02
 3.98107171e+01  4.69783261e+01  3.98107171e+01  1.79999911e+02
 4.29866235e+01  4.69783261e+01  4.29866235e+01  1.79999904e+02
 4.64158883e+01  4.69783261e+01  4.64158883e+01  1.79999896e+02
 5.01187234e+01  4.69783261e+01  5.01187234e+01  1.79999888e+02
 5.41169527e+01  4.69783261e+01  5.41169527e+01  1.79999879e+02
 5.84341413e+01  4.69783261e+01  5.84341413e+01  1.79999869e+02
 6.30957344e+01  4.69783261e+01  6.30957344e+01  1.79999858e+02
 6.81292069e+01  4.69783261e+01  6.81292069e+01  1.79999847e+02
 7.35642254e+01  4.69783261e+01  7.35642254e+01  1.79999835e+02
 7.94328235e+01  4.69783261e+01  7.94328235e+01  1.79999822e+02
 8.57695899e+01  4.69783261e+01  8.57695899e+01  1.79999808e+02
 9.26118728e+01  4.69783261e+01  9.26118728e+01  1.79999792e+02
 1.00000000e+02  4.69783261e+01  1.00000000e+02  1.79999776e+02
 1.07977516e+02  4.69783261e+01  1.07977516e+02  1.79999758e+02
 1.16591440e+02  4.69783261e+01  1.16591440e+02  1.79999738e+02
 1.25892541e+02  4.69783261e+01  1.25892541e+02  1.79999718e+02
 1.35935639e+02  4.69783261e+01  1.35935639e+02  1.79999695e+02
 1.46779927e+02  4.69783262e+01  1.46779927e+02  1.79999671e+02
 1.58489319e+02  4.69783262e+01  1.58489319e+02  1.79999644e+02
 1.71132830e+02  4.69783262e+01  1.71132830e+02  1.79999616e+02
 1.84784980e+02  4.69783262e+01  1.84784980e+02  1.79999585e+02
 1.99526231e+02  4.69783262e+01  1.99526231e+02  1.79999552e+02
 2.15443469e+02  4.69783262e+01  2.15443469e+02  1.79999517e+02
 2.32630507e+02  4.69783262e+01  2.32630507e+02  1.79999478e+02
 2.51188643e+02  4.69783262e+01  2.51188643e+02  1.79999437e+02
 2.71227258e+02  4.69783262e+01  2.71227258e+02  1.79999392e+02
 2.92864456e+02  4.69783262e+01  2.92864456e+02  1.79999343e+02
 3.16227766e+02  4.69783262e+01  3.16227766e+02  1.79999291e+02
 3.41454887e+02  4.69783262e+01  3.41454887e+02  1.79999234e+02
 3.68694506e+02  4.69783262e+01  3.68694506e+02  1.79999173e+02
 3.98107171e+02  4.69783262e+01  3.98107171e+02  1.79999107e+02
 4.29866235e+02  4.69783263e+01  4.29866235e+02  1.79999036e+02
 4.64158883e+02  4.69783263e+01  4.64158883e+02  1.79998959e+02
 5.01187234e+02  4.69783263e+01  5.01187234e+02  1.79998876e+02
 5.41169527e+02  4.69783263e+01  5.41169527e+02  1.79998786e+02
 5.84341413e+02  4.69783264e+01  5.84341413e+02  1.79998689e+02
 6.30957344e+02  4.69783264e+01  6.30957344e+02  1.79998585e+02
 6.81292069e+02  4.69783265e+01  6.81292069e+02  1.79998472e+02
 7.35642254e+02  4.69783265e+01  7.35642254e+02  1.79998350e+02
 7.94328235e+02  4.69783266e+01  7.94328235e+02  1.79998218e+02
 8.57695899e+02  4.69783267e+01  8.57695899e+02  1.79998076e+02
 9.26118728e+02  4.69783267e+01  9.26118728e+02  1.79997922e+02
 1.00000000e+03  4.69783268e+01  1.00000000e+03  1.79997757e+02
 1.07977516e+03  4.69783270e+01  1.07977516e+03  1.79997578e+02
 1.16591440e+03  4.69783271e+01  1.16591440e+03  1.79997385e+02
 1.25892541e+03  4.69783273e+01  1.25892541e+03  1.79997176e+02
 1.35935639e+03  4.69783274e+01  1.35935639e+03  1.79996951e+02
 1.46779927e+03  4.69783277e+01  1.46779927e+03  1.79996707e+02
 1.58489319e+03  4.69783279e+01  1.58489319e+03  1.79996445e+02
 1.71132830e+03  4.69783282e+01  1.71132830e+03  1.79996161e+02
 1.84784980e+03  4.69783285e+01  1.84784980e+03  1.79995855e+02
 1.99526231e+03  4.69783289e+01  1.99526231e+03  1.79995524e+02
 2.15443469e+03  4.69783294e+01  2.15443469e+03  1.79995167e+02
 2.32630507e+03  4.69783299e+01  2.32630507e+03  1.79994782e+02
 2.51188643e+03  4.69783306e+01  2.51188643e+03  1.79994365e+02
 2.71227258e+03  4.69783313e+01  2.71227258e+03  1.79993916e+02
 2.92864456e+03  4.69783322e+01  2.92864456e+03  1.79993430e+02
 3.16227766e+03  4.69783332e+01  3.16227766e+03  1.79992906e+02
 3.41454887e+03  4.69783343e+01  3.41454887e+03  1.79992340e+02
 3.68694506e+03  4.69783357e+01  3.68694506e+03  1.79991729e+02
 3.98107171e+03  4.69783373e+01  3.98107171e+03  1.79991069e+02
 4.29866235e+03  4.69783391e+01  4.29866235e+03  1.79990357e+02
 4.64158883e+03  4.69783413e+01  4.64158883e+03  1.79989588e+02
 5.01187234e+03  4.69783438e+01  5.01187234e+03  1.79988757e+02
 5.41169527e+03  4.69783467e+01  5.41169527e+03  1.79987860e+02
 5.84341413e+03  4.69783502e+01  5.84341413e+03  1.79986892e+02
 6.30957344e+03  4.69783542e+01  6.30957344e+03  1.79985846e+02
 6.81292069e+03  4.69783588e+01  6.81292069e+03  1.79984717e+02
 7.35642254e+03  4.69783642e+01  7.35642254e+03  1.79983498e+02
 7.94328235e+03  4.69783705e+01  7.94328235e+03  1.79982181e+02
 8.57695899e+03  4.69783779e+01  8.57695899e+03  1.79980760e+02
 9.26118728e+03  4.69783865e+01  9.26118728e+03  1.79979225e+02
 1.00000000e+04  4.69783965e+01  1.00000000e+04  1.79977567e+02
 1.07977516e+04  4.69784082e+01  1.07977516e+04  1.79975778e+02
 1.16591440e+04  4.69784218e+01  1.16591440e+04  1.79973845e+02
 1.25892541e+04  4.69784377e+01  1.25892541e+04  1.79971759e+02
 1.35935639e+04  4.69784562e+01  1.35935639e+04  1.79969506e+02
 1.46779927e+04  4.69784778e+01  1.46779927e+04  1.79967073e+02
 1.58489319e+04  4.69785029e+01  1.58489319e+04  1.79964446e+02
 1.71132830e+04  4.69785323e+01  1.71132830e+04  1.79961609e+02
 1.84784980e+04  4.69785665e+01  1.84784980e+04  1.79958546e+02
 1.99526231e+04  4.69786063e+01  1.99526231e+04  1.79955239e+02
 2.15443469e+04  4.69786528e+01  2.15443469e+04  1.79951668e+02
 2.32630507e+04  4.69787070e+01  2.32630507e+04  1.79947812e+02
 2.51188643e+04  4.69787702e+01  2.51188643e+04  1.79943648e+02
 2.71227258e+04  4.69788439e+01  2.71227258e+04  1.79939152e+02
 2.92864456e+04  4.69789298e+01  2.92864456e+04  1.79934296e+02
 3.16227766e+04  4.69790300e+01  3.16227766e+04  1.79929054e+02
 3.41454887e+04  4.69791468e+01  3.41454887e+04  1.79923392e+02
 3.68694506e+04  4.69792829e+01  3.68694506e+04  1.79917279e+02
 3.98107171e+04  4.69794417e+01  3.98107171e+04  1.79910678e+02
 4.29866235e+04  4.69796268e+01  4.29866235e+04  1.79903549e+02
 4.64158883e+04  4.69798426e+01  4.64158883e+04  1.79895851e+02
 5.01187234e+04  4.69800943e+01  5.01187234e+04  1.79887537e+02
 5.41169527e+04  4.69803876e+01  5.41169527e+04  1.79878560e+02
 5.84341413e+04  4.69807297e+01  5.84341413e+04  1.79868864e+02
 6.30957344e+04  4.69811286e+01  6.30957344e+04  1.79858393e+02
 6.81292069e+04  4.69815936e+01  6.81292069e+04  1.79847085e+02
 7.35642254e+04  4.69821358e+01  7.35642254e+04  1.79834871e+02
 7.94328235e+04  4.69827681e+01  7.94328235e+04  1.79821678e+02
 8.57695899e+04  4.69835053e+01  8.57695899e+04  1.79807429e+02
 9.26118728e+04  4.69843649e+01  9.26118728e+04  1.79792036e+02
 1.00000000e+05  4.69853670e+01  1.00000000e+05  1.79775407e+02
 1.07977516e+05  4.69865360e+01  1.07977516e+05  1.79757443e+02
 1.16591440e+05  4.69878988e+01  1.16591440e+05  1.79738032e+02
 1.25892541e+05  4.69894880e+01  1.25892541e+05  1.79717058e+02
 1.35935639e+05  4.69913412e+01  1.35935639e+05  1.79694390e+02
 1.46779927e+05  4.69935026e+01  1.46779927e+05  1.79669889e+02
 1.58489319e+05  4.69960229e+01  1.58489319e+05  1.79643403e+02
 1.71132830e+05  4.69989623e+01  1.71132830e+05  1.79614764e+02
 1.84784980e+05  4.70023911e+01  1.84784980e+05  1.79583790e+02
 1.99526231e+05  4.70063897e+01  1.99526231e+05  1.79550283e+02
 2.15443469e+05  4.70110546e+01  2.15443469e+05  1.79514024e+02
 2.32630507e+05  4.70164959e+01  2.32630507e+05  1.79474772e+02
 2.51188643e+05  4.70228449e+01  2.51188643e+05  1.79432264e+02
 2.71227258e+05  4.70302532e+01  2.71227258e+05  1.79386205e+02
 2.92864456e+05  4.70388975e+01  2.92864456e+05  1.79336272e+02
 3.16227766e+05  4.70489867e+01  3.16227766e+05  1.79282102e+02
 3.41454887e+05  4.70607641e+01  3.41454887e+05  1.79223291e+02
 3.68694506e+05  4.70745148e+01  3.68694506e+05  1.79159383e+02
 3.98107171e+05  4.70905749e+01  3.98107171e+05  1.79089866e+02
 4.29866235e+05  4.71093349e+01  4.29866235e+05  1.79014153e+02
 4.64158883e+05  4.71312575e+01  4.64158883e+05  1.78931578e+02
 5.01187234e+05  4.71568853e+01  5.01187234e+05  1.78841371e+02
 5.41169527e+05  4.71868550e+01  5.41169527e+05  1.78742640e+02
 5.84341413e+05  4.72219307e+01  5.84341413e+05  1.78634341e+02
 6.30957344e+05  4.72629903e+01  6.30957344e+05  1.78515245e+02
 6.81292069e+05  4.73111060e+01  6.81292069e+05  1.78383889e+02
 7.35642254e+05  4.73675317e+01  7.35642254e+05  1.78238513e+02
 7.94328235e+05  4.74337703e+01  7.94328235e+05  1.78076987e+02
 8.57695899e+05  4.75116111e+01  8.57695899e+05  1.77896696e+02
 9.26118728e+05  4.76032274e+01  9.26118728e+05  1.77694395e+02
 1.00000000e+06  4.77112351e+01  1.00000000e+06  1.77466009e+02
 1.07977516e+06  4.78388087e+01  1.07977516e+06  1.77206362e+02
 1.16591440e+06  4.79898569e+01  1.16591440e+06  1.76908756e+02
 1.25892541e+06  4.81692079e+01  1.25892541e+06  1.76564415e+02
 1.35935639e+06  4.83828457e+01  1.35935639e+06  1.76161625e+02
 1.46779927e+06  4.86384442e+01  1.46779927e+06  1.75684401e+02
 1.58489319e+06  4.89456855e+01  1.58489319e+06  1.75110456e+02
 1.71132830e+06  4.93173429e+01  1.71132830e+06  1.74407864e+02
 1.84784980e+06  4.97703611e+01  1.84784980e+06  1.73529272e+02
 1.99526231e+06  5.03276968e+01  1.99526231e+06  1.72401843e+02
 2.15443469e+06  5.10216411e+01  2.15443469e+06  1.70907762e+02
 2.32630507e+06  5.18987876e+01  2.32630507e+06  1.68844684e+02
 2.51188643e+06  5.30285281e+01  2.51188643e+06  1.65837160e+02
 2.71227258e+06  5.45162899e+01  2.71227258e+06  1.61115152e+02
 2.92864456e+06  5.65103947e+01  2.92864456e+06  1.52888757e+02
 3.16227766e+06  5.90760862e+01  3.16227766e+06  1.36500777e+02
 3.41454887e+06  6.10438791e+01  3.41454887e+06  1.02775371e+02
 3.68694506e+06  5.90976091e+01  3.68694506e+06  6.22539001e+01
 3.98107171e+06  5.51228037e+01  3.98107171e+06  3.97435700e+01
 4.29866235e+06  5.15282445e+01  4.29866235e+06  2.90340770e+01
 4.64158883e+06  4.84996584e+01  4.64158883e+06  2.33015204e+01
 5.01187234e+06  4.58858047e+01  5.01187234e+06  1.98942056e+01
 5.41169527e+06  4.35621278e+01  5.41169527e+06  1.77326590e+01
 5.84341413e+06  4.14455996e+01  5.84341413e+06  1.63172452e+01
 6.30957344e+06  3.94806719e+01  6.30957344e+06  1.53918844e+01
 6.81292069e+06  3.76293908e+01  6.81292069e+06  1.48131248e+01
 7.35642254e+06  3.58642665e+01  7.35642254e+06  1.44945317e+01
 7.94328235e+06  3.41658837e+01  7.94328235e+06  1.43832010e+01
 8.57695899e+06  3.25197133e+01  8.57695899e+06  1.44489966e+01
 9.26118728e+06  3.09124505e+01  9.26118728e+06  1.46707508e+01
 1.00000000e+07  2.93347690e+01  1.00000000e+07  1.50395825e+01
 1.07977516e+07  2.77822602e+01  1.07977516e+07  1.55427581e+01
 1.16591440e+07  2.62439681e+01  1.16591440e+07  1.61921012e+01
 1.25892541e+07  2.47125833e+01  1.25892541e+07  1.69879993e+01
 1.35935639e+07  2.31910751e+01  1.35935639e+07  1.79336743e+01
 1.46779927e+07  2.16634259e+01  1.46779927e+07  1.90572177e+01
 1.58489319e+07  2.01305335e+01  1.58489319e+07  2.03619030e+01
 1.71132830e+07  1.85896048e+01  1.71132830e+07  2.18919311e+01
 1.84784980e+07  1.70285467e+01  1.84784980e+07  2.36919308e+01
 1.99526231e+07  1.54499059e+01  1.99526231e+07  2.57868605e+01
 2.15443469e+07  1.38425062e+01  2.15443469e+07  2.82494117e+01
 2.32630507e+07  1.22049249e+01  2.32630507e+07  3.11678264e+01
 2.51188643e+07  1.05300792e+01  2.51188643e+07  3.46893619e+01
 2.71227258e+07  8.81570973e+00  2.71227258e+07  3.89799754e+01
 2.92864456e+07  7.07602395e+00  2.92864456e+07  4.42095955e+01
 3.16227766e+07  5.31516257e+00  3.16227766e+07  5.07375768e+01
 3.41454887e+07  3.56635036e+00  3.41454887e+07  5.86884808e+01
 3.68694506e+07  1.94092778e+00  3.68694506e+07  6.88155467e+01
 3.98107171e+07  5.49653565e-01  3.98107171e+07  8.08424806e+01
 4.29866235e+07  -4.60702987e-01  4.29866235e+07  9.43729624e+01
 4.64158883e+07  -1.00720727e+00  4.64158883e+07  1.08218545e+02
 5.01187234e+07  -1.10070157e+00  5.01187234e+07  1.21983547e+02
 5.41169527e+07  -8.08166018e-01  5.41169527e+07  1.32450387e+02
 5.84341413e+07  -3.99619689e-01  5.84341413e+07  1.42708726e+02
 6.30957344e+07  6.36487801e-02  6.30957344e+07  1.50033533e+02
 6.81292069e+07  5.53984187e-01  6.81292069e+07  1.56672303e+02
 7.35642254e+07  1.08860350e+00  7.35642254e+07  1.61583998e+02
 7.94328235e+07  1.51569760e+00  7.94328235e+07  1.66326359e+02
 8.57695899e+07  1.82112776e+00  8.57695899e+07  1.69877000e+02
 9.26118728e+07  2.14849944e+00  9.26118728e+07  1.73522625e+02
 1.00000000e+08  2.55648948e+00  1.00000000e+08  1.76506700e+02
 1.07977516e+08  2.93255935e+00  1.07977516e+08  1.78948973e+02
 1.16591440e+08  3.44391515e+00  1.16591440e+08  1.81255918e+02
 1.25892541e+08  3.54656900e+00  1.25892541e+08  1.83809194e+02
 1.35935639e+08  4.06278234e+00  1.35935639e+08  1.85449210e+02
 1.46779927e+08  4.40573285e+00  1.46779927e+08  1.86723355e+02
 1.58489319e+08  4.80087462e+00  1.58489319e+08  1.88320358e+02
 1.71132830e+08  5.01402882e+00  1.71132830e+08  1.89340568e+02
 1.84784980e+08  5.41072790e+00  1.84784980e+08  1.90039866e+02
 1.99526231e+08  5.75990768e+00  1.99526231e+08  1.90197180e+02
 2.15443469e+08  5.67967899e+00  2.15443469e+08  1.90995545e+02
 2.32630507e+08  6.42574398e+00  2.32630507e+08  1.90487077e+02
 2.51188643e+08  6.19722839e+00  2.51188643e+08  1.90028404e+02
 2.71227258e+08  7.04255916e+00  2.71227258e+08  1.89444123e+02
 2.92864456e+08  7.06658428e+00  2.92864456e+08  1.88673580e+02
 3.16227766e+08  7.23417370e+00  3.16227766e+08  1.87741470e+02
 3.41454887e+08  7.62656436e+00  3.41454887e+08  1.86581576e+02
 3.68694506e+08  7.31091182e+00  3.68694506e+08  1.85972719e+02
 3.98107171e+08  7.06086077e+00  3.98107171e+08  1.85273088e+02
 4.29866235e+08  8.27049103e+00  4.29866235e+08  1.84713525e+02
 4.64158883e+08  6.94845042e+00  4.64158883e+08  1.83790570e+02
 5.01187234e+08  7.20643639e+00  5.01187234e+08  1.83195127e+02
 5.41169527e+08  7.82208493e+00  5.41169527e+08  1.82579166e+02
 5.84341413e+08  8.97546450e+00  5.84341413e+08  1.82051107e+02
 6.30957344e+08  7.61524959e+00  6.30957344e+08  1.81654430e+02
 6.81292069e+08  6.27161986e+00  6.81292069e+08  1.81526562e+02
 7.35642254e+08  8.43845222e+00  7.35642254e+08  1.81404165e+02
 7.94328235e+08  1.30908918e+01  7.94328235e+08  1.81185046e+02
 8.57695899e+08  1.17542834e+01  8.57695899e+08  1.80562996e+02
 9.26118728e+08  4.38430344e+00  9.26118728e+08  1.80559285e+02
 1.00000000e+09  9.05541569e+00  1.00000000e+09  1.80574486e+02
