 1.00000000e+00  4.63856905e+01  1.00000000e+00  1.79999998e+02
 1.07977516e+00  4.63856905e+01  1.07977516e+00  1.79999998e+02
 1.16591440e+00  4.63856905e+01  1.16591440e+00  1.79999998e+02
 1.25892541e+00  4.63856905e+01  1.25892541e+00  1.79999998e+02
 1.35935639e+00  4.63856905e+01  1.35935639e+00  1.79999998e+02
 1.46779927e+00  4.63856905e+01  1.46779927e+00  1.79999998e+02
 1.58489319e+00  4.63856905e+01  1.58489319e+00  1.79999997e+02
 1.71132830e+00  4.63856905e+01  1.71132830e+00  1.79999997e+02
 1.84784980e+00  4.63856905e+01  1.84784980e+00  1.79999997e+02
 1.99526231e+00  4.63856905e+01  1.99526231e+00  1.79999997e+02
 2.15443469e+00  4.63856905e+01  2.15443469e+00  1.79999996e+02
 2.32630507e+00  4.63856905e+01  2.32630507e+00  1.79999996e+02
 2.51188643e+00  4.63856905e+01  2.51188643e+00  1.79999996e+02
 2.71227258e+00  4.63856905e+01  2.71227258e+00  1.79999995e+02
 2.92864456e+00  4.63856905e+01  2.92864456e+00  1.79999995e+02
 3.16227766e+00  4.63856905e+01  3.16227766e+00  1.79999995e+02
 3.41454887e+00  4.63856905e+01  3.41454887e+00  1.79999994e+02
 3.68694506e+00  4.63856905e+01  3.68694506e+00  1.79999994e+02
 3.98107171e+00  4.63856905e+01  3.98107171e+00  1.79999993e+02
 4.29866235e+00  4.63856905e+01  4.29866235e+00  1.79999993e+02
 4.64158883e+00  4.63856905e+01  4.64158883e+00  1.79999992e+02
 5.01187234e+00  4.63856905e+01  5.01187234e+00  1.79999992e+02
 5.41169527e+00  4.63856905e+01  5.41169527e+00  1.79999991e+02
 5.84341413e+00  4.63856905e+01  5.84341413e+00  1.79999990e+02
 6.30957344e+00  4.63856905e+01  6.30957344e+00  1.79999990e+02
 6.81292069e+00  4.63856905e+01  6.81292069e+00  1.79999989e+02
 7.35642254e+00  4.63856905e+01  7.35642254e+00  1.79999988e+02
 7.94328235e+00  4.63856905e+01  7.94328235e+00  1.79999987e+02
 8.57695899e+00  4.63856905e+01  8.57695899e+00  1.79999986e+02
 9.26118728e+00  4.63856905e+01  9.26118728e+00  1.79999985e+02
 1.00000000e+01  4.63856905e+01  1.00000000e+01  1.79999983e+02
 1.07977516e+01  4.63856905e+01  1.07977516e+01  1.79999982e+02
 1.16591440e+01  4.63856905e+01  1.16591440e+01  1.79999981e+02
 1.25892541e+01  4.63856905e+01  1.25892541e+01  1.79999979e+02
 1.35935639e+01  4.63856905e+01  1.35935639e+01  1.79999977e+02
 1.46779927e+01  4.63856905e+01  1.46779927e+01  1.79999976e+02
 1.58489319e+01  4.63856905e+01  1.58489319e+01  1.79999974e+02
 1.71132830e+01  4.63856905e+01  1.71132830e+01  1.79999972e+02
 1.84784980e+01  4.63856905e+01  1.84784980e+01  1.79999969e+02
 1.99526231e+01  4.63856905e+01  1.99526231e+01  1.79999967e+02
 2.15443469e+01  4.63856905e+01  2.15443469e+01  1.79999964e+02
 2.32630507e+01  4.63856905e+01  2.32630507e+01  1.79999961e+02
 2.51188643e+01  4.63856905e+01  2.51188643e+01  1.79999958e+02
 2.71227258e+01  4.63856905e+01  2.71227258e+01  1.79999955e+02
 2.92864456e+01  4.63856905e+01  2.92864456e+01  1.79999951e+02
 3.16227766e+01  4.63856905e+01  3.16227766e+01  1.79999948e+02
 3.41454887e+01  4.63856905e+01  3.41454887e+01  1.79999943e+02
 3.68694506e+01  4.63856905e+01  3.68694506e+01  1.79999939e+02
 3.98107171e+01  4.63856905e+01  3.98107171e+01  1.79999934e+02
 4.29866235e+01  4.63856905e+01  4.29866235e+01  1.79999929e+02
 4.64158883e+01  4.63856906e+01  4.64158883e+01  1.79999923e+02
 5.01187234e+01  4.63856906e+01  5.01187234e+01  1.79999917e+02
 5.41169527e+01  4.63856906e+01  5.41169527e+01  1.79999910e+02
 5.84341413e+01  4.63856906e+01  5.84341413e+01  1.79999903e+02
 6.30957344e+01  4.63856906e+01  6.30957344e+01  1.79999895e+02
 6.81292069e+01  4.63856906e+01  6.81292069e+01  1.79999887e+02
 7.35642254e+01  4.63856906e+01  7.35642254e+01  1.79999878e+02
 7.94328235e+01  4.63856906e+01  7.94328235e+01  1.79999868e+02
 8.57695899e+01  4.63856906e+01  8.57695899e+01  1.79999858e+02
 9.26118728e+01  4.63856906e+01  9.26118728e+01  1.79999846e+02
 1.00000000e+02  4.63856906e+01  1.00000000e+02  1.79999834e+02
 1.07977516e+02  4.63856906e+01  1.07977516e+02  1.79999821e+02
 1.16591440e+02  4.63856906e+01  1.16591440e+02  1.79999807e+02
 1.25892541e+02  4.63856906e+01  1.25892541e+02  1.79999791e+02
 1.35935639e+02  4.63856906e+01  1.35935639e+02  1.79999774e+02
 1.46779927e+02  4.63856906e+01  1.46779927e+02  1.79999756e+02
 1.58489319e+02  4.63856906e+01  1.58489319e+02  1.79999737e+02
 1.71132830e+02  4.63856906e+01  1.71132830e+02  1.79999716e+02
 1.84784980e+02  4.63856906e+01  1.84784980e+02  1.79999693e+02
 1.99526231e+02  4.63856906e+01  1.99526231e+02  1.79999669e+02
 2.15443469e+02  4.63856906e+01  2.15443469e+02  1.79999643e+02
 2.32630507e+02  4.63856906e+01  2.32630507e+02  1.79999614e+02
 2.51188643e+02  4.63856906e+01  2.51188643e+02  1.79999583e+02
 2.71227258e+02  4.63856906e+01  2.71227258e+02  1.79999550e+02
 2.92864456e+02  4.63856906e+01  2.92864456e+02  1.79999514e+02
 3.16227766e+02  4.63856906e+01  3.16227766e+02  1.79999475e+02
 3.41454887e+02  4.63856906e+01  3.41454887e+02  1.79999433e+02
 3.68694506e+02  4.63856907e+01  3.68694506e+02  1.79999388e+02
 3.98107171e+02  4.63856907e+01  3.98107171e+02  1.79999339e+02
 4.29866235e+02  4.63856907e+01  4.29866235e+02  1.79999287e+02
 4.64158883e+02  4.63856907e+01  4.64158883e+02  1.79999230e+02
 5.01187234e+02  4.63856907e+01  5.01187234e+02  1.79999168e+02
 5.41169527e+02  4.63856908e+01  5.41169527e+02  1.79999102e+02
 5.84341413e+02  4.63856908e+01  5.84341413e+02  1.79999030e+02
 6.30957344e+02  4.63856909e+01  6.30957344e+02  1.79998953e+02
 6.81292069e+02  4.63856909e+01  6.81292069e+02  1.79998870e+02
 7.35642254e+02  4.63856910e+01  7.35642254e+02  1.79998779e+02
 7.94328235e+02  4.63856910e+01  7.94328235e+02  1.79998682e+02
 8.57695899e+02  4.63856911e+01  8.57695899e+02  1.79998577e+02
 9.26118728e+02  4.63856912e+01  9.26118728e+02  1.79998463e+02
 1.00000000e+03  4.63856913e+01  1.00000000e+03  1.79998341e+02
 1.07977516e+03  4.63856915e+01  1.07977516e+03  1.79998208e+02
 1.16591440e+03  4.63856916e+01  1.16591440e+03  1.79998066e+02
 1.25892541e+03  4.63856918e+01  1.25892541e+03  1.79997911e+02
 1.35935639e+03  4.63856920e+01  1.35935639e+03  1.79997745e+02
 1.46779927e+03  4.63856922e+01  1.46779927e+03  1.79997565e+02
 1.58489319e+03  4.63856925e+01  1.58489319e+03  1.79997370e+02
 1.71132830e+03  4.63856928e+01  1.71132830e+03  1.79997161e+02
 1.84784980e+03  4.63856932e+01  1.84784980e+03  1.79996934e+02
 1.99526231e+03  4.63856936e+01  1.99526231e+03  1.79996690e+02
 2.15443469e+03  4.63856941e+01  2.15443469e+03  1.79996425e+02
 2.32630507e+03  4.63856947e+01  2.32630507e+03  1.79996140e+02
 2.51188643e+03  4.63856954e+01  2.51188643e+03  1.79995832e+02
 2.71227258e+03  4.63856962e+01  2.71227258e+03  1.79995500e+02
 2.92864456e+03  4.63856972e+01  2.92864456e+03  1.79995141e+02
 3.16227766e+03  4.63856983e+01  3.16227766e+03  1.79994753e+02
 3.41454887e+03  4.63856995e+01  3.41454887e+03  1.79994335e+02
 3.68694506e+03  4.63857010e+01  3.68694506e+03  1.79993883e+02
 3.98107171e+03  4.63857029e+01  3.98107171e+03  1.79993395e+02
 4.29866235e+03  4.63857050e+01  4.29866235e+03  1.79992868e+02
 4.64158883e+03  4.63857074e+01  4.64158883e+03  1.79992299e+02
 5.01187234e+03  4.63857100e+01  5.01187234e+03  1.79991685e+02
 5.41169527e+03  4.63857134e+01  5.41169527e+03  1.79991021e+02
 5.84341413e+03  4.63857170e+01  5.84341413e+03  1.79990305e+02
 6.30957344e+03  4.63857214e+01  6.30957344e+03  1.79989531e+02
 6.81292069e+03  4.63857265e+01  6.81292069e+03  1.79988696e+02
 7.35642254e+03  4.63857325e+01  7.35642254e+03  1.79987795e+02
 7.94328235e+03  4.63857394e+01  7.94328235e+03  1.79986821e+02
 8.57695899e+03  4.63857475e+01  8.57695899e+03  1.79985769e+02
 9.26118728e+03  4.63857570e+01  9.26118728e+03  1.79984634e+02
 1.00000000e+04  4.63857686e+01  1.00000000e+04  1.79983408e+02
 1.07977516e+04  4.63857802e+01  1.07977516e+04  1.79982085e+02
 1.16591440e+04  4.63857958e+01  1.16591440e+04  1.79980655e+02
 1.25892541e+04  4.63858133e+01  1.25892541e+04  1.79979112e+02
 1.35935639e+04  4.63858347e+01  1.35935639e+04  1.79977445e+02
 1.46779927e+04  4.63858586e+01  1.46779927e+04  1.79975646e+02
 1.58489319e+04  4.63858851e+01  1.58489319e+04  1.79973703e+02
 1.71132830e+04  4.63859190e+01  1.71132830e+04  1.79971605e+02
 1.84784980e+04  4.63859550e+01  1.84784980e+04  1.79969340e+02
 1.99526231e+04  4.63859966e+01  1.99526231e+04  1.79966894e+02
 2.15443469e+04  4.63860500e+01  2.15443469e+04  1.79964252e+02
 2.32630507e+04  4.63861096e+01  2.32630507e+04  1.79961400e+02
 2.51188643e+04  4.63861755e+01  2.51188643e+04  1.79958320e+02
 2.71227258e+04  4.63862602e+01  2.71227258e+04  1.79954994e+02
 2.92864456e+04  4.63863548e+01  2.92864456e+04  1.79951403e+02
 3.16227766e+04  4.63864592e+01  3.16227766e+04  1.79947525e+02
 3.41454887e+04  4.63865935e+01  3.41454887e+04  1.79943337e+02
 3.68694506e+04  4.63867433e+01  3.68694506e+04  1.79938815e+02
 3.98107171e+04  4.63869180e+01  3.98107171e+04  1.79933932e+02
 4.29866235e+04  4.63871322e+01  4.29866235e+04  1.79928658e+02
 4.64158883e+04  4.63873591e+01  4.64158883e+04  1.79922963e+02
 5.01187234e+04  4.63876359e+01  5.01187234e+04  1.79916813e+02
 5.41169527e+04  4.63879419e+01  5.41169527e+04  1.79910172e+02
 5.84341413e+04  4.63883547e+01  5.84341413e+04  1.79902996e+02
 6.30957344e+04  4.63887740e+01  6.30957344e+04  1.79895250e+02
 6.81292069e+04  4.63892857e+01  6.81292069e+04  1.79886882e+02
 7.35642254e+04  4.63898511e+01  7.35642254e+04  1.79877844e+02
 7.94328235e+04  4.63906142e+01  7.94328235e+04  1.79868078e+02
 8.57695899e+04  4.63913467e+01  8.57695899e+04  1.79857533e+02
 9.26118728e+04  4.63923349e+01  9.26118728e+04  1.79846138e+02
 1.00000000e+05  4.63934952e+01  1.00000000e+05  1.79833824e+02
 1.07977516e+05  4.63947238e+01  1.07977516e+05  1.79820523e+02
 1.16591440e+05  4.63962235e+01  1.16591440e+05  1.79806147e+02
 1.25892541e+05  4.63979723e+01  1.25892541e+05  1.79790609e+02
 1.35935639e+05  4.63999054e+01  1.35935639e+05  1.79773812e+02
 1.46779927e+05  4.64025140e+01  1.46779927e+05  1.79755644e+02
 1.58489319e+05  4.64051638e+01  1.58489319e+05  1.79736010e+02
 1.71132830e+05  4.64082302e+01  1.71132830e+05  1.79714765e+02
 1.84784980e+05  4.64121717e+01  1.84784980e+05  1.79691776e+02
 1.99526231e+05  4.64168023e+01  1.99526231e+05  1.79666880e+02
 2.15443469e+05  4.64217075e+01  2.15443469e+05  1.79639948e+02
 2.32630507e+05  4.64276969e+01  2.32630507e+05  1.79610756e+02
 2.51188643e+05  4.64346857e+01  2.51188643e+05  1.79579114e+02
 2.71227258e+05  4.64428416e+01  2.71227258e+05  1.79544794e+02
 2.92864456e+05  4.64523592e+01  2.92864456e+05  1.79507541e+02
 3.16227766e+05  4.64628936e+01  3.16227766e+05  1.79467059e+02
 3.41454887e+05  4.64764402e+01  3.41454887e+05  1.79423060e+02
 3.68694506e+05  4.64908049e+01  3.68694506e+05  1.79375126e+02
 3.98107171e+05  4.65083676e+01  3.98107171e+05  1.79322885e+02
 4.29866235e+05  4.65288887e+01  4.29866235e+05  1.79265844e+02
 4.64158883e+05  4.65541179e+01  4.64158883e+05  1.79203491e+02
 5.01187234e+05  4.65838171e+01  5.01187234e+05  1.79134958e+02
 5.41169527e+05  4.66154306e+01  5.41169527e+05  1.79059981e+02
 5.84341413e+05  4.66560914e+01  5.84341413e+05  1.78976964e+02
 6.30957344e+05  4.66994596e+01  6.30957344e+05  1.78885713e+02
 6.81292069e+05  4.67526111e+01  6.81292069e+05  1.78784217e+02
 7.35642254e+05  4.68180942e+01  7.35642254e+05  1.78670673e+02
 7.94328235e+05  4.68882604e+01  7.94328235e+05  1.78544580e+02
 8.57695899e+05  4.69702211e+01  8.57695899e+05  1.78401818e+02
 9.26118728e+05  4.70809599e+01  9.26118728e+05  1.78239773e+02
 1.00000000e+06  4.72016779e+01  1.00000000e+06  1.78055377e+02
 1.07977516e+06  4.73377867e+01  1.07977516e+06  1.77844709e+02
 1.16591440e+06  4.75060763e+01  1.16591440e+06  1.77598628e+02
 1.25892541e+06  4.76972335e+01  1.25892541e+06  1.77308788e+02
 1.35935639e+06  4.79456626e+01  1.35935639e+06  1.76966097e+02
 1.46779927e+06  4.82329714e+01  1.46779927e+06  1.76551586e+02
 1.58489319e+06  4.85798802e+01  1.58489319e+06  1.76042927e+02
 1.71132830e+06  4.90018843e+01  1.71132830e+06  1.75406047e+02
 1.84784980e+06  4.95198683e+01  1.84784980e+06  1.74589098e+02
 1.99526231e+06  5.01631737e+01  1.99526231e+06  1.73509476e+02
 2.15443469e+06  5.09739822e+01  2.15443469e+06  1.72027970e+02
 2.32630507e+06  5.19850702e+01  2.32630507e+06  1.69888429e+02
 2.51188643e+06  5.33903058e+01  2.51188643e+06  1.66595195e+02
 2.71227258e+06  5.53018821e+01  2.71227258e+06  1.60952232e+02
 2.92864456e+06  5.78196006e+01  2.92864456e+06  1.49925224e+02
 3.16227766e+06  6.11193736e+01  3.16227766e+06  1.23857745e+02
 3.41454887e+06  6.11675294e+01  3.41454887e+06  7.53238858e+01
 3.68694506e+06  5.67563563e+01  3.68694506e+06  4.28215321e+01
 3.98107171e+06  5.26594581e+01  3.98107171e+06  2.94087906e+01
 4.29866235e+06  4.92790773e+01  4.29866235e+06  2.29804089e+01
 4.64158883e+06  4.65719012e+01  4.64158883e+06  1.93723894e+01
 5.01187234e+06  4.39857481e+01  5.01187234e+06  1.73142335e+01
 5.41169527e+06  4.19390769e+01  5.41169527e+06  1.58796014e+01
 5.84341413e+06  3.97394968e+01  5.84341413e+06  1.51912341e+01
 6.30957344e+06  3.78382245e+01  6.30957344e+06  1.47359503e+01
 6.81292069e+06  3.60364419e+01  6.81292069e+06  1.45429608e+01
 7.35642254e+06  3.39942080e+01  7.35642254e+06  1.42281352e+01
 7.94328235e+06  3.29999940e+01  7.94328235e+06  1.43271818e+01
 8.57695899e+06  3.10233121e+01  8.57695899e+06  1.50888201e+01
 9.26118728e+06  2.94367971e+01  9.26118728e+06  1.55800714e+01
 1.00000000e+07  2.78768835e+01  1.00000000e+07  1.62085693e+01
 1.07977516e+07  2.69841662e+01  1.07977516e+07  1.59081530e+01
 1.16591440e+07  2.39815293e+01  1.16591440e+07  1.66208176e+01
 1.25892541e+07  2.41602227e+01  1.25892541e+07  1.72742000e+01
 1.35935639e+07  2.17760765e+01  1.35935639e+07  2.02186179e+01
 1.46779927e+07  2.14186811e+01  1.46779927e+07  1.89815732e+01
 1.58489319e+07  1.87318466e+01  1.58489319e+07  2.33266260e+01
 1.71132830e+07  1.71978459e+01  1.71132830e+07  2.52395699e+01
 1.84784980e+07  1.33017672e+01  1.84784980e+07  2.20930898e+01
 1.99526231e+07  1.40714762e+01  1.99526231e+07  3.00699531e+01
 2.15443469e+07  1.48217599e+01  2.15443469e+07  2.46605655e+01
 2.32630507e+07  1.08544414e+01  2.32630507e+07  3.67148034e+01
 2.51188643e+07  9.20966628e+00  2.51188643e+07  4.10383795e+01
 2.71227258e+07  7.54871749e+00  2.71227258e+07  4.61952684e+01
 2.92864456e+07  5.88252848e+00  2.92864456e+07  5.25198887e+01
 3.16227766e+07  -9.77910209e+00  3.16227766e+07  1.61448049e+01
 3.41454887e+07  7.18271334e+00  3.41454887e+07  3.46756740e+01
 3.68694506e+07  1.38507023e+00  3.68694506e+07  8.03506598e+01
 3.98107171e+07  -8.23261290e+00  3.98107171e+07  2.37018648e+02
 4.29866235e+07  -2.48817944e-01  4.29866235e+07  1.05561249e+02
 4.64158883e+07  -4.76723826e-01  4.64158883e+07  1.17872284e+02
 5.01187234e+07  -4.12387565e-01  5.01187234e+07  1.28878281e+02
 5.41169527e+07  -9.32219542e-02  5.41169527e+07  1.38362179e+02
 5.84341413e+07  2.46659947e-01  5.84341413e+07  1.46254612e+02
 6.30957344e+07  -4.09369619e+00  6.30957344e+07  2.33165943e+01
 6.81292069e+07  -3.56124091e+00  6.81292069e+07  6.59115439e+01
 7.35642254e+07  -1.63862784e+00  7.35642254e+07  2.44938583e+02
 7.94328235e+07  -5.29725642e+00  7.94328235e+07  7.68795159e+01
 8.57695899e+07  2.12986545e+00  8.57695899e+07  1.70873242e+02
 9.26118728e+07  -6.57178130e+00  9.26118728e+07  8.86548046e+01
 1.00000000e+08  -2.48679066e+00  1.00000000e+08  2.52671763e+02
 1.07977516e+08  3.21258212e+00  1.07977516e+08  1.79348293e+02
 1.16591440e+08  3.50898471e+00  1.16591440e+08  1.81601402e+02
 1.25892541e+08  3.77118302e+00  1.25892541e+08  1.83555381e+02
 1.35935639e+08  4.14893616e+00  1.35935639e+08  1.85300637e+02
 1.46779927e+08  4.40464035e+00  1.46779927e+08  1.86770862e+02
 1.58489319e+08  4.73638691e+00  1.58489319e+08  1.87899341e+02
 1.71132830e+08  -8.03900893e+00  1.71132830e+08  1.15090460e+02
 1.84784980e+08  -8.13642060e+00  1.84784980e+08  1.15817290e+02
 1.99526231e+08  -6.07271991e+00  1.99526231e+08  2.64116409e+02
 2.15443469e+08  5.82065561e+00  2.15443469e+08  1.89617158e+02
 2.32630507e+08  -7.02735665e+00  2.32630507e+08  2.65186663e+02
 2.51188643e+08  6.28779782e+00  2.51188643e+08  1.88886672e+02
 2.71227258e+08  -9.15186231e+00  2.71227258e+08  1.11821305e+02
 2.92864456e+08  -9.50451077e+00  2.92864456e+08  1.10805746e+02
 3.16227766e+08  -9.90043089e+00  3.16227766e+08  1.09405415e+02
 3.41454887e+08  7.22899439e+00  3.41454887e+08  1.85669368e+02
 3.68694506e+08  7.64626178e+00  3.68694506e+08  1.84964323e+02
 3.98107171e+08  7.71325896e+00  3.98107171e+08  1.84017671e+02
 4.29866235e+08  7.10037427e+00  4.29866235e+08  1.83499797e+02
 4.64158883e+08  -1.24469899e+01  4.64158883e+08  1.02613829e+02
 5.01187234e+08  7.52757771e+00  5.01187234e+08  1.81905214e+02
 5.41169527e+08  -1.36274911e+01  5.41169527e+08  9.98740386e+01
 5.84341413e+08  9.60713953e+00  5.84341413e+08  1.81033187e+02
 6.30957344e+08  -1.59225309e+01  6.30957344e+08  2.63190469e+02
 6.81292069e+08  -1.54774928e+01  6.81292069e+08  9.65558088e+01
 7.35642254e+08  -1.61046482e+01  7.35642254e+08  9.43148755e+01
 7.94328235e+08  9.14390765e+00  7.94328235e+08  1.79063830e+02
 8.57695899e+08  -1.73780928e+01  8.57695899e+08  9.40940542e+01
 9.26118728e+08  -1.80186584e+01  9.26118728e+08  9.48949590e+01
 1.00000000e+09  7.28947972e+00  1.00000000e+09  1.79589173e+02
