 1.00000000e+00  4.63856906e+01  1.00000000e+00  1.79999998e+02
 1.07977516e+00  4.63856906e+01  1.07977516e+00  1.79999998e+02
 1.16591440e+00  4.63856906e+01  1.16591440e+00  1.79999998e+02
 1.25892541e+00  4.63856906e+01  1.25892541e+00  1.79999998e+02
 1.35935639e+00  4.63856906e+01  1.35935639e+00  1.79999998e+02
 1.46779927e+00  4.63856906e+01  1.46779927e+00  1.79999998e+02
 1.58489319e+00  4.63856906e+01  1.58489319e+00  1.79999997e+02
 1.71132830e+00  4.63856906e+01  1.71132830e+00  1.79999997e+02
 1.84784980e+00  4.63856906e+01  1.84784980e+00  1.79999997e+02
 1.99526231e+00  4.63856906e+01  1.99526231e+00  1.79999997e+02
 2.15443469e+00  4.63856906e+01  2.15443469e+00  1.79999997e+02
 2.32630507e+00  4.63856906e+01  2.32630507e+00  1.79999996e+02
 2.51188643e+00  4.63856906e+01  2.51188643e+00  1.79999996e+02
 2.71227258e+00  4.63856906e+01  2.71227258e+00  1.79999996e+02
 2.92864456e+00  4.63856906e+01  2.92864456e+00  1.79999995e+02
 3.16227766e+00  4.63856906e+01  3.16227766e+00  1.79999995e+02
 3.41454887e+00  4.63856906e+01  3.41454887e+00  1.79999994e+02
 3.68694506e+00  4.63856906e+01  3.68694506e+00  1.79999994e+02
 3.98107171e+00  4.63856906e+01  3.98107171e+00  1.79999994e+02
 4.29866235e+00  4.63856906e+01  4.29866235e+00  1.79999993e+02
 4.64158883e+00  4.63856906e+01  4.64158883e+00  1.79999992e+02
 5.01187234e+00  4.63856906e+01  5.01187234e+00  1.79999992e+02
 5.41169527e+00  4.63856906e+01  5.41169527e+00  1.79999991e+02
 5.84341413e+00  4.63856906e+01  5.84341413e+00  1.79999991e+02
 6.30957344e+00  4.63856906e+01  6.30957344e+00  1.79999990e+02
 6.81292069e+00  4.63856906e+01  6.81292069e+00  1.79999989e+02
 7.35642254e+00  4.63856906e+01  7.35642254e+00  1.79999988e+02
 7.94328235e+00  4.63856906e+01  7.94328235e+00  1.79999987e+02
 8.57695899e+00  4.63856906e+01  8.57695899e+00  1.79999986e+02
 9.26118728e+00  4.63856906e+01  9.26118728e+00  1.79999985e+02
 1.00000000e+01  4.63856906e+01  1.00000000e+01  1.79999984e+02
 1.07977516e+01  4.63856906e+01  1.07977516e+01  1.79999983e+02
 1.16591440e+01  4.63856906e+01  1.16591440e+01  1.79999981e+02
 1.25892541e+01  4.63856906e+01  1.25892541e+01  1.79999980e+02
 1.35935639e+01  4.63856906e+01  1.35935639e+01  1.79999978e+02
 1.46779927e+01  4.63856906e+01  1.46779927e+01  1.79999976e+02
 1.58489319e+01  4.63856906e+01  1.58489319e+01  1.79999974e+02
 1.71132830e+01  4.63856906e+01  1.71132830e+01  1.79999972e+02
 1.84784980e+01  4.63856906e+01  1.84784980e+01  1.79999970e+02
 1.99526231e+01  4.63856906e+01  1.99526231e+01  1.79999968e+02
 2.15443469e+01  4.63856906e+01  2.15443469e+01  1.79999965e+02
 2.32630507e+01  4.63856906e+01  2.32630507e+01  1.79999962e+02
 2.51188643e+01  4.63856906e+01  2.51188643e+01  1.79999959e+02
 2.71227258e+01  4.63856906e+01  2.71227258e+01  1.79999956e+02
 2.92864456e+01  4.63856906e+01  2.92864456e+01  1.79999953e+02
 3.16227766e+01  4.63856906e+01  3.16227766e+01  1.79999949e+02
 3.41454887e+01  4.63856906e+01  3.41454887e+01  1.79999945e+02
 3.68694506e+01  4.63856906e+01  3.68694506e+01  1.79999940e+02
 3.98107171e+01  4.63856906e+01  3.98107171e+01  1.79999936e+02
 4.29866235e+01  4.63856906e+01  4.29866235e+01  1.79999930e+02
 4.64158883e+01  4.63856906e+01  4.64158883e+01  1.79999925e+02
 5.01187234e+01  4.63856906e+01  5.01187234e+01  1.79999919e+02
 5.41169527e+01  4.63856906e+01  5.41169527e+01  1.79999912e+02
 5.84341413e+01  4.63856906e+01  5.84341413e+01  1.79999905e+02
 6.30957344e+01  4.63856906e+01  6.30957344e+01  1.79999898e+02
 6.81292069e+01  4.63856906e+01  6.81292069e+01  1.79999890e+02
 7.35642254e+01  4.63856906e+01  7.35642254e+01  1.79999881e+02
 7.94328235e+01  4.63856906e+01  7.94328235e+01  1.79999871e+02
 8.57695899e+01  4.63856906e+01  8.57695899e+01  1.79999861e+02
 9.26118728e+01  4.63856906e+01  9.26118728e+01  1.79999850e+02
 1.00000000e+02  4.63856906e+01  1.00000000e+02  1.79999838e+02
 1.07977516e+02  4.63856906e+01  1.07977516e+02  1.79999825e+02
 1.16591440e+02  4.63856906e+01  1.16591440e+02  1.79999811e+02
 1.25892541e+02  4.63856906e+01  1.25892541e+02  1.79999796e+02
 1.35935639e+02  4.63856906e+01  1.35935639e+02  1.79999780e+02
 1.46779927e+02  4.63856906e+01  1.46779927e+02  1.79999763e+02
 1.58489319e+02  4.63856906e+01  1.58489319e+02  1.79999744e+02
 1.71132830e+02  4.63856906e+01  1.71132830e+02  1.79999723e+02
 1.84784980e+02  4.63856906e+01  1.84784980e+02  1.79999701e+02
 1.99526231e+02  4.63856906e+01  1.99526231e+02  1.79999677e+02
 2.15443469e+02  4.63856906e+01  2.15443469e+02  1.79999651e+02
 2.32630507e+02  4.63856906e+01  2.32630507e+02  1.79999624e+02
 2.51188643e+02  4.63856906e+01  2.51188643e+02  1.79999594e+02
 2.71227258e+02  4.63856906e+01  2.71227258e+02  1.79999561e+02
 2.92864456e+02  4.63856906e+01  2.92864456e+02  1.79999526e+02
 3.16227766e+02  4.63856906e+01  3.16227766e+02  1.79999488e+02
 3.41454887e+02  4.63856906e+01  3.41454887e+02  1.79999448e+02
 3.68694506e+02  4.63856907e+01  3.68694506e+02  1.79999404e+02
 3.98107171e+02  4.63856907e+01  3.98107171e+02  1.79999356e+02
 4.29866235e+02  4.63856907e+01  4.29866235e+02  1.79999305e+02
 4.64158883e+02  4.63856907e+01  4.64158883e+02  1.79999249e+02
 5.01187234e+02  4.63856907e+01  5.01187234e+02  1.79999189e+02
 5.41169527e+02  4.63856908e+01  5.41169527e+02  1.79999125e+02
 5.84341413e+02  4.63856908e+01  5.84341413e+02  1.79999055e+02
 6.30957344e+02  4.63856909e+01  6.30957344e+02  1.79998979e+02
 6.81292069e+02  4.63856909e+01  6.81292069e+02  1.79998898e+02
 7.35642254e+02  4.63856910e+01  7.35642254e+02  1.79998810e+02
 7.94328235e+02  4.63856910e+01  7.94328235e+02  1.79998715e+02
 8.57695899e+02  4.63856911e+01  8.57695899e+02  1.79998612e+02
 9.26118728e+02  4.63856912e+01  9.26118728e+02  1.79998502e+02
 1.00000000e+03  4.63856913e+01  1.00000000e+03  1.79998382e+02
 1.07977516e+03  4.63856915e+01  1.07977516e+03  1.79998253e+02
 1.16591440e+03  4.63856916e+01  1.16591440e+03  1.79998114e+02
 1.25892541e+03  4.63856918e+01  1.25892541e+03  1.79997963e+02
 1.35935639e+03  4.63856920e+01  1.35935639e+03  1.79997801e+02
 1.46779927e+03  4.63856922e+01  1.46779927e+03  1.79997626e+02
 1.58489319e+03  4.63856925e+01  1.58489319e+03  1.79997436e+02
 1.71132830e+03  4.63856928e+01  1.71132830e+03  1.79997232e+02
 1.84784980e+03  4.63856932e+01  1.84784980e+03  1.79997011e+02
 1.99526231e+03  4.63856936e+01  1.99526231e+03  1.79996772e+02
 2.15443469e+03  4.63856941e+01  2.15443469e+03  1.79996515e+02
 2.32630507e+03  4.63856948e+01  2.32630507e+03  1.79996237e+02
 2.51188643e+03  4.63856955e+01  2.51188643e+03  1.79995936e+02
 2.71227258e+03  4.63856963e+01  2.71227258e+03  1.79995612e+02
 2.92864456e+03  4.63856973e+01  2.92864456e+03  1.79995262e+02
 3.16227766e+03  4.63856983e+01  3.16227766e+03  1.79994884e+02
 3.41454887e+03  4.63856996e+01  3.41454887e+03  1.79994476e+02
 3.68694506e+03  4.63857011e+01  3.68694506e+03  1.79994036e+02
 3.98107171e+03  4.63857028e+01  3.98107171e+03  1.79993560e+02
 4.29866235e+03  4.63857049e+01  4.29866235e+03  1.79993046e+02
 4.64158883e+03  4.63857073e+01  4.64158883e+03  1.79992491e+02
 5.01187234e+03  4.63857102e+01  5.01187234e+03  1.79991892e+02
 5.41169527e+03  4.63857133e+01  5.41169527e+03  1.79991245e+02
 5.84341413e+03  4.63857170e+01  5.84341413e+03  1.79990547e+02
 6.30957344e+03  4.63857217e+01  6.30957344e+03  1.79989793e+02
 6.81292069e+03  4.63857266e+01  6.81292069e+03  1.79988978e+02
 7.35642254e+03  4.63857325e+01  7.35642254e+03  1.79988099e+02
 7.94328235e+03  4.63857395e+01  7.94328235e+03  1.79987150e+02
 8.57695899e+03  4.63857480e+01  8.57695899e+03  1.79986125e+02
 9.26118728e+03  4.63857571e+01  9.26118728e+03  1.79985018e+02
 1.00000000e+04  4.63857687e+01  1.00000000e+04  1.79983822e+02
 1.07977516e+04  4.63857817e+01  1.07977516e+04  1.79982532e+02
 1.16591440e+04  4.63857960e+01  1.16591440e+04  1.79981138e+02
 1.25892541e+04  4.63858135e+01  1.25892541e+04  1.79979633e+02
 1.35935639e+04  4.63858350e+01  1.35935639e+04  1.79978008e+02
 1.46779927e+04  4.63858564e+01  1.46779927e+04  1.79976254e+02
 1.58489319e+04  4.63858868e+01  1.58489319e+04  1.79974359e+02
 1.71132830e+04  4.63859177e+01  1.71132830e+04  1.79972314e+02
 1.84784980e+04  4.63859534e+01  1.84784980e+04  1.79970105e+02
 1.99526231e+04  4.63860017e+01  1.99526231e+04  1.79967720e+02
 2.15443469e+04  4.63860533e+01  2.15443469e+04  1.79965144e+02
 2.32630507e+04  4.63861135e+01  2.32630507e+04  1.79962363e+02
 2.51188643e+04  4.63861762e+01  2.51188643e+04  1.79959361e+02
 2.71227258e+04  4.63862654e+01  2.71227258e+04  1.79956117e+02
 2.92864456e+04  4.63863507e+01  2.92864456e+04  1.79952616e+02
 3.16227766e+04  4.63864602e+01  3.16227766e+04  1.79948835e+02
 3.41454887e+04  4.63865948e+01  3.41454887e+04  1.79944751e+02
 3.68694506e+04  4.63867448e+01  3.68694506e+04  1.79940342e+02
 3.98107171e+04  4.63869198e+01  3.98107171e+04  1.79935581e+02
 4.29866235e+04  4.63871346e+01  4.29866235e+04  1.79930438e+02
 4.64158883e+04  4.63873743e+01  4.64158883e+04  1.79924885e+02
 5.01187234e+04  4.63876241e+01  5.01187234e+04  1.79918889e+02
 5.41169527e+04  4.63879622e+01  5.41169527e+04  1.79912412e+02
 5.84341413e+04  4.63883391e+01  5.84341413e+04  1.79905417e+02
 6.30957344e+04  4.63887786e+01  6.30957344e+04  1.79897863e+02
 6.81292069e+04  4.63892911e+01  6.81292069e+04  1.79889703e+02
 7.35642254e+04  4.63898567e+01  7.35642254e+04  1.79880890e+02
 7.94328235e+04  4.63905853e+01  7.94328235e+04  1.79871369e+02
 8.57695899e+04  4.63913977e+01  8.57695899e+04  1.79861084e+02
 9.26118728e+04  4.63923449e+01  9.26118728e+04  1.79849972e+02
 1.00000000e+05  4.63934494e+01  1.00000000e+05  1.79837967e+02
 1.07977516e+05  4.63947374e+01  1.07977516e+05  1.79824994e+02
 1.16591440e+05  4.63962392e+01  1.16591440e+05  1.79810974e+02
 1.25892541e+05  4.63980841e+01  1.25892541e+05  1.79795816e+02
 1.35935639e+05  4.64000331e+01  1.35935639e+05  1.79779439e+02
 1.46779927e+05  4.64024149e+01  1.46779927e+05  1.79761727e+02
 1.58489319e+05  4.64053409e+01  1.58489319e+05  1.79742563e+02
 1.71132830e+05  4.64084326e+01  1.71132830e+05  1.79721848e+02
 1.84784980e+05  4.64124125e+01  1.84784980e+05  1.79699412e+02
 1.99526231e+05  4.64163847e+01  1.99526231e+05  1.79675150e+02
 2.15443469e+05  4.64214877e+01  2.15443469e+05  1.79648862e+02
 2.32630507e+05  4.64274416e+01  2.32630507e+05  1.79620380e+02
 2.51188643e+05  4.64343879e+01  2.51188643e+05  1.79589503e+02
 2.71227258e+05  4.64433602e+01  2.71227258e+05  1.79555978e+02
 2.92864456e+05  4.64519536e+01  2.92864456e+05  1.79519645e+02
 3.16227766e+05  4.64635854e+01  3.16227766e+05  1.79480139e+02
 3.41454887e+05  4.64765757e+01  3.41454887e+05  1.79437167e+02
 3.68694506e+05  4.64925458e+01  3.68694506e+05  1.79390297e+02
 3.98107171e+05  4.65094639e+01  3.98107171e+05  1.79339343e+02
 4.29866235e+05  4.65301673e+01  4.29866235e+05  1.79283611e+02
 4.64158883e+05  4.65530970e+01  4.64158883e+05  1.79222604e+02
 5.01187234e+05  4.65841426e+01  5.01187234e+05  1.79155579e+02
 5.41169527e+05  4.66157725e+01  5.41169527e+05  1.79082257e+02
 5.84341413e+05  4.66525157e+01  5.84341413e+05  1.79001179e+02
 6.30957344e+05  4.66999235e+01  6.30957344e+05  1.78911627e+02
 6.81292069e+05  4.67531501e+01  6.81292069e+05  1.78812160e+02
 7.35642254e+05  4.68156068e+01  7.35642254e+05  1.78701273e+02
 7.94328235e+05  4.68889910e+01  7.94328235e+05  1.78577045e+02
 8.57695899e+05  4.69796376e+01  8.57695899e+05  1.78436200e+02
 9.26118728e+05  4.70820598e+01  9.26118728e+05  1.78277278e+02
 1.00000000e+06  4.72029593e+01  1.00000000e+06  1.78095723e+02
 1.07977516e+06  4.73391264e+01  1.07977516e+06  1.77888349e+02
 1.16591440e+06  4.75076322e+01  1.16591440e+06  1.77645558e+02
 1.25892541e+06  4.76988282e+01  1.25892541e+06  1.77359563e+02
 1.35935639e+06  4.79477779e+01  1.35935639e+06  1.77020254e+02
 1.46779927e+06  4.82353995e+01  1.46779927e+06  1.76609692e+02
 1.58489319e+06  4.85974410e+01  1.58489319e+06  1.76099465e+02
 1.71132830e+06  4.90051693e+01  1.71132830e+06  1.75472689e+02
 1.84784980e+06  4.95436680e+01  1.84784980e+06  1.74651053e+02
 1.99526231e+06  5.01908726e+01  1.99526231e+06  1.73573587e+02
 2.15443469e+06  5.09790361e+01  2.15443469e+06  1.72108906e+02
 2.32630507e+06  5.19903100e+01  2.32630507e+06  1.69976491e+02
 2.51188643e+06  5.34336309e+01  2.51188643e+06  1.66660168e+02
 2.71227258e+06  5.53105071e+01  2.71227258e+06  1.61044618e+02
 2.92864456e+06  5.78276523e+01  2.92864456e+06  1.50030432e+02
 3.16227766e+06  6.11307024e+01  3.16227766e+06  1.23957957e+02
 3.41454887e+06  6.11795310e+01  3.41454887e+06  7.54342575e+01
 3.68694506e+06  5.68439007e+01  3.68694506e+06  4.30025181e+01
 3.98107171e+06  5.26751151e+01  3.98107171e+06  2.95262624e+01
 4.29866235e+06  4.92968758e+01  4.29866235e+06  2.31001004e+01
 4.64158883e+06  4.64696494e+01  4.64158883e+06  1.95575980e+01
 5.01187234e+06  4.42839301e+01  5.01187234e+06  1.70351344e+01
 5.41169527e+06  4.19657018e+01  5.41169527e+06  1.59748164e+01
 5.84341413e+06  3.97676592e+01  5.84341413e+06  1.53039506e+01
 6.30957344e+06  3.76360072e+01  6.30957344e+06  1.46579172e+01
 6.81292069e+06  3.57982429e+01  6.81292069e+06  1.44083535e+01
 7.35642254e+06  3.40299949e+01  7.35642254e+06  1.43514981e+01
 7.94328235e+06  3.26849270e+01  7.94328235e+06  1.48075897e+01
 8.57695899e+06  3.14778418e+01  8.57695899e+06  1.45496601e+01
 9.26118728e+06  2.89738942e+01  9.26118728e+06  1.50170483e+01
 1.00000000e+07  2.79267206e+01  1.00000000e+07  1.61909761e+01
 1.07977516e+07  2.70268017e+01  1.07977516e+07  1.57995321e+01
 1.16591440e+07  2.40416073e+01  1.16591440e+07  1.66219503e+01
 1.25892541e+07  2.33451327e+01  1.25892541e+07  1.88366372e+01
 1.35935639e+07  2.18293345e+01  1.35935639e+07  2.00348715e+01
 1.46779927e+07  2.03084236e+01  1.46779927e+07  2.14214529e+01
 1.58489319e+07  2.01031480e+01  1.58489319e+07  1.96511178e+01
 1.71132830e+07  1.53257991e+01  1.71132830e+07  2.08173321e+01
 1.84784980e+07  1.56837221e+01  1.84784980e+07  2.70634079e+01
 1.99526231e+07  1.41037811e+01  1.99526231e+07  2.95843826e+01
 2.15443469e+07  1.48214522e+01  2.15443469e+07  2.42784841e+01
 2.32630507e+07  1.08650857e+01  2.32630507e+07  3.61222724e+01
 2.51188643e+07  9.20869571e+00  2.51188643e+07  4.03874550e+01
 2.71227258e+07  7.52349329e+00  2.71227258e+07  4.55224232e+01
 2.92864456e+07  9.67699101e+00  2.92864456e+07  3.04953247e+01
 3.16227766e+07  -9.39722823e+00  3.16227766e+07  1.39416523e+01
 3.41454887e+07  7.13197894e+00  3.41454887e+07  3.44332740e+01
 3.68694506e+07  5.87521984e+00  3.68694506e+07  3.66256016e+01
 3.98107171e+07  -8.26521685e+00  3.98107171e+07  -1.21032364e+02
 4.29866235e+07  3.44395779e+00  4.29866235e+07  1.68687887e+01
 4.64158883e+07  -5.77173819e-01  4.64158883e+07  1.18133490e+02
 5.01187234e+07  -4.68416316e-01  5.01187234e+07  1.29349729e+02
 5.41169527e+07  -2.30555137e+00  5.41169527e+07  2.38018013e+02
 5.84341413e+07  -1.46594080e+00  5.84341413e+07  4.16237248e+02
 6.30957344e+07  -2.56159193e+00  6.30957344e+07  4.20928397e+02
 6.81292069e+07  9.99577443e-01  6.81292069e+07  5.18801286e+02
 7.35642254e+07  1.43337055e+00  7.35642254e+07  5.23484415e+02
 7.94328235e+07  1.82258664e+00  7.94328235e+07  5.27555911e+02
 8.57695899e+07  2.10699491e+00  8.57695899e+07  5.31145925e+02
 9.26118728e+07  -6.56238673e+00  9.26118728e+07  4.48789325e+02
 1.00000000e+08  -2.47183156e+00  1.00000000e+08  6.12833478e+02
 1.07977516e+08  -2.80316539e+00  1.07977516e+08  6.14666850e+02
 1.16591440e+08  3.54093930e+00  1.16591440e+08  5.41674387e+02
 1.25892541e+08  3.90482263e+00  1.25892541e+08  5.43664472e+02
 1.35935639e+08  4.16068661e+00  1.35935639e+08  5.45386928e+02
 1.46779927e+08  4.40958815e+00  1.46779927e+08  5.46868218e+02
 1.58489319e+08  -9.24949209e+00  1.58489319e+08  6.30296023e+02
 1.71132830e+08  -8.02027951e+00  1.71132830e+08  4.75160617e+02
 1.84784980e+08  -8.13289652e+00  1.84784980e+08  4.76214052e+02
 1.99526231e+08  5.76095446e+00  1.99526231e+08  5.49556685e+02
 2.15443469e+08  -8.40197898e+00  2.15443469e+08  4.75266940e+02
 2.32630507e+08  -7.03289857e+00  2.32630507e+08  6.24695845e+02
 2.51188643e+08  -8.86024222e+00  2.51188643e+08  4.74007116e+02
 2.71227258e+08  -9.15633078e+00  2.71227258e+08  4.72422849e+02
 2.92864456e+08  -9.50436665e+00  2.92864456e+08  4.71493335e+02
 3.16227766e+08  -9.33448429e+00  3.16227766e+08  6.24121924e+02
 3.41454887e+08  -9.99483003e+00  3.41454887e+08  6.23883796e+02
 3.68694506e+08  -1.06740309e+01  3.68694506e+08  6.24283872e+02
 3.98107171e+08  7.73844793e+00  3.98107171e+08  5.43982329e+02
 4.29866235e+08  -1.21337688e+01  4.29866235e+08  6.22960573e+02
 4.64158883e+08  7.00262212e+00  4.64158883e+08  5.42751110e+02
 5.01187234e+08  7.52517084e+00  5.01187234e+08  5.41894560e+02
 5.41169527e+08  6.94393227e+00  5.41169527e+08  5.41587288e+02
 5.84341413e+08  -1.51550062e+01  5.84341413e+08  6.23872120e+02
 6.30957344e+08  -1.48447935e+01  6.30957344e+08  4.57006165e+02
 6.81292069e+08  3.78679086e+00  6.81292069e+08  5.40908967e+02
 7.35642254e+08  9.18649960e+00  7.35642254e+08  5.39739012e+02
 7.94328235e+08  9.13822661e+00  7.94328235e+08  5.39081388e+02
 8.57695899e+08  1.00608690e+01  8.57695899e+08  5.39374168e+02
 9.26118728e+08  5.46380810e+00  9.26118728e+08  5.39715068e+02
 1.00000000e+09  2.04071534e+00  1.00000000e+09  5.39661211e+02
