 1.00000000e+00  4.75977496e+01  1.00000000e+00  1.79999998e+02
 1.07977516e+00  4.75977496e+01  1.07977516e+00  1.79999998e+02
 1.16591440e+00  4.75977496e+01  1.16591440e+00  1.79999997e+02
 1.25892541e+00  4.75977496e+01  1.25892541e+00  1.79999997e+02
 1.35935639e+00  4.75977496e+01  1.35935639e+00  1.79999997e+02
 1.46779927e+00  4.75977496e+01  1.46779927e+00  1.79999997e+02
 1.58489319e+00  4.75977496e+01  1.58489319e+00  1.79999997e+02
 1.71132830e+00  4.75977496e+01  1.71132830e+00  1.79999996e+02
 1.84784980e+00  4.75977496e+01  1.84784980e+00  1.79999996e+02
 1.99526231e+00  4.75977496e+01  1.99526231e+00  1.79999996e+02
 2.15443469e+00  4.75977496e+01  2.15443469e+00  1.79999995e+02
 2.32630507e+00  4.75977496e+01  2.32630507e+00  1.79999995e+02
 2.51188643e+00  4.75977496e+01  2.51188643e+00  1.79999995e+02
 2.71227258e+00  4.75977496e+01  2.71227258e+00  1.79999994e+02
 2.92864456e+00  4.75977496e+01  2.92864456e+00  1.79999994e+02
 3.16227766e+00  4.75977496e+01  3.16227766e+00  1.79999993e+02
 3.41454887e+00  4.75977496e+01  3.41454887e+00  1.79999993e+02
 3.68694506e+00  4.75977496e+01  3.68694506e+00  1.79999992e+02
 3.98107171e+00  4.75977496e+01  3.98107171e+00  1.79999991e+02
 4.29866235e+00  4.75977496e+01  4.29866235e+00  1.79999991e+02
 4.64158883e+00  4.75977496e+01  4.64158883e+00  1.79999990e+02
 5.01187234e+00  4.75977496e+01  5.01187234e+00  1.79999989e+02
 5.41169527e+00  4.75977496e+01  5.41169527e+00  1.79999988e+02
 5.84341413e+00  4.75977496e+01  5.84341413e+00  1.79999987e+02
 6.30957344e+00  4.75977496e+01  6.30957344e+00  1.79999986e+02
 6.81292069e+00  4.75977496e+01  6.81292069e+00  1.79999985e+02
 7.35642254e+00  4.75977496e+01  7.35642254e+00  1.79999984e+02
 7.94328235e+00  4.75977496e+01  7.94328235e+00  1.79999983e+02
 8.57695899e+00  4.75977496e+01  8.57695899e+00  1.79999981e+02
 9.26118728e+00  4.75977496e+01  9.26118728e+00  1.79999980e+02
 1.00000000e+01  4.75977496e+01  1.00000000e+01  1.79999978e+02
 1.07977516e+01  4.75977496e+01  1.07977516e+01  1.79999977e+02
 1.16591440e+01  4.75977496e+01  1.16591440e+01  1.79999975e+02
 1.25892541e+01  4.75977496e+01  1.25892541e+01  1.79999973e+02
 1.35935639e+01  4.75977496e+01  1.35935639e+01  1.79999971e+02
 1.46779927e+01  4.75977496e+01  1.46779927e+01  1.79999968e+02
 1.58489319e+01  4.75977496e+01  1.58489319e+01  1.79999966e+02
 1.71132830e+01  4.75977496e+01  1.71132830e+01  1.79999963e+02
 1.84784980e+01  4.75977496e+01  1.84784980e+01  1.79999960e+02
 1.99526231e+01  4.75977496e+01  1.99526231e+01  1.79999957e+02
 2.15443469e+01  4.75977496e+01  2.15443469e+01  1.79999953e+02
 2.32630507e+01  4.75977496e+01  2.32630507e+01  1.79999950e+02
 2.51188643e+01  4.75977496e+01  2.51188643e+01  1.79999946e+02
 2.71227258e+01  4.75977496e+01  2.71227258e+01  1.79999941e+02
 2.92864456e+01  4.75977496e+01  2.92864456e+01  1.79999937e+02
 3.16227766e+01  4.75977496e+01  3.16227766e+01  1.79999932e+02
 3.41454887e+01  4.75977496e+01  3.41454887e+01  1.79999926e+02
 3.68694506e+01  4.75977496e+01  3.68694506e+01  1.79999920e+02
 3.98107171e+01  4.75977496e+01  3.98107171e+01  1.79999914e+02
 4.29866235e+01  4.75977496e+01  4.29866235e+01  1.79999907e+02
 4.64158883e+01  4.75977496e+01  4.64158883e+01  1.79999900e+02
 5.01187234e+01  4.75977496e+01  5.01187234e+01  1.79999892e+02
 5.41169527e+01  4.75977496e+01  5.41169527e+01  1.79999883e+02
 5.84341413e+01  4.75977496e+01  5.84341413e+01  1.79999874e+02
 6.30957344e+01  4.75977496e+01  6.30957344e+01  1.79999864e+02
 6.81292069e+01  4.75977496e+01  6.81292069e+01  1.79999853e+02
 7.35642254e+01  4.75977496e+01  7.35642254e+01  1.79999841e+02
 7.94328235e+01  4.75977496e+01  7.94328235e+01  1.79999828e+02
 8.57695899e+01  4.75977496e+01  8.57695899e+01  1.79999815e+02
 9.26118728e+01  4.75977496e+01  9.26118728e+01  1.79999800e+02
 1.00000000e+02  4.75977496e+01  1.00000000e+02  1.79999784e+02
 1.07977516e+02  4.75977496e+01  1.07977516e+02  1.79999767e+02
 1.16591440e+02  4.75977496e+01  1.16591440e+02  1.79999748e+02
 1.25892541e+02  4.75977496e+01  1.25892541e+02  1.79999728e+02
 1.35935639e+02  4.75977496e+01  1.35935639e+02  1.79999706e+02
 1.46779927e+02  4.75977496e+01  1.46779927e+02  1.79999683e+02
 1.58489319e+02  4.75977496e+01  1.58489319e+02  1.79999658e+02
 1.71132830e+02  4.75977496e+01  1.71132830e+02  1.79999630e+02
 1.84784980e+02  4.75977496e+01  1.84784980e+02  1.79999601e+02
 1.99526231e+02  4.75977496e+01  1.99526231e+02  1.79999569e+02
 2.15443469e+02  4.75977496e+01  2.15443469e+02  1.79999535e+02
 2.32630507e+02  4.75977496e+01  2.32630507e+02  1.79999498e+02
 2.51188643e+02  4.75977496e+01  2.51188643e+02  1.79999457e+02
 2.71227258e+02  4.75977497e+01  2.71227258e+02  1.79999414e+02
 2.92864456e+02  4.75977497e+01  2.92864456e+02  1.79999367e+02
 3.16227766e+02  4.75977497e+01  3.16227766e+02  1.79999317e+02
 3.41454887e+02  4.75977497e+01  3.41454887e+02  1.79999262e+02
 3.68694506e+02  4.75977497e+01  3.68694506e+02  1.79999204e+02
 3.98107171e+02  4.75977497e+01  3.98107171e+02  1.79999140e+02
 4.29866235e+02  4.75977497e+01  4.29866235e+02  1.79999071e+02
 4.64158883e+02  4.75977498e+01  4.64158883e+02  1.79998997e+02
 5.01187234e+02  4.75977498e+01  5.01187234e+02  1.79998917e+02
 5.41169527e+02  4.75977498e+01  5.41169527e+02  1.79998831e+02
 5.84341413e+02  4.75977499e+01  5.84341413e+02  1.79998738e+02
 6.30957344e+02  4.75977499e+01  6.30957344e+02  1.79998637e+02
 6.81292069e+02  4.75977500e+01  6.81292069e+02  1.79998528e+02
 7.35642254e+02  4.75977500e+01  7.35642254e+02  1.79998411e+02
 7.94328235e+02  4.75977501e+01  7.94328235e+02  1.79998284e+02
 8.57695899e+02  4.75977502e+01  8.57695899e+02  1.79998147e+02
 9.26118728e+02  4.75977503e+01  9.26118728e+02  1.79998000e+02
 1.00000000e+03  4.75977504e+01  1.00000000e+03  1.79997840e+02
 1.07977516e+03  4.75977505e+01  1.07977516e+03  1.79997668e+02
 1.16591440e+03  4.75977507e+01  1.16591440e+03  1.79997482e+02
 1.25892541e+03  4.75977509e+01  1.25892541e+03  1.79997281e+02
 1.35935639e+03  4.75977511e+01  1.35935639e+03  1.79997064e+02
 1.46779927e+03  4.75977513e+01  1.46779927e+03  1.79996830e+02
 1.58489319e+03  4.75977516e+01  1.58489319e+03  1.79996577e+02
 1.71132830e+03  4.75977520e+01  1.71132830e+03  1.79996304e+02
 1.84784980e+03  4.75977524e+01  1.84784980e+03  1.79996009e+02
 1.99526231e+03  4.75977528e+01  1.99526231e+03  1.79995690e+02
 2.15443469e+03  4.75977534e+01  2.15443469e+03  1.79995346e+02
 2.32630507e+03  4.75977540e+01  2.32630507e+03  1.79994975e+02
 2.51188643e+03  4.75977547e+01  2.51188643e+03  1.79994574e+02
 2.71227258e+03  4.75977556e+01  2.71227258e+03  1.79994142e+02
 2.92864456e+03  4.75977566e+01  2.92864456e+03  1.79993674e+02
 3.16227766e+03  4.75977577e+01  3.16227766e+03  1.79993170e+02
 3.41454887e+03  4.75977591e+01  3.41454887e+03  1.79992625e+02
 3.68694506e+03  4.75977606e+01  3.68694506e+03  1.79992036e+02
 3.98107171e+03  4.75977625e+01  3.98107171e+03  1.79991401e+02
 4.29866235e+03  4.75977646e+01  4.29866235e+03  1.79990715e+02
 4.64158883e+03  4.75977671e+01  4.64158883e+03  1.79989974e+02
 5.01187234e+03  4.75977700e+01  5.01187234e+03  1.79989174e+02
 5.41169527e+03  4.75977734e+01  5.41169527e+03  1.79988311e+02
 5.84341413e+03  4.75977773e+01  5.84341413e+03  1.79987378e+02
 6.30957344e+03  4.75977819e+01  6.30957344e+03  1.79986371e+02
 6.81292069e+03  4.75977873e+01  6.81292069e+03  1.79985284e+02
 7.35642254e+03  4.75977935e+01  7.35642254e+03  1.79984110e+02
 7.94328235e+03  4.75978008e+01  7.94328235e+03  1.79982842e+02
 8.57695899e+03  4.75978093e+01  8.57695899e+03  1.79981474e+02
 9.26118728e+03  4.75978192e+01  9.26118728e+03  1.79979996e+02
 1.00000000e+04  4.75978308e+01  1.00000000e+04  1.79978400e+02
 1.07977516e+04  4.75978443e+01  1.07977516e+04  1.79976677e+02
 1.16591440e+04  4.75978600e+01  1.16591440e+04  1.79974816e+02
 1.25892541e+04  4.75978783e+01  1.25892541e+04  1.79972807e+02
 1.35935639e+04  4.75978997e+01  1.35935639e+04  1.79970637e+02
 1.46779927e+04  4.75979245e+01  1.46779927e+04  1.79968295e+02
 1.58489319e+04  4.75979536e+01  1.58489319e+04  1.79965765e+02
 1.71132830e+04  4.75979874e+01  1.71132830e+04  1.79963034e+02
 1.84784980e+04  4.75980269e+01  1.84784980e+04  1.79960085e+02
 1.99526231e+04  4.75980729e+01  1.99526231e+04  1.79956900e+02
 2.15443469e+04  4.75981265e+01  2.15443469e+04  1.79953462e+02
 2.32630507e+04  4.75981891e+01  2.32630507e+04  1.79949748e+02
 2.51188643e+04  4.75982620e+01  2.51188643e+04  1.79945739e+02
 2.71227258e+04  4.75983470e+01  2.71227258e+04  1.79941409e+02
 2.92864456e+04  4.75984461e+01  2.92864456e+04  1.79936734e+02
 3.16227766e+04  4.75985617e+01  3.16227766e+04  1.79931686e+02
 3.41454887e+04  4.75986964e+01  3.41454887e+04  1.79926234e+02
 3.68694506e+04  4.75988535e+01  3.68694506e+04  1.79920347e+02
 3.98107171e+04  4.75990367e+01  3.98107171e+04  1.79913990e+02
 4.29866235e+04  4.75992502e+01  4.29866235e+04  1.79907125e+02
 4.64158883e+04  4.75994992e+01  4.64158883e+04  1.79899712e+02
 5.01187234e+04  4.75997896e+01  5.01187234e+04  1.79891706e+02
 5.41169527e+04  4.76001281e+01  5.41169527e+04  1.79883059e+02
 5.84341413e+04  4.76005228e+01  5.84341413e+04  1.79873722e+02
 6.30957344e+04  4.76009829e+01  6.30957344e+04  1.79863637e+02
 6.81292069e+04  4.76015195e+01  6.81292069e+04  1.79852744e+02
 7.35642254e+04  4.76021452e+01  7.35642254e+04  1.79840980e+02
 7.94328235e+04  4.76028746e+01  7.94328235e+04  1.79828272e+02
 8.57695899e+04  4.76037252e+01  8.57695899e+04  1.79814544e+02
 9.26118728e+04  4.76047171e+01  9.26118728e+04  1.79799715e+02
 1.00000000e+05  4.76058736e+01  1.00000000e+05  1.79783693e+02
 1.07977516e+05  4.76072222e+01  1.07977516e+05  1.79766381e+02
 1.16591440e+05  4.76087948e+01  1.16591440e+05  1.79747675e+02
 1.25892541e+05  4.76106288e+01  1.25892541e+05  1.79727458e+02
 1.35935639e+05  4.76127675e+01  1.35935639e+05  1.79705605e+02
 1.46779927e+05  4.76152614e+01  1.46779927e+05  1.79681980e+02
 1.58489319e+05  4.76181702e+01  1.58489319e+05  1.79656434e+02
 1.71132830e+05  4.76215629e+01  1.71132830e+05  1.79628805e+02
 1.84784980e+05  4.76255201e+01  1.84784980e+05  1.79598914e+02
 1.99526231e+05  4.76301354e+01  1.99526231e+05  1.79566566e+02
 2.15443469e+05  4.76355203e+01  2.15443469e+05  1.79531546e+02
 2.32630507e+05  4.76418032e+01  2.32630507e+05  1.79493616e+02
 2.51188643e+05  4.76491323e+01  2.51188643e+05  1.79452516e+02
 2.71227258e+05  4.76576864e+01  2.71227258e+05  1.79407952e+02
 2.92864456e+05  4.76676692e+01  2.92864456e+05  1.79359602e+02
 3.16227766e+05  4.76793243e+01  3.16227766e+05  1.79307100e+02
 3.41454887e+05  4.76929305e+01  3.41454887e+05  1.79250039e+02
 3.68694506e+05  4.77088224e+01  3.68694506e+05  1.79187957e+02
 3.98107171e+05  4.77273837e+01  3.98107171e+05  1.79120326e+02
 4.29866235e+05  4.77490762e+01  4.29866235e+05  1.79046546e+02
 4.64158883e+05  4.77744329e+01  4.64158883e+05  1.78965923e+02
 5.01187234e+05  4.78040838e+01  5.01187234e+05  1.78877650e+02
 5.41169527e+05  4.78387837e+01  5.41169527e+05  1.78780784e+02
 5.84341413e+05  4.78794126e+01  5.84341413e+05  1.78674213e+02
 6.30957344e+05  4.79270151e+01  6.30957344e+05  1.78556611e+02
 6.81292069e+05  4.79828341e+01  6.81292069e+05  1.78426384e+02
 7.35642254e+05  4.80483625e+01  7.35642254e+05  1.78281595e+02
 7.94328235e+05  4.81253674e+01  7.94328235e+05  1.78119872e+02
 8.57695899e+05  4.82159879e+01  8.57695899e+05  1.77938265e+02
 9.26118728e+05  4.83228132e+01  9.26118728e+05  1.77733070e+02
 1.00000000e+06  4.84489810e+01  1.00000000e+06  1.77499568e+02
 1.07977516e+06  4.85983536e+01  1.07977516e+06  1.77231670e+02
 1.16591440e+06  4.87756915e+01  1.16591440e+06  1.76921393e+02
 1.25892541e+06  4.89869469e+01  1.25892541e+06  1.76558068e+02
 1.35935639e+06  4.92396055e+01  1.35935639e+06  1.76127164e+02
 1.46779927e+06  4.95433369e+01  1.46779927e+06  1.75608432e+02
 1.58489319e+06  4.99106676e+01  1.58489319e+06  1.74972868e+02
 1.71132830e+06  5.03583178e+01  1.71132830e+06  1.74177574e+02
 1.84784980e+06  5.09090933e+01  1.84784980e+06  1.73156576e+02
 1.99526231e+06  5.15949760e+01  1.99526231e+06  1.71803426e+02
 2.15443469e+06  5.24622308e+01  2.15443469e+06  1.69935784e+02
 2.32630507e+06  5.35808221e+01  2.32630507e+06  1.67215579e+02
 2.51188643e+06  5.50591845e+01  2.51188643e+06  1.62949507e+02
 2.71227258e+06  5.70620185e+01  2.71227258e+06  1.55512451e+02
 2.92864456e+06  5.97359194e+01  2.92864456e+06  1.40507261e+02
 3.16227766e+06  6.21662492e+01  3.16227766e+06  1.07525201e+02
 3.41454887e+06  6.04908207e+01  3.41454887e+06  6.36389202e+01
 3.68694506e+06  5.63059081e+01  3.68694506e+06  3.93603411e+01
 3.98107171e+06  5.25563543e+01  3.98107171e+06  2.83406073e+01
 4.29866235e+06  4.94412788e+01  4.29866235e+06  2.26172456e+01
 4.64158883e+06  4.67767789e+01  4.64158883e+06  1.92786139e+01
 5.01187234e+06  4.44214789e+01  5.01187234e+06  1.71906634e+01
 5.41169527e+06  4.22845641e+01  5.41169527e+06  1.58416576e+01
 5.84341413e+06  4.03062906e+01  5.84341413e+06  1.49734365e+01
 6.30957344e+06  3.84458025e+01  6.30957344e+06  1.44420556e+01
 6.81292069e+06  3.66766050e+01  6.81292069e+06  1.41636493e+01
 7.35642254e+06  3.49754535e+01  7.35642254e+06  1.40868869e+01
 7.94328235e+06  3.33290607e+01  7.94328235e+06  1.41807120e+01
 8.57695899e+06  3.17244986e+01  8.57695899e+06  1.44244044e+01
 9.26118728e+06  3.01523384e+01  9.26118728e+06  1.48065843e+01
 1.00000000e+07  2.86049156e+01  1.00000000e+07  1.53201484e+01
 1.07977516e+07  2.70743082e+01  1.07977516e+07  1.59679112e+01
 1.16591440e+07  2.55567030e+01  1.16591440e+07  1.67582997e+01
 1.25892541e+07  2.40449918e+01  1.25892541e+07  1.76886866e+01
 1.35935639e+07  2.25359179e+01  1.35935639e+07  1.87811489e+01
 1.46779927e+07  2.10259378e+01  1.46779927e+07  2.00381267e+01
 1.58489319e+07  1.95059277e+01  1.58489319e+07  2.15016071e+01
 1.71132830e+07  1.79760136e+01  1.71132830e+07  2.31983625e+01
 1.84784980e+07  1.64259237e+01  1.84784980e+07  2.51446333e+01
 1.99526231e+07  1.48571864e+01  1.99526231e+07  2.74265725e+01
 2.15443469e+07  1.32573953e+01  2.15443469e+07  3.01355995e+01
 2.32630507e+07  1.16285146e+01  2.32630507e+07  3.33011824e+01
 2.51188643e+07  9.97980036e+00  2.51188643e+07  3.70806499e+01
 2.71227258e+07  8.28868819e+00  2.71227258e+07  4.16497056e+01
 2.92864456e+07  6.56576695e+00  2.92864456e+07  4.72442371e+01
 3.16227766e+07  4.85780039e+00  3.16227766e+07  5.42409882e+01
 3.41454887e+07  3.18752062e+00  3.41454887e+07  6.27375730e+01
 3.68694506e+07  1.67901582e+00  3.68694506e+07  7.33104233e+01
 3.98107171e+07  4.10666699e-01  3.98107171e+07  8.55239025e+01
 4.29866235e+07  -4.90743119e-01  4.29866235e+07  9.89244114e+01
 4.64158883e+07  -8.79280924e-01  4.64158883e+07  1.11611645e+02
 5.01187234e+07  -9.33388116e-01  5.01187234e+07  1.24832728e+02
 5.41169527e+07  -6.92974375e-01  5.41169527e+07  1.36220083e+02
 5.84341413e+07  -2.06786191e-01  5.84341413e+07  1.43869226e+02
 6.30957344e+07  2.46404428e-01  6.30957344e+07  1.51706911e+02
 6.81292069e+07  5.91915426e-01  6.81292069e+07  1.57836727e+02
 7.35642254e+07  1.15236178e+00  7.35642254e+07  1.62729921e+02
 7.94328235e+07  1.62832424e+00  7.94328235e+07  1.66920103e+02
 8.57695899e+07  2.02438812e+00  8.57695899e+07  1.70545219e+02
 9.26118728e+07  2.17355863e+00  9.26118728e+07  1.74665803e+02
 1.00000000e+08  2.79995635e+00  1.00000000e+08  1.77223105e+02
 1.07977516e+08  3.01399193e+00  1.07977516e+08  1.79975731e+02
 1.16591440e+08  3.32522578e+00  1.16591440e+08  1.82417051e+02
 1.25892541e+08  3.75442208e+00  1.25892541e+08  1.84352799e+02
 1.35935639e+08  4.01834735e+00  1.35935639e+08  1.85844452e+02
 1.46779927e+08  4.34493539e+00  1.46779927e+08  1.87598664e+02
 1.58489319e+08  4.53696145e+00  1.58489319e+08  1.88746169e+02
 1.71132830e+08  5.33218976e+00  1.71132830e+08  1.89706879e+02
 1.84784980e+08  5.51635760e+00  1.84784980e+08  1.90441252e+02
 1.99526231e+08  5.86530148e+00  1.99526231e+08  1.90573320e+02
 2.15443469e+08  5.77331881e+00  2.15443469e+08  1.90749108e+02
 2.32630507e+08  6.13801461e+00  2.32630507e+08  1.90556161e+02
 2.51188643e+08  6.27756409e+00  2.51188643e+08  1.90036540e+02
 2.71227258e+08  7.67027566e+00  2.71227258e+08  1.89134409e+02
 2.92864456e+08  6.53565180e+00  2.92864456e+08  1.88507477e+02
 3.16227766e+08  7.29670692e+00  3.16227766e+08  1.87517432e+02
 3.41454887e+08  6.84528178e+00  3.41454887e+08  1.86789853e+02
 3.68694506e+08  8.34178425e+00  3.68694506e+08  1.85777815e+02
 3.98107171e+08  7.07854690e+00  3.98107171e+08  1.84978570e+02
 4.29866235e+08  6.91867186e+00  4.29866235e+08  1.84186026e+02
 4.64158883e+08  6.94528572e+00  4.64158883e+08  1.83492466e+02
 5.01187234e+08  7.19183135e+00  5.01187234e+08  1.82969853e+02
 5.41169527e+08  7.79934652e+00  5.41169527e+08  1.82295077e+02
 5.84341413e+08  8.94996316e+00  5.84341413e+08  1.81808184e+02
 6.30957344e+08  5.11463262e+00  6.30957344e+08  1.81376938e+02
 6.81292069e+08  6.24860719e+00  6.81292069e+08  1.81420590e+02
 7.35642254e+08  8.41756719e+00  7.35642254e+08  1.80791024e+02
 7.94328235e+08  7.06711958e+00  7.94328235e+08  1.80243134e+02
 8.57695899e+08  1.17305273e+01  8.57695899e+08  1.80044294e+02
 9.26118728e+08  4.36360577e+00  9.26118728e+08  1.80691567e+02
 1.00000000e+09  9.03055325e+00  1.00000000e+09  1.79960246e+02
