 1.00000000e+00  4.75050882e+01  1.00000000e+00  1.79999998e+02
 1.07977516e+00  4.75050882e+01  1.07977516e+00  1.79999997e+02
 1.16591440e+00  4.75050882e+01  1.16591440e+00  1.79999997e+02
 1.25892541e+00  4.75050882e+01  1.25892541e+00  1.79999997e+02
 1.35935639e+00  4.75050882e+01  1.35935639e+00  1.79999997e+02
 1.46779927e+00  4.75050882e+01  1.46779927e+00  1.79999997e+02
 1.58489319e+00  4.75050882e+01  1.58489319e+00  1.79999996e+02
 1.71132830e+00  4.75050882e+01  1.71132830e+00  1.79999996e+02
 1.84784980e+00  4.75050882e+01  1.84784980e+00  1.79999996e+02
 1.99526231e+00  4.75050882e+01  1.99526231e+00  1.79999995e+02
 2.15443469e+00  4.75050882e+01  2.15443469e+00  1.79999995e+02
 2.32630507e+00  4.75050882e+01  2.32630507e+00  1.79999995e+02
 2.51188643e+00  4.75050882e+01  2.51188643e+00  1.79999994e+02
 2.71227258e+00  4.75050882e+01  2.71227258e+00  1.79999994e+02
 2.92864456e+00  4.75050882e+01  2.92864456e+00  1.79999993e+02
 3.16227766e+00  4.75050882e+01  3.16227766e+00  1.79999993e+02
 3.41454887e+00  4.75050882e+01  3.41454887e+00  1.79999992e+02
 3.68694506e+00  4.75050882e+01  3.68694506e+00  1.79999991e+02
 3.98107171e+00  4.75050882e+01  3.98107171e+00  1.79999991e+02
 4.29866235e+00  4.75050882e+01  4.29866235e+00  1.79999990e+02
 4.64158883e+00  4.75050882e+01  4.64158883e+00  1.79999989e+02
 5.01187234e+00  4.75050882e+01  5.01187234e+00  1.79999988e+02
 5.41169527e+00  4.75050882e+01  5.41169527e+00  1.79999987e+02
 5.84341413e+00  4.75050882e+01  5.84341413e+00  1.79999986e+02
 6.30957344e+00  4.75050882e+01  6.30957344e+00  1.79999985e+02
 6.81292069e+00  4.75050882e+01  6.81292069e+00  1.79999984e+02
 7.35642254e+00  4.75050882e+01  7.35642254e+00  1.79999983e+02
 7.94328235e+00  4.75050882e+01  7.94328235e+00  1.79999981e+02
 8.57695899e+00  4.75050882e+01  8.57695899e+00  1.79999980e+02
 9.26118728e+00  4.75050882e+01  9.26118728e+00  1.79999978e+02
 1.00000000e+01  4.75050882e+01  1.00000000e+01  1.79999976e+02
 1.07977516e+01  4.75050882e+01  1.07977516e+01  1.79999975e+02
 1.16591440e+01  4.75050882e+01  1.16591440e+01  1.79999972e+02
 1.25892541e+01  4.75050882e+01  1.25892541e+01  1.79999970e+02
 1.35935639e+01  4.75050882e+01  1.35935639e+01  1.79999968e+02
 1.46779927e+01  4.75050882e+01  1.46779927e+01  1.79999965e+02
 1.58489319e+01  4.75050882e+01  1.58489319e+01  1.79999963e+02
 1.71132830e+01  4.75050882e+01  1.71132830e+01  1.79999960e+02
 1.84784980e+01  4.75050882e+01  1.84784980e+01  1.79999956e+02
 1.99526231e+01  4.75050882e+01  1.99526231e+01  1.79999953e+02
 2.15443469e+01  4.75050882e+01  2.15443469e+01  1.79999949e+02
 2.32630507e+01  4.75050882e+01  2.32630507e+01  1.79999945e+02
 2.51188643e+01  4.75050882e+01  2.51188643e+01  1.79999941e+02
 2.71227258e+01  4.75050882e+01  2.71227258e+01  1.79999936e+02
 2.92864456e+01  4.75050882e+01  2.92864456e+01  1.79999931e+02
 3.16227766e+01  4.75050882e+01  3.16227766e+01  1.79999925e+02
 3.41454887e+01  4.75050882e+01  3.41454887e+01  1.79999919e+02
 3.68694506e+01  4.75050882e+01  3.68694506e+01  1.79999913e+02
 3.98107171e+01  4.75050882e+01  3.98107171e+01  1.79999906e+02
 4.29866235e+01  4.75050882e+01  4.29866235e+01  1.79999899e+02
 4.64158883e+01  4.75050882e+01  4.64158883e+01  1.79999890e+02
 5.01187234e+01  4.75050882e+01  5.01187234e+01  1.79999882e+02
 5.41169527e+01  4.75050882e+01  5.41169527e+01  1.79999872e+02
 5.84341413e+01  4.75050882e+01  5.84341413e+01  1.79999862e+02
 6.30957344e+01  4.75050882e+01  6.30957344e+01  1.79999851e+02
 6.81292069e+01  4.75050882e+01  6.81292069e+01  1.79999839e+02
 7.35642254e+01  4.75050882e+01  7.35642254e+01  1.79999826e+02
 7.94328235e+01  4.75050882e+01  7.94328235e+01  1.79999812e+02
 8.57695899e+01  4.75050882e+01  8.57695899e+01  1.79999798e+02
 9.26118728e+01  4.75050882e+01  9.26118728e+01  1.79999781e+02
 1.00000000e+02  4.75050882e+01  1.00000000e+02  1.79999764e+02
 1.07977516e+02  4.75050882e+01  1.07977516e+02  1.79999745e+02
 1.16591440e+02  4.75050882e+01  1.16591440e+02  1.79999725e+02
 1.25892541e+02  4.75050882e+01  1.25892541e+02  1.79999703e+02
 1.35935639e+02  4.75050882e+01  1.35935639e+02  1.79999679e+02
 1.46779927e+02  4.75050882e+01  1.46779927e+02  1.79999653e+02
 1.58489319e+02  4.75050882e+01  1.58489319e+02  1.79999626e+02
 1.71132830e+02  4.75050882e+01  1.71132830e+02  1.79999596e+02
 1.84784980e+02  4.75050882e+01  1.84784980e+02  1.79999564e+02
 1.99526231e+02  4.75050882e+01  1.99526231e+02  1.79999529e+02
 2.15443469e+02  4.75050882e+01  2.15443469e+02  1.79999491e+02
 2.32630507e+02  4.75050882e+01  2.32630507e+02  1.79999451e+02
 2.51188643e+02  4.75050882e+01  2.51188643e+02  1.79999407e+02
 2.71227258e+02  4.75050882e+01  2.71227258e+02  1.79999360e+02
 2.92864456e+02  4.75050882e+01  2.92864456e+02  1.79999309e+02
 3.16227766e+02  4.75050882e+01  3.16227766e+02  1.79999253e+02
 3.41454887e+02  4.75050882e+01  3.41454887e+02  1.79999194e+02
 3.68694506e+02  4.75050883e+01  3.68694506e+02  1.79999130e+02
 3.98107171e+02  4.75050883e+01  3.98107171e+02  1.79999060e+02
 4.29866235e+02  4.75050883e+01  4.29866235e+02  1.79998985e+02
 4.64158883e+02  4.75050883e+01  4.64158883e+02  1.79998904e+02
 5.01187234e+02  4.75050883e+01  5.01187234e+02  1.79998817e+02
 5.41169527e+02  4.75050884e+01  5.41169527e+02  1.79998722e+02
 5.84341413e+02  4.75050884e+01  5.84341413e+02  1.79998621e+02
 6.30957344e+02  4.75050885e+01  6.30957344e+02  1.79998510e+02
 6.81292069e+02  4.75050885e+01  6.81292069e+02  1.79998392e+02
 7.35642254e+02  4.75050886e+01  7.35642254e+02  1.79998263e+02
 7.94328235e+02  4.75050886e+01  7.94328235e+02  1.79998125e+02
 8.57695899e+02  4.75050887e+01  8.57695899e+02  1.79997975e+02
 9.26118728e+02  4.75050888e+01  9.26118728e+02  1.79997814e+02
 1.00000000e+03  4.75050889e+01  1.00000000e+03  1.79997639e+02
 1.07977516e+03  4.75050890e+01  1.07977516e+03  1.79997451e+02
 1.16591440e+03  4.75050892e+01  1.16591440e+03  1.79997248e+02
 1.25892541e+03  4.75050894e+01  1.25892541e+03  1.79997028e+02
 1.35935639e+03  4.75050896e+01  1.35935639e+03  1.79996791e+02
 1.46779927e+03  4.75050898e+01  1.46779927e+03  1.79996535e+02
 1.58489319e+03  4.75050901e+01  1.58489319e+03  1.79996259e+02
 1.71132830e+03  4.75050904e+01  1.71132830e+03  1.79995960e+02
 1.84784980e+03  4.75050908e+01  1.84784980e+03  1.79995638e+02
 1.99526231e+03  4.75050912e+01  1.99526231e+03  1.79995290e+02
 2.15443469e+03  4.75050917e+01  2.15443469e+03  1.79994914e+02
 2.32630507e+03  4.75050923e+01  2.32630507e+03  1.79994508e+02
 2.51188643e+03  4.75050930e+01  2.51188643e+03  1.79994070e+02
 2.71227258e+03  4.75050938e+01  2.71227258e+03  1.79993597e+02
 2.92864456e+03  4.75050947e+01  2.92864456e+03  1.79993086e+02
 3.16227766e+03  4.75050958e+01  3.16227766e+03  1.79992535e+02
 3.41454887e+03  4.75050970e+01  3.41454887e+03  1.79991939e+02
 3.68694506e+03  4.75050985e+01  3.68694506e+03  1.79991296e+02
 3.98107171e+03  4.75051002e+01  3.98107171e+03  1.79990602e+02
 4.29866235e+03  4.75051022e+01  4.29866235e+03  1.79989852e+02
 4.64158883e+03  4.75051046e+01  4.64158883e+03  1.79989043e+02
 5.01187234e+03  4.75051073e+01  5.01187234e+03  1.79988168e+02
 5.41169527e+03  4.75051105e+01  5.41169527e+03  1.79987225e+02
 5.84341413e+03  4.75051142e+01  5.84341413e+03  1.79986205e+02
 6.30957344e+03  4.75051185e+01  6.30957344e+03  1.79985105e+02
 6.81292069e+03  4.75051235e+01  6.81292069e+03  1.79983917e+02
 7.35642254e+03  4.75051294e+01  7.35642254e+03  1.79982634e+02
 7.94328235e+03  4.75051362e+01  7.94328235e+03  1.79981248e+02
 8.57695899e+03  4.75051442e+01  8.57695899e+03  1.79979752e+02
 9.26118728e+03  4.75051535e+01  9.26118728e+03  1.79978137e+02
 1.00000000e+04  4.75051644e+01  1.00000000e+04  1.79976393e+02
 1.07977516e+04  4.75051770e+01  1.07977516e+04  1.79974509e+02
 1.16591440e+04  4.75051918e+01  1.16591440e+04  1.79972476e+02
 1.25892541e+04  4.75052090e+01  1.25892541e+04  1.79970280e+02
 1.35935639e+04  4.75052290e+01  1.35935639e+04  1.79967909e+02
 1.46779927e+04  4.75052524e+01  1.46779927e+04  1.79965349e+02
 1.58489319e+04  4.75052796e+01  1.58489319e+04  1.79962584e+02
 1.71132830e+04  4.75053114e+01  1.71132830e+04  1.79959599e+02
 1.84784980e+04  4.75053484e+01  1.84784980e+04  1.79956376e+02
 1.99526231e+04  4.75053916e+01  1.99526231e+04  1.79952895e+02
 2.15443469e+04  4.75054419e+01  2.15443469e+04  1.79949137e+02
 2.32630507e+04  4.75055006e+01  2.32630507e+04  1.79945079e+02
 2.51188643e+04  4.75055691e+01  2.51188643e+04  1.79940697e+02
 2.71227258e+04  4.75056489e+01  2.71227258e+04  1.79935965e+02
 2.92864456e+04  4.75057419e+01  2.92864456e+04  1.79930855e+02
 3.16227766e+04  4.75058503e+01  3.16227766e+04  1.79925338e+02
 3.41454887e+04  4.75059768e+01  3.41454887e+04  1.79919380e+02
 3.68694506e+04  4.75061243e+01  3.68694506e+04  1.79912946e+02
 3.98107171e+04  4.75062962e+01  3.98107171e+04  1.79905999e+02
 4.29866235e+04  4.75064966e+01  4.29866235e+04  1.79898497e+02
 4.64158883e+04  4.75067303e+01  4.64158883e+04  1.79890395e+02
 5.01187234e+04  4.75070028e+01  5.01187234e+04  1.79881645e+02
 5.41169527e+04  4.75073205e+01  5.41169527e+04  1.79872197e+02
 5.84341413e+04  4.75076910e+01  5.84341413e+04  1.79861992e+02
 6.30957344e+04  4.75081229e+01  6.30957344e+04  1.79850972e+02
 6.81292069e+04  4.75086265e+01  6.81292069e+04  1.79839069e+02
 7.35642254e+04  4.75092137e+01  7.35642254e+04  1.79826213e+02
 7.94328235e+04  4.75098984e+01  7.94328235e+04  1.79812328e+02
 8.57695899e+04  4.75106967e+01  8.57695899e+04  1.79797328e+02
 9.26118728e+04  4.75116276e+01  9.26118728e+04  1.79781125e+02
 1.00000000e+05  4.75127131e+01  1.00000000e+05  1.79763620e+02
 1.07977516e+05  4.75139788e+01  1.07977516e+05  1.79744708e+02
 1.16591440e+05  4.75154547e+01  1.16591440e+05  1.79724272e+02
 1.25892541e+05  4.75171757e+01  1.25892541e+05  1.79702188e+02
 1.35935639e+05  4.75191828e+01  1.35935639e+05  1.79678320e+02
 1.46779927e+05  4.75215233e+01  1.46779927e+05  1.79652518e+02
 1.58489319e+05  4.75242530e+01  1.58489319e+05  1.79624622e+02
 1.71132830e+05  4.75274371e+01  1.71132830e+05  1.79594456e+02
 1.84784980e+05  4.75311503e+01  1.84784980e+05  1.79561825e+02
 1.99526231e+05  4.75354815e+01  1.99526231e+05  1.79526518e+02
 2.15443469e+05  4.75405347e+01  2.15443469e+05  1.79488304e+02
 2.32630507e+05  4.75464283e+01  2.32630507e+05  1.79446926e+02
 2.51188643e+05  4.75533058e+01  2.51188643e+05  1.79402102e+02
 2.71227258e+05  4.75613311e+01  2.71227258e+05  1.79353518e+02
 2.92864456e+05  4.75706964e+01  2.92864456e+05  1.79300828e+02
 3.16227766e+05  4.75816277e+01  3.16227766e+05  1.79243640e+02
 3.41454887e+05  4.75943895e+01  3.41454887e+05  1.79181521e+02
 3.68694506e+05  4.76092912e+01  3.68694506e+05  1.79113979e+02
 3.98107171e+05  4.76266958e+01  3.98107171e+05  1.79040455e+02
 4.29866235e+05  4.76470331e+01  4.29866235e+05  1.78960314e+02
 4.64158883e+05  4.76708018e+01  4.64158883e+05  1.78872828e+02
 5.01187234e+05  4.76985905e+01  5.01187234e+05  1.78777151e+02
 5.41169527e+05  4.77310998e+01  5.41169527e+05  1.78672302e+02
 5.84341413e+05  4.77691548e+01  5.84341413e+05  1.78557124e+02
 6.30957344e+05  4.78137190e+01  6.30957344e+05  1.78430251e+02
 6.81292069e+05  4.78659544e+01  6.81292069e+05  1.78290044e+02
 7.35642254e+05  4.79272450e+01  7.35642254e+05  1.78134528e+02
 7.94328235e+05  4.79992209e+01  7.94328235e+05  1.77961291e+02
 8.57695899e+05  4.80838808e+01  8.57695899e+05  1.77767354e+02
 9.26118728e+05  4.81835787e+01  9.26118728e+05  1.77549005e+02
 1.00000000e+06  4.83012119e+01  1.00000000e+06  1.77301549e+02
 1.07977516e+06  4.84403206e+01  1.07977516e+06  1.77018959e+02
 1.16591440e+06  4.86052283e+01  1.16591440e+06  1.76693396e+02
 1.25892541e+06  4.88013020e+01  1.25892541e+06  1.76314510e+02
 1.35935639e+06  4.90353233e+01  1.35935639e+06  1.75868294e+02
 1.46779927e+06  4.93158765e+01  1.46779927e+06  1.75335487e+02
 1.58489319e+06  4.96540966e+01  1.58489319e+06  1.74688858e+02
 1.71132830e+06  5.00645767e+01  1.71132830e+06  1.73888726e+02
 1.84784980e+06  5.05669070e+01  1.84784980e+06  1.72875353e+02
 1.99526231e+06  5.11881539e+01  1.99526231e+06  1.71554527e+02
 2.15443469e+06  5.19666718e+01  2.15443469e+06  1.69769722e+02
 2.32630507e+06  5.29585204e+01  2.32630507e+06  1.67242664e+02
 2.51188643e+06  5.42478270e+01  2.51188643e+06  1.63433385e+02
 2.71227258e+06  5.59585700e+01  2.71227258e+06  1.57171687e+02
 2.92864456e+06  5.82255040e+01  2.92864456e+06  1.45584105e+02
 3.16227766e+06  6.07487241e+01  3.16227766e+06  1.21581844e+02
 3.41454887e+06  6.09522786e+01  3.41454887e+06  8.10580121e+01
 3.68694506e+06  5.75470413e+01  3.68694506e+06  4.94618862e+01
 3.98107171e+06  5.37284913e+01  3.98107171e+06  3.40882728e+01
 4.29866235e+06  5.04625953e+01  4.29866235e+06  2.62941017e+01
 4.64158883e+06  4.76775383e+01  4.64158883e+06  2.18490065e+01
 5.01187234e+06  4.52340935e+01  5.01187234e+06  1.90929115e+01
 5.41169527e+06  4.30320507e+01  5.41169527e+06  1.72997200e+01
 5.84341413e+06  4.10058906e+01  5.84341413e+06  1.61088869e+01
 6.30957344e+06  3.91101535e+01  6.30957344e+06  1.53288210e+01
 6.81292069e+06  3.73133517e+01  6.81292069e+06  1.48467864e+01
 7.35642254e+06  3.55927495e+01  7.35642254e+06  1.45925303e+01
 7.94328235e+06  3.39300726e+01  7.94328235e+06  1.45264501e+01
 8.57695899e+06  3.23138918e+01  8.57695899e+06  1.46180052e+01
 9.26118728e+06  3.07334704e+01  9.26118728e+06  1.48568322e+01
 1.00000000e+07  2.91785714e+01  1.00000000e+07  1.52242932e+01
 1.07977516e+07  2.76441801e+01  1.07977516e+07  1.57247840e+01
 1.16591440e+07  2.61212019e+01  1.16591440e+07  1.63649297e+01
 1.25892541e+07  2.46072070e+01  1.25892541e+07  1.71323736e+01
 1.35935639e+07  2.30938350e+01  1.35935639e+07  1.80593236e+01
 1.46779927e+07  2.15786424e+01  1.46779927e+07  1.91435630e+01
 1.58489319e+07  2.00561803e+01  1.58489319e+07  2.04103501e+01
 1.71132830e+07  1.85212496e+01  1.71132830e+07  2.18940849e+01
 1.84784980e+07  1.69664487e+01  1.84784980e+07  2.36277078e+01
 1.99526231e+07  1.53900801e+01  1.99526231e+07  2.56537401e+01
 2.15443469e+07  1.37856435e+01  2.15443469e+07  2.80499811e+01
 2.32630507e+07  1.21478339e+01  2.32630507e+07  3.09216802e+01
 2.51188643e+07  1.04636974e+01  2.51188643e+07  3.43105013e+01
 2.71227258e+07  8.75390102e+00  2.71227258e+07  3.85483528e+01
 2.92864456e+07  6.98681120e+00  2.92864456e+07  4.37326914e+01
 3.16227766e+07  5.20739067e+00  3.16227766e+07  5.00363045e+01
 3.41454887e+07  3.44130145e+00  3.41454887e+07  5.80855470e+01
 3.68694506e+07  1.78851161e+00  3.68694506e+07  6.83596948e+01
 3.98107171e+07  3.64967610e-01  3.98107171e+07  8.04024249e+01
 4.29866235e+07  -7.18577180e-01  4.29866235e+07  9.40345744e+01
 4.64158883e+07  -1.27243551e+00  4.64158883e+07  1.08938043e+02
 5.01187234e+07  -1.29031882e+00  5.01187234e+07  1.21846722e+02
 5.41169527e+07  -1.02076831e+00  5.41169527e+07  1.33577283e+02
 5.84341413e+07  -6.22646283e-01  5.84341413e+07  1.43620059e+02
 6.30957344e+07  -1.83124877e-01  6.30957344e+07  1.51217477e+02
 6.81292069e+07  4.38758039e-01  6.81292069e+07  1.57439062e+02
 7.35642254e+07  8.89732349e-01  7.35642254e+07  1.62702513e+02
 7.94328235e+07  1.30182869e+00  7.94328235e+07  1.67461333e+02
 8.57695899e+07  1.80829459e+00  8.57695899e+07  1.70962508e+02
 9.26118728e+07  2.15230562e+00  9.26118728e+07  1.74641305e+02
 1.00000000e+08  2.57925317e+00  1.00000000e+08  1.77640177e+02
 1.07977516e+08  2.96147754e+00  1.07977516e+08  1.80073816e+02
 1.16591440e+08  3.37643361e+00  1.16591440e+08  1.82217575e+02
 1.25892541e+08  3.58408840e+00  1.25892541e+08  1.84746503e+02
 1.35935639e+08  4.11500736e+00  1.35935639e+08  1.86184742e+02
 1.46779927e+08  4.30615087e+00  1.46779927e+08  1.87743586e+02
 1.58489319e+08  4.86867770e+00  1.58489319e+08  1.88997598e+02
 1.71132830e+08  5.51963390e+00  1.71132830e+08  1.89659201e+02
 1.84784980e+08  5.24757388e+00  1.84784980e+08  1.90671442e+02
 1.99526231e+08  6.14005100e+00  1.99526231e+08  1.90763395e+02
 2.15443469e+08  6.08914984e+00  2.15443469e+08  1.90872902e+02
 2.32630507e+08  6.51701372e+00  2.32630507e+08  1.90831322e+02
 2.51188643e+08  6.72627478e+00  2.51188643e+08  1.90288740e+02
 2.71227258e+08  7.12414409e+00  2.71227258e+08  1.89500755e+02
 2.92864456e+08  7.15012311e+00  2.92864456e+08  1.88950567e+02
 3.16227766e+08  7.31191020e+00  3.16227766e+08  1.87791689e+02
 3.41454887e+08  7.68294511e+00  3.41454887e+08  1.87071366e+02
 3.68694506e+08  7.34884314e+00  3.68694506e+08  1.86193359e+02
 3.98107171e+08  7.10416623e+00  3.98107171e+08  1.85253901e+02
 4.29866235e+08  6.97288155e+00  4.29866235e+08  1.84353964e+02
 4.64158883e+08  6.97740543e+00  4.64158883e+08  1.83855321e+02
 5.01187234e+08  7.24105026e+00  5.01187234e+08  1.83225332e+02
 5.41169527e+08  1.03340334e+01  5.41169527e+08  1.82597589e+02
 5.84341413e+08  6.49290182e+00  5.84341413e+08  1.82339216e+02
 6.30957344e+08  7.63385454e+00  6.30957344e+08  1.81694469e+02
 6.81292069e+08  9.79383967e+00  6.81292069e+08  1.81825677e+02
 7.35642254e+08  4.94099373e+00  7.35642254e+08  1.80935170e+02
 7.94328235e+08  1.31169696e+01  7.94328235e+08  1.80024116e+02
 8.57695899e+08  1.17654251e+01  8.57695899e+08  1.79997721e+02
 9.26118728e+08  4.39927766e+00  9.26118728e+08  1.80480429e+02
 1.00000000e+09  9.06317960e+00  1.00000000e+09  1.79353694e+02
