 1.00000000e+00  4.69783261e+01  1.00000000e+00  1.79999998e+02
 1.07977516e+00  4.69783261e+01  1.07977516e+00  1.79999998e+02
 1.16591440e+00  4.69783261e+01  1.16591440e+00  1.79999998e+02
 1.25892541e+00  4.69783261e+01  1.25892541e+00  1.79999997e+02
 1.35935639e+00  4.69783261e+01  1.35935639e+00  1.79999997e+02
 1.46779927e+00  4.69783261e+01  1.46779927e+00  1.79999997e+02
 1.58489319e+00  4.69783261e+01  1.58489319e+00  1.79999997e+02
 1.71132830e+00  4.69783261e+01  1.71132830e+00  1.79999996e+02
 1.84784980e+00  4.69783261e+01  1.84784980e+00  1.79999996e+02
 1.99526231e+00  4.69783261e+01  1.99526231e+00  1.79999996e+02
 2.15443469e+00  4.69783261e+01  2.15443469e+00  1.79999995e+02
 2.32630507e+00  4.69783261e+01  2.32630507e+00  1.79999995e+02
 2.51188643e+00  4.69783261e+01  2.51188643e+00  1.79999995e+02
 2.71227258e+00  4.69783261e+01  2.71227258e+00  1.79999994e+02
 2.92864456e+00  4.69783261e+01  2.92864456e+00  1.79999994e+02
 3.16227766e+00  4.69783261e+01  3.16227766e+00  1.79999993e+02
 3.41454887e+00  4.69783261e+01  3.41454887e+00  1.79999993e+02
 3.68694506e+00  4.69783261e+01  3.68694506e+00  1.79999992e+02
 3.98107171e+00  4.69783261e+01  3.98107171e+00  1.79999992e+02
 4.29866235e+00  4.69783261e+01  4.29866235e+00  1.79999991e+02
 4.64158883e+00  4.69783261e+01  4.64158883e+00  1.79999990e+02
 5.01187234e+00  4.69783261e+01  5.01187234e+00  1.79999989e+02
 5.41169527e+00  4.69783261e+01  5.41169527e+00  1.79999989e+02
 5.84341413e+00  4.69783261e+01  5.84341413e+00  1.79999988e+02
 6.30957344e+00  4.69783261e+01  6.30957344e+00  1.79999987e+02
 6.81292069e+00  4.69783261e+01  6.81292069e+00  1.79999986e+02
 7.35642254e+00  4.69783261e+01  7.35642254e+00  1.79999984e+02
 7.94328235e+00  4.69783261e+01  7.94328235e+00  1.79999983e+02
 8.57695899e+00  4.69783261e+01  8.57695899e+00  1.79999982e+02
 9.26118728e+00  4.69783261e+01  9.26118728e+00  1.79999980e+02
 1.00000000e+01  4.69783261e+01  1.00000000e+01  1.79999979e+02
 1.07977516e+01  4.69783261e+01  1.07977516e+01  1.79999977e+02
 1.16591440e+01  4.69783261e+01  1.16591440e+01  1.79999975e+02
 1.25892541e+01  4.69783261e+01  1.25892541e+01  1.79999973e+02
 1.35935639e+01  4.69783261e+01  1.35935639e+01  1.79999971e+02
 1.46779927e+01  4.69783261e+01  1.46779927e+01  1.79999969e+02
 1.58489319e+01  4.69783261e+01  1.58489319e+01  1.79999967e+02
 1.71132830e+01  4.69783261e+01  1.71132830e+01  1.79999964e+02
 1.84784980e+01  4.69783261e+01  1.84784980e+01  1.79999961e+02
 1.99526231e+01  4.69783261e+01  1.99526231e+01  1.79999958e+02
 2.15443469e+01  4.69783261e+01  2.15443469e+01  1.79999955e+02
 2.32630507e+01  4.69783261e+01  2.32630507e+01  1.79999951e+02
 2.51188643e+01  4.69783261e+01  2.51188643e+01  1.79999947e+02
 2.71227258e+01  4.69783261e+01  2.71227258e+01  1.79999943e+02
 2.92864456e+01  4.69783261e+01  2.92864456e+01  1.79999938e+02
 3.16227766e+01  4.69783261e+01  3.16227766e+01  1.79999933e+02
 3.41454887e+01  4.69783261e+01  3.41454887e+01  1.79999928e+02
 3.68694506e+01  4.69783261e+01  3.68694506e+01  1.79999922e+02
 3.98107171e+01  4.69783261e+01  3.98107171e+01  1.79999916e+02
 4.29866235e+01  4.69783261e+01  4.29866235e+01  1.79999909e+02
 4.64158883e+01  4.69783261e+01  4.64158883e+01  1.79999902e+02
 5.01187234e+01  4.69783261e+01  5.01187234e+01  1.79999894e+02
 5.41169527e+01  4.69783261e+01  5.41169527e+01  1.79999886e+02
 5.84341413e+01  4.69783261e+01  5.84341413e+01  1.79999877e+02
 6.30957344e+01  4.69783261e+01  6.30957344e+01  1.79999867e+02
 6.81292069e+01  4.69783261e+01  6.81292069e+01  1.79999856e+02
 7.35642254e+01  4.69783261e+01  7.35642254e+01  1.79999845e+02
 7.94328235e+01  4.69783261e+01  7.94328235e+01  1.79999832e+02
 8.57695899e+01  4.69783261e+01  8.57695899e+01  1.79999819e+02
 9.26118728e+01  4.69783261e+01  9.26118728e+01  1.79999805e+02
 1.00000000e+02  4.69783261e+01  1.00000000e+02  1.79999789e+02
 1.07977516e+02  4.69783261e+01  1.07977516e+02  1.79999772e+02
 1.16591440e+02  4.69783261e+01  1.16591440e+02  1.79999754e+02
 1.25892541e+02  4.69783261e+01  1.25892541e+02  1.79999734e+02
 1.35935639e+02  4.69783261e+01  1.35935639e+02  1.79999713e+02
 1.46779927e+02  4.69783261e+01  1.46779927e+02  1.79999690e+02
 1.58489319e+02  4.69783261e+01  1.58489319e+02  1.79999666e+02
 1.71132830e+02  4.69783262e+01  1.71132830e+02  1.79999639e+02
 1.84784980e+02  4.69783262e+01  1.84784980e+02  1.79999610e+02
 1.99526231e+02  4.69783262e+01  1.99526231e+02  1.79999579e+02
 2.15443469e+02  4.69783262e+01  2.15443469e+02  1.79999545e+02
 2.32630507e+02  4.69783262e+01  2.32630507e+02  1.79999509e+02
 2.51188643e+02  4.69783262e+01  2.51188643e+02  1.79999470e+02
 2.71227258e+02  4.69783262e+01  2.71227258e+02  1.79999428e+02
 2.92864456e+02  4.69783262e+01  2.92864456e+02  1.79999382e+02
 3.16227766e+02  4.69783262e+01  3.16227766e+02  1.79999333e+02
 3.41454887e+02  4.69783262e+01  3.41454887e+02  1.79999279e+02
 3.68694506e+02  4.69783262e+01  3.68694506e+02  1.79999222e+02
 3.98107171e+02  4.69783262e+01  3.98107171e+02  1.79999160e+02
 4.29866235e+02  4.69783263e+01  4.29866235e+02  1.79999093e+02
 4.64158883e+02  4.69783263e+01  4.64158883e+02  1.79999021e+02
 5.01187234e+02  4.69783263e+01  5.01187234e+02  1.79998942e+02
 5.41169527e+02  4.69783263e+01  5.41169527e+02  1.79998858e+02
 5.84341413e+02  4.69783264e+01  5.84341413e+02  1.79998767e+02
 6.30957344e+02  4.69783264e+01  6.30957344e+02  1.79998669e+02
 6.81292069e+02  4.69783265e+01  6.81292069e+02  1.79998562e+02
 7.35642254e+02  4.69783265e+01  7.35642254e+02  1.79998448e+02
 7.94328235e+02  4.69783266e+01  7.94328235e+02  1.79998324e+02
 8.57695899e+02  4.69783266e+01  8.57695899e+02  1.79998190e+02
 9.26118728e+02  4.69783267e+01  9.26118728e+02  1.79998046e+02
 1.00000000e+03  4.69783268e+01  1.00000000e+03  1.79997890e+02
 1.07977516e+03  4.69783270e+01  1.07977516e+03  1.79997721e+02
 1.16591440e+03  4.69783271e+01  1.16591440e+03  1.79997540e+02
 1.25892541e+03  4.69783272e+01  1.25892541e+03  1.79997343e+02
 1.35935639e+03  4.69783274e+01  1.35935639e+03  1.79997131e+02
 1.46779927e+03  4.69783277e+01  1.46779927e+03  1.79996903e+02
 1.58489319e+03  4.69783279e+01  1.58489319e+03  1.79996656e+02
 1.71132830e+03  4.69783282e+01  1.71132830e+03  1.79996389e+02
 1.84784980e+03  4.69783285e+01  1.84784980e+03  1.79996101e+02
 1.99526231e+03  4.69783289e+01  1.99526231e+03  1.79995790e+02
 2.15443469e+03  4.69783294e+01  2.15443469e+03  1.79995454e+02
 2.32630507e+03  4.69783300e+01  2.32630507e+03  1.79995091e+02
 2.51188643e+03  4.69783306e+01  2.51188643e+03  1.79994699e+02
 2.71227258e+03  4.69783313e+01  2.71227258e+03  1.79994277e+02
 2.92864456e+03  4.69783322e+01  2.92864456e+03  1.79993820e+02
 3.16227766e+03  4.69783332e+01  3.16227766e+03  1.79993327e+02
 3.41454887e+03  4.69783344e+01  3.41454887e+03  1.79992795e+02
 3.68694506e+03  4.69783357e+01  3.68694506e+03  1.79992220e+02
 3.98107171e+03  4.69783373e+01  3.98107171e+03  1.79991599e+02
 4.29866235e+03  4.69783392e+01  4.29866235e+03  1.79990929e+02
 4.64158883e+03  4.69783413e+01  4.64158883e+03  1.79990205e+02
 5.01187234e+03  4.69783439e+01  5.01187234e+03  1.79989424e+02
 5.41169527e+03  4.69783468e+01  5.41169527e+03  1.79988580e+02
 5.84341413e+03  4.69783502e+01  5.84341413e+03  1.79987669e+02
 6.30957344e+03  4.69783542e+01  6.30957344e+03  1.79986685e+02
 6.81292069e+03  4.69783589e+01  6.81292069e+03  1.79985623e+02
 7.35642254e+03  4.69783643e+01  7.35642254e+03  1.79984476e+02
 7.94328235e+03  4.69783707e+01  7.94328235e+03  1.79983238e+02
 8.57695899e+03  4.69783781e+01  8.57695899e+03  1.79981901e+02
 9.26118728e+03  4.69783867e+01  9.26118728e+03  1.79980457e+02
 1.00000000e+04  4.69783967e+01  1.00000000e+04  1.79978898e+02
 1.07977516e+04  4.69784085e+01  1.07977516e+04  1.79977214e+02
 1.16591440e+04  4.69784221e+01  1.16591440e+04  1.79975396e+02
 1.25892541e+04  4.69784380e+01  1.25892541e+04  1.79973433e+02
 1.35935639e+04  4.69784566e+01  1.35935639e+04  1.79971314e+02
 1.46779927e+04  4.69784783e+01  1.46779927e+04  1.79969025e+02
 1.58489319e+04  4.69785035e+01  1.58489319e+04  1.79966554e+02
 1.71132830e+04  4.69785329e+01  1.71132830e+04  1.79963886e+02
 1.84784980e+04  4.69785672e+01  1.84784980e+04  1.79961005e+02
 1.99526231e+04  4.69786072e+01  1.99526231e+04  1.79957894e+02
 2.15443469e+04  4.69786539e+01  2.15443469e+04  1.79954534e+02
 2.32630507e+04  4.69787083e+01  2.32630507e+04  1.79950907e+02
 2.51188643e+04  4.69787717e+01  2.51188643e+04  1.79946990e+02
 2.71227258e+04  4.69788456e+01  2.71227258e+04  1.79942760e+02
 2.92864456e+04  4.69789318e+01  2.92864456e+04  1.79938193e+02
 3.16227766e+04  4.69790322e+01  3.16227766e+04  1.79933261e+02
 3.41454887e+04  4.69791494e+01  3.41454887e+04  1.79927935e+02
 3.68694506e+04  4.69792860e+01  3.68694506e+04  1.79922184e+02
 3.98107171e+04  4.69794453e+01  3.98107171e+04  1.79915974e+02
 4.29866235e+04  4.69796310e+01  4.29866235e+04  1.79909268e+02
 4.64158883e+04  4.69798475e+01  4.64158883e+04  1.79902026e+02
 5.01187234e+04  4.69800999e+01  5.01187234e+04  1.79894205e+02
 5.41169527e+04  4.69803943e+01  5.41169527e+04  1.79885759e+02
 5.84341413e+04  4.69807375e+01  5.84341413e+04  1.79876638e+02
 6.30957344e+04  4.69811376e+01  6.30957344e+04  1.79866787e+02
 6.81292069e+04  4.69816042e+01  6.81292069e+04  1.79856148e+02
 7.35642254e+04  4.69821481e+01  7.35642254e+04  1.79844657e+02
 7.94328235e+04  4.69827824e+01  7.94328235e+04  1.79832245e+02
 8.57695899e+04  4.69835220e+01  8.57695899e+04  1.79818838e+02
 9.26118728e+04  4.69843843e+01  9.26118728e+04  1.79804356e+02
 1.00000000e+05  4.69853898e+01  1.00000000e+05  1.79788710e+02
 1.07977516e+05  4.69865625e+01  1.07977516e+05  1.79771806e+02
 1.16591440e+05  4.69879296e+01  1.16591440e+05  1.79753541e+02
 1.25892541e+05  4.69895241e+01  1.25892541e+05  1.79733803e+02
 1.35935639e+05  4.69913831e+01  1.35935639e+05  1.79712471e+02
 1.46779927e+05  4.69935514e+01  1.46779927e+05  1.79689412e+02
 1.58489319e+05  4.69960802e+01  1.58489319e+05  1.79664482e+02
 1.71132830e+05  4.69990291e+01  1.71132830e+05  1.79637523e+02
 1.84784980e+05  4.70024685e+01  1.84784980e+05  1.79608364e+02
 1.99526231e+05  4.70064807e+01  1.99526231e+05  1.79576815e+02
 2.15443469e+05  4.70111604e+01  2.15443469e+05  1.79542670e+02
 2.32630507e+05  4.70166189e+01  2.32630507e+05  1.79505701e+02
 2.51188643e+05  4.70229884e+01  2.51188643e+05  1.79465656e+02
 2.71227258e+05  4.70304201e+01  2.71227258e+05  1.79422257e+02
 2.92864456e+05  4.70390912e+01  2.92864456e+05  1.79375194e+02
 3.16227766e+05  4.70492137e+01  3.16227766e+05  1.79324122e+02
 3.41454887e+05  4.70610290e+01  3.41454887e+05  1.79268654e+02
 3.68694506e+05  4.70748237e+01  3.68694506e+05  1.79208354e+02
 3.98107171e+05  4.70909354e+01  3.98107171e+05  1.79142728e+02
 4.29866235e+05  4.71097536e+01  4.29866235e+05  1.79071215e+02
 4.64158883e+05  4.71317472e+01  4.64158883e+05  1.78993169e+02
 5.01187234e+05  4.71574548e+01  5.01187234e+05  1.78907846e+02
 5.41169527e+05  4.71875170e+01  5.41169527e+05  1.78814382e+02
 5.84341413e+05  4.72227037e+01  5.84341413e+05  1.78711760e+02
 6.30957344e+05  4.72638947e+01  6.30957344e+05  1.78598783e+02
 6.81292069e+05  4.73121570e+01  6.81292069e+05  1.78474018e+02
 7.35642254e+05  4.73687505e+01  7.35642254e+05  1.78335743e+02
 7.94328235e+05  4.74351904e+01  7.94328235e+05  1.78181859e+02
 8.57695899e+05  4.75132737e+01  8.57695899e+05  1.78009788e+02
 9.26118728e+05  4.76051642e+01  9.26118728e+05  1.77816332e+02
 1.00000000e+06  4.77134724e+01  1.00000000e+06  1.77597450e+02
 1.07977516e+06  4.78414183e+01  1.07977516e+06  1.77348003e+02
 1.16591440e+06  4.79928946e+01  1.16591440e+06  1.77061342e+02
 1.25892541e+06  4.81727253e+01  1.25892541e+06  1.76728734e+02
 1.35935639e+06  4.83869626e+01  1.35935639e+06  1.76338496e+02
 1.46779927e+06  4.86431977e+01  1.46779927e+06  1.75874681e+02
 1.58489319e+06  4.89512035e+01  1.58489319e+06  1.75315066e+02
 1.71132830e+06  4.93237983e+01  1.71132830e+06  1.74627694e+02
 1.84784980e+06  4.97778015e+01  1.84784980e+06  1.73765318e+02
 1.99526231e+06  5.03363072e+01  1.99526231e+06  1.72655026e+02
 2.15443469e+06  5.10316347e+01  2.15443469e+06  1.71179057e+02
 2.32630507e+06  5.19103005e+01  2.32630507e+06  1.69135039e+02
 2.51188643e+06  5.30417901e+01  2.51188643e+06  1.66147529e+02
 2.71227258e+06  5.45315951e+01  2.71227258e+06  1.61446404e+02
 2.92864456e+06  5.65280202e+01  2.92864456e+06  1.53241738e+02
 3.16227766e+06  5.90963414e+01  3.16227766e+06  1.36876002e+02
 3.41454887e+06  6.10671727e+01  3.41454887e+06  1.03173314e+02
 3.68694506e+06  5.91241361e+01  3.68694506e+06  6.26749449e+01
 3.98107171e+06  5.51530434e+01  3.98107171e+06  4.01879381e+01
 4.29866235e+06  5.15626870e+01  4.29866235e+06  2.95011215e+01
 4.64158883e+06  4.85385369e+01  4.64158883e+06  2.37915834e+01
 5.01187234e+06  4.59298909e+01  5.01187234e+06  2.04057653e+01
 5.41169527e+06  4.36116731e+01  5.41169527e+06  1.82643862e+01
 5.84341413e+06  4.15008917e+01  5.84341413e+06  1.68686259e+01
 6.30957344e+06  3.95421811e+01  6.30957344e+06  1.59600473e+01
 6.81292069e+06  3.76972161e+01  6.81292069e+06  1.53953720e+01
 7.35642254e+06  3.59391713e+01  7.35642254e+06  1.50884650e+01
 7.94328235e+06  3.42481269e+01  7.94328235e+06  1.49872044e+01
 8.57695899e+06  3.26092579e+01  8.57695899e+06  1.50579960e+01
 9.26118728e+06  3.10102126e+01  9.26118728e+06  1.52812623e+01
 1.00000000e+07  2.94414552e+01  1.00000000e+07  1.56455264e+01
 1.07977516e+07  2.78956209e+01  1.07977516e+07  1.61512767e+01
 1.16591440e+07  2.63654523e+01  1.16591440e+07  1.67869029e+01
 1.25892541e+07  2.48460754e+01  1.25892541e+07  1.75700850e+01
 1.35935639e+07  2.33274164e+01  1.35935639e+07  1.85107785e+01
 1.46779927e+07  2.18112995e+01  1.46779927e+07  1.96059112e+01
 1.58489319e+07  2.02870666e+01  1.58489319e+07  2.08969863e+01
 1.71132830e+07  1.87565948e+01  1.71132830e+07  2.24056093e+01
 1.84784980e+07  1.72048825e+01  1.84784980e+07  2.41742528e+01
 1.99526231e+07  1.56361375e+01  1.99526231e+07  2.62156750e+01
 2.15443469e+07  1.40414948e+01  2.15443469e+07  2.86565690e+01
 2.32630507e+07  1.24175132e+01  2.32630507e+07  3.15338709e+01
 2.51188643e+07  1.07557595e+01  2.51188643e+07  3.49721099e+01
 2.71227258e+07  9.05812623e+00  2.71227258e+07  3.91832303e+01
 2.92864456e+07  7.32885945e+00  2.92864456e+07  4.42235912e+01
 3.16227766e+07  5.58555520e+00  3.16227766e+07  5.05001424e+01
 3.41454887e+07  3.86742624e+00  3.41454887e+07  5.83857110e+01
 3.68694506e+07  2.25376813e+00  3.68694506e+07  6.81441279e+01
 3.98107171e+07  8.09822527e-01  3.98107171e+07  7.98207964e+01
 4.29866235e+07  -2.11171580e-01  4.29866235e+07  9.31230908e+01
 4.64158883e+07  -8.09605747e-01  4.64158883e+07  1.07074630e+02
 5.01187234e+07  -9.64623339e-01  5.01187234e+07  1.20243634e+02
 5.41169527e+07  -7.42246286e-01  5.41169527e+07  1.31201971e+02
 5.84341413e+07  -3.86644720e-01  5.84341413e+07  1.40980097e+02
 6.30957344e+07  9.35391488e-02  6.30957344e+07  1.48875228e+02
 6.81292069e+07  4.99007627e-01  6.81292069e+07  1.55605894e+02
 7.35642254e+07  1.01314885e+00  7.35642254e+07  1.61095714e+02
 7.94328235e+07  1.46560567e+00  7.94328235e+07  1.65587994e+02
 8.57695899e+07  1.80564249e+00  8.57695899e+07  1.69533815e+02
 9.26118728e+07  2.29296487e+00  9.26118728e+07  1.72832957e+02
 1.00000000e+08  2.62185853e+00  1.00000000e+08  1.75953492e+02
 1.07977516e+08  2.93194247e+00  1.07977516e+08  1.78821464e+02
 1.16591440e+08  3.43884352e+00  1.16591440e+08  1.81045686e+02
 1.25892541e+08  3.65490545e+00  1.25892541e+08  1.83378391e+02
 1.35935639e+08  4.05892518e+00  1.35935639e+08  1.85119834e+02
 1.46779927e+08  4.40292970e+00  1.46779927e+08  1.86412506e+02
 1.58489319e+08  4.61692773e+00  1.58489319e+08  1.88208063e+02
 1.71132830e+08  5.01222367e+00  1.71132830e+08  1.89179257e+02
 1.84784980e+08  5.40733009e+00  1.84784980e+08  1.89623430e+02
 1.99526231e+08  5.75838548e+00  1.99526231e+08  1.89990684e+02
 2.15443469e+08  5.99959095e+00  2.15443469e+08  1.90383840e+02
 2.32630507e+08  6.42324036e+00  2.32630507e+08  1.90058299e+02
 2.51188643e+08  6.19970182e+00  2.51188643e+08  1.89779182e+02
 2.71227258e+08  6.52210705e+00  2.71227258e+08  1.89026095e+02
 2.92864456e+08  7.07049067e+00  2.92864456e+08  1.88352595e+02
 3.16227766e+08  7.98910570e+00  3.16227766e+08  1.87675830e+02
 3.41454887e+08  7.62813381e+00  3.41454887e+08  1.86771077e+02
 3.68694506e+08  7.30360695e+00  3.68694506e+08  1.85678171e+02
 3.98107171e+08  8.21984212e+00  3.98107171e+08  1.84982092e+02
 4.29866235e+08  6.92230739e+00  4.29866235e+08  1.84363585e+02
 4.64158883e+08  6.95758366e+00  4.64158883e+08  1.83488661e+02
 5.01187234e+08  7.20590271e+00  5.01187234e+08  1.83008652e+02
 5.41169527e+08  7.82104340e+00  5.41169527e+08  1.82256912e+02
 5.84341413e+08  8.96788267e+00  5.84341413e+08  1.82137198e+02
 6.30957344e+08  7.60472692e+00  6.30957344e+08  1.81317634e+02
 6.81292069e+08  6.27119135e+00  6.81292069e+08  1.81443429e+02
 7.35642254e+08  8.43853902e+00  7.35642254e+08  1.81264021e+02
 7.94328235e+08  1.31059031e+01  7.94328235e+08  1.81181791e+02
 8.57695899e+08  5.73332300e+00  8.57695899e+08  1.80490208e+02
 9.26118728e+08  1.04008867e+01  9.26118728e+08  1.81327591e+02
 1.00000000e+09  5.21190494e+01  1.00000000e+09  9.15782686e+01
