 1.00000000e+00  4.75050882e+01  1.00000000e+00  1.79999998e+02
 1.07977516e+00  4.75050882e+01  1.07977516e+00  1.79999997e+02
 1.16591440e+00  4.75050882e+01  1.16591440e+00  1.79999997e+02
 1.25892541e+00  4.75050882e+01  1.25892541e+00  1.79999997e+02
 1.35935639e+00  4.75050882e+01  1.35935639e+00  1.79999997e+02
 1.46779927e+00  4.75050882e+01  1.46779927e+00  1.79999996e+02
 1.58489319e+00  4.75050882e+01  1.58489319e+00  1.79999996e+02
 1.71132830e+00  4.75050882e+01  1.71132830e+00  1.79999996e+02
 1.84784980e+00  4.75050882e+01  1.84784980e+00  1.79999995e+02
 1.99526231e+00  4.75050882e+01  1.99526231e+00  1.79999995e+02
 2.15443469e+00  4.75050882e+01  2.15443469e+00  1.79999995e+02
 2.32630507e+00  4.75050882e+01  2.32630507e+00  1.79999994e+02
 2.51188643e+00  4.75050882e+01  2.51188643e+00  1.79999994e+02
 2.71227258e+00  4.75050882e+01  2.71227258e+00  1.79999993e+02
 2.92864456e+00  4.75050882e+01  2.92864456e+00  1.79999993e+02
 3.16227766e+00  4.75050882e+01  3.16227766e+00  1.79999992e+02
 3.41454887e+00  4.75050882e+01  3.41454887e+00  1.79999992e+02
 3.68694506e+00  4.75050882e+01  3.68694506e+00  1.79999991e+02
 3.98107171e+00  4.75050882e+01  3.98107171e+00  1.79999990e+02
 4.29866235e+00  4.75050882e+01  4.29866235e+00  1.79999989e+02
 4.64158883e+00  4.75050882e+01  4.64158883e+00  1.79999989e+02
 5.01187234e+00  4.75050882e+01  5.01187234e+00  1.79999988e+02
 5.41169527e+00  4.75050882e+01  5.41169527e+00  1.79999987e+02
 5.84341413e+00  4.75050882e+01  5.84341413e+00  1.79999986e+02
 6.30957344e+00  4.75050882e+01  6.30957344e+00  1.79999984e+02
 6.81292069e+00  4.75050882e+01  6.81292069e+00  1.79999983e+02
 7.35642254e+00  4.75050882e+01  7.35642254e+00  1.79999982e+02
 7.94328235e+00  4.75050882e+01  7.94328235e+00  1.79999980e+02
 8.57695899e+00  4.75050882e+01  8.57695899e+00  1.79999979e+02
 9.26118728e+00  4.75050882e+01  9.26118728e+00  1.79999977e+02
 1.00000000e+01  4.75050882e+01  1.00000000e+01  1.79999975e+02
 1.07977516e+01  4.75050882e+01  1.07977516e+01  1.79999973e+02
 1.16591440e+01  4.75050882e+01  1.16591440e+01  1.79999971e+02
 1.25892541e+01  4.75050882e+01  1.25892541e+01  1.79999969e+02
 1.35935639e+01  4.75050882e+01  1.35935639e+01  1.79999966e+02
 1.46779927e+01  4.75050882e+01  1.46779927e+01  1.79999964e+02
 1.58489319e+01  4.75050882e+01  1.58489319e+01  1.79999961e+02
 1.71132830e+01  4.75050882e+01  1.71132830e+01  1.79999958e+02
 1.84784980e+01  4.75050882e+01  1.84784980e+01  1.79999954e+02
 1.99526231e+01  4.75050882e+01  1.99526231e+01  1.79999951e+02
 2.15443469e+01  4.75050882e+01  2.15443469e+01  1.79999947e+02
 2.32630507e+01  4.75050882e+01  2.32630507e+01  1.79999942e+02
 2.51188643e+01  4.75050882e+01  2.51188643e+01  1.79999938e+02
 2.71227258e+01  4.75050882e+01  2.71227258e+01  1.79999933e+02
 2.92864456e+01  4.75050882e+01  2.92864456e+01  1.79999928e+02
 3.16227766e+01  4.75050882e+01  3.16227766e+01  1.79999922e+02
 3.41454887e+01  4.75050882e+01  3.41454887e+01  1.79999915e+02
 3.68694506e+01  4.75050882e+01  3.68694506e+01  1.79999909e+02
 3.98107171e+01  4.75050882e+01  3.98107171e+01  1.79999901e+02
 4.29866235e+01  4.75050882e+01  4.29866235e+01  1.79999894e+02
 4.64158883e+01  4.75050882e+01  4.64158883e+01  1.79999885e+02
 5.01187234e+01  4.75050882e+01  5.01187234e+01  1.79999876e+02
 5.41169527e+01  4.75050882e+01  5.41169527e+01  1.79999866e+02
 5.84341413e+01  4.75050882e+01  5.84341413e+01  1.79999855e+02
 6.30957344e+01  4.75050882e+01  6.30957344e+01  1.79999844e+02
 6.81292069e+01  4.75050882e+01  6.81292069e+01  1.79999831e+02
 7.35642254e+01  4.75050882e+01  7.35642254e+01  1.79999818e+02
 7.94328235e+01  4.75050882e+01  7.94328235e+01  1.79999803e+02
 8.57695899e+01  4.75050882e+01  8.57695899e+01  1.79999788e+02
 9.26118728e+01  4.75050882e+01  9.26118728e+01  1.79999771e+02
 1.00000000e+02  4.75050882e+01  1.00000000e+02  1.79999753e+02
 1.07977516e+02  4.75050882e+01  1.07977516e+02  1.79999733e+02
 1.16591440e+02  4.75050882e+01  1.16591440e+02  1.79999711e+02
 1.25892541e+02  4.75050882e+01  1.25892541e+02  1.79999688e+02
 1.35935639e+02  4.75050882e+01  1.35935639e+02  1.79999664e+02
 1.46779927e+02  4.75050882e+01  1.46779927e+02  1.79999637e+02
 1.58489319e+02  4.75050882e+01  1.58489319e+02  1.79999608e+02
 1.71132830e+02  4.75050882e+01  1.71132830e+02  1.79999576e+02
 1.84784980e+02  4.75050882e+01  1.84784980e+02  1.79999543e+02
 1.99526231e+02  4.75050882e+01  1.99526231e+02  1.79999506e+02
 2.15443469e+02  4.75050882e+01  2.15443469e+02  1.79999467e+02
 2.32630507e+02  4.75050882e+01  2.32630507e+02  1.79999424e+02
 2.51188643e+02  4.75050882e+01  2.51188643e+02  1.79999378e+02
 2.71227258e+02  4.75050882e+01  2.71227258e+02  1.79999329e+02
 2.92864456e+02  4.75050882e+01  2.92864456e+02  1.79999275e+02
 3.16227766e+02  4.75050882e+01  3.16227766e+02  1.79999217e+02
 3.41454887e+02  4.75050882e+01  3.41454887e+02  1.79999155e+02
 3.68694506e+02  4.75050883e+01  3.68694506e+02  1.79999088e+02
 3.98107171e+02  4.75050883e+01  3.98107171e+02  1.79999015e+02
 4.29866235e+02  4.75050883e+01  4.29866235e+02  1.79998936e+02
 4.64158883e+02  4.75050883e+01  4.64158883e+02  1.79998851e+02
 5.01187234e+02  4.75050883e+01  5.01187234e+02  1.79998760e+02
 5.41169527e+02  4.75050884e+01  5.41169527e+02  1.79998661e+02
 5.84341413e+02  4.75050884e+01  5.84341413e+02  1.79998554e+02
 6.30957344e+02  4.75050885e+01  6.30957344e+02  1.79998438e+02
 6.81292069e+02  4.75050885e+01  6.81292069e+02  1.79998314e+02
 7.35642254e+02  4.75050886e+01  7.35642254e+02  1.79998179e+02
 7.94328235e+02  4.75050886e+01  7.94328235e+02  1.79998034e+02
 8.57695899e+02  4.75050887e+01  8.57695899e+02  1.79997877e+02
 9.26118728e+02  4.75050888e+01  9.26118728e+02  1.79997708e+02
 1.00000000e+03  4.75050889e+01  1.00000000e+03  1.79997525e+02
 1.07977516e+03  4.75050890e+01  1.07977516e+03  1.79997328e+02
 1.16591440e+03  4.75050892e+01  1.16591440e+03  1.79997115e+02
 1.25892541e+03  4.75050894e+01  1.25892541e+03  1.79996884e+02
 1.35935639e+03  4.75050896e+01  1.35935639e+03  1.79996636e+02
 1.46779927e+03  4.75050898e+01  1.46779927e+03  1.79996367e+02
 1.58489319e+03  4.75050901e+01  1.58489319e+03  1.79996078e+02
 1.71132830e+03  4.75050904e+01  1.71132830e+03  1.79995765e+02
 1.84784980e+03  4.75050908e+01  1.84784980e+03  1.79995427e+02
 1.99526231e+03  4.75050912e+01  1.99526231e+03  1.79995062e+02
 2.15443469e+03  4.75050917e+01  2.15443469e+03  1.79994668e+02
 2.32630507e+03  4.75050923e+01  2.32630507e+03  1.79994243e+02
 2.51188643e+03  4.75050930e+01  2.51188643e+03  1.79993784e+02
 2.71227258e+03  4.75050937e+01  2.71227258e+03  1.79993288e+02
 2.92864456e+03  4.75050947e+01  2.92864456e+03  1.79992752e+02
 3.16227766e+03  4.75050958e+01  3.16227766e+03  1.79992174e+02
 3.41454887e+03  4.75050970e+01  3.41454887e+03  1.79991550e+02
 3.68694506e+03  4.75050985e+01  3.68694506e+03  1.79990875e+02
 3.98107171e+03  4.75051002e+01  3.98107171e+03  1.79990148e+02
 4.29866235e+03  4.75051022e+01  4.29866235e+03  1.79989362e+02
 4.64158883e+03  4.75051045e+01  4.64158883e+03  1.79988513e+02
 5.01187234e+03  4.75051073e+01  5.01187234e+03  1.79987597e+02
 5.41169527e+03  4.75051104e+01  5.41169527e+03  1.79986607e+02
 5.84341413e+03  4.75051141e+01  5.84341413e+03  1.79985539e+02
 6.30957344e+03  4.75051184e+01  6.30957344e+03  1.79984385e+02
 6.81292069e+03  4.75051234e+01  6.81292069e+03  1.79983139e+02
 7.35642254e+03  4.75051293e+01  7.35642254e+03  1.79981794e+02
 7.94328235e+03  4.75051361e+01  7.94328235e+03  1.79980342e+02
 8.57695899e+03  4.75051441e+01  8.57695899e+03  1.79978773e+02
 9.26118728e+03  4.75051534e+01  9.26118728e+03  1.79977080e+02
 1.00000000e+04  4.75051642e+01  1.00000000e+04  1.79975252e+02
 1.07977516e+04  4.75051768e+01  1.07977516e+04  1.79973277e+02
 1.16591440e+04  4.75051915e+01  1.16591440e+04  1.79971145e+02
 1.25892541e+04  4.75052087e+01  1.25892541e+04  1.79968843e+02
 1.35935639e+04  4.75052286e+01  1.35935639e+04  1.79966358e+02
 1.46779927e+04  4.75052520e+01  1.46779927e+04  1.79963674e+02
 1.58489319e+04  4.75052791e+01  1.58489319e+04  1.79960776e+02
 1.71132830e+04  4.75053108e+01  1.71132830e+04  1.79957646e+02
 1.84784980e+04  4.75053478e+01  1.84784980e+04  1.79954267e+02
 1.99526231e+04  4.75053908e+01  1.99526231e+04  1.79950619e+02
 2.15443469e+04  4.75054411e+01  2.15443469e+04  1.79946679e+02
 2.32630507e+04  4.75054996e+01  2.32630507e+04  1.79942424e+02
 2.51188643e+04  4.75055679e+01  2.51188643e+04  1.79937831e+02
 2.71227258e+04  4.75056475e+01  2.71227258e+04  1.79932870e+02
 2.92864456e+04  4.75057403e+01  2.92864456e+04  1.79927514e+02
 3.16227766e+04  4.75058485e+01  3.16227766e+04  1.79921730e+02
 3.41454887e+04  4.75059746e+01  3.41454887e+04  1.79915484e+02
 3.68694506e+04  4.75061217e+01  3.68694506e+04  1.79908740e+02
 3.98107171e+04  4.75062932e+01  3.98107171e+04  1.79901457e+02
 4.29866235e+04  4.75064932e+01  4.29866235e+04  1.79893592e+02
 4.64158883e+04  4.75067263e+01  4.64158883e+04  1.79885099e+02
 5.01187234e+04  4.75069981e+01  5.01187234e+04  1.79875927e+02
 5.41169527e+04  4.75073151e+01  5.41169527e+04  1.79866022e+02
 5.84341413e+04  4.75076846e+01  5.84341413e+04  1.79855325e+02
 6.30957344e+04  4.75081154e+01  6.30957344e+04  1.79843773e+02
 6.81292069e+04  4.75086178e+01  6.81292069e+04  1.79831296e+02
 7.35642254e+04  4.75092036e+01  7.35642254e+04  1.79817820e+02
 7.94328235e+04  4.75098866e+01  7.94328235e+04  1.79803265e+02
 8.57695899e+04  4.75106829e+01  8.57695899e+04  1.79787542e+02
 9.26118728e+04  4.75116116e+01  9.26118728e+04  1.79770559e+02
 1.00000000e+05  4.75126943e+01  1.00000000e+05  1.79752211e+02
 1.07977516e+05  4.75139569e+01  1.07977516e+05  1.79732389e+02
 1.16591440e+05  4.75154291e+01  1.16591440e+05  1.79710971e+02
 1.25892541e+05  4.75171462e+01  1.25892541e+05  1.79687826e+02
 1.35935639e+05  4.75191481e+01  1.35935639e+05  1.79662812e+02
 1.46779927e+05  4.75214831e+01  1.46779927e+05  1.79635774e+02
 1.58489319e+05  4.75242063e+01  1.58489319e+05  1.79606543e+02
 1.71132830e+05  4.75273821e+01  1.71132830e+05  1.79574935e+02
 1.84784980e+05  4.75310865e+01  1.84784980e+05  1.79540748e+02
 1.99526231e+05  4.75354069e+01  1.99526231e+05  1.79503762e+02
 2.15443469e+05  4.75404475e+01  2.15443469e+05  1.79463734e+02
 2.32630507e+05  4.75463274e+01  2.32630507e+05  1.79420399e+02
 2.51188643e+05  4.75531877e+01  2.51188643e+05  1.79373461e+02
 2.71227258e+05  4.75611934e+01  2.71227258e+05  1.79322596e+02
 2.92864456e+05  4.75705364e+01  2.92864456e+05  1.79267443e+02
 3.16227766e+05  4.75814407e+01  3.16227766e+05  1.79207598e+02
 3.41454887e+05  4.75941715e+01  3.41454887e+05  1.79142611e+02
 3.68694506e+05  4.76090385e+01  3.68694506e+05  1.79071973e+02
 3.98107171e+05  4.76264020e+01  3.98107171e+05  1.78995110e+02
 4.29866235e+05  4.76466868e+01  4.29866235e+05  1.78911367e+02
 4.64158883e+05  4.76703982e+01  4.64158883e+05  1.78819994e+02
 5.01187234e+05  4.76981218e+01  5.01187234e+05  1.78720126e+02
 5.41169527e+05  4.77305526e+01  5.41169527e+05  1.78610756e+02
 5.84341413e+05  4.77685136e+01  5.84341413e+05  1.78490704e+02
 6.30957344e+05  4.78129768e+01  6.30957344e+05  1.78358577e+02
 6.81292069e+05  4.78650914e+01  6.81292069e+05  1.78212710e+02
 7.35642254e+05  4.79262390e+01  7.35642254e+05  1.78051094e+02
 7.94328235e+05  4.79980560e+01  7.94328235e+05  1.77871291e+02
 8.57695899e+05  4.80825157e+01  8.57695899e+05  1.77670289e+02
 9.26118728e+05  4.81819921e+01  9.26118728e+05  1.77444338e+02
 1.00000000e+06  4.82993757e+01  1.00000000e+06  1.77188708e+02
 1.07977516e+06  4.84381634e+01  1.07977516e+06  1.76897341e+02
 1.16591440e+06  4.86027206e+01  1.16591440e+06  1.76562363e+02
 1.25892541e+06  4.87983884e+01  1.25892541e+06  1.76173365e+02
 1.35935639e+06  4.90319504e+01  1.35935639e+06  1.75716330e+02
 1.46779927e+06  4.93119204e+01  1.46779927e+06  1.75171962e+02
 1.58489319e+06  4.96495399e+01  1.58489319e+06  1.74512951e+02
 1.71132830e+06  5.00592673e+01  1.71132830e+06  1.73699669e+02
 1.84784980e+06  5.05607495e+01  1.84784980e+06  1.72672260e+02
 1.99526231e+06  5.11810639e+01  1.99526231e+06  1.71336547e+02
 2.15443469e+06  5.19584388e+01  2.15443469e+06  1.69536031e+02
 2.32630507e+06  5.29489249e+01  2.32630507e+06  1.66992397e+02
 2.51188643e+06  5.42367443e+01  2.51188643e+06  1.63165665e+02
 2.71227258e+06  5.59457836e+01  2.71227258e+06  1.56885693e+02
 2.92864456e+06  5.82108435e+01  2.92864456e+06  1.45279124e+02
 3.16227766e+06  6.07319690e+01  3.16227766e+06  1.21257098e+02
 3.41454887e+06  6.09328825e+01  3.41454887e+06  8.07132704e+01
 3.68694506e+06  5.75251217e+01  3.68694506e+06  4.90964974e+01
 3.98107171e+06  5.37031746e+01  3.98107171e+06  3.37019342e+01
 4.29866235e+06  5.04338949e+01  4.29866235e+06  2.58870531e+01
 4.64158883e+06  4.76450007e+01  4.64158883e+06  2.14215847e+01
 5.01187234e+06  4.51971764e+01  5.01187234e+06  1.86457611e+01
 5.41169527e+06  4.29905984e+01  5.41169527e+06  1.68329019e+01
 5.84341413e+06  4.09593929e+01  5.84341413e+06  1.56249435e+01
 6.30957344e+06  3.90584473e+01  6.30957344e+06  1.48283902e+01
 6.81292069e+06  3.72554671e+01  6.81292069e+06  1.43305884e+01
 7.35642254e+06  3.55292381e+01  7.35642254e+06  1.40647594e+01
 7.94328235e+06  3.38604426e+01  7.94328235e+06  1.39890963e+01
 8.57695899e+06  3.22378115e+01  8.57695899e+06  1.40738470e+01
 9.26118728e+06  3.06493456e+01  9.26118728e+06  1.43079371e+01
 1.00000000e+07  2.90866278e+01  1.00000000e+07  1.46747465e+01
 1.07977516e+07  2.75451706e+01  1.07977516e+07  1.51763358e+01
 1.16591440e+07  2.60147954e+01  1.16591440e+07  1.58168098e+01
 1.25892541e+07  2.44919970e+01  1.25892541e+07  1.65943079e+01
 1.35935639e+07  2.29727971e+01  1.35935639e+07  1.75322708e+01
 1.46779927e+07  2.14490299e+01  1.46779927e+07  1.86245812e+01
 1.58489319e+07  1.99165307e+01  1.58489319e+07  1.99083556e+01
 1.71132830e+07  1.83753885e+01  1.71132830e+07  2.14134072e+01
 1.84784980e+07  1.68104577e+01  1.84784980e+07  2.31678916e+01
 1.99526231e+07  1.52242352e+01  1.99526231e+07  2.52374793e+01
 2.15443469e+07  1.36102263e+01  2.15443469e+07  2.76403529e+01
 2.32630507e+07  1.19534409e+01  2.32630507e+07  3.05452846e+01
 2.51188643e+07  1.02594677e+01  2.51188643e+07  3.41057211e+01
 2.71227258e+07  8.52626977e+00  2.71227258e+07  3.82877872e+01
 2.92864456e+07  6.74847965e+00  2.92864456e+07  4.35948834e+01
 3.16227766e+07  4.95086232e+00  3.16227766e+07  5.01502895e+01
 3.41454887e+07  3.16989745e+00  3.41454887e+07  5.83555354e+01
 3.68694506e+07  1.48342541e+00  3.68694506e+07  6.85386676e+01
 3.98107171e+07  4.05714321e-02  3.98107171e+07  8.13735757e+01
 4.29866235e+07  -9.91672802e-01  4.29866235e+07  9.56822015e+01
 4.64158883e+07  -1.43553970e+00  4.64158883e+07  1.10048120e+02
 5.01187234e+07  -1.39670255e+00  5.01187234e+07  1.23207059e+02
 5.41169527e+07  -1.21044629e+00  5.41169527e+07  1.35703053e+02
 5.84341413e+07  -6.19297007e-01  5.84341413e+07  1.44606456e+02
 6.30957344e+07  -7.74060588e-02  6.30957344e+07  1.52244877e+02
 6.81292069e+07  4.11493312e-01  6.81292069e+07  1.58472453e+02
 7.35642254e+07  8.94010462e-01  7.35642254e+07  1.63782284e+02
 7.94328235e+07  1.37775357e+00  7.94328235e+07  1.67823777e+02
 8.57695899e+07  1.81506502e+00  8.57695899e+07  1.71946727e+02
 9.26118728e+07  2.30389750e+00  9.26118728e+07  1.74769327e+02
 1.00000000e+08  2.57999444e+00  1.00000000e+08  1.77968097e+02
 1.07977516e+08  3.05557284e+00  1.07977516e+08  1.80432691e+02
 1.16591440e+08  3.27456690e+00  1.16591440e+08  1.82508167e+02
 1.25892541e+08  3.70831497e+00  1.25892541e+08  1.84645089e+02
 1.35935639e+08  4.11984969e+00  1.35935639e+08  1.86529113e+02
 1.46779927e+08  4.47404235e+00  1.46779927e+08  1.88229082e+02
 1.58489319e+08  4.51145914e+00  1.58489319e+08  1.89508680e+02
 1.71132830e+08  5.30246076e+00  1.71132830e+08  1.89968316e+02
 1.84784980e+08  5.49457098e+00  1.84784980e+08  1.90993879e+02
 1.99526231e+08  5.85248931e+00  1.99526231e+08  1.91188657e+02
 2.15443469e+08  6.42425394e+00  2.15443469e+08  1.91067219e+02
 2.32630507e+08  6.91862864e+00  2.32630507e+08  1.91005098e+02
 2.51188643e+08  6.72357199e+00  2.51188643e+08  1.90550915e+02
 2.71227258e+08  7.68131695e+00  2.71227258e+08  1.89616430e+02
 2.92864456e+08  7.14317249e+00  2.92864456e+08  1.88894899e+02
 3.16227766e+08  7.31242718e+00  3.16227766e+08  1.88048785e+02
 3.41454887e+08  7.68352393e+00  3.41454887e+08  1.87217724e+02
 3.68694506e+08  8.37770527e+00  3.68694506e+08  1.86036434e+02
 3.98107171e+08  7.11155079e+00  3.98107171e+08  1.85238776e+02
 4.29866235e+08  8.31247474e+00  4.29866235e+08  1.84650289e+02
 4.64158883e+08  8.56140405e+00  4.64158883e+08  1.83879730e+02
 5.01187234e+08  7.21773964e+00  5.01187234e+08  1.83299766e+02
 5.41169527e+08  5.91689918e+00  5.41169527e+08  1.82505473e+02
 5.84341413e+08  8.99106870e+00  5.84341413e+08  1.82116763e+02
 6.30957344e+08  7.64345648e+00  6.30957344e+08  1.81820108e+02
 6.81292069e+08  9.78260481e+00  6.81292069e+08  1.81620696e+02
 7.35642254e+08  8.45191007e+00  7.35642254e+08  1.81709756e+02
 7.94328235e+08  7.10461449e+00  7.94328235e+08  1.80236724e+02
 8.57695899e+08  5.75544706e+00  8.57695899e+08  1.80670295e+02
 9.26118728e+08  4.40023072e+00  9.26118728e+08  1.80839012e+02
 1.00000000e+09  9.06736570e+00  1.00000000e+09  1.80572750e+02
