 1.00000000e+00  4.63856906e+01  1.00000000e+00  1.79999998e+02
 1.07977516e+00  4.63856906e+01  1.07977516e+00  1.79999998e+02
 1.16591440e+00  4.63856906e+01  1.16591440e+00  1.79999998e+02
 1.25892541e+00  4.63856906e+01  1.25892541e+00  1.79999998e+02
 1.35935639e+00  4.63856906e+01  1.35935639e+00  1.79999998e+02
 1.46779927e+00  4.63856906e+01  1.46779927e+00  1.79999998e+02
 1.58489319e+00  4.63856906e+01  1.58489319e+00  1.79999997e+02
 1.71132830e+00  4.63856906e+01  1.71132830e+00  1.79999997e+02
 1.84784980e+00  4.63856906e+01  1.84784980e+00  1.79999997e+02
 1.99526231e+00  4.63856906e+01  1.99526231e+00  1.79999997e+02
 2.15443469e+00  4.63856906e+01  2.15443469e+00  1.79999996e+02
 2.32630507e+00  4.63856906e+01  2.32630507e+00  1.79999996e+02
 2.51188643e+00  4.63856906e+01  2.51188643e+00  1.79999996e+02
 2.71227258e+00  4.63856906e+01  2.71227258e+00  1.79999995e+02
 2.92864456e+00  4.63856906e+01  2.92864456e+00  1.79999995e+02
 3.16227766e+00  4.63856906e+01  3.16227766e+00  1.79999995e+02
 3.41454887e+00  4.63856906e+01  3.41454887e+00  1.79999994e+02
 3.68694506e+00  4.63856906e+01  3.68694506e+00  1.79999994e+02
 3.98107171e+00  4.63856906e+01  3.98107171e+00  1.79999993e+02
 4.29866235e+00  4.63856906e+01  4.29866235e+00  1.79999993e+02
 4.64158883e+00  4.63856906e+01  4.64158883e+00  1.79999992e+02
 5.01187234e+00  4.63856906e+01  5.01187234e+00  1.79999992e+02
 5.41169527e+00  4.63856906e+01  5.41169527e+00  1.79999991e+02
 5.84341413e+00  4.63856906e+01  5.84341413e+00  1.79999990e+02
 6.30957344e+00  4.63856906e+01  6.30957344e+00  1.79999989e+02
 6.81292069e+00  4.63856906e+01  6.81292069e+00  1.79999989e+02
 7.35642254e+00  4.63856906e+01  7.35642254e+00  1.79999988e+02
 7.94328235e+00  4.63856906e+01  7.94328235e+00  1.79999987e+02
 8.57695899e+00  4.63856906e+01  8.57695899e+00  1.79999986e+02
 9.26118728e+00  4.63856906e+01  9.26118728e+00  1.79999984e+02
 1.00000000e+01  4.63856906e+01  1.00000000e+01  1.79999983e+02
 1.07977516e+01  4.63856906e+01  1.07977516e+01  1.79999982e+02
 1.16591440e+01  4.63856906e+01  1.16591440e+01  1.79999980e+02
 1.25892541e+01  4.63856906e+01  1.25892541e+01  1.79999979e+02
 1.35935639e+01  4.63856906e+01  1.35935639e+01  1.79999977e+02
 1.46779927e+01  4.63856906e+01  1.46779927e+01  1.79999975e+02
 1.58489319e+01  4.63856906e+01  1.58489319e+01  1.79999973e+02
 1.71132830e+01  4.63856906e+01  1.71132830e+01  1.79999971e+02
 1.84784980e+01  4.63856906e+01  1.84784980e+01  1.79999969e+02
 1.99526231e+01  4.63856906e+01  1.99526231e+01  1.79999966e+02
 2.15443469e+01  4.63856906e+01  2.15443469e+01  1.79999964e+02
 2.32630507e+01  4.63856906e+01  2.32630507e+01  1.79999961e+02
 2.51188643e+01  4.63856906e+01  2.51188643e+01  1.79999958e+02
 2.71227258e+01  4.63856906e+01  2.71227258e+01  1.79999954e+02
 2.92864456e+01  4.63856906e+01  2.92864456e+01  1.79999951e+02
 3.16227766e+01  4.63856906e+01  3.16227766e+01  1.79999947e+02
 3.41454887e+01  4.63856906e+01  3.41454887e+01  1.79999943e+02
 3.68694506e+01  4.63856906e+01  3.68694506e+01  1.79999938e+02
 3.98107171e+01  4.63856906e+01  3.98107171e+01  1.79999933e+02
 4.29866235e+01  4.63856906e+01  4.29866235e+01  1.79999928e+02
 4.64158883e+01  4.63856906e+01  4.64158883e+01  1.79999922e+02
 5.01187234e+01  4.63856906e+01  5.01187234e+01  1.79999916e+02
 5.41169527e+01  4.63856906e+01  5.41169527e+01  1.79999909e+02
 5.84341413e+01  4.63856906e+01  5.84341413e+01  1.79999902e+02
 6.30957344e+01  4.63856906e+01  6.30957344e+01  1.79999894e+02
 6.81292069e+01  4.63856906e+01  6.81292069e+01  1.79999886e+02
 7.35642254e+01  4.63856906e+01  7.35642254e+01  1.79999876e+02
 7.94328235e+01  4.63856906e+01  7.94328235e+01  1.79999867e+02
 8.57695899e+01  4.63856906e+01  8.57695899e+01  1.79999856e+02
 9.26118728e+01  4.63856906e+01  9.26118728e+01  1.79999844e+02
 1.00000000e+02  4.63856906e+01  1.00000000e+02  1.79999832e+02
 1.07977516e+02  4.63856906e+01  1.07977516e+02  1.79999819e+02
 1.16591440e+02  4.63856906e+01  1.16591440e+02  1.79999804e+02
 1.25892541e+02  4.63856906e+01  1.25892541e+02  1.79999789e+02
 1.35935639e+02  4.63856906e+01  1.35935639e+02  1.79999772e+02
 1.46779927e+02  4.63856906e+01  1.46779927e+02  1.79999753e+02
 1.58489319e+02  4.63856906e+01  1.58489319e+02  1.79999734e+02
 1.71132830e+02  4.63856906e+01  1.71132830e+02  1.79999713e+02
 1.84784980e+02  4.63856906e+01  1.84784980e+02  1.79999690e+02
 1.99526231e+02  4.63856906e+01  1.99526231e+02  1.79999665e+02
 2.15443469e+02  4.63856906e+01  2.15443469e+02  1.79999638e+02
 2.32630507e+02  4.63856906e+01  2.32630507e+02  1.79999609e+02
 2.51188643e+02  4.63856906e+01  2.51188643e+02  1.79999578e+02
 2.71227258e+02  4.63856906e+01  2.71227258e+02  1.79999544e+02
 2.92864456e+02  4.63856906e+01  2.92864456e+02  1.79999508e+02
 3.16227766e+02  4.63856906e+01  3.16227766e+02  1.79999469e+02
 3.41454887e+02  4.63856906e+01  3.41454887e+02  1.79999426e+02
 3.68694506e+02  4.63856907e+01  3.68694506e+02  1.79999381e+02
 3.98107171e+02  4.63856907e+01  3.98107171e+02  1.79999331e+02
 4.29866235e+02  4.63856907e+01  4.29866235e+02  1.79999278e+02
 4.64158883e+02  4.63856907e+01  4.64158883e+02  1.79999220e+02
 5.01187234e+02  4.63856907e+01  5.01187234e+02  1.79999158e+02
 5.41169527e+02  4.63856908e+01  5.41169527e+02  1.79999091e+02
 5.84341413e+02  4.63856908e+01  5.84341413e+02  1.79999018e+02
 6.30957344e+02  4.63856909e+01  6.30957344e+02  1.79998940e+02
 6.81292069e+02  4.63856909e+01  6.81292069e+02  1.79998855e+02
 7.35642254e+02  4.63856910e+01  7.35642254e+02  1.79998764e+02
 7.94328235e+02  4.63856910e+01  7.94328235e+02  1.79998666e+02
 8.57695899e+02  4.63856911e+01  8.57695899e+02  1.79998559e+02
 9.26118728e+02  4.63856912e+01  9.26118728e+02  1.79998444e+02
 1.00000000e+03  4.63856913e+01  1.00000000e+03  1.79998320e+02
 1.07977516e+03  4.63856915e+01  1.07977516e+03  1.79998186e+02
 1.16591440e+03  4.63856916e+01  1.16591440e+03  1.79998041e+02
 1.25892541e+03  4.63856918e+01  1.25892541e+03  1.79997885e+02
 1.35935639e+03  4.63856920e+01  1.35935639e+03  1.79997716e+02
 1.46779927e+03  4.63856922e+01  1.46779927e+03  1.79997534e+02
 1.58489319e+03  4.63856925e+01  1.58489319e+03  1.79997338e+02
 1.71132830e+03  4.63856928e+01  1.71132830e+03  1.79997125e+02
 1.84784980e+03  4.63856932e+01  1.84784980e+03  1.79996896e+02
 1.99526231e+03  4.63856936e+01  1.99526231e+03  1.79996648e+02
 2.15443469e+03  4.63856941e+01  2.15443469e+03  1.79996381e+02
 2.32630507e+03  4.63856947e+01  2.32630507e+03  1.79996092e+02
 2.51188643e+03  4.63856954e+01  2.51188643e+03  1.79995780e+02
 2.71227258e+03  4.63856962e+01  2.71227258e+03  1.79995444e+02
 2.92864456e+03  4.63856972e+01  2.92864456e+03  1.79995080e+02
 3.16227766e+03  4.63856983e+01  3.16227766e+03  1.79994688e+02
 3.41454887e+03  4.63856996e+01  3.41454887e+03  1.79994264e+02
 3.68694506e+03  4.63857011e+01  3.68694506e+03  1.79993806e+02
 3.98107171e+03  4.63857028e+01  3.98107171e+03  1.79993312e+02
 4.29866235e+03  4.63857049e+01  4.29866235e+03  1.79992779e+02
 4.64158883e+03  4.63857072e+01  4.64158883e+03  1.79992203e+02
 5.01187234e+03  4.63857100e+01  5.01187234e+03  1.79991581e+02
 5.41169527e+03  4.63857132e+01  5.41169527e+03  1.79990909e+02
 5.84341413e+03  4.63857170e+01  5.84341413e+03  1.79990184e+02
 6.30957344e+03  4.63857214e+01  6.30957344e+03  1.79989400e+02
 6.81292069e+03  4.63857265e+01  6.81292069e+03  1.79988555e+02
 7.35642254e+03  4.63857325e+01  7.35642254e+03  1.79987642e+02
 7.94328235e+03  4.63857394e+01  7.94328235e+03  1.79986656e+02
 8.57695899e+03  4.63857475e+01  8.57695899e+03  1.79985591e+02
 9.26118728e+03  4.63857570e+01  9.26118728e+03  1.79984442e+02
 1.00000000e+04  4.63857680e+01  1.00000000e+04  1.79983201e+02
 1.07977516e+04  4.63857808e+01  1.07977516e+04  1.79981860e+02
 1.16591440e+04  4.63857958e+01  1.16591440e+04  1.79980413e+02
 1.25892541e+04  4.63858133e+01  1.25892541e+04  1.79978851e+02
 1.35935639e+04  4.63858336e+01  1.35935639e+04  1.79977163e+02
 1.46779927e+04  4.63858574e+01  1.46779927e+04  1.79975342e+02
 1.58489319e+04  4.63858850e+01  1.58489319e+04  1.79973374e+02
 1.71132830e+04  4.63859173e+01  1.71132830e+04  1.79971250e+02
 1.84784980e+04  4.63859549e+01  1.84784980e+04  1.79968956e+02
 1.99526231e+04  4.63859988e+01  1.99526231e+04  1.79966479e+02
 2.15443469e+04  4.63860499e+01  2.15443469e+04  1.79963805e+02
 2.32630507e+04  4.63861096e+01  2.32630507e+04  1.79960917e+02
 2.51188643e+04  4.63861791e+01  2.51188643e+04  1.79957799e+02
 2.71227258e+04  4.63862601e+01  2.71227258e+04  1.79954431e+02
 2.92864456e+04  4.63863547e+01  2.92864456e+04  1.79950795e+02
 3.16227766e+04  4.63864648e+01  3.16227766e+04  1.79946869e+02
 3.41454887e+04  4.63865933e+01  3.41454887e+04  1.79942629e+02
 3.68694506e+04  4.63867431e+01  3.68694506e+04  1.79938050e+02
 3.98107171e+04  4.63869177e+01  3.98107171e+04  1.79933105e+02
 4.29866235e+04  4.63871214e+01  4.29866235e+04  1.79927766e+02
 4.64158883e+04  4.63873588e+01  4.64158883e+04  1.79922000e+02
 5.01187234e+04  4.63876356e+01  5.01187234e+04  1.79915773e+02
 5.41169527e+04  4.63879584e+01  5.41169527e+04  1.79909048e+02
 5.84341413e+04  4.63883347e+01  5.84341413e+04  1.79901785e+02
 6.30957344e+04  4.63887735e+01  6.30957344e+04  1.79893940e+02
 6.81292069e+04  4.63892851e+01  6.81292069e+04  1.79885468e+02
 7.35642254e+04  4.63898816e+01  7.35642254e+04  1.79876316e+02
 7.94328235e+04  4.63905772e+01  7.94328235e+04  1.79866431e+02
 8.57695899e+04  4.63913882e+01  8.57695899e+04  1.79855752e+02
 9.26118728e+04  4.63923337e+01  9.26118728e+04  1.79844215e+02
 1.00000000e+05  4.63934365e+01  1.00000000e+05  1.79831750e+02
 1.07977516e+05  4.63947225e+01  1.07977516e+05  1.79818282e+02
 1.16591440e+05  4.63962217e+01  1.16591440e+05  1.79803727e+02
 1.25892541e+05  4.63979704e+01  1.25892541e+05  1.79787995e+02
 1.35935639e+05  4.64000093e+01  1.35935639e+05  1.79770990e+02
 1.46779927e+05  4.64023869e+01  1.46779927e+05  1.79752603e+02
 1.58489319e+05  4.64051607e+01  1.58489319e+05  1.79732720e+02
 1.71132830e+05  4.64083949e+01  1.71132830e+05  1.79711212e+02
 1.84784980e+05  4.64121673e+01  1.84784980e+05  1.79687940e+02
 1.99526231e+05  4.64165686e+01  1.99526231e+05  1.79662752e+02
 2.15443469e+05  4.64217011e+01  2.15443469e+05  1.79635476e+02
 2.32630507e+05  4.64276904e+01  2.32630507e+05  1.79605928e+02
 2.51188643e+05  4.64346781e+01  2.51188643e+05  1.79573901e+02
 2.71227258e+05  4.64428319e+01  2.71227258e+05  1.79539164e+02
 2.92864456e+05  4.64523479e+01  2.92864456e+05  1.79501461e+02
 3.16227766e+05  4.64634569e+01  3.16227766e+05  1.79460505e+02
 3.41454887e+05  4.64764252e+01  3.41454887e+05  1.79415974e+02
 3.68694506e+05  4.64915698e+01  3.68694506e+05  1.79367494e+02
 3.98107171e+05  4.65092590e+01  3.98107171e+05  1.79314644e+02
 4.29866235e+05  4.65299273e+01  4.29866235e+05  1.79256958e+02
 4.64158883e+05  4.65540868e+01  4.64158883e+05  1.79193860e+02
 5.01187234e+05  4.65823382e+01  5.01187234e+05  1.79124717e+02
 5.41169527e+05  4.66153904e+01  5.41169527e+05  1.79048745e+02
 5.84341413e+05  4.66540876e+01  5.84341413e+05  1.78965079e+02
 6.30957344e+05  4.66994165e+01  6.30957344e+05  1.78872622e+02
 6.81292069e+05  4.67525585e+01  6.81292069e+05  1.78770085e+02
 7.35642254e+05  4.68149169e+01  7.35642254e+05  1.78655883e+02
 7.94328235e+05  4.68881756e+01  7.94328235e+05  1.78528101e+02
 8.57695899e+05  4.69743609e+01  8.57695899e+05  1.78384331e+02
 9.26118728e+05  4.70759248e+01  9.26118728e+05  1.78221531e+02
 1.00000000e+06  4.71957990e+01  1.00000000e+06  1.78035829e+02
 1.07977516e+06  4.73376241e+01  1.07977516e+06  1.77822341e+02
 1.16591440e+06  4.75058791e+01  1.16591440e+06  1.77574402e+02
 1.25892541e+06  4.77061414e+01  1.25892541e+06  1.77283623e+02
 1.35935639e+06  4.79454324e+01  1.35935639e+06  1.76938004e+02
 1.46779927e+06  4.82326645e+01  1.46779927e+06  1.76521171e+02
 1.58489319e+06  4.85795564e+01  1.58489319e+06  1.76010099e+02
 1.71132830e+06  4.90014744e+01  1.71132830e+06  1.75370603e+02
 1.84784980e+06  4.95194317e+01  1.84784980e+06  1.74550833e+02
 1.99526231e+06  5.01626210e+01  1.99526231e+06  1.73468129e+02
 2.15443469e+06  5.09733099e+01  2.15443469e+06  1.71983536e+02
 2.32630507e+06  5.20154630e+01  2.32630507e+06  1.69843675e+02
 2.51188643e+06  5.33894558e+01  2.51188643e+06  1.66543446e+02
 2.71227258e+06  5.52594417e+01  2.71227258e+06  1.60927597e+02
 2.92864456e+06  5.78662570e+01  2.92864456e+06  1.49862379e+02
 3.16227766e+06  6.10664196e+01  3.16227766e+06  1.23843461e+02
 3.41454887e+06  6.11661790e+01  3.41454887e+06  7.52539380e+01
 3.68694506e+06  5.68283408e+01  3.68694506e+06  4.28124214e+01
 3.98107171e+06  5.26574948e+01  3.98107171e+06  2.93276924e+01
 4.29866235e+06  4.92766081e+01  4.29866235e+06  2.28931236e+01
 4.64158883e+06  4.64470767e+01  4.64158883e+06  1.93430413e+01
 5.01187234e+06  4.39825713e+01  5.01187234e+06  1.72127026e+01
 5.41169527e+06  4.17693072e+01  5.41169527e+06  1.58875249e+01
 5.84341413e+06  3.97348664e+01  5.84341413e+06  1.50732175e+01
 6.30957344e+06  3.78325432e+01  6.30957344e+06  1.46109146e+01
 6.81292069e+06  3.60309580e+01  6.81292069e+06  1.44068562e+01
 7.35642254e+06  3.43042442e+01  7.35642254e+06  1.44103170e+01
 7.94328235e+06  3.26361657e+01  7.94328235e+06  1.45896149e+01
 8.57695899e+06  3.10144209e+01  8.57695899e+06  1.49228330e+01
 9.26118728e+06  2.94254946e+01  9.26118728e+06  1.54009728e+01
 1.00000000e+07  2.78654795e+01  1.00000000e+07  1.60135169e+01
 1.07977516e+07  2.63249171e+01  1.07977516e+07  1.67717179e+01
 1.16591440e+07  2.47945392e+01  1.16591440e+07  1.76802704e+01
 1.25892541e+07  2.32718728e+01  1.25892541e+07  1.87510975e+01
 1.35935639e+07  2.17534289e+01  1.35935639e+07  1.99829417e+01
 1.46779927e+07  2.02292638e+01  1.46779927e+07  2.14170432e+01
 1.58489319e+07  1.87035492e+01  1.58489319e+07  2.30648911e+01
 1.71132830e+07  1.71640925e+01  1.71132830e+07  2.49644091e+01
 1.84784980e+07  1.56049662e+01  1.84784980e+07  2.71968290e+01
 1.99526231e+07  1.40319751e+01  1.99526231e+07  2.97642194e+01
 2.15443469e+07  1.24254213e+01  2.15443469e+07  3.28174624e+01
 2.32630507e+07  1.07982899e+01  2.32630507e+07  3.63780555e+01
 2.51188643e+07  9.13549030e+00  2.51188643e+07  4.07321451e+01
 2.71227258e+07  7.46456032e+00  2.71227258e+07  4.59466225e+01
 2.92864456e+07  5.79183445e+00  2.92864456e+07  5.22701136e+01
 3.16227766e+07  4.14488120e+00  3.16227766e+07  6.02614530e+01
 3.41454887e+07  2.66458524e+00  3.41454887e+07  6.95679887e+01
 3.68694506e+07  1.24405971e+00  3.68694506e+07  8.09240765e+01
 3.98107171e+07  2.50806537e-01  3.98107171e+07  9.29370172e+01
 4.29866235e+07  -4.39218468e-01  4.29866235e+07  1.05838412e+02
 4.64158883e+07  -6.24793951e-01  4.64158883e+07  1.19055930e+02
 5.01187234e+07  -4.10272783e-01  5.01187234e+07  1.29073893e+02
 5.41169527e+07  -1.85405030e-01  5.41169527e+07  1.38843020e+02
 5.84341413e+07  2.14712369e-01  5.84341413e+07  1.47275775e+02
 6.30957344e+07  5.84704078e-01  6.30957344e+07  1.53437447e+02
 6.81292069e+07  1.11435967e+00  6.81292069e+07  1.58672753e+02
 7.35642254e+07  1.47304377e+00  7.35642254e+07  1.63557484e+02
 7.94328235e+07  1.80559993e+00  7.94328235e+07  1.67520718e+02
 8.57695899e+07  2.08567285e+00  8.57695899e+07  1.71382367e+02
 9.26118728e+07  2.59700512e+00  9.26118728e+07  1.74337194e+02
 1.00000000e+08  2.78572545e+00  1.00000000e+08  1.77115117e+02
 1.07977516e+08  3.42702996e+00  1.07977516e+08  1.79188509e+02
 1.16591440e+08  3.55315423e+00  1.16591440e+08  1.81940726e+02
 1.25892541e+08  3.72782438e+00  1.25892541e+08  1.83932265e+02
 1.35935639e+08  4.09488301e+00  1.35935639e+08  1.85974446e+02
 1.46779927e+08  4.40183491e+00  1.46779927e+08  1.87187805e+02
 1.58489319e+08  4.93512168e+00  1.58489319e+08  1.88344955e+02
 1.71132830e+08  5.13355429e+00  1.71132830e+08  1.89078644e+02
 1.84784980e+08  5.76467978e+00  1.84784980e+08  1.89779475e+02
 1.99526231e+08  5.55459019e+00  1.99526231e+08  1.89988312e+02
 2.15443469e+08  6.06738362e+00  2.15443469e+08  1.89708852e+02
 2.32630507e+08  6.06834999e+00  2.32630507e+08  1.89862693e+02
 2.51188643e+08  7.10561035e+00  2.51188643e+08  1.89046506e+02
 2.71227258e+08  7.01860950e+00  2.71227258e+08  1.88679637e+02
 2.92864456e+08  8.34397178e+00  2.92864456e+08  1.87704221e+02
 3.16227766e+08  6.49491294e+00  3.16227766e+08  1.87408797e+02
 3.41454887e+08  7.53403966e+00  3.41454887e+08  1.86392264e+02
 3.68694506e+08  7.18677123e+00  3.68694506e+08  1.85239527e+02
 3.98107171e+08  8.09895478e+00  3.98107171e+08  1.84724325e+02
 4.29866235e+08  5.65507677e+00  4.29866235e+08  1.84210135e+02
 4.64158883e+08  8.38869158e+00  4.64158883e+08  1.83080771e+02
 5.01187234e+08  8.99928448e+00  5.01187234e+08  1.83041496e+02
 5.41169527e+08  7.68512971e+00  5.41169527e+08  1.81866357e+02
 5.84341413e+08  6.30953821e+00  5.84341413e+08  1.81935891e+02
 6.30957344e+08  1.09888155e+01  6.30957344e+08  1.81741592e+02
 6.81292069e+08  9.63164890e+00  6.81292069e+08  1.81568516e+02
 7.35642254e+08  8.29776007e+00  7.35642254e+08  1.81697854e+02
 7.94328235e+08  3.43868816e+00  7.94328235e+08  1.80365832e+02
 8.57695899e+08  5.14400874e+01  8.57695899e+08  2.71665252e+02
 9.26118728e+08  1.02620226e+01  9.26118728e+08  1.81074678e+02
 1.00000000e+09  8.89401939e+00  1.00000000e+09  1.80132484e+02
