 1.00000000e+00  4.51315918e+01  1.00000000e+00  1.79999998e+02 
 1.07977516e+00  4.51315918e+01  1.07977516e+00  1.79999998e+02 
 1.16591440e+00  4.51315918e+01  1.16591440e+00  1.79999998e+02 
 1.25892541e+00  4.51315918e+01  1.25892541e+00  1.79999998e+02 
 1.35935639e+00  4.51315918e+01  1.35935639e+00  1.79999998e+02 
 1.46779927e+00  4.51315918e+01  1.46779927e+00  1.79999997e+02 
 1.58489319e+00  4.51315918e+01  1.58489319e+00  1.79999997e+02 
 1.71132830e+00  4.51315918e+01  1.71132830e+00  1.79999997e+02 
 1.84784980e+00  4.51315918e+01  1.84784980e+00  1.79999997e+02 
 1.99526231e+00  4.51315918e+01  1.99526231e+00  1.79999997e+02 
 2.15443469e+00  4.51315918e+01  2.15443469e+00  1.79999996e+02 
 2.32630507e+00  4.51315918e+01  2.32630507e+00  1.79999996e+02 
 2.51188643e+00  4.51315918e+01  2.51188643e+00  1.79999996e+02 
 2.71227258e+00  4.51315918e+01  2.71227258e+00  1.79999995e+02 
 2.92864456e+00  4.51315918e+01  2.92864456e+00  1.79999995e+02 
 3.16227766e+00  4.51315918e+01  3.16227766e+00  1.79999994e+02 
 3.41454887e+00  4.51315918e+01  3.41454887e+00  1.79999994e+02 
 3.68694506e+00  4.51315918e+01  3.68694506e+00  1.79999994e+02 
 3.98107171e+00  4.51315918e+01  3.98107171e+00  1.79999993e+02 
 4.29866235e+00  4.51315918e+01  4.29866235e+00  1.79999992e+02 
 4.64158883e+00  4.51315918e+01  4.64158883e+00  1.79999992e+02 
 5.01187234e+00  4.51315918e+01  5.01187234e+00  1.79999991e+02 
 5.41169527e+00  4.51315918e+01  5.41169527e+00  1.79999991e+02 
 5.84341413e+00  4.51315918e+01  5.84341413e+00  1.79999990e+02 
 6.30957344e+00  4.51315918e+01  6.30957344e+00  1.79999989e+02 
 6.81292069e+00  4.51315918e+01  6.81292069e+00  1.79999988e+02 
 7.35642254e+00  4.51315918e+01  7.35642254e+00  1.79999987e+02 
 7.94328235e+00  4.51315918e+01  7.94328235e+00  1.79999986e+02 
 8.57695899e+00  4.51315918e+01  8.57695899e+00  1.79999985e+02 
 9.26118728e+00  4.51315918e+01  9.26118728e+00  1.79999984e+02 
 1.00000000e+01  4.51315918e+01  1.00000000e+01  1.79999983e+02 
 1.07977516e+01  4.51315918e+01  1.07977516e+01  1.79999981e+02 
 1.16591440e+01  4.51315918e+01  1.16591440e+01  1.79999980e+02 
 1.25892541e+01  4.51315918e+01  1.25892541e+01  1.79999978e+02 
 1.35935639e+01  4.51315918e+01  1.35935639e+01  1.79999976e+02 
 1.46779927e+01  4.51315918e+01  1.46779927e+01  1.79999974e+02 
 1.58489319e+01  4.51315918e+01  1.58489319e+01  1.79999972e+02 
 1.71132830e+01  4.51315918e+01  1.71132830e+01  1.79999970e+02 
 1.84784980e+01  4.51315918e+01  1.84784980e+01  1.79999968e+02 
 1.99526231e+01  4.51315918e+01  1.99526231e+01  1.79999965e+02 
 2.15443469e+01  4.51315918e+01  2.15443469e+01  1.79999962e+02 
 2.32630507e+01  4.51315918e+01  2.32630507e+01  1.79999959e+02 
 2.51188643e+01  4.51315918e+01  2.51188643e+01  1.79999956e+02 
 2.71227258e+01  4.51315918e+01  2.71227258e+01  1.79999953e+02 
 2.92864456e+01  4.51315918e+01  2.92864456e+01  1.79999949e+02 
 3.16227766e+01  4.51315918e+01  3.16227766e+01  1.79999945e+02 
 3.41454887e+01  4.51315918e+01  3.41454887e+01  1.79999940e+02 
 3.68694506e+01  4.51315918e+01  3.68694506e+01  1.79999936e+02 
 3.98107171e+01  4.51315918e+01  3.98107171e+01  1.79999930e+02 
 4.29866235e+01  4.51315918e+01  4.29866235e+01  1.79999925e+02 
 4.64158883e+01  4.51315918e+01  4.64158883e+01  1.79999919e+02 
 5.01187234e+01  4.51315918e+01  5.01187234e+01  1.79999912e+02 
 5.41169527e+01  4.51315918e+01  5.41169527e+01  1.79999905e+02 
 5.84341413e+01  4.51315918e+01  5.84341413e+01  1.79999898e+02 
 6.30957344e+01  4.51315918e+01  6.30957344e+01  1.79999890e+02 
 6.81292069e+01  4.51315918e+01  6.81292069e+01  1.79999881e+02 
 7.35642254e+01  4.51315918e+01  7.35642254e+01  1.79999871e+02 
 7.94328235e+01  4.51315918e+01  7.94328235e+01  1.79999861e+02 
 8.57695899e+01  4.51315918e+01  8.57695899e+01  1.79999850e+02 
 9.26118728e+01  4.51315918e+01  9.26118728e+01  1.79999838e+02 
 1.00000000e+02  4.51315918e+01  1.00000000e+02  1.79999825e+02 
 1.07977516e+02  4.51315918e+01  1.07977516e+02  1.79999811e+02 
 1.16591440e+02  4.51315918e+01  1.16591440e+02  1.79999796e+02 
 1.25892541e+02  4.51315918e+01  1.25892541e+02  1.79999780e+02 
 1.35935639e+02  4.51315918e+01  1.35935639e+02  1.79999762e+02 
 1.46779927e+02  4.51315919e+01  1.46779927e+02  1.79999743e+02 
 1.58489319e+02  4.51315919e+01  1.58489319e+02  1.79999723e+02 
 1.71132830e+02  4.51315919e+01  1.71132830e+02  1.79999701e+02 
 1.84784980e+02  4.51315919e+01  1.84784980e+02  1.79999677e+02 
 1.99526231e+02  4.51315919e+01  1.99526231e+02  1.79999651e+02 
 2.15443469e+02  4.51315919e+01  2.15443469e+02  1.79999623e+02 
 2.32630507e+02  4.51315919e+01  2.32630507e+02  1.79999593e+02 
 2.51188643e+02  4.51315919e+01  2.51188643e+02  1.79999561e+02 
 2.71227258e+02  4.51315919e+01  2.71227258e+02  1.79999526e+02 
 2.92864456e+02  4.51315919e+01  2.92864456e+02  1.79999488e+02 
 3.16227766e+02  4.51315919e+01  3.16227766e+02  1.79999447e+02 
 3.41454887e+02  4.51315919e+01  3.41454887e+02  1.79999403e+02 
 3.68694506e+02  4.51315919e+01  3.68694506e+02  1.79999355e+02 
 3.98107171e+02  4.51315919e+01  3.98107171e+02  1.79999304e+02 
 4.29866235e+02  4.51315919e+01  4.29866235e+02  1.79999248e+02 
 4.64158883e+02  4.51315919e+01  4.64158883e+02  1.79999188e+02 
 5.01187234e+02  4.51315920e+01  5.01187234e+02  1.79999123e+02 
 5.41169527e+02  4.51315920e+01  5.41169527e+02  1.79999053e+02 
 5.84341413e+02  4.51315920e+01  5.84341413e+02  1.79998978e+02 
 6.30957344e+02  4.51315920e+01  6.30957344e+02  1.79998896e+02 
 6.81292069e+02  4.51315921e+01  6.81292069e+02  1.79998808e+02 
 7.35642254e+02  4.51315921e+01  7.35642254e+02  1.79998713e+02 
 7.94328235e+02  4.51315922e+01  7.94328235e+02  1.79998610e+02 
 8.57695899e+02  4.51315922e+01  8.57695899e+02  1.79998500e+02 
 9.26118728e+02  4.51315923e+01  9.26118728e+02  1.79998380e+02 
 1.00000000e+03  4.51315923e+01  1.00000000e+03  1.79998251e+02 
 1.07977516e+03  4.51315924e+01  1.07977516e+03  1.79998111e+02 
 1.16591440e+03  4.51315925e+01  1.16591440e+03  1.79997960e+02 
 1.25892541e+03  4.51315926e+01  1.25892541e+03  1.79997798e+02 
 1.35935639e+03  4.51315928e+01  1.35935639e+03  1.79997622e+02 
 1.46779927e+03  4.51315929e+01  1.46779927e+03  1.79997432e+02 
 1.58489319e+03  4.51315931e+01  1.58489319e+03  1.79997227e+02 
 1.71132830e+03  4.51315933e+01  1.71132830e+03  1.79997006e+02 
 1.84784980e+03  4.51315935e+01  1.84784980e+03  1.79996767e+02 
 1.99526231e+03  4.51315938e+01  1.99526231e+03  1.79996509e+02 
 2.15443469e+03  4.51315942e+01  2.15443469e+03  1.79996231e+02 
 2.32630507e+03  4.51315945e+01  2.32630507e+03  1.79995930e+02 
 2.51188643e+03  4.51315950e+01  2.51188643e+03  1.79995606e+02 
 2.71227258e+03  4.51315955e+01  2.71227258e+03  1.79995255e+02 
 2.92864456e+03  4.51315961e+01  2.92864456e+03  1.79994877e+02 
 3.16227766e+03  4.51315968e+01  3.16227766e+03  1.79994468e+02 
 3.41454887e+03  4.51315977e+01  3.41454887e+03  1.79994027e+02 
 3.68694506e+03  4.51315986e+01  3.68694506e+03  1.79993550e+02 
 3.98107171e+03  4.51315998e+01  3.98107171e+03  1.79993035e+02 
 4.29866235e+03  4.51316011e+01  4.29866235e+03  1.79992480e+02 
 4.64158883e+03  4.51316026e+01  4.64158883e+03  1.79991880e+02 
 5.01187234e+03  4.51316044e+01  5.01187234e+03  1.79991232e+02 
 5.41169527e+03  4.51316065e+01  5.41169527e+03  1.79990533e+02 
 5.84341413e+03  4.51316089e+01  5.84341413e+03  1.79989777e+02 
 6.30957344e+03  4.51316117e+01  6.30957344e+03  1.79988962e+02 
 6.81292069e+03  4.51316150e+01  6.81292069e+03  1.79988081e+02 
 7.35642254e+03  4.51316189e+01  7.35642254e+03  1.79987131e+02 
 7.94328235e+03  4.51316233e+01  7.94328235e+03  1.79986104e+02 
 8.57695899e+03  4.51316286e+01  8.57695899e+03  1.79984995e+02 
 9.26118728e+03  4.51316347e+01  9.26118728e+03  1.79983798e+02 
 1.00000000e+04  4.51316418e+01  1.00000000e+04  1.79982506e+02 
 1.07977516e+04  4.51316501e+01  1.07977516e+04  1.79981110e+02 
 1.16591440e+04  4.51316597e+01  1.16591440e+04  1.79979603e+02 
 1.25892541e+04  4.51316710e+01  1.25892541e+04  1.79977976e+02 
 1.35935639e+04  4.51316841e+01  1.35935639e+04  1.79976219e+02 
 1.46779927e+04  4.51316994e+01  1.46779927e+04  1.79974322e+02 
 1.58489319e+04  4.51317173e+01  1.58489319e+04  1.79972273e+02 
 1.71132830e+04  4.51317381e+01  1.71132830e+04  1.79970061e+02 
 1.84784980e+04  4.51317623e+01  1.84784980e+04  1.79967673e+02 
 1.99526231e+04  4.51317906e+01  1.99526231e+04  1.79965093e+02 
 2.15443469e+04  4.51318236e+01  2.15443469e+04  1.79962309e+02 
 2.32630507e+04  4.51318620e+01  2.32630507e+04  1.79959301e+02 
 2.51188643e+04  4.51319069e+01  2.51188643e+04  1.79956054e+02 
 2.71227258e+04  4.51319591e+01  2.71227258e+04  1.79952548e+02 
 2.92864456e+04  4.51320201e+01  2.92864456e+04  1.79948762e+02 
 3.16227766e+04  4.51320911e+01  3.16227766e+04  1.79944674e+02 
 3.41454887e+04  4.51321740e+01  3.41454887e+04  1.79940259e+02 
 3.68694506e+04  4.51322705e+01  3.68694506e+04  1.79935492e+02 
 3.98107171e+04  4.51323832e+01  3.98107171e+04  1.79930344e+02 
 4.29866235e+04  4.51325145e+01  4.29866235e+04  1.79924786e+02 
 4.64158883e+04  4.51326675e+01  4.64158883e+04  1.79918783e+02 
 5.01187234e+04  4.51328461e+01  5.01187234e+04  1.79912301e+02 
 5.41169527e+04  4.51330542e+01  5.41169527e+04  1.79905301e+02 
 5.84341413e+04  4.51332968e+01  5.84341413e+04  1.79897742e+02 
 6.30957344e+04  4.51335798e+01  6.30957344e+04  1.79889578e+02 
 6.81292069e+04  4.51339096e+01  6.81292069e+04  1.79880762e+02 
 7.35642254e+04  4.51342941e+01  7.35642254e+04  1.79871240e+02 
 7.94328235e+04  4.51347426e+01  7.94328235e+04  1.79860956e+02 
 8.57695899e+04  4.51352655e+01  8.57695899e+04  1.79849849e+02 
 9.26118728e+04  4.51358752e+01  9.26118728e+04  1.79837852e+02 
 1.00000000e+05  4.51365860e+01  1.00000000e+05  1.79824893e+02 
 1.07977516e+05  4.51374148e+01  1.07977516e+05  1.79810893e+02 
 1.16591440e+05  4.51383813e+01  1.16591440e+05  1.79795770e+02 
 1.25892541e+05  4.51395083e+01  1.25892541e+05  1.79779430e+02 
 1.35935639e+05  4.51408227e+01  1.35935639e+05  1.79761774e+02 
 1.46779927e+05  4.51423549e+01  1.46779927e+05  1.79742694e+02 
 1.58489319e+05  4.51441421e+01  1.58489319e+05  1.79722073e+02 
 1.71132830e+05  4.51462260e+01  1.71132830e+05  1.79699782e+02 
 1.84784980e+05  4.51486558e+01  1.84784980e+05  1.79675682e+02 
 1.99526231e+05  4.51514904e+01  1.99526231e+05  1.79649620e+02 
 2.15443469e+05  4.51547956e+01  2.15443469e+05  1.79621430e+02 
 2.32630507e+05  4.51586520e+01  2.32630507e+05  1.79590929e+02 
 2.51188643e+05  4.51631492e+01  2.51188643e+05  1.79557917e+02 
 2.71227258e+05  4.51683963e+01  2.71227258e+05  1.79522172e+02 
 2.92864456e+05  4.51745166e+01  2.92864456e+05  1.79483452e+02 
 3.16227766e+05  4.51816585e+01  3.16227766e+05  1.79441486e+02 
 3.41454887e+05  4.51899921e+01  3.41454887e+05  1.79395974e+02 
 3.68694506e+05  4.51997182e+01  3.68694506e+05  1.79346581e+02 
 3.98107171e+05  4.52110729e+01  3.98107171e+05  1.79292932e+02 
 4.29866235e+05  4.52243256e+01  4.29866235e+05  1.79234603e+02 
 4.64158883e+05  4.52398064e+01  4.64158883e+05  1.79171115e+02 
 5.01187234e+05  4.52578877e+01  5.01187234e+05  1.79101922e+02 
 5.41169527e+05  4.52790131e+01  5.41169527e+05  1.79026397e+02 
 5.84341413e+05  4.53037046e+01  5.84341413e+05  1.78943817e+02 
 6.30957344e+05  4.53325861e+01  6.30957344e+05  1.78853338e+02 
 6.81292069e+05  4.53663688e+01  6.81292069e+05  1.78753974e+02 
 7.35642254e+05  4.54059134e+01  7.35642254e+05  1.78644558e+02 
 7.94328235e+05  4.54522550e+01  7.94328235e+05  1.78523693e+02 
 8.57695899e+05  4.55065740e+01  8.57695899e+05  1.78389702e+02 
 9.26118728e+05  4.55703231e+01  9.26118728e+05  1.78240545e+02 
 1.00000000e+06  4.56452100e+01  1.00000000e+06  1.78073714e+02 
 1.07977516e+06  4.57333388e+01  1.07977516e+06  1.77886088e+02 
 1.16591440e+06  4.58371595e+01  1.16591440e+06  1.77673749e+02 
 1.25892541e+06  4.59597161e+01  1.25892541e+06  1.77431705e+02 
 1.35935639e+06  4.61047539e+01  1.35935639e+06  1.77153510e+02 
 1.46779927e+06  4.62768061e+01  1.46779927e+06  1.76830722e+02 
 1.58489319e+06  4.64815423e+01  1.58489319e+06  1.76452085e+02 
 1.71132830e+06  4.67262146e+01  1.71132830e+06  1.76002273e+02 
 1.84784980e+06  4.70199126e+01  1.84784980e+06  1.75460030e+02 
 1.99526231e+06  4.73744708e+01  1.99526231e+06  1.74795025e+02 
 2.15443469e+06  4.78056877e+01  2.15443469e+06  1.73962642e+02 
 2.32630507e+06  4.83346257e+01  2.32630507e+06  1.72894798e+02 
 2.51188643e+06  4.89907756e+01  2.51188643e+06  1.71482903e+02 
 2.71227258e+06  4.98159166e+01  2.71227258e+06  1.69543473e+02 
 2.92864456e+06  5.08715672e+01  2.92864456e+06  1.66743598e+02 
 3.16227766e+06  5.22496491e+01  3.16227766e+06  1.62421343e+02 
 3.41454887e+06  5.40793678e+01  3.41454887e+06  1.55101954e+02 
 3.68694506e+06  5.64505711e+01  3.68694506e+06  1.41111353e+02 
 3.98107171e+06  5.86619422e+01  3.98107171e+06  1.12464618e+02 
 4.29866235e+06  5.77191092e+01  4.29866235e+06  7.20628048e+01 
 4.64158883e+06  5.40183744e+01  4.64158883e+06  4.58252820e+01 
 5.01187234e+06  5.03639217e+01  5.01187234e+06  3.31539300e+01 
 5.41169527e+06  4.72526406e+01  5.41169527e+06  2.65282709e+01 
 5.84341413e+06  4.45737933e+01  5.84341413e+06  2.26919894e+01 
 6.30957344e+06  4.22018632e+01  6.30957344e+06  2.03246069e+01 
 6.81292069e+06  4.00497499e+01  6.81292069e+06  1.88247969e+01 
 7.35642254e+06  3.80578311e+01  7.35642254e+06  1.78894434e+01 
 7.94328235e+06  3.61862958e+01  7.94328235e+06  1.73517321e+01 
 8.57695899e+06  3.44056714e+01  8.57695899e+06  1.71130512e+01 
 9.26118728e+06  3.26945895e+01  9.26118728e+06  1.71139098e+01 
 1.00000000e+07  3.10379389e+01  1.00000000e+07  1.73201997e+01 
 1.07977516e+07  2.94258642e+01  1.07977516e+07  1.77068567e+01 
 1.16591440e+07  2.78423406e+01  1.16591440e+07  1.82694670e+01 
 1.25892541e+07  2.62841633e+01  1.25892541e+07  1.89997614e+01 
 1.35935639e+07  2.47431903e+01  1.35935639e+07  1.98914145e+01 
 1.46779927e+07  2.32157846e+01  1.46779927e+07  2.09683883e+01 
 1.58489319e+07  2.16941400e+01  1.58489319e+07  2.22355849e+01 
 1.71132830e+07  2.01678919e+01  1.71132830e+07  2.37075738e+01 
 1.84784980e+07  1.86384469e+01  1.84784980e+07  2.54381260e+01 
 1.99526231e+07  1.71093331e+01  1.99526231e+07  2.74357938e+01 
 2.15443469e+07  1.55593603e+01  2.15443469e+07  2.97600772e+01 
 2.32630507e+07  1.39968781e+01  2.32630507e+07  3.24213966e+01 
 2.51188643e+07  1.24127663e+01  2.51188643e+07  3.56044765e+01 
 2.71227258e+07  1.08177437e+01  2.71227258e+07  3.93449960e+01 
 2.92864456e+07  9.19053593e+00  2.92864456e+07  4.38570883e+01 
 3.16227766e+07  7.57075056e+00  3.16227766e+07  4.91097322e+01 
 3.41454887e+07  5.95320033e+00  3.41454887e+07  5.55516384e+01 
 3.68694506e+07  4.38614575e+00  3.68694506e+07  6.32826962e+01 
 3.98107171e+07  2.92971369e+00  3.98107171e+07  7.25383218e+01 
 4.29866235e+07  1.67064652e+00  4.29866235e+07  8.34837310e+01 
 4.64158883e+07  7.92217872e-01  4.64158883e+07  9.49380364e+01 
 5.01187234e+07  1.30089635e-01  5.01187234e+07  1.07567397e+02 
 5.41169527e+07 -1.17205940e-01  5.41169527e+07  1.19046860e+02 
 5.84341413e+07 -6.23269337e-02  5.84341413e+07  1.29736183e+02 
 6.30957344e+07  1.21572976e-01  6.30957344e+07  1.39796795e+02 
 6.81292069e+07  5.58750463e-01  6.81292069e+07  1.47170046e+02 
 7.35642254e+07  8.23192525e-01  7.35642254e+07  1.53597054e+02 
 7.94328235e+07  1.28195409e+00  7.94328235e+07  1.58575142e+02 
 8.57695899e+07  1.59035739e+00  8.57695899e+07  1.64332543e+02 
 9.26118728e+07  2.10976746e+00  9.26118728e+07  1.68325759e+02 
 1.00000000e+08  2.40629092e+00  1.00000000e+08  1.71604835e+02 
 1.07977516e+08  2.80876709e+00  1.07977516e+08  1.74986239e+02 
 1.16591440e+08  3.12928803e+00  1.16591440e+08  1.77735443e+02 
 1.25892541e+08  3.54393858e+00  1.25892541e+08  1.80215428e+02 
 1.35935639e+08  3.63446304e+00  1.35935639e+08  1.82944218e+02 
 1.46779927e+08  4.05192976e+00  1.46779927e+08  1.84970889e+02 
 1.58489319e+08  4.33794342e+00  1.58489319e+08  1.86857643e+02 
 1.71132830e+08  4.61910302e+00  1.71132830e+08  1.88448040e+02 
 1.84784980e+08  5.09934844e+00  1.84784980e+08  1.89253492e+02 
 1.99526231e+08  5.25180345e+00  1.99526231e+08  1.90022010e+02 
 2.15443469e+08  5.55305136e+00  2.15443469e+08  1.90316868e+02 
 2.32630507e+08  6.49217554e+00  2.32630507e+08  1.90344224e+02 
 2.51188643e+08  6.40028739e+00  2.51188643e+08  1.90641273e+02 
 2.71227258e+08  6.93006173e+00  2.71227258e+08  1.90148689e+02 
 2.92864456e+08  7.77065478e+00  2.92864456e+08  1.89174869e+02 
 3.16227766e+08  7.40451228e+00  3.16227766e+08  1.88901873e+02 
 3.41454887e+08  7.09037858e+00  3.41454887e+08  1.88230970e+02 
 3.68694506e+08  7.80184394e+00  3.68694506e+08  1.86925614e+02 
 3.98107171e+08  7.74135041e+00  3.98107171e+08  1.86474126e+02 
 4.29866235e+08  9.39135410e+00  4.29866235e+08  1.85507314e+02 
 4.64158883e+08  8.11471248e+00  4.64158883e+08  1.84698162e+02 
 5.01187234e+08  6.80137174e+00  5.01187234e+08  1.83912451e+02 
 5.41169527e+08  5.47922715e+00  5.41169527e+08  1.83115164e+02 
 5.84341413e+08  1.20743393e+01  5.84341413e+08  1.83174338e+02 
 6.30957344e+08  7.24405576e+00  6.30957344e+08  1.82502626e+02 
 6.81292069e+08  9.39123263e+00  6.81292069e+08  1.82177063e+02 
 7.35642254e+08  8.05929462e+00  7.35642254e+08  1.81616101e+02 
 7.94328235e+08  6.69556926e+00  7.94328235e+08  1.81630121e+02 
 8.57695899e+08  1.13730043e+01  8.57695899e+08  1.80416975e+02 
 9.26118728e+08  3.99808878e+00  9.26118728e+08  1.81248014e+02 
 1.00000000e+09  8.66273209e+00  1.00000000e+09  1.80080230e+02 
