 1.00000000e+00  4.68009601e+01  1.00000000e+00  1.79999998e+02 
 1.07977516e+00  4.68009601e+01  1.07977516e+00  1.79999998e+02 
 1.16591440e+00  4.68009601e+01  1.16591440e+00  1.79999998e+02 
 1.25892541e+00  4.68009601e+01  1.25892541e+00  1.79999998e+02 
 1.35935639e+00  4.68009601e+01  1.35935639e+00  1.79999997e+02 
 1.46779927e+00  4.68009601e+01  1.46779927e+00  1.79999997e+02 
 1.58489319e+00  4.68009601e+01  1.58489319e+00  1.79999997e+02 
 1.71132830e+00  4.68009601e+01  1.71132830e+00  1.79999997e+02 
 1.84784980e+00  4.68009601e+01  1.84784980e+00  1.79999997e+02 
 1.99526231e+00  4.68009601e+01  1.99526231e+00  1.79999996e+02 
 2.15443469e+00  4.68009601e+01  2.15443469e+00  1.79999996e+02 
 2.32630507e+00  4.68009601e+01  2.32630507e+00  1.79999996e+02 
 2.51188643e+00  4.68009601e+01  2.51188643e+00  1.79999995e+02 
 2.71227258e+00  4.68009601e+01  2.71227258e+00  1.79999995e+02 
 2.92864456e+00  4.68009601e+01  2.92864456e+00  1.79999995e+02 
 3.16227766e+00  4.68009601e+01  3.16227766e+00  1.79999994e+02 
 3.41454887e+00  4.68009601e+01  3.41454887e+00  1.79999994e+02 
 3.68694506e+00  4.68009601e+01  3.68694506e+00  1.79999993e+02 
 3.98107171e+00  4.68009601e+01  3.98107171e+00  1.79999993e+02 
 4.29866235e+00  4.68009601e+01  4.29866235e+00  1.79999992e+02 
 4.64158883e+00  4.68009601e+01  4.64158883e+00  1.79999991e+02 
 5.01187234e+00  4.68009601e+01  5.01187234e+00  1.79999991e+02 
 5.41169527e+00  4.68009601e+01  5.41169527e+00  1.79999990e+02 
 5.84341413e+00  4.68009601e+01  5.84341413e+00  1.79999989e+02 
 6.30957344e+00  4.68009601e+01  6.30957344e+00  1.79999988e+02 
 6.81292069e+00  4.68009601e+01  6.81292069e+00  1.79999987e+02 
 7.35642254e+00  4.68009601e+01  7.35642254e+00  1.79999986e+02 
 7.94328235e+00  4.68009601e+01  7.94328235e+00  1.79999985e+02 
 8.57695899e+00  4.68009601e+01  8.57695899e+00  1.79999984e+02 
 9.26118728e+00  4.68009601e+01  9.26118728e+00  1.79999983e+02 
 1.00000000e+01  4.68009601e+01  1.00000000e+01  1.79999982e+02 
 1.07977516e+01  4.68009601e+01  1.07977516e+01  1.79999980e+02 
 1.16591440e+01  4.68009601e+01  1.16591440e+01  1.79999979e+02 
 1.25892541e+01  4.68009601e+01  1.25892541e+01  1.79999977e+02 
 1.35935639e+01  4.68009601e+01  1.35935639e+01  1.79999975e+02 
 1.46779927e+01  4.68009601e+01  1.46779927e+01  1.79999973e+02 
 1.58489319e+01  4.68009601e+01  1.58489319e+01  1.79999971e+02 
 1.71132830e+01  4.68009601e+01  1.71132830e+01  1.79999969e+02 
 1.84784980e+01  4.68009601e+01  1.84784980e+01  1.79999966e+02 
 1.99526231e+01  4.68009601e+01  1.99526231e+01  1.79999963e+02 
 2.15443469e+01  4.68009601e+01  2.15443469e+01  1.79999960e+02 
 2.32630507e+01  4.68009601e+01  2.32630507e+01  1.79999957e+02 
 2.51188643e+01  4.68009601e+01  2.51188643e+01  1.79999954e+02 
 2.71227258e+01  4.68009601e+01  2.71227258e+01  1.79999950e+02 
 2.92864456e+01  4.68009601e+01  2.92864456e+01  1.79999946e+02 
 3.16227766e+01  4.68009601e+01  3.16227766e+01  1.79999942e+02 
 3.41454887e+01  4.68009601e+01  3.41454887e+01  1.79999937e+02 
 3.68694506e+01  4.68009601e+01  3.68694506e+01  1.79999932e+02 
 3.98107171e+01  4.68009601e+01  3.98107171e+01  1.79999927e+02 
 4.29866235e+01  4.68009601e+01  4.29866235e+01  1.79999921e+02 
 4.64158883e+01  4.68009601e+01  4.64158883e+01  1.79999915e+02 
 5.01187234e+01  4.68009601e+01  5.01187234e+01  1.79999908e+02 
 5.41169527e+01  4.68009601e+01  5.41169527e+01  1.79999900e+02 
 5.84341413e+01  4.68009601e+01  5.84341413e+01  1.79999892e+02 
 6.30957344e+01  4.68009601e+01  6.30957344e+01  1.79999884e+02 
 6.81292069e+01  4.68009601e+01  6.81292069e+01  1.79999875e+02 
 7.35642254e+01  4.68009601e+01  7.35642254e+01  1.79999865e+02 
 7.94328235e+01  4.68009601e+01  7.94328235e+01  1.79999854e+02 
 8.57695899e+01  4.68009601e+01  8.57695899e+01  1.79999842e+02 
 9.26118728e+01  4.68009601e+01  9.26118728e+01  1.79999830e+02 
 1.00000000e+02  4.68009601e+01  1.00000000e+02  1.79999816e+02 
 1.07977516e+02  4.68009601e+01  1.07977516e+02  1.79999801e+02 
 1.16591440e+02  4.68009601e+01  1.16591440e+02  1.79999785e+02 
 1.25892541e+02  4.68009601e+01  1.25892541e+02  1.79999768e+02 
 1.35935639e+02  4.68009601e+01  1.35935639e+02  1.79999750e+02 
 1.46779927e+02  4.68009601e+01  1.46779927e+02  1.79999730e+02 
 1.58489319e+02  4.68009601e+01  1.58489319e+02  1.79999708e+02 
 1.71132830e+02  4.68009601e+01  1.71132830e+02  1.79999685e+02 
 1.84784980e+02  4.68009601e+01  1.84784980e+02  1.79999660e+02 
 1.99526231e+02  4.68009601e+01  1.99526231e+02  1.79999633e+02 
 2.15443469e+02  4.68009601e+01  2.15443469e+02  1.79999603e+02 
 2.32630507e+02  4.68009601e+01  2.32630507e+02  1.79999572e+02 
 2.51188643e+02  4.68009601e+01  2.51188643e+02  1.79999538e+02 
 2.71227258e+02  4.68009601e+01  2.71227258e+02  1.79999501e+02 
 2.92864456e+02  4.68009601e+01  2.92864456e+02  1.79999461e+02 
 3.16227766e+02  4.68009601e+01  3.16227766e+02  1.79999418e+02 
 3.41454887e+02  4.68009601e+01  3.41454887e+02  1.79999372e+02 
 3.68694506e+02  4.68009602e+01  3.68694506e+02  1.79999321e+02 
 3.98107171e+02  4.68009602e+01  3.98107171e+02  1.79999267e+02 
 4.29866235e+02  4.68009602e+01  4.29866235e+02  1.79999209e+02 
 4.64158883e+02  4.68009602e+01  4.64158883e+02  1.79999146e+02 
 5.01187234e+02  4.68009602e+01  5.01187234e+02  1.79999077e+02 
 5.41169527e+02  4.68009602e+01  5.41169527e+02  1.79999004e+02 
 5.84341413e+02  4.68009603e+01  5.84341413e+02  1.79998924e+02 
 6.30957344e+02  4.68009603e+01  6.30957344e+02  1.79998839e+02 
 6.81292069e+02  4.68009603e+01  6.81292069e+02  1.79998746e+02 
 7.35642254e+02  4.68009604e+01  7.35642254e+02  1.79998646e+02 
 7.94328235e+02  4.68009604e+01  7.94328235e+02  1.79998538e+02 
 8.57695899e+02  4.68009605e+01  8.57695899e+02  1.79998421e+02 
 9.26118728e+02  4.68009606e+01  9.26118728e+02  1.79998295e+02 
 1.00000000e+03  4.68009606e+01  1.00000000e+03  1.79998159e+02 
 1.07977516e+03  4.68009607e+01  1.07977516e+03  1.79998013e+02 
 1.16591440e+03  4.68009609e+01  1.16591440e+03  1.79997854e+02 
 1.25892541e+03  4.68009610e+01  1.25892541e+03  1.79997683e+02 
 1.35935639e+03  4.68009611e+01  1.35935639e+03  1.79997498e+02 
 1.46779927e+03  4.68009613e+01  1.46779927e+03  1.79997298e+02 
 1.58489319e+03  4.68009615e+01  1.58489319e+03  1.79997083e+02 
 1.71132830e+03  4.68009617e+01  1.71132830e+03  1.79996850e+02 
 1.84784980e+03  4.68009620e+01  1.84784980e+03  1.79996599e+02 
 1.99526231e+03  4.68009623e+01  1.99526231e+03  1.79996327e+02 
 2.15443469e+03  4.68009627e+01  2.15443469e+03  1.79996034e+02 
 2.32630507e+03  4.68009632e+01  2.32630507e+03  1.79995718e+02 
 2.51188643e+03  4.68009637e+01  2.51188643e+03  1.79995377e+02 
 2.71227258e+03  4.68009643e+01  2.71227258e+03  1.79995008e+02 
 2.92864456e+03  4.68009650e+01  2.92864456e+03  1.79994609e+02 
 3.16227766e+03  4.68009658e+01  3.16227766e+03  1.79994179e+02 
 3.41454887e+03  4.68009667e+01  3.41454887e+03  1.79993715e+02 
 3.68694506e+03  4.68009678e+01  3.68694506e+03  1.79993214e+02 
 3.98107171e+03  4.68009691e+01  3.98107171e+03  1.79992672e+02 
 4.29866235e+03  4.68009706e+01  4.29866235e+03  1.79992088e+02 
 4.64158883e+03  4.68009724e+01  4.64158883e+03  1.79991457e+02 
 5.01187234e+03  4.68009744e+01  5.01187234e+03  1.79990775e+02 
 5.41169527e+03  4.68009768e+01  5.41169527e+03  1.79990039e+02 
 5.84341413e+03  4.68009796e+01  5.84341413e+03  1.79989244e+02 
 6.30957344e+03  4.68009828e+01  6.30957344e+03  1.79988386e+02 
 6.81292069e+03  4.68009866e+01  6.81292069e+03  1.79987460e+02 
 7.35642254e+03  4.68009910e+01  7.35642254e+03  1.79986459e+02 
 7.94328235e+03  4.68009961e+01  7.94328235e+03  1.79985379e+02 
 8.57695899e+03  4.68010021e+01  8.57695899e+03  1.79984213e+02 
 9.26118728e+03  4.68010090e+01  9.26118728e+03  1.79982953e+02 
 1.00000000e+04  4.68010172e+01  1.00000000e+04  1.79981593e+02 
 1.07977516e+04  4.68010266e+01  1.07977516e+04  1.79980125e+02 
 1.16591440e+04  4.68010377e+01  1.16591440e+04  1.79978539e+02 
 1.25892541e+04  4.68010505e+01  1.25892541e+04  1.79976827e+02 
 1.35935639e+04  4.68010656e+01  1.35935639e+04  1.79974979e+02 
 1.46779927e+04  4.68010831e+01  1.46779927e+04  1.79972983e+02 
 1.58489319e+04  4.68011035e+01  1.58489319e+04  1.79970827e+02 
 1.71132830e+04  4.68011273e+01  1.71132830e+04  1.79968500e+02 
 1.84784980e+04  4.68011550e+01  1.84784980e+04  1.79965987e+02 
 1.99526231e+04  4.68011873e+01  1.99526231e+04  1.79963273e+02 
 2.15443469e+04  4.68012250e+01  2.15443469e+04  1.79960343e+02 
 2.32630507e+04  4.68012690e+01  2.32630507e+04  1.79957179e+02 
 2.51188643e+04  4.68013202e+01  2.51188643e+04  1.79953762e+02 
 2.71227258e+04  4.68013800e+01  2.71227258e+04  1.79950073e+02 
 2.92864456e+04  4.68014497e+01  2.92864456e+04  1.79946090e+02 
 3.16227766e+04  4.68015309e+01  3.16227766e+04  1.79941788e+02 
 3.41454887e+04  4.68016256e+01  3.41454887e+04  1.79937143e+02 
 3.68694506e+04  4.68017360e+01  3.68694506e+04  1.79932127e+02 
 3.98107171e+04  4.68018648e+01  3.98107171e+04  1.79926711e+02 
 4.29866235e+04  4.68020149e+01  4.29866235e+04  1.79920862e+02 
 4.64158883e+04  4.68021900e+01  4.64158883e+04  1.79914546e+02 
 5.01187234e+04  4.68023940e+01  5.01187234e+04  1.79907726e+02 
 5.41169527e+04  4.68026319e+01  5.41169527e+04  1.79900360e+02 
 5.84341413e+04  4.68029094e+01  5.84341413e+04  1.79892406e+02 
 6.30957344e+04  4.68032328e+01  6.30957344e+04  1.79883816e+02 
 6.81292069e+04  4.68036100e+01  6.81292069e+04  1.79874539e+02 
 7.35642254e+04  4.68040497e+01  7.35642254e+04  1.79864519e+02 
 7.94328235e+04  4.68045624e+01  7.94328235e+04  1.79853697e+02 
 8.57695899e+04  4.68051602e+01  8.57695899e+04  1.79842009e+02 
 9.26118728e+04  4.68058573e+01  9.26118728e+04  1.79829383e+02 
 1.00000000e+05  4.68066701e+01  1.00000000e+05  1.79815745e+02 
 1.07977516e+05  4.68076179e+01  1.07977516e+05  1.79801012e+02 
 1.16591440e+05  4.68087229e+01  1.16591440e+05  1.79785094e+02 
 1.25892541e+05  4.68100114e+01  1.25892541e+05  1.79767896e+02 
 1.35935639e+05  4.68115142e+01  1.35935639e+05  1.79749311e+02 
 1.46779927e+05  4.68132666e+01  1.46779927e+05  1.79729226e+02 
 1.58489319e+05  4.68153098e+01  1.58489319e+05  1.79707517e+02 
 1.71132830e+05  4.68176926e+01  1.71132830e+05  1.79684047e+02 
 1.84784980e+05  4.68204722e+01  1.84784980e+05  1.79658669e+02 
 1.99526231e+05  4.68237138e+01  1.99526231e+05  1.79631222e+02 
 2.15443469e+05  4.68274948e+01  2.15443469e+05  1.79601529e+02 
 2.32630507e+05  4.68319040e+01  2.32630507e+05  1.79569397e+02 
 2.51188643e+05  4.68370489e+01  2.51188643e+05  1.79534611e+02 
 2.71227258e+05  4.68430500e+01  2.71227258e+05  1.79496936e+02 
 2.92864456e+05  4.68500530e+01  2.92864456e+05  1.79456114e+02 
 3.16227766e+05  4.68582241e+01  3.16227766e+05  1.79411854e+02 
 3.41454887e+05  4.68677611e+01  3.41454887e+05  1.79363836e+02 
 3.68694506e+05  4.68788930e+01  3.68694506e+05  1.79311700e+02 
 3.98107171e+05  4.68918898e+01  3.98107171e+05  1.79255040e+02 
 4.29866235e+05  4.69070641e+01  4.29866235e+05  1.79193400e+02 
 4.64158883e+05  4.69247916e+01  4.64158883e+05  1.79126260e+02 
 5.01187234e+05  4.69455019e+01  5.01187234e+05  1.79053024e+02 
 5.41169527e+05  4.69697076e+01  5.41169527e+05  1.78973009e+02 
 5.84341413e+05  4.69980155e+01  5.84341413e+05  1.78885420e+02 
 6.30957344e+05  4.70311384e+01  6.30957344e+05  1.78789325e+02 
 6.81292069e+05  4.70699038e+01  6.81292069e+05  1.78683632e+02 
 7.35642254e+05  4.71153170e+01  7.35642254e+05  1.78567036e+02 
 7.94328235e+05  4.71685452e+01  7.94328235e+05  1.78437973e+02 
 8.57695899e+05  4.72310181e+01  8.57695899e+05  1.78294548e+02 
 9.26118728e+05  4.73043940e+01  9.26118728e+05  1.78134436e+02 
 1.00000000e+06  4.73907217e+01  1.00000000e+06  1.77954761e+02 
 1.07977516e+06  4.74924099e+01  1.07977516e+06  1.77751919e+02 
 1.16591440e+06  4.76124646e+01  1.16591440e+06  1.77521327e+02 
 1.25892541e+06  4.77544385e+01  1.25892541e+06  1.77257101e+02 
 1.35935639e+06  4.79228509e+01  1.35935639e+06  1.76951544e+02 
 1.46779927e+06  4.81232228e+01  1.46779927e+06  1.76594427e+02 
 1.58489319e+06  4.83625499e+01  1.58489319e+06  1.76171896e+02 
 1.71132830e+06  4.86497058e+01  1.71132830e+06  1.75664805e+02 
 1.84784980e+06  4.89962640e+01  1.84784980e+06  1.75045847e+02 
 1.99526231e+06  4.94174124e+01  1.99526231e+06  1.74275221e+02 
 2.15443469e+06  4.99338050e+01  2.15443469e+06  1.73292300e+02 
 2.32630507e+06  5.05738404e+01  2.32630507e+06  1.72001012e+02 
 2.51188643e+06  5.13783261e+01  2.51188643e+06  1.70239935e+02 
 2.71227258e+06  5.24076558e+01  2.71227258e+06  1.67718321e+02 
 2.92864456e+06  5.37534407e+01  2.92864456e+06  1.63861815e+02 
 3.16227766e+06  5.55537898e+01  3.16227766e+06  1.57393046e+02 
 3.41454887e+06  5.79588404e+01  3.41454887e+06  1.45061945e+02 
 3.68694506e+06  6.05615068e+01  3.68694506e+06  1.18682281e+02 
 3.98107171e+06  6.02862746e+01  3.98107171e+06  7.59558261e+01 
 4.29866235e+06  5.65187114e+01  4.29866235e+06  4.61932505e+01 
 4.64158883e+06  5.26680271e+01  4.64158883e+06  3.23363323e+01 
 5.01187234e+06  4.94292899e+01  5.01187234e+06  2.53372436e+01 
 5.41169527e+06  4.66714926e+01  5.41169527e+06  2.13531575e+01 
 5.84341413e+06  4.42489645e+01  5.84341413e+06  1.89042498e+01 
 6.30957344e+06  4.20622003e+01  6.30957344e+06  1.73402671e+01 
 6.81292069e+06  4.00468726e+01  6.81292069e+06  1.63401138e+01 
 7.35642254e+06  3.81587009e+01  7.35642254e+06  1.57291093e+01 
 7.94328235e+06  3.63668710e+01  7.94328235e+06  1.54073675e+01 
 8.57695899e+06  3.46486953e+01  8.57695899e+06  1.53111546e+01 
 9.26118728e+06  3.29886213e+01  9.26118728e+06  1.54069769e+01 
 1.00000000e+07  3.13735225e+01  1.00000000e+07  1.56668121e+01 
 1.07977516e+07  2.97941939e+01  1.07977516e+07  1.60768185e+01 
 1.16591440e+07  2.82392167e+01  1.16591440e+07  1.66331002e+01 
 1.25892541e+07  2.67029986e+01  1.25892541e+07  1.73458081e+01 
 1.35935639e+07  2.51838553e+01  1.35935639e+07  1.81955902e+01 
 1.46779927e+07  2.36669189e+01  1.46779927e+07  1.92073961e+01 
 1.58489319e+07  2.21567791e+01  1.58489319e+07  2.03880442e+01 
 1.71132830e+07  2.06447410e+01  1.71132830e+07  2.17668854e+01 
 1.84784980e+07  1.91294516e+01  1.84784980e+07  2.33469170e+01 
 1.99526231e+07  1.75968740e+01  1.99526231e+07  2.51848571e+01 
 2.15443469e+07  1.60509200e+01  2.15443469e+07  2.73235008e+01 
 2.32630507e+07  1.44909842e+01  2.32630507e+07  2.97958869e+01 
 2.51188643e+07  1.29016779e+01  2.51188643e+07  3.26943313e+01 
 2.71227258e+07  1.12943044e+01  2.71227258e+07  3.60638243e+01 
 2.92864456e+07  9.65365548e+00  2.92864456e+07  4.01563454e+01 
 3.16227766e+07  7.99294171e+00  3.16227766e+07  4.50506694e+01 
 3.41454887e+07  6.33545341e+00  3.41454887e+07  5.10863071e+01 
 3.68694506e+07  4.66648467e+00  3.68694506e+07  5.82676949e+01 
 3.98107171e+07  3.09023373e+00  3.98107171e+07  6.71755142e+01 
 4.29866235e+07  1.69058583e+00  4.29866235e+07  7.80982640e+01 
 4.64158883e+07  5.05737187e-01  4.64158883e+07  9.01283864e+01 
 5.01187234e+07 -2.25482972e-01  5.01187234e+07  1.03291207e+02 
 5.41169527e+07 -5.47834973e-01  5.41169527e+07  1.15873749e+02 
 5.84341413e+07 -4.99209533e-01  5.84341413e+07  1.26556781e+02 
 6.30957344e+07 -3.29406259e-01  6.30957344e+07  1.38078152e+02 
 6.81292069e+07  3.29570582e-02  6.81292069e+07  1.46071607e+02 
 7.35642254e+07  5.98065198e-01  7.35642254e+07  1.53378562e+02 
 7.94328235e+07  8.55705396e-01  7.94328235e+07  1.58851223e+02 
 8.57695899e+07  1.48072674e+00  8.57695899e+07  1.64012837e+02 
 9.26118728e+07  1.70882031e+00  9.26118728e+07  1.68480291e+02 
 1.00000000e+08  2.19197718e+00  1.00000000e+08  1.72241352e+02 
 1.07977516e+08  2.53517754e+00  1.07977516e+08  1.75705385e+02 
 1.16591440e+08  2.97829113e+00  1.16591440e+08  1.78414304e+02 
 1.25892541e+08  3.29686821e+00  1.25892541e+08  1.80892961e+02 
 1.35935639e+08  3.67355995e+00  1.35935639e+08  1.83556495e+02 
 1.46779927e+08  4.13991017e+00  1.46779927e+08  1.85592849e+02 
 1.58489319e+08  4.27237104e+00  1.58489319e+08  1.87354141e+02 
 1.71132830e+08  4.79106974e+00  1.71132830e+08  1.88730204e+02 
 1.84784980e+08  5.33495132e+00  1.84784980e+08  1.89808817e+02 
 1.99526231e+08  5.53744407e+00  1.99526231e+08  1.90416653e+02 
 2.15443469e+08  5.57020930e+00  2.15443469e+08  1.91454227e+02 
 2.32630507e+08  6.10256302e+00  2.32630507e+08  1.91503347e+02 
 2.51188643e+08  6.43863627e+00  2.51188643e+08  1.91402250e+02 
 2.71227258e+08  6.43268569e+00  2.71227258e+08  1.90806487e+02 
 2.92864456e+08  7.84285279e+00  2.92864456e+08  1.90246348e+02 
 3.16227766e+08  6.75453211e+00  3.16227766e+08  1.89430942e+02 
 3.41454887e+08  7.16140942e+00  3.41454887e+08  1.88496865e+02 
 3.68694506e+08  9.07402630e+00  3.68694506e+08  1.87206985e+02 
 3.98107171e+08  7.83503739e+00  3.98107171e+08  1.86614998e+02 
 4.29866235e+08  6.59279486e+00  4.29866235e+08  1.85827123e+02 
 4.64158883e+08  1.01304779e+01  4.64158883e+08  1.84661283e+02 
 5.01187234e+08  8.81666260e+00  5.01187234e+08  1.84112586e+02 
 5.41169527e+08  7.50585714e+00  5.41169527e+08  1.83381098e+02 
 5.84341413e+08  6.18740324e+00  5.84341413e+08  1.82911045e+02 
 6.30957344e+08  1.08545868e+01  6.30957344e+08  1.82485015e+02 
 6.81292069e+08  5.97151346e+00  6.81292069e+08  1.81881053e+02 
 7.35642254e+08  8.12637154e+00  7.35642254e+08  1.81846458e+02 
 7.94328235e+08  1.27785904e+01  7.94328235e+08  1.82763335e+02 
 8.57695899e+08  5.42597004e+00  8.57695899e+08  1.80688598e+02 
 9.26118728e+08  1.00833533e+01  9.26118728e+08  1.81520932e+02 
 1.00000000e+09  8.73265178e+00  1.00000000e+09  1.80651116e+02 
