 1.00000000e+00  4.65301755e+01  1.00000000e+00  1.79999998e+02 
 1.07977516e+00  4.65301755e+01  1.07977516e+00  1.79999998e+02 
 1.16591440e+00  4.65301755e+01  1.16591440e+00  1.79999998e+02 
 1.25892541e+00  4.65301755e+01  1.25892541e+00  1.79999998e+02 
 1.35935639e+00  4.65301755e+01  1.35935639e+00  1.79999998e+02 
 1.46779927e+00  4.65301755e+01  1.46779927e+00  1.79999998e+02 
 1.58489319e+00  4.65301755e+01  1.58489319e+00  1.79999998e+02 
 1.71132830e+00  4.65301755e+01  1.71132830e+00  1.79999997e+02 
 1.84784980e+00  4.65301755e+01  1.84784980e+00  1.79999997e+02 
 1.99526231e+00  4.65301755e+01  1.99526231e+00  1.79999997e+02 
 2.15443469e+00  4.65301755e+01  2.15443469e+00  1.79999997e+02 
 2.32630507e+00  4.65301755e+01  2.32630507e+00  1.79999996e+02 
 2.51188643e+00  4.65301755e+01  2.51188643e+00  1.79999996e+02 
 2.71227258e+00  4.65301755e+01  2.71227258e+00  1.79999996e+02 
 2.92864456e+00  4.65301755e+01  2.92864456e+00  1.79999996e+02 
 3.16227766e+00  4.65301755e+01  3.16227766e+00  1.79999995e+02 
 3.41454887e+00  4.65301755e+01  3.41454887e+00  1.79999995e+02 
 3.68694506e+00  4.65301755e+01  3.68694506e+00  1.79999994e+02 
 3.98107171e+00  4.65301755e+01  3.98107171e+00  1.79999994e+02 
 4.29866235e+00  4.65301755e+01  4.29866235e+00  1.79999993e+02 
 4.64158883e+00  4.65301755e+01  4.64158883e+00  1.79999993e+02 
 5.01187234e+00  4.65301755e+01  5.01187234e+00  1.79999992e+02 
 5.41169527e+00  4.65301755e+01  5.41169527e+00  1.79999992e+02 
 5.84341413e+00  4.65301755e+01  5.84341413e+00  1.79999991e+02 
 6.30957344e+00  4.65301755e+01  6.30957344e+00  1.79999990e+02 
 6.81292069e+00  4.65301755e+01  6.81292069e+00  1.79999990e+02 
 7.35642254e+00  4.65301755e+01  7.35642254e+00  1.79999989e+02 
 7.94328235e+00  4.65301755e+01  7.94328235e+00  1.79999988e+02 
 8.57695899e+00  4.65301755e+01  8.57695899e+00  1.79999987e+02 
 9.26118728e+00  4.65301755e+01  9.26118728e+00  1.79999986e+02 
 1.00000000e+01  4.65301755e+01  1.00000000e+01  1.79999985e+02 
 1.07977516e+01  4.65301755e+01  1.07977516e+01  1.79999984e+02 
 1.16591440e+01  4.65301755e+01  1.16591440e+01  1.79999982e+02 
 1.25892541e+01  4.65301755e+01  1.25892541e+01  1.79999981e+02 
 1.35935639e+01  4.65301755e+01  1.35935639e+01  1.79999979e+02 
 1.46779927e+01  4.65301755e+01  1.46779927e+01  1.79999978e+02 
 1.58489319e+01  4.65301755e+01  1.58489319e+01  1.79999976e+02 
 1.71132830e+01  4.65301755e+01  1.71132830e+01  1.79999974e+02 
 1.84784980e+01  4.65301755e+01  1.84784980e+01  1.79999972e+02 
 1.99526231e+01  4.65301755e+01  1.99526231e+01  1.79999970e+02 
 2.15443469e+01  4.65301755e+01  2.15443469e+01  1.79999967e+02 
 2.32630507e+01  4.65301755e+01  2.32630507e+01  1.79999965e+02 
 2.51188643e+01  4.65301755e+01  2.51188643e+01  1.79999962e+02 
 2.71227258e+01  4.65301755e+01  2.71227258e+01  1.79999959e+02 
 2.92864456e+01  4.65301755e+01  2.92864456e+01  1.79999956e+02 
 3.16227766e+01  4.65301755e+01  3.16227766e+01  1.79999952e+02 
 3.41454887e+01  4.65301755e+01  3.41454887e+01  1.79999948e+02 
 3.68694506e+01  4.65301755e+01  3.68694506e+01  1.79999944e+02 
 3.98107171e+01  4.65301755e+01  3.98107171e+01  1.79999940e+02 
 4.29866235e+01  4.65301755e+01  4.29866235e+01  1.79999935e+02 
 4.64158883e+01  4.65301755e+01  4.64158883e+01  1.79999930e+02 
 5.01187234e+01  4.65301755e+01  5.01187234e+01  1.79999924e+02 
 5.41169527e+01  4.65301755e+01  5.41169527e+01  1.79999918e+02 
 5.84341413e+01  4.65301755e+01  5.84341413e+01  1.79999911e+02 
 6.30957344e+01  4.65301755e+01  6.30957344e+01  1.79999904e+02 
 6.81292069e+01  4.65301755e+01  6.81292069e+01  1.79999897e+02 
 7.35642254e+01  4.65301755e+01  7.35642254e+01  1.79999889e+02 
 7.94328235e+01  4.65301755e+01  7.94328235e+01  1.79999880e+02 
 8.57695899e+01  4.65301755e+01  8.57695899e+01  1.79999870e+02 
 9.26118728e+01  4.65301755e+01  9.26118728e+01  1.79999860e+02 
 1.00000000e+02  4.65301755e+01  1.00000000e+02  1.79999849e+02 
 1.07977516e+02  4.65301755e+01  1.07977516e+02  1.79999836e+02 
 1.16591440e+02  4.65301755e+01  1.16591440e+02  1.79999823e+02 
 1.25892541e+02  4.65301755e+01  1.25892541e+02  1.79999809e+02 
 1.35935639e+02  4.65301755e+01  1.35935639e+02  1.79999794e+02 
 1.46779927e+02  4.65301755e+01  1.46779927e+02  1.79999778e+02 
 1.58489319e+02  4.65301755e+01  1.58489319e+02  1.79999760e+02 
 1.71132830e+02  4.65301755e+01  1.71132830e+02  1.79999741e+02 
 1.84784980e+02  4.65301755e+01  1.84784980e+02  1.79999720e+02 
 1.99526231e+02  4.65301755e+01  1.99526231e+02  1.79999698e+02 
 2.15443469e+02  4.65301755e+01  2.15443469e+02  1.79999674e+02 
 2.32630507e+02  4.65301755e+01  2.32630507e+02  1.79999648e+02 
 2.51188643e+02  4.65301755e+01  2.51188643e+02  1.79999620e+02 
 2.71227258e+02  4.65301755e+01  2.71227258e+02  1.79999589e+02 
 2.92864456e+02  4.65301755e+01  2.92864456e+02  1.79999556e+02 
 3.16227766e+02  4.65301755e+01  3.16227766e+02  1.79999521e+02 
 3.41454887e+02  4.65301755e+01  3.41454887e+02  1.79999483e+02 
 3.68694506e+02  4.65301755e+01  3.68694506e+02  1.79999442e+02 
 3.98107171e+02  4.65301756e+01  3.98107171e+02  1.79999397e+02 
 4.29866235e+02  4.65301756e+01  4.29866235e+02  1.79999349e+02 
 4.64158883e+02  4.65301756e+01  4.64158883e+02  1.79999297e+02 
 5.01187234e+02  4.65301756e+01  5.01187234e+02  1.79999241e+02 
 5.41169527e+02  4.65301756e+01  5.41169527e+02  1.79999180e+02 
 5.84341413e+02  4.65301757e+01  5.84341413e+02  1.79999115e+02 
 6.30957344e+02  4.65301757e+01  6.30957344e+02  1.79999044e+02 
 6.81292069e+02  4.65301757e+01  6.81292069e+02  1.79998968e+02 
 7.35642254e+02  4.65301758e+01  7.35642254e+02  1.79998886e+02 
 7.94328235e+02  4.65301758e+01  7.94328235e+02  1.79998797e+02 
 8.57695899e+02  4.65301759e+01  8.57695899e+02  1.79998701e+02 
 9.26118728e+02  4.65301760e+01  9.26118728e+02  1.79998597e+02 
 1.00000000e+03  4.65301760e+01  1.00000000e+03  1.79998485e+02 
 1.07977516e+03  4.65301761e+01  1.07977516e+03  1.79998364e+02 
 1.16591440e+03  4.65301762e+01  1.16591440e+03  1.79998234e+02 
 1.25892541e+03  4.65301764e+01  1.25892541e+03  1.79998093e+02 
 1.35935639e+03  4.65301765e+01  1.35935639e+03  1.79997941e+02 
 1.46779927e+03  4.65301767e+01  1.46779927e+03  1.79997777e+02 
 1.58489319e+03  4.65301769e+01  1.58489319e+03  1.79997599e+02 
 1.71132830e+03  4.65301771e+01  1.71132830e+03  1.79997408e+02 
 1.84784980e+03  4.65301774e+01  1.84784980e+03  1.79997201e+02 
 1.99526231e+03  4.65301777e+01  1.99526231e+03  1.79996978e+02 
 2.15443469e+03  4.65301781e+01  2.15443469e+03  1.79996737e+02 
 2.32630507e+03  4.65301785e+01  2.32630507e+03  1.79996476e+02 
 2.51188643e+03  4.65301791e+01  2.51188643e+03  1.79996195e+02 
 2.71227258e+03  4.65301797e+01  2.71227258e+03  1.79995892e+02 
 2.92864456e+03  4.65301803e+01  2.92864456e+03  1.79995564e+02 
 3.16227766e+03  4.65301812e+01  3.16227766e+03  1.79995210e+02 
 3.41454887e+03  4.65301821e+01  3.41454887e+03  1.79994828e+02 
 3.68694506e+03  4.65301832e+01  3.68694506e+03  1.79994415e+02 
 3.98107171e+03  4.65301845e+01  3.98107171e+03  1.79993970e+02 
 4.29866235e+03  4.65301860e+01  4.29866235e+03  1.79993489e+02 
 4.64158883e+03  4.65301877e+01  4.64158883e+03  1.79992969e+02 
 5.01187234e+03  4.65301898e+01  5.01187234e+03  1.79992408e+02 
 5.41169527e+03  4.65301921e+01  5.41169527e+03  1.79991803e+02 
 5.84341413e+03  4.65301949e+01  5.84341413e+03  1.79991149e+02 
 6.30957344e+03  4.65301981e+01  6.30957344e+03  1.79990443e+02 
 6.81292069e+03  4.65302019e+01  6.81292069e+03  1.79989680e+02 
 7.35642254e+03  4.65302062e+01  7.35642254e+03  1.79988857e+02 
 7.94328235e+03  4.65302114e+01  7.94328235e+03  1.79987968e+02 
 8.57695899e+03  4.65302173e+01  8.57695899e+03  1.79987008e+02 
 9.26118728e+03  4.65302243e+01  9.26118728e+03  1.79985972e+02 
 1.00000000e+04  4.65302323e+01  1.00000000e+04  1.79984853e+02 
 1.07977516e+04  4.65302418e+01  1.07977516e+04  1.79983644e+02 
 1.16591440e+04  4.65302528e+01  1.16591440e+04  1.79982339e+02 
 1.25892541e+04  4.65302656e+01  1.25892541e+04  1.79980930e+02 
 1.35935639e+04  4.65302806e+01  1.35935639e+04  1.79979409e+02 
 1.46779927e+04  4.65302980e+01  1.46779927e+04  1.79977766e+02 
 1.58489319e+04  4.65303183e+01  1.58489319e+04  1.79975992e+02 
 1.71132830e+04  4.65303420e+01  1.71132830e+04  1.79974077e+02 
 1.84784980e+04  4.65303697e+01  1.84784980e+04  1.79972009e+02 
 1.99526231e+04  4.65304019e+01  1.99526231e+04  1.79969776e+02 
 2.15443469e+04  4.65304395e+01  2.15443469e+04  1.79967364e+02 
 2.32630507e+04  4.65304833e+01  2.32630507e+04  1.79964761e+02 
 2.51188643e+04  4.65305343e+01  2.51188643e+04  1.79961949e+02 
 2.71227258e+04  4.65305939e+01  2.71227258e+04  1.79958913e+02 
 2.92864456e+04  4.65306633e+01  2.92864456e+04  1.79955635e+02 
 3.16227766e+04  4.65307442e+01  3.16227766e+04  1.79952095e+02 
 3.41454887e+04  4.65308386e+01  3.41454887e+04  1.79948272e+02 
 3.68694506e+04  4.65309487e+01  3.68694506e+04  1.79944144e+02 
 3.98107171e+04  4.65310769e+01  3.98107171e+04  1.79939687e+02 
 4.29866235e+04  4.65312265e+01  4.29866235e+04  1.79934873e+02 
 4.64158883e+04  4.65314009e+01  4.64158883e+04  1.79929675e+02 
 5.01187234e+04  4.65316043e+01  5.01187234e+04  1.79924062e+02 
 5.41169527e+04  4.65318413e+01  5.41169527e+04  1.79918000e+02 
 5.84341413e+04  4.65321177e+01  5.84341413e+04  1.79911454e+02 
 6.30957344e+04  4.65324400e+01  6.30957344e+04  1.79904384e+02 
 6.81292069e+04  4.65328158e+01  6.81292069e+04  1.79896748e+02 
 7.35642254e+04  4.65332539e+01  7.35642254e+04  1.79888501e+02 
 7.94328235e+04  4.65337648e+01  7.94328235e+04  1.79879594e+02 
 8.57695899e+04  4.65343605e+01  8.57695899e+04  1.79869973e+02 
 9.26118728e+04  4.65350551e+01  9.26118728e+04  1.79859581e+02 
 1.00000000e+05  4.65358649e+01  1.00000000e+05  1.79848355e+02 
 1.07977516e+05  4.65368091e+01  1.07977516e+05  1.79836226e+02 
 1.16591440e+05  4.65379103e+01  1.16591440e+05  1.79823122e+02 
 1.25892541e+05  4.65391942e+01  1.25892541e+05  1.79808963e+02 
 1.35935639e+05  4.65406913e+01  1.35935639e+05  1.79793661e+02 
 1.46779927e+05  4.65424374e+01  1.46779927e+05  1.79777123e+02 
 1.58489319e+05  4.65444734e+01  1.58489319e+05  1.79759245e+02 
 1.71132830e+05  4.65468481e+01  1.71132830e+05  1.79739915e+02 
 1.84784980e+05  4.65496174e+01  1.84784980e+05  1.79719012e+02 
 1.99526231e+05  4.65528470e+01  1.99526231e+05  1.79696400e+02 
 2.15443469e+05  4.65566143e+01  2.15443469e+05  1.79671934e+02 
 2.32630507e+05  4.65610081e+01  2.32630507e+05  1.79645452e+02 
 2.51188643e+05  4.65661344e+01  2.51188643e+05  1.79616777e+02 
 2.71227258e+05  4.65721144e+01  2.71227258e+05  1.79585712e+02 
 2.92864456e+05  4.65790915e+01  2.92864456e+05  1.79552040e+02 
 3.16227766e+05  4.65872338e+01  3.16227766e+05  1.79515519e+02 
 3.41454887e+05  4.65967358e+01  3.41454887e+05  1.79475881e+02 
 3.68694506e+05  4.66078278e+01  3.68694506e+05  1.79432820e+02 
 3.98107171e+05  4.66207776e+01  3.98107171e+05  1.79385997e+02 
 4.29866235e+05  4.66358983e+01  4.29866235e+05  1.79335025e+02 
 4.64158883e+05  4.66535624e+01  4.64158883e+05  1.79279460e+02 
 5.01187234e+05  4.66741998e+01  5.01187234e+05  1.79218798e+02 
 5.41169527e+05  4.66983234e+01  5.41169527e+05  1.79152453e+02 
 5.84341413e+05  4.67265314e+01  5.84341413e+05  1.79079741e+02 
 6.30957344e+05  4.67595295e+01  6.30957344e+05  1.78999864e+02 
 6.81292069e+05  4.67981624e+01  6.81292069e+05  1.78911874e+02 
 7.35642254e+05  4.68434169e+01  7.35642254e+05  1.78814639e+02 
 7.94328235e+05  4.68964682e+01  7.94328235e+05  1.78706798e+02 
 8.57695899e+05  4.69587202e+01  8.57695899e+05  1.78586694e+02 
 9.26118728e+05  4.70318571e+01  9.26118728e+05  1.78452285e+02 
 1.00000000e+06  4.71178846e+01  1.00000000e+06  1.78301043e+02 
 1.07977516e+06  4.72192487e+01  1.07977516e+06  1.78129781e+02 
 1.16591440e+06  4.73389081e+01  1.16591440e+06  1.77934447e+02 
 1.25892541e+06  4.74804334e+01  1.25892541e+06  1.77709817e+02 
 1.35935639e+06  4.76483229e+01  1.35935639e+06  1.77449040e+02 
 1.46779927e+06  4.78481089e+01  1.46779927e+06  1.77142995e+02 
 1.58489319e+06  4.80867656e+01  1.58489319e+06  1.76779322e+02 
 1.71132830e+06  4.83732277e+01  1.71132830e+06  1.76340843e+02 
 1.84784980e+06  4.87190266e+01  1.84784980e+06  1.75803182e+02 
 1.99526231e+06  4.91394280e+01  1.99526231e+06  1.75130568e+02 
 2.15443469e+06  4.96552340e+01  2.15443469e+06  1.74268551e+02 
 2.32630507e+06  5.02953366e+01  2.32630507e+06  1.73130686e+02 
 2.51188643e+06  5.11010990e+01  2.51188643e+06  1.71571529e+02 
 2.71227258e+06  5.21349328e+01  2.71227258e+06  1.69327812e+02 
 2.92864456e+06  5.34936383e+01  2.92864456e+06  1.65876327e+02 
 3.16227766e+06  5.53318187e+01  3.16227766e+06  1.60034479e+02 
 3.41454887e+06  5.78592735e+01  3.41454887e+06  1.48668935e+02 
 3.68694506e+06  6.08546474e+01  3.68694506e+06  1.22827415e+02 
 3.98107171e+06  6.08992106e+01  3.98107171e+06  7.65107834e+01 
 4.29866235e+06  5.68000596e+01  4.29866235e+06  4.46284628e+01 
 4.64158883e+06  5.27303439e+01  4.64158883e+06  3.08184936e+01 
 5.01187234e+06  4.93880137e+01  5.01187234e+06  2.41263977e+01 
 5.41169527e+06  4.65760886e+01  5.41169527e+06  2.04120292e+01 
 5.84341413e+06  4.41222561e+01  5.84341413e+06  1.81778918e+01 
 6.30957344e+06  4.19156251e+01  6.30957344e+06  1.67867008e+01 
 6.81292069e+06  3.98860388e+01  6.81292069e+06  1.59308638e+01 
 7.35642254e+06  3.79883033e+01  7.35642254e+06  1.54440328e+01 
 7.94328235e+06  3.61899592e+01  7.94328235e+06  1.52314488e+01 
 8.57695899e+06  3.44675029e+01  8.57695899e+06  1.52354441e+01 
 9.26118728e+06  3.28035628e+01  9.26118728e+06  1.54230292e+01 
 1.00000000e+07  3.11856474e+01  1.00000000e+07  1.57726175e+01 
 1.07977516e+07  2.96028027e+01  1.07977516e+07  1.62722170e+01 
 1.16591440e+07  2.80483555e+01  1.16591440e+07  1.69180876e+01 
 1.25892541e+07  2.65122894e+01  1.25892541e+07  1.77110881e+01 
 1.35935639e+07  2.49897415e+01  1.35935639e+07  1.86569670e+01 
 1.46779927e+07  2.34785871e+01  1.46779927e+07  1.97621653e+01 
 1.58489319e+07  2.19693271e+01  1.58489319e+07  2.10498738e+01 
 1.71132830e+07  2.04585768e+01  1.71132830e+07  2.25353885e+01 
 1.84784980e+07  1.89456628e+01  1.84784980e+07  2.42169547e+01 
 1.99526231e+07  1.74201270e+01  1.99526231e+07  2.61848652e+01 
 2.15443469e+07  1.58825982e+01  2.15443469e+07  2.84468482e+01 
 2.32630507e+07  1.43360898e+01  2.32630507e+07  3.10460604e+01 
 2.51188643e+07  1.27601040e+01  2.51188643e+07  3.41439377e+01 
 2.71227258e+07  1.11643244e+01  2.71227258e+07  3.77262139e+01 
 2.92864456e+07  9.55040324e+00  2.92864456e+07  4.20166062e+01 
 3.16227766e+07  7.91710155e+00  3.16227766e+07  4.70727603e+01 
 3.41454887e+07  6.30738183e+00  3.41454887e+07  5.33172488e+01 
 3.68694506e+07  4.70536092e+00  3.68694506e+07  6.05898458e+01 
 3.98107171e+07  3.21652307e+00  3.98107171e+07  6.96752849e+01 
 4.29866235e+07  1.87806855e+00  4.29866235e+07  7.97401667e+01 
 4.64158883e+07  8.75671474e-01  4.64158883e+07  9.21473874e+01 
 5.01187234e+07  1.60608238e-01  5.01187234e+07  1.04240002e+02 
 5.41169527e+07 -1.33723915e-01  5.41169527e+07  1.15885121e+02 
 5.84341413e+07 -1.64285537e-01  5.84341413e+07  1.27334130e+02 
 6.30957344e+07 -4.35915695e-02  6.30957344e+07  1.37144805e+02 
 6.81292069e+07  3.57887453e-01  6.81292069e+07  1.45411744e+02 
 7.35642254e+07  6.85890673e-01  7.35642254e+07  1.51841189e+02 
 7.94328235e+07  1.08501744e+00  7.94328235e+07  1.57658206e+02 
 8.57695899e+07  1.44314071e+00  8.57695899e+07  1.62886742e+02 
 9.26118728e+07  1.91354714e+00  9.26118728e+07  1.67093596e+02 
 1.00000000e+08  2.28087743e+00  1.00000000e+08  1.71057737e+02 
 1.07977516e+08  2.59593004e+00  1.07977516e+08  1.74717402e+02 
 1.16591440e+08  2.90601552e+00  1.16591440e+08  1.77503300e+02 
 1.25892541e+08  3.17423329e+00  1.25892541e+08  1.80180560e+02 
 1.35935639e+08  3.82959105e+00  1.35935639e+08  1.82297373e+02 
 1.46779927e+08  4.12304696e+00  1.46779927e+08  1.84932273e+02 
 1.58489319e+08  4.43849123e+00  1.58489319e+08  1.86403539e+02 
 1.71132830e+08  4.98238284e+00  1.71132830e+08  1.87790993e+02 
 1.84784980e+08  5.01409384e+00  1.84784980e+08  1.89210726e+02 
 1.99526231e+08  5.47806990e+00  1.99526231e+08  1.90124008e+02 
 2.15443469e+08  5.84423911e+00  2.15443469e+08  1.90801093e+02 
 2.32630507e+08  6.01470549e+00  2.32630507e+08  1.90823229e+02 
 2.51188643e+08  6.83700358e+00  2.51188643e+08  1.90727024e+02 
 2.71227258e+08  6.33514960e+00  2.71227258e+08  1.90491912e+02 
 2.92864456e+08  7.05556385e+00  2.92864456e+08  1.90016108e+02 
 3.16227766e+08  6.64759206e+00  3.16227766e+08  1.88985752e+02 
 3.41454887e+08  7.97971891e+00  3.41454887e+08  1.88098848e+02 
 3.68694506e+08  7.83716075e+00  3.68694506e+08  1.87317275e+02 
 3.98107171e+08  6.61877365e+00  3.98107171e+08  1.86636670e+02 
 4.29866235e+08  7.84898137e+00  4.29866235e+08  1.85730166e+02 
 4.64158883e+08  8.15004760e+00  4.64158883e+08  1.84809516e+02 
 5.01187234e+08  6.82933123e+00  5.01187234e+08  1.84286444e+02 
 5.41169527e+08  7.43522777e+00  5.41169527e+08  1.83797877e+02 
 5.84341413e+08  8.62034810e+00  5.84341413e+08  1.82942686e+02 
 6.30957344e+08  1.07748526e+01  6.30957344e+08  1.82051653e+02 
 6.81292069e+08  5.91516856e+00  6.81292069e+08  1.82076364e+02 
 7.35642254e+08  1.41072634e+01  7.35642254e+08  1.81747222e+02 
 7.94328235e+08  6.74181132e+00  7.94328235e+08  1.81444707e+02 
 8.57695899e+08  1.14031307e+01  8.57695899e+08  1.81808951e+02 
 9.26118728e+08  4.01955802e+00  9.26118728e+08  1.81392917e+02 
 1.00000000e+09  5.55973960e+01  1.00000000e+09  9.18078749e+01 
