 1.00000000e+00  4.68437420e+01  1.00000000e+00  1.79999999e+02 
 1.07977516e+00  4.68437420e+01  1.07977516e+00  1.79999999e+02 
 1.16591440e+00  4.68437420e+01  1.16591440e+00  1.79999998e+02 
 1.25892541e+00  4.68437420e+01  1.25892541e+00  1.79999998e+02 
 1.35935639e+00  4.68437420e+01  1.35935639e+00  1.79999998e+02 
 1.46779927e+00  4.68437420e+01  1.46779927e+00  1.79999998e+02 
 1.58489319e+00  4.68437420e+01  1.58489319e+00  1.79999998e+02 
 1.71132830e+00  4.68437420e+01  1.71132830e+00  1.79999998e+02 
 1.84784980e+00  4.68437420e+01  1.84784980e+00  1.79999997e+02 
 1.99526231e+00  4.68437420e+01  1.99526231e+00  1.79999997e+02 
 2.15443469e+00  4.68437420e+01  2.15443469e+00  1.79999997e+02 
 2.32630507e+00  4.68437420e+01  2.32630507e+00  1.79999997e+02 
 2.51188643e+00  4.68437420e+01  2.51188643e+00  1.79999997e+02 
 2.71227258e+00  4.68437420e+01  2.71227258e+00  1.79999996e+02 
 2.92864456e+00  4.68437420e+01  2.92864456e+00  1.79999996e+02 
 3.16227766e+00  4.68437420e+01  3.16227766e+00  1.79999996e+02 
 3.41454887e+00  4.68437420e+01  3.41454887e+00  1.79999995e+02 
 3.68694506e+00  4.68437420e+01  3.68694506e+00  1.79999995e+02 
 3.98107171e+00  4.68437420e+01  3.98107171e+00  1.79999994e+02 
 4.29866235e+00  4.68437420e+01  4.29866235e+00  1.79999994e+02 
 4.64158883e+00  4.68437420e+01  4.64158883e+00  1.79999994e+02 
 5.01187234e+00  4.68437420e+01  5.01187234e+00  1.79999993e+02 
 5.41169527e+00  4.68437420e+01  5.41169527e+00  1.79999993e+02 
 5.84341413e+00  4.68437420e+01  5.84341413e+00  1.79999992e+02 
 6.30957344e+00  4.68437420e+01  6.30957344e+00  1.79999991e+02 
 6.81292069e+00  4.68437420e+01  6.81292069e+00  1.79999991e+02 
 7.35642254e+00  4.68437420e+01  7.35642254e+00  1.79999990e+02 
 7.94328235e+00  4.68437420e+01  7.94328235e+00  1.79999989e+02 
 8.57695899e+00  4.68437420e+01  8.57695899e+00  1.79999988e+02 
 9.26118728e+00  4.68437420e+01  9.26118728e+00  1.79999987e+02 
 1.00000000e+01  4.68437420e+01  1.00000000e+01  1.79999986e+02 
 1.07977516e+01  4.68437420e+01  1.07977516e+01  1.79999985e+02 
 1.16591440e+01  4.68437420e+01  1.16591440e+01  1.79999984e+02 
 1.25892541e+01  4.68437420e+01  1.25892541e+01  1.79999983e+02 
 1.35935639e+01  4.68437420e+01  1.35935639e+01  1.79999981e+02 
 1.46779927e+01  4.68437420e+01  1.46779927e+01  1.79999980e+02 
 1.58489319e+01  4.68437420e+01  1.58489319e+01  1.79999978e+02 
 1.71132830e+01  4.68437420e+01  1.71132830e+01  1.79999976e+02 
 1.84784980e+01  4.68437420e+01  1.84784980e+01  1.79999974e+02 
 1.99526231e+01  4.68437420e+01  1.99526231e+01  1.79999972e+02 
 2.15443469e+01  4.68437420e+01  2.15443469e+01  1.79999970e+02 
 2.32630507e+01  4.68437420e+01  2.32630507e+01  1.79999968e+02 
 2.51188643e+01  4.68437420e+01  2.51188643e+01  1.79999965e+02 
 2.71227258e+01  4.68437420e+01  2.71227258e+01  1.79999962e+02 
 2.92864456e+01  4.68437420e+01  2.92864456e+01  1.79999959e+02 
 3.16227766e+01  4.68437420e+01  3.16227766e+01  1.79999956e+02 
 3.41454887e+01  4.68437420e+01  3.41454887e+01  1.79999953e+02 
 3.68694506e+01  4.68437420e+01  3.68694506e+01  1.79999949e+02 
 3.98107171e+01  4.68437420e+01  3.98107171e+01  1.79999945e+02 
 4.29866235e+01  4.68437420e+01  4.29866235e+01  1.79999941e+02 
 4.64158883e+01  4.68437420e+01  4.64158883e+01  1.79999936e+02 
 5.01187234e+01  4.68437420e+01  5.01187234e+01  1.79999931e+02 
 5.41169527e+01  4.68437420e+01  5.41169527e+01  1.79999925e+02 
 5.84341413e+01  4.68437420e+01  5.84341413e+01  1.79999919e+02 
 6.30957344e+01  4.68437420e+01  6.30957344e+01  1.79999913e+02 
 6.81292069e+01  4.68437420e+01  6.81292069e+01  1.79999906e+02 
 7.35642254e+01  4.68437420e+01  7.35642254e+01  1.79999898e+02 
 7.94328235e+01  4.68437420e+01  7.94328235e+01  1.79999890e+02 
 8.57695899e+01  4.68437420e+01  8.57695899e+01  1.79999881e+02 
 9.26118728e+01  4.68437420e+01  9.26118728e+01  1.79999872e+02 
 1.00000000e+02  4.68437420e+01  1.00000000e+02  1.79999862e+02 
 1.07977516e+02  4.68437420e+01  1.07977516e+02  1.79999851e+02 
 1.16591440e+02  4.68437420e+01  1.16591440e+02  1.79999839e+02 
 1.25892541e+02  4.68437420e+01  1.25892541e+02  1.79999826e+02 
 1.35935639e+02  4.68437420e+01  1.35935639e+02  1.79999812e+02 
 1.46779927e+02  4.68437420e+01  1.46779927e+02  1.79999797e+02 
 1.58489319e+02  4.68437420e+01  1.58489319e+02  1.79999781e+02 
 1.71132830e+02  4.68437420e+01  1.71132830e+02  1.79999763e+02 
 1.84784980e+02  4.68437420e+01  1.84784980e+02  1.79999744e+02 
 1.99526231e+02  4.68437420e+01  1.99526231e+02  1.79999724e+02 
 2.15443469e+02  4.68437420e+01  2.15443469e+02  1.79999702e+02 
 2.32630507e+02  4.68437420e+01  2.32630507e+02  1.79999678e+02 
 2.51188643e+02  4.68437420e+01  2.51188643e+02  1.79999652e+02 
 2.71227258e+02  4.68437421e+01  2.71227258e+02  1.79999625e+02 
 2.92864456e+02  4.68437421e+01  2.92864456e+02  1.79999595e+02 
 3.16227766e+02  4.68437421e+01  3.16227766e+02  1.79999562e+02 
 3.41454887e+02  4.68437421e+01  3.41454887e+02  1.79999527e+02 
 3.68694506e+02  4.68437421e+01  3.68694506e+02  1.79999490e+02 
 3.98107171e+02  4.68437421e+01  3.98107171e+02  1.79999449e+02 
 4.29866235e+02  4.68437421e+01  4.29866235e+02  1.79999405e+02 
 4.64158883e+02  4.68437421e+01  4.64158883e+02  1.79999358e+02 
 5.01187234e+02  4.68437422e+01  5.01187234e+02  1.79999306e+02 
 5.41169527e+02  4.68437422e+01  5.41169527e+02  1.79999251e+02 
 5.84341413e+02  4.68437422e+01  5.84341413e+02  1.79999191e+02 
 6.30957344e+02  4.68437423e+01  6.30957344e+02  1.79999127e+02 
 6.81292069e+02  4.68437423e+01  6.81292069e+02  1.79999057e+02 
 7.35642254e+02  4.68437424e+01  7.35642254e+02  1.79998982e+02 
 7.94328235e+02  4.68437424e+01  7.94328235e+02  1.79998901e+02 
 8.57695899e+02  4.68437425e+01  8.57695899e+02  1.79998813e+02 
 9.26118728e+02  4.68437426e+01  9.26118728e+02  1.79998718e+02 
 1.00000000e+03  4.68437426e+01  1.00000000e+03  1.79998616e+02 
 1.07977516e+03  4.68437428e+01  1.07977516e+03  1.79998506e+02 
 1.16591440e+03  4.68437429e+01  1.16591440e+03  1.79998386e+02 
 1.25892541e+03  4.68437430e+01  1.25892541e+03  1.79998258e+02 
 1.35935639e+03  4.68437432e+01  1.35935639e+03  1.79998119e+02 
 1.46779927e+03  4.68437434e+01  1.46779927e+03  1.79997969e+02 
 1.58489319e+03  4.68437436e+01  1.58489319e+03  1.79997806e+02 
 1.71132830e+03  4.68437439e+01  1.71132830e+03  1.79997631e+02 
 1.84784980e+03  4.68437442e+01  1.84784980e+03  1.79997443e+02 
 1.99526231e+03  4.68437445e+01  1.99526231e+03  1.79997239e+02 
 2.15443469e+03  4.68437450e+01  2.15443469e+03  1.79997018e+02 
 2.32630507e+03  4.68437455e+01  2.32630507e+03  1.79996780e+02 
 2.51188643e+03  4.68437460e+01  2.51188643e+03  1.79996523e+02 
 2.71227258e+03  4.68437467e+01  2.71227258e+03  1.79996246e+02 
 2.92864456e+03  4.68437475e+01  2.92864456e+03  1.79995947e+02 
 3.16227766e+03  4.68437484e+01  3.16227766e+03  1.79995623e+02 
 3.41454887e+03  4.68437494e+01  3.41454887e+03  1.79995274e+02 
 3.68694506e+03  4.68437507e+01  3.68694506e+03  1.79994897e+02 
 3.98107171e+03  4.68437521e+01  3.98107171e+03  1.79994490e+02 
 4.29866235e+03  4.68437538e+01  4.29866235e+03  1.79994051e+02 
 4.64158883e+03  4.68437557e+01  4.64158883e+03  1.79993576e+02 
 5.01187234e+03  4.68437580e+01  5.01187234e+03  1.79993063e+02 
 5.41169527e+03  4.68437606e+01  5.41169527e+03  1.79992510e+02 
 5.84341413e+03  4.68437637e+01  5.84341413e+03  1.79991913e+02 
 6.30957344e+03  4.68437673e+01  6.30957344e+03  1.79991267e+02 
 6.81292069e+03  4.68437715e+01  6.81292069e+03  1.79990571e+02 
 7.35642254e+03  4.68437764e+01  7.35642254e+03  1.79989818e+02 
 7.94328235e+03  4.68437822e+01  7.94328235e+03  1.79989006e+02 
 8.57695899e+03  4.68437888e+01  8.57695899e+03  1.79988129e+02 
 9.26118728e+03  4.68437966e+01  9.26118728e+03  1.79987182e+02 
 1.00000000e+04  4.68438056e+01  1.00000000e+04  1.79986160e+02 
 1.07977516e+04  4.68438162e+01  1.07977516e+04  1.79985055e+02 
 1.16591440e+04  4.68438285e+01  1.16591440e+04  1.79983863e+02 
 1.25892541e+04  4.68438429e+01  1.25892541e+04  1.79982576e+02 
 1.35935639e+04  4.68438596e+01  1.35935639e+04  1.79981186e+02 
 1.46779927e+04  4.68438791e+01  1.46779927e+04  1.79979685e+02 
 1.58489319e+04  4.68439019e+01  1.58489319e+04  1.79978064e+02 
 1.71132830e+04  4.68439284e+01  1.71132830e+04  1.79976314e+02 
 1.84784980e+04  4.68439593e+01  1.84784980e+04  1.79974424e+02 
 1.99526231e+04  4.68439953e+01  1.99526231e+04  1.79972384e+02 
 2.15443469e+04  4.68440374e+01  2.15443469e+04  1.79970180e+02 
 2.32630507e+04  4.68440864e+01  2.32630507e+04  1.79967801e+02 
 2.51188643e+04  4.68441435e+01  2.51188643e+04  1.79965232e+02 
 2.71227258e+04  4.68442101e+01  2.71227258e+04  1.79962458e+02 
 2.92864456e+04  4.68442878e+01  2.92864456e+04  1.79959462e+02 
 3.16227766e+04  4.68443783e+01  3.16227766e+04  1.79956227e+02 
 3.41454887e+04  4.68444839e+01  3.41454887e+04  1.79952734e+02 
 3.68694506e+04  4.68446070e+01  3.68694506e+04  1.79948963e+02 
 3.98107171e+04  4.68447506e+01  3.98107171e+04  1.79944889e+02 
 4.29866235e+04  4.68449179e+01  4.29866235e+04  1.79940491e+02 
 4.64158883e+04  4.68451130e+01  4.64158883e+04  1.79935741e+02 
 5.01187234e+04  4.68453405e+01  5.01187234e+04  1.79930611e+02 
 5.41169527e+04  4.68456057e+01  5.41169527e+04  1.79925071e+02 
 5.84341413e+04  4.68459150e+01  5.84341413e+04  1.79919089e+02 
 6.30957344e+04  4.68462756e+01  6.30957344e+04  1.79912627e+02 
 6.81292069e+04  4.68466960e+01  6.81292069e+04  1.79905649e+02 
 7.35642254e+04  4.68471862e+01  7.35642254e+04  1.79898111e+02 
 7.94328235e+04  4.68477578e+01  7.94328235e+04  1.79889970e+02 
 8.57695899e+04  4.68484242e+01  8.57695899e+04  1.79881175e+02 
 9.26118728e+04  4.68492014e+01  9.26118728e+04  1.79871675e+02 
 1.00000000e+05  4.68501075e+01  1.00000000e+05  1.79861411e+02 
 1.07977516e+05  4.68511640e+01  1.07977516e+05  1.79850321e+02 
 1.16591440e+05  4.68523960e+01  1.16591440e+05  1.79838339e+02 
 1.25892541e+05  4.68538326e+01  1.25892541e+05  1.79825389e+02 
 1.35935639e+05  4.68555080e+01  1.35935639e+05  1.79811392e+02 
 1.46779927e+05  4.68574616e+01  1.46779927e+05  1.79796262e+02 
 1.58489319e+05  4.68597400e+01  1.58489319e+05  1.79779902e+02 
 1.71132830e+05  4.68623973e+01  1.71132830e+05  1.79762210e+02 
 1.84784980e+05  4.68654959e+01  1.84784980e+05  1.79743072e+02 
 1.99526231e+05  4.68691106e+01  1.99526231e+05  1.79722363e+02 
 2.15443469e+05  4.68733259e+01  2.15443469e+05  1.79699947e+02 
 2.32630507e+05  4.68782445e+01  2.32630507e+05  1.79675673e+02 
 2.51188643e+05  4.68839812e+01  2.51188643e+05  1.79649375e+02 
 2.71227258e+05  4.68906760e+01  2.71227258e+05  1.79620868e+02 
 2.92864456e+05  4.68984878e+01  2.92864456e+05  1.79589948e+02 
 3.16227766e+05  4.69076028e+01  3.16227766e+05  1.79556383e+02 
 3.41454887e+05  4.69182437e+01  3.41454887e+05  1.79519919e+02 
 3.68694506e+05  4.69306656e+01  3.68694506e+05  1.79480263e+02 
 3.98107171e+05  4.69451703e+01  3.98107171e+05  1.79437087e+02 
 4.29866235e+05  4.69621103e+01  4.29866235e+05  1.79390015e+02 
 4.64158883e+05  4.69819002e+01  4.64158883e+05  1.79338615e+02 
 5.01187234e+05  4.70050354e+01  5.01187234e+05  1.79282389e+02 
 5.41169527e+05  4.70320838e+01  5.41169527e+05  1.79220756e+02 
 5.84341413e+05  4.70637218e+01  5.84341413e+05  1.79153032e+02 
 6.30957344e+05  4.71007567e+01  6.30957344e+05  1.79078411e+02 
 6.81292069e+05  4.71441253e+01  6.81292069e+05  1.78995928e+02 
 7.35642254e+05  4.71949595e+01  7.35642254e+05  1.78904422e+02 
 7.94328235e+05  4.72546005e+01  7.94328235e+05  1.78802477e+02 
 8.57695899e+05  4.73246453e+01  8.57695899e+05  1.78688359e+02 
 9.26118728e+05  4.74070157e+01  9.26118728e+05  1.78559911e+02 
 1.00000000e+06  4.75040341e+01  1.00000000e+06  1.78414422e+02 
 1.07977516e+06  4.76184908e+01  1.07977516e+06  1.78248454e+02 
 1.16591440e+06  4.77538130e+01  1.16591440e+06  1.78057579e+02 
 1.25892541e+06  4.79142059e+01  1.25892541e+06  1.77836005e+02 
 1.35935639e+06  4.81049487e+01  1.35935639e+06  1.77576040e+02 
 1.46779927e+06  4.83326068e+01  1.46779927e+06  1.77267314e+02 
 1.58489319e+06  4.86055199e+01  1.58489319e+06  1.76895475e+02 
 1.71132830e+06  4.89345104e+01  1.71132830e+06  1.76440265e+02 
 1.84784980e+06  4.93338833e+01  1.84784980e+06  1.75872201e+02 
 1.99526231e+06  4.98228385e+01  1.99526231e+06  1.75146844e+02 
 2.15443469e+06  5.04279819e+01  2.15443469e+06  1.74194362e+02 
 2.32630507e+06  5.11875368e+01  2.32630507e+06  1.72898890e+02 
 2.51188643e+06  5.21587365e+01  2.51188643e+06  1.71054605e+02 
 2.71227258e+06  5.34305751e+01  2.71227258e+06  1.68261460e+02 
 2.92864456e+06  5.51492912e+01  2.92864456e+06  1.63639371e+02 
 3.16227766e+06  5.75509696e+01  3.16227766e+06  1.54900984e+02 
 3.41454887e+06  6.07943615e+01  3.41454887e+06  1.34946315e+02 
 3.68694506e+06  6.25423707e+01  3.68694506e+06  8.97299809e+01 
 3.98107171e+06  5.87645059e+01  3.98107171e+06  4.87914642e+01 
 4.29866235e+06  5.42922234e+01  4.29866235e+06  3.17130584e+01 
 4.64158883e+06  5.06801877e+01  4.64158883e+06  2.40798704e+01 
 5.01187234e+06  4.77046652e+01  5.01187234e+06  2.00481675e+01 
 5.41169527e+06  4.51452307e+01  5.41169527e+06  1.76951704e+01 
 5.84341413e+06  4.28675410e+01  5.84341413e+06  1.62585346e+01 
 6.30957344e+06  4.07875858e+01  6.30957344e+06  1.53850147e+01 
 6.81292069e+06  3.88532235e+01  6.81292069e+06  1.48919698e+01 
 7.35642254e+06  3.70271034e+01  7.35642254e+06  1.46760835e+01 
 7.94328235e+06  3.52843783e+01  7.94328235e+06  1.46773569e+01 
 8.57695899e+06  3.36060937e+01  8.57695899e+06  1.48583398e+01 
 9.26118728e+06  3.19764816e+01  9.26118728e+06  1.51979962e+01 
 1.00000000e+07  3.03859712e+01  1.00000000e+07  1.56842353e+01 
 1.07977516e+07  2.88264132e+01  1.07977516e+07  1.63093258e+01 
 1.16591440e+07  2.72883894e+01  1.16591440e+07  1.70797564e+01 
 1.25892541e+07  2.57664571e+01  1.25892541e+07  1.79906926e+01 
 1.35935639e+07  2.42560953e+01  1.35935639e+07  1.90543057e+01 
 1.46779927e+07  2.27530243e+01  1.46779927e+07  2.02746693e+01 
 1.58489319e+07  2.12504835e+01  1.58489319e+07  2.16946097e+01 
 1.71132830e+07  1.97449973e+01  1.71132830e+07  2.33009454e+01 
 1.84784980e+07  1.82335842e+01  1.84784980e+07  2.51453113e+01 
 1.99526231e+07  1.67106010e+01  1.99526231e+07  2.72811759e+01 
 2.15443469e+07  1.51763140e+01  2.15443469e+07  2.97371064e+01 
 2.32630507e+07  1.36179277e+01  2.32630507e+07  3.25723747e+01 
 2.51188643e+07  1.20405243e+01  2.51188643e+07  3.58851173e+01 
 2.71227258e+07  1.04522565e+01  2.71227258e+07  3.97983881e+01 
 2.92864456e+07  8.84331355e+00  2.92864456e+07  4.44691391e+01 
 3.16227766e+07  7.22938296e+00  3.16227766e+07  5.00918570e+01 
 3.41454887e+07  5.63102742e+00  3.41454887e+07  5.66811151e+01 
 3.68694506e+07  4.09369371e+00  3.68694506e+07  6.46212809e+01 
 3.98107171e+07  2.67065270e+00  3.98107171e+07  7.41474152e+01 
 4.29866235e+07  1.46212011e+00  4.29866235e+07  8.50114292e+01 
 4.64158883e+07  5.64139978e-01  4.64158883e+07  9.66123290e+01 
 5.01187234e+07  8.04236727e-02  5.01187234e+07  1.08023583e+02 
 5.41169527e+07 -1.93777867e-01  5.41169527e+07  1.21276553e+02 
 5.84341413e+07 -1.14465847e-01  5.84341413e+07  1.30893271e+02 
 6.30957344e+07  1.03309093e-01  6.30957344e+07  1.39888040e+02 
 6.81292069e+07  4.72753894e-01  6.81292069e+07  1.47249321e+02 
 7.35642254e+07  8.60066177e-01  7.35642254e+07  1.53992971e+02 
 7.94328235e+07  1.16683930e+00  7.94328235e+07  1.60078288e+02 
 8.57695899e+07  1.57859150e+00  8.57695899e+07  1.64864252e+02 
 9.26118728e+07  1.92665444e+00  9.26118728e+07  1.68953556e+02 
 1.00000000e+08  2.38697357e+00  1.00000000e+08  1.72583504e+02 
 1.07977516e+08  2.68671030e+00  1.07977516e+08  1.75632663e+02 
 1.16591440e+08  3.10145853e+00  1.16591440e+08  1.78603889e+02 
 1.25892541e+08  3.40478649e+00  1.25892541e+08  1.81287816e+02 
 1.35935639e+08  3.92144331e+00  1.35935639e+08  1.83325128e+02 
 1.46779927e+08  4.05483210e+00  1.46779927e+08  1.85710754e+02 
 1.58489319e+08  4.35488009e+00  1.58489319e+08  1.87490050e+02 
 1.71132830e+08  5.09469416e+00  1.71132830e+08  1.88608057e+02 
 1.84784980e+08  4.86752382e+00  1.84784980e+08  1.89699641e+02 
 1.99526231e+08  5.28707267e+00  1.99526231e+08  1.90500998e+02 
 2.15443469e+08  6.31838561e+00  2.15443469e+08  1.90635900e+02 
 2.32630507e+08  6.54781707e+00  2.32630507e+08  1.91155172e+02 
 2.51188643e+08  6.93065570e+00  2.51188643e+08  1.90721866e+02 
 2.71227258e+08  6.42842563e+00  2.71227258e+08  1.90421978e+02 
 2.92864456e+08  6.49673821e+00  2.92864456e+08  1.90105398e+02 
 3.16227766e+08  7.46135805e+00  3.16227766e+08  1.88963844e+02 
 3.41454887e+08  7.12632877e+00  3.41454887e+08  1.88035904e+02 
 3.68694506e+08  6.84913333e+00  3.68694506e+08  1.87235939e+02 
 3.98107171e+08  7.78821304e+00  3.98107171e+08  1.86358847e+02 
 4.29866235e+08  6.53220659e+00  4.29866235e+08  1.85617030e+02 
 4.64158883e+08  8.14561592e+00  4.64158883e+08  1.84663313e+02 
 5.01187234e+08  6.83737457e+00  5.01187234e+08  1.83791282e+02 
 5.41169527e+08  5.52207602e+00  5.41169527e+08  1.83288853e+02 
 5.84341413e+08  6.11809063e+00  5.84341413e+08  1.82557505e+02 
 6.30957344e+08  7.25217340e+00  6.30957344e+08  1.82163262e+02 
 6.81292069e+08  9.39013381e+00  6.81292069e+08  1.81726084e+02 
 7.35642254e+08  4.54983670e+00  7.35642254e+08  1.81413870e+02 
 7.94328235e+08  3.21076326e+00  7.94328235e+08  1.81231966e+02 
 8.57695899e+08  1.13631341e+01  8.57695899e+08  1.80243161e+02 
 9.26118728e+08  4.00803234e+00  9.26118728e+08  1.80916873e+02 
 1.00000000e+09  8.66614305e+00  1.00000000e+09  1.80192863e+02 
