 1.00000000e+00  4.70265330e+01  1.00000000e+00  1.79999998e+02 
 1.07977516e+00  4.70265330e+01  1.07977516e+00  1.79999998e+02 
 1.16591440e+00  4.70265330e+01  1.16591440e+00  1.79999998e+02 
 1.25892541e+00  4.70265330e+01  1.25892541e+00  1.79999998e+02 
 1.35935639e+00  4.70265330e+01  1.35935639e+00  1.79999998e+02 
 1.46779927e+00  4.70265330e+01  1.46779927e+00  1.79999998e+02 
 1.58489319e+00  4.70265330e+01  1.58489319e+00  1.79999998e+02 
 1.71132830e+00  4.70265330e+01  1.71132830e+00  1.79999997e+02 
 1.84784980e+00  4.70265330e+01  1.84784980e+00  1.79999997e+02 
 1.99526231e+00  4.70265330e+01  1.99526231e+00  1.79999997e+02 
 2.15443469e+00  4.70265330e+01  2.15443469e+00  1.79999997e+02 
 2.32630507e+00  4.70265330e+01  2.32630507e+00  1.79999996e+02 
 2.51188643e+00  4.70265330e+01  2.51188643e+00  1.79999996e+02 
 2.71227258e+00  4.70265330e+01  2.71227258e+00  1.79999996e+02 
 2.92864456e+00  4.70265330e+01  2.92864456e+00  1.79999996e+02 
 3.16227766e+00  4.70265330e+01  3.16227766e+00  1.79999995e+02 
 3.41454887e+00  4.70265330e+01  3.41454887e+00  1.79999995e+02 
 3.68694506e+00  4.70265330e+01  3.68694506e+00  1.79999994e+02 
 3.98107171e+00  4.70265330e+01  3.98107171e+00  1.79999994e+02 
 4.29866235e+00  4.70265330e+01  4.29866235e+00  1.79999993e+02 
 4.64158883e+00  4.70265330e+01  4.64158883e+00  1.79999993e+02 
 5.01187234e+00  4.70265330e+01  5.01187234e+00  1.79999992e+02 
 5.41169527e+00  4.70265330e+01  5.41169527e+00  1.79999992e+02 
 5.84341413e+00  4.70265330e+01  5.84341413e+00  1.79999991e+02 
 6.30957344e+00  4.70265330e+01  6.30957344e+00  1.79999990e+02 
 6.81292069e+00  4.70265330e+01  6.81292069e+00  1.79999990e+02 
 7.35642254e+00  4.70265330e+01  7.35642254e+00  1.79999989e+02 
 7.94328235e+00  4.70265330e+01  7.94328235e+00  1.79999988e+02 
 8.57695899e+00  4.70265330e+01  8.57695899e+00  1.79999987e+02 
 9.26118728e+00  4.70265330e+01  9.26118728e+00  1.79999986e+02 
 1.00000000e+01  4.70265330e+01  1.00000000e+01  1.79999985e+02 
 1.07977516e+01  4.70265330e+01  1.07977516e+01  1.79999984e+02 
 1.16591440e+01  4.70265330e+01  1.16591440e+01  1.79999982e+02 
 1.25892541e+01  4.70265330e+01  1.25892541e+01  1.79999981e+02 
 1.35935639e+01  4.70265330e+01  1.35935639e+01  1.79999979e+02 
 1.46779927e+01  4.70265330e+01  1.46779927e+01  1.79999978e+02 
 1.58489319e+01  4.70265330e+01  1.58489319e+01  1.79999976e+02 
 1.71132830e+01  4.70265330e+01  1.71132830e+01  1.79999974e+02 
 1.84784980e+01  4.70265330e+01  1.84784980e+01  1.79999972e+02 
 1.99526231e+01  4.70265330e+01  1.99526231e+01  1.79999970e+02 
 2.15443469e+01  4.70265330e+01  2.15443469e+01  1.79999967e+02 
 2.32630507e+01  4.70265330e+01  2.32630507e+01  1.79999965e+02 
 2.51188643e+01  4.70265330e+01  2.51188643e+01  1.79999962e+02 
 2.71227258e+01  4.70265330e+01  2.71227258e+01  1.79999959e+02 
 2.92864456e+01  4.70265330e+01  2.92864456e+01  1.79999955e+02 
 3.16227766e+01  4.70265330e+01  3.16227766e+01  1.79999952e+02 
 3.41454887e+01  4.70265330e+01  3.41454887e+01  1.79999948e+02 
 3.68694506e+01  4.70265330e+01  3.68694506e+01  1.79999944e+02 
 3.98107171e+01  4.70265330e+01  3.98107171e+01  1.79999940e+02 
 4.29866235e+01  4.70265330e+01  4.29866235e+01  1.79999935e+02 
 4.64158883e+01  4.70265330e+01  4.64158883e+01  1.79999929e+02 
 5.01187234e+01  4.70265330e+01  5.01187234e+01  1.79999924e+02 
 5.41169527e+01  4.70265330e+01  5.41169527e+01  1.79999918e+02 
 5.84341413e+01  4.70265330e+01  5.84341413e+01  1.79999911e+02 
 6.30957344e+01  4.70265330e+01  6.30957344e+01  1.79999904e+02 
 6.81292069e+01  4.70265330e+01  6.81292069e+01  1.79999896e+02 
 7.35642254e+01  4.70265330e+01  7.35642254e+01  1.79999888e+02 
 7.94328235e+01  4.70265330e+01  7.94328235e+01  1.79999879e+02 
 8.57695899e+01  4.70265330e+01  8.57695899e+01  1.79999870e+02 
 9.26118728e+01  4.70265330e+01  9.26118728e+01  1.79999859e+02 
 1.00000000e+02  4.70265330e+01  1.00000000e+02  1.79999848e+02 
 1.07977516e+02  4.70265330e+01  1.07977516e+02  1.79999836e+02 
 1.16591440e+02  4.70265330e+01  1.16591440e+02  1.79999823e+02 
 1.25892541e+02  4.70265330e+01  1.25892541e+02  1.79999809e+02 
 1.35935639e+02  4.70265330e+01  1.35935639e+02  1.79999793e+02 
 1.46779927e+02  4.70265330e+01  1.46779927e+02  1.79999777e+02 
 1.58489319e+02  4.70265330e+01  1.58489319e+02  1.79999759e+02 
 1.71132830e+02  4.70265331e+01  1.71132830e+02  1.79999740e+02 
 1.84784980e+02  4.70265331e+01  1.84784980e+02  1.79999719e+02 
 1.99526231e+02  4.70265331e+01  1.99526231e+02  1.79999697e+02 
 2.15443469e+02  4.70265331e+01  2.15443469e+02  1.79999673e+02 
 2.32630507e+02  4.70265331e+01  2.32630507e+02  1.79999646e+02 
 2.51188643e+02  4.70265331e+01  2.51188643e+02  1.79999618e+02 
 2.71227258e+02  4.70265331e+01  2.71227258e+02  1.79999588e+02 
 2.92864456e+02  4.70265331e+01  2.92864456e+02  1.79999555e+02 
 3.16227766e+02  4.70265331e+01  3.16227766e+02  1.79999519e+02 
 3.41454887e+02  4.70265331e+01  3.41454887e+02  1.79999481e+02 
 3.68694506e+02  4.70265331e+01  3.68694506e+02  1.79999440e+02 
 3.98107171e+02  4.70265331e+01  3.98107171e+02  1.79999395e+02 
 4.29866235e+02  4.70265331e+01  4.29866235e+02  1.79999347e+02 
 4.64158883e+02  4.70265332e+01  4.64158883e+02  1.79999295e+02 
 5.01187234e+02  4.70265332e+01  5.01187234e+02  1.79999238e+02 
 5.41169527e+02  4.70265332e+01  5.41169527e+02  1.79999178e+02 
 5.84341413e+02  4.70265332e+01  5.84341413e+02  1.79999112e+02 
 6.30957344e+02  4.70265333e+01  6.30957344e+02  1.79999041e+02 
 6.81292069e+02  4.70265333e+01  6.81292069e+02  1.79998965e+02 
 7.35642254e+02  4.70265334e+01  7.35642254e+02  1.79998882e+02 
 7.94328235e+02  4.70265334e+01  7.94328235e+02  1.79998793e+02 
 8.57695899e+02  4.70265335e+01  8.57695899e+02  1.79998697e+02 
 9.26118728e+02  4.70265336e+01  9.26118728e+02  1.79998593e+02 
 1.00000000e+03  4.70265336e+01  1.00000000e+03  1.79998480e+02 
 1.07977516e+03  4.70265338e+01  1.07977516e+03  1.79998359e+02 
 1.16591440e+03  4.70265339e+01  1.16591440e+03  1.79998228e+02 
 1.25892541e+03  4.70265340e+01  1.25892541e+03  1.79998087e+02 
 1.35935639e+03  4.70265342e+01  1.35935639e+03  1.79997934e+02 
 1.46779927e+03  4.70265344e+01  1.46779927e+03  1.79997769e+02 
 1.58489319e+03  4.70265346e+01  1.58489319e+03  1.79997591e+02 
 1.71132830e+03  4.70265348e+01  1.71132830e+03  1.79997399e+02 
 1.84784980e+03  4.70265351e+01  1.84784980e+03  1.79997192e+02 
 1.99526231e+03  4.70265355e+01  1.99526231e+03  1.79996968e+02 
 2.15443469e+03  4.70265359e+01  2.15443469e+03  1.79996726e+02 
 2.32630507e+03  4.70265364e+01  2.32630507e+03  1.79996465e+02 
 2.51188643e+03  4.70265369e+01  2.51188643e+03  1.79996183e+02 
 2.71227258e+03  4.70265376e+01  2.71227258e+03  1.79995878e+02 
 2.92864456e+03  4.70265383e+01  2.92864456e+03  1.79995549e+02 
 3.16227766e+03  4.70265392e+01  3.16227766e+03  1.79995194e+02 
 3.41454887e+03  4.70265402e+01  3.41454887e+03  1.79994811e+02 
 3.68694506e+03  4.70265414e+01  3.68694506e+03  1.79994397e+02 
 3.98107171e+03  4.70265428e+01  3.98107171e+03  1.79993950e+02 
 4.29866235e+03  4.70265444e+01  4.29866235e+03  1.79993467e+02 
 4.64158883e+03  4.70265463e+01  4.64158883e+03  1.79992946e+02 
 5.01187234e+03  4.70265486e+01  5.01187234e+03  1.79992384e+02 
 5.41169527e+03  4.70265511e+01  5.41169527e+03  1.79991776e+02 
 5.84341413e+03  4.70265541e+01  5.84341413e+03  1.79991120e+02 
 6.30957344e+03  4.70265576e+01  6.30957344e+03  1.79990411e+02 
 6.81292069e+03  4.70265617e+01  6.81292069e+03  1.79989646e+02 
 7.35642254e+03  4.70265665e+01  7.35642254e+03  1.79988821e+02 
 7.94328235e+03  4.70265720e+01  7.94328235e+03  1.79987929e+02 
 8.57695899e+03  4.70265785e+01  8.57695899e+03  1.79986966e+02 
 9.26118728e+03  4.70265860e+01  9.26118728e+03  1.79985926e+02 
 1.00000000e+04  4.70265948e+01  1.00000000e+04  1.79984803e+02 
 1.07977516e+04  4.70266051e+01  1.07977516e+04  1.79983591e+02 
 1.16591440e+04  4.70266170e+01  1.16591440e+04  1.79982282e+02 
 1.25892541e+04  4.70266310e+01  1.25892541e+04  1.79980868e+02 
 1.35935639e+04  4.70266472e+01  1.35935639e+04  1.79979342e+02 
 1.46779927e+04  4.70266661e+01  1.46779927e+04  1.79977694e+02 
 1.58489319e+04  4.70266882e+01  1.58489319e+04  1.79975914e+02 
 1.71132830e+04  4.70267140e+01  1.71132830e+04  1.79973992e+02 
 1.84784980e+04  4.70267440e+01  1.84784980e+04  1.79971917e+02 
 1.99526231e+04  4.70267790e+01  1.99526231e+04  1.79969677e+02 
 2.15443469e+04  4.70268198e+01  2.15443469e+04  1.79967258e+02 
 2.32630507e+04  4.70268674e+01  2.32630507e+04  1.79964645e+02 
 2.51188643e+04  4.70269229e+01  2.51188643e+04  1.79961824e+02 
 2.71227258e+04  4.70269875e+01  2.71227258e+04  1.79958778e+02 
 2.92864456e+04  4.70270630e+01  2.92864456e+04  1.79955489e+02 
 3.16227766e+04  4.70271509e+01  3.16227766e+04  1.79951938e+02 
 3.41454887e+04  4.70272534e+01  3.41454887e+04  1.79948102e+02 
 3.68694506e+04  4.70273729e+01  3.68694506e+04  1.79943961e+02 
 3.98107171e+04  4.70275123e+01  3.98107171e+04  1.79939489e+02 
 4.29866235e+04  4.70276747e+01  4.29866235e+04  1.79934659e+02 
 4.64158883e+04  4.70278642e+01  4.64158883e+04  1.79929444e+02 
 5.01187234e+04  4.70280851e+01  5.01187234e+04  1.79923812e+02 
 5.41169527e+04  4.70283426e+01  5.41169527e+04  1.79917730e+02 
 5.84341413e+04  4.70286429e+01  5.84341413e+04  1.79911162e+02 
 6.30957344e+04  4.70289930e+01  6.30957344e+04  1.79904068e+02 
 6.81292069e+04  4.70294012e+01  6.81292069e+04  1.79896406e+02 
 7.35642254e+04  4.70298771e+01  7.35642254e+04  1.79888131e+02 
 7.94328235e+04  4.70304321e+01  7.94328235e+04  1.79879194e+02 
 8.57695899e+04  4.70310792e+01  8.57695899e+04  1.79869540e+02 
 9.26118728e+04  4.70318337e+01  9.26118728e+04  1.79859111e+02 
 1.00000000e+05  4.70327134e+01  1.00000000e+05  1.79847845e+02 
 1.07977516e+05  4.70337392e+01  1.07977516e+05  1.79835673e+02 
 1.16591440e+05  4.70349356e+01  1.16591440e+05  1.79822521e+02 
 1.25892541e+05  4.70363303e+01  1.25892541e+05  1.79808310e+02 
 1.35935639e+05  4.70379568e+01  1.35935639e+05  1.79792950e+02 
 1.46779927e+05  4.70398534e+01  1.46779927e+05  1.79776349e+02 
 1.58489319e+05  4.70420656e+01  1.58489319e+05  1.79758400e+02 
 1.71132830e+05  4.70446455e+01  1.71132830e+05  1.79738992e+02 
 1.84784980e+05  4.70476540e+01  1.84784980e+05  1.79718002e+02 
 1.99526231e+05  4.70511630e+01  1.99526231e+05  1.79695292e+02 
 2.15443469e+05  4.70552563e+01  2.15443469e+05  1.79670716e+02 
 2.32630507e+05  4.70600314e+01  2.32630507e+05  1.79644109e+02 
 2.51188643e+05  4.70656010e+01  2.51188643e+05  1.79615292e+02 
 2.71227258e+05  4.70720990e+01  2.71227258e+05  1.79584065e+02 
 2.92864456e+05  4.70796830e+01  2.92864456e+05  1.79550206e+02 
 3.16227766e+05  4.70885317e+01  3.16227766e+05  1.79513470e+02 
 3.41454887e+05  4.70988598e+01  3.41454887e+05  1.79473579e+02 
 3.68694506e+05  4.71109160e+01  3.68694506e+05  1.79430224e+02 
 3.98107171e+05  4.71249951e+01  3.98107171e+05  1.79383052e+02 
 4.29866235e+05  4.71414385e+01  4.29866235e+05  1.79331665e+02 
 4.64158883e+05  4.71606463e+01  4.64158883e+05  1.79275606e+02 
 5.01187234e+05  4.71830949e+01  5.01187234e+05  1.79214348e+02 
 5.41169527e+05  4.72093385e+01  5.41169527e+05  1.79147279e+02 
 5.84341413e+05  4.72400346e+01  5.84341413e+05  1.79073687e+02 
 6.30957344e+05  4.72759581e+01  6.30957344e+05  1.78992729e+02 
 6.81292069e+05  4.73180280e+01  6.81292069e+05  1.78903403e+02 
 7.35642254e+05  4.73673318e+01  7.35642254e+05  1.78804509e+02 
 7.94328235e+05  4.74251575e+01  7.94328235e+05  1.78694593e+02 
 8.57695899e+05  4.74930679e+01  8.57695899e+05  1.78571874e+02 
 9.26118728e+05  4.75728862e+01  9.26118728e+05  1.78434157e+02 
 1.00000000e+06  4.76668610e+01  1.00000000e+06  1.78278685e+02 
 1.07977516e+06  4.77776802e+01  1.07977516e+06  1.78101984e+02 
 1.16591440e+06  4.79086688e+01  1.16591440e+06  1.77899591e+02 
 1.25892541e+06  4.80638457e+01  1.25892541e+06  1.77665703e+02 
 1.35935639e+06  4.82482358e+01  1.35935639e+06  1.77392654e+02 
 1.46779927e+06  4.84680758e+01  1.46779927e+06  1.77070150e+02 
 1.58489319e+06  4.87313801e+01  1.58489319e+06  1.76684046e+02 
 1.71132830e+06  4.90483980e+01  1.71132830e+06  1.76214432e+02 
 1.84784980e+06  4.94325607e+01  1.84784980e+06  1.75632615e+02 
 1.99526231e+06  4.99018683e+01  1.99526231e+06  1.74895669e+02 
 2.15443469e+06  5.04812249e+01  2.15443469e+06  1.73936819e+02 
 2.32630507e+06  5.12058151e+01  2.32630507e+06  1.72646629e+02 
 2.51188643e+06  5.21275828e+01  2.51188643e+06  1.70833977e+02 
 2.71227258e+06  5.33266860e+01  2.71227258e+06  1.68135254e+02 
 2.92864456e+06  5.49315797e+01  2.92864456e+06  1.63776168e+02 
 3.16227766e+06  5.71461833e+01  3.16227766e+06  1.55836120e+02 
 3.41454887e+06  6.01497583e+01  3.41454887e+06  1.38674862e+02 
 3.68694506e+06  6.24426643e+01  3.68694506e+06  9.92268310e+01 
 3.98107171e+06  5.95910822e+01  3.98107171e+06  5.51673110e+01 
 4.29866235e+06  5.51322924e+01  4.29866235e+06  3.47966465e+01 
 4.64158883e+06  5.14214069e+01  4.64158883e+06  2.57892288e+01 
 5.01187234e+06  4.83685677e+01  5.01187234e+06  2.10984783e+01 
 5.41169527e+06  4.57547692e+01  5.41169527e+06  1.83717182e+01 
 5.84341413e+06  4.34378080e+01  5.84341413e+06  1.66943525e+01 
 6.30957344e+06  4.13296009e+01  6.30957344e+06  1.56501612e+01 
 6.81292069e+06  3.93739872e+01  6.81292069e+06  1.50247013e+01 
 7.35642254e+06  3.75315385e+01  7.35642254e+06  1.47005879e+01 
 7.94328235e+06  3.57757362e+01  7.94328235e+06  1.46083943e+01 
 8.57695899e+06  3.40861339e+01  8.57695899e+06  1.47051181e+01 
 9.26118728e+06  3.24496838e+01  9.26118728e+06  1.49640956e+01 
 1.00000000e+07  3.08529137e+01  1.00000000e+07  1.53719532e+01 
 1.07977516e+07  2.92875870e+01  1.07977516e+07  1.59223471e+01 
 1.16591440e+07  2.77456629e+01  1.16591440e+07  1.66081089e+01 
 1.25892541e+07  2.62214666e+01  1.25892541e+07  1.74377117e+01 
 1.35935639e+07  2.47078578e+01  1.35935639e+07  1.84131392e+01 
 1.46779927e+07  2.31992939e+01  1.46779927e+07  1.95527789e+01 
 1.58489319e+07  2.16922669e+01  1.58489319e+07  2.08683169e+01 
 1.71132830e+07  2.01861575e+01  1.71132830e+07  2.23691812e+01 
 1.84784980e+07  1.86735047e+01  1.84784980e+07  2.40943103e+01 
 1.99526231e+07  1.71486628e+01  1.99526231e+07  2.60774075e+01 
 2.15443469e+07  1.56095501e+01  2.15443469e+07  2.83697352e+01 
 2.32630507e+07  1.40513035e+01  2.32630507e+07  3.10679463e+01 
 2.51188643e+07  1.24691693e+01  2.51188643e+07  3.41649863e+01 
 2.71227258e+07  1.08664312e+01  2.71227258e+07  3.78091091e+01 
 2.92864456e+07  9.24202478e+00  2.92864456e+07  4.21434945e+01 
 3.16227766e+07  7.60191420e+00  3.16227766e+07  4.73533412e+01 
 3.41454887e+07  5.96605863e+00  3.41454887e+07  5.37799112e+01 
 3.68694506e+07  4.37966099e+00  3.68694506e+07  6.15069549e+01 
 3.98107171e+07  2.86489958e+00  3.98107171e+07  7.05306114e+01 
 4.29866235e+07  1.55855987e+00  4.29866235e+07  8.13079368e+01 
 4.64158883e+07  5.32863554e-01  4.64158883e+07  9.30932499e+01 
 5.01187234e+07 -9.24959779e-02  5.01187234e+07  1.06106146e+02 
 5.41169527e+07 -4.04496040e-01  5.41169527e+07  1.18654693e+02 
 5.84341413e+07 -3.17980305e-01  5.84341413e+07  1.29809582e+02 
 6.30957344e+07 -1.37399412e-01  6.30957344e+07  1.39406517e+02 
 6.81292069e+07  2.85378452e-01  6.81292069e+07  1.46931818e+02 
 7.35642254e+07  7.41877545e-01  7.35642254e+07  1.53520005e+02 
 7.94328235e+07  9.41388195e-01  7.94328235e+07  1.59866629e+02 
 8.57695899e+07  1.46513751e+00  8.57695899e+07  1.64264365e+02 
 9.26118728e+07  1.91934534e+00  9.26118728e+07  1.68868860e+02 
 1.00000000e+08  2.37718432e+00  1.00000000e+08  1.72271740e+02 
 1.07977516e+08  2.51250062e+00  1.07977516e+08  1.76100882e+02 
 1.16591440e+08  3.03987539e+00  1.16591440e+08  1.78357641e+02 
 1.25892541e+08  3.48680575e+00  1.25892541e+08  1.81177223e+02 
 1.35935639e+08  3.88981974e+00  1.35935639e+08  1.83456438e+02 
 1.46779927e+08  4.18753679e+00  1.46779927e+08  1.85520569e+02 
 1.58489319e+08  4.31704141e+00  1.58489319e+08  1.87598645e+02 
 1.71132830e+08  4.82613321e+00  1.71132830e+08  1.88435152e+02 
 1.84784980e+08  5.09845426e+00  1.84784980e+08  1.89641206e+02 
 1.99526231e+08  5.26421116e+00  1.99526231e+08  1.90597923e+02 
 2.15443469e+08  5.58461069e+00  2.15443469e+08  1.91051774e+02 
 2.32630507e+08  5.70804908e+00  2.32630507e+08  1.91015104e+02 
 2.51188643e+08  6.92886212e+00  2.51188643e+08  1.90938856e+02 
 2.71227258e+08  6.98374137e+00  2.71227258e+08  1.90664068e+02 
 2.92864456e+08  7.15641338e+00  2.92864456e+08  1.89823265e+02 
 3.16227766e+08  7.47102536e+00  3.16227766e+08  1.89109379e+02 
 3.41454887e+08  7.14318002e+00  3.41454887e+08  1.88357859e+02 
 3.68694506e+08  7.88335901e+00  3.68694506e+08  1.87449737e+02 
 3.98107171e+08  6.66359470e+00  3.98107171e+08  1.86415067e+02 
 4.29866235e+08  7.88322458e+00  4.29866235e+08  1.85667572e+02 
 4.64158883e+08  8.19031866e+00  4.64158883e+08  1.84702828e+02 
 5.01187234e+08  6.86431412e+00  5.01187234e+08  1.84041026e+02 
 5.41169527e+08  7.46165012e+00  5.41169527e+08  1.83374394e+02 
 5.84341413e+08  8.61976978e+00  5.84341413e+08  1.83199786e+02 
 6.30957344e+08  1.08145621e+01  6.30957344e+08  1.82328676e+02 
 6.81292069e+08  9.43775874e+00  6.81292069e+08  1.82404676e+02 
 7.35642254e+08  8.11187448e+00  7.35642254e+08  1.81499194e+02 
 7.94328235e+08  6.74881809e+00  7.94328235e+08  1.81438185e+02 
 8.57695899e+08  1.14115960e+01  8.57695899e+08  1.81411211e+02 
 9.26118728e+08  1.00574123e+01  9.26118728e+08  1.81669763e+02 
 1.00000000e+09  8.70274869e+00  1.00000000e+09  1.81431401e+02 
