 1.00000000e+00  4.70465356e+01  1.00000000e+00  1.79999998e+02 
 1.07977516e+00  4.70465356e+01  1.07977516e+00  1.79999998e+02 
 1.16591440e+00  4.70465356e+01  1.16591440e+00  1.79999998e+02 
 1.25892541e+00  4.70465356e+01  1.25892541e+00  1.79999998e+02 
 1.35935639e+00  4.70465356e+01  1.35935639e+00  1.79999998e+02 
 1.46779927e+00  4.70465356e+01  1.46779927e+00  1.79999998e+02 
 1.58489319e+00  4.70465356e+01  1.58489319e+00  1.79999997e+02 
 1.71132830e+00  4.70465356e+01  1.71132830e+00  1.79999997e+02 
 1.84784980e+00  4.70465356e+01  1.84784980e+00  1.79999997e+02 
 1.99526231e+00  4.70465356e+01  1.99526231e+00  1.79999997e+02 
 2.15443469e+00  4.70465356e+01  2.15443469e+00  1.79999996e+02 
 2.32630507e+00  4.70465356e+01  2.32630507e+00  1.79999996e+02 
 2.51188643e+00  4.70465356e+01  2.51188643e+00  1.79999996e+02 
 2.71227258e+00  4.70465356e+01  2.71227258e+00  1.79999996e+02 
 2.92864456e+00  4.70465356e+01  2.92864456e+00  1.79999995e+02 
 3.16227766e+00  4.70465356e+01  3.16227766e+00  1.79999995e+02 
 3.41454887e+00  4.70465356e+01  3.41454887e+00  1.79999994e+02 
 3.68694506e+00  4.70465356e+01  3.68694506e+00  1.79999994e+02 
 3.98107171e+00  4.70465356e+01  3.98107171e+00  1.79999993e+02 
 4.29866235e+00  4.70465356e+01  4.29866235e+00  1.79999993e+02 
 4.64158883e+00  4.70465356e+01  4.64158883e+00  1.79999992e+02 
 5.01187234e+00  4.70465356e+01  5.01187234e+00  1.79999992e+02 
 5.41169527e+00  4.70465356e+01  5.41169527e+00  1.79999991e+02 
 5.84341413e+00  4.70465356e+01  5.84341413e+00  1.79999990e+02 
 6.30957344e+00  4.70465356e+01  6.30957344e+00  1.79999990e+02 
 6.81292069e+00  4.70465356e+01  6.81292069e+00  1.79999989e+02 
 7.35642254e+00  4.70465356e+01  7.35642254e+00  1.79999988e+02 
 7.94328235e+00  4.70465356e+01  7.94328235e+00  1.79999987e+02 
 8.57695899e+00  4.70465356e+01  8.57695899e+00  1.79999986e+02 
 9.26118728e+00  4.70465356e+01  9.26118728e+00  1.79999985e+02 
 1.00000000e+01  4.70465356e+01  1.00000000e+01  1.79999984e+02 
 1.07977516e+01  4.70465356e+01  1.07977516e+01  1.79999982e+02 
 1.16591440e+01  4.70465356e+01  1.16591440e+01  1.79999981e+02 
 1.25892541e+01  4.70465356e+01  1.25892541e+01  1.79999979e+02 
 1.35935639e+01  4.70465356e+01  1.35935639e+01  1.79999978e+02 
 1.46779927e+01  4.70465356e+01  1.46779927e+01  1.79999976e+02 
 1.58489319e+01  4.70465356e+01  1.58489319e+01  1.79999974e+02 
 1.71132830e+01  4.70465356e+01  1.71132830e+01  1.79999972e+02 
 1.84784980e+01  4.70465356e+01  1.84784980e+01  1.79999970e+02 
 1.99526231e+01  4.70465356e+01  1.99526231e+01  1.79999967e+02 
 2.15443469e+01  4.70465356e+01  2.15443469e+01  1.79999965e+02 
 2.32630507e+01  4.70465356e+01  2.32630507e+01  1.79999962e+02 
 2.51188643e+01  4.70465356e+01  2.51188643e+01  1.79999959e+02 
 2.71227258e+01  4.70465356e+01  2.71227258e+01  1.79999955e+02 
 2.92864456e+01  4.70465356e+01  2.92864456e+01  1.79999952e+02 
 3.16227766e+01  4.70465356e+01  3.16227766e+01  1.79999948e+02 
 3.41454887e+01  4.70465356e+01  3.41454887e+01  1.79999944e+02 
 3.68694506e+01  4.70465356e+01  3.68694506e+01  1.79999939e+02 
 3.98107171e+01  4.70465356e+01  3.98107171e+01  1.79999935e+02 
 4.29866235e+01  4.70465356e+01  4.29866235e+01  1.79999929e+02 
 4.64158883e+01  4.70465356e+01  4.64158883e+01  1.79999924e+02 
 5.01187234e+01  4.70465356e+01  5.01187234e+01  1.79999918e+02 
 5.41169527e+01  4.70465356e+01  5.41169527e+01  1.79999911e+02 
 5.84341413e+01  4.70465356e+01  5.84341413e+01  1.79999904e+02 
 6.30957344e+01  4.70465356e+01  6.30957344e+01  1.79999896e+02 
 6.81292069e+01  4.70465356e+01  6.81292069e+01  1.79999888e+02 
 7.35642254e+01  4.70465356e+01  7.35642254e+01  1.79999879e+02 
 7.94328235e+01  4.70465356e+01  7.94328235e+01  1.79999870e+02 
 8.57695899e+01  4.70465356e+01  8.57695899e+01  1.79999859e+02 
 9.26118728e+01  4.70465356e+01  9.26118728e+01  1.79999848e+02 
 1.00000000e+02  4.70465356e+01  1.00000000e+02  1.79999836e+02 
 1.07977516e+02  4.70465356e+01  1.07977516e+02  1.79999823e+02 
 1.16591440e+02  4.70465356e+01  1.16591440e+02  1.79999809e+02 
 1.25892541e+02  4.70465356e+01  1.25892541e+02  1.79999793e+02 
 1.35935639e+02  4.70465356e+01  1.35935639e+02  1.79999777e+02 
 1.46779927e+02  4.70465356e+01  1.46779927e+02  1.79999759e+02 
 1.58489319e+02  4.70465356e+01  1.58489319e+02  1.79999740e+02 
 1.71132830e+02  4.70465356e+01  1.71132830e+02  1.79999719e+02 
 1.84784980e+02  4.70465356e+01  1.84784980e+02  1.79999697e+02 
 1.99526231e+02  4.70465356e+01  1.99526231e+02  1.79999672e+02 
 2.15443469e+02  4.70465356e+01  2.15443469e+02  1.79999646e+02 
 2.32630507e+02  4.70465356e+01  2.32630507e+02  1.79999618e+02 
 2.51188643e+02  4.70465356e+01  2.51188643e+02  1.79999588e+02 
 2.71227258e+02  4.70465356e+01  2.71227258e+02  1.79999555e+02 
 2.92864456e+02  4.70465356e+01  2.92864456e+02  1.79999519e+02 
 3.16227766e+02  4.70465357e+01  3.16227766e+02  1.79999481e+02 
 3.41454887e+02  4.70465357e+01  3.41454887e+02  1.79999439e+02 
 3.68694506e+02  4.70465357e+01  3.68694506e+02  1.79999395e+02 
 3.98107171e+02  4.70465357e+01  3.98107171e+02  1.79999346e+02 
 4.29866235e+02  4.70465357e+01  4.29866235e+02  1.79999294e+02 
 4.64158883e+02  4.70465357e+01  4.64158883e+02  1.79999238e+02 
 5.01187234e+02  4.70465358e+01  5.01187234e+02  1.79999177e+02 
 5.41169527e+02  4.70465358e+01  5.41169527e+02  1.79999111e+02 
 5.84341413e+02  4.70465358e+01  5.84341413e+02  1.79999041e+02 
 6.30957344e+02  4.70465359e+01  6.30957344e+02  1.79998964e+02 
 6.81292069e+02  4.70465359e+01  6.81292069e+02  1.79998881e+02 
 7.35642254e+02  4.70465359e+01  7.35642254e+02  1.79998792e+02 
 7.94328235e+02  4.70465360e+01  7.94328235e+02  1.79998696e+02 
 8.57695899e+02  4.70465361e+01  8.57695899e+02  1.79998592e+02 
 9.26118728e+02  4.70465362e+01  9.26118728e+02  1.79998479e+02 
 1.00000000e+03  4.70465363e+01  1.00000000e+03  1.79998358e+02 
 1.07977516e+03  4.70465364e+01  1.07977516e+03  1.79998227e+02 
 1.16591440e+03  4.70465365e+01  1.16591440e+03  1.79998086e+02 
 1.25892541e+03  4.70465366e+01  1.25892541e+03  1.79997933e+02 
 1.35935639e+03  4.70465368e+01  1.35935639e+03  1.79997768e+02 
 1.46779927e+03  4.70465370e+01  1.46779927e+03  1.79997590e+02 
 1.58489319e+03  4.70465372e+01  1.58489319e+03  1.79997398e+02 
 1.71132830e+03  4.70465375e+01  1.71132830e+03  1.79997190e+02 
 1.84784980e+03  4.70465378e+01  1.84784980e+03  1.79996966e+02 
 1.99526231e+03  4.70465382e+01  1.99526231e+03  1.79996724e+02 
 2.15443469e+03  4.70465386e+01  2.15443469e+03  1.79996463e+02 
 2.32630507e+03  4.70465392e+01  2.32630507e+03  1.79996181e+02 
 2.51188643e+03  4.70465397e+01  2.51188643e+03  1.79995876e+02 
 2.71227258e+03  4.70465404e+01  2.71227258e+03  1.79995547e+02 
 2.92864456e+03  4.70465412e+01  2.92864456e+03  1.79995192e+02 
 3.16227766e+03  4.70465422e+01  3.16227766e+03  1.79994808e+02 
 3.41454887e+03  4.70465433e+01  3.41454887e+03  1.79994394e+02 
 3.68694506e+03  4.70465445e+01  3.68694506e+03  1.79993947e+02 
 3.98107171e+03  4.70465460e+01  3.98107171e+03  1.79993464e+02 
 4.29866235e+03  4.70465478e+01  4.29866235e+03  1.79992942e+02 
 4.64158883e+03  4.70465498e+01  4.64158883e+03  1.79992379e+02 
 5.01187234e+03  4.70465521e+01  5.01187234e+03  1.79991771e+02 
 5.41169527e+03  4.70465549e+01  5.41169527e+03  1.79991115e+02 
 5.84341413e+03  4.70465581e+01  5.84341413e+03  1.79990406e+02 
 6.30957344e+03  4.70465618e+01  6.30957344e+03  1.79989641e+02 
 6.81292069e+03  4.70465661e+01  6.81292069e+03  1.79988814e+02 
 7.35642254e+03  4.70465712e+01  7.35642254e+03  1.79987922e+02 
 7.94328235e+03  4.70465771e+01  7.94328235e+03  1.79986958e+02 
 8.57695899e+03  4.70465840e+01  8.57695899e+03  1.79985918e+02 
 9.26118728e+03  4.70465920e+01  9.26118728e+03  1.79984795e+02 
 1.00000000e+04  4.70466014e+01  1.00000000e+04  1.79983581e+02 
 1.07977516e+04  4.70466123e+01  1.07977516e+04  1.79982272e+02 
 1.16591440e+04  4.70466251e+01  1.16591440e+04  1.79980857e+02 
 1.25892541e+04  4.70466399e+01  1.25892541e+04  1.79979330e+02 
 1.35935639e+04  4.70466572e+01  1.35935639e+04  1.79977681e+02 
 1.46779927e+04  4.70466774e+01  1.46779927e+04  1.79975901e+02 
 1.58489319e+04  4.70467009e+01  1.58489319e+04  1.79973978e+02 
 1.71132830e+04  4.70467284e+01  1.71132830e+04  1.79971902e+02 
 1.84784980e+04  4.70467603e+01  1.84784980e+04  1.79969660e+02 
 1.99526231e+04  4.70467976e+01  1.99526231e+04  1.79967239e+02 
 2.15443469e+04  4.70468411e+01  2.15443469e+04  1.79964626e+02 
 2.32630507e+04  4.70468918e+01  2.32630507e+04  1.79961803e+02 
 2.51188643e+04  4.70469509e+01  2.51188643e+04  1.79958756e+02 
 2.71227258e+04  4.70470198e+01  2.71227258e+04  1.79955465e+02 
 2.92864456e+04  4.70471001e+01  2.92864456e+04  1.79951911e+02 
 3.16227766e+04  4.70471938e+01  3.16227766e+04  1.79948074e+02 
 3.41454887e+04  4.70473030e+01  3.41454887e+04  1.79943931e+02 
 3.68694506e+04  4.70474304e+01  3.68694506e+04  1.79939456e+02 
 3.98107171e+04  4.70475788e+01  3.98107171e+04  1.79934624e+02 
 4.29866235e+04  4.70477519e+01  4.29866235e+04  1.79929407e+02 
 4.64158883e+04  4.70479538e+01  4.64158883e+04  1.79923772e+02 
 5.01187234e+04  4.70481891e+01  5.01187234e+04  1.79917687e+02 
 5.41169527e+04  4.70484635e+01  5.41169527e+04  1.79911116e+02 
 5.84341413e+04  4.70487833e+01  5.84341413e+04  1.79904020e+02 
 6.30957344e+04  4.70491563e+01  6.30957344e+04  1.79896355e+02 
 6.81292069e+04  4.70495912e+01  6.81292069e+04  1.79888078e+02 
 7.35642254e+04  4.70500983e+01  7.35642254e+04  1.79879138e+02 
 7.94328235e+04  4.70506896e+01  7.94328235e+04  1.79869481e+02 
 8.57695899e+04  4.70513789e+01  8.57695899e+04  1.79859050e+02 
 9.26118728e+04  4.70521828e+01  9.26118728e+04  1.79847783e+02 
 1.00000000e+05  4.70531200e+01  1.00000000e+05  1.79835610e+02 
 1.07977516e+05  4.70542129e+01  1.07977516e+05  1.79822459e+02 
 1.16591440e+05  4.70554874e+01  1.16591440e+05  1.79808249e+02 
 1.25892541e+05  4.70569735e+01  1.25892541e+05  1.79792893e+02 
 1.35935639e+05  4.70587065e+01  1.35935639e+05  1.79776297e+02 
 1.46779927e+05  4.70607274e+01  1.46779927e+05  1.79758358e+02 
 1.58489319e+05  4.70630842e+01  1.58489319e+05  1.79738964e+02 
 1.71132830e+05  4.70658329e+01  1.71132830e+05  1.79717992e+02 
 1.84784980e+05  4.70690387e+01  1.84784980e+05  1.79695308e+02 
 1.99526231e+05  4.70727777e+01  1.99526231e+05  1.79670767e+02 
 2.15443469e+05  4.70771390e+01  2.15443469e+05  1.79644206e+02 
 2.32630507e+05  4.70822273e+01  2.32630507e+05  1.79615450e+02 
 2.51188643e+05  4.70881634e+01  2.51188643e+05  1.79584303e+02 
 2.71227258e+05  4.70950886e+01  2.71227258e+05  1.79550549e+02 
 2.92864456e+05  4.71031694e+01  2.92864456e+05  1.79513947e+02 
 3.16227766e+05  4.71126009e+01  3.16227766e+05  1.79474230e+02 
 3.41454887e+05  4.71236106e+01  3.41454887e+05  1.79431097e+02 
 3.68694506e+05  4.71364618e+01  3.68694506e+05  1.79384213e+02 
 3.98107171e+05  4.71514703e+01  3.98107171e+05  1.79333193e+02 
 4.29866235e+05  4.71690026e+01  4.29866235e+05  1.79277603e+02 
 4.64158883e+05  4.71894843e+01  4.64158883e+05  1.79216945e+02 
 5.01187234e+05  4.72134248e+01  5.01187234e+05  1.79150645e+02 
 5.41169527e+05  4.72414191e+01  5.41169527e+05  1.79078034e+02 
 5.84341413e+05  4.72741704e+01  5.84341413e+05  1.78998332e+02 
 6.30957344e+05  4.73125117e+01  6.30957344e+05  1.78910614e+02 
 6.81292069e+05  4.73574207e+01  6.81292069e+05  1.78813782e+02 
 7.35642254e+05  4.74100752e+01  7.35642254e+05  1.78706513e+02 
 7.94328235e+05  4.74718495e+01  7.94328235e+05  1.78587203e+02 
 8.57695899e+05  4.75444210e+01  8.57695899e+05  1.78453886e+02 
 9.26118728e+05  4.76297961e+01  9.26118728e+05  1.78304120e+02 
 1.00000000e+06  4.77303648e+01  1.00000000e+06  1.78134848e+02 
 1.07977516e+06  4.78490741e+01  1.07977516e+06  1.77942176e+02 
 1.16591440e+06  4.79894900e+01  1.16591440e+06  1.77721104e+02 
 1.25892541e+06  4.81560385e+01  1.25892541e+06  1.77465082e+02 
 1.35935639e+06  4.83542379e+01  1.35935639e+06  1.77165411e+02 
 1.46779927e+06  4.85909220e+01  1.46779927e+06  1.76810322e+02 
 1.58489319e+06  4.88750164e+01  1.58489319e+06  1.76383493e+02 
 1.71132830e+06  4.92178431e+01  1.71132830e+06  1.75861790e+02 
 1.84784980e+06  4.96346771e+01  1.84784980e+06  1.75211310e+02 
 1.99526231e+06  5.01459738e+01  1.99526231e+06  1.74380650e+02 
 2.15443469e+06  5.07801781e+01  2.15443469e+06  1.73288262e+02 
 2.32630507e+06  5.15786531e+01  2.32630507e+06  1.71797214e+02 
 2.51188643e+06  5.26030733e+01  2.51188643e+06  1.69660527e+02 
 2.71227258e+06  5.39502858e+01  2.71227258e+06  1.66388051e+02 
 2.92864456e+06  5.57771024e+01  2.92864456e+06  1.60873877e+02 
 3.16227766e+06  5.83132913e+01  3.16227766e+06  1.50168131e+02 
 3.41454887e+06  6.14607029e+01  3.41454887e+06  1.25445971e+02 
 3.68694506e+06  6.18656014e+01  3.68694506e+06  7.80638145e+01 
 3.98107171e+06  5.76978629e+01  3.98107171e+06  4.42753394e+01 
 4.29866235e+06  5.35128185e+01  4.29866235e+06  3.00080102e+01 
 4.64158883e+06  5.01062907e+01  4.64158883e+06  2.32203429e+01 
 5.01187234e+06  4.72570881e+01  5.01187234e+06  1.94792033e+01 
 5.41169527e+06  4.47793547e+01  5.41169527e+06  1.72275785e+01 
 5.84341413e+06  4.25568718e+01  5.84341413e+06  1.58146904e+01 
 6.30957344e+06  4.05164483e+01  6.30957344e+06  1.49279350e+01 
 6.81292069e+06  3.86102289e+01  6.81292069e+06  1.44021910e+01 
 7.35642254e+06  3.68058653e+01  7.35642254e+06  1.41402331e+01 
 7.94328235e+06  3.50781178e+01  7.94328235e+06  1.40874473e+01 
 8.57695899e+06  3.34100821e+01  8.57695899e+06  1.42092661e+01 
 9.26118728e+06  3.17891600e+01  9.26118728e+06  1.44825384e+01 
 1.00000000e+07  3.02042678e+01  1.00000000e+07  1.48969452e+01 
 1.07977516e+07  2.86461462e+01  1.07977516e+07  1.54453200e+01 
 1.16591440e+07  2.71085171e+01  1.16591440e+07  1.61286981e+01 
 1.25892541e+07  2.55852931e+01  1.25892541e+07  1.69468795e+01 
 1.35935639e+07  2.40696743e+01  1.35935639e+07  1.79142273e+01 
 1.46779927e+07  2.25601557e+01  1.46779927e+07  1.90337693e+01 
 1.58489319e+07  2.10438549e+01  1.58489319e+07  2.03385636e+01 
 1.71132830e+07  1.95303612e+01  1.71132830e+07  2.18236313e+01 
 1.84784980e+07  1.79975030e+01  1.84784980e+07  2.35687921e+01 
 1.99526231e+07  1.64529808e+01  1.99526231e+07  2.55586045e+01 
 2.15443469e+07  1.48883747e+01  2.15443469e+07  2.78991289e+01 
 2.32630507e+07  1.33000445e+01  2.32630507e+07  3.05885493e+01 
 2.51188643e+07  1.16840173e+01  2.51188643e+07  3.37733801e+01 
 2.71227258e+07  1.00386528e+01  2.71227258e+07  3.75558747e+01 
 2.92864456e+07  8.36405818e+00  2.92864456e+07  4.21631139e+01 
 3.16227766e+07  6.65933304e+00  3.16227766e+07  4.76959490e+01 
 3.41454887e+07  4.96825434e+00  3.41454887e+07  5.44347039e+01 
 3.68694506e+07  3.31587404e+00  3.68694506e+07  6.30568290e+01 
 3.98107171e+07  1.78979373e+00  3.98107171e+07  7.32561895e+01 
 4.29866235e+07  5.07330393e-01  4.29866235e+07  8.48301957e+01 
 4.64158883e+07 -3.95097097e-01  4.64158883e+07  9.80200699e+01 
 5.01187234e+07 -8.39866306e-01  5.01187234e+07  1.12134324e+02 
 5.41169527e+07 -8.77166292e-01  5.41169527e+07  1.24119692e+02 
 5.84341413e+07 -6.31809165e-01  5.84341413e+07  1.34856126e+02 
 6.30957344e+07 -3.04990476e-01  6.30957344e+07  1.44124198e+02 
 6.81292069e+07  2.05409650e-01  6.81292069e+07  1.52117635e+02 
 7.35642254e+07  6.64083566e-01  7.35642254e+07  1.57659654e+02 
 7.94328235e+07  1.04129685e+00  7.94328235e+07  1.63009074e+02 
 8.57695899e+07  1.56630261e+00  8.57695899e+07  1.67207570e+02 
 9.26118728e+07  1.95310980e+00  9.26118728e+07  1.71252110e+02 
 1.00000000e+08  2.26477100e+00  1.00000000e+08  1.74987879e+02 
 1.07977516e+08  2.60463341e+00  1.07977516e+08  1.77596738e+02 
 1.16591440e+08  3.07072182e+00  1.16591440e+08  1.80505971e+02 
 1.25892541e+08  3.40443628e+00  1.25892541e+08  1.82568186e+02 
 1.35935639e+08  3.57349542e+00  1.35935639e+08  1.85073048e+02 
 1.46779927e+08  4.23348381e+00  1.46779927e+08  1.86855672e+02 
 1.58489319e+08  4.66535456e+00  1.58489319e+08  1.87936747e+02 
 1.71132830e+08  4.71121137e+00  1.71132830e+08  1.89399578e+02 
 1.84784980e+08  5.38019866e+00  1.84784980e+08  1.90227806e+02 
 1.99526231e+08  5.21648378e+00  1.99526231e+08  1.91044337e+02 
 2.15443469e+08  5.75721140e+00  2.15443469e+08  1.90683490e+02 
 2.32630507e+08  6.21781663e+00  2.32630507e+08  1.91222083e+02 
 2.51188643e+08  6.46146114e+00  2.51188643e+08  1.90847787e+02 
 2.71227258e+08  6.88998840e+00  2.71227258e+08  1.90279284e+02 
 2.92864456e+08  6.95274993e+00  2.92864456e+08  1.89512376e+02 
 3.16227766e+08  7.13451182e+00  3.16227766e+08  1.88634505e+02 
 3.41454887e+08  8.44435281e+00  3.41454887e+08  1.87344592e+02 
 3.68694506e+08  7.22653893e+00  3.68694506e+08  1.86886390e+02 
 3.98107171e+08  7.01101494e+00  3.98107171e+08  1.86106972e+02 
 4.29866235e+08  6.88642787e+00  4.29866235e+08  1.85076173e+02 
 4.64158883e+08  8.48697479e+00  4.64158883e+08  1.84428335e+02 
 5.01187234e+08  7.17486072e+00  5.01187234e+08  1.83794664e+02 
 5.41169527e+08  5.85832831e+00  5.41169527e+08  1.82987233e+02 
 5.84341413e+08  8.93755513e+00  5.84341413e+08  1.82488135e+02 
 6.30957344e+08  7.59872153e+00  6.30957344e+08  1.82236473e+02 
 6.81292069e+08  6.22882922e+00  6.81292069e+08  1.81952682e+02 
 7.35642254e+08  8.40066097e+00  7.35642254e+08  1.81520345e+02 
 7.94328235e+08  7.06218315e+00  7.94328235e+08  1.81029763e+02 
 8.57695899e+08  1.17051146e+01  8.57695899e+08  1.80304462e+02 
 9.26118728e+08  4.33898308e+00  9.26118728e+08  1.81039969e+02 
 1.00000000e+09  4.61031432e+01  1.00000000e+09  9.15872843e+01 
