 1.00000000e+00  4.71539555e+01  1.00000000e+00  1.79999999e+02 
 1.07977516e+00  4.71539555e+01  1.07977516e+00  1.79999999e+02 
 1.16591440e+00  4.71539555e+01  1.16591440e+00  1.79999998e+02 
 1.25892541e+00  4.71539555e+01  1.25892541e+00  1.79999998e+02 
 1.35935639e+00  4.71539555e+01  1.35935639e+00  1.79999998e+02 
 1.46779927e+00  4.71539555e+01  1.46779927e+00  1.79999998e+02 
 1.58489319e+00  4.71539555e+01  1.58489319e+00  1.79999998e+02 
 1.71132830e+00  4.71539555e+01  1.71132830e+00  1.79999998e+02 
 1.84784980e+00  4.71539555e+01  1.84784980e+00  1.79999997e+02 
 1.99526231e+00  4.71539555e+01  1.99526231e+00  1.79999997e+02 
 2.15443469e+00  4.71539555e+01  2.15443469e+00  1.79999997e+02 
 2.32630507e+00  4.71539555e+01  2.32630507e+00  1.79999997e+02 
 2.51188643e+00  4.71539555e+01  2.51188643e+00  1.79999997e+02 
 2.71227258e+00  4.71539555e+01  2.71227258e+00  1.79999996e+02 
 2.92864456e+00  4.71539555e+01  2.92864456e+00  1.79999996e+02 
 3.16227766e+00  4.71539555e+01  3.16227766e+00  1.79999996e+02 
 3.41454887e+00  4.71539555e+01  3.41454887e+00  1.79999995e+02 
 3.68694506e+00  4.71539555e+01  3.68694506e+00  1.79999995e+02 
 3.98107171e+00  4.71539555e+01  3.98107171e+00  1.79999995e+02 
 4.29866235e+00  4.71539555e+01  4.29866235e+00  1.79999994e+02 
 4.64158883e+00  4.71539555e+01  4.64158883e+00  1.79999994e+02 
 5.01187234e+00  4.71539555e+01  5.01187234e+00  1.79999993e+02 
 5.41169527e+00  4.71539555e+01  5.41169527e+00  1.79999993e+02 
 5.84341413e+00  4.71539555e+01  5.84341413e+00  1.79999992e+02 
 6.30957344e+00  4.71539555e+01  6.30957344e+00  1.79999991e+02 
 6.81292069e+00  4.71539555e+01  6.81292069e+00  1.79999991e+02 
 7.35642254e+00  4.71539555e+01  7.35642254e+00  1.79999990e+02 
 7.94328235e+00  4.71539555e+01  7.94328235e+00  1.79999989e+02 
 8.57695899e+00  4.71539555e+01  8.57695899e+00  1.79999988e+02 
 9.26118728e+00  4.71539555e+01  9.26118728e+00  1.79999987e+02 
 1.00000000e+01  4.71539555e+01  1.00000000e+01  1.79999986e+02 
 1.07977516e+01  4.71539555e+01  1.07977516e+01  1.79999985e+02 
 1.16591440e+01  4.71539555e+01  1.16591440e+01  1.79999984e+02 
 1.25892541e+01  4.71539555e+01  1.25892541e+01  1.79999983e+02 
 1.35935639e+01  4.71539555e+01  1.35935639e+01  1.79999981e+02 
 1.46779927e+01  4.71539555e+01  1.46779927e+01  1.79999980e+02 
 1.58489319e+01  4.71539555e+01  1.58489319e+01  1.79999978e+02 
 1.71132830e+01  4.71539555e+01  1.71132830e+01  1.79999977e+02 
 1.84784980e+01  4.71539555e+01  1.84784980e+01  1.79999975e+02 
 1.99526231e+01  4.71539555e+01  1.99526231e+01  1.79999973e+02 
 2.15443469e+01  4.71539555e+01  2.15443469e+01  1.79999970e+02 
 2.32630507e+01  4.71539555e+01  2.32630507e+01  1.79999968e+02 
 2.51188643e+01  4.71539555e+01  2.51188643e+01  1.79999966e+02 
 2.71227258e+01  4.71539555e+01  2.71227258e+01  1.79999963e+02 
 2.92864456e+01  4.71539555e+01  2.92864456e+01  1.79999960e+02 
 3.16227766e+01  4.71539555e+01  3.16227766e+01  1.79999957e+02 
 3.41454887e+01  4.71539555e+01  3.41454887e+01  1.79999953e+02 
 3.68694506e+01  4.71539555e+01  3.68694506e+01  1.79999950e+02 
 3.98107171e+01  4.71539555e+01  3.98107171e+01  1.79999945e+02 
 4.29866235e+01  4.71539555e+01  4.29866235e+01  1.79999941e+02 
 4.64158883e+01  4.71539555e+01  4.64158883e+01  1.79999936e+02 
 5.01187234e+01  4.71539555e+01  5.01187234e+01  1.79999931e+02 
 5.41169527e+01  4.71539555e+01  5.41169527e+01  1.79999926e+02 
 5.84341413e+01  4.71539555e+01  5.84341413e+01  1.79999920e+02 
 6.30957344e+01  4.71539555e+01  6.30957344e+01  1.79999914e+02 
 6.81292069e+01  4.71539555e+01  6.81292069e+01  1.79999907e+02 
 7.35642254e+01  4.71539555e+01  7.35642254e+01  1.79999899e+02 
 7.94328235e+01  4.71539555e+01  7.94328235e+01  1.79999891e+02 
 8.57695899e+01  4.71539555e+01  8.57695899e+01  1.79999883e+02 
 9.26118728e+01  4.71539555e+01  9.26118728e+01  1.79999873e+02 
 1.00000000e+02  4.71539555e+01  1.00000000e+02  1.79999863e+02 
 1.07977516e+02  4.71539555e+01  1.07977516e+02  1.79999852e+02 
 1.16591440e+02  4.71539555e+01  1.16591440e+02  1.79999840e+02 
 1.25892541e+02  4.71539556e+01  1.25892541e+02  1.79999828e+02 
 1.35935639e+02  4.71539556e+01  1.35935639e+02  1.79999814e+02 
 1.46779927e+02  4.71539556e+01  1.46779927e+02  1.79999799e+02 
 1.58489319e+02  4.71539556e+01  1.58489319e+02  1.79999783e+02 
 1.71132830e+02  4.71539556e+01  1.71132830e+02  1.79999766e+02 
 1.84784980e+02  4.71539556e+01  1.84784980e+02  1.79999747e+02 
 1.99526231e+02  4.71539556e+01  1.99526231e+02  1.79999727e+02 
 2.15443469e+02  4.71539556e+01  2.15443469e+02  1.79999705e+02 
 2.32630507e+02  4.71539556e+01  2.32630507e+02  1.79999681e+02 
 2.51188643e+02  4.71539556e+01  2.51188643e+02  1.79999656e+02 
 2.71227258e+02  4.71539556e+01  2.71227258e+02  1.79999629e+02 
 2.92864456e+02  4.71539556e+01  2.92864456e+02  1.79999599e+02 
 3.16227766e+02  4.71539556e+01  3.16227766e+02  1.79999567e+02 
 3.41454887e+02  4.71539556e+01  3.41454887e+02  1.79999532e+02 
 3.68694506e+02  4.71539556e+01  3.68694506e+02  1.79999495e+02 
 3.98107171e+02  4.71539557e+01  3.98107171e+02  1.79999455e+02 
 4.29866235e+02  4.71539557e+01  4.29866235e+02  1.79999411e+02 
 4.64158883e+02  4.71539557e+01  4.64158883e+02  1.79999364e+02 
 5.01187234e+02  4.71539557e+01  5.01187234e+02  1.79999314e+02 
 5.41169527e+02  4.71539557e+01  5.41169527e+02  1.79999259e+02 
 5.84341413e+02  4.71539558e+01  5.84341413e+02  1.79999200e+02 
 6.30957344e+02  4.71539558e+01  6.30957344e+02  1.79999136e+02 
 6.81292069e+02  4.71539559e+01  6.81292069e+02  1.79999067e+02 
 7.35642254e+02  4.71539559e+01  7.35642254e+02  1.79998993e+02 
 7.94328235e+02  4.71539560e+01  7.94328235e+02  1.79998912e+02 
 8.57695899e+02  4.71539561e+01  8.57695899e+02  1.79998825e+02 
 9.26118728e+02  4.71539561e+01  9.26118728e+02  1.79998732e+02 
 1.00000000e+03  4.71539562e+01  1.00000000e+03  1.79998631e+02 
 1.07977516e+03  4.71539564e+01  1.07977516e+03  1.79998521e+02 
 1.16591440e+03  4.71539565e+01  1.16591440e+03  1.79998403e+02 
 1.25892541e+03  4.71539567e+01  1.25892541e+03  1.79998276e+02 
 1.35935639e+03  4.71539568e+01  1.35935639e+03  1.79998138e+02 
 1.46779927e+03  4.71539571e+01  1.46779927e+03  1.79997990e+02 
 1.58489319e+03  4.71539573e+01  1.58489319e+03  1.79997829e+02 
 1.71132830e+03  4.71539576e+01  1.71132830e+03  1.79997656e+02 
 1.84784980e+03  4.71539579e+01  1.84784980e+03  1.79997469e+02 
 1.99526231e+03  4.71539583e+01  1.99526231e+03  1.79997267e+02 
 2.15443469e+03  4.71539588e+01  2.15443469e+03  1.79997050e+02 
 2.32630507e+03  4.71539593e+01  2.32630507e+03  1.79996814e+02 
 2.51188643e+03  4.71539600e+01  2.51188643e+03  1.79996560e+02 
 2.71227258e+03  4.71539607e+01  2.71227258e+03  1.79996286e+02 
 2.92864456e+03  4.71539616e+01  2.92864456e+03  1.79995989e+02 
 3.16227766e+03  4.71539626e+01  3.16227766e+03  1.79995669e+02 
 3.41454887e+03  4.71539637e+01  3.41454887e+03  1.79995324e+02 
 3.68694506e+03  4.71539651e+01  3.68694506e+03  1.79994951e+02 
 3.98107171e+03  4.71539667e+01  3.98107171e+03  1.79994548e+02 
 4.29866235e+03  4.71539685e+01  4.29866235e+03  1.79994113e+02 
 4.64158883e+03  4.71539707e+01  4.64158883e+03  1.79993643e+02 
 5.01187234e+03  4.71539732e+01  5.01187234e+03  1.79993136e+02 
 5.41169527e+03  4.71539761e+01  5.41169527e+03  1.79992589e+02 
 5.84341413e+03  4.71539795e+01  5.84341413e+03  1.79991997e+02 
 6.30957344e+03  4.71539835e+01  6.30957344e+03  1.79991359e+02 
 6.81292069e+03  4.71539882e+01  6.81292069e+03  1.79990670e+02 
 7.35642254e+03  4.71539936e+01  7.35642254e+03  1.79989925e+02 
 7.94328235e+03  4.71539999e+01  7.94328235e+03  1.79989122e+02 
 8.57695899e+03  4.71540073e+01  8.57695899e+03  1.79988254e+02 
 9.26118728e+03  4.71540158e+01  9.26118728e+03  1.79987317e+02 
 1.00000000e+04  4.71540258e+01  1.00000000e+04  1.79986305e+02 
 1.07977516e+04  4.71540375e+01  1.07977516e+04  1.79985212e+02 
 1.16591440e+04  4.71540511e+01  1.16591440e+04  1.79984033e+02 
 1.25892541e+04  4.71540670e+01  1.25892541e+04  1.79982759e+02 
 1.35935639e+04  4.71540854e+01  1.35935639e+04  1.79981383e+02 
 1.46779927e+04  4.71541070e+01  1.46779927e+04  1.79979898e+02 
 1.58489319e+04  4.71541321e+01  1.58489319e+04  1.79978294e+02 
 1.71132830e+04  4.71541614e+01  1.71132830e+04  1.79976562e+02 
 1.84784980e+04  4.71541956e+01  1.84784980e+04  1.79974693e+02 
 1.99526231e+04  4.71542354e+01  1.99526231e+04  1.79972673e+02 
 2.15443469e+04  4.71542818e+01  2.15443469e+04  1.79970493e+02 
 2.32630507e+04  4.71543360e+01  2.32630507e+04  1.79968139e+02 
 2.51188643e+04  4.71543991e+01  2.51188643e+04  1.79965597e+02 
 2.71227258e+04  4.71544727e+01  2.71227258e+04  1.79962852e+02 
 2.92864456e+04  4.71545585e+01  2.92864456e+04  1.79959887e+02 
 3.16227766e+04  4.71546585e+01  3.16227766e+04  1.79956686e+02 
 3.41454887e+04  4.71547752e+01  3.41454887e+04  1.79953230e+02 
 3.68694506e+04  4.71549111e+01  3.68694506e+04  1.79949497e+02 
 3.98107171e+04  4.71550697e+01  3.98107171e+04  1.79945467e+02 
 4.29866235e+04  4.71552546e+01  4.29866235e+04  1.79941114e+02 
 4.64158883e+04  4.71554701e+01  4.64158883e+04  1.79936413e+02 
 5.01187234e+04  4.71557214e+01  5.01187234e+04  1.79931337e+02 
 5.41169527e+04  4.71560145e+01  5.41169527e+04  1.79925855e+02 
 5.84341413e+04  4.71563562e+01  5.84341413e+04  1.79919934e+02 
 6.30957344e+04  4.71567545e+01  6.30957344e+04  1.79913540e+02 
 6.81292069e+04  4.71572190e+01  6.81292069e+04  1.79906633e+02 
 7.35642254e+04  4.71577605e+01  7.35642254e+04  1.79899174e+02 
 7.94328235e+04  4.71583920e+01  7.94328235e+04  1.79891116e+02 
 8.57695899e+04  4.71591283e+01  8.57695899e+04  1.79882411e+02 
 9.26118728e+04  4.71599868e+01  9.26118728e+04  1.79873008e+02 
 1.00000000e+05  4.71609879e+01  1.00000000e+05  1.79862848e+02 
 1.07977516e+05  4.71621553e+01  1.07977516e+05  1.79851870e+02 
 1.16591440e+05  4.71635163e+01  1.16591440e+05  1.79840007e+02 
 1.25892541e+05  4.71651036e+01  1.25892541e+05  1.79827186e+02 
 1.35935639e+05  4.71669546e+01  1.35935639e+05  1.79813327e+02 
 1.46779927e+05  4.71691132e+01  1.46779927e+05  1.79798344e+02 
 1.58489319e+05  4.71716306e+01  1.58489319e+05  1.79782142e+02 
 1.71132830e+05  4.71745667e+01  1.71132830e+05  1.79764617e+02 
 1.84784980e+05  4.71779910e+01  1.84784980e+05  1.79745656e+02 
 1.99526231e+05  4.71819850e+01  1.99526231e+05  1.79725136e+02 
 2.15443469e+05  4.71866442e+01  2.15443469e+05  1.79702918e+02 
 2.32630507e+05  4.71920790e+01  2.32630507e+05  1.79678853e+02 
 2.51188643e+05  4.71984206e+01  2.51188643e+05  1.79652772e+02 
 2.71227258e+05  4.72058203e+01  2.71227258e+05  1.79624490e+02 
 2.92864456e+05  4.72144536e+01  2.92864456e+05  1.79593800e+02 
 3.16227766e+05  4.72245311e+01  3.16227766e+05  1.79560470e+02 
 3.41454887e+05  4.72362963e+01  3.41454887e+05  1.79524239e+02 
 3.68694506e+05  4.72500332e+01  3.68694506e+05  1.79484810e+02 
 3.98107171e+05  4.72660732e+01  3.98107171e+05  1.79441848e+02 
 4.29866235e+05  4.72848167e+01  4.29866235e+05  1.79394967e+02 
 4.64158883e+05  4.73067156e+01  4.64158883e+05  1.79343723e+02 
 5.01187234e+05  4.73323187e+01  5.01187234e+05  1.79287598e+02 
 5.41169527e+05  4.73622625e+01  5.41169527e+05  1.79225990e+02 
 5.84341413e+05  4.73973042e+01  5.84341413e+05  1.79158184e+02 
 6.30957344e+05  4.74383367e+01  6.30957344e+05  1.79083335e+02 
 6.81292069e+05  4.74864195e+01  6.81292069e+05  1.79000421e+02 
 7.35642254e+05  4.75428114e+01  7.35642254e+05  1.78908209e+02 
 7.94328235e+05  4.76090065e+01  7.94328235e+05  1.78805192e+02 
 8.57695899e+05  4.76868245e+01  8.57695899e+05  1.78689496e+02 
 9.26118728e+05  4.77784342e+01  9.26118728e+05  1.78558787e+02 
 1.00000000e+06  4.78864291e+01  1.00000000e+06  1.78410115e+02 
 1.07977516e+06  4.80140475e+01  1.07977516e+06  1.78239683e+02 
 1.16591440e+06  4.81651824e+01  1.16591440e+06  1.78042583e+02 
 1.25892541e+06  4.83446975e+01  1.25892541e+06  1.77812313e+02 
 1.35935639e+06  4.85586892e+01  1.35935639e+06  1.77540157e+02 
 1.46779927e+06  4.88148260e+01  1.46779927e+06  1.77214178e+02 
 1.58489319e+06  4.91230334e+01  1.58489319e+06  1.76817646e+02 
 1.71132830e+06  4.94962674e+01  1.71132830e+06  1.76326459e+02 
 1.84784980e+06  4.99519392e+01  1.84784980e+06  1.75704759e+02 
 1.99526231e+06  5.05138747e+01  1.99526231e+06  1.74897072e+02 
 2.15443469e+06  5.12159509e+01  2.15443469e+06  1.73813050e+02 
 2.32630507e+06  5.21083534e+01  2.32630507e+06  1.72296133e+02 
 2.51188643e+06  5.32686796e+01  2.51188643e+06  1.70051375e+02 
 2.71227258e+06  5.48242116e+01  2.71227258e+06  1.66456525e+02 
 2.92864456e+06  5.69920914e+01  2.92864456e+06  1.59975155e+02 
 3.16227766e+06  6.00876127e+01  3.16227766e+06  1.45928405e+02 
 3.41454887e+06  6.33729392e+01  3.41454887e+06  1.09569880e+02 
 3.68694506e+06  6.11679398e+01  3.68694506e+06  5.79140129e+01 
 3.98107171e+06  5.62682843e+01  3.98107171e+06  3.41957354e+01 
 4.29866235e+06  5.22769749e+01  4.29866235e+06  2.46092344e+01 
 4.64158883e+06  4.90708045e+01  4.64158883e+06  1.98641551e+01 
 5.01187234e+06  4.63649494e+01  5.01187234e+06  1.71852664e+01 
 5.41169527e+06  4.39886780e+01  5.41169527e+06  1.55691277e+01 
 5.84341413e+06  4.18394622e+01  5.84341413e+06  1.45780031e+01 
 6.30957344e+06  3.98542004e+01  6.30957344e+06  1.39950943e+01 
 6.81292069e+06  3.79893612e+01  6.81292069e+06  1.37001531e+01 
 7.35642254e+06  3.62170439e+01  7.35642254e+06  1.36251575e+01 
 7.94328235e+06  3.45150020e+01  7.94328235e+06  1.37301727e+01 
 8.57695899e+06  3.28674439e+01  8.57695899e+06  1.39880769e+01 
 9.26118728e+06  3.12630347e+01  9.26118728e+06  1.43862900e+01 
 1.00000000e+07  2.96910123e+01  1.00000000e+07  1.49146171e+01 
 1.07977516e+07  2.81431715e+01  1.07977516e+07  1.55746793e+01 
 1.16591440e+07  2.66151117e+01  1.16591440e+07  1.63645570e+01 
 1.25892541e+07  2.50977261e+01  1.25892541e+07  1.72929968e+01 
 1.35935639e+07  2.35882163e+01  1.35935639e+07  1.83690101e+01 
 1.46779927e+07  2.20835994e+01  1.46779927e+07  1.96054446e+01 
 1.58489319e+07  2.05734058e+01  1.58489319e+07  2.10302908e+01 
 1.71132830e+07  1.90580369e+01  1.71132830e+07  2.26546128e+01 
 1.84784980e+07  1.75324444e+01  1.84784980e+07  2.45347395e+01 
 1.99526231e+07  1.59921323e+01  1.99526231e+07  2.66916577e+01 
 2.15443469e+07  1.44338458e+01  2.15443469e+07  2.91759371e+01 
 2.32630507e+07  1.28466022e+01  2.32630507e+07  3.20835166e+01 
 2.51188643e+07  1.12310480e+01  2.51188643e+07  3.55166118e+01 
 2.71227258e+07  9.59687600e+00  2.71227258e+07  3.95981760e+01 
 2.92864456e+07  7.93549016e+00  2.92864456e+07  4.45757815e+01 
 3.16227766e+07  6.27477100e+00  3.16227766e+07  5.04430093e+01 
 3.41454887e+07  4.62349508e+00  3.41454887e+07  5.76805936e+01 
 3.68694506e+07  3.04307970e+00  3.68694506e+07  6.64890557e+01 
 3.98107171e+07  1.62402471e+00  3.98107171e+07  7.67931990e+01 
 4.29866235e+07  4.76512661e-01  4.29866235e+07  8.90323044e+01 
 4.64158883e+07 -3.44951590e-01  4.64158883e+07  1.02024971e+02 
 5.01187234e+07 -6.45635604e-01  5.01187234e+07  1.14753173e+02 
 5.41169527e+07 -6.64951582e-01  5.41169527e+07  1.26925078e+02 
 5.84341413e+07 -4.08653231e-01  5.84341413e+07  1.36952380e+02 
 6.30957344e+07  1.89232074e-02  6.30957344e+07  1.44839765e+02 
 6.81292069e+07  3.93567232e-01  6.81292069e+07  1.52276257e+02 
 7.35642254e+07  7.10782076e-01  7.35642254e+07  1.58255652e+02 
 7.94328235e+07  1.31600373e+00  7.94328235e+07  1.63284323e+02 
 8.57695899e+07  1.66582646e+00  8.57695899e+07  1.67449583e+02 
 9.26118728e+07  2.06016210e+00  9.26118728e+07  1.71211609e+02 
 1.00000000e+08  2.52128730e+00  1.00000000e+08  1.74825971e+02 
 1.07977516e+08  2.85855299e+00  1.07977516e+08  1.77961821e+02 
 1.16591440e+08  3.11851727e+00  1.16591440e+08  1.80325148e+02 
 1.25892541e+08  3.58156565e+00  1.25892541e+08  1.82509324e+02 
 1.35935639e+08  3.89401349e+00  1.35935639e+08  1.84764501e+02 
 1.46779927e+08  4.11352884e+00  1.46779927e+08  1.86765657e+02 
 1.58489319e+08  4.70686285e+00  1.58489319e+08  1.88088743e+02 
 1.71132830e+08  5.17951482e+00  1.71132830e+08  1.89210844e+02 
 1.84784980e+08  4.91753347e+00  1.84784980e+08  1.90555376e+02 
 1.99526231e+08  5.24121566e+00  1.99526231e+08  1.90727378e+02 
 2.15443469e+08  5.78122669e+00  2.15443469e+08  1.90959693e+02 
 2.32630507e+08  5.85065893e+00  2.32630507e+08  1.91222011e+02 
 2.51188643e+08  6.46044612e+00  2.51188643e+08  1.90386980e+02 
 2.71227258e+08  6.88593875e+00  2.71227258e+08  1.89897781e+02 
 2.92864456e+08  8.26443431e+00  2.92864456e+08  1.88944960e+02 
 3.16227766e+08  7.12263500e+00  3.16227766e+08  1.88227198e+02 
 3.41454887e+08  8.43424500e+00  3.41454887e+08  1.87459536e+02 
 3.68694506e+08  7.19593824e+00  3.68694506e+08  1.86780969e+02 
 3.98107171e+08  8.12085054e+00  3.98107171e+08  1.85646502e+02 
 4.29866235e+08  6.84830579e+00  4.29866235e+08  1.84751159e+02 
 4.64158883e+08  8.45393919e+00  4.64158883e+08  1.84231129e+02 
 5.01187234e+08  5.57762149e+00  5.01187234e+08  1.83612868e+02 
 5.41169527e+08  1.02395113e+01  5.41169527e+08  1.82768901e+02 
 5.84341413e+08  6.41421008e+00  5.84341413e+08  1.82518185e+02 
 6.30957344e+08  7.54090082e+00  6.30957344e+08  1.82256439e+02 
 6.81292069e+08  6.19511844e+00  6.81292069e+08  1.81795475e+02 
 7.35642254e+08  8.36070603e+00  7.35642254e+08  1.81168650e+02 
 7.94328235e+08  1.30233122e+01  7.94328235e+08  1.82415943e+02 
 8.57695899e+08  1.16637353e+01  8.57695899e+08  1.81549922e+02 
 9.26118728e+08  1.03191560e+01  9.26118728e+08  1.81709033e+02 
 1.00000000e+09  8.97228434e+00  1.00000000e+09  1.81030763e+02 
