 1.00000000e+00  4.55626147e+01  1.00000000e+00  1.79999998e+02 
 1.07977516e+00  4.55626147e+01  1.07977516e+00  1.79999998e+02 
 1.16591440e+00  4.55626147e+01  1.16591440e+00  1.79999998e+02 
 1.25892541e+00  4.55626147e+01  1.25892541e+00  1.79999998e+02 
 1.35935639e+00  4.55626147e+01  1.35935639e+00  1.79999998e+02 
 1.46779927e+00  4.55626147e+01  1.46779927e+00  1.79999998e+02 
 1.58489319e+00  4.55626147e+01  1.58489319e+00  1.79999998e+02 
 1.71132830e+00  4.55626147e+01  1.71132830e+00  1.79999997e+02 
 1.84784980e+00  4.55626147e+01  1.84784980e+00  1.79999997e+02 
 1.99526231e+00  4.55626147e+01  1.99526231e+00  1.79999997e+02 
 2.15443469e+00  4.55626147e+01  2.15443469e+00  1.79999997e+02 
 2.32630507e+00  4.55626147e+01  2.32630507e+00  1.79999996e+02 
 2.51188643e+00  4.55626147e+01  2.51188643e+00  1.79999996e+02 
 2.71227258e+00  4.55626147e+01  2.71227258e+00  1.79999996e+02 
 2.92864456e+00  4.55626147e+01  2.92864456e+00  1.79999996e+02 
 3.16227766e+00  4.55626147e+01  3.16227766e+00  1.79999995e+02 
 3.41454887e+00  4.55626147e+01  3.41454887e+00  1.79999995e+02 
 3.68694506e+00  4.55626147e+01  3.68694506e+00  1.79999994e+02 
 3.98107171e+00  4.55626147e+01  3.98107171e+00  1.79999994e+02 
 4.29866235e+00  4.55626147e+01  4.29866235e+00  1.79999993e+02 
 4.64158883e+00  4.55626147e+01  4.64158883e+00  1.79999993e+02 
 5.01187234e+00  4.55626147e+01  5.01187234e+00  1.79999992e+02 
 5.41169527e+00  4.55626147e+01  5.41169527e+00  1.79999992e+02 
 5.84341413e+00  4.55626147e+01  5.84341413e+00  1.79999991e+02 
 6.30957344e+00  4.55626147e+01  6.30957344e+00  1.79999990e+02 
 6.81292069e+00  4.55626147e+01  6.81292069e+00  1.79999990e+02 
 7.35642254e+00  4.55626147e+01  7.35642254e+00  1.79999989e+02 
 7.94328235e+00  4.55626147e+01  7.94328235e+00  1.79999988e+02 
 8.57695899e+00  4.55626147e+01  8.57695899e+00  1.79999987e+02 
 9.26118728e+00  4.55626147e+01  9.26118728e+00  1.79999986e+02 
 1.00000000e+01  4.55626147e+01  1.00000000e+01  1.79999985e+02 
 1.07977516e+01  4.55626147e+01  1.07977516e+01  1.79999984e+02 
 1.16591440e+01  4.55626147e+01  1.16591440e+01  1.79999982e+02 
 1.25892541e+01  4.55626147e+01  1.25892541e+01  1.79999981e+02 
 1.35935639e+01  4.55626147e+01  1.35935639e+01  1.79999979e+02 
 1.46779927e+01  4.55626147e+01  1.46779927e+01  1.79999978e+02 
 1.58489319e+01  4.55626147e+01  1.58489319e+01  1.79999976e+02 
 1.71132830e+01  4.55626147e+01  1.71132830e+01  1.79999974e+02 
 1.84784980e+01  4.55626147e+01  1.84784980e+01  1.79999972e+02 
 1.99526231e+01  4.55626147e+01  1.99526231e+01  1.79999970e+02 
 2.15443469e+01  4.55626147e+01  2.15443469e+01  1.79999967e+02 
 2.32630507e+01  4.55626147e+01  2.32630507e+01  1.79999965e+02 
 2.51188643e+01  4.55626147e+01  2.51188643e+01  1.79999962e+02 
 2.71227258e+01  4.55626147e+01  2.71227258e+01  1.79999959e+02 
 2.92864456e+01  4.55626147e+01  2.92864456e+01  1.79999955e+02 
 3.16227766e+01  4.55626147e+01  3.16227766e+01  1.79999952e+02 
 3.41454887e+01  4.55626147e+01  3.41454887e+01  1.79999948e+02 
 3.68694506e+01  4.55626147e+01  3.68694506e+01  1.79999944e+02 
 3.98107171e+01  4.55626147e+01  3.98107171e+01  1.79999939e+02 
 4.29866235e+01  4.55626147e+01  4.29866235e+01  1.79999934e+02 
 4.64158883e+01  4.55626147e+01  4.64158883e+01  1.79999929e+02 
 5.01187234e+01  4.55626147e+01  5.01187234e+01  1.79999924e+02 
 5.41169527e+01  4.55626147e+01  5.41169527e+01  1.79999917e+02 
 5.84341413e+01  4.55626147e+01  5.84341413e+01  1.79999911e+02 
 6.30957344e+01  4.55626147e+01  6.30957344e+01  1.79999904e+02 
 6.81292069e+01  4.55626147e+01  6.81292069e+01  1.79999896e+02 
 7.35642254e+01  4.55626147e+01  7.35642254e+01  1.79999888e+02 
 7.94328235e+01  4.55626147e+01  7.94328235e+01  1.79999879e+02 
 8.57695899e+01  4.55626147e+01  8.57695899e+01  1.79999869e+02 
 9.26118728e+01  4.55626147e+01  9.26118728e+01  1.79999859e+02 
 1.00000000e+02  4.55626147e+01  1.00000000e+02  1.79999847e+02 
 1.07977516e+02  4.55626147e+01  1.07977516e+02  1.79999835e+02 
 1.16591440e+02  4.55626147e+01  1.16591440e+02  1.79999822e+02 
 1.25892541e+02  4.55626147e+01  1.25892541e+02  1.79999808e+02 
 1.35935639e+02  4.55626147e+01  1.35935639e+02  1.79999793e+02 
 1.46779927e+02  4.55626147e+01  1.46779927e+02  1.79999776e+02 
 1.58489319e+02  4.55626147e+01  1.58489319e+02  1.79999758e+02 
 1.71132830e+02  4.55626147e+01  1.71132830e+02  1.79999739e+02 
 1.84784980e+02  4.55626147e+01  1.84784980e+02  1.79999718e+02 
 1.99526231e+02  4.55626147e+01  1.99526231e+02  1.79999696e+02 
 2.15443469e+02  4.55626147e+01  2.15443469e+02  1.79999671e+02 
 2.32630507e+02  4.55626147e+01  2.32630507e+02  1.79999645e+02 
 2.51188643e+02  4.55626148e+01  2.51188643e+02  1.79999617e+02 
 2.71227258e+02  4.55626148e+01  2.71227258e+02  1.79999586e+02 
 2.92864456e+02  4.55626148e+01  2.92864456e+02  1.79999553e+02 
 3.16227766e+02  4.55626148e+01  3.16227766e+02  1.79999518e+02 
 3.41454887e+02  4.55626148e+01  3.41454887e+02  1.79999479e+02 
 3.68694506e+02  4.55626148e+01  3.68694506e+02  1.79999438e+02 
 3.98107171e+02  4.55626148e+01  3.98107171e+02  1.79999393e+02 
 4.29866235e+02  4.55626148e+01  4.29866235e+02  1.79999344e+02 
 4.64158883e+02  4.55626148e+01  4.64158883e+02  1.79999292e+02 
 5.01187234e+02  4.55626149e+01  5.01187234e+02  1.79999235e+02 
 5.41169527e+02  4.55626149e+01  5.41169527e+02  1.79999174e+02 
 5.84341413e+02  4.55626149e+01  5.84341413e+02  1.79999109e+02 
 6.30957344e+02  4.55626150e+01  6.30957344e+02  1.79999038e+02 
 6.81292069e+02  4.55626150e+01  6.81292069e+02  1.79998961e+02 
 7.35642254e+02  4.55626150e+01  7.35642254e+02  1.79998878e+02 
 7.94328235e+02  4.55626151e+01  7.94328235e+02  1.79998788e+02 
 8.57695899e+02  4.55626152e+01  8.57695899e+02  1.79998692e+02 
 9.26118728e+02  4.55626152e+01  9.26118728e+02  1.79998587e+02 
 1.00000000e+03  4.55626153e+01  1.00000000e+03  1.79998475e+02 
 1.07977516e+03  4.55626154e+01  1.07977516e+03  1.79998353e+02 
 1.16591440e+03  4.55626155e+01  1.16591440e+03  1.79998221e+02 
 1.25892541e+03  4.55626157e+01  1.25892541e+03  1.79998080e+02 
 1.35935639e+03  4.55626158e+01  1.35935639e+03  1.79997926e+02 
 1.46779927e+03  4.55626160e+01  1.46779927e+03  1.79997761e+02 
 1.58489319e+03  4.55626162e+01  1.58489319e+03  1.79997582e+02 
 1.71132830e+03  4.55626164e+01  1.71132830e+03  1.79997389e+02 
 1.84784980e+03  4.55626167e+01  1.84784980e+03  1.79997181e+02 
 1.99526231e+03  4.55626171e+01  1.99526231e+03  1.79996956e+02 
 2.15443469e+03  4.55626175e+01  2.15443469e+03  1.79996714e+02 
 2.32630507e+03  4.55626179e+01  2.32630507e+03  1.79996451e+02 
 2.51188643e+03  4.55626184e+01  2.51188643e+03  1.79996168e+02 
 2.71227258e+03  4.55626191e+01  2.71227258e+03  1.79995863e+02 
 2.92864456e+03  4.55626198e+01  2.92864456e+03  1.79995533e+02 
 3.16227766e+03  4.55626206e+01  3.16227766e+03  1.79995176e+02 
 3.41454887e+03  4.55626216e+01  3.41454887e+03  1.79994791e+02 
 3.68694506e+03  4.55626227e+01  3.68694506e+03  1.79994376e+02 
 3.98107171e+03  4.55626241e+01  3.98107171e+03  1.79993927e+02 
 4.29866235e+03  4.55626256e+01  4.29866235e+03  1.79993443e+02 
 4.64158883e+03  4.55626274e+01  4.64158883e+03  1.79992920e+02 
 5.01187234e+03  4.55626296e+01  5.01187234e+03  1.79992355e+02 
 5.41169527e+03  4.55626320e+01  5.41169527e+03  1.79991745e+02 
 5.84341413e+03  4.55626349e+01  5.84341413e+03  1.79991086e+02 
 6.30957344e+03  4.55626382e+01  6.30957344e+03  1.79990375e+02 
 6.81292069e+03  4.55626421e+01  6.81292069e+03  1.79989607e+02 
 7.35642254e+03  4.55626467e+01  7.35642254e+03  1.79988778e+02 
 7.94328235e+03  4.55626520e+01  7.94328235e+03  1.79987883e+02 
 8.57695899e+03  4.55626582e+01  8.57695899e+03  1.79986916e+02 
 9.26118728e+03  4.55626654e+01  9.26118728e+03  1.79985873e+02 
 1.00000000e+04  4.55626738e+01  1.00000000e+04  1.79984745e+02 
 1.07977516e+04  4.55626836e+01  1.07977516e+04  1.79983529e+02 
 1.16591440e+04  4.55626950e+01  1.16591440e+04  1.79982214e+02 
 1.25892541e+04  4.55627084e+01  1.25892541e+04  1.79980796e+02 
 1.35935639e+04  4.55627239e+01  1.35935639e+04  1.79979263e+02 
 1.46779927e+04  4.55627420e+01  1.46779927e+04  1.79977609e+02 
 1.58489319e+04  4.55627631e+01  1.58489319e+04  1.79975823e+02 
 1.71132830e+04  4.55627878e+01  1.71132830e+04  1.79973894e+02 
 1.84784980e+04  4.55628165e+01  1.84784980e+04  1.79971811e+02 
 1.99526231e+04  4.55628499e+01  1.99526231e+04  1.79969562e+02 
 2.15443469e+04  4.55628890e+01  2.15443469e+04  1.79967134e+02 
 2.32630507e+04  4.55629345e+01  2.32630507e+04  1.79964511e+02 
 2.51188643e+04  4.55629875e+01  2.51188643e+04  1.79961680e+02 
 2.71227258e+04  4.55630494e+01  2.71227258e+04  1.79958622e+02 
 2.92864456e+04  4.55631215e+01  2.92864456e+04  1.79955321e+02 
 3.16227766e+04  4.55632056e+01  3.16227766e+04  1.79951756e+02 
 3.41454887e+04  4.55633036e+01  3.41454887e+04  1.79947906e+02 
 3.68694506e+04  4.55634180e+01  3.68694506e+04  1.79943749e+02 
 3.98107171e+04  4.55635512e+01  3.98107171e+04  1.79939260e+02 
 4.29866235e+04  4.55637066e+01  4.29866235e+04  1.79934412e+02 
 4.64158883e+04  4.55638878e+01  4.64158883e+04  1.79929177e+02 
 5.01187234e+04  4.55640991e+01  5.01187234e+04  1.79923524e+02 
 5.41169527e+04  4.55643453e+01  5.41169527e+04  1.79917419e+02 
 5.84341413e+04  4.55646325e+01  5.84341413e+04  1.79910826e+02 
 6.30957344e+04  4.55649673e+01  6.30957344e+04  1.79903706e+02 
 6.81292069e+04  4.55653577e+01  6.81292069e+04  1.79896016e+02 
 7.35642254e+04  4.55658129e+01  7.35642254e+04  1.79887710e+02 
 7.94328235e+04  4.55663436e+01  7.94328235e+04  1.79878739e+02 
 8.57695899e+04  4.55669625e+01  8.57695899e+04  1.79869049e+02 
 9.26118728e+04  4.55676841e+01  9.26118728e+04  1.79858581e+02 
 1.00000000e+05  4.55685253e+01  1.00000000e+05  1.79847274e+02 
 1.07977516e+05  4.55695065e+01  1.07977516e+05  1.79835057e+02 
 1.16591440e+05  4.55706504e+01  1.16591440e+05  1.79821857e+02 
 1.25892541e+05  4.55719842e+01  1.25892541e+05  1.79807594e+02 
 1.35935639e+05  4.55735398e+01  1.35935639e+05  1.79792179e+02 
 1.46779927e+05  4.55753539e+01  1.46779927e+05  1.79775517e+02 
 1.58489319e+05  4.55774691e+01  1.58489319e+05  1.79757505e+02 
 1.71132830e+05  4.55799359e+01  1.71132830e+05  1.79738029e+02 
 1.84784980e+05  4.55828132e+01  1.84784980e+05  1.79716965e+02 
 1.99526231e+05  4.55861687e+01  1.99526231e+05  1.79694178e+02 
 2.15443469e+05  4.55900830e+01  2.15443469e+05  1.79669519e+02 
 2.32630507e+05  4.55946489e+01  2.32630507e+05  1.79642824e+02 
 2.51188643e+05  4.55999741e+01  2.51188643e+05  1.79613914e+02 
 2.71227258e+05  4.56061888e+01  2.71227258e+05  1.79582590e+02 
 2.92864456e+05  4.56134383e+01  2.92864456e+05  1.79548629e+02 
 3.16227766e+05  4.56218999e+01  3.16227766e+05  1.79511786e+02 
 3.41454887e+05  4.56317738e+01  3.41454887e+05  1.79471786e+02 
 3.68694506e+05  4.56432987e+01  3.68694506e+05  1.79428319e+02 
 3.98107171e+05  4.56567586e+01  3.98107171e+05  1.79381036e+02 
 4.29866235e+05  4.56724743e+01  4.29866235e+05  1.79329539e+02 
 4.64158883e+05  4.56908326e+01  4.64158883e+05  1.79273375e+02 
 5.01187234e+05  4.57122867e+01  5.01187234e+05  1.79212021e+02 
 5.41169527e+05  4.57373633e+01  5.41169527e+05  1.79144873e+02 
 5.84341413e+05  4.57666945e+01  5.84341413e+05  1.79071225e+02 
 6.30957344e+05  4.58010144e+01  6.30957344e+05  1.78990244e+02 
 6.81292069e+05  4.58411887e+01  6.81292069e+05  1.78900945e+02 
 7.35642254e+05  4.58882641e+01  7.35642254e+05  1.78802147e+02 
 7.94328235e+05  4.59434579e+01  7.94328235e+05  1.78692423e+02 
 8.57695899e+05  4.60082578e+01  8.57695899e+05  1.78570026e+02 
 9.26118728e+05  4.60843941e+01  9.26118728e+05  1.78432814e+02 
 1.00000000e+06  4.61740031e+01  1.00000000e+06  1.78278102e+02 
 1.07977516e+06  4.62796060e+01  1.07977516e+06  1.78102512e+02 
 1.16591440e+06  4.64043525e+01  1.16591440e+06  1.77901723e+02 
 1.25892541e+06  4.65520069e+01  1.25892541e+06  1.77670136e+02 
 1.35935639e+06  4.67272687e+01  1.35935639e+06  1.77400407e+02 
 1.46779927e+06  4.69360109e+01  1.46779927e+06  1.77082668e+02 
 1.58489319e+06  4.71856867e+01  1.58489319e+06  1.76703466e+02 
 1.71132830e+06  4.74857141e+01  1.71132830e+06  1.76244096e+02 
 1.84784980e+06  4.78485489e+01  1.84784980e+06  1.75677645e+02 
 1.99526231e+06  4.82905834e+01  1.99526231e+06  1.74964395e+02 
 2.15443469e+06  4.88343341e+01  2.15443469e+06  1.74043277e+02 
 2.32630507e+06  4.95112416e+01  2.32630507e+06  1.72815922e+02 
 2.51188643e+06  5.03671466e+01  2.51188643e+06  1.71114144e+02 
 2.71227258e+06  5.14712827e+01  2.71227258e+06  1.68626999e+02 
 2.92864456e+06  5.29322886e+01  2.92864456e+06  1.64718498e+02 
 3.16227766e+06  5.49218037e+01  3.16227766e+06  1.57896949e+02 
 3.41454887e+06  5.76344010e+01  3.41454887e+06  1.44056888e+02 
 3.68694506e+06  6.03844484e+01  3.68694506e+06  1.12354114e+02 
 3.98107171e+06  5.90377215e+01  3.98107171e+06  6.61513296e+01 
 4.29866235e+06  5.47138973e+01  4.29866235e+06  4.02321376e+01 
 4.64158883e+06  5.08407204e+01  4.64158883e+06  2.89039475e+01 
 5.01187234e+06  4.76541295e+01  5.01187234e+06  2.31952192e+01 
 5.41169527e+06  4.49452490e+01  5.41169527e+06  1.99501441e+01 
 5.84341413e+06  4.25610532e+01  5.84341413e+06  1.79787477e+01 
 6.30957344e+06  4.04028720e+01  6.30957344e+06  1.67555615e+01 
 6.81292069e+06  3.84086848e+01  6.81292069e+06  1.60181092e+01 
 7.35642254e+06  3.65355691e+01  7.35642254e+06  1.56237599e+01 
 7.94328235e+06  3.47551102e+01  7.94328235e+06  1.54896248e+01 
 8.57695899e+06  3.30450276e+01  8.57695899e+06  1.55649142e+01 
 9.26118728e+06  3.13898150e+01  9.26118728e+06  1.58213561e+01 
 1.00000000e+07  2.97755347e+01  1.00000000e+07  1.62427311e+01 
 1.07977516e+07  2.81943736e+01  1.07977516e+07  1.68141988e+01 
 1.16591440e+07  2.66379795e+01  1.16591440e+07  1.75404484e+01 
 1.25892541e+07  2.50985819e+01  1.25892541e+07  1.84203012e+01 
 1.35935639e+07  2.35700814e+01  1.35935639e+07  1.94573125e+01 
 1.46779927e+07  2.20464702e+01  1.46779927e+07  2.06808623e+01 
 1.58489319e+07  2.05239348e+01  1.58489319e+07  2.20985020e+01 
 1.71132830e+07  1.89957775e+01  1.71132830e+07  2.37319970e+01 
 1.84784980e+07  1.74586059e+01  1.84784980e+07  2.56203110e+01 
 1.99526231e+07  1.59125210e+01  1.99526231e+07  2.78063692e+01 
 2.15443469e+07  1.43463032e+01  2.15443469e+07  3.03559441e+01 
 2.32630507e+07  1.27591062e+01  2.32630507e+07  3.33089473e+01 
 2.51188643e+07  1.11486189e+01  2.51188643e+07  3.68416326e+01 
 2.71227258e+07  9.51581400e+00  2.71227258e+07  4.10445192e+01 
 2.92864456e+07  7.86465493e+00  2.92864456e+07  4.60969015e+01 
 3.16227766e+07  6.21573359e+00  3.16227766e+07  5.21818217e+01 
 3.41454887e+07  4.59146415e+00  3.41454887e+07  5.96016743e+01 
 3.68694506e+07  3.05452394e+00  3.68694506e+07  6.85713005e+01 
 3.98107171e+07  1.69623155e+00  3.98107171e+07  7.91431060e+01 
 4.29866235e+07  6.33386030e-01  4.29866235e+07  9.10767279e+01 
 4.64158883e+07 -1.28072035e-01  4.64158883e+07  1.03383103e+02 
 5.01187234e+07 -4.61233863e-01  5.01187234e+07  1.16374164e+02 
 5.41169527e+07 -3.81875785e-01  5.41169527e+07  1.27427055e+02 
 5.84341413e+07 -1.88203242e-01  5.84341413e+07  1.36517284e+02 
 6.30957344e+07  1.84685768e-01  6.30957344e+07  1.45476593e+02 
 6.81292069e+07  5.36445041e-01  6.81292069e+07  1.52275085e+02 
 7.35642254e+07  9.50940702e-01  7.35642254e+07  1.58600880e+02 
 7.94328235e+07  1.33641348e+00  7.94328235e+07  1.63333638e+02 
 8.57695899e+07  1.88242292e+00  8.57695899e+07  1.66986543e+02 
 9.26118728e+07  2.17027764e+00  9.26118728e+07  1.70952371e+02 
 1.00000000e+08  2.45291184e+00  1.00000000e+08  1.74319024e+02 
 1.07977516e+08  2.93394630e+00  1.07977516e+08  1.77296241e+02 
 1.16591440e+08  3.29693873e+00  1.16591440e+08  1.79847866e+02 
 1.25892541e+08  3.50851602e+00  1.25892541e+08  1.82265117e+02 
 1.35935639e+08  3.93540323e+00  1.35935639e+08  1.84341106e+02 
 1.46779927e+08  4.46166083e+00  1.46779927e+08  1.85743886e+02 
 1.58489319e+08  4.53631285e+00  1.58489319e+08  1.87506127e+02 
 1.71132830e+08  4.96674052e+00  1.71132830e+08  1.88689515e+02 
 1.84784980e+08  5.40144616e+00  1.84784980e+08  1.89519039e+02 
 1.99526231e+08  5.50511334e+00  1.99526231e+08  1.90213022e+02 
 2.15443469e+08  5.74898966e+00  2.15443469e+08  1.90390377e+02 
 2.32630507e+08  6.58193990e+00  2.32630507e+08  1.90398885e+02 
 2.51188643e+08  6.41462523e+00  2.51188643e+08  1.90020051e+02 
 2.71227258e+08  7.38680485e+00  2.71227258e+08  1.89511689e+02 
 2.92864456e+08  6.28021097e+00  2.92864456e+08  1.89120098e+02 
 3.16227766e+08  7.06015887e+00  3.16227766e+08  1.88145134e+02 
 3.41454887e+08  7.44429311e+00  3.41454887e+08  1.87336772e+02 
 3.68694506e+08  7.13866241e+00  3.68694506e+08  1.86692320e+02 
 3.98107171e+08  8.04961439e+00  3.98107171e+08  1.85479121e+02 
 4.29866235e+08  6.78497289e+00  4.29866235e+08  1.84800257e+02 
 4.64158883e+08  8.39161374e+00  4.64158883e+08  1.84419894e+02 
 5.01187234e+08  7.07702818e+00  5.01187234e+08  1.83529468e+02 
 5.41169527e+08  1.01699922e+01  5.41169527e+08  1.82905447e+02 
 5.84341413e+08  6.34880033e+00  5.84341413e+08  1.82504315e+02 
 6.30957344e+08  7.50192799e+00  6.30957344e+08  1.81675207e+02 
 6.81292069e+08  6.13974017e+00  6.81292069e+08  1.81984348e+02 
 7.35642254e+08  8.32295084e+00  7.35642254e+08  1.81520758e+02 
 7.94328235e+08  6.96454669e+00  7.94328235e+08  1.81549021e+02 
 8.57695899e+08  1.16187884e+01  8.57695899e+08  1.81391705e+02 
 9.26118728e+08  4.26668432e+00  9.26118728e+08  1.81082110e+02 
 1.00000000e+09  8.92945413e+00  1.00000000e+09  1.80720462e+02 
