 1.00000000e+00  4.59853384e+01  1.00000000e+00  1.79999999e+02 
 1.07977516e+00  4.59853384e+01  1.07977516e+00  1.79999999e+02 
 1.16591440e+00  4.59853384e+01  1.16591440e+00  1.79999999e+02 
 1.25892541e+00  4.59853384e+01  1.25892541e+00  1.79999998e+02 
 1.35935639e+00  4.59853384e+01  1.35935639e+00  1.79999998e+02 
 1.46779927e+00  4.59853384e+01  1.46779927e+00  1.79999998e+02 
 1.58489319e+00  4.59853384e+01  1.58489319e+00  1.79999998e+02 
 1.71132830e+00  4.59853384e+01  1.71132830e+00  1.79999998e+02 
 1.84784980e+00  4.59853384e+01  1.84784980e+00  1.79999998e+02 
 1.99526231e+00  4.59853384e+01  1.99526231e+00  1.79999998e+02 
 2.15443469e+00  4.59853384e+01  2.15443469e+00  1.79999997e+02 
 2.32630507e+00  4.59853384e+01  2.32630507e+00  1.79999997e+02 
 2.51188643e+00  4.59853384e+01  2.51188643e+00  1.79999997e+02 
 2.71227258e+00  4.59853384e+01  2.71227258e+00  1.79999997e+02 
 2.92864456e+00  4.59853384e+01  2.92864456e+00  1.79999996e+02 
 3.16227766e+00  4.59853384e+01  3.16227766e+00  1.79999996e+02 
 3.41454887e+00  4.59853384e+01  3.41454887e+00  1.79999996e+02 
 3.68694506e+00  4.59853384e+01  3.68694506e+00  1.79999996e+02 
 3.98107171e+00  4.59853384e+01  3.98107171e+00  1.79999995e+02 
 4.29866235e+00  4.59853384e+01  4.29866235e+00  1.79999995e+02 
 4.64158883e+00  4.59853384e+01  4.64158883e+00  1.79999994e+02 
 5.01187234e+00  4.59853384e+01  5.01187234e+00  1.79999994e+02 
 5.41169527e+00  4.59853384e+01  5.41169527e+00  1.79999993e+02 
 5.84341413e+00  4.59853384e+01  5.84341413e+00  1.79999993e+02 
 6.30957344e+00  4.59853384e+01  6.30957344e+00  1.79999992e+02 
 6.81292069e+00  4.59853384e+01  6.81292069e+00  1.79999992e+02 
 7.35642254e+00  4.59853384e+01  7.35642254e+00  1.79999991e+02 
 7.94328235e+00  4.59853384e+01  7.94328235e+00  1.79999990e+02 
 8.57695899e+00  4.59853384e+01  8.57695899e+00  1.79999990e+02 
 9.26118728e+00  4.59853384e+01  9.26118728e+00  1.79999989e+02 
 1.00000000e+01  4.59853384e+01  1.00000000e+01  1.79999988e+02 
 1.07977516e+01  4.59853384e+01  1.07977516e+01  1.79999987e+02 
 1.16591440e+01  4.59853384e+01  1.16591440e+01  1.79999986e+02 
 1.25892541e+01  4.59853384e+01  1.25892541e+01  1.79999985e+02 
 1.35935639e+01  4.59853384e+01  1.35935639e+01  1.79999984e+02 
 1.46779927e+01  4.59853384e+01  1.46779927e+01  1.79999982e+02 
 1.58489319e+01  4.59853384e+01  1.58489319e+01  1.79999981e+02 
 1.71132830e+01  4.59853384e+01  1.71132830e+01  1.79999979e+02 
 1.84784980e+01  4.59853384e+01  1.84784980e+01  1.79999978e+02 
 1.99526231e+01  4.59853384e+01  1.99526231e+01  1.79999976e+02 
 2.15443469e+01  4.59853384e+01  2.15443469e+01  1.79999974e+02 
 2.32630507e+01  4.59853384e+01  2.32630507e+01  1.79999972e+02 
 2.51188643e+01  4.59853384e+01  2.51188643e+01  1.79999970e+02 
 2.71227258e+01  4.59853384e+01  2.71227258e+01  1.79999967e+02 
 2.92864456e+01  4.59853384e+01  2.92864456e+01  1.79999965e+02 
 3.16227766e+01  4.59853384e+01  3.16227766e+01  1.79999962e+02 
 3.41454887e+01  4.59853384e+01  3.41454887e+01  1.79999959e+02 
 3.68694506e+01  4.59853384e+01  3.68694506e+01  1.79999955e+02 
 3.98107171e+01  4.59853384e+01  3.98107171e+01  1.79999952e+02 
 4.29866235e+01  4.59853384e+01  4.29866235e+01  1.79999948e+02 
 4.64158883e+01  4.59853384e+01  4.64158883e+01  1.79999944e+02 
 5.01187234e+01  4.59853384e+01  5.01187234e+01  1.79999939e+02 
 5.41169527e+01  4.59853384e+01  5.41169527e+01  1.79999935e+02 
 5.84341413e+01  4.59853384e+01  5.84341413e+01  1.79999929e+02 
 6.30957344e+01  4.59853384e+01  6.30957344e+01  1.79999924e+02 
 6.81292069e+01  4.59853384e+01  6.81292069e+01  1.79999918e+02 
 7.35642254e+01  4.59853384e+01  7.35642254e+01  1.79999911e+02 
 7.94328235e+01  4.59853384e+01  7.94328235e+01  1.79999904e+02 
 8.57695899e+01  4.59853384e+01  8.57695899e+01  1.79999896e+02 
 9.26118728e+01  4.59853384e+01  9.26118728e+01  1.79999888e+02 
 1.00000000e+02  4.59853384e+01  1.00000000e+02  1.79999879e+02 
 1.07977516e+02  4.59853384e+01  1.07977516e+02  1.79999870e+02 
 1.16591440e+02  4.59853384e+01  1.16591440e+02  1.79999859e+02 
 1.25892541e+02  4.59853384e+01  1.25892541e+02  1.79999848e+02 
 1.35935639e+02  4.59853384e+01  1.35935639e+02  1.79999836e+02 
 1.46779927e+02  4.59853384e+01  1.46779927e+02  1.79999823e+02 
 1.58489319e+02  4.59853384e+01  1.58489319e+02  1.79999809e+02 
 1.71132830e+02  4.59853384e+01  1.71132830e+02  1.79999793e+02 
 1.84784980e+02  4.59853384e+01  1.84784980e+02  1.79999777e+02 
 1.99526231e+02  4.59853384e+01  1.99526231e+02  1.79999759e+02 
 2.15443469e+02  4.59853384e+01  2.15443469e+02  1.79999740e+02 
 2.32630507e+02  4.59853384e+01  2.32630507e+02  1.79999719e+02 
 2.51188643e+02  4.59853384e+01  2.51188643e+02  1.79999697e+02 
 2.71227258e+02  4.59853384e+01  2.71227258e+02  1.79999672e+02 
 2.92864456e+02  4.59853384e+01  2.92864456e+02  1.79999646e+02 
 3.16227766e+02  4.59853384e+01  3.16227766e+02  1.79999618e+02 
 3.41454887e+02  4.59853384e+01  3.41454887e+02  1.79999587e+02 
 3.68694506e+02  4.59853385e+01  3.68694506e+02  1.79999555e+02 
 3.98107171e+02  4.59853385e+01  3.98107171e+02  1.79999519e+02 
 4.29866235e+02  4.59853385e+01  4.29866235e+02  1.79999481e+02 
 4.64158883e+02  4.59853385e+01  4.64158883e+02  1.79999439e+02 
 5.01187234e+02  4.59853385e+01  5.01187234e+02  1.79999394e+02 
 5.41169527e+02  4.59853386e+01  5.41169527e+02  1.79999346e+02 
 5.84341413e+02  4.59853386e+01  5.84341413e+02  1.79999294e+02 
 6.30957344e+02  4.59853386e+01  6.30957344e+02  1.79999238e+02 
 6.81292069e+02  4.59853387e+01  6.81292069e+02  1.79999177e+02 
 7.35642254e+02  4.59853387e+01  7.35642254e+02  1.79999111e+02 
 7.94328235e+02  4.59853388e+01  7.94328235e+02  1.79999040e+02 
 8.57695899e+02  4.59853388e+01  8.57695899e+02  1.79998964e+02 
 9.26118728e+02  4.59853389e+01  9.26118728e+02  1.79998881e+02 
 1.00000000e+03  4.59853390e+01  1.00000000e+03  1.79998792e+02 
 1.07977516e+03  4.59853391e+01  1.07977516e+03  1.79998695e+02 
 1.16591440e+03  4.59853392e+01  1.16591440e+03  1.79998591e+02 
 1.25892541e+03  4.59853394e+01  1.25892541e+03  1.79998479e+02 
 1.35935639e+03  4.59853396e+01  1.35935639e+03  1.79998358e+02 
 1.46779927e+03  4.59853398e+01  1.46779927e+03  1.79998227e+02 
 1.58489319e+03  4.59853400e+01  1.58489319e+03  1.79998085e+02 
 1.71132830e+03  4.59853403e+01  1.71132830e+03  1.79997932e+02 
 1.84784980e+03  4.59853406e+01  1.84784980e+03  1.79997767e+02 
 1.99526231e+03  4.59853409e+01  1.99526231e+03  1.79997589e+02 
 2.15443469e+03  4.59853414e+01  2.15443469e+03  1.79997397e+02 
 2.32630507e+03  4.59853419e+01  2.32630507e+03  1.79997189e+02 
 2.51188643e+03  4.59853425e+01  2.51188643e+03  1.79996965e+02 
 2.71227258e+03  4.59853431e+01  2.71227258e+03  1.79996723e+02 
 2.92864456e+03  4.59853439e+01  2.92864456e+03  1.79996462e+02 
 3.16227766e+03  4.59853448e+01  3.16227766e+03  1.79996179e+02 
 3.41454887e+03  4.59853459e+01  3.41454887e+03  1.79995874e+02 
 3.68694506e+03  4.59853472e+01  3.68694506e+03  1.79995545e+02 
 3.98107171e+03  4.59853486e+01  3.98107171e+03  1.79995190e+02 
 4.29866235e+03  4.59853503e+01  4.29866235e+03  1.79994806e+02 
 4.64158883e+03  4.59853523e+01  4.64158883e+03  1.79994392e+02 
 5.01187234e+03  4.59853546e+01  5.01187234e+03  1.79993945e+02 
 5.41169527e+03  4.59853573e+01  5.41169527e+03  1.79993462e+02 
 5.84341413e+03  4.59853605e+01  5.84341413e+03  1.79992940e+02 
 6.30957344e+03  4.59853641e+01  6.30957344e+03  1.79992377e+02 
 6.81292069e+03  4.59853684e+01  6.81292069e+03  1.79991768e+02 
 7.35642254e+03  4.59853734e+01  7.35642254e+03  1.79991112e+02 
 7.94328235e+03  4.59853792e+01  7.94328235e+03  1.79990403e+02 
 8.57695899e+03  4.59853860e+01  8.57695899e+03  1.79989637e+02 
 9.26118728e+03  4.59853939e+01  9.26118728e+03  1.79988810e+02 
 1.00000000e+04  4.59854031e+01  1.00000000e+04  1.79987918e+02 
 1.07977516e+04  4.59854138e+01  1.07977516e+04  1.79986954e+02 
 1.16591440e+04  4.59854263e+01  1.16591440e+04  1.79985913e+02 
 1.25892541e+04  4.59854409e+01  1.25892541e+04  1.79984789e+02 
 1.35935639e+04  4.59854579e+01  1.35935639e+04  1.79983576e+02 
 1.46779927e+04  4.59854778e+01  1.46779927e+04  1.79982265e+02 
 1.58489319e+04  4.59855009e+01  1.58489319e+04  1.79980850e+02 
 1.71132830e+04  4.59855279e+01  1.71132830e+04  1.79979323e+02 
 1.84784980e+04  4.59855593e+01  1.84784980e+04  1.79977673e+02 
 1.99526231e+04  4.59855960e+01  1.99526231e+04  1.79975892e+02 
 2.15443469e+04  4.59856387e+01  2.15443469e+04  1.79973968e+02 
 2.32630507e+04  4.59856885e+01  2.32630507e+04  1.79971891e+02 
 2.51188643e+04  4.59857467e+01  2.51188643e+04  1.79969648e+02 
 2.71227258e+04  4.59858144e+01  2.71227258e+04  1.79967226e+02 
 2.92864456e+04  4.59858934e+01  2.92864456e+04  1.79964611e+02 
 3.16227766e+04  4.59859855e+01  3.16227766e+04  1.79961787e+02 
 3.41454887e+04  4.59860928e+01  3.41454887e+04  1.79958738e+02 
 3.68694506e+04  4.59862180e+01  3.68694506e+04  1.79955445e+02 
 3.98107171e+04  4.59863640e+01  3.98107171e+04  1.79951889e+02 
 4.29866235e+04  4.59865341e+01  4.29866235e+04  1.79948049e+02 
 4.64158883e+04  4.59867325e+01  4.64158883e+04  1.79943902e+02 
 5.01187234e+04  4.59869639e+01  5.01187234e+04  1.79939423e+02 
 5.41169527e+04  4.59872336e+01  5.41169527e+04  1.79934587e+02 
 5.84341413e+04  4.59875481e+01  5.84341413e+04  1.79929363e+02 
 6.30957344e+04  4.59879148e+01  6.30957344e+04  1.79923722e+02 
 6.81292069e+04  4.59883423e+01  6.81292069e+04  1.79917629e+02 
 7.35642254e+04  4.59888408e+01  7.35642254e+04  1.79911047e+02 
 7.94328235e+04  4.59894220e+01  7.94328235e+04  1.79903938e+02 
 8.57695899e+04  4.59900998e+01  8.57695899e+04  1.79896259e+02 
 9.26118728e+04  4.59908900e+01  9.26118728e+04  1.79887963e+02 
 1.00000000e+05  4.59918114e+01  1.00000000e+05  1.79878999e+02 
 1.07977516e+05  4.59928858e+01  1.07977516e+05  1.79869314e+02 
 1.16591440e+05  4.59941388e+01  1.16591440e+05  1.79858848e+02 
 1.25892541e+05  4.59955998e+01  1.25892541e+05  1.79847537e+02 
 1.35935639e+05  4.59973034e+01  1.35935639e+05  1.79835310e+02 
 1.46779927e+05  4.59992899e+01  1.46779927e+05  1.79822090e+02 
 1.58489319e+05  4.60016070e+01  1.58489319e+05  1.79807796e+02 
 1.71132830e+05  4.60043089e+01  1.71132830e+05  1.79792334e+02 
 1.84784980e+05  4.60074605e+01  1.84784980e+05  1.79775606e+02 
 1.99526231e+05  4.60111365e+01  1.99526231e+05  1.79757501e+02 
 2.15443469e+05  4.60154239e+01  2.15443469e+05  1.79737898e+02 
 2.32630507e+05  4.60204256e+01  2.32630507e+05  1.79716665e+02 
 2.51188643e+05  4.60262599e+01  2.51188643e+05  1.79693654e+02 
 2.71227258e+05  4.60330688e+01  2.71227258e+05  1.79668700e+02 
 2.92864456e+05  4.60410128e+01  2.92864456e+05  1.79641621e+02 
 3.16227766e+05  4.60502839e+01  3.16227766e+05  1.79612213e+02 
 3.41454887e+05  4.60611054e+01  3.41454887e+05  1.79580244e+02 
 3.68694506e+05  4.60737401e+01  3.68694506e+05  1.79545453e+02 
 3.98107171e+05  4.60884923e+01  3.98107171e+05  1.79507544e+02 
 4.29866235e+05  4.61057246e+01  4.29866235e+05  1.79466177e+02 
 4.64158883e+05  4.61258601e+01  4.64158883e+05  1.79420960e+02 
 5.01187234e+05  4.61493915e+01  5.01187234e+05  1.79371437e+02 
 5.41169527e+05  4.61769049e+01  5.41169527e+05  1.79317077e+02 
 5.84341413e+05  4.62090981e+01  5.84341413e+05  1.79257251e+02 
 6.30957344e+05  4.62467761e+01  6.30957344e+05  1.79191214e+02 
 6.81292069e+05  4.62909099e+01  6.81292069e+05  1.79118072e+02 
 7.35642254e+05  4.63426440e+01  7.35642254e+05  1.79036743e+02 
 7.94328235e+05  4.64033543e+01  7.94328235e+05  1.78945902e+02 
 8.57695899e+05  4.64746618e+01  8.57695899e+05  1.78843922e+02 
 9.26118728e+05  4.65585358e+01  9.26118728e+05  1.78728766e+02 
 1.00000000e+06  4.66573341e+01  1.00000000e+06  1.78597874e+02 
 1.07977516e+06  4.67739401e+01  1.07977516e+06  1.78447974e+02 
 1.16591440e+06  4.69118522e+01  1.16591440e+06  1.78274835e+02 
 1.25892541e+06  4.70754008e+01  1.25892541e+06  1.78072919e+02 
 1.35935639e+06  4.72699579e+01  1.35935639e+06  1.77834842e+02 
 1.46779927e+06  4.75022748e+01  1.46779927e+06  1.77550582e+02 
 1.58489319e+06  4.77810487e+01  1.58489319e+06  1.77206255e+02 
 1.71132830e+06  4.81173886e+01  1.71132830e+06  1.76782143e+02 
 1.84784980e+06  4.85261711e+01  1.84784980e+06  1.76249397e+02 
 1.99526231e+06  4.90273759e+01  1.99526231e+06  1.75564366e+02 
 2.15443469e+06  4.96490206e+01  2.15443469e+06  1.74657833e+02 
 2.32630507e+06  5.04313892e+01  2.32630507e+06  1.73414185e+02 
 2.51188643e+06  5.14355326e+01  2.51188643e+06  1.71625394e+02 
 2.71227258e+06  5.27580117e+01  2.71227258e+06  1.68880597e+02 
 2.92864456e+06  5.45615969e+01  2.92864456e+06  1.64253545e+02 
 3.16227766e+06  5.71181504e+01  3.16227766e+06  1.55238341e+02 
 3.41454887e+06  6.06182422e+01  3.41454887e+06  1.33543421e+02 
 3.68694506e+06  6.20456010e+01  3.68694506e+06  8.37564055e+01 
 3.98107171e+06  5.76476723e+01  3.98107171e+06  4.45367243e+01 
 4.29866235e+06  5.31194666e+01  4.29866235e+06  2.93693019e+01 
 4.64158883e+06  4.95361960e+01  4.64158883e+06  2.26223512e+01 
 5.01187234e+06  4.65894569e+01  5.01187234e+06  1.90588582e+01 
 5.41169527e+06  4.40520884e+01  5.41169527e+06  1.69911001e+01 
 5.84341413e+06  4.17897170e+01  5.84341413e+06  1.57489787e+01 
 6.30957344e+06  3.97213551e+01  6.30957344e+06  1.50191262e+01 
 6.81292069e+06  3.77946325e+01  6.81292069e+06  1.46403572e+01 
 7.35642254e+06  3.59739527e+01  7.35642254e+06  1.45194950e+01 
 7.94328235e+06  3.42330613e+01  7.94328235e+06  1.46052883e+01 
 8.57695899e+06  3.25559882e+01  8.57695899e+06  1.48638173e+01 
 9.26118728e+06  3.09266719e+01  9.26118728e+06  1.52773115e+01 
 1.00000000e+07  2.93340040e+01  1.00000000e+07  1.58356951e+01 
 1.07977516e+07  2.77694451e+01  1.07977516e+07  1.65370803e+01 
 1.16591440e+07  2.62279725e+01  1.16591440e+07  1.73764162e+01 
 1.25892541e+07  2.46976620e+01  1.25892541e+07  1.83729491e+01 
 1.35935639e+07  2.31801918e+01  1.35935639e+07  1.95282076e+01 
 1.46779927e+07  2.16629922e+01  1.46779927e+07  2.08556363e+01 
 1.58489319e+07  2.01494524e+01  1.58489319e+07  2.23820255e+01 
 1.71132830e+07  1.86289128e+01  1.71132830e+07  2.41337768e+01 
 1.84784980e+07  1.70957115e+01  1.84784980e+07  2.61528865e+01 
 1.99526231e+07  1.55522074e+01  1.99526231e+07  2.84692849e+01 
 2.15443469e+07  1.39948439e+01  2.15443469e+07  3.11669300e+01 
 2.32630507e+07  1.24116951e+01  2.32630507e+07  3.43496547e+01 
 2.51188643e+07  1.08074130e+01  2.51188643e+07  3.80070279e+01 
 2.71227258e+07  9.18818405e+00  2.71227258e+07  4.24092131e+01 
 2.92864456e+07  7.54978037e+00  2.92864456e+07  4.76747340e+01 
 3.16227766e+07  5.92698191e+00  3.16227766e+07  5.41024966e+01 
 3.41454887e+07  4.34740711e+00  3.41454887e+07  6.17845389e+01 
 3.68694506e+07  2.88528638e+00  3.68694506e+07  7.11367190e+01 
 3.98107171e+07  1.60297161e+00  3.98107171e+07  8.17212163e+01 
 4.29866235e+07  5.90925430e-01  4.29866235e+07  9.33421037e+01 
 4.64158883e+07 -5.00376434e-02  4.64158883e+07  1.05971270e+02 
 5.01187234e+07 -2.70353515e-01  5.01187234e+07  1.17945189e+02 
 5.41169527e+07 -2.79849145e-01  5.41169527e+07  1.27998832e+02 
 5.84341413e+07 -2.27460989e-02  5.84341413e+07  1.38435012e+02 
 6.30957344e+07  3.33966351e-01  6.30957344e+07  1.46052324e+02 
 6.81292069e+07  7.03548255e-01  6.81292069e+07  1.52804952e+02 
 7.35642254e+07  1.09794556e+00  7.35642254e+07  1.58323522e+02 
 7.94328235e+07  1.48491370e+00  7.94328235e+07  1.63117895e+02 
 8.57695899e+07  1.87478763e+00  8.57695899e+07  1.67656756e+02 
 9.26118728e+07  2.21818371e+00  9.26118728e+07  1.71058662e+02 
 1.00000000e+08  2.57573458e+00  1.00000000e+08  1.74247493e+02 
 1.07977516e+08  2.89728730e+00  1.07977516e+08  1.77462377e+02 
 1.16591440e+08  3.22191871e+00  1.16591440e+08  1.79948323e+02 
 1.25892541e+08  3.54317760e+00  1.25892541e+08  1.82284785e+02 
 1.35935639e+08  3.82707660e+00  1.35935639e+08  1.84432377e+02 
 1.46779927e+08  4.32925517e+00  1.46779927e+08  1.86056613e+02 
 1.58489319e+08  4.55815371e+00  1.58489319e+08  1.87451509e+02 
 1.71132830e+08  4.98354954e+00  1.71132830e+08  1.88614129e+02 
 1.84784980e+08  5.41191322e+00  1.84784980e+08  1.89135569e+02 
 1.99526231e+08  6.11156884e+00  1.99526231e+08  1.89844171e+02 
 2.15443469e+08  5.75815594e+00  2.15443469e+08  1.90450281e+02 
 2.32630507e+08  6.18359959e+00  2.32630507e+08  1.90142778e+02 
 2.51188643e+08  6.40947943e+00  2.51188643e+08  1.89880214e+02 
 2.71227258e+08  6.80925262e+00  2.71227258e+08  1.89354166e+02 
 2.92864456e+08  6.26162185e+00  2.92864456e+08  1.88776236e+02 
 3.16227766e+08  6.35123419e+00  3.16227766e+08  1.88055892e+02 
 3.41454887e+08  7.42304471e+00  3.41454887e+08  1.87122260e+02 
 3.68694506e+08  7.11567810e+00  3.68694506e+08  1.86341247e+02 
 3.98107171e+08  8.04761670e+00  3.98107171e+08  1.85488620e+02 
 4.29866235e+08  6.73880955e+00  4.29866235e+08  1.84836873e+02 
 4.64158883e+08  5.45677132e+00  4.64158883e+08  1.84045666e+02 
 5.01187234e+08  7.05203084e+00  5.01187234e+08  1.83265978e+02 
 5.41169527e+08  1.01476191e+01  5.41169527e+08  1.82742902e+02 
 5.84341413e+08  6.31489079e+00  5.84341413e+08  1.82385193e+02 
 6.30957344e+08  7.46384991e+00  6.30957344e+08  1.81885121e+02 
 6.81292069e+08  9.62811712e+00  6.81292069e+08  1.82076259e+02 
 7.35642254e+08  4.76813575e+00  7.35642254e+08  1.81475923e+02 
 7.94328235e+08  6.91937146e+00  7.94328235e+08  1.81822619e+02 
 8.57695899e+08  2.06958795e+00  8.57695899e+08  1.80407765e+02 
 9.26118728e+08  4.22503855e+00  9.26118728e+08  1.81054592e+02 
 1.00000000e+09  8.89736239e+00  1.00000000e+09  1.81579406e+02 
