 1.00000000e+00  4.67050603e+01  1.00000000e+00  1.79999999e+02 
 1.07977516e+00  4.67050603e+01  1.07977516e+00  1.79999999e+02 
 1.16591440e+00  4.67050603e+01  1.16591440e+00  1.79999998e+02 
 1.25892541e+00  4.67050603e+01  1.25892541e+00  1.79999998e+02 
 1.35935639e+00  4.67050603e+01  1.35935639e+00  1.79999998e+02 
 1.46779927e+00  4.67050603e+01  1.46779927e+00  1.79999998e+02 
 1.58489319e+00  4.67050603e+01  1.58489319e+00  1.79999998e+02 
 1.71132830e+00  4.67050603e+01  1.71132830e+00  1.79999998e+02 
 1.84784980e+00  4.67050603e+01  1.84784980e+00  1.79999998e+02 
 1.99526231e+00  4.67050603e+01  1.99526231e+00  1.79999997e+02 
 2.15443469e+00  4.67050603e+01  2.15443469e+00  1.79999997e+02 
 2.32630507e+00  4.67050603e+01  2.32630507e+00  1.79999997e+02 
 2.51188643e+00  4.67050603e+01  2.51188643e+00  1.79999997e+02 
 2.71227258e+00  4.67050603e+01  2.71227258e+00  1.79999996e+02 
 2.92864456e+00  4.67050603e+01  2.92864456e+00  1.79999996e+02 
 3.16227766e+00  4.67050603e+01  3.16227766e+00  1.79999996e+02 
 3.41454887e+00  4.67050603e+01  3.41454887e+00  1.79999995e+02 
 3.68694506e+00  4.67050603e+01  3.68694506e+00  1.79999995e+02 
 3.98107171e+00  4.67050603e+01  3.98107171e+00  1.79999995e+02 
 4.29866235e+00  4.67050603e+01  4.29866235e+00  1.79999994e+02 
 4.64158883e+00  4.67050603e+01  4.64158883e+00  1.79999994e+02 
 5.01187234e+00  4.67050603e+01  5.01187234e+00  1.79999993e+02 
 5.41169527e+00  4.67050603e+01  5.41169527e+00  1.79999993e+02 
 5.84341413e+00  4.67050603e+01  5.84341413e+00  1.79999992e+02 
 6.30957344e+00  4.67050603e+01  6.30957344e+00  1.79999992e+02 
 6.81292069e+00  4.67050603e+01  6.81292069e+00  1.79999991e+02 
 7.35642254e+00  4.67050603e+01  7.35642254e+00  1.79999990e+02 
 7.94328235e+00  4.67050603e+01  7.94328235e+00  1.79999989e+02 
 8.57695899e+00  4.67050603e+01  8.57695899e+00  1.79999989e+02 
 9.26118728e+00  4.67050603e+01  9.26118728e+00  1.79999988e+02 
 1.00000000e+01  4.67050603e+01  1.00000000e+01  1.79999987e+02 
 1.07977516e+01  4.67050603e+01  1.07977516e+01  1.79999986e+02 
 1.16591440e+01  4.67050603e+01  1.16591440e+01  1.79999985e+02 
 1.25892541e+01  4.67050603e+01  1.25892541e+01  1.79999983e+02 
 1.35935639e+01  4.67050603e+01  1.35935639e+01  1.79999982e+02 
 1.46779927e+01  4.67050603e+01  1.46779927e+01  1.79999981e+02 
 1.58489319e+01  4.67050603e+01  1.58489319e+01  1.79999979e+02 
 1.71132830e+01  4.67050603e+01  1.71132830e+01  1.79999977e+02 
 1.84784980e+01  4.67050603e+01  1.84784980e+01  1.79999976e+02 
 1.99526231e+01  4.67050603e+01  1.99526231e+01  1.79999974e+02 
 2.15443469e+01  4.67050603e+01  2.15443469e+01  1.79999971e+02 
 2.32630507e+01  4.67050603e+01  2.32630507e+01  1.79999969e+02 
 2.51188643e+01  4.67050603e+01  2.51188643e+01  1.79999967e+02 
 2.71227258e+01  4.67050603e+01  2.71227258e+01  1.79999964e+02 
 2.92864456e+01  4.67050603e+01  2.92864456e+01  1.79999961e+02 
 3.16227766e+01  4.67050603e+01  3.16227766e+01  1.79999958e+02 
 3.41454887e+01  4.67050603e+01  3.41454887e+01  1.79999955e+02 
 3.68694506e+01  4.67050603e+01  3.68694506e+01  1.79999951e+02 
 3.98107171e+01  4.67050603e+01  3.98107171e+01  1.79999947e+02 
 4.29866235e+01  4.67050603e+01  4.29866235e+01  1.79999943e+02 
 4.64158883e+01  4.67050603e+01  4.64158883e+01  1.79999939e+02 
 5.01187234e+01  4.67050603e+01  5.01187234e+01  1.79999934e+02 
 5.41169527e+01  4.67050603e+01  5.41169527e+01  1.79999928e+02 
 5.84341413e+01  4.67050603e+01  5.84341413e+01  1.79999923e+02 
 6.30957344e+01  4.67050603e+01  6.30957344e+01  1.79999917e+02 
 6.81292069e+01  4.67050603e+01  6.81292069e+01  1.79999910e+02 
 7.35642254e+01  4.67050603e+01  7.35642254e+01  1.79999903e+02 
 7.94328235e+01  4.67050603e+01  7.94328235e+01  1.79999895e+02 
 8.57695899e+01  4.67050603e+01  8.57695899e+01  1.79999887e+02 
 9.26118728e+01  4.67050603e+01  9.26118728e+01  1.79999877e+02 
 1.00000000e+02  4.67050603e+01  1.00000000e+02  1.79999868e+02 
 1.07977516e+02  4.67050603e+01  1.07977516e+02  1.79999857e+02 
 1.16591440e+02  4.67050603e+01  1.16591440e+02  1.79999846e+02 
 1.25892541e+02  4.67050603e+01  1.25892541e+02  1.79999833e+02 
 1.35935639e+02  4.67050603e+01  1.35935639e+02  1.79999820e+02 
 1.46779927e+02  4.67050603e+01  1.46779927e+02  1.79999806e+02 
 1.58489319e+02  4.67050603e+01  1.58489319e+02  1.79999790e+02 
 1.71132830e+02  4.67050603e+01  1.71132830e+02  1.79999774e+02 
 1.84784980e+02  4.67050603e+01  1.84784980e+02  1.79999755e+02 
 1.99526231e+02  4.67050603e+01  1.99526231e+02  1.79999736e+02 
 2.15443469e+02  4.67050603e+01  2.15443469e+02  1.79999715e+02 
 2.32630507e+02  4.67050603e+01  2.32630507e+02  1.79999692e+02 
 2.51188643e+02  4.67050603e+01  2.51188643e+02  1.79999668e+02 
 2.71227258e+02  4.67050603e+01  2.71227258e+02  1.79999641e+02 
 2.92864456e+02  4.67050603e+01  2.92864456e+02  1.79999612e+02 
 3.16227766e+02  4.67050603e+01  3.16227766e+02  1.79999582e+02 
 3.41454887e+02  4.67050604e+01  3.41454887e+02  1.79999548e+02 
 3.68694506e+02  4.67050604e+01  3.68694506e+02  1.79999512e+02 
 3.98107171e+02  4.67050604e+01  3.98107171e+02  1.79999473e+02 
 4.29866235e+02  4.67050604e+01  4.29866235e+02  1.79999431e+02 
 4.64158883e+02  4.67050604e+01  4.64158883e+02  1.79999386e+02 
 5.01187234e+02  4.67050604e+01  5.01187234e+02  1.79999337e+02 
 5.41169527e+02  4.67050605e+01  5.41169527e+02  1.79999284e+02 
 5.84341413e+02  4.67050605e+01  5.84341413e+02  1.79999227e+02 
 6.30957344e+02  4.67050605e+01  6.30957344e+02  1.79999165e+02 
 6.81292069e+02  4.67050606e+01  6.81292069e+02  1.79999098e+02 
 7.35642254e+02  4.67050606e+01  7.35642254e+02  1.79999027e+02 
 7.94328235e+02  4.67050607e+01  7.94328235e+02  1.79998949e+02 
 8.57695899e+02  4.67050608e+01  8.57695899e+02  1.79998865e+02 
 9.26118728e+02  4.67050608e+01  9.26118728e+02  1.79998774e+02 
 1.00000000e+03  4.67050609e+01  1.00000000e+03  1.79998677e+02 
 1.07977516e+03  4.67050610e+01  1.07977516e+03  1.79998571e+02 
 1.16591440e+03  4.67050612e+01  1.16591440e+03  1.79998457e+02 
 1.25892541e+03  4.67050613e+01  1.25892541e+03  1.79998334e+02 
 1.35935639e+03  4.67050615e+01  1.35935639e+03  1.79998201e+02 
 1.46779927e+03  4.67050617e+01  1.46779927e+03  1.79998058e+02 
 1.58489319e+03  4.67050619e+01  1.58489319e+03  1.79997903e+02 
 1.71132830e+03  4.67050622e+01  1.71132830e+03  1.79997735e+02 
 1.84784980e+03  4.67050625e+01  1.84784980e+03  1.79997555e+02 
 1.99526231e+03  4.67050629e+01  1.99526231e+03  1.79997360e+02 
 2.15443469e+03  4.67050633e+01  2.15443469e+03  1.79997149e+02 
 2.32630507e+03  4.67050638e+01  2.32630507e+03  1.79996922e+02 
 2.51188643e+03  4.67050644e+01  2.51188643e+03  1.79996676e+02 
 2.71227258e+03  4.67050651e+01  2.71227258e+03  1.79996411e+02 
 2.92864456e+03  4.67050659e+01  2.92864456e+03  1.79996125e+02 
 3.16227766e+03  4.67050668e+01  3.16227766e+03  1.79995815e+02 
 3.41454887e+03  4.67050679e+01  3.41454887e+03  1.79995482e+02 
 3.68694506e+03  4.67050691e+01  3.68694506e+03  1.79995121e+02 
 3.98107171e+03  4.67050706e+01  3.98107171e+03  1.79994732e+02 
 4.29866235e+03  4.67050723e+01  4.29866235e+03  1.79994312e+02 
 4.64158883e+03  4.67050743e+01  4.64158883e+03  1.79993858e+02 
 5.01187234e+03  4.67050767e+01  5.01187234e+03  1.79993368e+02 
 5.41169527e+03  4.67050794e+01  5.41169527e+03  1.79992839e+02 
 5.84341413e+03  4.67050826e+01  5.84341413e+03  1.79992268e+02 
 6.30957344e+03  4.67050863e+01  6.30957344e+03  1.79991651e+02 
 6.81292069e+03  4.67050906e+01  6.81292069e+03  1.79990985e+02 
 7.35642254e+03  4.67050956e+01  7.35642254e+03  1.79990265e+02 
 7.94328235e+03  4.67051014e+01  7.94328235e+03  1.79989489e+02 
 8.57695899e+03  4.67051083e+01  8.57695899e+03  1.79988650e+02 
 9.26118728e+03  4.67051162e+01  9.26118728e+03  1.79987745e+02 
 1.00000000e+04  4.67051255e+01  1.00000000e+04  1.79986767e+02 
 1.07977516e+04  4.67051364e+01  1.07977516e+04  1.79985711e+02 
 1.16591440e+04  4.67051490e+01  1.16591440e+04  1.79984572e+02 
 1.25892541e+04  4.67051637e+01  1.25892541e+04  1.79983341e+02 
 1.35935639e+04  4.67051809e+01  1.35935639e+04  1.79982012e+02 
 1.46779927e+04  4.67052009e+01  1.46779927e+04  1.79980577e+02 
 1.58489319e+04  4.67052242e+01  1.58489319e+04  1.79979027e+02 
 1.71132830e+04  4.67052514e+01  1.71132830e+04  1.79977354e+02 
 1.84784980e+04  4.67052831e+01  1.84784980e+04  1.79975547e+02 
 1.99526231e+04  4.67053201e+01  1.99526231e+04  1.79973596e+02 
 2.15443469e+04  4.67053632e+01  2.15443469e+04  1.79971489e+02 
 2.32630507e+04  4.67054134e+01  2.32630507e+04  1.79969215e+02 
 2.51188643e+04  4.67054720e+01  2.51188643e+04  1.79966758e+02 
 2.71227258e+04  4.67055403e+01  2.71227258e+04  1.79964106e+02 
 2.92864456e+04  4.67056200e+01  2.92864456e+04  1.79961242e+02 
 3.16227766e+04  4.67057128e+01  3.16227766e+04  1.79958149e+02 
 3.41454887e+04  4.67058211e+01  3.41454887e+04  1.79954809e+02 
 3.68694506e+04  4.67059473e+01  3.68694506e+04  1.79951203e+02 
 3.98107171e+04  4.67060945e+01  3.98107171e+04  1.79947308e+02 
 4.29866235e+04  4.67062661e+01  4.29866235e+04  1.79943103e+02 
 4.64158883e+04  4.67064662e+01  4.64158883e+04  1.79938561e+02 
 5.01187234e+04  4.67066995e+01  5.01187234e+04  1.79933656e+02 
 5.41169527e+04  4.67069715e+01  5.41169527e+04  1.79928360e+02 
 5.84341413e+04  4.67072886e+01  5.84341413e+04  1.79922639e+02 
 6.30957344e+04  4.67076584e+01  6.30957344e+04  1.79916461e+02 
 6.81292069e+04  4.67080895e+01  6.81292069e+04  1.79909789e+02 
 7.35642254e+04  4.67085922e+01  7.35642254e+04  1.79902582e+02 
 7.94328235e+04  4.67091784e+01  7.94328235e+04  1.79894797e+02 
 8.57695899e+04  4.67098618e+01  8.57695899e+04  1.79886388e+02 
 9.26118728e+04  4.67106588e+01  9.26118728e+04  1.79877303e+02 
 1.00000000e+05  4.67115879e+01  1.00000000e+05  1.79867489e+02 
 1.07977516e+05  4.67126714e+01  1.07977516e+05  1.79856885e+02 
 1.16591440e+05  4.67139349e+01  1.16591440e+05  1.79845426e+02 
 1.25892541e+05  4.67154081e+01  1.25892541e+05  1.79833042e+02 
 1.35935639e+05  4.67171261e+01  1.35935639e+05  1.79819657e+02 
 1.46779927e+05  4.67191295e+01  1.46779927e+05  1.79805187e+02 
 1.58489319e+05  4.67214659e+01  1.58489319e+05  1.79789540e+02 
 1.71132830e+05  4.67241911e+01  1.71132830e+05  1.79772619e+02 
 1.84784980e+05  4.67273691e+01  1.84784980e+05  1.79754313e+02 
 1.99526231e+05  4.67310754e+01  1.99526231e+05  1.79734503e+02 
 2.15443469e+05  4.67353995e+01  2.15443469e+05  1.79713059e+02 
 2.32630507e+05  4.67404436e+01  2.32630507e+05  1.79689835e+02 
 2.51188643e+05  4.67463282e+01  2.51188643e+05  1.79664672e+02 
 2.71227258e+05  4.67531932e+01  2.71227258e+05  1.79637391e+02 
 2.92864456e+05  4.67612041e+01  2.92864456e+05  1.79607796e+02 
 3.16227766e+05  4.67705551e+01  3.16227766e+05  1.79575666e+02 
 3.41454887e+05  4.67814681e+01  3.41454887e+05  1.79540751e+02 
 3.68694506e+05  4.67942096e+01  3.68694506e+05  1.79502773e+02 
 3.98107171e+05  4.68090880e+01  3.98107171e+05  1.79461412e+02 
 4.29866235e+05  4.68264682e+01  4.29866235e+05  1.79416304e+02 
 4.64158883e+05  4.68467726e+01  4.64158883e+05  1.79367032e+02 
 5.01187234e+05  4.68705049e+01  5.01187234e+05  1.79313111e+02 
 5.41169527e+05  4.68982600e+01  5.41169527e+05  1.79253975e+02 
 5.84341413e+05  4.69307238e+01  5.84341413e+05  1.79188961e+02 
 6.30957344e+05  4.69687321e+01  6.30957344e+05  1.79117279e+02 
 6.81292069e+05  4.70132425e+01  6.81292069e+05  1.79037987e+02 
 7.35642254e+05  4.70654353e+01  7.35642254e+05  1.78949947e+02 
 7.94328235e+05  4.71266730e+01  7.94328235e+05  1.78851772e+02 
 8.57695899e+05  4.71985978e+01  8.57695899e+05  1.78741756e+02 
 9.26118728e+05  4.72832127e+01  9.26118728e+05  1.78617771e+02 
 1.00000000e+06  4.73829026e+01  1.00000000e+06  1.78477143e+02 
 1.07977516e+06  4.75005584e+01  1.07977516e+06  1.78316466e+02 
 1.16591440e+06  4.76397381e+01  1.16591440e+06  1.78131344e+02 
 1.25892541e+06  4.78047995e+01  1.25892541e+06  1.77916020e+02 
 1.35935639e+06  4.80012101e+01  1.35935639e+06  1.77662809e+02 
 1.46779927e+06  4.82357747e+01  1.46779927e+06  1.77361324e+02 
 1.58489319e+06  4.85172716e+01  1.58489319e+06  1.76997131e+02 
 1.71132830e+06  4.88570526e+01  1.71132830e+06  1.76549750e+02 
 1.84784980e+06  4.92701171e+01  1.84784980e+06  1.75989232e+02 
 1.99526231e+06  4.97768085e+01  1.99526231e+06  1.75270068e+02 
 2.15443469e+06  5.04055226e+01  2.15443469e+06  1.74320184e+02 
 2.32630507e+06  5.11974639e+01  2.32630507e+06  1.73018508e+02 
 2.51188643e+06  5.22146042e+01  2.51188643e+06  1.71146984e+02 
 2.71227258e+06  5.35557148e+01  2.71227258e+06  1.68272347e+02 
 2.92864456e+06  5.53860815e+01  2.92864456e+06  1.63411975e+02 
 3.16227766e+06  5.79775074e+01  3.16227766e+06  1.53889505e+02 
 3.41454887e+06  6.14550813e+01  3.41454887e+06  1.30919104e+02 
 3.68694506e+06  6.25039061e+01  3.68694506e+06  8.06446273e+01 
 3.98107171e+06  5.80415883e+01  3.98107171e+06  4.34131305e+01 
 4.29866235e+06  5.35999335e+01  4.29866235e+06  2.88654513e+01 
 4.64158883e+06  5.00709910e+01  4.64158883e+06  2.22698285e+01 
 5.01187234e+06  4.71571025e+01  5.01187234e+06  1.87375353e+01 
 5.41169527e+06  4.46406352e+01  5.41169527e+06  1.66622348e+01 
 5.84341413e+06  4.23932442e+01  5.84341413e+06  1.53950645e+01 
 6.30957344e+06  4.03355487e+01  6.30957344e+06  1.46334675e+01 
 6.81292069e+06  3.84168318e+01  6.81292069e+06  1.42152548e+01 
 7.35642254e+06  3.66028458e+01  7.35642254e+06  1.40517900e+01 
 7.94328235e+06  3.48688218e+01  7.94328235e+06  1.40899628e+01 
 8.57695899e+06  3.31952940e+01  8.57695899e+06  1.42949664e+01 
 9.26118728e+06  3.15704881e+01  9.26118728e+06  1.46516550e+01 
 1.00000000e+07  2.99820494e+01  1.00000000e+07  1.51464637e+01 
 1.07977516e+07  2.84231096e+01  1.07977516e+07  1.57794981e+01 
 1.16591440e+07  2.68836951e+01  1.16591440e+07  1.65437562e+01 
 1.25892541e+07  2.53589368e+01  1.25892541e+07  1.74514586e+01 
 1.35935639e+07  2.38435667e+01  1.35935639e+07  1.85069081e+01 
 1.46779927e+07  2.23320259e+01  1.46779927e+07  1.97328399e+01 
 1.58489319e+07  2.08210213e+01  1.58489319e+07  2.11276838e+01 
 1.71132830e+07  1.93064936e+01  1.71132830e+07  2.27443540e+01 
 1.84784980e+07  1.77810123e+01  1.84784980e+07  2.45915433e+01 
 1.99526231e+07  1.62456838e+01  1.99526231e+07  2.67111598e+01 
 2.15443469e+07  1.46873425e+01  2.15443469e+07  2.91867373e+01 
 2.32630507e+07  1.31118184e+01  2.32630507e+07  3.20677402e+01 
 2.51188643e+07  1.15070178e+01  2.51188643e+07  3.54585933e+01 
 2.71227258e+07  9.87843501e+00  2.71227258e+07  3.94297002e+01 
 2.92864456e+07  8.23277255e+00  2.92864456e+07  4.43239798e+01 
 3.16227766e+07  6.57496757e+00  3.16227766e+07  5.00882580e+01 
 3.41454887e+07  4.92112263e+00  3.41454887e+07  5.70711121e+01 
 3.68694506e+07  3.37113480e+00  3.68694506e+07  6.57957369e+01 
 3.98107171e+07  1.94511112e+00  3.98107171e+07  7.60203684e+01 
 4.29866235e+07  7.76148424e-01  4.29866235e+07  8.75229992e+01 
 4.64158883e+07 -3.64966854e-02  4.64158883e+07  1.00483304e+02 
 5.01187234e+07 -4.43039806e-01  5.01187234e+07  1.12681317e+02 
 5.41169527e+07 -5.40497849e-01  5.41169527e+07  1.24897048e+02 
 5.84341413e+07 -2.79696141e-01  5.84341413e+07  1.34972867e+02 
 6.30957344e+07  1.14658199e-01  6.30957344e+07  1.43205308e+02 
 6.81292069e+07  4.46431848e-01  6.81292069e+07  1.50749943e+02 
 7.35642254e+07  8.12568294e-01  7.35642254e+07  1.56902967e+02 
 7.94328235e+07  1.21192330e+00  7.94328235e+07  1.62144633e+02 
 8.57695899e+07  1.69100340e+00  8.57695899e+07  1.66404861e+02 
 9.26118728e+07  2.05780387e+00  9.26118728e+07  1.70431641e+02 
 1.00000000e+08  2.41429234e+00  1.00000000e+08  1.73673082e+02 
 1.07977516e+08  2.74279691e+00  1.07977516e+08  1.76983271e+02 
 1.16591440e+08  3.18989021e+00  1.16591440e+08  1.79395988e+02 
 1.25892541e+08  3.53486054e+00  1.25892541e+08  1.81915883e+02 
 1.35935639e+08  3.98556646e+00  1.35935639e+08  1.83927753e+02 
 1.46779927e+08  4.20883261e+00  1.46779927e+08  1.85961651e+02 
 1.58489319e+08  4.63286076e+00  1.58489319e+08  1.87376325e+02 
 1.71132830e+08  4.88125580e+00  1.71132830e+08  1.88639873e+02 
 1.84784980e+08  5.32138706e+00  1.84784980e+08  1.89491287e+02 
 1.99526231e+08  5.72897030e+00  1.99526231e+08  1.90219652e+02 
 2.15443469e+08  6.02863878e+00  2.15443469e+08  1.90445866e+02 
 2.32630507e+08  6.13468979e+00  2.32630507e+08  1.90694213e+02 
 2.51188643e+08  6.83421862e+00  2.51188643e+08  1.90052253e+02 
 2.71227258e+08  6.79318387e+00  2.71227258e+08  1.89897915e+02 
 2.92864456e+08  6.85794535e+00  2.92864456e+08  1.89294738e+02 
 3.16227766e+08  7.79872542e+00  3.16227766e+08  1.88320364e+02 
 3.41454887e+08  6.63566151e+00  3.41454887e+08  1.87500382e+02 
 3.68694506e+08  6.25049952e+00  3.68694506e+08  1.87110493e+02 
 3.98107171e+08  8.07778218e+00  3.98107171e+08  1.85935919e+02 
 4.29866235e+08  8.14548849e+00  4.29866235e+08  1.85119280e+02 
 4.64158883e+08  8.42485175e+00  4.64158883e+08  1.84250442e+02 
 5.01187234e+08  5.53158748e+00  5.01187234e+08  1.83675543e+02 
 5.41169527e+08  5.78934836e+00  5.41169527e+08  1.82972918e+02 
 5.84341413e+08  8.88100526e+00  5.84341413e+08  1.82598551e+02 
 6.30957344e+08  1.10355375e+01  6.30957344e+08  1.82428524e+02 
 6.81292069e+08  3.68519505e+00  6.81292069e+08  1.81748261e+02 
 7.35642254e+08  8.34839604e+00  7.35642254e+08  1.81223992e+02 
 7.94328235e+08  3.48751196e+00  7.94328235e+08  1.81186207e+02 
 8.57695899e+08  1.16534770e+01  8.57695899e+08  1.80706940e+02 
 9.26118728e+08  4.29745525e+00  9.26118728e+08  1.80861639e+02 
 1.00000000e+09  8.96587449e+00  1.00000000e+09  1.80769269e+02 
