 1.00000000e+00  4.57851726e+01  1.00000000e+00  1.79999998e+02 
 1.07977516e+00  4.57851726e+01  1.07977516e+00  1.79999997e+02 
 1.16591440e+00  4.57851726e+01  1.16591440e+00  1.79999997e+02 
 1.25892541e+00  4.57851726e+01  1.25892541e+00  1.79999997e+02 
 1.35935639e+00  4.57851726e+01  1.35935639e+00  1.79999997e+02 
 1.46779927e+00  4.57851726e+01  1.46779927e+00  1.79999997e+02 
 1.58489319e+00  4.57851726e+01  1.58489319e+00  1.79999996e+02 
 1.71132830e+00  4.57851726e+01  1.71132830e+00  1.79999996e+02 
 1.84784980e+00  4.57851726e+01  1.84784980e+00  1.79999996e+02 
 1.99526231e+00  4.57851726e+01  1.99526231e+00  1.79999995e+02 
 2.15443469e+00  4.57851726e+01  2.15443469e+00  1.79999995e+02 
 2.32630507e+00  4.57851726e+01  2.32630507e+00  1.79999995e+02 
 2.51188643e+00  4.57851726e+01  2.51188643e+00  1.79999994e+02 
 2.71227258e+00  4.57851726e+01  2.71227258e+00  1.79999994e+02 
 2.92864456e+00  4.57851726e+01  2.92864456e+00  1.79999993e+02 
 3.16227766e+00  4.57851726e+01  3.16227766e+00  1.79999993e+02 
 3.41454887e+00  4.57851726e+01  3.41454887e+00  1.79999992e+02 
 3.68694506e+00  4.57851726e+01  3.68694506e+00  1.79999991e+02 
 3.98107171e+00  4.57851726e+01  3.98107171e+00  1.79999991e+02 
 4.29866235e+00  4.57851726e+01  4.29866235e+00  1.79999990e+02 
 4.64158883e+00  4.57851726e+01  4.64158883e+00  1.79999989e+02 
 5.01187234e+00  4.57851726e+01  5.01187234e+00  1.79999988e+02 
 5.41169527e+00  4.57851726e+01  5.41169527e+00  1.79999987e+02 
 5.84341413e+00  4.57851726e+01  5.84341413e+00  1.79999986e+02 
 6.30957344e+00  4.57851726e+01  6.30957344e+00  1.79999985e+02 
 6.81292069e+00  4.57851726e+01  6.81292069e+00  1.79999984e+02 
 7.35642254e+00  4.57851726e+01  7.35642254e+00  1.79999983e+02 
 7.94328235e+00  4.57851726e+01  7.94328235e+00  1.79999981e+02 
 8.57695899e+00  4.57851726e+01  8.57695899e+00  1.79999980e+02 
 9.26118728e+00  4.57851726e+01  9.26118728e+00  1.79999978e+02 
 1.00000000e+01  4.57851726e+01  1.00000000e+01  1.79999976e+02 
 1.07977516e+01  4.57851726e+01  1.07977516e+01  1.79999975e+02 
 1.16591440e+01  4.57851726e+01  1.16591440e+01  1.79999973e+02 
 1.25892541e+01  4.57851726e+01  1.25892541e+01  1.79999970e+02 
 1.35935639e+01  4.57851726e+01  1.35935639e+01  1.79999968e+02 
 1.46779927e+01  4.57851726e+01  1.46779927e+01  1.79999965e+02 
 1.58489319e+01  4.57851726e+01  1.58489319e+01  1.79999963e+02 
 1.71132830e+01  4.57851726e+01  1.71132830e+01  1.79999960e+02 
 1.84784980e+01  4.57851726e+01  1.84784980e+01  1.79999956e+02 
 1.99526231e+01  4.57851726e+01  1.99526231e+01  1.79999953e+02 
 2.15443469e+01  4.57851726e+01  2.15443469e+01  1.79999949e+02 
 2.32630507e+01  4.57851726e+01  2.32630507e+01  1.79999945e+02 
 2.51188643e+01  4.57851726e+01  2.51188643e+01  1.79999941e+02 
 2.71227258e+01  4.57851726e+01  2.71227258e+01  1.79999936e+02 
 2.92864456e+01  4.57851726e+01  2.92864456e+01  1.79999931e+02 
 3.16227766e+01  4.57851726e+01  3.16227766e+01  1.79999926e+02 
 3.41454887e+01  4.57851726e+01  3.41454887e+01  1.79999920e+02 
 3.68694506e+01  4.57851726e+01  3.68694506e+01  1.79999913e+02 
 3.98107171e+01  4.57851726e+01  3.98107171e+01  1.79999906e+02 
 4.29866235e+01  4.57851726e+01  4.29866235e+01  1.79999899e+02 
 4.64158883e+01  4.57851726e+01  4.64158883e+01  1.79999891e+02 
 5.01187234e+01  4.57851726e+01  5.01187234e+01  1.79999882e+02 
 5.41169527e+01  4.57851726e+01  5.41169527e+01  1.79999873e+02 
 5.84341413e+01  4.57851726e+01  5.84341413e+01  1.79999862e+02 
 6.30957344e+01  4.57851726e+01  6.30957344e+01  1.79999851e+02 
 6.81292069e+01  4.57851726e+01  6.81292069e+01  1.79999840e+02 
 7.35642254e+01  4.57851726e+01  7.35642254e+01  1.79999827e+02 
 7.94328235e+01  4.57851726e+01  7.94328235e+01  1.79999813e+02 
 8.57695899e+01  4.57851726e+01  8.57695899e+01  1.79999798e+02 
 9.26118728e+01  4.57851727e+01  9.26118728e+01  1.79999782e+02 
 1.00000000e+02  4.57851727e+01  1.00000000e+02  1.79999764e+02 
 1.07977516e+02  4.57851727e+01  1.07977516e+02  1.79999746e+02 
 1.16591440e+02  4.57851727e+01  1.16591440e+02  1.79999725e+02 
 1.25892541e+02  4.57851727e+01  1.25892541e+02  1.79999704e+02 
 1.35935639e+02  4.57851727e+01  1.35935639e+02  1.79999680e+02 
 1.46779927e+02  4.57851727e+01  1.46779927e+02  1.79999654e+02 
 1.58489319e+02  4.57851727e+01  1.58489319e+02  1.79999627e+02 
 1.71132830e+02  4.57851727e+01  1.71132830e+02  1.79999597e+02 
 1.84784980e+02  4.57851727e+01  1.84784980e+02  1.79999565e+02 
 1.99526231e+02  4.57851727e+01  1.99526231e+02  1.79999530e+02 
 2.15443469e+02  4.57851727e+01  2.15443469e+02  1.79999493e+02 
 2.32630507e+02  4.57851727e+01  2.32630507e+02  1.79999452e+02 
 2.51188643e+02  4.57851727e+01  2.51188643e+02  1.79999408e+02 
 2.71227258e+02  4.57851727e+01  2.71227258e+02  1.79999361e+02 
 2.92864456e+02  4.57851727e+01  2.92864456e+02  1.79999310e+02 
 3.16227766e+02  4.57851727e+01  3.16227766e+02  1.79999255e+02 
 3.41454887e+02  4.57851727e+01  3.41454887e+02  1.79999196e+02 
 3.68694506e+02  4.57851727e+01  3.68694506e+02  1.79999132e+02 
 3.98107171e+02  4.57851727e+01  3.98107171e+02  1.79999062e+02 
 4.29866235e+02  4.57851728e+01  4.29866235e+02  1.79998988e+02 
 4.64158883e+02  4.57851728e+01  4.64158883e+02  1.79998907e+02 
 5.01187234e+02  4.57851728e+01  5.01187234e+02  1.79998820e+02 
 5.41169527e+02  4.57851728e+01  5.41169527e+02  1.79998726e+02 
 5.84341413e+02  4.57851728e+01  5.84341413e+02  1.79998624e+02 
 6.30957344e+02  4.57851729e+01  6.30957344e+02  1.79998514e+02 
 6.81292069e+02  4.57851729e+01  6.81292069e+02  1.79998396e+02 
 7.35642254e+02  4.57851730e+01  7.35642254e+02  1.79998268e+02 
 7.94328235e+02  4.57851730e+01  7.94328235e+02  1.79998129e+02 
 8.57695899e+02  4.57851731e+01  8.57695899e+02  1.79997980e+02 
 9.26118728e+02  4.57851732e+01  9.26118728e+02  1.79997819e+02 
 1.00000000e+03  4.57851732e+01  1.00000000e+03  1.79997645e+02 
 1.07977516e+03  4.57851733e+01  1.07977516e+03  1.79997457e+02 
 1.16591440e+03  4.57851734e+01  1.16591440e+03  1.79997254e+02 
 1.25892541e+03  4.57851736e+01  1.25892541e+03  1.79997035e+02 
 1.35935639e+03  4.57851737e+01  1.35935639e+03  1.79996799e+02 
 1.46779927e+03  4.57851739e+01  1.46779927e+03  1.79996543e+02 
 1.58489319e+03  4.57851741e+01  1.58489319e+03  1.79996268e+02 
 1.71132830e+03  4.57851744e+01  1.71132830e+03  1.79995970e+02 
 1.84784980e+03  4.57851747e+01  1.84784980e+03  1.79995648e+02 
 1.99526231e+03  4.57851750e+01  1.99526231e+03  1.79995301e+02 
 2.15443469e+03  4.57851754e+01  2.15443469e+03  1.79994926e+02 
 2.32630507e+03  4.57851758e+01  2.32630507e+03  1.79994522e+02 
 2.51188643e+03  4.57851764e+01  2.51188643e+03  1.79994084e+02 
 2.71227258e+03  4.57851770e+01  2.71227258e+03  1.79993613e+02 
 2.92864456e+03  4.57851777e+01  2.92864456e+03  1.79993103e+02 
 3.16227766e+03  4.57851786e+01  3.16227766e+03  1.79992553e+02 
 3.41454887e+03  4.57851795e+01  3.41454887e+03  1.79991959e+02 
 3.68694506e+03  4.57851807e+01  3.68694506e+03  1.79991317e+02 
 3.98107171e+03  4.57851820e+01  3.98107171e+03  1.79990625e+02 
 4.29866235e+03  4.57851836e+01  4.29866235e+03  1.79989877e+02 
 4.64158883e+03  4.57851854e+01  4.64158883e+03  1.79989069e+02 
 5.01187234e+03  4.57851875e+01  5.01187234e+03  1.79988197e+02 
 5.41169527e+03  4.57851900e+01  5.41169527e+03  1.79987255e+02 
 5.84341413e+03  4.57851928e+01  5.84341413e+03  1.79986239e+02 
 6.30957344e+03  4.57851962e+01  6.30957344e+03  1.79985141e+02 
 6.81292069e+03  4.57852001e+01  6.81292069e+03  1.79983955e+02 
 7.35642254e+03  4.57852046e+01  7.35642254e+03  1.79982675e+02 
 7.94328235e+03  4.57852100e+01  7.94328235e+03  1.79981293e+02 
 8.57695899e+03  4.57852161e+01  8.57695899e+03  1.79979801e+02 
 9.26118728e+03  4.57852234e+01  9.26118728e+03  1.79978190e+02 
 1.00000000e+04  4.57852318e+01  1.00000000e+04  1.79976450e+02 
 1.07977516e+04  4.57852416e+01  1.07977516e+04  1.79974571e+02 
 1.16591440e+04  4.57852530e+01  1.16591440e+04  1.79972542e+02 
 1.25892541e+04  4.57852664e+01  1.25892541e+04  1.79970352e+02 
 1.35935639e+04  4.57852819e+01  1.35935639e+04  1.79967986e+02 
 1.46779927e+04  4.57853000e+01  1.46779927e+04  1.79965432e+02 
 1.58489319e+04  4.57853212e+01  1.58489319e+04  1.79962675e+02 
 1.71132830e+04  4.57853458e+01  1.71132830e+04  1.79959697e+02 
 1.84784980e+04  4.57853746e+01  1.84784980e+04  1.79956481e+02 
 1.99526231e+04  4.57854081e+01  1.99526231e+04  1.79953009e+02 
 2.15443469e+04  4.57854471e+01  2.15443469e+04  1.79949260e+02 
 2.32630507e+04  4.57854927e+01  2.32630507e+04  1.79945212e+02 
 2.51188643e+04  4.57855457e+01  2.51188643e+04  1.79940841e+02 
 2.71227258e+04  4.57856077e+01  2.71227258e+04  1.79936121e+02 
 2.92864456e+04  4.57856798e+01  2.92864456e+04  1.79931024e+02 
 3.16227766e+04  4.57857640e+01  3.16227766e+04  1.79925520e+02 
 3.41454887e+04  4.57858621e+01  3.41454887e+04  1.79919577e+02 
 3.68694506e+04  4.57859765e+01  3.68694506e+04  1.79913160e+02 
 3.98107171e+04  4.57861099e+01  3.98107171e+04  1.79906230e+02 
 4.29866235e+04  4.57862654e+01  4.29866235e+04  1.79898747e+02 
 4.64158883e+04  4.57864466e+01  4.64158883e+04  1.79890666e+02 
 5.01187234e+04  4.57866580e+01  5.01187234e+04  1.79881940e+02 
 5.41169527e+04  4.57869045e+01  5.41169527e+04  1.79872516e+02 
 5.84341413e+04  4.57871919e+01  5.84341413e+04  1.79862339e+02 
 6.30957344e+04  4.57875270e+01  6.30957344e+04  1.79851349e+02 
 6.81292069e+04  4.57879176e+01  6.81292069e+04  1.79839479e+02 
 7.35642254e+04  4.57883732e+01  7.35642254e+04  1.79826660e+02 
 7.94328235e+04  4.57889042e+01  7.94328235e+04  1.79812814e+02 
 8.57695899e+04  4.57895236e+01  8.57695899e+04  1.79797860e+02 
 9.26118728e+04  4.57902457e+01  9.26118728e+04  1.79781707e+02 
 1.00000000e+05  4.57910876e+01  1.00000000e+05  1.79764258e+02 
 1.07977516e+05  4.57920694e+01  1.07977516e+05  1.79745409e+02 
 1.16591440e+05  4.57932142e+01  1.16591440e+05  1.79725045e+02 
 1.25892541e+05  4.57945490e+01  1.25892541e+05  1.79703042e+02 
 1.35935639e+05  4.57961056e+01  1.35935639e+05  1.79679266e+02 
 1.46779927e+05  4.57979210e+01  1.46779927e+05  1.79653571e+02 
 1.58489319e+05  4.58000376e+01  1.58489319e+05  1.79625798e+02 
 1.71132830e+05  4.58025061e+01  1.71132830e+05  1.79595773e+02 
 1.84784980e+05  4.58053852e+01  1.84784980e+05  1.79563309e+02 
 1.99526231e+05  4.58087432e+01  1.99526231e+05  1.79528199e+02 
 2.15443469e+05  4.58126598e+01  2.15443469e+05  1.79490217e+02 
 2.32630507e+05  4.58172290e+01  2.32630507e+05  1.79449116e+02 
 2.51188643e+05  4.58225582e+01  2.51188643e+05  1.79404622e+02 
 2.71227258e+05  4.58287751e+01  2.71227258e+05  1.79356437e+02 
 2.92864456e+05  4.58360305e+01  2.92864456e+05  1.79304228e+02 
 3.16227766e+05  4.58444954e+01  3.16227766e+05  1.79247628e+02 
 3.41454887e+05  4.58543756e+01  3.41454887e+05  1.79186225e+02 
 3.68694506e+05  4.58659104e+01  3.68694506e+05  1.79119562e+02 
 3.98107171e+05  4.58793743e+01  3.98107171e+05  1.79047123e+02 
 4.29866235e+05  4.58950974e+01  4.29866235e+05  1.78968326e+02 
 4.64158883e+05  4.59134624e+01  4.64158883e+05  1.78882509e+02 
 5.01187234e+05  4.59349260e+01  5.01187234e+05  1.78788916e+02 
 5.41169527e+05  4.59600088e+01  5.41169527e+05  1.78686675e+02 
 5.84341413e+05  4.59893449e+01  5.84341413e+05  1.78574776e+02 
 6.30957344e+05  4.60236686e+01  6.30957344e+05  1.78452040e+02 
 6.81292069e+05  4.60638483e+01  6.81292069e+05  1.78317074e+02 
 7.35642254e+05  4.61109187e+01  7.35642254e+05  1.78168224e+02 
 7.94328235e+05  4.61661059e+01  7.94328235e+05  1.78003504e+02 
 8.57695899e+05  4.62308698e+01  8.57695899e+05  1.77820505e+02 
 9.26118728e+05  4.63069530e+01  9.26118728e+05  1.77616281e+02 
 1.00000000e+06  4.63964742e+01  1.00000000e+06  1.77387171e+02 
 1.07977516e+06  4.65019713e+01  1.07977516e+06  1.77128588e+02 
 1.16591440e+06  4.66265043e+01  1.16591440e+06  1.76834709e+02 
 1.25892541e+06  4.67738361e+01  1.25892541e+06  1.76498024e+02 
 1.35935639e+06  4.69486426e+01  1.35935639e+06  1.76108703e+02 
 1.46779927e+06  4.71567037e+01  1.46779927e+06  1.75653648e+02 
 1.58489319e+06  4.74052681e+01  1.58489319e+06  1.75115094e+02 
 1.71132830e+06  4.77036069e+01  1.71132830e+06  1.74468310e+02 
 1.84784980e+06  4.80637981e+01  1.84784980e+06  1.73678062e+02 
 1.99526231e+06  4.85016561e+01  1.99526231e+06  1.72692467e+02 
 2.15443469e+06  4.90384385e+01  2.15443469e+06  1.71432399e+02 
 2.32630507e+06  4.97035487e+01  2.32630507e+06  1.69771300e+02 
 2.51188643e+06  5.05382840e+01  2.51188643e+06  1.67495496e+02 
 2.71227258e+06  5.16020422e+01  2.71227258e+06  1.64217677e+02 
 2.92864456e+06  5.29787543e+01  2.92864456e+06  1.59173392e+02 
 3.16227766e+06  5.47682698e+01  3.16227766e+06  1.50696979e+02 
 3.41454887e+06  5.69475686e+01  3.41454887e+06  1.34939138e+02 
 3.68694506e+06  5.85560226e+01  3.68694506e+06  1.05567807e+02 
 3.98107171e+06  5.71974304e+01  3.98107171e+06  6.94686987e+01 
 4.29866235e+06  5.37696994e+01  4.29866235e+06  4.61694030e+01 
 4.64158883e+06  5.03698063e+01  4.64158883e+06  3.41045269e+01 
 5.01187234e+06  4.74081586e+01  5.01187234e+06  2.74599199e+01 
 5.41169527e+06  4.48199453e+01  5.41169527e+06  2.34723129e+01 
 5.84341413e+06  4.25061206e+01  5.84341413e+06  2.09364572e+01 
 6.30957344e+06  4.03938433e+01  6.30957344e+06  1.92766090e+01 
 6.81292069e+06  3.84300957e+01  6.81292069e+06  1.81934987e+01 
 7.35642254e+06  3.65793383e+01  7.35642254e+06  1.75179056e+01 
 7.94328235e+06  3.48143280e+01  7.94328235e+06  1.71504848e+01 
 8.57695899e+06  3.31165948e+01  8.57695899e+06  1.70264310e+01 
 9.26118728e+06  3.14708417e+01  9.26118728e+06  1.71107776e+01 
 1.00000000e+07  2.98639152e+01  1.00000000e+07  1.73815473e+01 
 1.07977516e+07  2.82887341e+01  1.07977516e+07  1.78209135e+01 
 1.16591440e+07  2.67363821e+01  1.16591440e+07  1.84201261e+01 
 1.25892541e+07  2.52005175e+01  1.25892541e+07  1.91849941e+01 
 1.35935639e+07  2.36732200e+01  1.35935639e+07  2.01280825e+01 
 1.46779927e+07  2.21509471e+01  1.46779927e+07  2.12471712e+01 
 1.58489319e+07  2.06296245e+01  1.58489319e+07  2.25580690e+01 
 1.71132830e+07  1.91024253e+01  1.71132830e+07  2.41147433e+01 
 1.84784980e+07  1.75671783e+01  1.84784980e+07  2.59178397e+01 
 1.99526231e+07  1.60154079e+01  1.99526231e+07  2.79925257e+01 
 2.15443469e+07  1.44447453e+01  2.15443469e+07  3.04465682e+01 
 2.32630507e+07  1.28549362e+01  2.32630507e+07  3.33361299e+01 
 2.51188643e+07  1.12330823e+01  2.51188643e+07  3.67662269e+01 
 2.71227258e+07  9.59298113e+00  2.71227258e+07  4.08911043e+01 
 2.92864456e+07  7.92683264e+00  2.92864456e+07  4.58374278e+01 
 3.16227766e+07  6.25636908e+00  3.16227766e+07  5.18618548e+01 
 3.41454887e+07  4.60726624e+00  3.41454887e+07  5.93254948e+01 
 3.68694506e+07  3.04719402e+00  3.68694506e+07  6.82389446e+01 
 3.98107171e+07  1.66051327e+00  3.98107171e+07  7.91649474e+01 
 4.29866235e+07  5.84082811e-01  4.29866235e+07  9.11275234e+01 
 4.64158883e+07 -8.85203570e-02  4.64158883e+07  1.03787319e+02 
 5.01187234e+07 -4.15723973e-01  5.01187234e+07  1.16604920e+02 
 5.41169527e+07 -3.50282600e-01  5.41169527e+07  1.28396254e+02 
 5.84341413e+07 -1.80885220e-01  5.84341413e+07  1.37638711e+02 
 6.30957344e+07  2.34497185e-01  6.30957344e+07  1.46176906e+02 
 6.81292069e+07  5.92919321e-01  6.81292069e+07  1.52889425e+02 
 7.35642254e+07  1.11877506e+00  7.35642254e+07  1.58315143e+02 
 7.94328235e+07  1.53299782e+00  7.94328235e+07  1.63409011e+02 
 8.57695899e+07  1.87017151e+00  8.57695899e+07  1.67844391e+02 
 9.26118728e+07  2.26509210e+00  9.26118728e+07  1.71271830e+02 
 1.00000000e+08  2.52063353e+00  1.00000000e+08  1.74805929e+02 
 1.07977516e+08  2.95495913e+00  1.07977516e+08  1.77019091e+02 
 1.16591440e+08  3.34555300e+00  1.16591440e+08  1.79980622e+02 
 1.25892541e+08  3.72517439e+00  1.25892541e+08  1.82337113e+02 
 1.35935639e+08  4.06174183e+00  1.35935639e+08  1.84177633e+02 
 1.46779927e+08  4.47605063e+00  1.46779927e+08  1.85942856e+02 
 1.58489319e+08  4.56165962e+00  1.58489319e+08  1.87455342e+02 
 1.71132830e+08  5.01926959e+00  1.71132830e+08  1.88499675e+02 
 1.84784980e+08  5.49193089e+00  1.84784980e+08  1.89311594e+02 
 1.99526231e+08  5.62982290e+00  1.99526231e+08  1.90009400e+02 
 2.15443469e+08  5.91906026e+00  2.15443469e+08  1.90325256e+02 
 2.32630507e+08  6.40807437e+00  2.32630507e+08  1.90199255e+02 
 2.51188643e+08  6.70104982e+00  2.51188643e+08  1.89892474e+02 
 2.71227258e+08  6.64912037e+00  2.71227258e+08  1.89547256e+02 
 2.92864456e+08  6.69410963e+00  2.92864456e+08  1.89074255e+02 
 3.16227766e+08  6.86318708e+00  3.16227766e+08  1.87997034e+02 
 3.41454887e+08  8.16375647e+00  3.41454887e+08  1.87083695e+02 
 3.68694506e+08  7.96459086e+00  3.68694506e+08  1.86384203e+02 
 3.98107171e+08  6.71732540e+00  3.98107171e+08  1.85425161e+02 
 4.29866235e+08  6.59512846e+00  4.29866235e+08  1.84815060e+02 
 4.64158883e+08  8.19221017e+00  4.64158883e+08  1.84266618e+02 
 5.01187234e+08  6.88201458e+00  5.01187234e+08  1.83528586e+02 
 5.41169527e+08  7.48624553e+00  5.41169527e+08  1.83043124e+02 
 5.84341413e+08  8.66597838e+00  5.84341413e+08  1.82645063e+02 
 6.30957344e+08  1.08027332e+01  6.30957344e+08  1.82248932e+02 
 6.81292069e+08  5.94750623e+00  6.81292069e+08  1.81776233e+02 
 7.35642254e+08  1.41321634e+01  7.35642254e+08  1.81309370e+02 
 7.94328235e+08  6.77147839e+00  7.94328235e+08  1.81171333e+02 
 8.57695899e+08  1.14326305e+01  8.57695899e+08  1.80646529e+02 
 9.26118728e+08  4.06714403e+00  9.26118728e+08  1.81022727e+02 
 1.00000000e+09  2.71545898e+00  1.00000000e+09  1.80858147e+02 
