 1.00000000e+00  4.63034140e+01  1.00000000e+00  1.79999998e+02 
 1.07977516e+00  4.63034140e+01  1.07977516e+00  1.79999998e+02 
 1.16591440e+00  4.63034140e+01  1.16591440e+00  1.79999998e+02 
 1.25892541e+00  4.63034140e+01  1.25892541e+00  1.79999998e+02 
 1.35935639e+00  4.63034140e+01  1.35935639e+00  1.79999997e+02 
 1.46779927e+00  4.63034140e+01  1.46779927e+00  1.79999997e+02 
 1.58489319e+00  4.63034140e+01  1.58489319e+00  1.79999997e+02 
 1.71132830e+00  4.63034140e+01  1.71132830e+00  1.79999997e+02 
 1.84784980e+00  4.63034140e+01  1.84784980e+00  1.79999997e+02 
 1.99526231e+00  4.63034140e+01  1.99526231e+00  1.79999996e+02 
 2.15443469e+00  4.63034140e+01  2.15443469e+00  1.79999996e+02 
 2.32630507e+00  4.63034140e+01  2.32630507e+00  1.79999996e+02 
 2.51188643e+00  4.63034140e+01  2.51188643e+00  1.79999995e+02 
 2.71227258e+00  4.63034140e+01  2.71227258e+00  1.79999995e+02 
 2.92864456e+00  4.63034140e+01  2.92864456e+00  1.79999995e+02 
 3.16227766e+00  4.63034140e+01  3.16227766e+00  1.79999994e+02 
 3.41454887e+00  4.63034140e+01  3.41454887e+00  1.79999994e+02 
 3.68694506e+00  4.63034140e+01  3.68694506e+00  1.79999993e+02 
 3.98107171e+00  4.63034140e+01  3.98107171e+00  1.79999993e+02 
 4.29866235e+00  4.63034140e+01  4.29866235e+00  1.79999992e+02 
 4.64158883e+00  4.63034140e+01  4.64158883e+00  1.79999991e+02 
 5.01187234e+00  4.63034140e+01  5.01187234e+00  1.79999991e+02 
 5.41169527e+00  4.63034140e+01  5.41169527e+00  1.79999990e+02 
 5.84341413e+00  4.63034140e+01  5.84341413e+00  1.79999989e+02 
 6.30957344e+00  4.63034140e+01  6.30957344e+00  1.79999988e+02 
 6.81292069e+00  4.63034140e+01  6.81292069e+00  1.79999987e+02 
 7.35642254e+00  4.63034140e+01  7.35642254e+00  1.79999986e+02 
 7.94328235e+00  4.63034140e+01  7.94328235e+00  1.79999985e+02 
 8.57695899e+00  4.63034140e+01  8.57695899e+00  1.79999984e+02 
 9.26118728e+00  4.63034140e+01  9.26118728e+00  1.79999983e+02 
 1.00000000e+01  4.63034140e+01  1.00000000e+01  1.79999982e+02 
 1.07977516e+01  4.63034140e+01  1.07977516e+01  1.79999980e+02 
 1.16591440e+01  4.63034140e+01  1.16591440e+01  1.79999978e+02 
 1.25892541e+01  4.63034140e+01  1.25892541e+01  1.79999977e+02 
 1.35935639e+01  4.63034140e+01  1.35935639e+01  1.79999975e+02 
 1.46779927e+01  4.63034140e+01  1.46779927e+01  1.79999973e+02 
 1.58489319e+01  4.63034140e+01  1.58489319e+01  1.79999971e+02 
 1.71132830e+01  4.63034140e+01  1.71132830e+01  1.79999968e+02 
 1.84784980e+01  4.63034140e+01  1.84784980e+01  1.79999966e+02 
 1.99526231e+01  4.63034140e+01  1.99526231e+01  1.79999963e+02 
 2.15443469e+01  4.63034140e+01  2.15443469e+01  1.79999960e+02 
 2.32630507e+01  4.63034140e+01  2.32630507e+01  1.79999957e+02 
 2.51188643e+01  4.63034140e+01  2.51188643e+01  1.79999954e+02 
 2.71227258e+01  4.63034140e+01  2.71227258e+01  1.79999950e+02 
 2.92864456e+01  4.63034140e+01  2.92864456e+01  1.79999946e+02 
 3.16227766e+01  4.63034140e+01  3.16227766e+01  1.79999942e+02 
 3.41454887e+01  4.63034140e+01  3.41454887e+01  1.79999937e+02 
 3.68694506e+01  4.63034140e+01  3.68694506e+01  1.79999932e+02 
 3.98107171e+01  4.63034140e+01  3.98107171e+01  1.79999927e+02 
 4.29866235e+01  4.63034140e+01  4.29866235e+01  1.79999921e+02 
 4.64158883e+01  4.63034140e+01  4.64158883e+01  1.79999914e+02 
 5.01187234e+01  4.63034140e+01  5.01187234e+01  1.79999908e+02 
 5.41169527e+01  4.63034140e+01  5.41169527e+01  1.79999900e+02 
 5.84341413e+01  4.63034140e+01  5.84341413e+01  1.79999892e+02 
 6.30957344e+01  4.63034140e+01  6.30957344e+01  1.79999884e+02 
 6.81292069e+01  4.63034140e+01  6.81292069e+01  1.79999874e+02 
 7.35642254e+01  4.63034140e+01  7.35642254e+01  1.79999864e+02 
 7.94328235e+01  4.63034140e+01  7.94328235e+01  1.79999854e+02 
 8.57695899e+01  4.63034140e+01  8.57695899e+01  1.79999842e+02 
 9.26118728e+01  4.63034140e+01  9.26118728e+01  1.79999829e+02 
 1.00000000e+02  4.63034140e+01  1.00000000e+02  1.79999816e+02 
 1.07977516e+02  4.63034140e+01  1.07977516e+02  1.79999801e+02 
 1.16591440e+02  4.63034141e+01  1.16591440e+02  1.79999785e+02 
 1.25892541e+02  4.63034141e+01  1.25892541e+02  1.79999768e+02 
 1.35935639e+02  4.63034141e+01  1.35935639e+02  1.79999749e+02 
 1.46779927e+02  4.63034141e+01  1.46779927e+02  1.79999729e+02 
 1.58489319e+02  4.63034141e+01  1.58489319e+02  1.79999708e+02 
 1.71132830e+02  4.63034141e+01  1.71132830e+02  1.79999684e+02 
 1.84784980e+02  4.63034141e+01  1.84784980e+02  1.79999659e+02 
 1.99526231e+02  4.63034141e+01  1.99526231e+02  1.79999632e+02 
 2.15443469e+02  4.63034141e+01  2.15443469e+02  1.79999603e+02 
 2.32630507e+02  4.63034141e+01  2.32630507e+02  1.79999571e+02 
 2.51188643e+02  4.63034141e+01  2.51188643e+02  1.79999537e+02 
 2.71227258e+02  4.63034141e+01  2.71227258e+02  1.79999500e+02 
 2.92864456e+02  4.63034141e+01  2.92864456e+02  1.79999460e+02 
 3.16227766e+02  4.63034141e+01  3.16227766e+02  1.79999417e+02 
 3.41454887e+02  4.63034141e+01  3.41454887e+02  1.79999370e+02 
 3.68694506e+02  4.63034141e+01  3.68694506e+02  1.79999320e+02 
 3.98107171e+02  4.63034141e+01  3.98107171e+02  1.79999266e+02 
 4.29866235e+02  4.63034142e+01  4.29866235e+02  1.79999207e+02 
 4.64158883e+02  4.63034142e+01  4.64158883e+02  1.79999144e+02 
 5.01187234e+02  4.63034142e+01  5.01187234e+02  1.79999076e+02 
 5.41169527e+02  4.63034142e+01  5.41169527e+02  1.79999002e+02 
 5.84341413e+02  4.63034143e+01  5.84341413e+02  1.79998922e+02 
 6.30957344e+02  4.63034143e+01  6.30957344e+02  1.79998836e+02 
 6.81292069e+02  4.63034144e+01  6.81292069e+02  1.79998743e+02 
 7.35642254e+02  4.63034144e+01  7.35642254e+02  1.79998643e+02 
 7.94328235e+02  4.63034145e+01  7.94328235e+02  1.79998535e+02 
 8.57695899e+02  4.63034145e+01  8.57695899e+02  1.79998418e+02 
 9.26118728e+02  4.63034146e+01  9.26118728e+02  1.79998292e+02 
 1.00000000e+03  4.63034147e+01  1.00000000e+03  1.79998156e+02 
 1.07977516e+03  4.63034148e+01  1.07977516e+03  1.79998009e+02 
 1.16591440e+03  4.63034150e+01  1.16591440e+03  1.79997850e+02 
 1.25892541e+03  4.63034151e+01  1.25892541e+03  1.79997678e+02 
 1.35935639e+03  4.63034153e+01  1.35935639e+03  1.79997493e+02 
 1.46779927e+03  4.63034155e+01  1.46779927e+03  1.79997293e+02 
 1.58489319e+03  4.63034158e+01  1.58489319e+03  1.79997077e+02 
 1.71132830e+03  4.63034160e+01  1.71132830e+03  1.79996844e+02 
 1.84784980e+03  4.63034164e+01  1.84784980e+03  1.79996592e+02 
 1.99526231e+03  4.63034168e+01  1.99526231e+03  1.79996320e+02 
 2.15443469e+03  4.63034172e+01  2.15443469e+03  1.79996027e+02 
 2.32630507e+03  4.63034177e+01  2.32630507e+03  1.79995710e+02 
 2.51188643e+03  4.63034183e+01  2.51188643e+03  1.79995367e+02 
 2.71227258e+03  4.63034191e+01  2.71227258e+03  1.79994998e+02 
 2.92864456e+03  4.63034199e+01  2.92864456e+03  1.79994599e+02 
 3.16227766e+03  4.63034209e+01  3.16227766e+03  1.79994168e+02 
 3.41454887e+03  4.63034220e+01  3.41454887e+03  1.79993702e+02 
 3.68694506e+03  4.63034233e+01  3.68694506e+03  1.79993200e+02 
 3.98107171e+03  4.63034249e+01  3.98107171e+03  1.79992658e+02 
 4.29866235e+03  4.63034267e+01  4.29866235e+03  1.79992072e+02 
 4.64158883e+03  4.63034287e+01  4.64158883e+03  1.79991439e+02 
 5.01187234e+03  4.63034312e+01  5.01187234e+03  1.79990756e+02 
 5.41169527e+03  4.63034340e+01  5.41169527e+03  1.79990019e+02 
 5.84341413e+03  4.63034374e+01  5.84341413e+03  1.79989223e+02 
 6.30957344e+03  4.63034412e+01  6.30957344e+03  1.79988363e+02 
 6.81292069e+03  4.63034457e+01  6.81292069e+03  1.79987435e+02 
 7.35642254e+03  4.63034510e+01  7.35642254e+03  1.79986432e+02 
 7.94328235e+03  4.63034571e+01  7.94328235e+03  1.79985350e+02 
 8.57695899e+03  4.63034643e+01  8.57695899e+03  1.79984181e+02 
 9.26118728e+03  4.63034726e+01  9.26118728e+03  1.79982919e+02 
 1.00000000e+04  4.63034823e+01  1.00000000e+04  1.79981557e+02 
 1.07977516e+04  4.63034936e+01  1.07977516e+04  1.79980085e+02 
 1.16591440e+04  4.63035068e+01  1.16591440e+04  1.79978496e+02 
 1.25892541e+04  4.63035222e+01  1.25892541e+04  1.79976781e+02 
 1.35935639e+04  4.63035402e+01  1.35935639e+04  1.79974929e+02 
 1.46779927e+04  4.63035611e+01  1.46779927e+04  1.79972928e+02 
 1.58489319e+04  4.63035855e+01  1.58489319e+04  1.79970769e+02 
 1.71132830e+04  4.63036140e+01  1.71132830e+04  1.79968436e+02 
 1.84784980e+04  4.63036472e+01  1.84784980e+04  1.79965918e+02 
 1.99526231e+04  4.63036858e+01  1.99526231e+04  1.79963199e+02 
 2.15443469e+04  4.63037309e+01  2.15443469e+04  1.79960263e+02 
 2.32630507e+04  4.63037835e+01  2.32630507e+04  1.79957092e+02 
 2.51188643e+04  4.63038448e+01  2.51188643e+04  1.79953669e+02 
 2.71227258e+04  4.63039163e+01  2.71227258e+04  1.79949972e+02 
 2.92864456e+04  4.63039996e+01  2.92864456e+04  1.79945980e+02 
 3.16227766e+04  4.63040968e+01  3.16227766e+04  1.79941670e+02 
 3.41454887e+04  4.63042101e+01  3.41454887e+04  1.79937015e+02 
 3.68694506e+04  4.63043421e+01  3.68694506e+04  1.79931989e+02 
 3.98107171e+04  4.63044961e+01  3.98107171e+04  1.79926561e+02 
 4.29866235e+04  4.63046757e+01  4.29866235e+04  1.79920700e+02 
 4.64158883e+04  4.63048850e+01  4.64158883e+04  1.79914370e+02 
 5.01187234e+04  4.63051291e+01  5.01187234e+04  1.79907535e+02 
 5.41169527e+04  4.63054137e+01  5.41169527e+04  1.79900153e+02 
 5.84341413e+04  4.63057455e+01  5.84341413e+04  1.79892180e+02 
 6.30957344e+04  4.63061324e+01  6.30957344e+04  1.79883570e+02 
 6.81292069e+04  4.63065835e+01  6.81292069e+04  1.79874271e+02 
 7.35642254e+04  4.63071094e+01  7.35642254e+04  1.79864228e+02 
 7.94328235e+04  4.63077228e+01  7.94328235e+04  1.79853379e+02 
 8.57695899e+04  4.63084378e+01  8.57695899e+04  1.79841660e+02 
 9.26118728e+04  4.63092716e+01  9.26118728e+04  1.79829001e+02 
 1.00000000e+05  4.63102439e+01  1.00000000e+05  1.79815325e+02 
 1.07977516e+05  4.63113775e+01  1.07977516e+05  1.79800550e+02 
 1.16591440e+05  4.63126995e+01  1.16591440e+05  1.79784584e+02 
 1.25892541e+05  4.63142407e+01  1.25892541e+05  1.79767330e+02 
 1.35935639e+05  4.63160387e+01  1.35935639e+05  1.79748682e+02 
 1.46779927e+05  4.63181349e+01  1.46779927e+05  1.79728523e+02 
 1.58489319e+05  4.63205798e+01  1.58489319e+05  1.79706728e+02 
 1.71132830e+05  4.63234309e+01  1.71132830e+05  1.79683159e+02 
 1.84784980e+05  4.63267564e+01  1.84784980e+05  1.79657664e+02 
 1.99526231e+05  4.63306351e+01  1.99526231e+05  1.79630079e+02 
 2.15443469e+05  4.63351592e+01  2.15443469e+05  1.79600222e+02 
 2.32630507e+05  4.63404376e+01  2.32630507e+05  1.79567892e+02 
 2.51188643e+05  4.63465954e+01  2.51188643e+05  1.79532869e+02 
 2.71227258e+05  4.63537794e+01  2.71227258e+05  1.79494908e+02 
 2.92864456e+05  4.63621623e+01  2.92864456e+05  1.79453737e+02 
 3.16227766e+05  4.63719482e+01  3.16227766e+05  1.79409052e+02 
 3.41454887e+05  4.63833692e+01  3.41454887e+05  1.79360513e+02 
 3.68694506e+05  4.63967055e+01  3.68694506e+05  1.79307735e+02 
 3.98107171e+05  4.64122777e+01  3.98107171e+05  1.79250283e+02 
 4.29866235e+05  4.64304688e+01  4.29866235e+05  1.79187660e+02 
 4.64158883e+05  4.64517225e+01  4.64158883e+05  1.79119297e+02 
 5.01187234e+05  4.64765687e+01  5.01187234e+05  1.79044535e+02 
 5.41169527e+05  4.65056291e+01  5.41169527e+05  1.78962606e+02 
 5.84341413e+05  4.65396251e+01  5.84341413e+05  1.78872613e+02 
 6.30957344e+05  4.65794223e+01  6.30957344e+05  1.78773489e+02 
 6.81292069e+05  4.66260508e+01  6.81292069e+05  1.78663964e+02 
 7.35642254e+05  4.66807235e+01  7.35642254e+05  1.78542505e+02 
 7.94328235e+05  4.67448923e+01  7.94328235e+05  1.78407245e+02 
 8.57695899e+05  4.68202840e+01  8.57695899e+05  1.78255894e+02 
 9.26118728e+05  4.69089930e+01  9.26118728e+05  1.78085597e+02 
 1.00000000e+06  4.70135447e+01  1.00000000e+06  1.77892764e+02 
 1.07977516e+06  4.71369894e+01  1.07977516e+06  1.77672824e+02 
 1.16591440e+06  4.72830744e+01  1.16591440e+06  1.77419860e+02 
 1.25892541e+06  4.74564532e+01  1.25892541e+06  1.77126115e+02 
 1.35935639e+06  4.76628562e+01  1.35935639e+06  1.76781249e+02 
 1.46779927e+06  4.79095782e+01  1.46779927e+06  1.76371152e+02 
 1.58489319e+06  4.82059289e+01  1.58489319e+06  1.75876236e+02 
 1.71132830e+06  4.85640467e+01  1.71132830e+06  1.75268473e+02 
 1.84784980e+06  4.89999386e+01  1.84784980e+06  1.74506582e+02 
 1.99526231e+06  4.95353790e+01  1.99526231e+06  1.73527390e+02 
 2.15443469e+06  5.02007900e+01  2.15443469e+06  1.72229623e+02 
 2.32630507e+06  5.10400828e+01  2.32630507e+06  1.70441196e+02 
 2.51188643e+06  5.21188184e+01  2.51188643e+06  1.67847068e+02 
 2.71227258e+06  5.35379298e+01  2.71227258e+06  1.63811458e+02 
 2.92864456e+06  5.54507585e+01  2.92864456e+06  1.56877838e+02 
 3.16227766e+06  5.80109548e+01  3.16227766e+06  1.43202171e+02 
 3.41454887e+06  6.05705918e+01  3.41454887e+06  1.13282237e+02 
 3.68694506e+06  5.95278011e+01  3.68694506e+06  6.93451376e+01 
 3.98107171e+06  5.54711953e+01  3.98107171e+06  4.26655869e+01 
 4.29866235e+06  5.16633075e+01  4.29866235e+06  3.05420942e+01 
 4.64158883e+06  4.84906937e+01  4.64158883e+06  2.43600494e+01 
 5.01187234e+06  4.57844490e+01  5.01187234e+06  2.08194220e+01 
 5.41169527e+06  4.33988873e+01  5.41169527e+06  1.86477381e+01 
 5.84341413e+06  4.12398575e+01  5.84341413e+06  1.72786778e+01 
 6.30957344e+06  3.92443900e+01  6.30957344e+06  1.64286590e+01 
 6.81292069e+06  3.73719290e+01  6.81292069e+06  1.59427284e+01 
 7.35642254e+06  3.55917650e+01  7.35642254e+06  1.57315902e+01 
 7.94328235e+06  3.38830522e+01  7.94328235e+06  1.57390385e+01 
 8.57695899e+06  3.22298365e+01  8.57695899e+06  1.59329449e+01 
 9.26118728e+06  3.06195846e+01  9.26118728e+06  1.62929085e+01 
 1.00000000e+07  2.90432750e+01  1.00000000e+07  1.68079550e+01 
 1.07977516e+07  2.74929588e+01  1.07977516e+07  1.74717050e+01 
 1.16591440e+07  2.59580697e+01  1.16591440e+07  1.82901794e+01 
 1.25892541e+07  2.44382030e+01  1.25892541e+07  1.92673744e+01 
 1.35935639e+07  2.29263053e+01  1.35935639e+07  2.04129798e+01 
 1.46779927e+07  2.14136694e+01  1.46779927e+07  2.17425112e+01 
 1.58489319e+07  1.99014164e+01  1.58489319e+07  2.32895620e+01 
 1.71132830e+07  1.83828034e+01  1.71132830e+07  2.50573882e+01 
 1.84784980e+07  1.68499811e+01  1.84784980e+07  2.71028842e+01 
 1.99526231e+07  1.53111730e+01  1.99526231e+07  2.94640301e+01 
 2.15443469e+07  1.37437429e+01  2.15443469e+07  3.22429164e+01 
 2.32630507e+07  1.21663600e+01  2.32630507e+07  3.54586363e+01 
 2.51188643e+07  1.05621687e+01  2.51188643e+07  3.93314820e+01 
 2.71227258e+07  8.93820541e+00  2.71227258e+07  4.38839702e+01 
 2.92864456e+07  7.30697081e+00  2.92864456e+07  4.93160580e+01 
 3.16227766e+07  5.70439447e+00  3.16227766e+07  5.59833093e+01 
 3.41454887e+07  4.14845924e+00  3.41454887e+07  6.39131052e+01 
 3.68694506e+07  2.68996782e+00  3.68694506e+07  7.34228939e+01 
 3.98107171e+07  1.49615635e+00  3.98107171e+07  8.44397064e+01 
 4.29866235e+07  5.82503585e-01  4.29866235e+07  9.64486766e+01 
 4.64158883e+07  7.30405798e-02  4.64158883e+07  1.08986696e+02 
 5.01187234e+07 -1.92518328e-01  5.01187234e+07  1.20359512e+02 
 5.41169527e+07 -4.29605753e-02  5.41169527e+07  1.30441144e+02 
 5.84341413e+07  2.04459589e-01  5.84341413e+07  1.40034592e+02 
 6.30957344e+07  4.64849437e-01  6.30957344e+07  1.47752455e+02 
 6.81292069e+07  8.78890064e-01  6.81292069e+07  1.54215075e+02 
 7.35642254e+07  1.32402532e+00  7.35642254e+07  1.59334131e+02 
 7.94328235e+07  1.62968921e+00  7.94328235e+07  1.64116650e+02 
 8.57695899e+07  1.91987090e+00  8.57695899e+07  1.67822650e+02 
 9.26118728e+07  2.31631659e+00  9.26118728e+07  1.71677399e+02 
 1.00000000e+08  2.69530281e+00  1.00000000e+08  1.74958357e+02 
 1.07977516e+08  3.12150794e+00  1.07977516e+08  1.77507687e+02 
 1.16591440e+08  3.29527579e+00  1.16591440e+08  1.80095794e+02 
 1.25892541e+08  3.78139274e+00  1.25892541e+08  1.82147117e+02 
 1.35935639e+08  3.96515881e+00  1.35935639e+08  1.84245369e+02 
 1.46779927e+08  4.51143747e+00  1.46779927e+08  1.85827183e+02 
 1.58489319e+08  4.59502781e+00  1.58489319e+08  1.87395093e+02 
 1.71132830e+08  5.04643055e+00  1.71132830e+08  1.88313883e+02 
 1.84784980e+08  5.25598239e+00  1.84784980e+08  1.89405098e+02 
 1.99526231e+08  5.34912960e+00  1.99526231e+08  1.89886230e+02 
 2.15443469e+08  5.91652100e+00  2.15443469e+08  1.90037482e+02 
 2.32630507e+08  6.00814376e+00  2.32630507e+08  1.90068504e+02 
 2.51188643e+08  6.68953448e+00  2.51188643e+08  1.89574878e+02 
 2.71227258e+08  6.62544146e+00  2.71227258e+08  1.89172150e+02 
 2.92864456e+08  7.29032523e+00  2.92864456e+08  1.88400335e+02 
 3.16227766e+08  7.57494271e+00  3.16227766e+08  1.87760037e+02 
 3.41454887e+08  8.12164398e+00  3.41454887e+08  1.86888653e+02 
 3.68694506e+08  7.92508170e+00  3.68694506e+08  1.86112105e+02 
 3.98107171e+08  6.66590603e+00  3.98107171e+08  1.85328997e+02 
 4.29866235e+08  6.52766054e+00  4.29866235e+08  1.84465718e+02 
 4.64158883e+08  6.57354385e+00  4.64158883e+08  1.83901982e+02 
 5.01187234e+08  6.81860520e+00  5.01187234e+08  1.83588555e+02 
 5.41169527e+08  5.50279407e+00  5.41169527e+08  1.82746557e+02 
 5.84341413e+08  8.58075066e+00  5.84341413e+08  1.82323710e+02 
 6.30957344e+08  1.07425017e+01  6.30957344e+08  1.81797276e+02 
 6.81292069e+08  5.88902479e+00  6.81292069e+08  1.81373225e+02 
 7.35642254e+08  1.40650536e+01  7.35642254e+08  1.81214702e+02 
 7.94328235e+08  3.19448717e+00  7.94328235e+08  1.81017601e+02 
 8.57695899e+08  1.13610520e+01  8.57695899e+08  1.81172775e+02 
 9.26118728e+08  4.00155564e+00  9.26118728e+08  1.80512563e+02 
 1.00000000e+09  2.64729295e+00  1.00000000e+09  1.80305676e+02 
