 1.00000000e+00  4.67570288e+01  1.00000000e+00  1.79999998e+02 
 1.07977516e+00  4.67570288e+01  1.07977516e+00  1.79999997e+02 
 1.16591440e+00  4.67570288e+01  1.16591440e+00  1.79999997e+02 
 1.25892541e+00  4.67570288e+01  1.25892541e+00  1.79999997e+02 
 1.35935639e+00  4.67570288e+01  1.35935639e+00  1.79999997e+02 
 1.46779927e+00  4.67570288e+01  1.46779927e+00  1.79999996e+02 
 1.58489319e+00  4.67570288e+01  1.58489319e+00  1.79999996e+02 
 1.71132830e+00  4.67570288e+01  1.71132830e+00  1.79999996e+02 
 1.84784980e+00  4.67570288e+01  1.84784980e+00  1.79999995e+02 
 1.99526231e+00  4.67570288e+01  1.99526231e+00  1.79999995e+02 
 2.15443469e+00  4.67570288e+01  2.15443469e+00  1.79999995e+02 
 2.32630507e+00  4.67570288e+01  2.32630507e+00  1.79999994e+02 
 2.51188643e+00  4.67570288e+01  2.51188643e+00  1.79999994e+02 
 2.71227258e+00  4.67570288e+01  2.71227258e+00  1.79999993e+02 
 2.92864456e+00  4.67570288e+01  2.92864456e+00  1.79999993e+02 
 3.16227766e+00  4.67570288e+01  3.16227766e+00  1.79999992e+02 
 3.41454887e+00  4.67570288e+01  3.41454887e+00  1.79999992e+02 
 3.68694506e+00  4.67570288e+01  3.68694506e+00  1.79999991e+02 
 3.98107171e+00  4.67570288e+01  3.98107171e+00  1.79999990e+02 
 4.29866235e+00  4.67570288e+01  4.29866235e+00  1.79999989e+02 
 4.64158883e+00  4.67570288e+01  4.64158883e+00  1.79999989e+02 
 5.01187234e+00  4.67570288e+01  5.01187234e+00  1.79999988e+02 
 5.41169527e+00  4.67570288e+01  5.41169527e+00  1.79999987e+02 
 5.84341413e+00  4.67570288e+01  5.84341413e+00  1.79999986e+02 
 6.30957344e+00  4.67570288e+01  6.30957344e+00  1.79999984e+02 
 6.81292069e+00  4.67570288e+01  6.81292069e+00  1.79999983e+02 
 7.35642254e+00  4.67570288e+01  7.35642254e+00  1.79999982e+02 
 7.94328235e+00  4.67570288e+01  7.94328235e+00  1.79999980e+02 
 8.57695899e+00  4.67570288e+01  8.57695899e+00  1.79999979e+02 
 9.26118728e+00  4.67570288e+01  9.26118728e+00  1.79999977e+02 
 1.00000000e+01  4.67570288e+01  1.00000000e+01  1.79999975e+02 
 1.07977516e+01  4.67570288e+01  1.07977516e+01  1.79999973e+02 
 1.16591440e+01  4.67570288e+01  1.16591440e+01  1.79999971e+02 
 1.25892541e+01  4.67570288e+01  1.25892541e+01  1.79999969e+02 
 1.35935639e+01  4.67570288e+01  1.35935639e+01  1.79999966e+02 
 1.46779927e+01  4.67570288e+01  1.46779927e+01  1.79999964e+02 
 1.58489319e+01  4.67570288e+01  1.58489319e+01  1.79999961e+02 
 1.71132830e+01  4.67570288e+01  1.71132830e+01  1.79999958e+02 
 1.84784980e+01  4.67570288e+01  1.84784980e+01  1.79999954e+02 
 1.99526231e+01  4.67570288e+01  1.99526231e+01  1.79999951e+02 
 2.15443469e+01  4.67570288e+01  2.15443469e+01  1.79999947e+02 
 2.32630507e+01  4.67570288e+01  2.32630507e+01  1.79999943e+02 
 2.51188643e+01  4.67570288e+01  2.51188643e+01  1.79999938e+02 
 2.71227258e+01  4.67570288e+01  2.71227258e+01  1.79999933e+02 
 2.92864456e+01  4.67570288e+01  2.92864456e+01  1.79999928e+02 
 3.16227766e+01  4.67570288e+01  3.16227766e+01  1.79999922e+02 
 3.41454887e+01  4.67570288e+01  3.41454887e+01  1.79999916e+02 
 3.68694506e+01  4.67570288e+01  3.68694506e+01  1.79999909e+02 
 3.98107171e+01  4.67570288e+01  3.98107171e+01  1.79999902e+02 
 4.29866235e+01  4.67570288e+01  4.29866235e+01  1.79999894e+02 
 4.64158883e+01  4.67570288e+01  4.64158883e+01  1.79999886e+02 
 5.01187234e+01  4.67570288e+01  5.01187234e+01  1.79999876e+02 
 5.41169527e+01  4.67570288e+01  5.41169527e+01  1.79999867e+02 
 5.84341413e+01  4.67570288e+01  5.84341413e+01  1.79999856e+02 
 6.30957344e+01  4.67570288e+01  6.30957344e+01  1.79999844e+02 
 6.81292069e+01  4.67570288e+01  6.81292069e+01  1.79999832e+02 
 7.35642254e+01  4.67570288e+01  7.35642254e+01  1.79999819e+02 
 7.94328235e+01  4.67570288e+01  7.94328235e+01  1.79999804e+02 
 8.57695899e+01  4.67570288e+01  8.57695899e+01  1.79999789e+02 
 9.26118728e+01  4.67570288e+01  9.26118728e+01  1.79999772e+02 
 1.00000000e+02  4.67570288e+01  1.00000000e+02  1.79999753e+02 
 1.07977516e+02  4.67570288e+01  1.07977516e+02  1.79999734e+02 
 1.16591440e+02  4.67570288e+01  1.16591440e+02  1.79999713e+02 
 1.25892541e+02  4.67570288e+01  1.25892541e+02  1.79999690e+02 
 1.35935639e+02  4.67570288e+01  1.35935639e+02  1.79999665e+02 
 1.46779927e+02  4.67570288e+01  1.46779927e+02  1.79999638e+02 
 1.58489319e+02  4.67570288e+01  1.58489319e+02  1.79999609e+02 
 1.71132830e+02  4.67570288e+01  1.71132830e+02  1.79999578e+02 
 1.84784980e+02  4.67570288e+01  1.84784980e+02  1.79999544e+02 
 1.99526231e+02  4.67570288e+01  1.99526231e+02  1.79999508e+02 
 2.15443469e+02  4.67570289e+01  2.15443469e+02  1.79999469e+02 
 2.32630507e+02  4.67570289e+01  2.32630507e+02  1.79999426e+02 
 2.51188643e+02  4.67570289e+01  2.51188643e+02  1.79999381e+02 
 2.71227258e+02  4.67570289e+01  2.71227258e+02  1.79999331e+02 
 2.92864456e+02  4.67570289e+01  2.92864456e+02  1.79999278e+02 
 3.16227766e+02  4.67570289e+01  3.16227766e+02  1.79999220e+02 
 3.41454887e+02  4.67570289e+01  3.41454887e+02  1.79999158e+02 
 3.68694506e+02  4.67570289e+01  3.68694506e+02  1.79999091e+02 
 3.98107171e+02  4.67570289e+01  3.98107171e+02  1.79999018e+02 
 4.29866235e+02  4.67570289e+01  4.29866235e+02  1.79998940e+02 
 4.64158883e+02  4.67570290e+01  4.64158883e+02  1.79998855e+02 
 5.01187234e+02  4.67570290e+01  5.01187234e+02  1.79998764e+02 
 5.41169527e+02  4.67570290e+01  5.41169527e+02  1.79998666e+02 
 5.84341413e+02  4.67570290e+01  5.84341413e+02  1.79998559e+02 
 6.30957344e+02  4.67570291e+01  6.30957344e+02  1.79998444e+02 
 6.81292069e+02  4.67570291e+01  6.81292069e+02  1.79998320e+02 
 7.35642254e+02  4.67570292e+01  7.35642254e+02  1.79998186e+02 
 7.94328235e+02  4.67570292e+01  7.94328235e+02  1.79998041e+02 
 8.57695899e+02  4.67570293e+01  8.57695899e+02  1.79997885e+02 
 9.26118728e+02  4.67570293e+01  9.26118728e+02  1.79997716e+02 
 1.00000000e+03  4.67570294e+01  1.00000000e+03  1.79997534e+02 
 1.07977516e+03  4.67570295e+01  1.07977516e+03  1.79997337e+02 
 1.16591440e+03  4.67570297e+01  1.16591440e+03  1.79997125e+02 
 1.25892541e+03  4.67570298e+01  1.25892541e+03  1.79996896e+02 
 1.35935639e+03  4.67570300e+01  1.35935639e+03  1.79996648e+02 
 1.46779927e+03  4.67570301e+01  1.46779927e+03  1.79996381e+02 
 1.58489319e+03  4.67570304e+01  1.58489319e+03  1.79996092e+02 
 1.71132830e+03  4.67570306e+01  1.71132830e+03  1.79995780e+02 
 1.84784980e+03  4.67570309e+01  1.84784980e+03  1.79995443e+02 
 1.99526231e+03  4.67570313e+01  1.99526231e+03  1.79995080e+02 
 2.15443469e+03  4.67570317e+01  2.15443469e+03  1.79994687e+02 
 2.32630507e+03  4.67570321e+01  2.32630507e+03  1.79994264e+02 
 2.51188643e+03  4.67570327e+01  2.51188643e+03  1.79993806e+02 
 2.71227258e+03  4.67570333e+01  2.71227258e+03  1.79993312e+02 
 2.92864456e+03  4.67570341e+01  2.92864456e+03  1.79992778e+02 
 3.16227766e+03  4.67570349e+01  3.16227766e+03  1.79992202e+02 
 3.41454887e+03  4.67570359e+01  3.41454887e+03  1.79991580e+02 
 3.68694506e+03  4.67570371e+01  3.68694506e+03  1.79990908e+02 
 3.98107171e+03  4.67570385e+01  3.98107171e+03  1.79990183e+02 
 4.29866235e+03  4.67570401e+01  4.29866235e+03  1.79989400e+02 
 4.64158883e+03  4.67570420e+01  4.64158883e+03  1.79988554e+02 
 5.01187234e+03  4.67570442e+01  5.01187234e+03  1.79987641e+02 
 5.41169527e+03  4.67570467e+01  5.41169527e+03  1.79986655e+02 
 5.84341413e+03  4.67570497e+01  5.84341413e+03  1.79985591e+02 
 6.30957344e+03  4.67570532e+01  6.30957344e+03  1.79984441e+02 
 6.81292069e+03  4.67570572e+01  6.81292069e+03  1.79983200e+02 
 7.35642254e+03  4.67570619e+01  7.35642254e+03  1.79981860e+02 
 7.94328235e+03  4.67570674e+01  7.94328235e+03  1.79980413e+02 
 8.57695899e+03  4.67570738e+01  8.57695899e+03  1.79978850e+02 
 9.26118728e+03  4.67570812e+01  9.26118728e+03  1.79977163e+02 
 1.00000000e+04  4.67570899e+01  1.00000000e+04  1.79975341e+02 
 1.07977516e+04  4.67571001e+01  1.07977516e+04  1.79973374e+02 
 1.16591440e+04  4.67571119e+01  1.16591440e+04  1.79971250e+02 
 1.25892541e+04  4.67571257e+01  1.25892541e+04  1.79968956e+02 
 1.35935639e+04  4.67571418e+01  1.35935639e+04  1.79966480e+02 
 1.46779927e+04  4.67571605e+01  1.46779927e+04  1.79963805e+02 
 1.58489319e+04  4.67571823e+01  1.58489319e+04  1.79960918e+02 
 1.71132830e+04  4.67572078e+01  1.71132830e+04  1.79957800e+02 
 1.84784980e+04  4.67572375e+01  1.84784980e+04  1.79954433e+02 
 1.99526231e+04  4.67572721e+01  1.99526231e+04  1.79950798e+02 
 2.15443469e+04  4.67573125e+01  2.15443469e+04  1.79946872e+02 
 2.32630507e+04  4.67573596e+01  2.32630507e+04  1.79942633e+02 
 2.51188643e+04  4.67574145e+01  2.51188643e+04  1.79938056e+02 
 2.71227258e+04  4.67574785e+01  2.71227258e+04  1.79933114e+02 
 2.92864456e+04  4.67575531e+01  2.92864456e+04  1.79927777e+02 
 3.16227766e+04  4.67576400e+01  3.16227766e+04  1.79922015e+02 
 3.41454887e+04  4.67577415e+01  3.41454887e+04  1.79915792e+02 
 3.68694506e+04  4.67578597e+01  3.68694506e+04  1.79909072e+02 
 3.98107171e+04  4.67579976e+01  3.98107171e+04  1.79901816e+02 
 4.29866235e+04  4.67581583e+01  4.29866235e+04  1.79893981e+02 
 4.64158883e+04  4.67583457e+01  4.64158883e+04  1.79885520e+02 
 5.01187234e+04  4.67585642e+01  5.01187234e+04  1.79876383e+02 
 5.41169527e+04  4.67588190e+01  5.41169527e+04  1.79866515e+02 
 5.84341413e+04  4.67591160e+01  5.84341413e+04  1.79855859e+02 
 6.30957344e+04  4.67594623e+01  6.30957344e+04  1.79844352e+02 
 6.81292069e+04  4.67598662e+01  6.81292069e+04  1.79831923e+02 
 7.35642254e+04  4.67603370e+01  7.35642254e+04  1.79818501e+02 
 7.94328235e+04  4.67608860e+01  7.94328235e+04  1.79804004e+02 
 8.57695899e+04  4.67615262e+01  8.57695899e+04  1.79788346e+02 
 9.26118728e+04  4.67622726e+01  9.26118728e+04  1.79771433e+02 
 1.00000000e+05  4.67631428e+01  1.00000000e+05  1.79753163e+02 
 1.07977516e+05  4.67641576e+01  1.07977516e+05  1.79733426e+02 
 1.16591440e+05  4.67653409e+01  1.16591440e+05  1.79712104e+02 
 1.25892541e+05  4.67667207e+01  1.25892541e+05  1.79689065e+02 
 1.35935639e+05  4.67683299e+01  1.35935639e+05  1.79664171e+02 
 1.46779927e+05  4.67702060e+01  1.46779927e+05  1.79637267e+02 
 1.58489319e+05  4.67723942e+01  1.58489319e+05  1.79608187e+02 
 1.71132830e+05  4.67749460e+01  1.71132830e+05  1.79576750e+02 
 1.84784980e+05  4.67779225e+01  1.84784980e+05  1.79542759e+02 
 1.99526231e+05  4.67813934e+01  1.99526231e+05  1.79505998e+02 
 2.15443469e+05  4.67854424e+01  2.15443469e+05  1.79466230e+02 
 2.32630507e+05  4.67901651e+01  2.32630507e+05  1.79423196e+02 
 2.51188643e+05  4.67956748e+01  2.51188643e+05  1.79376611e+02 
 2.71227258e+05  4.68021019e+01  2.71227258e+05  1.79326161e+02 
 2.92864456e+05  4.68096020e+01  2.92864456e+05  1.79271499e+02 
 3.16227766e+05  4.68183542e+01  3.16227766e+05  1.79212239e+02 
 3.41454887e+05  4.68285697e+01  3.41454887e+05  1.79147952e+02 
 3.68694506e+05  4.68404948e+01  3.68694506e+05  1.79078159e+02 
 3.98107171e+05  4.68544157e+01  3.98107171e+05  1.79002320e+02 
 4.29866235e+05  4.68706740e+01  4.29866235e+05  1.78919825e+02 
 4.64158883e+05  4.68896678e+01  4.64158883e+05  1.78829983e+02 
 5.01187234e+05  4.69118634e+01  5.01187234e+05  1.78732001e+02 
 5.41169527e+05  4.69378056e+01  5.41169527e+05  1.78624967e+02 
 5.84341413e+05  4.69681501e+01  5.84341413e+05  1.78507825e+02 
 6.30957344e+05  4.70036560e+01  6.30957344e+05  1.78379338e+02 
 6.81292069e+05  4.70452251e+01  6.81292069e+05  1.78238049e+02 
 7.35642254e+05  4.70939423e+01  7.35642254e+05  1.78082223e+02 
 7.94328235e+05  4.71510573e+01  7.94328235e+05  1.77909781e+02 
 8.57695899e+05  4.72181051e+01  8.57695899e+05  1.77718194e+02 
 9.26118728e+05  4.72969048e+01  9.26118728e+05  1.77504365e+02 
 1.00000000e+06  4.73896260e+01  1.00000000e+06  1.77264451e+02 
 1.07977516e+06  4.74989359e+01  1.07977516e+06  1.76993622e+02 
 1.16591440e+06  4.76280622e+01  1.16591440e+06  1.76685732e+02 
 1.25892541e+06  4.77808877e+01  1.25892541e+06  1.76332852e+02 
 1.35935639e+06  4.79623388e+01  1.35935639e+06  1.75924560e+02 
 1.46779927e+06  4.81784493e+01  1.46779927e+06  1.75446947e+02 
 1.58489319e+06  4.84368729e+01  1.58489319e+06  1.74881047e+02 
 1.71132830e+06  4.87475007e+01  1.71132830e+06  1.74200344e+02 
 1.84784980e+06  4.91229838e+01  1.84784980e+06  1.73366878e+02 
 1.99526231e+06  4.95801947e+01  1.99526231e+06  1.72324363e+02 
 2.15443469e+06  5.01419946e+01  2.15443469e+06  1.70986056e+02 
 2.32630507e+06  5.08399576e+01  2.32630507e+06  1.69211956e+02 
 2.51188643e+06  5.17188749e+01  2.51188643e+06  1.66762098e+02 
 2.71227258e+06  5.28432955e+01  2.71227258e+06  1.63194278e+02 
 2.92864456e+06  5.43033897e+01  2.92864456e+06  1.57615941e+02 
 3.16227766e+06  5.61972271e+01  3.16227766e+06  1.48038335e+02 
 3.41454887e+06  5.84167765e+01  3.41454887e+06  1.29890999e+02 
 3.68694506e+06  5.96007622e+01  3.68694506e+06  9.73522903e+01 
 3.98107171e+06  5.75581896e+01  3.98107171e+06  6.27049779e+01 
 4.29866235e+06  5.40144426e+01  4.29866235e+06  4.23374058e+01 
 4.64158883e+06  5.06943013e+01  4.64158883e+06  3.17816156e+01 
 5.01187234e+06  4.78164423e+01  5.01187234e+06  2.58467315e+01 
 5.41169527e+06  4.52918466e+01  5.41169527e+06  2.22189914e+01 
 5.84341413e+06  4.30255717e+01  5.84341413e+06  1.98763486e+01 
 6.30957344e+06  4.09482313e+01  6.30957344e+06  1.83240837e+01 
 6.81292069e+06  3.90119016e+01  6.81292069e+06  1.72966612e+01 
 7.35642254e+06  3.71820568e+01  7.35642254e+06  1.66468696e+01 
 7.94328235e+06  3.54341133e+01  7.94328235e+06  1.62800741e+01 
 8.57695899e+06  3.37500197e+01  8.57695899e+06  1.61449607e+01 
 9.26118728e+06  3.21152725e+01  9.26118728e+06  1.62010835e+01 
 1.00000000e+07  3.05188503e+01  1.00000000e+07  1.64299064e+01 
 1.07977516e+07  2.89520746e+01  1.07977516e+07  1.68190057e+01 
 1.16591440e+07  2.74077839e+01  1.16591440e+07  1.73625338e+01 
 1.25892541e+07  2.58777465e+01  1.25892541e+07  1.80593267e+01 
 1.35935639e+07  2.43575474e+01  1.35935639e+07  1.89168782e+01 
 1.46779927e+07  2.28417472e+01  1.46779927e+07  1.99365338e+01 
 1.58489319e+07  2.13264668e+01  1.58489319e+07  2.11485259e+01 
 1.71132830e+07  1.98048175e+01  1.71132830e+07  2.25520940e+01 
 1.84784980e+07  1.82763101e+01  1.84784980e+07  2.42006729e+01 
 1.99526231e+07  1.67323961e+01  1.99526231e+07  2.61273532e+01 
 2.15443469e+07  1.51732510e+01  2.15443469e+07  2.83659254e+01 
 2.32630507e+07  1.35802111e+01  2.32630507e+07  3.10014981e+01 
 2.51188643e+07  1.19687623e+01  2.51188643e+07  3.40964738e+01 
 2.71227258e+07  1.03313681e+01  2.71227258e+07  3.78101838e+01 
 2.92864456e+07  8.65097853e+00  2.92864456e+07  4.22609943e+01 
 3.16227766e+07  6.96097870e+00  3.16227766e+07  4.77748416e+01 
 3.41454887e+07  5.27101983e+00  3.41454887e+07  5.44940398e+01 
 3.68694506e+07  3.62425414e+00  3.68694506e+07  6.27625794e+01 
 3.98107171e+07  2.11080118e+00  3.98107171e+07  7.28874061e+01 
 4.29866235e+07  8.16183489e-01  4.29866235e+07  8.45187957e+01 
 4.64158883e+07 -9.01421528e-02  4.64158883e+07  9.75782337e+01 
 5.01187234e+07 -5.79229488e-01  5.01187234e+07  1.10473281e+02 
 5.41169527e+07 -6.99659935e-01  5.41169527e+07  1.23807787e+02 
 5.84341413e+07 -3.88663330e-01  5.84341413e+07  1.33645265e+02 
 6.30957344e+07 -1.24193790e-01  6.30957344e+07  1.43199876e+02 
 6.81292069e+07  2.87769185e-01  6.81292069e+07  1.51120963e+02 
 7.35642254e+07  7.34762833e-01  7.35642254e+07  1.56459538e+02 
 7.94328235e+07  1.16688571e+00  7.94328235e+07  1.62027371e+02 
 8.57695899e+07  1.63750716e+00  8.57695899e+07  1.66397357e+02 
 9.26118728e+07  2.09481183e+00  9.26118728e+07  1.70393871e+02 
 1.00000000e+08  2.34817005e+00  1.00000000e+08  1.74018787e+02 
 1.07977516e+08  2.79631265e+00  1.07977516e+08  1.76518171e+02 
 1.16591440e+08  3.30524875e+00  1.16591440e+08  1.79418802e+02 
 1.25892541e+08  3.46058239e+00  1.25892541e+08  1.82167419e+02 
 1.35935639e+08  3.78710389e+00  1.35935639e+08  1.84157661e+02 
 1.46779927e+08  4.35255383e+00  1.46779927e+08  1.86194182e+02 
 1.58489319e+08  4.44420041e+00  1.58489319e+08  1.87506916e+02 
 1.71132830e+08  4.91233738e+00  1.71132830e+08  1.88658342e+02 
 1.84784980e+08  5.13837894e+00  1.84784980e+08  1.89760829e+02 
 1.99526231e+08  5.54735775e+00  1.99526231e+08  1.90379172e+02 
 2.15443469e+08  5.84796256e+00  2.15443469e+08  1.91004912e+02 
 2.32630507e+08  6.35273822e+00  2.32630507e+08  1.90681593e+02 
 2.51188643e+08  6.19711862e+00  2.51188643e+08  1.90691183e+02 
 2.71227258e+08  7.18140326e+00  2.71227258e+08  1.89964629e+02 
 2.92864456e+08  6.68906235e+00  2.92864456e+08  1.89275557e+02 
 3.16227766e+08  7.63249109e+00  3.16227766e+08  1.88682352e+02 
 3.41454887e+08  8.20476987e+00  3.41454887e+08  1.87604108e+02 
 3.68694506e+08  6.99969378e+00  3.68694506e+08  1.87092149e+02 
 3.98107171e+08  7.92442397e+00  3.98107171e+08  1.86020406e+02 
 4.29866235e+08  7.98503157e+00  4.29866235e+08  1.85063935e+02 
 4.64158883e+08  8.26954386e+00  4.64158883e+08  1.84408796e+02 
 5.01187234e+08  6.94688469e+00  5.01187234e+08  1.83848089e+02 
 5.41169527e+08  1.35529827e+01  5.41169527e+08  1.83513459e+02 
 5.84341413e+08  8.72521416e+00  5.84341413e+08  1.82619479e+02 
 6.30957344e+08  7.38874839e+00  6.30957344e+08  1.82466017e+02 
 6.81292069e+08  9.53826088e+00  6.81292069e+08  1.81839165e+02 
 7.35642254e+08  4.66947616e+00  7.35642254e+08  1.81374478e+02 
 7.94328235e+08  6.84921542e+00  7.94328235e+08  1.81163301e+02 
 8.57695899e+08  5.48011394e+00  8.57695899e+08  1.80611996e+02 
 9.26118728e+08  4.13948092e+00  9.26118728e+08  1.80456357e+02 
 1.00000000e+09  8.79830602e+00  1.00000000e+09  1.79816216e+02 
