 1.00000000e+00  4.70922793e+01  1.00000000e+00  1.79999998e+02 
 1.07977516e+00  4.70922793e+01  1.07977516e+00  1.79999998e+02 
 1.16591440e+00  4.70922793e+01  1.16591440e+00  1.79999997e+02 
 1.25892541e+00  4.70922793e+01  1.25892541e+00  1.79999997e+02 
 1.35935639e+00  4.70922793e+01  1.35935639e+00  1.79999997e+02 
 1.46779927e+00  4.70922793e+01  1.46779927e+00  1.79999997e+02 
 1.58489319e+00  4.70922793e+01  1.58489319e+00  1.79999996e+02 
 1.71132830e+00  4.70922793e+01  1.71132830e+00  1.79999996e+02 
 1.84784980e+00  4.70922793e+01  1.84784980e+00  1.79999996e+02 
 1.99526231e+00  4.70922793e+01  1.99526231e+00  1.79999996e+02 
 2.15443469e+00  4.70922793e+01  2.15443469e+00  1.79999995e+02 
 2.32630507e+00  4.70922793e+01  2.32630507e+00  1.79999995e+02 
 2.51188643e+00  4.70922793e+01  2.51188643e+00  1.79999994e+02 
 2.71227258e+00  4.70922793e+01  2.71227258e+00  1.79999994e+02 
 2.92864456e+00  4.70922793e+01  2.92864456e+00  1.79999993e+02 
 3.16227766e+00  4.70922793e+01  3.16227766e+00  1.79999993e+02 
 3.41454887e+00  4.70922793e+01  3.41454887e+00  1.79999992e+02 
 3.68694506e+00  4.70922793e+01  3.68694506e+00  1.79999992e+02 
 3.98107171e+00  4.70922793e+01  3.98107171e+00  1.79999991e+02 
 4.29866235e+00  4.70922793e+01  4.29866235e+00  1.79999990e+02 
 4.64158883e+00  4.70922793e+01  4.64158883e+00  1.79999990e+02 
 5.01187234e+00  4.70922793e+01  5.01187234e+00  1.79999989e+02 
 5.41169527e+00  4.70922793e+01  5.41169527e+00  1.79999988e+02 
 5.84341413e+00  4.70922793e+01  5.84341413e+00  1.79999987e+02 
 6.30957344e+00  4.70922793e+01  6.30957344e+00  1.79999986e+02 
 6.81292069e+00  4.70922793e+01  6.81292069e+00  1.79999985e+02 
 7.35642254e+00  4.70922793e+01  7.35642254e+00  1.79999984e+02 
 7.94328235e+00  4.70922793e+01  7.94328235e+00  1.79999982e+02 
 8.57695899e+00  4.70922793e+01  8.57695899e+00  1.79999981e+02 
 9.26118728e+00  4.70922793e+01  9.26118728e+00  1.79999979e+02 
 1.00000000e+01  4.70922793e+01  1.00000000e+01  1.79999978e+02 
 1.07977516e+01  4.70922793e+01  1.07977516e+01  1.79999976e+02 
 1.16591440e+01  4.70922793e+01  1.16591440e+01  1.79999974e+02 
 1.25892541e+01  4.70922793e+01  1.25892541e+01  1.79999972e+02 
 1.35935639e+01  4.70922793e+01  1.35935639e+01  1.79999970e+02 
 1.46779927e+01  4.70922793e+01  1.46779927e+01  1.79999967e+02 
 1.58489319e+01  4.70922793e+01  1.58489319e+01  1.79999965e+02 
 1.71132830e+01  4.70922793e+01  1.71132830e+01  1.79999962e+02 
 1.84784980e+01  4.70922793e+01  1.84784980e+01  1.79999959e+02 
 1.99526231e+01  4.70922793e+01  1.99526231e+01  1.79999956e+02 
 2.15443469e+01  4.70922793e+01  2.15443469e+01  1.79999952e+02 
 2.32630507e+01  4.70922793e+01  2.32630507e+01  1.79999948e+02 
 2.51188643e+01  4.70922793e+01  2.51188643e+01  1.79999944e+02 
 2.71227258e+01  4.70922793e+01  2.71227258e+01  1.79999940e+02 
 2.92864456e+01  4.70922793e+01  2.92864456e+01  1.79999935e+02 
 3.16227766e+01  4.70922793e+01  3.16227766e+01  1.79999930e+02 
 3.41454887e+01  4.70922793e+01  3.41454887e+01  1.79999924e+02 
 3.68694506e+01  4.70922793e+01  3.68694506e+01  1.79999918e+02 
 3.98107171e+01  4.70922793e+01  3.98107171e+01  1.79999911e+02 
 4.29866235e+01  4.70922793e+01  4.29866235e+01  1.79999904e+02 
 4.64158883e+01  4.70922793e+01  4.64158883e+01  1.79999897e+02 
 5.01187234e+01  4.70922793e+01  5.01187234e+01  1.79999888e+02 
 5.41169527e+01  4.70922793e+01  5.41169527e+01  1.79999879e+02 
 5.84341413e+01  4.70922793e+01  5.84341413e+01  1.79999870e+02 
 6.30957344e+01  4.70922793e+01  6.30957344e+01  1.79999859e+02 
 6.81292069e+01  4.70922793e+01  6.81292069e+01  1.79999848e+02 
 7.35642254e+01  4.70922793e+01  7.35642254e+01  1.79999836e+02 
 7.94328235e+01  4.70922793e+01  7.94328235e+01  1.79999823e+02 
 8.57695899e+01  4.70922793e+01  8.57695899e+01  1.79999809e+02 
 9.26118728e+01  4.70922793e+01  9.26118728e+01  1.79999794e+02 
 1.00000000e+02  4.70922793e+01  1.00000000e+02  1.79999777e+02 
 1.07977516e+02  4.70922793e+01  1.07977516e+02  1.79999759e+02 
 1.16591440e+02  4.70922793e+01  1.16591440e+02  1.79999740e+02 
 1.25892541e+02  4.70922793e+01  1.25892541e+02  1.79999720e+02 
 1.35935639e+02  4.70922793e+01  1.35935639e+02  1.79999697e+02 
 1.46779927e+02  4.70922793e+01  1.46779927e+02  1.79999673e+02 
 1.58489319e+02  4.70922793e+01  1.58489319e+02  1.79999647e+02 
 1.71132830e+02  4.70922793e+01  1.71132830e+02  1.79999619e+02 
 1.84784980e+02  4.70922793e+01  1.84784980e+02  1.79999588e+02 
 1.99526231e+02  4.70922793e+01  1.99526231e+02  1.79999555e+02 
 2.15443469e+02  4.70922793e+01  2.15443469e+02  1.79999520e+02 
 2.32630507e+02  4.70922793e+01  2.32630507e+02  1.79999482e+02 
 2.51188643e+02  4.70922793e+01  2.51188643e+02  1.79999440e+02 
 2.71227258e+02  4.70922793e+01  2.71227258e+02  1.79999396e+02 
 2.92864456e+02  4.70922793e+01  2.92864456e+02  1.79999347e+02 
 3.16227766e+02  4.70922794e+01  3.16227766e+02  1.79999295e+02 
 3.41454887e+02  4.70922794e+01  3.41454887e+02  1.79999239e+02 
 3.68694506e+02  4.70922794e+01  3.68694506e+02  1.79999179e+02 
 3.98107171e+02  4.70922794e+01  3.98107171e+02  1.79999113e+02 
 4.29866235e+02  4.70922794e+01  4.29866235e+02  1.79999042e+02 
 4.64158883e+02  4.70922794e+01  4.64158883e+02  1.79998966e+02 
 5.01187234e+02  4.70922795e+01  5.01187234e+02  1.79998883e+02 
 5.41169527e+02  4.70922795e+01  5.41169527e+02  1.79998794e+02 
 5.84341413e+02  4.70922795e+01  5.84341413e+02  1.79998698e+02 
 6.30957344e+02  4.70922796e+01  6.30957344e+02  1.79998594e+02 
 6.81292069e+02  4.70922796e+01  6.81292069e+02  1.79998482e+02 
 7.35642254e+02  4.70922796e+01  7.35642254e+02  1.79998361e+02 
 7.94328235e+02  4.70922797e+01  7.94328235e+02  1.79998230e+02 
 8.57695899e+02  4.70922798e+01  8.57695899e+02  1.79998089e+02 
 9.26118728e+02  4.70922799e+01  9.26118728e+02  1.79997937e+02 
 1.00000000e+03  4.70922800e+01  1.00000000e+03  1.79997772e+02 
 1.07977516e+03  4.70922801e+01  1.07977516e+03  1.79997594e+02 
 1.16591440e+03  4.70922802e+01  1.16591440e+03  1.79997402e+02 
 1.25892541e+03  4.70922803e+01  1.25892541e+03  1.79997195e+02 
 1.35935639e+03  4.70922805e+01  1.35935639e+03  1.79996971e+02 
 1.46779927e+03  4.70922807e+01  1.46779927e+03  1.79996730e+02 
 1.58489319e+03  4.70922810e+01  1.58489319e+03  1.79996469e+02 
 1.71132830e+03  4.70922812e+01  1.71132830e+03  1.79996187e+02 
 1.84784980e+03  4.70922816e+01  1.84784980e+03  1.79995883e+02 
 1.99526231e+03  4.70922819e+01  1.99526231e+03  1.79995554e+02 
 2.15443469e+03  4.70922824e+01  2.15443469e+03  1.79995200e+02 
 2.32630507e+03  4.70922829e+01  2.32630507e+03  1.79994817e+02 
 2.51188643e+03  4.70922835e+01  2.51188643e+03  1.79994403e+02 
 2.71227258e+03  4.70922842e+01  2.71227258e+03  1.79993957e+02 
 2.92864456e+03  4.70922850e+01  2.92864456e+03  1.79993475e+02 
 3.16227766e+03  4.70922860e+01  3.16227766e+03  1.79992954e+02 
 3.41454887e+03  4.70922871e+01  3.41454887e+03  1.79992392e+02 
 3.68694506e+03  4.70922884e+01  3.68694506e+03  1.79991785e+02 
 3.98107171e+03  4.70922899e+01  3.98107171e+03  1.79991130e+02 
 4.29866235e+03  4.70922916e+01  4.29866235e+03  1.79990422e+02 
 4.64158883e+03  4.70922937e+01  4.64158883e+03  1.79989658e+02 
 5.01187234e+03  4.70922960e+01  5.01187234e+03  1.79988833e+02 
 5.41169527e+03  4.70922988e+01  5.41169527e+03  1.79987943e+02 
 5.84341413e+03  4.70923021e+01  5.84341413e+03  1.79986981e+02 
 6.30957344e+03  4.70923058e+01  6.30957344e+03  1.79985942e+02 
 6.81292069e+03  4.70923102e+01  6.81292069e+03  1.79984821e+02 
 7.35642254e+03  4.70923154e+01  7.35642254e+03  1.79983610e+02 
 7.94328235e+03  4.70923214e+01  7.94328235e+03  1.79982302e+02 
 8.57695899e+03  4.70923284e+01  8.57695899e+03  1.79980890e+02 
 9.26118728e+03  4.70923365e+01  9.26118728e+03  1.79979366e+02 
 1.00000000e+04  4.70923460e+01  1.00000000e+04  1.79977719e+02 
 1.07977516e+04  4.70923571e+01  1.07977516e+04  1.79975942e+02 
 1.16591440e+04  4.70923700e+01  1.16591440e+04  1.79974023e+02 
 1.25892541e+04  4.70923850e+01  1.25892541e+04  1.79971950e+02 
 1.35935639e+04  4.70924026e+01  1.35935639e+04  1.79969713e+02 
 1.46779927e+04  4.70924230e+01  1.46779927e+04  1.79967296e+02 
 1.58489319e+04  4.70924468e+01  1.58489319e+04  1.79964687e+02 
 1.71132830e+04  4.70924747e+01  1.71132830e+04  1.79961870e+02 
 1.84784980e+04  4.70925071e+01  1.84784980e+04  1.79958828e+02 
 1.99526231e+04  4.70925449e+01  1.99526231e+04  1.79955543e+02 
 2.15443469e+04  4.70925889e+01  2.15443469e+04  1.79951996e+02 
 2.32630507e+04  4.70926403e+01  2.32630507e+04  1.79948166e+02 
 2.51188643e+04  4.70927002e+01  2.51188643e+04  1.79944030e+02 
 2.71227258e+04  4.70927700e+01  2.71227258e+04  1.79939565e+02 
 2.92864456e+04  4.70928515e+01  2.92864456e+04  1.79934742e+02 
 3.16227766e+04  4.70929464e+01  3.16227766e+04  1.79929535e+02 
 3.41454887e+04  4.70930571e+01  3.41454887e+04  1.79923913e+02 
 3.68694506e+04  4.70931861e+01  3.68694506e+04  1.79917841e+02 
 3.98107171e+04  4.70933366e+01  3.98107171e+04  1.79911284e+02 
 4.29866235e+04  4.70935120e+01  4.29866235e+04  1.79904204e+02 
 4.64158883e+04  4.70937166e+01  4.64158883e+04  1.79896558e+02 
 5.01187234e+04  4.70939551e+01  5.01187234e+04  1.79888302e+02 
 5.41169527e+04  4.70942331e+01  5.41169527e+04  1.79879385e+02 
 5.84341413e+04  4.70945573e+01  5.84341413e+04  1.79869756e+02 
 6.30957344e+04  4.70949353e+01  6.30957344e+04  1.79859356e+02 
 6.81292069e+04  4.70953761e+01  6.81292069e+04  1.79848124e+02 
 7.35642254e+04  4.70958900e+01  7.35642254e+04  1.79835994e+02 
 7.94328235e+04  4.70964892e+01  7.94328235e+04  1.79822892e+02 
 8.57695899e+04  4.70971878e+01  8.57695899e+04  1.79808740e+02 
 9.26118728e+04  4.70980025e+01  9.26118728e+04  1.79793453e+02 
 1.00000000e+05  4.70989524e+01  1.00000000e+05  1.79776939e+02 
 1.07977516e+05  4.71000601e+01  1.07977516e+05  1.79759097e+02 
 1.16591440e+05  4.71013516e+01  1.16591440e+05  1.79739821e+02 
 1.25892541e+05  4.71028579e+01  1.25892541e+05  1.79718992e+02 
 1.35935639e+05  4.71046142e+01  1.35935639e+05  1.79696481e+02 
 1.46779927e+05  4.71066622e+01  1.46779927e+05  1.79672151e+02 
 1.58489319e+05  4.71090512e+01  1.58489319e+05  1.79645850e+02 
 1.71132830e+05  4.71118369e+01  1.71132830e+05  1.79617413e+02 
 1.84784980e+05  4.71150856e+01  1.84784980e+05  1.79586659e+02 
 1.99526231e+05  4.71188751e+01  1.99526231e+05  1.79553390e+02 
 2.15443469e+05  4.71232955e+01  2.15443469e+05  1.79517392e+02 
 2.32630507e+05  4.71284517e+01  2.32630507e+05  1.79478425e+02 
 2.51188643e+05  4.71344674e+01  2.51188643e+05  1.79436228e+02 
 2.71227258e+05  4.71414856e+01  2.71227258e+05  1.79390511e+02 
 2.92864456e+05  4.71496768e+01  2.92864456e+05  1.79340954e+02 
 3.16227766e+05  4.71592339e+01  3.16227766e+05  1.79287199e+02 
 3.41454887e+05  4.71703921e+01  3.41454887e+05  1.79228846e+02 
 3.68694506e+05  4.71834177e+01  3.68694506e+05  1.79165447e+02 
 3.98107171e+05  4.71986280e+01  3.98107171e+05  1.79096496e+02 
 4.29866235e+05  4.72163946e+01  4.29866235e+05  1.79021419e+02 
 4.64158883e+05  4.72371524e+01  4.64158883e+05  1.78939559e+02 
 5.01187234e+05  4.72614153e+01  5.01187234e+05  1.78850161e+02 
 5.41169527e+05  4.72897865e+01  5.41169527e+05  1.78752352e+02 
 5.84341413e+05  4.73229806e+01  5.84341413e+05  1.78645111e+02 
 6.30957344e+05  4.73618339e+01  6.30957344e+05  1.78527239e+02 
 6.81292069e+05  4.74073428e+01  6.81292069e+05  1.78397309e+02 
 7.35642254e+05  4.74606937e+01  7.35642254e+05  1.78253615e+02 
 7.94328235e+05  4.75232981e+01  7.94328235e+05  1.78094089e+02 
 8.57695899e+05  4.75968396e+01  8.57695899e+05  1.77916204e+02 
 9.26118728e+05  4.76833328e+01  9.26118728e+05  1.77716835e+02 
 1.00000000e+06  4.77852354e+01  1.00000000e+06  1.77492070e+02 
 1.07977516e+06  4.79055109e+01  1.07977516e+06  1.77236949e+02 
 1.16591440e+06  4.80477640e+01  1.16591440e+06  1.76945105e+02 
 1.25892541e+06  4.82164758e+01  1.25892541e+06  1.76608222e+02 
 1.35935639e+06  4.84171692e+01  1.35935639e+06  1.76215267e+02 
 1.46779927e+06  4.86568560e+01  1.46779927e+06  1.75751290e+02 
 1.58489319e+06  4.89443656e+01  1.58489319e+06  1.75195661e+02 
 1.71132830e+06  4.92912875e+01  1.71132830e+06  1.74519019e+02 
 1.84784980e+06  4.97126847e+01  1.84784980e+06  1.73678495e+02 
 1.99526231e+06  5.02290378e+01  1.99526231e+06  1.72609014e+02 
 2.15443469e+06  5.08684721e+01  2.15443469e+06  1.71207453e+02 
 2.32630507e+06  5.16710314e+01  2.32630507e+06  1.69300922e+02 
 2.51188643e+06  5.26954628e+01  2.51188643e+06  1.66578931e+02 
 2.71227258e+06  5.40290002e+01  2.71227258e+06  1.62432219e+02 
 2.92864456e+06  5.57961034e+01  2.92864456e+06  1.55523768e+02 
 3.16227766e+06  5.81027087e+01  3.16227766e+06  1.42563569e+02 
 3.41454887e+06  6.04315480e+01  3.41454887e+06  1.16038628e+02 
 3.68694506e+06  5.99782433e+01  3.68694506e+06  7.57159484e+01 
 3.98107171e+06  5.64228388e+01  3.98107171e+06  4.73327665e+01 
 4.29866235e+06  5.27207533e+01  4.29866235e+06  3.34867119e+01 
 4.64158883e+06  4.95553219e+01  4.64158883e+06  2.62957764e+01 
 5.01187234e+06  4.68372366e+01  5.01187234e+06  2.21343826e+01 
 5.41169527e+06  4.44379787e+01  5.41169527e+06  1.95432253e+01 
 5.84341413e+06  4.22669516e+01  5.84341413e+06  1.78651090e+01 
 6.30957344e+06  4.02617108e+01  6.30957344e+06  1.67723423e+01 
 6.81292069e+06  3.83806222e+01  6.81292069e+06  1.60836849e+01 
 7.35642254e+06  3.65951302e+01  7.35642254e+06  1.56943125e+01 
 7.94328235e+06  3.48820610e+01  7.94328235e+06  1.55391634e+01 
 8.57695899e+06  3.32264383e+01  8.57695899e+06  1.55797582e+01 
 9.26118728e+06  3.16132471e+01  9.26118728e+06  1.57915841e+01 
 1.00000000e+07  3.00349699e+01  1.00000000e+07  1.61580157e+01 
 1.07977516e+07  2.84836577e+01  1.07977516e+07  1.66746604e+01 
 1.16591440e+07  2.69500848e+01  1.16591440e+07  1.73367548e+01 
 1.25892541e+07  2.54313886e+01  1.25892541e+07  1.81485770e+01 
 1.35935639e+07  2.39197478e+01  1.35935639e+07  1.91144140e+01 
 1.46779927e+07  2.24131041e+01  1.46779927e+07  2.02508454e+01 
 1.58489319e+07  2.09020623e+01  1.58489319e+07  2.15770110e+01 
 1.71132830e+07  1.93859162e+01  1.71132830e+07  2.31239095e+01 
 1.84784980e+07  1.78617310e+01  1.84784980e+07  2.48998685e+01 
 1.99526231e+07  1.63190697e+01  1.99526231e+07  2.69577181e+01 
 2.15443469e+07  1.47630946e+01  2.15443469e+07  2.93728225e+01 
 2.32630507e+07  1.31765086e+01  2.32630507e+07  3.21986731e+01 
 2.51188643e+07  1.15737046e+01  2.51188643e+07  3.55181916e+01 
 2.71227258e+07  9.93973956e+00  2.71227258e+07  3.95154421e+01 
 2.92864456e+07  8.27872999e+00  2.92864456e+07  4.43203683e+01 
 3.16227766e+07  6.60859782e+00  3.16227766e+07  4.99703980e+01 
 3.41454887e+07  4.95946085e+00  3.41454887e+07  5.70654443e+01 
 3.68694506e+07  3.35677845e+00  3.68694506e+07  6.55383026e+01 
 3.98107171e+07  1.95695719e+00  3.98107171e+07  7.62082942e+01 
 4.29866235e+07  7.87188291e-01  4.29866235e+07  8.78963647e+01 
 4.64158883e+07 -3.22671151e-02  4.64158883e+07  1.00676947e+02 
 5.01187234e+07 -3.82818069e-01  5.01187234e+07  1.13075176e+02 
 5.41169527e+07 -4.64142885e-01  5.41169527e+07  1.24948200e+02 
 5.84341413e+07 -2.75932780e-01  5.84341413e+07  1.35395524e+02 
 6.30957344e+07  1.17037587e-01  6.30957344e+07  1.44118118e+02 
 6.81292069e+07  5.78673075e-01  6.81292069e+07  1.50749730e+02 
 7.35642254e+07  9.38970432e-01  7.35642254e+07  1.57200647e+02 
 7.94328235e+07  1.20896126e+00  7.94328235e+07  1.62621688e+02 
 8.57695899e+07  1.80871445e+00  8.57695899e+07  1.66540712e+02 
 9.26118728e+07  2.16579739e+00  9.26118728e+07  1.70531914e+02 
 1.00000000e+08  2.48813110e+00  1.00000000e+08  1.74046542e+02 
 1.07977516e+08  2.95587615e+00  1.07977516e+08  1.76909840e+02 
 1.16591440e+08  3.13163957e+00  1.16591440e+08  1.79346976e+02 
 1.25892541e+08  3.61575119e+00  1.25892541e+08  1.81781784e+02 
 1.35935639e+08  3.82833956e+00  1.35935639e+08  1.84109183e+02 
 1.46779927e+08  4.04609718e+00  1.46779927e+08  1.85643306e+02 
 1.58489319e+08  4.47174281e+00  1.58489319e+08  1.87406740e+02 
 1.71132830e+08  4.93862204e+00  1.71132830e+08  1.88572960e+02 
 1.84784980e+08  5.15981526e+00  1.84784980e+08  1.89559393e+02 
 1.99526231e+08  5.56719743e+00  1.99526231e+08  1.90487881e+02 
 2.15443469e+08  5.85867190e+00  2.15443469e+08  1.90521917e+02 
 2.32630507e+08  6.36204458e+00  2.32630507e+08  1.90280725e+02 
 2.51188643e+08  6.20338313e+00  2.51188643e+08  1.90288057e+02 
 2.71227258e+08  7.77431877e+00  2.71227258e+08  1.89657595e+02 
 2.92864456e+08  7.99761915e+00  2.92864456e+08  1.88924575e+02 
 3.16227766e+08  7.61723024e+00  3.16227766e+08  1.88443728e+02 
 3.41454887e+08  8.18271634e+00  3.41454887e+08  1.87318654e+02 
 3.68694506e+08  7.99104119e+00  3.68694506e+08  1.86831315e+02 
 3.98107171e+08  6.74531904e+00  3.98107171e+08  1.85646099e+02 
 4.29866235e+08  6.61674432e+00  4.29866235e+08  1.84999779e+02 
 4.64158883e+08  8.23668769e+00  4.64158883e+08  1.84308588e+02 
 5.01187234e+08  6.92087629e+00  5.01187234e+08  1.83859711e+02 
 5.41169527e+08  7.52961398e+00  5.41169527e+08  1.82908595e+02 
 5.84341413e+08  8.69133180e+00  5.84341413e+08  1.82410483e+02 
 6.30957344e+08  1.08618473e+01  6.30957344e+08  1.82179631e+02 
 6.81292069e+08  5.99322335e+00  6.81292069e+08  1.81701717e+02 
 7.35642254e+08  8.16420846e+00  7.35642254e+08  1.81188606e+02 
 7.94328235e+08  6.80247044e+00  7.94328235e+08  1.80982351e+02 
 8.57695899e+08  5.45375771e+00  8.57695899e+08  1.80998842e+02 
 9.26118728e+08  1.01143358e+01  9.26118728e+08  1.81986042e+02 
 1.00000000e+09  4.09651949e+01  1.00000000e+09  9.16319170e+01 
