 1.00000000e+00  4.72040883e+01  1.00000000e+00  1.79999998e+02 
 1.07977516e+00  4.72040883e+01  1.07977516e+00  1.79999998e+02 
 1.16591440e+00  4.72040883e+01  1.16591440e+00  1.79999998e+02 
 1.25892541e+00  4.72040883e+01  1.25892541e+00  1.79999997e+02 
 1.35935639e+00  4.72040883e+01  1.35935639e+00  1.79999997e+02 
 1.46779927e+00  4.72040883e+01  1.46779927e+00  1.79999997e+02 
 1.58489319e+00  4.72040883e+01  1.58489319e+00  1.79999997e+02 
 1.71132830e+00  4.72040883e+01  1.71132830e+00  1.79999996e+02 
 1.84784980e+00  4.72040883e+01  1.84784980e+00  1.79999996e+02 
 1.99526231e+00  4.72040883e+01  1.99526231e+00  1.79999996e+02 
 2.15443469e+00  4.72040883e+01  2.15443469e+00  1.79999995e+02 
 2.32630507e+00  4.72040883e+01  2.32630507e+00  1.79999995e+02 
 2.51188643e+00  4.72040883e+01  2.51188643e+00  1.79999995e+02 
 2.71227258e+00  4.72040883e+01  2.71227258e+00  1.79999994e+02 
 2.92864456e+00  4.72040883e+01  2.92864456e+00  1.79999994e+02 
 3.16227766e+00  4.72040883e+01  3.16227766e+00  1.79999993e+02 
 3.41454887e+00  4.72040883e+01  3.41454887e+00  1.79999993e+02 
 3.68694506e+00  4.72040883e+01  3.68694506e+00  1.79999992e+02 
 3.98107171e+00  4.72040883e+01  3.98107171e+00  1.79999991e+02 
 4.29866235e+00  4.72040883e+01  4.29866235e+00  1.79999991e+02 
 4.64158883e+00  4.72040883e+01  4.64158883e+00  1.79999990e+02 
 5.01187234e+00  4.72040883e+01  5.01187234e+00  1.79999989e+02 
 5.41169527e+00  4.72040883e+01  5.41169527e+00  1.79999988e+02 
 5.84341413e+00  4.72040883e+01  5.84341413e+00  1.79999987e+02 
 6.30957344e+00  4.72040883e+01  6.30957344e+00  1.79999986e+02 
 6.81292069e+00  4.72040883e+01  6.81292069e+00  1.79999985e+02 
 7.35642254e+00  4.72040883e+01  7.35642254e+00  1.79999984e+02 
 7.94328235e+00  4.72040883e+01  7.94328235e+00  1.79999983e+02 
 8.57695899e+00  4.72040883e+01  8.57695899e+00  1.79999982e+02 
 9.26118728e+00  4.72040883e+01  9.26118728e+00  1.79999980e+02 
 1.00000000e+01  4.72040883e+01  1.00000000e+01  1.79999979e+02 
 1.07977516e+01  4.72040883e+01  1.07977516e+01  1.79999977e+02 
 1.16591440e+01  4.72040883e+01  1.16591440e+01  1.79999975e+02 
 1.25892541e+01  4.72040883e+01  1.25892541e+01  1.79999973e+02 
 1.35935639e+01  4.72040883e+01  1.35935639e+01  1.79999971e+02 
 1.46779927e+01  4.72040883e+01  1.46779927e+01  1.79999969e+02 
 1.58489319e+01  4.72040883e+01  1.58489319e+01  1.79999966e+02 
 1.71132830e+01  4.72040883e+01  1.71132830e+01  1.79999963e+02 
 1.84784980e+01  4.72040883e+01  1.84784980e+01  1.79999960e+02 
 1.99526231e+01  4.72040883e+01  1.99526231e+01  1.79999957e+02 
 2.15443469e+01  4.72040883e+01  2.15443469e+01  1.79999954e+02 
 2.32630507e+01  4.72040883e+01  2.32630507e+01  1.79999950e+02 
 2.51188643e+01  4.72040883e+01  2.51188643e+01  1.79999946e+02 
 2.71227258e+01  4.72040883e+01  2.71227258e+01  1.79999942e+02 
 2.92864456e+01  4.72040883e+01  2.92864456e+01  1.79999937e+02 
 3.16227766e+01  4.72040883e+01  3.16227766e+01  1.79999932e+02 
 3.41454887e+01  4.72040883e+01  3.41454887e+01  1.79999927e+02 
 3.68694506e+01  4.72040883e+01  3.68694506e+01  1.79999921e+02 
 3.98107171e+01  4.72040883e+01  3.98107171e+01  1.79999915e+02 
 4.29866235e+01  4.72040883e+01  4.29866235e+01  1.79999908e+02 
 4.64158883e+01  4.72040883e+01  4.64158883e+01  1.79999901e+02 
 5.01187234e+01  4.72040883e+01  5.01187234e+01  1.79999893e+02 
 5.41169527e+01  4.72040883e+01  5.41169527e+01  1.79999884e+02 
 5.84341413e+01  4.72040883e+01  5.84341413e+01  1.79999875e+02 
 6.30957344e+01  4.72040883e+01  6.30957344e+01  1.79999865e+02 
 6.81292069e+01  4.72040883e+01  6.81292069e+01  1.79999854e+02 
 7.35642254e+01  4.72040883e+01  7.35642254e+01  1.79999843e+02 
 7.94328235e+01  4.72040883e+01  7.94328235e+01  1.79999830e+02 
 8.57695899e+01  4.72040883e+01  8.57695899e+01  1.79999816e+02 
 9.26118728e+01  4.72040883e+01  9.26118728e+01  1.79999802e+02 
 1.00000000e+02  4.72040883e+01  1.00000000e+02  1.79999786e+02 
 1.07977516e+02  4.72040883e+01  1.07977516e+02  1.79999769e+02 
 1.16591440e+02  4.72040883e+01  1.16591440e+02  1.79999750e+02 
 1.25892541e+02  4.72040883e+01  1.25892541e+02  1.79999731e+02 
 1.35935639e+02  4.72040883e+01  1.35935639e+02  1.79999709e+02 
 1.46779927e+02  4.72040883e+01  1.46779927e+02  1.79999686e+02 
 1.58489319e+02  4.72040883e+01  1.58489319e+02  1.79999661e+02 
 1.71132830e+02  4.72040883e+01  1.71132830e+02  1.79999634e+02 
 1.84784980e+02  4.72040883e+01  1.84784980e+02  1.79999605e+02 
 1.99526231e+02  4.72040883e+01  1.99526231e+02  1.79999573e+02 
 2.15443469e+02  4.72040883e+01  2.15443469e+02  1.79999539e+02 
 2.32630507e+02  4.72040883e+01  2.32630507e+02  1.79999502e+02 
 2.51188643e+02  4.72040883e+01  2.51188643e+02  1.79999462e+02 
 2.71227258e+02  4.72040883e+01  2.71227258e+02  1.79999420e+02 
 2.92864456e+02  4.72040883e+01  2.92864456e+02  1.79999373e+02 
 3.16227766e+02  4.72040883e+01  3.16227766e+02  1.79999323e+02 
 3.41454887e+02  4.72040884e+01  3.41454887e+02  1.79999269e+02 
 3.68694506e+02  4.72040884e+01  3.68694506e+02  1.79999211e+02 
 3.98107171e+02  4.72040884e+01  3.98107171e+02  1.79999148e+02 
 4.29866235e+02  4.72040884e+01  4.29866235e+02  1.79999080e+02 
 4.64158883e+02  4.72040884e+01  4.64158883e+02  1.79999007e+02 
 5.01187234e+02  4.72040884e+01  5.01187234e+02  1.79998927e+02 
 5.41169527e+02  4.72040885e+01  5.41169527e+02  1.79998842e+02 
 5.84341413e+02  4.72040885e+01  5.84341413e+02  1.79998749e+02 
 6.30957344e+02  4.72040885e+01  6.30957344e+02  1.79998650e+02 
 6.81292069e+02  4.72040886e+01  6.81292069e+02  1.79998542e+02 
 7.35642254e+02  4.72040886e+01  7.35642254e+02  1.79998426e+02 
 7.94328235e+02  4.72040887e+01  7.94328235e+02  1.79998300e+02 
 8.57695899e+02  4.72040888e+01  8.57695899e+02  1.79998164e+02 
 9.26118728e+02  4.72040888e+01  9.26118728e+02  1.79998018e+02 
 1.00000000e+03  4.72040889e+01  1.00000000e+03  1.79997860e+02 
 1.07977516e+03  4.72040891e+01  1.07977516e+03  1.79997689e+02 
 1.16591440e+03  4.72040892e+01  1.16591440e+03  1.79997505e+02 
 1.25892541e+03  4.72040893e+01  1.25892541e+03  1.79997306e+02 
 1.35935639e+03  4.72040895e+01  1.35935639e+03  1.79997091e+02 
 1.46779927e+03  4.72040897e+01  1.46779927e+03  1.79996859e+02 
 1.58489319e+03  4.72040899e+01  1.58489319e+03  1.79996608e+02 
 1.71132830e+03  4.72040902e+01  1.71132830e+03  1.79996337e+02 
 1.84784980e+03  4.72040905e+01  1.84784980e+03  1.79996045e+02 
 1.99526231e+03  4.72040909e+01  1.99526231e+03  1.79995730e+02 
 2.15443469e+03  4.72040914e+01  2.15443469e+03  1.79995389e+02 
 2.32630507e+03  4.72040919e+01  2.32630507e+03  1.79995021e+02 
 2.51188643e+03  4.72040925e+01  2.51188643e+03  1.79994624e+02 
 2.71227258e+03  4.72040932e+01  2.71227258e+03  1.79994195e+02 
 2.92864456e+03  4.72040940e+01  2.92864456e+03  1.79993732e+02 
 3.16227766e+03  4.72040949e+01  3.16227766e+03  1.79993232e+02 
 3.41454887e+03  4.72040960e+01  3.41454887e+03  1.79992692e+02 
 3.68694506e+03  4.72040973e+01  3.68694506e+03  1.79992109e+02 
 3.98107171e+03  4.72040988e+01  3.98107171e+03  1.79991480e+02 
 4.29866235e+03  4.72041005e+01  4.29866235e+03  1.79990800e+02 
 4.64158883e+03  4.72041026e+01  4.64158883e+03  1.79990066e+02 
 5.01187234e+03  4.72041049e+01  5.01187234e+03  1.79989274e+02 
 5.41169527e+03  4.72041077e+01  5.41169527e+03  1.79988418e+02 
 5.84341413e+03  4.72041109e+01  5.84341413e+03  1.79987494e+02 
 6.30957344e+03  4.72041147e+01  6.30957344e+03  1.79986497e+02 
 6.81292069e+03  4.72041190e+01  6.81292069e+03  1.79985419e+02 
 7.35642254e+03  4.72041241e+01  7.35642254e+03  1.79984256e+02 
 7.94328235e+03  4.72041301e+01  7.94328235e+03  1.79983000e+02 
 8.57695899e+03  4.72041370e+01  8.57695899e+03  1.79981644e+02 
 9.26118728e+03  4.72041451e+01  9.26118728e+03  1.79980179e+02 
 1.00000000e+04  4.72041545e+01  1.00000000e+04  1.79978598e+02 
 1.07977516e+04  4.72041655e+01  1.07977516e+04  1.79976891e+02 
 1.16591440e+04  4.72041784e+01  1.16591440e+04  1.79975047e+02 
 1.25892541e+04  4.72041933e+01  1.25892541e+04  1.79973057e+02 
 1.35935639e+04  4.72042107e+01  1.35935639e+04  1.79970907e+02 
 1.46779927e+04  4.72042310e+01  1.46779927e+04  1.79968586e+02 
 1.58489319e+04  4.72042547e+01  1.58489319e+04  1.79966080e+02 
 1.71132830e+04  4.72042823e+01  1.71132830e+04  1.79963374e+02 
 1.84784980e+04  4.72043145e+01  1.84784980e+04  1.79960452e+02 
 1.99526231e+04  4.72043521e+01  1.99526231e+04  1.79957296e+02 
 2.15443469e+04  4.72043958e+01  2.15443469e+04  1.79953889e+02 
 2.32630507e+04  4.72044469e+01  2.32630507e+04  1.79950210e+02 
 2.51188643e+04  4.72045064e+01  2.51188643e+04  1.79946238e+02 
 2.71227258e+04  4.72045757e+01  2.71227258e+04  1.79941948e+02 
 2.92864456e+04  4.72046566e+01  2.92864456e+04  1.79937316e+02 
 3.16227766e+04  4.72047509e+01  3.16227766e+04  1.79932315e+02 
 3.41454887e+04  4.72048609e+01  3.41454887e+04  1.79926914e+02 
 3.68694506e+04  4.72049890e+01  3.68694506e+04  1.79921082e+02 
 3.98107171e+04  4.72051385e+01  3.98107171e+04  1.79914784e+02 
 4.29866235e+04  4.72053127e+01  4.29866235e+04  1.79907983e+02 
 4.64158883e+04  4.72055159e+01  4.64158883e+04  1.79900638e+02 
 5.01187234e+04  4.72057528e+01  5.01187234e+04  1.79892707e+02 
 5.41169527e+04  4.72060290e+01  5.41169527e+04  1.79884143e+02 
 5.84341413e+04  4.72063510e+01  5.84341413e+04  1.79874893e+02 
 6.30957344e+04  4.72067265e+01  6.30957344e+04  1.79864904e+02 
 6.81292069e+04  4.72071643e+01  6.81292069e+04  1.79854115e+02 
 7.35642254e+04  4.72076748e+01  7.35642254e+04  1.79842464e+02 
 7.94328235e+04  4.72082699e+01  7.94328235e+04  1.79829878e+02 
 8.57695899e+04  4.72089639e+01  8.57695899e+04  1.79816285e+02 
 9.26118728e+04  4.72097731e+01  9.26118728e+04  1.79801601e+02 
 1.00000000e+05  4.72107167e+01  1.00000000e+05  1.79785739e+02 
 1.07977516e+05  4.72118169e+01  1.07977516e+05  1.79768602e+02 
 1.16591440e+05  4.72131000e+01  1.16591440e+05  1.79750086e+02 
 1.25892541e+05  4.72145959e+01  1.25892541e+05  1.79730079e+02 
 1.35935639e+05  4.72163406e+01  1.35935639e+05  1.79708458e+02 
 1.46779927e+05  4.72183747e+01  1.46779927e+05  1.79685089e+02 
 1.58489319e+05  4.72207473e+01  1.58489319e+05  1.79659827e+02 
 1.71132830e+05  4.72235145e+01  1.71132830e+05  1.79632514e+02 
 1.84784980e+05  4.72267419e+01  1.84784980e+05  1.79602976e+02 
 1.99526231e+05  4.72305056e+01  1.99526231e+05  1.79571023e+02 
 2.15443469e+05  4.72348956e+01  2.15443469e+05  1.79536449e+02 
 2.32630507e+05  4.72400177e+01  2.32630507e+05  1.79499025e+02 
 2.51188643e+05  4.72459932e+01  2.51188643e+05  1.79458499e+02 
 2.71227258e+05  4.72529642e+01  2.71227258e+05  1.79414595e+02 
 2.92864456e+05  4.72610985e+01  2.92864456e+05  1.79367003e+02 
 3.16227766e+05  4.72705937e+01  3.16227766e+05  1.79315383e+02 
 3.41454887e+05  4.72816759e+01  3.41454887e+05  1.79259350e+02 
 3.68694506e+05  4.72946137e+01  3.68694506e+05  1.79198474e+02 
 3.98107171e+05  4.73097211e+01  3.98107171e+05  1.79132272e+02 
 4.29866235e+05  4.73273688e+01  4.29866235e+05  1.79060193e+02 
 4.64158883e+05  4.73479856e+01  4.64158883e+05  1.78981608e+02 
 5.01187234e+05  4.73720884e+01  5.01187234e+05  1.78895796e+02 
 5.41169527e+05  4.74002657e+01  5.41169527e+05  1.78801920e+02 
 5.84341413e+05  4.74332300e+01  5.84341413e+05  1.78699004e+02 
 6.30957344e+05  4.74718195e+01  6.30957344e+05  1.78585903e+02 
 6.81292069e+05  4.75170173e+01  6.81292069e+05  1.78461254e+02 
 7.35642254e+05  4.75700046e+01  7.35642254e+05  1.78323426e+02 
 7.94328235e+05  4.76321840e+01  7.94328235e+05  1.78170447e+02 
 8.57695899e+05  4.77052158e+01  8.57695899e+05  1.77999907e+02 
 9.26118728e+05  4.77911202e+01  9.26118728e+05  1.77808823e+02 
 1.00000000e+06  4.78923212e+01  1.00000000e+06  1.77593473e+02 
 1.07977516e+06  4.80117461e+01  1.07977516e+06  1.77349133e+02 
 1.16591440e+06  4.81530224e+01  1.16591440e+06  1.77069744e+02 
 1.25892541e+06  4.83205247e+01  1.25892541e+06  1.76747400e+02 
 1.35935639e+06  4.85198140e+01  1.35935639e+06  1.76371603e+02 
 1.46779927e+06  4.87577773e+01  1.46779927e+06  1.75928186e+02 
 1.58489319e+06  4.90432489e+01  1.58489319e+06  1.75397534e+02 
 1.71132830e+06  4.93876918e+01  1.71132830e+06  1.74751860e+02 
 1.84784980e+06  4.98059770e+01  1.84784980e+06  1.73950581e+02 
 1.99526231e+06  5.03186175e+01  1.99526231e+06  1.72932104e+02 
 2.15443469e+06  5.09535412e+01  2.15443469e+06  1.71599020e+02 
 2.32630507e+06  5.17506921e+01  2.32630507e+06  1.69788281e+02 
 2.51188643e+06  5.27689438e+01  2.51188643e+06  1.67207221e+02 
 2.71227258e+06  5.40968040e+01  2.71227258e+06  1.63281558e+02 
 2.92864456e+06  5.58654869e+01  2.92864456e+06  1.56746488e+02 
 3.16227766e+06  5.82098755e+01  3.16227766e+06  1.44439887e+02 
 3.41454887e+06  6.07238623e+01  3.41454887e+06  1.18625258e+02 
 3.68694506e+06  6.05256121e+01  3.68694506e+06  7.70327964e+01 
 3.98107171e+06  5.68995928e+01  3.98107171e+06  4.71488884e+01 
 4.29866235e+06  5.30941059e+01  4.29866235e+06  3.29104958e+01 
 4.64158883e+06  4.98667604e+01  4.64158883e+06  2.56546314e+01 
 5.01187234e+06  4.71117111e+01  5.01187234e+06  2.14993826e+01 
 5.41169527e+06  4.46894773e+01  5.41169527e+06  1.89256534e+01 
 5.84341413e+06  4.25022701e+01  5.84341413e+06  1.72629818e+01 
 6.30957344e+06  4.04859544e+01  6.30957344e+06  1.61802049e+01 
 6.81292069e+06  3.85968437e+01  6.81292069e+06  1.54937657e+01 
 7.35642254e+06  3.68047359e+01  7.35642254e+06  1.51005058e+01 
 7.94328235e+06  3.50864086e+01  7.94328235e+06  1.49373012e+01 
 8.57695899e+06  3.34254477e+01  8.57695899e+06  1.49632794e+01 
 9.26118728e+06  3.18099511e+01  9.26118728e+06  1.51549646e+01 
 1.00000000e+07  3.02297434e+01  1.00000000e+07  1.54933704e+01 
 1.07977516e+07  2.86753552e+01  1.07977516e+07  1.59786279e+01 
 1.16591440e+07  2.71408143e+01  1.16591440e+07  1.66014644e+01 
 1.25892541e+07  2.56194505e+01  1.25892541e+07  1.73708029e+01 
 1.35935639e+07  2.41046625e+01  1.35935639e+07  1.82892707e+01 
 1.46779927e+07  2.25957370e+01  1.46779927e+07  1.93647714e+01 
 1.58489319e+07  2.10833412e+01  1.58489319e+07  2.06255162e+01 
 1.71132830e+07  1.95657675e+01  1.71132830e+07  2.20860612e+01 
 1.84784980e+07  1.80373322e+01  1.84784980e+07  2.37610766e+01 
 1.99526231e+07  1.64909925e+01  1.99526231e+07  2.57349545e+01 
 2.15443469e+07  1.49237155e+01  2.15443469e+07  2.80064626e+01 
 2.32630507e+07  1.33343747e+01  2.32630507e+07  3.06869695e+01 
 2.51188643e+07  1.17158631e+01  2.51188643e+07  3.38585466e+01 
 2.71227258e+07  1.00700093e+01  2.71227258e+07  3.76392032e+01 
 2.92864456e+07  8.38347289e+00  2.92864456e+07  4.22298586e+01 
 3.16227766e+07  6.68205649e+00  3.16227766e+07  4.78462270e+01 
 3.41454887e+07  4.96973813e+00  3.41454887e+07  5.46325515e+01 
 3.68694506e+07  3.31385546e+00  3.68694506e+07  6.31132694e+01 
 3.98107171e+07  1.77440418e+00  3.98107171e+07  7.31468380e+01 
 4.29866235e+07  4.99962051e-01  4.29866235e+07  8.53073273e+01 
 4.64158883e+07 -3.66333216e-01  4.64158883e+07  9.89255324e+01 
 5.01187234e+07 -8.20403279e-01  5.01187234e+07  1.11810837e+02 
 5.41169527e+07 -8.30375755e-01  5.41169527e+07  1.24332403e+02 
 5.84341413e+07 -6.18941264e-01  5.84341413e+07  1.35368261e+02 
 6.30957344e+07 -2.54721186e-01  6.30957344e+07  1.44897259e+02 
 6.81292069e+07  2.89664199e-01  6.81292069e+07  1.51259171e+02 
 7.35642254e+07  5.88516928e-01  7.35642254e+07  1.57735227e+02 
 7.94328235e+07  1.18509009e+00  7.94328235e+07  1.62845415e+02 
 8.57695899e+07  1.51987016e+00  8.57695899e+07  1.67498345e+02 
 9.26118728e+07  1.94244806e+00  9.26118728e+07  1.71407214e+02 
 1.00000000e+08  2.27439882e+00  1.00000000e+08  1.74845799e+02 
 1.07977516e+08  2.71111573e+00  1.07977516e+08  1.78027261e+02 
 1.16591440e+08  3.18542524e+00  1.16591440e+08  1.80372408e+02 
 1.25892541e+08  3.44571721e+00  1.25892541e+08  1.82964335e+02 
 1.35935639e+08  3.90679336e+00  1.35935639e+08  1.84967461e+02 
 1.46779927e+08  3.98547863e+00  1.46779927e+08  1.86635197e+02 
 1.58489319e+08  4.40357942e+00  1.58489319e+08  1.88413918e+02 
 1.71132830e+08  5.06359010e+00  1.71132830e+08  1.89068001e+02 
 1.84784980e+08  5.30139248e+00  1.84784980e+08  1.90429573e+02 
 1.99526231e+08  6.01393707e+00  1.99526231e+08  1.90568450e+02 
 2.15443469e+08  6.37340277e+00  2.15443469e+08  1.91222631e+02 
 2.32630507e+08  6.53636980e+00  2.32630507e+08  1.91038212e+02 
 2.51188643e+08  6.83507439e+00  2.51188643e+08  1.90723385e+02 
 2.71227258e+08  6.79379137e+00  2.71227258e+08  1.89967661e+02 
 2.92864456e+08  6.85301326e+00  2.92864456e+08  1.89364454e+02 
 3.16227766e+08  7.05776608e+00  3.16227766e+08  1.88794232e+02 
 3.41454887e+08  7.44811367e+00  3.41454887e+08  1.87575473e+02 
 3.68694506e+08  7.14616602e+00  3.68694506e+08  1.86971926e+02 
 3.98107171e+08  8.07029252e+00  3.98107171e+08  1.85895255e+02 
 4.29866235e+08  6.79730671e+00  4.29866235e+08  1.85113376e+02 
 4.64158883e+08  8.38306426e+00  4.64158883e+08  1.84213772e+02 
 5.01187234e+08  7.06694829e+00  5.01187234e+08  1.83685092e+02 
 5.41169527e+08  5.76134335e+00  5.41169527e+08  1.83159569e+02 
 5.84341413e+08  6.34922453e+00  5.84341413e+08  1.82551037e+02 
 6.30957344e+08  5.01283390e+00  6.30957344e+08  1.81899902e+02 
 6.81292069e+08  9.65049319e+00  6.81292069e+08  1.82121217e+02 
 7.35642254e+08  8.29684494e+00  7.35642254e+08  1.81489114e+02 
 7.94328235e+08  6.95548850e+00  7.94328235e+08  1.80808721e+02 
 8.57695899e+08  5.59672953e+00  8.57695899e+08  1.80636320e+02 
 9.26118728e+08  7.32534808e-01  9.26118728e+08  1.80338025e+02 
 1.00000000e+09  8.91088380e+00  1.00000000e+09  1.80693133e+02 
