 1.00000000e+00  4.61731458e+01  1.00000000e+00  1.79999998e+02 
 1.07977516e+00  4.61731458e+01  1.07977516e+00  1.79999998e+02 
 1.16591440e+00  4.61731458e+01  1.16591440e+00  1.79999998e+02 
 1.25892541e+00  4.61731458e+01  1.25892541e+00  1.79999998e+02 
 1.35935639e+00  4.61731458e+01  1.35935639e+00  1.79999998e+02 
 1.46779927e+00  4.61731458e+01  1.46779927e+00  1.79999998e+02 
 1.58489319e+00  4.61731458e+01  1.58489319e+00  1.79999997e+02 
 1.71132830e+00  4.61731458e+01  1.71132830e+00  1.79999997e+02 
 1.84784980e+00  4.61731458e+01  1.84784980e+00  1.79999997e+02 
 1.99526231e+00  4.61731458e+01  1.99526231e+00  1.79999997e+02 
 2.15443469e+00  4.61731458e+01  2.15443469e+00  1.79999997e+02 
 2.32630507e+00  4.61731458e+01  2.32630507e+00  1.79999996e+02 
 2.51188643e+00  4.61731458e+01  2.51188643e+00  1.79999996e+02 
 2.71227258e+00  4.61731458e+01  2.71227258e+00  1.79999996e+02 
 2.92864456e+00  4.61731458e+01  2.92864456e+00  1.79999995e+02 
 3.16227766e+00  4.61731458e+01  3.16227766e+00  1.79999995e+02 
 3.41454887e+00  4.61731458e+01  3.41454887e+00  1.79999994e+02 
 3.68694506e+00  4.61731458e+01  3.68694506e+00  1.79999994e+02 
 3.98107171e+00  4.61731458e+01  3.98107171e+00  1.79999994e+02 
 4.29866235e+00  4.61731458e+01  4.29866235e+00  1.79999993e+02 
 4.64158883e+00  4.61731458e+01  4.64158883e+00  1.79999993e+02 
 5.01187234e+00  4.61731458e+01  5.01187234e+00  1.79999992e+02 
 5.41169527e+00  4.61731458e+01  5.41169527e+00  1.79999991e+02 
 5.84341413e+00  4.61731458e+01  5.84341413e+00  1.79999991e+02 
 6.30957344e+00  4.61731458e+01  6.30957344e+00  1.79999990e+02 
 6.81292069e+00  4.61731458e+01  6.81292069e+00  1.79999989e+02 
 7.35642254e+00  4.61731458e+01  7.35642254e+00  1.79999988e+02 
 7.94328235e+00  4.61731458e+01  7.94328235e+00  1.79999987e+02 
 8.57695899e+00  4.61731458e+01  8.57695899e+00  1.79999986e+02 
 9.26118728e+00  4.61731458e+01  9.26118728e+00  1.79999985e+02 
 1.00000000e+01  4.61731458e+01  1.00000000e+01  1.79999984e+02 
 1.07977516e+01  4.61731458e+01  1.07977516e+01  1.79999983e+02 
 1.16591440e+01  4.61731458e+01  1.16591440e+01  1.79999981e+02 
 1.25892541e+01  4.61731458e+01  1.25892541e+01  1.79999980e+02 
 1.35935639e+01  4.61731458e+01  1.35935639e+01  1.79999978e+02 
 1.46779927e+01  4.61731458e+01  1.46779927e+01  1.79999976e+02 
 1.58489319e+01  4.61731458e+01  1.58489319e+01  1.79999974e+02 
 1.71132830e+01  4.61731458e+01  1.71132830e+01  1.79999972e+02 
 1.84784980e+01  4.61731458e+01  1.84784980e+01  1.79999970e+02 
 1.99526231e+01  4.61731458e+01  1.99526231e+01  1.79999968e+02 
 2.15443469e+01  4.61731458e+01  2.15443469e+01  1.79999965e+02 
 2.32630507e+01  4.61731458e+01  2.32630507e+01  1.79999962e+02 
 2.51188643e+01  4.61731458e+01  2.51188643e+01  1.79999960e+02 
 2.71227258e+01  4.61731458e+01  2.71227258e+01  1.79999956e+02 
 2.92864456e+01  4.61731458e+01  2.92864456e+01  1.79999953e+02 
 3.16227766e+01  4.61731458e+01  3.16227766e+01  1.79999949e+02 
 3.41454887e+01  4.61731458e+01  3.41454887e+01  1.79999945e+02 
 3.68694506e+01  4.61731458e+01  3.68694506e+01  1.79999941e+02 
 3.98107171e+01  4.61731458e+01  3.98107171e+01  1.79999936e+02 
 4.29866235e+01  4.61731458e+01  4.29866235e+01  1.79999931e+02 
 4.64158883e+01  4.61731458e+01  4.64158883e+01  1.79999925e+02 
 5.01187234e+01  4.61731458e+01  5.01187234e+01  1.79999919e+02 
 5.41169527e+01  4.61731458e+01  5.41169527e+01  1.79999913e+02 
 5.84341413e+01  4.61731458e+01  5.84341413e+01  1.79999906e+02 
 6.30957344e+01  4.61731458e+01  6.30957344e+01  1.79999898e+02 
 6.81292069e+01  4.61731458e+01  6.81292069e+01  1.79999890e+02 
 7.35642254e+01  4.61731458e+01  7.35642254e+01  1.79999881e+02 
 7.94328235e+01  4.61731458e+01  7.94328235e+01  1.79999872e+02 
 8.57695899e+01  4.61731458e+01  8.57695899e+01  1.79999862e+02 
 9.26118728e+01  4.61731458e+01  9.26118728e+01  1.79999851e+02 
 1.00000000e+02  4.61731458e+01  1.00000000e+02  1.79999839e+02 
 1.07977516e+02  4.61731458e+01  1.07977516e+02  1.79999826e+02 
 1.16591440e+02  4.61731458e+01  1.16591440e+02  1.79999812e+02 
 1.25892541e+02  4.61731458e+01  1.25892541e+02  1.79999797e+02 
 1.35935639e+02  4.61731458e+01  1.35935639e+02  1.79999781e+02 
 1.46779927e+02  4.61731458e+01  1.46779927e+02  1.79999763e+02 
 1.58489319e+02  4.61731458e+01  1.58489319e+02  1.79999744e+02 
 1.71132830e+02  4.61731458e+01  1.71132830e+02  1.79999724e+02 
 1.84784980e+02  4.61731458e+01  1.84784980e+02  1.79999702e+02 
 1.99526231e+02  4.61731458e+01  1.99526231e+02  1.79999678e+02 
 2.15443469e+02  4.61731458e+01  2.15443469e+02  1.79999653e+02 
 2.32630507e+02  4.61731458e+01  2.32630507e+02  1.79999625e+02 
 2.51188643e+02  4.61731458e+01  2.51188643e+02  1.79999595e+02 
 2.71227258e+02  4.61731459e+01  2.71227258e+02  1.79999563e+02 
 2.92864456e+02  4.61731459e+01  2.92864456e+02  1.79999528e+02 
 3.16227766e+02  4.61731459e+01  3.16227766e+02  1.79999490e+02 
 3.41454887e+02  4.61731459e+01  3.41454887e+02  1.79999450e+02 
 3.68694506e+02  4.61731459e+01  3.68694506e+02  1.79999406e+02 
 3.98107171e+02  4.61731459e+01  3.98107171e+02  1.79999358e+02 
 4.29866235e+02  4.61731459e+01  4.29866235e+02  1.79999307e+02 
 4.64158883e+02  4.61731459e+01  4.64158883e+02  1.79999252e+02 
 5.01187234e+02  4.61731460e+01  5.01187234e+02  1.79999192e+02 
 5.41169527e+02  4.61731460e+01  5.41169527e+02  1.79999128e+02 
 5.84341413e+02  4.61731460e+01  5.84341413e+02  1.79999058e+02 
 6.30957344e+02  4.61731461e+01  6.30957344e+02  1.79998983e+02 
 6.81292069e+02  4.61731461e+01  6.81292069e+02  1.79998902e+02 
 7.35642254e+02  4.61731462e+01  7.35642254e+02  1.79998814e+02 
 7.94328235e+02  4.61731462e+01  7.94328235e+02  1.79998719e+02 
 8.57695899e+02  4.61731463e+01  8.57695899e+02  1.79998617e+02 
 9.26118728e+02  4.61731464e+01  9.26118728e+02  1.79998507e+02 
 1.00000000e+03  4.61731465e+01  1.00000000e+03  1.79998388e+02 
 1.07977516e+03  4.61731466e+01  1.07977516e+03  1.79998259e+02 
 1.16591440e+03  4.61731467e+01  1.16591440e+03  1.79998120e+02 
 1.25892541e+03  4.61731468e+01  1.25892541e+03  1.79997970e+02 
 1.35935639e+03  4.61731470e+01  1.35935639e+03  1.79997809e+02 
 1.46779927e+03  4.61731472e+01  1.46779927e+03  1.79997634e+02 
 1.58489319e+03  4.61731474e+01  1.58489319e+03  1.79997445e+02 
 1.71132830e+03  4.61731477e+01  1.71132830e+03  1.79997241e+02 
 1.84784980e+03  4.61731480e+01  1.84784980e+03  1.79997021e+02 
 1.99526231e+03  4.61731484e+01  1.99526231e+03  1.79996783e+02 
 2.15443469e+03  4.61731488e+01  2.15443469e+03  1.79996527e+02 
 2.32630507e+03  4.61731493e+01  2.32630507e+03  1.79996250e+02 
 2.51188643e+03  4.61731499e+01  2.51188643e+03  1.79995950e+02 
 2.71227258e+03  4.61731506e+01  2.71227258e+03  1.79995627e+02 
 2.92864456e+03  4.61731514e+01  2.92864456e+03  1.79995279e+02 
 3.16227766e+03  4.61731523e+01  3.16227766e+03  1.79994902e+02 
 3.41454887e+03  4.61731534e+01  3.41454887e+03  1.79994495e+02 
 3.68694506e+03  4.61731547e+01  3.68694506e+03  1.79994056e+02 
 3.98107171e+03  4.61731562e+01  3.98107171e+03  1.79993582e+02 
 4.29866235e+03  4.61731579e+01  4.29866235e+03  1.79993070e+02 
 4.64158883e+03  4.61731599e+01  4.64158883e+03  1.79992517e+02 
 5.01187234e+03  4.61731622e+01  5.01187234e+03  1.79991920e+02 
 5.41169527e+03  4.61731649e+01  5.41169527e+03  1.79991276e+02 
 5.84341413e+03  4.61731681e+01  5.84341413e+03  1.79990580e+02 
 6.30957344e+03  4.61731718e+01  6.30957344e+03  1.79989828e+02 
 6.81292069e+03  4.61731761e+01  6.81292069e+03  1.79989017e+02 
 7.35642254e+03  4.61731812e+01  7.35642254e+03  1.79988140e+02 
 7.94328235e+03  4.61731870e+01  7.94328235e+03  1.79987194e+02 
 8.57695899e+03  4.61731939e+01  8.57695899e+03  1.79986173e+02 
 9.26118728e+03  4.61732018e+01  9.26118728e+03  1.79985070e+02 
 1.00000000e+04  4.61732111e+01  1.00000000e+04  1.79983878e+02 
 1.07977516e+04  4.61732220e+01  1.07977516e+04  1.79982592e+02 
 1.16591440e+04  4.61732346e+01  1.16591440e+04  1.79981203e+02 
 1.25892541e+04  4.61732493e+01  1.25892541e+04  1.79979704e+02 
 1.35935639e+04  4.61732665e+01  1.35935639e+04  1.79978085e+02 
 1.46779927e+04  4.61732865e+01  1.46779927e+04  1.79976336e+02 
 1.58489319e+04  4.61733099e+01  1.58489319e+04  1.79974448e+02 
 1.71132830e+04  4.61733371e+01  1.71132830e+04  1.79972410e+02 
 1.84784980e+04  4.61733689e+01  1.84784980e+04  1.79970209e+02 
 1.99526231e+04  4.61734059e+01  1.99526231e+04  1.79967832e+02 
 2.15443469e+04  4.61734490e+01  2.15443469e+04  1.79965265e+02 
 2.32630507e+04  4.61734993e+01  2.32630507e+04  1.79962494e+02 
 2.51188643e+04  4.61735580e+01  2.51188643e+04  1.79959502e+02 
 2.71227258e+04  4.61736264e+01  2.71227258e+04  1.79956270e+02 
 2.92864456e+04  4.61737061e+01  2.92864456e+04  1.79952781e+02 
 3.16227766e+04  4.61737991e+01  3.16227766e+04  1.79949013e+02 
 3.41454887e+04  4.61739075e+01  3.41454887e+04  1.79944944e+02 
 3.68694506e+04  4.61740338e+01  3.68694506e+04  1.79940551e+02 
 3.98107171e+04  4.61741812e+01  3.98107171e+04  1.79935806e+02 
 4.29866235e+04  4.61743530e+01  4.29866235e+04  1.79930683e+02 
 4.64158883e+04  4.61745533e+01  4.64158883e+04  1.79925150e+02 
 5.01187234e+04  4.61747869e+01  5.01187234e+04  1.79919175e+02 
 5.41169527e+04  4.61750591e+01  5.41169527e+04  1.79912722e+02 
 5.84341413e+04  4.61753767e+01  5.84341413e+04  1.79905754e+02 
 6.30957344e+04  4.61757468e+01  6.30957344e+04  1.79898228e+02 
 6.81292069e+04  4.61761785e+01  6.81292069e+04  1.79890099e+02 
 7.35642254e+04  4.61766817e+01  7.35642254e+04  1.79881320e+02 
 7.94328235e+04  4.61772685e+01  7.94328235e+04  1.79871837e+02 
 8.57695899e+04  4.61779527e+01  8.57695899e+04  1.79861594e+02 
 9.26118728e+04  4.61787505e+01  9.26118728e+04  1.79850529e+02 
 1.00000000e+05  4.61796807e+01  1.00000000e+05  1.79838574e+02 
 1.07977516e+05  4.61807654e+01  1.07977516e+05  1.79825659e+02 
 1.16591440e+05  4.61820303e+01  1.16591440e+05  1.79811703e+02 
 1.25892541e+05  4.61835052e+01  1.25892541e+05  1.79796621e+02 
 1.35935639e+05  4.61852253e+01  1.35935639e+05  1.79780321e+02 
 1.46779927e+05  4.61872309e+01  1.46779927e+05  1.79762701e+02 
 1.58489319e+05  4.61895702e+01  1.58489319e+05  1.79743650e+02 
 1.71132830e+05  4.61922982e+01  1.71132830e+05  1.79723048e+02 
 1.84784980e+05  4.61954794e+01  1.84784980e+05  1.79700763e+02 
 1.99526231e+05  4.61991904e+01  1.99526231e+05  1.79676652e+02 
 2.15443469e+05  4.62035191e+01  2.15443469e+05  1.79650554e+02 
 2.32630507e+05  4.62085678e+01  2.32630507e+05  1.79622295e+02 
 2.51188643e+05  4.62144593e+01  2.51188643e+05  1.79591682e+02 
 2.71227258e+05  4.62213320e+01  2.71227258e+05  1.79558502e+02 
 2.92864456e+05  4.62293521e+01  2.92864456e+05  1.79522517e+02 
 3.16227766e+05  4.62387122e+01  3.16227766e+05  1.79483461e+02 
 3.41454887e+05  4.62496362e+01  3.41454887e+05  1.79441037e+02 
 3.68694506e+05  4.62623933e+01  3.68694506e+05  1.79394908e+02 
 3.98107171e+05  4.62772881e+01  3.98107171e+05  1.79344696e+02 
 4.29866235e+05  4.62946841e+01  4.29866235e+05  1.79289967e+02 
 4.64158883e+05  4.63150077e+01  4.64158883e+05  1.79230223e+02 
 5.01187234e+05  4.63387686e+01  5.01187234e+05  1.79164890e+02 
 5.41169527e+05  4.63665472e+01  5.41169527e+05  1.79093301e+02 
 5.84341413e+05  4.63990467e+01  5.84341413e+05  1.79014669e+02 
 6.30957344e+05  4.64370885e+01  6.30957344e+05  1.78928069e+02 
 6.81292069e+05  4.64816444e+01  6.81292069e+05  1.78832395e+02 
 7.35642254e+05  4.65338818e+01  7.35642254e+05  1.78726313e+02 
 7.94328235e+05  4.65951663e+01  7.94328235e+05  1.78608205e+02 
 8.57695899e+05  4.66671576e+01  8.57695899e+05  1.78476083e+02 
 9.26118728e+05  4.67518388e+01  9.26118728e+05  1.78327475e+02 
 1.00000000e+06  4.68515798e+01  1.00000000e+06  1.78159282e+02 
 1.07977516e+06  4.69692977e+01  1.07977516e+06  1.77967560e+02 
 1.16591440e+06  4.71085286e+01  1.16591440e+06  1.77747230e+02 
 1.25892541e+06  4.72736479e+01  1.25892541e+06  1.77491641e+02 
 1.35935639e+06  4.74700547e+01  1.35935639e+06  1.77191965e+02 
 1.46779927e+06  4.77045873e+01  1.46779927e+06  1.76836232e+02 
 1.58489319e+06  4.79859444e+01  1.58489319e+06  1.76407892e+02 
 1.71132830e+06  4.83254349e+01  1.71132830e+06  1.75883424e+02 
 1.84784980e+06  4.87378287e+01  1.84784980e+06  1.75228522e+02 
 1.99526231e+06  4.92433975e+01  1.99526231e+06  1.74391156e+02 
 2.15443469e+06  4.98698729e+01  2.15443469e+06  1.73289055e+02 
 2.32630507e+06  5.06574848e+01  2.32630507e+06  1.71784501e+02 
 2.51188643e+06  5.16660201e+01  2.51188643e+06  1.69630425e+02 
 2.71227258e+06  5.29884380e+01  2.71227258e+06  1.66340307e+02 
 2.92864456e+06  5.47727883e+01  2.92864456e+06  1.60829775e+02 
 3.16227766e+06  5.72297980e+01  3.16227766e+06  1.50266633e+02 
 3.41454887e+06  6.02571162e+01  3.41454887e+06  1.26452802e+02 
 3.68694506e+06  6.08162235e+01  3.68694506e+06  8.09211581e+01 
 3.98107171e+06  5.68786481e+01  3.98107171e+06  4.66099769e+01 
 4.29866235e+06  5.27333825e+01  4.29866235e+06  3.16899791e+01 
 4.64158883e+06  4.93255393e+01  4.64158883e+06  2.45784255e+01 
 5.01187234e+06  4.64695750e+01  5.01187234e+06  2.06763399e+01 
 5.41169527e+06  4.39852635e+01  5.41169527e+06  1.83443007e+01 
 5.84341413e+06  4.17565968e+01  5.84341413e+06  1.68971007e+01 
 6.30957344e+06  3.97122917e+01  6.30957344e+06  1.60046991e+01 
 6.81292069e+06  3.78015235e+01  6.81292069e+06  1.54940940e+01 
 7.35642254e+06  3.59928997e+01  7.35642254e+06  1.52653229e+01 
 7.94328235e+06  3.42626982e+01  7.94328235e+06  1.52577231e+01 
 8.57695899e+06  3.25917448e+01  8.57695899e+06  1.54363704e+01 
 9.26118728e+06  3.09683235e+01  9.26118728e+06  1.57782934e+01 
 1.00000000e+07  2.93803187e+01  1.00000000e+07  1.62758785e+01 
 1.07977516e+07  2.78199821e+01  1.07977516e+07  1.69195498e+01 
 1.16591440e+07  2.62788019e+01  1.16591440e+07  1.77106784e+01 
 1.25892541e+07  2.47527882e+01  1.25892541e+07  1.86563246e+01 
 1.35935639e+07  2.32346364e+01  1.35935639e+07  1.97652660e+01 
 1.46779927e+07  2.17229519e+01  1.46779927e+07  2.10540303e+01 
 1.58489319e+07  2.02066081e+01  1.58489319e+07  2.25435221e+01 
 1.71132830e+07  1.86852644e+01  1.71132830e+07  2.42542649e+01 
 1.84784980e+07  1.71519206e+01  1.84784980e+07  2.62285367e+01 
 1.99526231e+07  1.56075904e+01  1.99526231e+07  2.85082500e+01 
 2.15443469e+07  1.40509992e+01  2.15443469e+07  3.11793688e+01 
 2.32630507e+07  1.24603832e+01  2.32630507e+07  3.43405622e+01 
 2.51188643e+07  1.08529332e+01  2.51188643e+07  3.79761377e+01 
 2.71227258e+07  9.22858733e+00  2.71227258e+07  4.23160045e+01 
 2.92864456e+07  7.59468677e+00  2.92864456e+07  4.75805774e+01 
 3.16227766e+07  5.95161343e+00  3.16227766e+07  5.39257058e+01 
 3.41454887e+07  4.36451153e+00  3.41454887e+07  6.16410980e+01 
 3.68694506e+07  2.87259777e+00  3.68694506e+07  7.09345172e+01 
 3.98107171e+07  1.60500721e+00  3.98107171e+07  8.16745361e+01 
 4.29866235e+07  5.50946528e-01  4.29866235e+07  9.37662930e+01 
 4.64158883e+07 -1.84112613e-02  4.64158883e+07  1.05904382e+02 
 5.01187234e+07 -3.11865096e-01  5.01187234e+07  1.18404312e+02 
 5.41169527e+07 -3.12323134e-01  5.41169527e+07  1.29930580e+02 
 5.84341413e+07  3.26679136e-02  5.84341413e+07  1.38344406e+02 
 6.30957344e+07  2.65875912e-01  6.30957344e+07  1.46725668e+02 
 6.81292069e+07  6.92511108e-01  6.81292069e+07  1.52752706e+02 
 7.35642254e+07  1.18455802e+00  7.35642254e+07  1.58447789e+02 
 7.94328235e+07  1.48263875e+00  7.94328235e+07  1.63638808e+02 
 8.57695899e+07  1.97913808e+00  8.57695899e+07  1.67493490e+02 
 9.26118728e+07  2.27610434e+00  9.26118728e+07  1.71087744e+02 
 1.00000000e+08  2.57327378e+00  1.00000000e+08  1.74595290e+02 
 1.07977516e+08  3.08310157e+00  1.07977516e+08  1.77218924e+02 
 1.16591440e+08  3.13950310e+00  1.16591440e+08  1.80128319e+02 
 1.25892541e+08  3.70752052e+00  1.25892541e+08  1.82330048e+02 
 1.35935639e+08  4.02594731e+00  1.35935639e+08  1.84284323e+02 
 1.46779927e+08  4.24668946e+00  1.46779927e+08  1.85886138e+02 
 1.58489319e+08  4.65782436e+00  1.58489319e+08  1.87198055e+02 
 1.71132830e+08  5.11952539e+00  1.71132830e+08  1.88468235e+02 
 1.84784980e+08  5.33206796e+00  1.84784980e+08  1.89436625e+02 
 1.99526231e+08  5.43099039e+00  1.99526231e+08  1.90147070e+02 
 2.15443469e+08  6.36262946e+00  2.15443469e+08  1.90182142e+02 
 2.32630507e+08  6.91701978e+00  2.32630507e+08  1.89800618e+02 
 2.51188643e+08  7.27413545e+00  2.51188643e+08  1.89622572e+02 
 2.71227258e+08  6.20725199e+00  2.71227258e+08  1.89365682e+02 
 2.92864456e+08  7.39811029e+00  2.92864456e+08  1.88594224e+02 
 3.16227766e+08  6.25859387e+00  3.16227766e+08  1.88173343e+02 
 3.41454887e+08  6.52472832e+00  3.41454887e+08  1.87126193e+02 
 3.68694506e+08  7.02776104e+00  3.68694506e+08  1.86274971e+02 
 3.98107171e+08  6.78650470e+00  3.98107171e+08  1.85560112e+02 
 4.29866235e+08  9.57062157e+00  4.29866235e+08  1.84600561e+02 
 4.64158883e+08  6.70162868e+00  4.64158883e+08  1.84002425e+02 
 5.01187234e+08  6.94262067e+00  5.01187234e+08  1.83422698e+02 
 5.41169527e+08  1.00555070e+01  5.41169527e+08  1.82758342e+02 
 5.84341413e+08  8.71541032e+00  5.84341413e+08  1.82342307e+02 
 6.30957344e+08  1.08799651e+01  6.30957344e+08  1.82035609e+02 
 6.81292069e+08  3.52719807e+00  6.81292069e+08  1.81540896e+02 
 7.35642254e+08  4.68157567e+00  7.35642254e+08  1.81080570e+02 
 7.94328235e+08  1.28396805e+01  7.94328235e+08  1.81420973e+02 
 8.57695899e+08  1.14960483e+01  8.57695899e+08  1.80552885e+02 
 9.26118728e+08  4.14014484e+00  9.26118728e+08  1.80600446e+02 
 1.00000000e+09  2.78326338e+00  1.00000000e+09  1.80726868e+02 
