 1.00000000e+00  4.69077889e+01  1.00000000e+00  1.79999998e+02 
 1.07977516e+00  4.69077889e+01  1.07977516e+00  1.79999998e+02 
 1.16591440e+00  4.69077889e+01  1.16591440e+00  1.79999998e+02 
 1.25892541e+00  4.69077889e+01  1.25892541e+00  1.79999998e+02 
 1.35935639e+00  4.69077889e+01  1.35935639e+00  1.79999998e+02 
 1.46779927e+00  4.69077889e+01  1.46779927e+00  1.79999997e+02 
 1.58489319e+00  4.69077889e+01  1.58489319e+00  1.79999997e+02 
 1.71132830e+00  4.69077889e+01  1.71132830e+00  1.79999997e+02 
 1.84784980e+00  4.69077889e+01  1.84784980e+00  1.79999997e+02 
 1.99526231e+00  4.69077889e+01  1.99526231e+00  1.79999996e+02 
 2.15443469e+00  4.69077889e+01  2.15443469e+00  1.79999996e+02 
 2.32630507e+00  4.69077889e+01  2.32630507e+00  1.79999996e+02 
 2.51188643e+00  4.69077889e+01  2.51188643e+00  1.79999996e+02 
 2.71227258e+00  4.69077889e+01  2.71227258e+00  1.79999995e+02 
 2.92864456e+00  4.69077889e+01  2.92864456e+00  1.79999995e+02 
 3.16227766e+00  4.69077889e+01  3.16227766e+00  1.79999994e+02 
 3.41454887e+00  4.69077889e+01  3.41454887e+00  1.79999994e+02 
 3.68694506e+00  4.69077889e+01  3.68694506e+00  1.79999993e+02 
 3.98107171e+00  4.69077889e+01  3.98107171e+00  1.79999993e+02 
 4.29866235e+00  4.69077889e+01  4.29866235e+00  1.79999992e+02 
 4.64158883e+00  4.69077889e+01  4.64158883e+00  1.79999992e+02 
 5.01187234e+00  4.69077889e+01  5.01187234e+00  1.79999991e+02 
 5.41169527e+00  4.69077889e+01  5.41169527e+00  1.79999990e+02 
 5.84341413e+00  4.69077889e+01  5.84341413e+00  1.79999990e+02 
 6.30957344e+00  4.69077889e+01  6.30957344e+00  1.79999989e+02 
 6.81292069e+00  4.69077889e+01  6.81292069e+00  1.79999988e+02 
 7.35642254e+00  4.69077889e+01  7.35642254e+00  1.79999987e+02 
 7.94328235e+00  4.69077889e+01  7.94328235e+00  1.79999986e+02 
 8.57695899e+00  4.69077889e+01  8.57695899e+00  1.79999985e+02 
 9.26118728e+00  4.69077889e+01  9.26118728e+00  1.79999984e+02 
 1.00000000e+01  4.69077889e+01  1.00000000e+01  1.79999982e+02 
 1.07977516e+01  4.69077889e+01  1.07977516e+01  1.79999981e+02 
 1.16591440e+01  4.69077889e+01  1.16591440e+01  1.79999979e+02 
 1.25892541e+01  4.69077889e+01  1.25892541e+01  1.79999978e+02 
 1.35935639e+01  4.69077889e+01  1.35935639e+01  1.79999976e+02 
 1.46779927e+01  4.69077889e+01  1.46779927e+01  1.79999974e+02 
 1.58489319e+01  4.69077889e+01  1.58489319e+01  1.79999972e+02 
 1.71132830e+01  4.69077889e+01  1.71132830e+01  1.79999970e+02 
 1.84784980e+01  4.69077889e+01  1.84784980e+01  1.79999967e+02 
 1.99526231e+01  4.69077889e+01  1.99526231e+01  1.79999965e+02 
 2.15443469e+01  4.69077889e+01  2.15443469e+01  1.79999962e+02 
 2.32630507e+01  4.69077889e+01  2.32630507e+01  1.79999959e+02 
 2.51188643e+01  4.69077889e+01  2.51188643e+01  1.79999956e+02 
 2.71227258e+01  4.69077889e+01  2.71227258e+01  1.79999952e+02 
 2.92864456e+01  4.69077889e+01  2.92864456e+01  1.79999948e+02 
 3.16227766e+01  4.69077889e+01  3.16227766e+01  1.79999944e+02 
 3.41454887e+01  4.69077889e+01  3.41454887e+01  1.79999940e+02 
 3.68694506e+01  4.69077889e+01  3.68694506e+01  1.79999935e+02 
 3.98107171e+01  4.69077889e+01  3.98107171e+01  1.79999930e+02 
 4.29866235e+01  4.69077889e+01  4.29866235e+01  1.79999924e+02 
 4.64158883e+01  4.69077889e+01  4.64158883e+01  1.79999918e+02 
 5.01187234e+01  4.69077889e+01  5.01187234e+01  1.79999911e+02 
 5.41169527e+01  4.69077889e+01  5.41169527e+01  1.79999904e+02 
 5.84341413e+01  4.69077889e+01  5.84341413e+01  1.79999897e+02 
 6.30957344e+01  4.69077889e+01  6.30957344e+01  1.79999889e+02 
 6.81292069e+01  4.69077889e+01  6.81292069e+01  1.79999880e+02 
 7.35642254e+01  4.69077889e+01  7.35642254e+01  1.79999870e+02 
 7.94328235e+01  4.69077889e+01  7.94328235e+01  1.79999860e+02 
 8.57695899e+01  4.69077889e+01  8.57695899e+01  1.79999848e+02 
 9.26118728e+01  4.69077889e+01  9.26118728e+01  1.79999836e+02 
 1.00000000e+02  4.69077889e+01  1.00000000e+02  1.79999823e+02 
 1.07977516e+02  4.69077889e+01  1.07977516e+02  1.79999809e+02 
 1.16591440e+02  4.69077889e+01  1.16591440e+02  1.79999794e+02 
 1.25892541e+02  4.69077889e+01  1.25892541e+02  1.79999778e+02 
 1.35935639e+02  4.69077889e+01  1.35935639e+02  1.79999760e+02 
 1.46779927e+02  4.69077889e+01  1.46779927e+02  1.79999741e+02 
 1.58489319e+02  4.69077889e+01  1.58489319e+02  1.79999720e+02 
 1.71132830e+02  4.69077889e+01  1.71132830e+02  1.79999698e+02 
 1.84784980e+02  4.69077889e+01  1.84784980e+02  1.79999673e+02 
 1.99526231e+02  4.69077889e+01  1.99526231e+02  1.79999647e+02 
 2.15443469e+02  4.69077889e+01  2.15443469e+02  1.79999619e+02 
 2.32630507e+02  4.69077889e+01  2.32630507e+02  1.79999589e+02 
 2.51188643e+02  4.69077889e+01  2.51188643e+02  1.79999556e+02 
 2.71227258e+02  4.69077889e+01  2.71227258e+02  1.79999521e+02 
 2.92864456e+02  4.69077889e+01  2.92864456e+02  1.79999482e+02 
 3.16227766e+02  4.69077889e+01  3.16227766e+02  1.79999441e+02 
 3.41454887e+02  4.69077890e+01  3.41454887e+02  1.79999397e+02 
 3.68694506e+02  4.69077890e+01  3.68694506e+02  1.79999348e+02 
 3.98107171e+02  4.69077890e+01  3.98107171e+02  1.79999296e+02 
 4.29866235e+02  4.69077890e+01  4.29866235e+02  1.79999240e+02 
 4.64158883e+02  4.69077890e+01  4.64158883e+02  1.79999180e+02 
 5.01187234e+02  4.69077890e+01  5.01187234e+02  1.79999114e+02 
 5.41169527e+02  4.69077891e+01  5.41169527e+02  1.79999044e+02 
 5.84341413e+02  4.69077891e+01  5.84341413e+02  1.79998967e+02 
 6.30957344e+02  4.69077891e+01  6.30957344e+02  1.79998885e+02 
 6.81292069e+02  4.69077892e+01  6.81292069e+02  1.79998796e+02 
 7.35642254e+02  4.69077892e+01  7.35642254e+02  1.79998700e+02 
 7.94328235e+02  4.69077893e+01  7.94328235e+02  1.79998596e+02 
 8.57695899e+02  4.69077894e+01  8.57695899e+02  1.79998484e+02 
 9.26118728e+02  4.69077894e+01  9.26118728e+02  1.79998363e+02 
 1.00000000e+03  4.69077895e+01  1.00000000e+03  1.79998233e+02 
 1.07977516e+03  4.69077896e+01  1.07977516e+03  1.79998092e+02 
 1.16591440e+03  4.69077898e+01  1.16591440e+03  1.79997940e+02 
 1.25892541e+03  4.69077899e+01  1.25892541e+03  1.79997775e+02 
 1.35935639e+03  4.69077901e+01  1.35935639e+03  1.79997598e+02 
 1.46779927e+03  4.69077903e+01  1.46779927e+03  1.79997406e+02 
 1.58489319e+03  4.69077905e+01  1.58489319e+03  1.79997199e+02 
 1.71132830e+03  4.69077908e+01  1.71132830e+03  1.79996976e+02 
 1.84784980e+03  4.69077911e+01  1.84784980e+03  1.79996735e+02 
 1.99526231e+03  4.69077915e+01  1.99526231e+03  1.79996474e+02 
 2.15443469e+03  4.69077919e+01  2.15443469e+03  1.79996193e+02 
 2.32630507e+03  4.69077924e+01  2.32630507e+03  1.79995889e+02 
 2.51188643e+03  4.69077930e+01  2.51188643e+03  1.79995561e+02 
 2.71227258e+03  4.69077937e+01  2.71227258e+03  1.79995207e+02 
 2.92864456e+03  4.69077945e+01  2.92864456e+03  1.79994825e+02 
 3.16227766e+03  4.69077955e+01  3.16227766e+03  1.79994412e+02 
 3.41454887e+03  4.69077966e+01  3.41454887e+03  1.79993966e+02 
 3.68694506e+03  4.69077978e+01  3.68694506e+03  1.79993485e+02 
 3.98107171e+03  4.69077993e+01  3.98107171e+03  1.79992965e+02 
 4.29866235e+03  4.69078011e+01  4.29866235e+03  1.79992404e+02 
 4.64158883e+03  4.69078031e+01  4.64158883e+03  1.79991798e+02 
 5.01187234e+03  4.69078055e+01  5.01187234e+03  1.79991143e+02 
 5.41169527e+03  4.69078082e+01  5.41169527e+03  1.79990437e+02 
 5.84341413e+03  4.69078114e+01  5.84341413e+03  1.79989674e+02 
 6.30957344e+03  4.69078152e+01  6.30957344e+03  1.79988850e+02 
 6.81292069e+03  4.69078195e+01  6.81292069e+03  1.79987961e+02 
 7.35642254e+03  4.69078246e+01  7.35642254e+03  1.79987000e+02 
 7.94328235e+03  4.69078305e+01  7.94328235e+03  1.79985963e+02 
 8.57695899e+03  4.69078374e+01  8.57695899e+03  1.79984843e+02 
 9.26118728e+03  4.69078455e+01  9.26118728e+03  1.79983634e+02 
 1.00000000e+04  4.69078549e+01  1.00000000e+04  1.79982329e+02 
 1.07977516e+04  4.69078658e+01  1.07977516e+04  1.79980919e+02 
 1.16591440e+04  4.69078786e+01  1.16591440e+04  1.79979397e+02 
 1.25892541e+04  4.69078935e+01  1.25892541e+04  1.79977753e+02 
 1.35935639e+04  4.69079108e+01  1.35935639e+04  1.79975978e+02 
 1.46779927e+04  4.69079311e+01  1.46779927e+04  1.79974062e+02 
 1.58489319e+04  4.69079547e+01  1.58489319e+04  1.79971992e+02 
 1.71132830e+04  4.69079822e+01  1.71132830e+04  1.79969758e+02 
 1.84784980e+04  4.69080143e+01  1.84784980e+04  1.79967345e+02 
 1.99526231e+04  4.69080517e+01  1.99526231e+04  1.79964740e+02 
 2.15443469e+04  4.69080953e+01  2.15443469e+04  1.79961926e+02 
 2.32630507e+04  4.69081461e+01  2.32630507e+04  1.79958889e+02 
 2.51188643e+04  4.69082054e+01  2.51188643e+04  1.79955608e+02 
 2.71227258e+04  4.69082745e+01  2.71227258e+04  1.79952067e+02 
 2.92864456e+04  4.69083550e+01  2.92864456e+04  1.79948242e+02 
 3.16227766e+04  4.69084490e+01  3.16227766e+04  1.79944112e+02 
 3.41454887e+04  4.69085585e+01  3.41454887e+04  1.79939652e+02 
 3.68694506e+04  4.69086862e+01  3.68694506e+04  1.79934836e+02 
 3.98107171e+04  4.69088351e+01  3.98107171e+04  1.79929636e+02 
 4.29866235e+04  4.69090087e+01  4.29866235e+04  1.79924020e+02 
 4.64158883e+04  4.69092111e+01  4.64158883e+04  1.79917956e+02 
 5.01187234e+04  4.69094470e+01  5.01187234e+04  1.79911407e+02 
 5.41169527e+04  4.69097222e+01  5.41169527e+04  1.79904334e+02 
 5.84341413e+04  4.69100430e+01  5.84341413e+04  1.79896696e+02 
 6.30957344e+04  4.69104170e+01  6.30957344e+04  1.79888447e+02 
 6.81292069e+04  4.69108531e+01  6.81292069e+04  1.79879538e+02 
 7.35642254e+04  4.69113616e+01  7.35642254e+04  1.79869916e+02 
 7.94328235e+04  4.69119546e+01  7.94328235e+04  1.79859522e+02 
 8.57695899e+04  4.69126459e+01  8.57695899e+04  1.79848296e+02 
 9.26118728e+04  4.69134520e+01  9.26118728e+04  1.79836169e+02 
 1.00000000e+05  4.69143920e+01  1.00000000e+05  1.79823068e+02 
 1.07977516e+05  4.69154880e+01  1.07977516e+05  1.79808913e+02 
 1.16591440e+05  4.69167660e+01  1.16591440e+05  1.79793619e+02 
 1.25892541e+05  4.69182564e+01  1.25892541e+05  1.79777093e+02 
 1.35935639e+05  4.69199943e+01  1.35935639e+05  1.79759231e+02 
 1.46779927e+05  4.69220210e+01  1.46779927e+05  1.79739924e+02 
 1.58489319e+05  4.69243842e+01  1.58489319e+05  1.79719051e+02 
 1.71132830e+05  4.69271407e+01  1.71132830e+05  1.79696481e+02 
 1.84784980e+05  4.69303554e+01  1.84784980e+05  1.79672069e+02 
 1.99526231e+05  4.69341054e+01  1.99526231e+05  1.79645657e+02 
 2.15443469e+05  4.69384792e+01  2.15443469e+05  1.79617074e+02 
 2.32630507e+05  4.69435809e+01  2.32630507e+05  1.79586128e+02 
 2.51188643e+05  4.69495339e+01  2.51188643e+05  1.79552609e+02 
 2.71227258e+05  4.69564784e+01  2.71227258e+05  1.79516286e+02 
 2.92864456e+05  4.69645823e+01  2.92864456e+05  1.79476901e+02 
 3.16227766e+05  4.69740409e+01  3.16227766e+05  1.79434164e+02 
 3.41454887e+05  4.69850806e+01  3.41454887e+05  1.79387755e+02 
 3.68694506e+05  4.69979691e+01  3.68694506e+05  1.79337310e+02 
 3.98107171e+05  4.70130186e+01  3.98107171e+05  1.79282420e+02 
 4.29866235e+05  4.70306008e+01  4.29866235e+05  1.79222617e+02 
 4.64158883e+05  4.70511412e+01  4.64158883e+05  1.79157367e+02 
 5.01187234e+05  4.70751504e+01  5.01187234e+05  1.79086053e+02 
 5.41169527e+05  4.71032243e+01  5.41169527e+05  1.79007959e+02 
 5.84341413e+05  4.71360683e+01  5.84341413e+05  1.78922247e+02 
 6.30957344e+05  4.71745129e+01  6.30957344e+05  1.78827928e+02 
 6.81292069e+05  4.72195460e+01  6.81292069e+05  1.78723824e+02 
 7.35642254e+05  4.72723405e+01  7.35642254e+05  1.78608518e+02 
 7.94328235e+05  4.73342844e+01  7.94328235e+05  1.78480295e+02 
 8.57695899e+05  4.74070664e+01  8.57695899e+05  1.78337041e+02 
 9.26118728e+05  4.74926762e+01  9.26118728e+05  1.78176151e+02 
 1.00000000e+06  4.75935110e+01  1.00000000e+06  1.77994348e+02 
 1.07977516e+06  4.77125450e+01  1.07977516e+06  1.77787471e+02 
 1.16591440e+06  4.78533409e+01  1.16591440e+06  1.77550165e+02 
 1.25892541e+06  4.80203215e+01  1.25892541e+06  1.77275428e+02 
 1.35935639e+06  4.82190100e+01  1.35935639e+06  1.76953952e+02 
 1.46779927e+06  4.84563000e+01  1.46779927e+06  1.76573145e+02 
 1.58489319e+06  4.87410443e+01  1.58489319e+06  1.76115546e+02 
 1.71132830e+06  4.90846813e+01  1.71132830e+06  1.75556405e+02 
 1.84784980e+06  4.95023304e+01  1.84784980e+06  1.74859470e+02 
 1.99526231e+06  5.00144278e+01  1.99526231e+06  1.73969765e+02 
 2.15443469e+06  5.06494747e+01  2.15443469e+06  1.72800040e+02 
 2.32630507e+06  5.14482532e+01  2.32630507e+06  1.71204002e+02 
 2.51188643e+06  5.24716114e+01  2.51188643e+06  1.68918083e+02 
 2.71227258e+06  5.38140696e+01  2.71227258e+06  1.65420712e+02 
 2.92864456e+06  5.56237763e+01  2.92864456e+06  1.59543997e+02 
 3.16227766e+06  5.80980127e+01  3.16227766e+06  1.48236556e+02 
 3.41454887e+06  6.10161584e+01  3.41454887e+06  1.22974877e+02 
 3.68694506e+06  6.11639925e+01  3.68694506e+06  7.77511054e+01 
 3.98107171e+06  5.72036853e+01  3.98107171e+06  4.55197997e+01 
 4.29866235e+06  5.31616753e+01  4.29866235e+06  3.12745768e+01 
 4.64158883e+06  4.98211969e+01  4.64158883e+06  2.43304759e+01 
 5.01187234e+06  4.70067497e+01  5.01187234e+06  2.04577924e+01 
 5.41169527e+06  4.45490610e+01  5.41169527e+06  1.81112245e+01 
 5.84341413e+06  4.23396675e+01  5.84341413e+06  1.66316566e+01 
 6.30957344e+06  4.03081291e+01  6.30957344e+06  1.56994451e+01 
 6.81292069e+06  3.84084799e+01  6.81292069e+06  1.51431028e+01 
 7.35642254e+06  3.66086512e+01  7.35642254e+06  1.48648845e+01 
 7.94328235e+06  3.48854142e+01  7.94328235e+06  1.48049567e+01 
 8.57695899e+06  3.32197663e+01  8.57695899e+06  1.49276368e+01 
 9.26118728e+06  3.16013564e+01  9.26118728e+06  1.52106470e+01 
 1.00000000e+07  3.00188031e+01  1.00000000e+07  1.56384958e+01 
 1.07977516e+07  2.84625337e+01  1.07977516e+07  1.62111144e+01 
 1.16591440e+07  2.69264585e+01  1.16591440e+07  1.69232397e+01 
 1.25892541e+07  2.54043112e+01  1.25892541e+07  1.77870013e+01 
 1.35935639e+07  2.38914419e+01  1.35935639e+07  1.87981126e+01 
 1.46779927e+07  2.23825818e+01  1.46779927e+07  1.99723607e+01 
 1.58489319e+07  2.08712692e+01  1.58489319e+07  2.13360753e+01 
 1.71132830e+07  1.93563275e+01  1.71132830e+07  2.29087864e+01 
 1.84784980e+07  1.78269387e+01  1.84784980e+07  2.47319289e+01 
 1.99526231e+07  1.62931994e+01  1.99526231e+07  2.68232721e+01 
 2.15443469e+07  1.47344857e+01  2.15443469e+07  2.92670888e+01 
 2.32630507e+07  1.31525235e+01  2.32630507e+07  3.20939073e+01 
 2.51188643e+07  1.15434600e+01  2.51188643e+07  3.54877361e+01 
 2.71227258e+07  9.91759561e+00  2.71227258e+07  3.94399125e+01 
 2.92864456e+07  8.25866257e+00  2.92864456e+07  4.42270893e+01 
 3.16227766e+07  6.60241556e+00  3.16227766e+07  5.00406783e+01 
 3.41454887e+07  4.95484184e+00  3.41454887e+07  5.70590506e+01 
 3.68694506e+07  3.35926728e+00  3.68694506e+07  6.54556855e+01 
 3.98107171e+07  1.96809581e+00  3.98107171e+07  7.59705413e+01 
 4.29866235e+07  7.76673800e-01  4.29866235e+07  8.80489596e+01 
 4.64158883e+07 -4.22221490e-02  4.64158883e+07  1.00293806e+02 
 5.01187234e+07 -5.18425133e-01  5.01187234e+07  1.13506120e+02 
 5.41169527e+07 -4.52375083e-01  5.41169527e+07  1.24391855e+02 
 5.84341413e+07 -2.42074649e-01  5.84341413e+07  1.34958331e+02 
 6.30957344e+07  1.14924011e-01  6.30957344e+07  1.43040122e+02 
 6.81292069e+07  4.46507789e-01  6.81292069e+07  1.50937630e+02 
 7.35642254e+07  8.54527854e-01  7.35642254e+07  1.57099421e+02 
 7.94328235e+07  1.33691487e+00  7.94328235e+07  1.61982989e+02 
 8.57695899e+07  1.65831557e+00  8.57695899e+07  1.66490165e+02 
 9.26118728e+07  2.02762163e+00  9.26118728e+07  1.70365778e+02 
 1.00000000e+08  2.33436737e+00  1.00000000e+08  1.73901880e+02 
 1.07977516e+08  2.84600669e+00  1.07977516e+08  1.76782400e+02 
 1.16591440e+08  3.32997597e+00  1.16591440e+08  1.79367791e+02 
 1.25892541e+08  3.57791943e+00  1.25892541e+08  1.81568321e+02 
 1.35935639e+08  3.90214359e+00  1.35935639e+08  1.83878339e+02 
 1.46779927e+08  3.96540261e+00  1.46779927e+08  1.85837777e+02 
 1.58489319e+08  4.74704149e+00  1.58489319e+08  1.87187900e+02 
 1.71132830e+08  4.79770808e+00  1.71132830e+08  1.88508523e+02 
 1.84784980e+08  5.49725030e+00  1.84784980e+08  1.89376687e+02 
 1.99526231e+08  5.35009655e+00  1.99526231e+08  1.90143623e+02 
 2.15443469e+08  6.29532921e+00  2.15443469e+08  1.90226387e+02 
 2.32630507e+08  5.66290408e+00  2.32630507e+08  1.90702667e+02 
 2.51188643e+08  6.28675410e+00  2.51188643e+08  1.90179985e+02 
 2.71227258e+08  7.26041891e+00  2.71227258e+08  1.89599835e+02 
 2.92864456e+08  6.77086633e+00  2.92864456e+08  1.89089530e+02 
 3.16227766e+08  6.95628786e+00  3.16227766e+08  1.88520439e+02 
 3.41454887e+08  7.36893184e+00  3.41454887e+08  1.87394467e+02 
 3.68694506e+08  7.04996293e+00  3.68694506e+08  1.86724232e+02 
 3.98107171e+08  5.82543785e+00  3.98107171e+08  1.85990675e+02 
 4.29866235e+08  9.61212912e+00  4.29866235e+08  1.84904256e+02 
 4.64158883e+08  6.75765675e+00  4.64158883e+08  1.84138350e+02 
 5.01187234e+08  5.44681588e+00  5.01187234e+08  1.83667525e+02 
 5.41169527e+08  7.62927743e+00  5.41169527e+08  1.83023974e+02 
 5.84341413e+08  8.78256129e+00  5.84341413e+08  1.82611969e+02 
 6.30957344e+08  7.44543225e+00  6.30957344e+08  1.81945118e+02 
 6.81292069e+08  6.08347273e+00  6.81292069e+08  1.81699369e+02 
 7.35642254e+08  8.25792030e+00  7.35642254e+08  1.81745753e+02 
 7.94328235e+08  6.89555460e+00  7.94328235e+08  1.81296366e+02 
 8.57695899e+08  1.15650833e+01  8.57695899e+08  1.81249532e+02 
 9.26118728e+08  4.19909985e+00  9.26118728e+08  1.81226167e+02 
 1.00000000e+09  8.86827137e+00  1.00000000e+09  1.80731447e+02 
