 1.00000000e+00  4.73628041e+01  1.00000000e+00  1.79999998e+02 
 1.07977516e+00  4.73628041e+01  1.07977516e+00  1.79999998e+02 
 1.16591440e+00  4.73628041e+01  1.16591440e+00  1.79999998e+02 
 1.25892541e+00  4.73628041e+01  1.25892541e+00  1.79999998e+02 
 1.35935639e+00  4.73628041e+01  1.35935639e+00  1.79999997e+02 
 1.46779927e+00  4.73628041e+01  1.46779927e+00  1.79999997e+02 
 1.58489319e+00  4.73628041e+01  1.58489319e+00  1.79999997e+02 
 1.71132830e+00  4.73628041e+01  1.71132830e+00  1.79999997e+02 
 1.84784980e+00  4.73628041e+01  1.84784980e+00  1.79999997e+02 
 1.99526231e+00  4.73628041e+01  1.99526231e+00  1.79999996e+02 
 2.15443469e+00  4.73628041e+01  2.15443469e+00  1.79999996e+02 
 2.32630507e+00  4.73628041e+01  2.32630507e+00  1.79999996e+02 
 2.51188643e+00  4.73628041e+01  2.51188643e+00  1.79999995e+02 
 2.71227258e+00  4.73628041e+01  2.71227258e+00  1.79999995e+02 
 2.92864456e+00  4.73628041e+01  2.92864456e+00  1.79999995e+02 
 3.16227766e+00  4.73628041e+01  3.16227766e+00  1.79999994e+02 
 3.41454887e+00  4.73628041e+01  3.41454887e+00  1.79999994e+02 
 3.68694506e+00  4.73628041e+01  3.68694506e+00  1.79999993e+02 
 3.98107171e+00  4.73628041e+01  3.98107171e+00  1.79999993e+02 
 4.29866235e+00  4.73628041e+01  4.29866235e+00  1.79999992e+02 
 4.64158883e+00  4.73628041e+01  4.64158883e+00  1.79999991e+02 
 5.01187234e+00  4.73628041e+01  5.01187234e+00  1.79999991e+02 
 5.41169527e+00  4.73628041e+01  5.41169527e+00  1.79999990e+02 
 5.84341413e+00  4.73628041e+01  5.84341413e+00  1.79999989e+02 
 6.30957344e+00  4.73628041e+01  6.30957344e+00  1.79999988e+02 
 6.81292069e+00  4.73628041e+01  6.81292069e+00  1.79999987e+02 
 7.35642254e+00  4.73628041e+01  7.35642254e+00  1.79999986e+02 
 7.94328235e+00  4.73628041e+01  7.94328235e+00  1.79999985e+02 
 8.57695899e+00  4.73628041e+01  8.57695899e+00  1.79999984e+02 
 9.26118728e+00  4.73628041e+01  9.26118728e+00  1.79999983e+02 
 1.00000000e+01  4.73628041e+01  1.00000000e+01  1.79999982e+02 
 1.07977516e+01  4.73628041e+01  1.07977516e+01  1.79999980e+02 
 1.16591440e+01  4.73628041e+01  1.16591440e+01  1.79999978e+02 
 1.25892541e+01  4.73628041e+01  1.25892541e+01  1.79999977e+02 
 1.35935639e+01  4.73628041e+01  1.35935639e+01  1.79999975e+02 
 1.46779927e+01  4.73628041e+01  1.46779927e+01  1.79999973e+02 
 1.58489319e+01  4.73628041e+01  1.58489319e+01  1.79999971e+02 
 1.71132830e+01  4.73628041e+01  1.71132830e+01  1.79999968e+02 
 1.84784980e+01  4.73628041e+01  1.84784980e+01  1.79999966e+02 
 1.99526231e+01  4.73628041e+01  1.99526231e+01  1.79999963e+02 
 2.15443469e+01  4.73628041e+01  2.15443469e+01  1.79999960e+02 
 2.32630507e+01  4.73628041e+01  2.32630507e+01  1.79999957e+02 
 2.51188643e+01  4.73628041e+01  2.51188643e+01  1.79999954e+02 
 2.71227258e+01  4.73628041e+01  2.71227258e+01  1.79999950e+02 
 2.92864456e+01  4.73628041e+01  2.92864456e+01  1.79999946e+02 
 3.16227766e+01  4.73628041e+01  3.16227766e+01  1.79999942e+02 
 3.41454887e+01  4.73628041e+01  3.41454887e+01  1.79999937e+02 
 3.68694506e+01  4.73628041e+01  3.68694506e+01  1.79999932e+02 
 3.98107171e+01  4.73628041e+01  3.98107171e+01  1.79999927e+02 
 4.29866235e+01  4.73628041e+01  4.29866235e+01  1.79999921e+02 
 4.64158883e+01  4.73628041e+01  4.64158883e+01  1.79999914e+02 
 5.01187234e+01  4.73628041e+01  5.01187234e+01  1.79999907e+02 
 5.41169527e+01  4.73628041e+01  5.41169527e+01  1.79999900e+02 
 5.84341413e+01  4.73628041e+01  5.84341413e+01  1.79999892e+02 
 6.30957344e+01  4.73628041e+01  6.30957344e+01  1.79999884e+02 
 6.81292069e+01  4.73628041e+01  6.81292069e+01  1.79999874e+02 
 7.35642254e+01  4.73628041e+01  7.35642254e+01  1.79999864e+02 
 7.94328235e+01  4.73628041e+01  7.94328235e+01  1.79999853e+02 
 8.57695899e+01  4.73628041e+01  8.57695899e+01  1.79999842e+02 
 9.26118728e+01  4.73628041e+01  9.26118728e+01  1.79999829e+02 
 1.00000000e+02  4.73628041e+01  1.00000000e+02  1.79999815e+02 
 1.07977516e+02  4.73628041e+01  1.07977516e+02  1.79999801e+02 
 1.16591440e+02  4.73628041e+01  1.16591440e+02  1.79999785e+02 
 1.25892541e+02  4.73628041e+01  1.25892541e+02  1.79999768e+02 
 1.35935639e+02  4.73628041e+01  1.35935639e+02  1.79999749e+02 
 1.46779927e+02  4.73628041e+01  1.46779927e+02  1.79999729e+02 
 1.58489319e+02  4.73628041e+01  1.58489319e+02  1.79999707e+02 
 1.71132830e+02  4.73628041e+01  1.71132830e+02  1.79999684e+02 
 1.84784980e+02  4.73628041e+01  1.84784980e+02  1.79999659e+02 
 1.99526231e+02  4.73628041e+01  1.99526231e+02  1.79999632e+02 
 2.15443469e+02  4.73628041e+01  2.15443469e+02  1.79999602e+02 
 2.32630507e+02  4.73628041e+01  2.32630507e+02  1.79999571e+02 
 2.51188643e+02  4.73628041e+01  2.51188643e+02  1.79999536e+02 
 2.71227258e+02  4.73628041e+01  2.71227258e+02  1.79999499e+02 
 2.92864456e+02  4.73628041e+01  2.92864456e+02  1.79999459e+02 
 3.16227766e+02  4.73628041e+01  3.16227766e+02  1.79999416e+02 
 3.41454887e+02  4.73628041e+01  3.41454887e+02  1.79999370e+02 
 3.68694506e+02  4.73628042e+01  3.68694506e+02  1.79999319e+02 
 3.98107171e+02  4.73628042e+01  3.98107171e+02  1.79999265e+02 
 4.29866235e+02  4.73628042e+01  4.29866235e+02  1.79999206e+02 
 4.64158883e+02  4.73628042e+01  4.64158883e+02  1.79999143e+02 
 5.01187234e+02  4.73628042e+01  5.01187234e+02  1.79999075e+02 
 5.41169527e+02  4.73628043e+01  5.41169527e+02  1.79999001e+02 
 5.84341413e+02  4.73628043e+01  5.84341413e+02  1.79998921e+02 
 6.30957344e+02  4.73628043e+01  6.30957344e+02  1.79998835e+02 
 6.81292069e+02  4.73628044e+01  6.81292069e+02  1.79998742e+02 
 7.35642254e+02  4.73628045e+01  7.35642254e+02  1.79998642e+02 
 7.94328235e+02  4.73628045e+01  7.94328235e+02  1.79998534e+02 
 8.57695899e+02  4.73628046e+01  8.57695899e+02  1.79998417e+02 
 9.26118728e+02  4.73628047e+01  9.26118728e+02  1.79998290e+02 
 1.00000000e+03  4.73628048e+01  1.00000000e+03  1.79998154e+02 
 1.07977516e+03  4.73628049e+01  1.07977516e+03  1.79998007e+02 
 1.16591440e+03  4.73628050e+01  1.16591440e+03  1.79997848e+02 
 1.25892541e+03  4.73628052e+01  1.25892541e+03  1.79997676e+02 
 1.35935639e+03  4.73628054e+01  1.35935639e+03  1.79997491e+02 
 1.46779927e+03  4.73628056e+01  1.46779927e+03  1.79997290e+02 
 1.58489319e+03  4.73628059e+01  1.58489319e+03  1.79997074e+02 
 1.71132830e+03  4.73628062e+01  1.71132830e+03  1.79996841e+02 
 1.84784980e+03  4.73628065e+01  1.84784980e+03  1.79996589e+02 
 1.99526231e+03  4.73628069e+01  1.99526231e+03  1.79996317e+02 
 2.15443469e+03  4.73628074e+01  2.15443469e+03  1.79996023e+02 
 2.32630507e+03  4.73628079e+01  2.32630507e+03  1.79995706e+02 
 2.51188643e+03  4.73628086e+01  2.51188643e+03  1.79995363e+02 
 2.71227258e+03  4.73628093e+01  2.71227258e+03  1.79994993e+02 
 2.92864456e+03  4.73628102e+01  2.92864456e+03  1.79994594e+02 
 3.16227766e+03  4.73628112e+01  3.16227766e+03  1.79994162e+02 
 3.41454887e+03  4.73628124e+01  3.41454887e+03  1.79993697e+02 
 3.68694506e+03  4.73628137e+01  3.68694506e+03  1.79993194e+02 
 3.98107171e+03  4.73628154e+01  3.98107171e+03  1.79992651e+02 
 4.29866235e+03  4.73628172e+01  4.29866235e+03  1.79992064e+02 
 4.64158883e+03  4.73628194e+01  4.64158883e+03  1.79991431e+02 
 5.01187234e+03  4.73628220e+01  5.01187234e+03  1.79990748e+02 
 5.41169527e+03  4.73628249e+01  5.41169527e+03  1.79990010e+02 
 5.84341413e+03  4.73628284e+01  5.84341413e+03  1.79989213e+02 
 6.30957344e+03  4.73628324e+01  6.30957344e+03  1.79988352e+02 
 6.81292069e+03  4.73628371e+01  6.81292069e+03  1.79987423e+02 
 7.35642254e+03  4.73628426e+01  7.35642254e+03  1.79986420e+02 
 7.94328235e+03  4.73628490e+01  7.94328235e+03  1.79985336e+02 
 8.57695899e+03  4.73628565e+01  8.57695899e+03  1.79984166e+02 
 9.26118728e+03  4.73628652e+01  9.26118728e+03  1.79982903e+02 
 1.00000000e+04  4.73628753e+01  1.00000000e+04  1.79981539e+02 
 1.07977516e+04  4.73628871e+01  1.07977516e+04  1.79980067e+02 
 1.16591440e+04  4.73629009e+01  1.16591440e+04  1.79978476e+02 
 1.25892541e+04  4.73629170e+01  1.25892541e+04  1.79976759e+02 
 1.35935639e+04  4.73629357e+01  1.35935639e+04  1.79974905e+02 
 1.46779927e+04  4.73629575e+01  1.46779927e+04  1.79972903e+02 
 1.58489319e+04  4.73629830e+01  1.58489319e+04  1.79970741e+02 
 1.71132830e+04  4.73630127e+01  1.71132830e+04  1.79968407e+02 
 1.84784980e+04  4.73630473e+01  1.84784980e+04  1.79965886e+02 
 1.99526231e+04  4.73630877e+01  1.99526231e+04  1.79963165e+02 
 2.15443469e+04  4.73631347e+01  2.15443469e+04  1.79960226e+02 
 2.32630507e+04  4.73631896e+01  2.32630507e+04  1.79957052e+02 
 2.51188643e+04  4.73632535e+01  2.51188643e+04  1.79953626e+02 
 2.71227258e+04  4.73633281e+01  2.71227258e+04  1.79949925e+02 
 2.92864456e+04  4.73634151e+01  2.92864456e+04  1.79945930e+02 
 3.16227766e+04  4.73635165e+01  3.16227766e+04  1.79941615e+02 
 3.41454887e+04  4.73636347e+01  3.41454887e+04  1.79936956e+02 
 3.68694506e+04  4.73637725e+01  3.68694506e+04  1.79931925e+02 
 3.98107171e+04  4.73639332e+01  3.98107171e+04  1.79926492e+02 
 4.29866235e+04  4.73641205e+01  4.29866235e+04  1.79920626e+02 
 4.64158883e+04  4.73643389e+01  4.64158883e+04  1.79914290e+02 
 5.01187234e+04  4.73645936e+01  5.01187234e+04  1.79907448e+02 
 5.41169527e+04  4.73648906e+01  5.41169527e+04  1.79900059e+02 
 5.84341413e+04  4.73652368e+01  5.84341413e+04  1.79892079e+02 
 6.30957344e+04  4.73656405e+01  6.30957344e+04  1.79883461e+02 
 6.81292069e+04  4.73661112e+01  6.81292069e+04  1.79874153e+02 
 7.35642254e+04  4.73666600e+01  7.35642254e+04  1.79864100e+02 
 7.94328235e+04  4.73673000e+01  7.94328235e+04  1.79853241e+02 
 8.57695899e+04  4.73680461e+01  8.57695899e+04  1.79841512e+02 
 9.26118728e+04  4.73689160e+01  9.26118728e+04  1.79828840e+02 
 1.00000000e+05  4.73699306e+01  1.00000000e+05  1.79815151e+02 
 1.07977516e+05  4.73711135e+01  1.07977516e+05  1.79800361e+02 
 1.16591440e+05  4.73724929e+01  1.16591440e+05  1.79784380e+02 
 1.25892541e+05  4.73741015e+01  1.25892541e+05  1.79767109e+02 
 1.35935639e+05  4.73759773e+01  1.35935639e+05  1.79748442e+02 
 1.46779927e+05  4.73781647e+01  1.46779927e+05  1.79728264e+02 
 1.58489319e+05  4.73807161e+01  1.58489319e+05  1.79706447e+02 
 1.71132830e+05  4.73836914e+01  1.71132830e+05  1.79682854e+02 
 1.84784980e+05  4.73871617e+01  1.84784980e+05  1.79657333e+02 
 1.99526231e+05  4.73912091e+01  1.99526231e+05  1.79629718e+02 
 2.15443469e+05  4.73959309e+01  2.15443469e+05  1.79599829e+02 
 2.32630507e+05  4.74014388e+01  2.32630507e+05  1.79567463e+02 
 2.51188643e+05  4.74078654e+01  2.51188643e+05  1.79532401e+02 
 2.71227258e+05  4.74153632e+01  2.71227258e+05  1.79494396e+02 
 2.92864456e+05  4.74241135e+01  2.92864456e+05  1.79453176e+02 
 3.16227766e+05  4.74343271e+01  3.16227766e+05  1.79408436e+02 
 3.41454887e+05  4.74462489e+01  3.41454887e+05  1.79359834e+02 
 3.68694506e+05  4.74601696e+01  3.68694506e+05  1.79306985e+02 
 3.98107171e+05  4.74764277e+01  3.98107171e+05  1.79249450e+02 
 4.29866235e+05  4.74954221e+01  4.29866235e+05  1.79186732e+02 
 4.64158883e+05  4.75176141e+01  4.64158883e+05  1.79118258e+02 
 5.01187234e+05  4.75435618e+01  5.01187234e+05  1.79043365e+02 
 5.41169527e+05  4.75739094e+01  5.41169527e+05  1.78961281e+02 
 5.84341413e+05  4.76094233e+01  5.84341413e+05  1.78871101e+02 
 6.30957344e+05  4.76510126e+01  6.30957344e+05  1.78771749e+02 
 6.81292069e+05  4.76997425e+01  6.81292069e+05  1.78661943e+02 
 7.35642254e+05  4.77568940e+01  7.35642254e+05  1.78540136e+02 
 7.94328235e+05  4.78239869e+01  7.94328235e+05  1.78404437e+02 
 8.57695899e+05  4.79028667e+01  8.57695899e+05  1.78252520e+02 
 9.26118728e+05  4.79957155e+01  9.26118728e+05  1.78081489e+02 
 1.00000000e+06  4.81051977e+01  1.00000000e+06  1.77887688e+02 
 1.07977516e+06  4.82345465e+01  1.07977516e+06  1.77666450e+02 
 1.16591440e+06  4.83877423e+01  1.16591440e+06  1.77411716e+02 
 1.25892541e+06  4.85697294e+01  1.25892541e+06  1.77115507e+02 
 1.35935639e+06  4.87866362e+01  1.35935639e+06  1.76767147e+02 
 1.46779927e+06  4.90462891e+01  1.46779927e+06  1.76352006e+02 
 1.58489319e+06  4.93586784e+01  1.58489319e+06  1.75849596e+02 
 1.71132830e+06  4.97369811e+01  1.71132830e+06  1.75230401e+02 
 1.84784980e+06  5.01986886e+01  1.84784980e+06  1.74450552e+02 
 1.99526231e+06  5.07678603e+01  1.99526231e+06  1.73441997e+02 
 2.15443469e+06  5.14784577e+01  2.15443469e+06  1.72093992e+02 
 2.32630507e+06  5.23801696e+01  2.32630507e+06  1.70214401e+02 
 2.51188643e+06  5.35485873e+01  2.51188643e+06  1.67441806e+02 
 2.71227258e+06  5.51032731e+01  2.71227258e+06  1.63017733e+02 
 2.92864456e+06  5.72274211e+01  2.92864456e+06  1.55108262e+02 
 3.16227766e+06  6.00662436e+01  3.16227766e+06  1.38554358e+02 
 3.41454887e+06  6.23266889e+01  3.41454887e+06  1.01741422e+02 
 3.68694506e+06  5.99183727e+01  3.68694506e+06  5.82994807e+01 
 3.98107171e+06  5.56031011e+01  3.98107171e+06  3.66609311e+01 
 4.29866235e+06  5.19050042e+01  4.29866235e+06  2.69091494e+01 
 4.64158883e+06  4.88441772e+01  4.64158883e+06  2.18030957e+01 
 5.01187234e+06  4.62203620e+01  5.01187234e+06  1.88154690e+01 
 5.41169527e+06  4.38950337e+01  5.41169527e+06  1.69553734e+01 
 5.84341413e+06  4.17802444e+01  5.84341413e+06  1.57718439e+01 
 6.30957344e+06  3.98185348e+01  6.30957344e+06  1.50328216e+01 
 6.81292069e+06  3.79717696e+01  6.81292069e+06  1.46095067e+01 
 7.35642254e+06  3.62121503e+01  7.35642254e+06  1.44281789e+01 
 7.94328235e+06  3.45211427e+01  7.94328235e+06  1.44407713e+01 
 8.57695899e+06  3.28815831e+01  8.57695899e+06  1.46183614e+01 
 9.26118728e+06  3.12830862e+01  9.26118728e+06  1.49459166e+01 
 1.00000000e+07  2.97150003e+01  1.00000000e+07  1.54160494e+01 
 1.07977516e+07  2.81727804e+01  1.07977516e+07  1.60185453e+01 
 1.16591440e+07  2.66461769e+01  1.16591440e+07  1.67599064e+01 
 1.25892541e+07  2.51328317e+01  1.25892541e+07  1.76405271e+01 
 1.35935639e+07  2.36258213e+01  1.35935639e+07  1.86767487e+01 
 1.46779927e+07  2.21221112e+01  1.46779927e+07  1.98780772e+01 
 1.58489319e+07  2.06117660e+01  1.58489319e+07  2.12710601e+01 
 1.71132830e+07  1.90983405e+01  1.71132830e+07  2.28557617e+01 
 1.84784980e+07  1.75696834e+01  1.84784980e+07  2.46925456e+01 
 1.99526231e+07  1.60290697e+01  1.99526231e+07  2.68326605e+01 
 2.15443469e+07  1.44691566e+01  2.15443469e+07  2.92714402e+01 
 2.32630507e+07  1.28822916e+01  2.32630507e+07  3.21919459e+01 
 2.51188643e+07  1.12731806e+01  2.51188643e+07  3.55417350e+01 
 2.71227258e+07  9.63025268e+00  2.71227258e+07  3.96283692e+01 
 2.92864456e+07  7.96551944e+00  2.92864456e+07  4.45738856e+01 
 3.16227766e+07  6.28628972e+00  3.16227766e+07  5.04126920e+01 
 3.41454887e+07  4.62684437e+00  3.41454887e+07  5.75413416e+01 
 3.68694506e+07  3.05215402e+00  3.68694506e+07  6.64850362e+01 
 3.98107171e+07  1.62240032e+00  3.98107171e+07  7.70253011e+01 
 4.29866235e+07  4.98501888e-01  4.29866235e+07  8.93104388e+01 
 4.64158883e+07 -2.39555065e-01  4.64158883e+07  1.02017588e+02 
 5.01187234e+07 -5.86084569e-01  5.01187234e+07  1.14735026e+02 
 5.41169527e+07 -6.40710634e-01  5.41169527e+07  1.26878408e+02 
 5.84341413e+07 -3.43932177e-01  5.84341413e+07  1.36741766e+02 
 6.30957344e+07 -2.82367573e-02  6.30957344e+07  1.45733598e+02 
 6.81292069e+07  3.58700728e-01  6.81292069e+07  1.52475269e+02 
 7.35642254e+07  8.25659885e-01  7.35642254e+07  1.58305831e+02 
 7.94328235e+07  1.32595642e+00  7.94328235e+07  1.63057573e+02 
 8.57695899e+07  1.70899337e+00  8.57695899e+07  1.67608877e+02 
 9.26118728e+07  2.12378959e+00  9.26118728e+07  1.71369804e+02 
 1.00000000e+08  2.42707835e+00  1.00000000e+08  1.74888544e+02 
 1.07977516e+08  2.87433425e+00  1.07977516e+08  1.77701882e+02 
 1.16591440e+08  3.14566968e+00  1.16591440e+08  1.80504210e+02 
 1.25892541e+08  3.50504670e+00  1.25892541e+08  1.82866341e+02 
 1.35935639e+08  3.94984709e+00  1.35935639e+08  1.84453351e+02 
 1.46779927e+08  4.19486173e+00  1.46779927e+08  1.86798750e+02 
 1.58489319e+08  4.43721985e+00  1.58489319e+08  1.88106248e+02 
 1.71132830e+08  5.09600846e+00  1.71132830e+08  1.88930680e+02 
 1.84784980e+08  5.32530853e+00  1.84784980e+08  1.89955219e+02 
 1.99526231e+08  5.73310085e+00  1.99526231e+08  1.90446264e+02 
 2.15443469e+08  5.70450458e+00  2.15443469e+08  1.91140126e+02 
 2.32630507e+08  6.54479200e+00  2.32630507e+08  1.90807208e+02 
 2.51188643e+08  6.84928839e+00  2.51188643e+08  1.90410205e+02 
 2.71227258e+08  6.27410156e+00  2.71227258e+08  1.90290910e+02 
 2.92864456e+08  6.25717910e+00  2.92864456e+08  1.89262568e+02 
 3.16227766e+08  7.04056972e+00  3.16227766e+08  1.88244874e+02 
 3.41454887e+08  6.61017225e+00  3.41454887e+08  1.87667925e+02 
 3.68694506e+08  7.12853113e+00  3.68694506e+08  1.86666437e+02 
 3.98107171e+08  8.04373235e+00  3.98107171e+08  1.85695462e+02 
 4.29866235e+08  6.76781302e+00  4.29866235e+08  1.84817279e+02 
 4.64158883e+08  8.36047842e+00  4.64158883e+08  1.84133933e+02 
 5.01187234e+08  7.04068984e+00  5.01187234e+08  1.83464517e+02 
 5.41169527e+08  1.01404574e+01  5.41169527e+08  1.82673182e+02 
 5.84341413e+08  8.79746636e+00  5.84341413e+08  1.82294893e+02 
 6.30957344e+08  7.44491370e+00  6.30957344e+08  1.82037903e+02 
 6.81292069e+08  6.10513401e+00  6.81292069e+08  1.81626911e+02 
 7.35642254e+08  1.42776768e+01  7.35642254e+08  1.81361225e+02 
 7.94328235e+08  3.40344619e+00  7.94328235e+08  1.80944218e+02 
 8.57695899e+08  1.15725850e+01  8.57695899e+08  1.80530728e+02 
 9.26118728e+08  4.21386451e+00  9.26118728e+08  1.80767294e+02 
 1.00000000e+09  8.87345172e+00  1.00000000e+09  1.80244430e+02 
