 1.00000000e+00  4.66281070e+01  1.00000000e+00  1.79999998e+02 
 1.07977516e+00  4.66281070e+01  1.07977516e+00  1.79999998e+02 
 1.16591440e+00  4.66281070e+01  1.16591440e+00  1.79999998e+02 
 1.25892541e+00  4.66281070e+01  1.25892541e+00  1.79999997e+02 
 1.35935639e+00  4.66281070e+01  1.35935639e+00  1.79999997e+02 
 1.46779927e+00  4.66281070e+01  1.46779927e+00  1.79999997e+02 
 1.58489319e+00  4.66281070e+01  1.58489319e+00  1.79999997e+02 
 1.71132830e+00  4.66281070e+01  1.71132830e+00  1.79999997e+02 
 1.84784980e+00  4.66281070e+01  1.84784980e+00  1.79999996e+02 
 1.99526231e+00  4.66281070e+01  1.99526231e+00  1.79999996e+02 
 2.15443469e+00  4.66281070e+01  2.15443469e+00  1.79999996e+02 
 2.32630507e+00  4.66281070e+01  2.32630507e+00  1.79999995e+02 
 2.51188643e+00  4.66281070e+01  2.51188643e+00  1.79999995e+02 
 2.71227258e+00  4.66281070e+01  2.71227258e+00  1.79999995e+02 
 2.92864456e+00  4.66281070e+01  2.92864456e+00  1.79999994e+02 
 3.16227766e+00  4.66281070e+01  3.16227766e+00  1.79999994e+02 
 3.41454887e+00  4.66281070e+01  3.41454887e+00  1.79999993e+02 
 3.68694506e+00  4.66281070e+01  3.68694506e+00  1.79999993e+02 
 3.98107171e+00  4.66281070e+01  3.98107171e+00  1.79999992e+02 
 4.29866235e+00  4.66281070e+01  4.29866235e+00  1.79999991e+02 
 4.64158883e+00  4.66281070e+01  4.64158883e+00  1.79999991e+02 
 5.01187234e+00  4.66281070e+01  5.01187234e+00  1.79999990e+02 
 5.41169527e+00  4.66281070e+01  5.41169527e+00  1.79999989e+02 
 5.84341413e+00  4.66281070e+01  5.84341413e+00  1.79999988e+02 
 6.30957344e+00  4.66281070e+01  6.30957344e+00  1.79999987e+02 
 6.81292069e+00  4.66281070e+01  6.81292069e+00  1.79999986e+02 
 7.35642254e+00  4.66281070e+01  7.35642254e+00  1.79999985e+02 
 7.94328235e+00  4.66281070e+01  7.94328235e+00  1.79999984e+02 
 8.57695899e+00  4.66281070e+01  8.57695899e+00  1.79999983e+02 
 9.26118728e+00  4.66281070e+01  9.26118728e+00  1.79999982e+02 
 1.00000000e+01  4.66281070e+01  1.00000000e+01  1.79999980e+02 
 1.07977516e+01  4.66281070e+01  1.07977516e+01  1.79999978e+02 
 1.16591440e+01  4.66281070e+01  1.16591440e+01  1.79999977e+02 
 1.25892541e+01  4.66281070e+01  1.25892541e+01  1.79999975e+02 
 1.35935639e+01  4.66281070e+01  1.35935639e+01  1.79999973e+02 
 1.46779927e+01  4.66281070e+01  1.46779927e+01  1.79999971e+02 
 1.58489319e+01  4.66281070e+01  1.58489319e+01  1.79999968e+02 
 1.71132830e+01  4.66281070e+01  1.71132830e+01  1.79999966e+02 
 1.84784980e+01  4.66281070e+01  1.84784980e+01  1.79999963e+02 
 1.99526231e+01  4.66281070e+01  1.99526231e+01  1.79999960e+02 
 2.15443469e+01  4.66281070e+01  2.15443469e+01  1.79999957e+02 
 2.32630507e+01  4.66281070e+01  2.32630507e+01  1.79999954e+02 
 2.51188643e+01  4.66281070e+01  2.51188643e+01  1.79999950e+02 
 2.71227258e+01  4.66281070e+01  2.71227258e+01  1.79999946e+02 
 2.92864456e+01  4.66281070e+01  2.92864456e+01  1.79999942e+02 
 3.16227766e+01  4.66281070e+01  3.16227766e+01  1.79999937e+02 
 3.41454887e+01  4.66281070e+01  3.41454887e+01  1.79999932e+02 
 3.68694506e+01  4.66281070e+01  3.68694506e+01  1.79999926e+02 
 3.98107171e+01  4.66281070e+01  3.98107171e+01  1.79999921e+02 
 4.29866235e+01  4.66281070e+01  4.29866235e+01  1.79999914e+02 
 4.64158883e+01  4.66281070e+01  4.64158883e+01  1.79999907e+02 
 5.01187234e+01  4.66281070e+01  5.01187234e+01  1.79999900e+02 
 5.41169527e+01  4.66281070e+01  5.41169527e+01  1.79999892e+02 
 5.84341413e+01  4.66281070e+01  5.84341413e+01  1.79999883e+02 
 6.30957344e+01  4.66281070e+01  6.30957344e+01  1.79999874e+02 
 6.81292069e+01  4.66281070e+01  6.81292069e+01  1.79999864e+02 
 7.35642254e+01  4.66281070e+01  7.35642254e+01  1.79999853e+02 
 7.94328235e+01  4.66281070e+01  7.94328235e+01  1.79999841e+02 
 8.57695899e+01  4.66281070e+01  8.57695899e+01  1.79999829e+02 
 9.26118728e+01  4.66281070e+01  9.26118728e+01  1.79999815e+02 
 1.00000000e+02  4.66281070e+01  1.00000000e+02  1.79999800e+02 
 1.07977516e+02  4.66281070e+01  1.07977516e+02  1.79999784e+02 
 1.16591440e+02  4.66281070e+01  1.16591440e+02  1.79999767e+02 
 1.25892541e+02  4.66281070e+01  1.25892541e+02  1.79999749e+02 
 1.35935639e+02  4.66281070e+01  1.35935639e+02  1.79999729e+02 
 1.46779927e+02  4.66281070e+01  1.46779927e+02  1.79999707e+02 
 1.58489319e+02  4.66281070e+01  1.58489319e+02  1.79999684e+02 
 1.71132830e+02  4.66281070e+01  1.71132830e+02  1.79999658e+02 
 1.84784980e+02  4.66281070e+01  1.84784980e+02  1.79999631e+02 
 1.99526231e+02  4.66281070e+01  1.99526231e+02  1.79999602e+02 
 2.15443469e+02  4.66281070e+01  2.15443469e+02  1.79999570e+02 
 2.32630507e+02  4.66281070e+01  2.32630507e+02  1.79999536e+02 
 2.51188643e+02  4.66281070e+01  2.51188643e+02  1.79999499e+02 
 2.71227258e+02  4.66281070e+01  2.71227258e+02  1.79999459e+02 
 2.92864456e+02  4.66281070e+01  2.92864456e+02  1.79999415e+02 
 3.16227766e+02  4.66281070e+01  3.16227766e+02  1.79999369e+02 
 3.41454887e+02  4.66281071e+01  3.41454887e+02  1.79999318e+02 
 3.68694506e+02  4.66281071e+01  3.68694506e+02  1.79999264e+02 
 3.98107171e+02  4.66281071e+01  3.98107171e+02  1.79999205e+02 
 4.29866235e+02  4.66281071e+01  4.29866235e+02  1.79999142e+02 
 4.64158883e+02  4.66281071e+01  4.64158883e+02  1.79999073e+02 
 5.01187234e+02  4.66281071e+01  5.01187234e+02  1.79999000e+02 
 5.41169527e+02  4.66281072e+01  5.41169527e+02  1.79998920e+02 
 5.84341413e+02  4.66281072e+01  5.84341413e+02  1.79998834e+02 
 6.30957344e+02  4.66281072e+01  6.30957344e+02  1.79998741e+02 
 6.81292069e+02  4.66281073e+01  6.81292069e+02  1.79998640e+02 
 7.35642254e+02  4.66281073e+01  7.35642254e+02  1.79998532e+02 
 7.94328235e+02  4.66281074e+01  7.94328235e+02  1.79998414e+02 
 8.57695899e+02  4.66281074e+01  8.57695899e+02  1.79998288e+02 
 9.26118728e+02  4.66281075e+01  9.26118728e+02  1.79998151e+02 
 1.00000000e+03  4.66281076e+01  1.00000000e+03  1.79998004e+02 
 1.07977516e+03  4.66281077e+01  1.07977516e+03  1.79997845e+02 
 1.16591440e+03  4.66281078e+01  1.16591440e+03  1.79997673e+02 
 1.25892541e+03  4.66281079e+01  1.25892541e+03  1.79997487e+02 
 1.35935639e+03  4.66281081e+01  1.35935639e+03  1.79997287e+02 
 1.46779927e+03  4.66281083e+01  1.46779927e+03  1.79997070e+02 
 1.58489319e+03  4.66281085e+01  1.58489319e+03  1.79996836e+02 
 1.71132830e+03  4.66281088e+01  1.71132830e+03  1.79996584e+02 
 1.84784980e+03  4.66281091e+01  1.84784980e+03  1.79996311e+02 
 1.99526231e+03  4.66281094e+01  1.99526231e+03  1.79996017e+02 
 2.15443469e+03  4.66281098e+01  2.15443469e+03  1.79995699e+02 
 2.32630507e+03  4.66281103e+01  2.32630507e+03  1.79995356e+02 
 2.51188643e+03  4.66281108e+01  2.51188643e+03  1.79994986e+02 
 2.71227258e+03  4.66281115e+01  2.71227258e+03  1.79994586e+02 
 2.92864456e+03  4.66281122e+01  2.92864456e+03  1.79994154e+02 
 3.16227766e+03  4.66281131e+01  3.16227766e+03  1.79993688e+02 
 3.41454887e+03  4.66281141e+01  3.41454887e+03  1.79993184e+02 
 3.68694506e+03  4.66281153e+01  3.68694506e+03  1.79992640e+02 
 3.98107171e+03  4.66281166e+01  3.98107171e+03  1.79992053e+02 
 4.29866235e+03  4.66281182e+01  4.29866235e+03  1.79991419e+02 
 4.64158883e+03  4.66281201e+01  4.64158883e+03  1.79990735e+02 
 5.01187234e+03  4.66281223e+01  5.01187234e+03  1.79989996e+02 
 5.41169527e+03  4.66281248e+01  5.41169527e+03  1.79989197e+02 
 5.84341413e+03  4.66281278e+01  5.84341413e+03  1.79988336e+02 
 6.30957344e+03  4.66281312e+01  6.30957344e+03  1.79987405e+02 
 6.81292069e+03  4.66281353e+01  6.81292069e+03  1.79986400e+02 
 7.35642254e+03  4.66281399e+01  7.35642254e+03  1.79985315e+02 
 7.94328235e+03  4.66281454e+01  7.94328235e+03  1.79984144e+02 
 8.57695899e+03  4.66281518e+01  8.57695899e+03  1.79982879e+02 
 9.26118728e+03  4.66281592e+01  9.26118728e+03  1.79981513e+02 
 1.00000000e+04  4.66281679e+01  1.00000000e+04  1.79980038e+02 
 1.07977516e+04  4.66281780e+01  1.07977516e+04  1.79978446e+02 
 1.16591440e+04  4.66281898e+01  1.16591440e+04  1.79976726e+02 
 1.25892541e+04  4.66282035e+01  1.25892541e+04  1.79974870e+02 
 1.35935639e+04  4.66282195e+01  1.35935639e+04  1.79972865e+02 
 1.46779927e+04  4.66282382e+01  1.46779927e+04  1.79970700e+02 
 1.58489319e+04  4.66282600e+01  1.58489319e+04  1.79968362e+02 
 1.71132830e+04  4.66282854e+01  1.71132830e+04  1.79965838e+02 
 1.84784980e+04  4.66283150e+01  1.84784980e+04  1.79963113e+02 
 1.99526231e+04  4.66283495e+01  1.99526231e+04  1.79960170e+02 
 2.15443469e+04  4.66283897e+01  2.15443469e+04  1.79956992e+02 
 2.32630507e+04  4.66284366e+01  2.32630507e+04  1.79953561e+02 
 2.51188643e+04  4.66284913e+01  2.51188643e+04  1.79949856e+02 
 2.71227258e+04  4.66285551e+01  2.71227258e+04  1.79945855e+02 
 2.92864456e+04  4.66286295e+01  2.92864456e+04  1.79941535e+02 
 3.16227766e+04  4.66287161e+01  3.16227766e+04  1.79936869e+02 
 3.41454887e+04  4.66288172e+01  3.41454887e+04  1.79931832e+02 
 3.68694506e+04  4.66289351e+01  3.68694506e+04  1.79926392e+02 
 3.98107171e+04  4.66290725e+01  3.98107171e+04  1.79920518e+02 
 4.29866235e+04  4.66292326e+01  4.29866235e+04  1.79914175e+02 
 4.64158883e+04  4.66294194e+01  4.64158883e+04  1.79907325e+02 
 5.01187234e+04  4.66296372e+01  5.01187234e+04  1.79899928e+02 
 5.41169527e+04  4.66298911e+01  5.41169527e+04  1.79891940e+02 
 5.84341413e+04  4.66301871e+01  5.84341413e+04  1.79883314e+02 
 6.30957344e+04  4.66305323e+01  6.30957344e+04  1.79873997e+02 
 6.81292069e+04  4.66309348e+01  6.81292069e+04  1.79863936e+02 
 7.35642254e+04  4.66314041e+01  7.35642254e+04  1.79853069e+02 
 7.94328235e+04  4.66319512e+01  7.94328235e+04  1.79841332e+02 
 8.57695899e+04  4.66325892e+01  8.57695899e+04  1.79828655e+02 
 9.26118728e+04  4.66333330e+01  9.26118728e+04  1.79814961e+02 
 1.00000000e+05  4.66342005e+01  1.00000000e+05  1.79800169e+02 
 1.07977516e+05  4.66352118e+01  1.07977516e+05  1.79784188e+02 
 1.16591440e+05  4.66363912e+01  1.16591440e+05  1.79766923e+02 
 1.25892541e+05  4.66377663e+01  1.25892541e+05  1.79748268e+02 
 1.35935639e+05  4.66393700e+01  1.35935639e+05  1.79728108e+02 
 1.46779927e+05  4.66412401e+01  1.46779927e+05  1.79706320e+02 
 1.58489319e+05  4.66434210e+01  1.58489319e+05  1.79682769e+02 
 1.71132830e+05  4.66459643e+01  1.71132830e+05  1.79657306e+02 
 1.84784980e+05  4.66489305e+01  1.84784980e+05  1.79629773e+02 
 1.99526231e+05  4.66523899e+01  1.99526231e+05  1.79599992e+02 
 2.15443469e+05  4.66564258e+01  2.15443469e+05  1.79567771e+02 
 2.32630507e+05  4.66611323e+01  2.32630507e+05  1.79532899e+02 
 2.51188643e+05  4.66666231e+01  2.51188643e+05  1.79495144e+02 
 2.71227258e+05  4.66730298e+01  2.71227258e+05  1.79454248e+02 
 2.92864456e+05  4.66805052e+01  2.92864456e+05  1.79409928e+02 
 3.16227766e+05  4.66892284e+01  3.16227766e+05  1.79361867e+02 
 3.41454887e+05  4.66994102e+01  3.41454887e+05  1.79309714e+02 
 3.68694506e+05  4.67112944e+01  3.68694506e+05  1.79253075e+02 
 3.98107171e+05  4.67251709e+01  3.98107171e+05  1.79191504e+02 
 4.29866235e+05  4.67413778e+01  4.29866235e+05  1.79124498e+02 
 4.64158883e+05  4.67603104e+01  4.64158883e+05  1.79051485e+02 
 5.01187234e+05  4.67824347e+01  5.01187234e+05  1.78971808e+02 
 5.41169527e+05  4.68082962e+01  5.41169527e+05  1.78884709e+02 
 5.84341413e+05  4.68385436e+01  5.84341413e+05  1.78789305e+02 
 6.30957344e+05  4.68739381e+01  6.30957344e+05  1.78684565e+02 
 6.81292069e+05  4.69153859e+01  6.81292069e+05  1.78569266e+02 
 7.35642254e+05  4.69639439e+01  7.35642254e+05  1.78441951e+02 
 7.94328235e+05  4.70208989e+01  7.94328235e+05  1.78300864e+02 
 8.57695899e+05  4.70877576e+01  8.57695899e+05  1.78143872e+02 
 9.26118728e+05  4.71663505e+01  9.26118728e+05  1.77968348e+02 
 1.00000000e+06  4.72588424e+01  1.00000000e+06  1.77771026e+02 
 1.07977516e+06  4.73678814e+01  1.07977516e+06  1.77547803e+02 
 1.16591440e+06  4.74967056e+01  1.16591440e+06  1.77293424e+02 
 1.25892541e+06  4.76492207e+01  1.25892541e+06  1.77001121e+02 
 1.35935639e+06  4.78303813e+01  1.35935639e+06  1.76661956e+02 
 1.46779927e+06  4.80461991e+01  1.46779927e+06  1.76264010e+02 
 1.58489319e+06  4.83044430e+01  1.58489319e+06  1.75790950e+02 
 1.71132830e+06  4.86149882e+01  1.71132830e+06  1.75219999e+02 
 1.84784980e+06  4.89907065e+01  1.84784980e+06  1.74518375e+02 
 1.99526231e+06  4.94489078e+01  1.99526231e+06  1.73637412e+02 
 2.15443469e+06  5.00128430e+01  2.15443469e+06  1.72501984e+02 
 2.32630507e+06  5.07154972e+01  2.32630507e+06  1.70990215e+02 
 2.51188643e+06  5.16042257e+01  2.51188643e+06  1.68892008e+02 
 2.71227258e+06  5.27497798e+01  2.71227258e+06  1.65815745e+02 
 2.92864456e+06  5.42591405e+01  2.92864456e+06  1.60953871e+02 
 3.16227766e+06  5.62802862e+01  3.16227766e+06  1.52418776e+02 
 3.41454887e+06  5.88511654e+01  3.41454887e+06  1.35314317e+02 
 3.68694506e+06  6.06545000e+01  3.68694506e+06  1.00658619e+02 
 3.98107171e+06  5.84974792e+01  3.98107171e+06  6.10741988e+01 
 4.29866235e+06  5.45366307e+01  4.29866235e+06  3.95654593e+01 
 4.64158883e+06  5.09873885e+01  4.64158883e+06  2.92689046e+01 
 5.01187234e+06  4.79920256e+01  5.01187234e+06  2.37291068e+01 
 5.41169527e+06  4.54010548e+01  5.41169527e+06  2.04359909e+01 
 5.84341413e+06  4.30938803e+01  5.84341413e+06  1.83585832e+01 
 6.30957344e+06  4.09894048e+01  6.30957344e+06  1.70167638e+01 
 6.81292069e+06  3.90344158e+01  6.81292069e+06  1.61589011e+01 
 7.35642254e+06  3.71907978e+01  7.35642254e+06  1.56481196e+01 
 7.94328235e+06  3.54334648e+01  7.94328235e+06  1.53994197e+01 
 8.57695899e+06  3.37414968e+01  8.57695899e+06  1.53636421e+01 
 9.26118728e+06  3.21007908e+01  9.26118728e+06  1.55063017e+01 
 1.00000000e+07  3.05012048e+01  1.00000000e+07  1.58127025e+01 
 1.07977516e+07  2.89301288e+01  1.07977516e+07  1.62670752e+01 
 1.16591440e+07  2.73819134e+01  1.16591440e+07  1.68706761e+01 
 1.25892541e+07  2.58494819e+01  1.25892541e+07  1.76226070e+01 
 1.35935639e+07  2.43282948e+01  1.35935639e+07  1.85233419e+01 
 1.46779927e+07  2.28146194e+01  1.46779927e+07  1.95917422e+01 
 1.58489319e+07  2.12961255e+01  1.58489319e+07  2.08473110e+01 
 1.71132830e+07  1.97766108e+01  1.71132830e+07  2.23004246e+01 
 1.84784980e+07  1.82472504e+01  1.84784980e+07  2.39751128e+01 
 1.99526231e+07  1.67051680e+01  1.99526231e+07  2.59260805e+01 
 2.15443469e+07  1.51436689e+01  2.15443469e+07  2.81984127e+01 
 2.32630507e+07  1.35574301e+01  2.32630507e+07  3.08558513e+01 
 2.51188643e+07  1.19468977e+01  2.51188643e+07  3.40433766e+01 
 2.71227258e+07  1.03084992e+01  2.71227258e+07  3.77480632e+01 
 2.92864456e+07  8.64118631e+00  2.92864456e+07  4.21952125e+01 
 3.16227766e+07  6.94813651e+00  3.16227766e+07  4.77224300e+01 
 3.41454887e+07  5.26167548e+00  3.41454887e+07  5.44056552e+01 
 3.68694506e+07  3.62041320e+00  3.68694506e+07  6.26416726e+01 
 3.98107171e+07  2.10960987e+00  3.98107171e+07  7.24781023e+01 
 4.29866235e+07  8.13821934e-01  4.29866235e+07  8.44128886e+01 
 4.64158883e+07 -5.99947683e-02  4.64158883e+07  9.73310439e+01 
 5.01187234e+07 -6.28042676e-01  5.01187234e+07  1.10897568e+02 
 5.41169527e+07 -7.08578805e-01  5.41169527e+07  1.23182051e+02 
 5.84341413e+07 -4.35468226e-01  5.84341413e+07  1.33460593e+02 
 6.30957344e+07 -6.06919948e-02  6.30957344e+07  1.41917313e+02 
 6.81292069e+07  2.96413021e-01  6.81292069e+07  1.50101398e+02 
 7.35642254e+07  6.65156499e-01  7.35642254e+07  1.56848492e+02 
 7.94328235e+07  1.15286096e+00  7.94328235e+07  1.61229677e+02 
 8.57695899e+07  1.61753351e+00  8.57695899e+07  1.66294510e+02 
 9.26118728e+07  1.95506874e+00  9.26118728e+07  1.70218196e+02 
 1.00000000e+08  2.42190898e+00  1.00000000e+08  1.73717244e+02 
 1.07977516e+08  2.79013280e+00  1.07977516e+08  1.76595546e+02 
 1.16591440e+08  3.16392677e+00  1.16591440e+08  1.79508191e+02 
 1.25892541e+08  3.41478096e+00  1.25892541e+08  1.81953593e+02 
 1.35935639e+08  3.72628852e+00  1.35935639e+08  1.84230576e+02 
 1.46779927e+08  4.09941322e+00  1.46779927e+08  1.86054761e+02 
 1.58489319e+08  4.33630872e+00  1.58489319e+08  1.87573774e+02 
 1.71132830e+08  4.76965794e+00  1.71132830e+08  1.88464905e+02 
 1.84784980e+08  5.21717893e+00  1.84784980e+08  1.89606695e+02 
 1.99526231e+08  5.62580349e+00  1.99526231e+08  1.90323597e+02 
 2.15443469e+08  5.26711486e+00  2.15443469e+08  1.90862617e+02 
 2.32630507e+08  5.65230601e+00  2.32630507e+08  1.90686621e+02 
 2.51188643e+08  6.75046404e+00  2.51188643e+08  1.90356892e+02 
 2.71227258e+08  6.70843022e+00  2.71227258e+08  1.90203565e+02 
 2.92864456e+08  6.77732411e+00  2.92864456e+08  1.89345321e+02 
 3.16227766e+08  6.29247696e+00  3.16227766e+08  1.88652637e+02 
 3.41454887e+08  8.28290514e+00  3.41454887e+08  1.87860141e+02 
 3.68694506e+08  8.09648625e+00  3.68694506e+08  1.86733236e+02 
 3.98107171e+08  8.00316070e+00  3.98107171e+08  1.86153887e+02 
 4.29866235e+08  6.75471536e+00  4.29866235e+08  1.85108278e+02 
 4.64158883e+08  8.35439168e+00  4.64158883e+08  1.84595232e+02 
 5.01187234e+08  7.04393617e+00  5.01187234e+08  1.83616483e+02 
 5.41169527e+08  1.01580674e+01  5.41169527e+08  1.83292747e+02 
 5.84341413e+08  6.33333253e+00  5.84341413e+08  1.82604028e+02 
 6.30957344e+08  7.47421250e+00  6.30957344e+08  1.81971505e+02 
 6.81292069e+08  9.62977347e+00  6.81292069e+08  1.82101824e+02 
 7.35642254e+08  8.28352001e+00  7.35642254e+08  1.81206074e+02 
 7.94328235e+08  6.92641346e+00  7.94328235e+08  1.81522548e+02 
 8.57695899e+08  1.15848855e+01  8.57695899e+08  1.82132360e+02 
 9.26118728e+08  4.23034471e+00  9.26118728e+08  1.81139597e+02 
 1.00000000e+09  8.90188004e+00  1.00000000e+09  1.80777255e+02 
