 1.00000000e+00  4.56885407e+01  1.00000000e+00  1.79999998e+02 
 1.07977516e+00  4.56885407e+01  1.07977516e+00  1.79999998e+02 
 1.16591440e+00  4.56885407e+01  1.16591440e+00  1.79999998e+02 
 1.25892541e+00  4.56885407e+01  1.25892541e+00  1.79999998e+02 
 1.35935639e+00  4.56885407e+01  1.35935639e+00  1.79999997e+02 
 1.46779927e+00  4.56885407e+01  1.46779927e+00  1.79999997e+02 
 1.58489319e+00  4.56885407e+01  1.58489319e+00  1.79999997e+02 
 1.71132830e+00  4.56885407e+01  1.71132830e+00  1.79999997e+02 
 1.84784980e+00  4.56885407e+01  1.84784980e+00  1.79999996e+02 
 1.99526231e+00  4.56885407e+01  1.99526231e+00  1.79999996e+02 
 2.15443469e+00  4.56885407e+01  2.15443469e+00  1.79999996e+02 
 2.32630507e+00  4.56885407e+01  2.32630507e+00  1.79999995e+02 
 2.51188643e+00  4.56885407e+01  2.51188643e+00  1.79999995e+02 
 2.71227258e+00  4.56885407e+01  2.71227258e+00  1.79999995e+02 
 2.92864456e+00  4.56885407e+01  2.92864456e+00  1.79999994e+02 
 3.16227766e+00  4.56885407e+01  3.16227766e+00  1.79999994e+02 
 3.41454887e+00  4.56885407e+01  3.41454887e+00  1.79999993e+02 
 3.68694506e+00  4.56885407e+01  3.68694506e+00  1.79999993e+02 
 3.98107171e+00  4.56885407e+01  3.98107171e+00  1.79999992e+02 
 4.29866235e+00  4.56885407e+01  4.29866235e+00  1.79999992e+02 
 4.64158883e+00  4.56885407e+01  4.64158883e+00  1.79999991e+02 
 5.01187234e+00  4.56885407e+01  5.01187234e+00  1.79999990e+02 
 5.41169527e+00  4.56885407e+01  5.41169527e+00  1.79999990e+02 
 5.84341413e+00  4.56885407e+01  5.84341413e+00  1.79999989e+02 
 6.30957344e+00  4.56885407e+01  6.30957344e+00  1.79999988e+02 
 6.81292069e+00  4.56885407e+01  6.81292069e+00  1.79999987e+02 
 7.35642254e+00  4.56885407e+01  7.35642254e+00  1.79999986e+02 
 7.94328235e+00  4.56885407e+01  7.94328235e+00  1.79999985e+02 
 8.57695899e+00  4.56885407e+01  8.57695899e+00  1.79999983e+02 
 9.26118728e+00  4.56885407e+01  9.26118728e+00  1.79999982e+02 
 1.00000000e+01  4.56885407e+01  1.00000000e+01  1.79999981e+02 
 1.07977516e+01  4.56885407e+01  1.07977516e+01  1.79999979e+02 
 1.16591440e+01  4.56885407e+01  1.16591440e+01  1.79999977e+02 
 1.25892541e+01  4.56885407e+01  1.25892541e+01  1.79999976e+02 
 1.35935639e+01  4.56885407e+01  1.35935639e+01  1.79999974e+02 
 1.46779927e+01  4.56885407e+01  1.46779927e+01  1.79999972e+02 
 1.58489319e+01  4.56885407e+01  1.58489319e+01  1.79999969e+02 
 1.71132830e+01  4.56885407e+01  1.71132830e+01  1.79999967e+02 
 1.84784980e+01  4.56885407e+01  1.84784980e+01  1.79999964e+02 
 1.99526231e+01  4.56885407e+01  1.99526231e+01  1.79999961e+02 
 2.15443469e+01  4.56885407e+01  2.15443469e+01  1.79999958e+02 
 2.32630507e+01  4.56885407e+01  2.32630507e+01  1.79999955e+02 
 2.51188643e+01  4.56885407e+01  2.51188643e+01  1.79999951e+02 
 2.71227258e+01  4.56885407e+01  2.71227258e+01  1.79999947e+02 
 2.92864456e+01  4.56885407e+01  2.92864456e+01  1.79999943e+02 
 3.16227766e+01  4.56885407e+01  3.16227766e+01  1.79999939e+02 
 3.41454887e+01  4.56885407e+01  3.41454887e+01  1.79999934e+02 
 3.68694506e+01  4.56885407e+01  3.68694506e+01  1.79999929e+02 
 3.98107171e+01  4.56885407e+01  3.98107171e+01  1.79999923e+02 
 4.29866235e+01  4.56885407e+01  4.29866235e+01  1.79999917e+02 
 4.64158883e+01  4.56885407e+01  4.64158883e+01  1.79999910e+02 
 5.01187234e+01  4.56885407e+01  5.01187234e+01  1.79999903e+02 
 5.41169527e+01  4.56885407e+01  5.41169527e+01  1.79999895e+02 
 5.84341413e+01  4.56885407e+01  5.84341413e+01  1.79999887e+02 
 6.30957344e+01  4.56885407e+01  6.30957344e+01  1.79999878e+02 
 6.81292069e+01  4.56885407e+01  6.81292069e+01  1.79999868e+02 
 7.35642254e+01  4.56885407e+01  7.35642254e+01  1.79999857e+02 
 7.94328235e+01  4.56885407e+01  7.94328235e+01  1.79999846e+02 
 8.57695899e+01  4.56885407e+01  8.57695899e+01  1.79999834e+02 
 9.26118728e+01  4.56885407e+01  9.26118728e+01  1.79999821e+02 
 1.00000000e+02  4.56885407e+01  1.00000000e+02  1.79999806e+02 
 1.07977516e+02  4.56885407e+01  1.07977516e+02  1.79999791e+02 
 1.16591440e+02  4.56885407e+01  1.16591440e+02  1.79999774e+02 
 1.25892541e+02  4.56885407e+01  1.25892541e+02  1.79999756e+02 
 1.35935639e+02  4.56885407e+01  1.35935639e+02  1.79999737e+02 
 1.46779927e+02  4.56885407e+01  1.46779927e+02  1.79999716e+02 
 1.58489319e+02  4.56885407e+01  1.58489319e+02  1.79999693e+02 
 1.71132830e+02  4.56885407e+01  1.71132830e+02  1.79999668e+02 
 1.84784980e+02  4.56885407e+01  1.84784980e+02  1.79999642e+02 
 1.99526231e+02  4.56885407e+01  1.99526231e+02  1.79999613e+02 
 2.15443469e+02  4.56885407e+01  2.15443469e+02  1.79999583e+02 
 2.32630507e+02  4.56885407e+01  2.32630507e+02  1.79999549e+02 
 2.51188643e+02  4.56885407e+01  2.51188643e+02  1.79999513e+02 
 2.71227258e+02  4.56885407e+01  2.71227258e+02  1.79999474e+02 
 2.92864456e+02  4.56885407e+01  2.92864456e+02  1.79999432e+02 
 3.16227766e+02  4.56885407e+01  3.16227766e+02  1.79999387e+02 
 3.41454887e+02  4.56885408e+01  3.41454887e+02  1.79999338e+02 
 3.68694506e+02  4.56885408e+01  3.68694506e+02  1.79999286e+02 
 3.98107171e+02  4.56885408e+01  3.98107171e+02  1.79999229e+02 
 4.29866235e+02  4.56885408e+01  4.29866235e+02  1.79999167e+02 
 4.64158883e+02  4.56885408e+01  4.64158883e+02  1.79999101e+02 
 5.01187234e+02  4.56885408e+01  5.01187234e+02  1.79999029e+02 
 5.41169527e+02  4.56885409e+01  5.41169527e+02  1.79998951e+02 
 5.84341413e+02  4.56885409e+01  5.84341413e+02  1.79998868e+02 
 6.30957344e+02  4.56885409e+01  6.30957344e+02  1.79998777e+02 
 6.81292069e+02  4.56885410e+01  6.81292069e+02  1.79998680e+02 
 7.35642254e+02  4.56885410e+01  7.35642254e+02  1.79998574e+02 
 7.94328235e+02  4.56885411e+01  7.94328235e+02  1.79998461e+02 
 8.57695899e+02  4.56885411e+01  8.57695899e+02  1.79998338e+02 
 9.26118728e+02  4.56885412e+01  9.26118728e+02  1.79998205e+02 
 1.00000000e+03  4.56885413e+01  1.00000000e+03  1.79998062e+02 
 1.07977516e+03  4.56885414e+01  1.07977516e+03  1.79997908e+02 
 1.16591440e+03  4.56885415e+01  1.16591440e+03  1.79997741e+02 
 1.25892541e+03  4.56885416e+01  1.25892541e+03  1.79997560e+02 
 1.35935639e+03  4.56885418e+01  1.35935639e+03  1.79997366e+02 
 1.46779927e+03  4.56885420e+01  1.46779927e+03  1.79997156e+02 
 1.58489319e+03  4.56885422e+01  1.58489319e+03  1.79996929e+02 
 1.71132830e+03  4.56885424e+01  1.71132830e+03  1.79996684e+02 
 1.84784980e+03  4.56885427e+01  1.84784980e+03  1.79996419e+02 
 1.99526231e+03  4.56885430e+01  1.99526231e+03  1.79996134e+02 
 2.15443469e+03  4.56885434e+01  2.15443469e+03  1.79995825e+02 
 2.32630507e+03  4.56885439e+01  2.32630507e+03  1.79995492e+02 
 2.51188643e+03  4.56885444e+01  2.51188643e+03  1.79995132e+02 
 2.71227258e+03  4.56885450e+01  2.71227258e+03  1.79994744e+02 
 2.92864456e+03  4.56885458e+01  2.92864456e+03  1.79994325e+02 
 3.16227766e+03  4.56885466e+01  3.16227766e+03  1.79993872e+02 
 3.41454887e+03  4.56885476e+01  3.41454887e+03  1.79993383e+02 
 3.68694506e+03  4.56885487e+01  3.68694506e+03  1.79992855e+02 
 3.98107171e+03  4.56885501e+01  3.98107171e+03  1.79992285e+02 
 4.29866235e+03  4.56885516e+01  4.29866235e+03  1.79991670e+02 
 4.64158883e+03  4.56885534e+01  4.64158883e+03  1.79991005e+02 
 5.01187234e+03  4.56885555e+01  5.01187234e+03  1.79990288e+02 
 5.41169527e+03  4.56885580e+01  5.41169527e+03  1.79989513e+02 
 5.84341413e+03  4.56885609e+01  5.84341413e+03  1.79988676e+02 
 6.30957344e+03  4.56885642e+01  6.30957344e+03  1.79987773e+02 
 6.81292069e+03  4.56885681e+01  6.81292069e+03  1.79986798e+02 
 7.35642254e+03  4.56885727e+01  7.35642254e+03  1.79985745e+02 
 7.94328235e+03  4.56885780e+01  7.94328235e+03  1.79984607e+02 
 8.57695899e+03  4.56885842e+01  8.57695899e+03  1.79983379e+02 
 9.26118728e+03  4.56885914e+01  9.26118728e+03  1.79982053e+02 
 1.00000000e+04  4.56885999e+01  1.00000000e+04  1.79980622e+02 
 1.07977516e+04  4.56886097e+01  1.07977516e+04  1.79979076e+02 
 1.16591440e+04  4.56886211e+01  1.16591440e+04  1.79977406e+02 
 1.25892541e+04  4.56886345e+01  1.25892541e+04  1.79975604e+02 
 1.35935639e+04  4.56886500e+01  1.35935639e+04  1.79973658e+02 
 1.46779927e+04  4.56886682e+01  1.46779927e+04  1.79971556e+02 
 1.58489319e+04  4.56886893e+01  1.58489319e+04  1.79969287e+02 
 1.71132830e+04  4.56887140e+01  1.71132830e+04  1.79966837e+02 
 1.84784980e+04  4.56887427e+01  1.84784980e+04  1.79964191e+02 
 1.99526231e+04  4.56887763e+01  1.99526231e+04  1.79961334e+02 
 2.15443469e+04  4.56888154e+01  2.15443469e+04  1.79958249e+02 
 2.32630507e+04  4.56888609e+01  2.32630507e+04  1.79954918e+02 
 2.51188643e+04  4.56889141e+01  2.51188643e+04  1.79951321e+02 
 2.71227258e+04  4.56889760e+01  2.71227258e+04  1.79947437e+02 
 2.92864456e+04  4.56890482e+01  2.92864456e+04  1.79943243e+02 
 3.16227766e+04  4.56891324e+01  3.16227766e+04  1.79938714e+02 
 3.41454887e+04  4.56892306e+01  3.41454887e+04  1.79933824e+02 
 3.68694506e+04  4.56893451e+01  3.68694506e+04  1.79928543e+02 
 3.98107171e+04  4.56894786e+01  3.98107171e+04  1.79922841e+02 
 4.29866235e+04  4.56896342e+01  4.29866235e+04  1.79916683e+02 
 4.64158883e+04  4.56898157e+01  4.64158883e+04  1.79910033e+02 
 5.01187234e+04  4.56900272e+01  5.01187234e+04  1.79902852e+02 
 5.41169527e+04  4.56902739e+01  5.41169527e+04  1.79895098e+02 
 5.84341413e+04  4.56905615e+01  5.84341413e+04  1.79886723e+02 
 6.30957344e+04  4.56908968e+01  6.30957344e+04  1.79877679e+02 
 6.81292069e+04  4.56912877e+01  6.81292069e+04  1.79867911e+02 
 7.35642254e+04  4.56917436e+01  7.35642254e+04  1.79857362e+02 
 7.94328235e+04  4.56922751e+01  7.94328235e+04  1.79845968e+02 
 8.57695899e+04  4.56928949e+01  8.57695899e+04  1.79833661e+02 
 9.26118728e+04  4.56936174e+01  9.26118728e+04  1.79820367e+02 
 1.00000000e+05  4.56944601e+01  1.00000000e+05  1.79806006e+02 
 1.07977516e+05  4.56954425e+01  1.07977516e+05  1.79790493e+02 
 1.16591440e+05  4.56965882e+01  1.16591440e+05  1.79773731e+02 
 1.25892541e+05  4.56979242e+01  1.25892541e+05  1.79755621e+02 
 1.35935639e+05  4.56994819e+01  1.35935639e+05  1.79736049e+02 
 1.46779927e+05  4.57012986e+01  1.46779927e+05  1.79714897e+02 
 1.58489319e+05  4.57034169e+01  1.58489319e+05  1.79692033e+02 
 1.71132830e+05  4.57058874e+01  1.71132830e+05  1.79667313e+02 
 1.84784980e+05  4.57087691e+01  1.84784980e+05  1.79640583e+02 
 1.99526231e+05  4.57121293e+01  1.99526231e+05  1.79611670e+02 
 2.15443469e+05  4.57160491e+01  2.15443469e+05  1.79580388e+02 
 2.32630507e+05  4.57206218e+01  2.32630507e+05  1.79546532e+02 
 2.51188643e+05  4.57259547e+01  2.51188643e+05  1.79509875e+02 
 2.71227258e+05  4.57321776e+01  2.71227258e+05  1.79470169e+02 
 2.92864456e+05  4.57394387e+01  2.92864456e+05  1.79427138e+02 
 3.16227766e+05  4.57479111e+01  3.16227766e+05  1.79380473e+02 
 3.41454887e+05  4.57578007e+01  3.41454887e+05  1.79329834e+02 
 3.68694506e+05  4.57693428e+01  3.68694506e+05  1.79274837e+02 
 3.98107171e+05  4.57828174e+01  3.98107171e+05  1.79215049e+02 
 4.29866235e+05  4.57985566e+01  4.29866235e+05  1.79149982e+02 
 4.64158883e+05  4.58169420e+01  4.64158883e+05  1.79079078e+02 
 5.01187234e+05  4.58384248e+01  5.01187234e+05  1.79001698e+02 
 5.41169527e+05  4.58635334e+01  5.41169527e+05  1.78917107e+02 
 5.84341413e+05  4.58929020e+01  5.84341413e+05  1.78824445e+02 
 6.30957344e+05  4.59272599e+01  6.30957344e+05  1.78722709e+02 
 6.81292069e+05  4.59674828e+01  6.81292069e+05  1.78610711e+02 
 7.35642254e+05  4.60146122e+01  7.35642254e+05  1.78487034e+02 
 7.94328235e+05  4.60698726e+01  7.94328235e+05  1.78349973e+02 
 8.57695899e+05  4.61347304e+01  8.57695899e+05  1.78197454e+02 
 9.26118728e+05  4.62109421e+01  9.26118728e+05  1.78026930e+02 
 1.00000000e+06  4.63006220e+01  1.00000000e+06  1.77835234e+02 
 1.07977516e+06  4.64063013e+01  1.07977516e+06  1.77618389e+02 
 1.16591440e+06  4.65310914e+01  1.16591440e+06  1.77371319e+02 
 1.25892541e+06  4.66787991e+01  1.25892541e+06  1.77087477e+02 
 1.35935639e+06  4.68540816e+01  1.35935639e+06  1.76758271e+02 
 1.46779927e+06  4.70627880e+01  1.46779927e+06  1.76372221e+02 
 1.58489319e+06  4.73122761e+01  1.58489319e+06  1.75913737e+02 
 1.71132830e+06  4.76120089e+01  1.71132830e+06  1.75361019e+02 
 1.84784980e+06  4.79741522e+01  1.84784980e+06  1.74683033e+02 
 1.99526231e+06  4.84149269e+01  1.99526231e+06  1.73833882e+02 
 2.15443469e+06  4.89563943e+01  2.15443469e+06  1.72743268e+02 
 2.32630507e+06  4.96290340e+01  2.32630507e+06  1.71298371e+02 
 2.51188643e+06  5.04767657e+01  2.51188643e+06  1.69307154e+02 
 2.71227258e+06  5.15644360e+01  2.71227258e+06  1.66417903e+02 
 2.92864456e+06  5.29893244e+01  2.92864456e+06  1.61921868e+02 
 3.16227766e+06  5.48885569e+01  3.16227766e+06  1.54211312e+02 
 3.41454887e+06  5.73413662e+01  3.41454887e+06  1.39209465e+02 
 3.68694506e+06  5.94592960e+01  3.68694506e+06  1.08394947e+02 
 3.98107171e+06  5.80727727e+01  3.98107171e+06  6.77938192e+01 
 4.29866235e+06  5.42369973e+01  4.29866235e+06  4.32583313e+01 
 4.64158883e+06  5.06093154e+01  4.64158883e+06  3.15131399e+01 
 5.01187234e+06  4.75373096e+01  5.01187234e+06  2.53147698e+01 
 5.41169527e+06  4.48890452e+01  5.41169527e+06  2.16901586e+01 
 5.84341413e+06  4.25400954e+01  5.84341413e+06  1.94330849e+01 
 6.30957344e+06  4.04046800e+01  6.30957344e+06  1.79907494e+01 
 6.81292069e+06  3.84254537e+01  6.81292069e+06  1.70802202e+01 
 7.35642254e+06  3.65638600e+01  7.35642254e+06  1.65457793e+01 
 7.94328235e+06  3.47905442e+01  7.94328235e+06  1.62953105e+01 
 8.57695899e+06  3.30873604e+01  8.57695899e+06  1.62720362e+01 
 9.26118728e+06  3.14363127e+01  9.26118728e+06  1.64445695e+01 
 1.00000000e+07  2.98257219e+01  1.00000000e+07  1.67889530e+01 
 1.07977516e+07  2.82479595e+01  1.07977516e+07  1.72962972e+01 
 1.16591440e+07  2.66930864e+01  1.16591440e+07  1.79580205e+01 
 1.25892541e+07  2.51531806e+01  1.25892541e+07  1.87852914e+01 
 1.35935639e+07  2.36258267e+01  1.35935639e+07  1.97760317e+01 
 1.46779927e+07  2.21052110e+01  1.46779927e+07  2.09467012e+01 
 1.58489319e+07  2.05798130e+01  1.58489319e+07  2.23216341e+01 
 1.71132830e+07  1.90567091e+01  1.71132830e+07  2.38991769e+01 
 1.84784980e+07  1.75183613e+01  1.84784980e+07  2.57691709e+01 
 1.99526231e+07  1.59683561e+01  1.99526231e+07  2.79176840e+01 
 2.15443469e+07  1.44084325e+01  2.15443469e+07  3.04075807e+01 
 2.32630507e+07  1.28115909e+01  2.32630507e+07  3.33589615e+01 
 2.51188643e+07  1.12024994e+01  2.51188643e+07  3.68040424e+01 
 2.71227258e+07  9.56182371e+00  2.71227258e+07  4.09564773e+01 
 2.92864456e+07  7.89646639e+00  2.92864456e+07  4.59710354e+01 
 3.16227766e+07  6.24570842e+00  3.16227766e+07  5.19475937e+01 
 3.41454887e+07  4.62262116e+00  3.41454887e+07  5.95253649e+01 
 3.68694506e+07  3.06821828e+00  3.68694506e+07  6.82360260e+01 
 3.98107171e+07  1.68264242e+00  3.98107171e+07  7.88551872e+01 
 4.29866235e+07  6.15567770e-01  4.29866235e+07  9.10773283e+01 
 4.64158883e+07 -7.10577653e-02  4.64158883e+07  1.03710791e+02 
 5.01187234e+07 -3.89623942e-01  5.01187234e+07  1.16200904e+02 
 5.41169527e+07 -4.00383155e-01  5.41169527e+07  1.27720436e+02 
 5.84341413e+07 -1.27871491e-01  5.84341413e+07  1.37668045e+02 
 6.30957344e+07  1.51959057e-01  6.30957344e+07  1.45529402e+02 
 6.81292069e+07  5.96200945e-01  6.81292069e+07  1.52430689e+02 
 7.35642254e+07  1.04201979e+00  7.35642254e+07  1.58611383e+02 
 7.94328235e+07  1.34111846e+00  7.94328235e+07  1.63201042e+02 
 8.57695899e+07  1.84734352e+00  8.57695899e+07  1.67282483e+02 
 9.26118728e+07  2.14136905e+00  9.26118728e+07  1.71260953e+02 
 1.00000000e+08  2.60736344e+00  1.00000000e+08  1.74347352e+02 
 1.07977516e+08  3.04303530e+00  1.07977516e+08  1.76976285e+02 
 1.16591440e+08  3.20561121e+00  1.16591440e+08  1.80071586e+02 
 1.25892541e+08  3.55496627e+00  1.25892541e+08  1.82559787e+02 
 1.35935639e+08  4.00170049e+00  1.35935639e+08  1.84208447e+02 
 1.46779927e+08  4.22381745e+00  1.46779927e+08  1.86046698e+02 
 1.58489319e+08  4.64550887e+00  1.58489319e+08  1.87520292e+02 
 1.71132830e+08  4.88350577e+00  1.71132830e+08  1.88674375e+02 
 1.84784980e+08  5.32058179e+00  1.84784980e+08  1.89645801e+02 
 1.99526231e+08  5.71297619e+00  1.99526231e+08  1.89980847e+02 
 2.15443469e+08  6.35647197e+00  2.15443469e+08  1.90390717e+02 
 2.32630507e+08  6.09803749e+00  2.32630507e+08  1.90202771e+02 
 2.51188643e+08  6.32733893e+00  2.51188643e+08  1.90300612e+02 
 2.71227258e+08  6.20936291e+00  2.71227258e+08  1.89665928e+02 
 2.92864456e+08  7.40838064e+00  2.92864456e+08  1.88776272e+02 
 3.16227766e+08  6.96715642e+00  3.16227766e+08  1.88032892e+02 
 3.41454887e+08  8.25848650e+00  3.41454887e+08  1.87044075e+02 
 3.68694506e+08  7.05120943e+00  3.68694506e+08  1.86521638e+02 
 3.98107171e+08  6.81209944e+00  3.98107171e+08  1.85608138e+02 
 4.29866235e+08  6.70410552e+00  4.29866235e+08  1.84953576e+02 
 4.64158883e+08  8.29705895e+00  4.64158883e+08  1.83963699e+02 
 5.01187234e+08  8.90682891e+00  5.01187234e+08  1.83556920e+02 
 5.41169527e+08  1.00853113e+01  5.41169527e+08  1.83000461e+02 
 5.84341413e+08  6.26630699e+00  5.84341413e+08  1.82401098e+02 
 6.30957344e+08  7.40565477e+00  6.30957344e+08  1.81616078e+02 
 6.81292069e+08  9.56005023e+00  6.81292069e+08  1.81772530e+02 
 7.35642254e+08  8.22394915e+00  7.35642254e+08  1.81206992e+02 
 7.94328235e+08  6.86481209e+00  7.94328235e+08  1.81283639e+02 
 8.57695899e+08  5.51645702e+00  8.57695899e+08  1.80749073e+02 
 9.26118728e+08  4.16703869e+00  9.26118728e+08  1.80773621e+02 
 1.00000000e+09  8.83697744e+00  1.00000000e+09  1.80380352e+02 
