 1.00000000e+00  4.63856906e+01  1.00000000e+00  1.79999998e+02 
 1.07977516e+00  4.63856906e+01  1.07977516e+00  1.79999998e+02 
 1.16591440e+00  4.63856906e+01  1.16591440e+00  1.79999998e+02 
 1.25892541e+00  4.63856906e+01  1.25892541e+00  1.79999998e+02 
 1.35935639e+00  4.63856906e+01  1.35935639e+00  1.79999998e+02 
 1.46779927e+00  4.63856906e+01  1.46779927e+00  1.79999998e+02 
 1.58489319e+00  4.63856906e+01  1.58489319e+00  1.79999997e+02 
 1.71132830e+00  4.63856906e+01  1.71132830e+00  1.79999997e+02 
 1.84784980e+00  4.63856906e+01  1.84784980e+00  1.79999997e+02 
 1.99526231e+00  4.63856906e+01  1.99526231e+00  1.79999997e+02 
 2.15443469e+00  4.63856906e+01  2.15443469e+00  1.79999996e+02 
 2.32630507e+00  4.63856906e+01  2.32630507e+00  1.79999996e+02 
 2.51188643e+00  4.63856906e+01  2.51188643e+00  1.79999996e+02 
 2.71227258e+00  4.63856906e+01  2.71227258e+00  1.79999996e+02 
 2.92864456e+00  4.63856906e+01  2.92864456e+00  1.79999995e+02 
 3.16227766e+00  4.63856906e+01  3.16227766e+00  1.79999995e+02 
 3.41454887e+00  4.63856906e+01  3.41454887e+00  1.79999994e+02 
 3.68694506e+00  4.63856906e+01  3.68694506e+00  1.79999994e+02 
 3.98107171e+00  4.63856906e+01  3.98107171e+00  1.79999993e+02 
 4.29866235e+00  4.63856906e+01  4.29866235e+00  1.79999993e+02 
 4.64158883e+00  4.63856906e+01  4.64158883e+00  1.79999992e+02 
 5.01187234e+00  4.63856906e+01  5.01187234e+00  1.79999992e+02 
 5.41169527e+00  4.63856906e+01  5.41169527e+00  1.79999991e+02 
 5.84341413e+00  4.63856906e+01  5.84341413e+00  1.79999990e+02 
 6.30957344e+00  4.63856906e+01  6.30957344e+00  1.79999990e+02 
 6.81292069e+00  4.63856906e+01  6.81292069e+00  1.79999989e+02 
 7.35642254e+00  4.63856906e+01  7.35642254e+00  1.79999988e+02 
 7.94328235e+00  4.63856906e+01  7.94328235e+00  1.79999987e+02 
 8.57695899e+00  4.63856906e+01  8.57695899e+00  1.79999986e+02 
 9.26118728e+00  4.63856906e+01  9.26118728e+00  1.79999985e+02 
 1.00000000e+01  4.63856906e+01  1.00000000e+01  1.79999984e+02 
 1.07977516e+01  4.63856906e+01  1.07977516e+01  1.79999982e+02 
 1.16591440e+01  4.63856906e+01  1.16591440e+01  1.79999981e+02 
 1.25892541e+01  4.63856906e+01  1.25892541e+01  1.79999979e+02 
 1.35935639e+01  4.63856906e+01  1.35935639e+01  1.79999978e+02 
 1.46779927e+01  4.63856906e+01  1.46779927e+01  1.79999976e+02 
 1.58489319e+01  4.63856906e+01  1.58489319e+01  1.79999974e+02 
 1.71132830e+01  4.63856906e+01  1.71132830e+01  1.79999972e+02 
 1.84784980e+01  4.63856906e+01  1.84784980e+01  1.79999970e+02 
 1.99526231e+01  4.63856906e+01  1.99526231e+01  1.79999967e+02 
 2.15443469e+01  4.63856906e+01  2.15443469e+01  1.79999965e+02 
 2.32630507e+01  4.63856906e+01  2.32630507e+01  1.79999962e+02 
 2.51188643e+01  4.63856906e+01  2.51188643e+01  1.79999959e+02 
 2.71227258e+01  4.63856906e+01  2.71227258e+01  1.79999956e+02 
 2.92864456e+01  4.63856906e+01  2.92864456e+01  1.79999952e+02 
 3.16227766e+01  4.63856906e+01  3.16227766e+01  1.79999948e+02 
 3.41454887e+01  4.63856906e+01  3.41454887e+01  1.79999944e+02 
 3.68694506e+01  4.63856906e+01  3.68694506e+01  1.79999940e+02 
 3.98107171e+01  4.63856906e+01  3.98107171e+01  1.79999935e+02 
 4.29866235e+01  4.63856906e+01  4.29866235e+01  1.79999930e+02 
 4.64158883e+01  4.63856906e+01  4.64158883e+01  1.79999924e+02 
 5.01187234e+01  4.63856906e+01  5.01187234e+01  1.79999918e+02 
 5.41169527e+01  4.63856906e+01  5.41169527e+01  1.79999911e+02 
 5.84341413e+01  4.63856906e+01  5.84341413e+01  1.79999904e+02 
 6.30957344e+01  4.63856906e+01  6.30957344e+01  1.79999897e+02 
 6.81292069e+01  4.63856906e+01  6.81292069e+01  1.79999888e+02 
 7.35642254e+01  4.63856906e+01  7.35642254e+01  1.79999880e+02 
 7.94328235e+01  4.63856906e+01  7.94328235e+01  1.79999870e+02 
 8.57695899e+01  4.63856906e+01  8.57695899e+01  1.79999860e+02 
 9.26118728e+01  4.63856906e+01  9.26118728e+01  1.79999848e+02 
 1.00000000e+02  4.63856906e+01  1.00000000e+02  1.79999836e+02 
 1.07977516e+02  4.63856906e+01  1.07977516e+02  1.79999823e+02 
 1.16591440e+02  4.63856906e+01  1.16591440e+02  1.79999809e+02 
 1.25892541e+02  4.63856906e+01  1.25892541e+02  1.79999794e+02 
 1.35935639e+02  4.63856906e+01  1.35935639e+02  1.79999777e+02 
 1.46779927e+02  4.63856906e+01  1.46779927e+02  1.79999760e+02 
 1.58489319e+02  4.63856906e+01  1.58489319e+02  1.79999741e+02 
 1.71132830e+02  4.63856906e+01  1.71132830e+02  1.79999720e+02 
 1.84784980e+02  4.63856906e+01  1.84784980e+02  1.79999697e+02 
 1.99526231e+02  4.63856906e+01  1.99526231e+02  1.79999673e+02 
 2.15443469e+02  4.63856906e+01  2.15443469e+02  1.79999647e+02 
 2.32630507e+02  4.63856906e+01  2.32630507e+02  1.79999619e+02 
 2.51188643e+02  4.63856906e+01  2.51188643e+02  1.79999589e+02 
 2.71227258e+02  4.63856906e+01  2.71227258e+02  1.79999556e+02 
 2.92864456e+02  4.63856906e+01  2.92864456e+02  1.79999521e+02 
 3.16227766e+02  4.63856906e+01  3.16227766e+02  1.79999482e+02 
 3.41454887e+02  4.63856906e+01  3.41454887e+02  1.79999441e+02 
 3.68694506e+02  4.63856907e+01  3.68694506e+02  1.79999396e+02 
 3.98107171e+02  4.63856907e+01  3.98107171e+02  1.79999348e+02 
 4.29866235e+02  4.63856907e+01  4.29866235e+02  1.79999296e+02 
 4.64158883e+02  4.63856907e+01  4.64158883e+02  1.79999240e+02 
 5.01187234e+02  4.63856907e+01  5.01187234e+02  1.79999179e+02 
 5.41169527e+02  4.63856908e+01  5.41169527e+02  1.79999114e+02 
 5.84341413e+02  4.63856908e+01  5.84341413e+02  1.79999043e+02 
 6.30957344e+02  4.63856909e+01  6.30957344e+02  1.79998967e+02 
 6.81292069e+02  4.63856909e+01  6.81292069e+02  1.79998885e+02 
 7.35642254e+02  4.63856910e+01  7.35642254e+02  1.79998796e+02 
 7.94328235e+02  4.63856910e+01  7.94328235e+02  1.79998700e+02 
 8.57695899e+02  4.63856911e+01  8.57695899e+02  1.79998596e+02 
 9.26118728e+02  4.63856912e+01  9.26118728e+02  1.79998484e+02 
 1.00000000e+03  4.63856913e+01  1.00000000e+03  1.79998363e+02 
 1.07977516e+03  4.63856915e+01  1.07977516e+03  1.79998232e+02 
 1.16591440e+03  4.63856916e+01  1.16591440e+03  1.79998091e+02 
 1.25892541e+03  4.63856918e+01  1.25892541e+03  1.79997939e+02 
 1.35935639e+03  4.63856920e+01  1.35935639e+03  1.79997774e+02 
 1.46779927e+03  4.63856922e+01  1.46779927e+03  1.79997597e+02 
 1.58489319e+03  4.63856925e+01  1.58489319e+03  1.79997405e+02 
 1.71132830e+03  4.63856928e+01  1.71132830e+03  1.79997198e+02 
 1.84784980e+03  4.63856932e+01  1.84784980e+03  1.79996975e+02 
 1.99526231e+03  4.63856936e+01  1.99526231e+03  1.79996733e+02 
 2.15443469e+03  4.63856941e+01  2.15443469e+03  1.79996473e+02 
 2.32630507e+03  4.63856947e+01  2.32630507e+03  1.79996191e+02 
 2.51188643e+03  4.63856954e+01  2.51188643e+03  1.79995887e+02 
 2.71227258e+03  4.63856962e+01  2.71227258e+03  1.79995559e+02 
 2.92864456e+03  4.63856972e+01  2.92864456e+03  1.79995205e+02 
 3.16227766e+03  4.63856983e+01  3.16227766e+03  1.79994823e+02 
 3.41454887e+03  4.63856996e+01  3.41454887e+03  1.79994410e+02 
 3.68694506e+03  4.63857011e+01  3.68694506e+03  1.79993964e+02 
 3.98107171e+03  4.63857028e+01  3.98107171e+03  1.79993482e+02 
 4.29866235e+03  4.63857049e+01  4.29866235e+03  1.79992962e+02 
 4.64158883e+03  4.63857072e+01  4.64158883e+03  1.79992401e+02 
 5.01187234e+03  4.63857100e+01  5.01187234e+03  1.79991794e+02 
 5.41169527e+03  4.63857132e+01  5.41169527e+03  1.79991140e+02 
 5.84341413e+03  4.63857170e+01  5.84341413e+03  1.79990433e+02 
 6.30957344e+03  4.63857214e+01  6.30957344e+03  1.79989670e+02 
 6.81292069e+03  4.63857265e+01  6.81292069e+03  1.79988846e+02 
 7.35642254e+03  4.63857325e+01  7.35642254e+03  1.79987956e+02 
 7.94328235e+03  4.63857394e+01  7.94328235e+03  1.79986995e+02 
 8.57695899e+03  4.63857475e+01  8.57695899e+03  1.79985957e+02 
 9.26118728e+03  4.63857570e+01  9.26118728e+03  1.79984837e+02 
 1.00000000e+04  4.63857680e+01  1.00000000e+04  1.79983628e+02 
 1.07977516e+04  4.63857809e+01  1.07977516e+04  1.79982321e+02 
 1.16591440e+04  4.63857958e+01  1.16591440e+04  1.79980911e+02 
 1.25892541e+04  4.63858133e+01  1.25892541e+04  1.79979388e+02 
 1.35935639e+04  4.63858337e+01  1.35935639e+04  1.79977744e+02 
 1.46779927e+04  4.63858574e+01  1.46779927e+04  1.79975968e+02 
 1.58489319e+04  4.63858851e+01  1.58489319e+04  1.79974051e+02 
 1.71132830e+04  4.63859174e+01  1.71132830e+04  1.79971980e+02 
 1.84784980e+04  4.63859550e+01  1.84784980e+04  1.79969745e+02 
 1.99526231e+04  4.63859989e+01  1.99526231e+04  1.79967331e+02 
 2.15443469e+04  4.63860501e+01  2.15443469e+04  1.79964725e+02 
 2.32630507e+04  4.63861097e+01  2.32630507e+04  1.79961910e+02 
 2.51188643e+04  4.63861793e+01  2.51188643e+04  1.79958871e+02 
 2.71227258e+04  4.63862603e+01  2.71227258e+04  1.79955589e+02 
 2.92864456e+04  4.63863549e+01  2.92864456e+04  1.79952045e+02 
 3.16227766e+04  4.63864651e+01  3.16227766e+04  1.79948218e+02 
 3.41454887e+04  4.63865936e+01  3.41454887e+04  1.79944086e+02 
 3.68694506e+04  4.63867435e+01  3.68694506e+04  1.79939624e+02 
 3.98107171e+04  4.63869182e+01  3.98107171e+04  1.79934805e+02 
 4.29866235e+04  4.63871219e+01  4.29866235e+04  1.79929601e+02 
 4.64158883e+04  4.63873594e+01  4.64158883e+04  1.79923981e+02 
 5.01187234e+04  4.63876363e+01  5.01187234e+04  1.79917912e+02 
 5.41169527e+04  4.63879592e+01  5.41169527e+04  1.79911357e+02 
 5.84341413e+04  4.63883356e+01  5.84341413e+04  1.79904279e+02 
 6.30957344e+04  4.63887745e+01  6.30957344e+04  1.79896633e+02 
 6.81292069e+04  4.63892863e+01  6.81292069e+04  1.79888375e+02 
 7.35642254e+04  4.63898830e+01  7.35642254e+04  1.79879456e+02 
 7.94328235e+04  4.63905788e+01  7.94328235e+04  1.79869821e+02 
 8.57695899e+04  4.63913902e+01  8.57695899e+04  1.79859413e+02 
 9.26118728e+04  4.63923361e+01  9.26118728e+04  1.79848168e+02 
 1.00000000e+05  4.63934392e+01  1.00000000e+05  1.79836018e+02 
 1.07977516e+05  4.63947255e+01  1.07977516e+05  1.79822890e+02 
 1.16591440e+05  4.63962256e+01  1.16591440e+05  1.79808703e+02 
 1.25892541e+05  4.63979744e+01  1.25892541e+05  1.79793368e+02 
 1.35935639e+05  4.64000142e+01  1.35935639e+05  1.79776791e+02 
 1.46779927e+05  4.64023931e+01  1.46779927e+05  1.79758868e+02 
 1.58489319e+05  4.64051672e+01  1.58489319e+05  1.79739484e+02 
 1.71132830e+05  4.64084028e+01  1.71132830e+05  1.79718516e+02 
 1.84784980e+05  4.64121767e+01  1.84784980e+05  1.79695827e+02 
 1.99526231e+05  4.64165790e+01  1.99526231e+05  1.79671267e+02 
 2.15443469e+05  4.64217143e+01  2.15443469e+05  1.79644671e+02 
 2.32630507e+05  4.64277052e+01  2.32630507e+05  1.79615856e+02 
 2.51188643e+05  4.64346951e+01  2.51188643e+05  1.79584621e+02 
 2.71227258e+05  4.64428519e+01  2.71227258e+05  1.79550739e+02 
 2.92864456e+05  4.64523719e+01  2.92864456e+05  1.79513961e+02 
 3.16227766e+05  4.64634842e+01  3.16227766e+05  1.79474002e+02 
 3.41454887e+05  4.64764567e+01  3.41454887e+05  1.79430545e+02 
 3.68694506e+05  4.64916073e+01  3.68694506e+05  1.79383227e+02 
 3.98107171e+05  4.65093024e+01  3.98107171e+05  1.79331636e+02 
 4.29866235e+05  4.65299790e+01  4.29866235e+05  1.79275299e+02 
 4.64158883e+05  4.65541492e+01  4.64158883e+05  1.79213665e+02 
 5.01187234e+05  4.65824091e+01  5.01187234e+05  1.79146097e+02 
 5.41169527e+05  4.66154747e+01  5.41169527e+05  1.79071842e+02 
 5.84341413e+05  4.66541803e+01  5.84341413e+05  1.78990011e+02 
 6.30957344e+05  4.66995206e+01  6.30957344e+05  1.78899541e+02 
 6.81292069e+05  4.67526827e+01  6.81292069e+05  1.78799147e+02 
 7.35642254e+05  4.68150615e+01  7.35642254e+05  1.78687270e+02 
 7.94328235e+05  4.68883488e+01  7.94328235e+05  1.78561985e+02 
 8.57695899e+05  4.69745638e+01  8.57695899e+05  1.78420901e+02 
 9.26118728e+05  4.70761517e+01  9.26118728e+05  1.78261010e+02 
 1.00000000e+06  4.71960666e+01  1.00000000e+06  1.78078479e+02 
 1.07977516e+06  4.73379600e+01  1.07977516e+06  1.77868356e+02 
 1.16591440e+06  4.75062723e+01  1.16591440e+06  1.77624158e+02 
 1.25892541e+06  4.77065994e+01  1.25892541e+06  1.77337237e+02 
 1.35935639e+06  4.79459417e+01  1.35935639e+06  1.76995853e+02 
 1.46779927e+06  4.82332501e+01  1.46779927e+06  1.76583712e+02 
 1.58489319e+06  4.85802312e+01  1.58489319e+06  1.76077597e+02 
 1.71132830e+06  4.90022947e+01  1.71132830e+06  1.75443471e+02 
 1.84784980e+06  4.95203633e+01  1.84784980e+06  1.74629496e+02 
 1.99526231e+06  5.01637116e+01  1.99526231e+06  1.73553084e+02 
 2.15443469e+06  5.09746187e+01  2.15443469e+06  1.72075027e+02 
 2.32630507e+06  5.20169070e+01  2.32630507e+06  1.69942545e+02 
 2.51188643e+06  5.33911778e+01  2.51188643e+06  1.66649977e+02 
 2.71227258e+06  5.52614664e+01  2.71227258e+06  1.61042489e+02 
 2.92864456e+06  5.78686035e+01  2.92864456e+06  1.49986309e+02 
 3.16227766e+06  6.10690930e+01  3.16227766e+06  1.23977234e+02 
 3.41454887e+06  6.11692714e+01  3.41454887e+06  7.53979543e+01 
 3.68694506e+06  5.68322523e+01  3.68694506e+06  4.29680329e+01 
 3.98107171e+06  5.26618635e+01  3.98107171e+06  2.94948627e+01 
 4.29866235e+06  4.92815731e+01  4.29866235e+06  2.30730651e+01 
 4.64158883e+06  4.64527090e+01  4.64158883e+06  1.95367726e+01 
 5.01187234e+06  4.39892327e+01  5.01187234e+06  1.74216401e+01 
 5.41169527e+06  4.17770773e+01  5.41169527e+06  1.61135140e+01 
 5.84341413e+06  3.97445578e+01  5.84341413e+06  1.53152765e+01 
 6.30957344e+06  3.78437546e+01  6.30957344e+06  1.48696770e+01 
 6.81292069e+06  3.60428882e+01  6.81292069e+06  1.46863444e+01 
 7.35642254e+06  3.43182044e+01  7.35642254e+06  1.47104886e+01 
 7.94328235e+06  3.26533706e+01  7.94328235e+06  1.49104988e+01 
 8.57695899e+06  3.10327584e+01  8.57695899e+06  1.52661984e+01 
 9.26118728e+06  2.94491349e+01  9.26118728e+06  1.57651719e+01 
 1.00000000e+07  2.78919384e+01  1.00000000e+07  1.64083641e+01 
 1.07977516e+07  2.63536114e+01  1.07977516e+07  1.71927722e+01 
 1.16591440e+07  2.48296389e+01  1.16591440e+07  1.81260759e+01 
 1.25892541e+07  2.33122160e+01  1.25892541e+07  1.92122457e+01 
 1.35935639e+07  2.18003227e+01  1.35935639e+07  2.04802796e+01 
 1.46779927e+07  2.02868694e+01  1.46779927e+07  2.19304180e+01 
 1.58489319e+07  1.87651159e+01  1.58489319e+07  2.36032476e+01 
 1.71132830e+07  1.72338062e+01  1.71132830e+07  2.55383962e+01 
 1.84784980e+07  1.56903171e+01  1.84784980e+07  2.77730482e+01 
 1.99526231e+07  1.41212606e+01  1.99526231e+07  3.03455215e+01 
 2.15443469e+07  1.25382397e+01  2.15443469e+07  3.34122477e+01 
 2.32630507e+07  1.09307126e+01  2.32630507e+07  3.69551525e+01 
 2.51188643e+07  9.28826470e+00  2.51188643e+07  4.12055633e+01 
 2.71227258e+07  7.63846910e+00  2.71227258e+07  4.64013282e+01 
 2.92864456e+07  5.98711016e+00  2.92864456e+07  5.27298098e+01 
 3.16227766e+07  4.40641891e+00  3.16227766e+07  6.02995249e+01 
 3.41454887e+07  2.89381374e+00  3.41454887e+07  6.92962525e+01 
 3.68694506e+07  1.52010495e+00  3.68694506e+07  8.01971578e+01 
 3.98107171e+07  5.01070388e-01  3.98107171e+07  9.20698675e+01 
 4.29866235e+07 -1.42875667e-01  4.29866235e+07  1.05189257e+02 
 4.64158883e+07 -3.86166093e-01  4.64158883e+07  1.17004645e+02 
 5.01187234e+07 -3.78376013e-01  5.01187234e+07  1.28312934e+02 
 5.41169527e+07 -1.82166076e-01  5.41169527e+07  1.37730718e+02 
 5.84341413e+07  1.70336104e-01  5.84341413e+07  1.45634110e+02 
 6.30957344e+07  5.88303070e-01  6.30957344e+07  1.52449707e+02 
 6.81292069e+07  9.70396822e-01  6.81292069e+07  1.57887359e+02 
 7.35642254e+07  1.33067554e+00  7.35642254e+07  1.62964817e+02 
 7.94328235e+07  1.77403689e+00  7.94328235e+07  1.66911239e+02 
 8.57695899e+07  2.17990267e+00  8.57695899e+07  1.70642669e+02 
 9.26118728e+07  2.42950722e+00  9.26118728e+07  1.74014366e+02 
 1.00000000e+08  2.87301045e+00  1.00000000e+08  1.76770513e+02 
 1.07977516e+08  3.23245145e+00  1.07977516e+08  1.79486196e+02 
 1.16591440e+08  3.54304046e+00  1.16591440e+08  1.81417688e+02 
 1.25892541e+08  3.84532299e+00  1.25892541e+08  1.83664063e+02 
 1.35935639e+08  4.09037662e+00  1.35935639e+08  1.85179726e+02 
 1.46779927e+08  4.40135776e+00  1.46779927e+08  1.86987400e+02 
 1.58489319e+08  4.75125180e+00  1.58489319e+08  1.87927105e+02 
 1.71132830e+08  5.35173855e+00  1.71132830e+08  1.88780386e+02 
 1.84784980e+08  5.76337165e+00  1.84784980e+08  1.89168977e+02 
 1.99526231e+08  5.84307839e+00  1.99526231e+08  1.89740232e+02 
 2.15443469e+08  6.05754639e+00  2.15443469e+08  1.89854138e+02 
 2.32630507e+08  5.70846933e+00  2.32630507e+08  1.89810333e+02 
 2.51188643e+08  6.20499593e+00  2.51188643e+08  1.89034270e+02 
 2.71227258e+08  7.01518526e+00  2.71227258e+08  1.88780259e+02 
 2.92864456e+08  6.43272015e+00  2.92864456e+08  1.87872118e+02 
 3.16227766e+08  6.48526223e+00  3.16227766e+08  1.87073498e+02 
 3.41454887e+08  7.54349711e+00  3.41454887e+08  1.86402145e+02 
 3.68694506e+08  7.18648080e+00  3.68694506e+08  1.85352794e+02 
 3.98107171e+08  6.94473962e+00  3.98107171e+08  1.84922338e+02 
 4.29866235e+08  9.69688837e+00  4.29866235e+08  1.84196978e+02 
 4.64158883e+08  6.81978576e+00  4.64158883e+08  1.83396842e+02 
 5.01187234e+08  7.07091224e+00  5.01187234e+08  1.82887933e+02 
 5.41169527e+08  1.01581016e+01  5.41169527e+08  1.82411087e+02 
 5.84341413e+08  4.40648844e+00  5.84341413e+08  1.81926613e+02 
 6.30957344e+08  1.09846328e+01  6.30957344e+08  1.81810447e+02 
 6.81292069e+08  6.11564565e+00  6.81292069e+08  1.81586132e+02 
 7.35642254e+08  1.43024958e+01  7.35642254e+08  1.80938513e+02 
 7.94328235e+08  3.42595828e+00  7.94328235e+08  1.81029698e+02 
 8.57695899e+08  5.60066004e+00  8.57695899e+08  1.80491653e+02 
 9.26118728e+08  4.25436778e+00  9.26118728e+08  1.80341915e+02 
 1.00000000e+09  8.91853908e+00  1.00000000e+09  1.80731211e+02 
