 1.00000000e+00  4.71843809e+01  1.00000000e+00  1.79999998e+02 
 1.07977516e+00  4.71843809e+01  1.07977516e+00  1.79999998e+02 
 1.16591440e+00  4.71843809e+01  1.16591440e+00  1.79999998e+02 
 1.25892541e+00  4.71843809e+01  1.25892541e+00  1.79999998e+02 
 1.35935639e+00  4.71843809e+01  1.35935639e+00  1.79999997e+02 
 1.46779927e+00  4.71843809e+01  1.46779927e+00  1.79999997e+02 
 1.58489319e+00  4.71843809e+01  1.58489319e+00  1.79999997e+02 
 1.71132830e+00  4.71843809e+01  1.71132830e+00  1.79999997e+02 
 1.84784980e+00  4.71843809e+01  1.84784980e+00  1.79999996e+02 
 1.99526231e+00  4.71843809e+01  1.99526231e+00  1.79999996e+02 
 2.15443469e+00  4.71843809e+01  2.15443469e+00  1.79999996e+02 
 2.32630507e+00  4.71843809e+01  2.32630507e+00  1.79999995e+02 
 2.51188643e+00  4.71843809e+01  2.51188643e+00  1.79999995e+02 
 2.71227258e+00  4.71843809e+01  2.71227258e+00  1.79999995e+02 
 2.92864456e+00  4.71843809e+01  2.92864456e+00  1.79999994e+02 
 3.16227766e+00  4.71843809e+01  3.16227766e+00  1.79999994e+02 
 3.41454887e+00  4.71843809e+01  3.41454887e+00  1.79999993e+02 
 3.68694506e+00  4.71843809e+01  3.68694506e+00  1.79999993e+02 
 3.98107171e+00  4.71843809e+01  3.98107171e+00  1.79999992e+02 
 4.29866235e+00  4.71843809e+01  4.29866235e+00  1.79999991e+02 
 4.64158883e+00  4.71843809e+01  4.64158883e+00  1.79999991e+02 
 5.01187234e+00  4.71843809e+01  5.01187234e+00  1.79999990e+02 
 5.41169527e+00  4.71843809e+01  5.41169527e+00  1.79999989e+02 
 5.84341413e+00  4.71843809e+01  5.84341413e+00  1.79999988e+02 
 6.30957344e+00  4.71843809e+01  6.30957344e+00  1.79999987e+02 
 6.81292069e+00  4.71843809e+01  6.81292069e+00  1.79999986e+02 
 7.35642254e+00  4.71843809e+01  7.35642254e+00  1.79999985e+02 
 7.94328235e+00  4.71843809e+01  7.94328235e+00  1.79999984e+02 
 8.57695899e+00  4.71843809e+01  8.57695899e+00  1.79999983e+02 
 9.26118728e+00  4.71843809e+01  9.26118728e+00  1.79999982e+02 
 1.00000000e+01  4.71843809e+01  1.00000000e+01  1.79999980e+02 
 1.07977516e+01  4.71843809e+01  1.07977516e+01  1.79999979e+02 
 1.16591440e+01  4.71843809e+01  1.16591440e+01  1.79999977e+02 
 1.25892541e+01  4.71843809e+01  1.25892541e+01  1.79999975e+02 
 1.35935639e+01  4.71843809e+01  1.35935639e+01  1.79999973e+02 
 1.46779927e+01  4.71843809e+01  1.46779927e+01  1.79999971e+02 
 1.58489319e+01  4.71843809e+01  1.58489319e+01  1.79999969e+02 
 1.71132830e+01  4.71843809e+01  1.71132830e+01  1.79999966e+02 
 1.84784980e+01  4.71843809e+01  1.84784980e+01  1.79999963e+02 
 1.99526231e+01  4.71843809e+01  1.99526231e+01  1.79999960e+02 
 2.15443469e+01  4.71843809e+01  2.15443469e+01  1.79999957e+02 
 2.32630507e+01  4.71843809e+01  2.32630507e+01  1.79999954e+02 
 2.51188643e+01  4.71843809e+01  2.51188643e+01  1.79999950e+02 
 2.71227258e+01  4.71843809e+01  2.71227258e+01  1.79999946e+02 
 2.92864456e+01  4.71843809e+01  2.92864456e+01  1.79999942e+02 
 3.16227766e+01  4.71843809e+01  3.16227766e+01  1.79999937e+02 
 3.41454887e+01  4.71843809e+01  3.41454887e+01  1.79999932e+02 
 3.68694506e+01  4.71843809e+01  3.68694506e+01  1.79999927e+02 
 3.98107171e+01  4.71843809e+01  3.98107171e+01  1.79999921e+02 
 4.29866235e+01  4.71843809e+01  4.29866235e+01  1.79999915e+02 
 4.64158883e+01  4.71843809e+01  4.64158883e+01  1.79999908e+02 
 5.01187234e+01  4.71843809e+01  5.01187234e+01  1.79999901e+02 
 5.41169527e+01  4.71843809e+01  5.41169527e+01  1.79999893e+02 
 5.84341413e+01  4.71843809e+01  5.84341413e+01  1.79999884e+02 
 6.30957344e+01  4.71843809e+01  6.30957344e+01  1.79999875e+02 
 6.81292069e+01  4.71843809e+01  6.81292069e+01  1.79999865e+02 
 7.35642254e+01  4.71843809e+01  7.35642254e+01  1.79999854e+02 
 7.94328235e+01  4.71843809e+01  7.94328235e+01  1.79999842e+02 
 8.57695899e+01  4.71843809e+01  8.57695899e+01  1.79999830e+02 
 9.26118728e+01  4.71843809e+01  9.26118728e+01  1.79999816e+02 
 1.00000000e+02  4.71843809e+01  1.00000000e+02  1.79999801e+02 
 1.07977516e+02  4.71843809e+01  1.07977516e+02  1.79999786e+02 
 1.16591440e+02  4.71843809e+01  1.16591440e+02  1.79999769e+02 
 1.25892541e+02  4.71843809e+01  1.25892541e+02  1.79999750e+02 
 1.35935639e+02  4.71843809e+01  1.35935639e+02  1.79999730e+02 
 1.46779927e+02  4.71843809e+01  1.46779927e+02  1.79999709e+02 
 1.58489319e+02  4.71843809e+01  1.58489319e+02  1.79999685e+02 
 1.71132830e+02  4.71843809e+01  1.71132830e+02  1.79999660e+02 
 1.84784980e+02  4.71843809e+01  1.84784980e+02  1.79999633e+02 
 1.99526231e+02  4.71843809e+01  1.99526231e+02  1.79999604e+02 
 2.15443469e+02  4.71843809e+01  2.15443469e+02  1.79999572e+02 
 2.32630507e+02  4.71843809e+01  2.32630507e+02  1.79999538e+02 
 2.51188643e+02  4.71843810e+01  2.51188643e+02  1.79999501e+02 
 2.71227258e+02  4.71843810e+01  2.71227258e+02  1.79999462e+02 
 2.92864456e+02  4.71843810e+01  2.92864456e+02  1.79999419e+02 
 3.16227766e+02  4.71843810e+01  3.16227766e+02  1.79999372e+02 
 3.41454887e+02  4.71843810e+01  3.41454887e+02  1.79999322e+02 
 3.68694506e+02  4.71843810e+01  3.68694506e+02  1.79999268e+02 
 3.98107171e+02  4.71843810e+01  3.98107171e+02  1.79999210e+02 
 4.29866235e+02  4.71843810e+01  4.29866235e+02  1.79999147e+02 
 4.64158883e+02  4.71843811e+01  4.64158883e+02  1.79999079e+02 
 5.01187234e+02  4.71843811e+01  5.01187234e+02  1.79999005e+02 
 5.41169527e+02  4.71843811e+01  5.41169527e+02  1.79998926e+02 
 5.84341413e+02  4.71843812e+01  5.84341413e+02  1.79998840e+02 
 6.30957344e+02  4.71843812e+01  6.30957344e+02  1.79998747e+02 
 6.81292069e+02  4.71843813e+01  6.81292069e+02  1.79998647e+02 
 7.35642254e+02  4.71843813e+01  7.35642254e+02  1.79998540e+02 
 7.94328235e+02  4.71843814e+01  7.94328235e+02  1.79998423e+02 
 8.57695899e+02  4.71843815e+01  8.57695899e+02  1.79998297e+02 
 9.26118728e+02  4.71843816e+01  9.26118728e+02  1.79998161e+02 
 1.00000000e+03  4.71843817e+01  1.00000000e+03  1.79998015e+02 
 1.07977516e+03  4.71843818e+01  1.07977516e+03  1.79997856e+02 
 1.16591440e+03  4.71843819e+01  1.16591440e+03  1.79997685e+02 
 1.25892541e+03  4.71843821e+01  1.25892541e+03  1.79997501e+02 
 1.35935639e+03  4.71843823e+01  1.35935639e+03  1.79997301e+02 
 1.46779927e+03  4.71843825e+01  1.46779927e+03  1.79997086e+02 
 1.58489319e+03  4.71843828e+01  1.58489319e+03  1.79996854e+02 
 1.71132830e+03  4.71843831e+01  1.71132830e+03  1.79996603e+02 
 1.84784980e+03  4.71843835e+01  1.84784980e+03  1.79996332e+02 
 1.99526231e+03  4.71843839e+01  1.99526231e+03  1.79996039e+02 
 2.15443469e+03  4.71843844e+01  2.15443469e+03  1.79995723e+02 
 2.32630507e+03  4.71843850e+01  2.32630507e+03  1.79995382e+02 
 2.51188643e+03  4.71843857e+01  2.51188643e+03  1.79995013e+02 
 2.71227258e+03  4.71843865e+01  2.71227258e+03  1.79994615e+02 
 2.92864456e+03  4.71843874e+01  2.92864456e+03  1.79994186e+02 
 3.16227766e+03  4.71843885e+01  3.16227766e+03  1.79993722e+02 
 3.41454887e+03  4.71843897e+01  3.41454887e+03  1.79993221e+02 
 3.68694506e+03  4.71843912e+01  3.68694506e+03  1.79992680e+02 
 3.98107171e+03  4.71843929e+01  3.98107171e+03  1.79992096e+02 
 4.29866235e+03  4.71843949e+01  4.29866235e+03  1.79991466e+02 
 4.64158883e+03  4.71843972e+01  4.64158883e+03  1.79990785e+02 
 5.01187234e+03  4.71843999e+01  5.01187234e+03  1.79990050e+02 
 5.41169527e+03  4.71844031e+01  5.41169527e+03  1.79989256e+02 
 5.84341413e+03  4.71844068e+01  5.84341413e+03  1.79988399e+02 
 6.30957344e+03  4.71844110e+01  6.30957344e+03  1.79987474e+02 
 6.81292069e+03  4.71844160e+01  6.81292069e+03  1.79986474e+02 
 7.35642254e+03  4.71844219e+01  7.35642254e+03  1.79985395e+02 
 7.94328235e+03  4.71844287e+01  7.94328235e+03  1.79984230e+02 
 8.57695899e+03  4.71844366e+01  8.57695899e+03  1.79982972e+02 
 9.26118728e+03  4.71844458e+01  9.26118728e+03  1.79981614e+02 
 1.00000000e+04  4.71844566e+01  1.00000000e+04  1.79980147e+02 
 1.07977516e+04  4.71844692e+01  1.07977516e+04  1.79978563e+02 
 1.16591440e+04  4.71844838e+01  1.16591440e+04  1.79976853e+02 
 1.25892541e+04  4.71845009e+01  1.25892541e+04  1.79975006e+02 
 1.35935639e+04  4.71845208e+01  1.35935639e+04  1.79973012e+02 
 1.46779927e+04  4.71845440e+01  1.46779927e+04  1.79970859e+02 
 1.58489319e+04  4.71845710e+01  1.58489319e+04  1.79968534e+02 
 1.71132830e+04  4.71846026e+01  1.71132830e+04  1.79966024e+02 
 1.84784980e+04  4.71846394e+01  1.84784980e+04  1.79963313e+02 
 1.99526231e+04  4.71846822e+01  1.99526231e+04  1.79960386e+02 
 2.15443469e+04  4.71847322e+01  2.15443469e+04  1.79957226e+02 
 2.32630507e+04  4.71847905e+01  2.32630507e+04  1.79953813e+02 
 2.51188643e+04  4.71848585e+01  2.51188643e+04  1.79950128e+02 
 2.71227258e+04  4.71849378e+01  2.71227258e+04  1.79946148e+02 
 2.92864456e+04  4.71850301e+01  2.92864456e+04  1.79941851e+02 
 3.16227766e+04  4.71851379e+01  3.16227766e+04  1.79937211e+02 
 3.41454887e+04  4.71852635e+01  3.41454887e+04  1.79932201e+02 
 3.68694506e+04  4.71854099e+01  3.68694506e+04  1.79926790e+02 
 3.98107171e+04  4.71855806e+01  3.98107171e+04  1.79920947e+02 
 4.29866235e+04  4.71857797e+01  4.29866235e+04  1.79914638e+02 
 4.64158883e+04  4.71860118e+01  4.64158883e+04  1.79907824e+02 
 5.01187234e+04  4.71862824e+01  5.01187234e+04  1.79900466e+02 
 5.41169527e+04  4.71865980e+01  5.41169527e+04  1.79892519e+02 
 5.84341413e+04  4.71869659e+01  5.84341413e+04  1.79883937e+02 
 6.30957344e+04  4.71873948e+01  6.30957344e+04  1.79874669e+02 
 6.81292069e+04  4.71878949e+01  6.81292069e+04  1.79864658e+02 
 7.35642254e+04  4.71884781e+01  7.35642254e+04  1.79853846e+02 
 7.94328235e+04  4.71891580e+01  7.94328235e+04  1.79842167e+02 
 8.57695899e+04  4.71899508e+01  8.57695899e+04  1.79829551e+02 
 9.26118728e+04  4.71908753e+01  9.26118728e+04  1.79815922e+02 
 1.00000000e+05  4.71919533e+01  1.00000000e+05  1.79801198e+02 
 1.07977516e+05  4.71932105e+01  1.07977516e+05  1.79785290e+02 
 1.16591440e+05  4.71946761e+01  1.16591440e+05  1.79768099e+02 
 1.25892541e+05  4.71963854e+01  1.25892541e+05  1.79749521e+02 
 1.35935639e+05  4.71983787e+01  1.35935639e+05  1.79729441e+02 
 1.46779927e+05  4.72007032e+01  1.46779927e+05  1.79707734e+02 
 1.58489319e+05  4.72034142e+01  1.58489319e+05  1.79684262e+02 
 1.71132830e+05  4.72065760e+01  1.71132830e+05  1.79658878e+02 
 1.84784980e+05  4.72102640e+01  1.84784980e+05  1.79631418e+02 
 1.99526231e+05  4.72145657e+01  1.99526231e+05  1.79601702e+02 
 2.15443469e+05  4.72195835e+01  2.15443469e+05  1.79569536e+02 
 2.32630507e+05  4.72254372e+01  2.32630507e+05  1.79534700e+02 
 2.51188643e+05  4.72322681e+01  2.51188643e+05  1.79496957e+02 
 2.71227258e+05  4.72402382e+01  2.71227258e+05  1.79456040e+02 
 2.92864456e+05  4.72495395e+01  2.92864456e+05  1.79411653e+02 
 3.16227766e+05  4.72603965e+01  3.16227766e+05  1.79363465e+02 
 3.41454887e+05  4.72730714e+01  3.41454887e+05  1.79311104e+02 
 3.68694506e+05  4.72878713e+01  3.68694506e+05  1.79254151e+02 
 3.98107171e+05  4.73051600e+01  3.98107171e+05  1.79192128e+02 
 4.29866235e+05  4.73253566e+01  4.29866235e+05  1.79124490e+02 
 4.64158883e+05  4.73489651e+01  4.64158883e+05  1.79050610e+02 
 5.01187234e+05  4.73765652e+01  5.01187234e+05  1.78969761e+02 
 5.41169527e+05  4.74088553e+01  5.41169527e+05  1.78881095e+02 
 5.84341413e+05  4.74466512e+01  5.84341413e+05  1.78783611e+02 
 6.30957344e+05  4.74909223e+01  6.30957344e+05  1.78676124e+02 
 6.81292069e+05  4.75428112e+01  6.81292069e+05  1.78557210e+02 
 7.35642254e+05  4.76036979e+01  7.35642254e+05  1.78425146e+02 
 7.94328235e+05  4.76752073e+01  7.94328235e+05  1.78277827e+02 
 8.57695899e+05  4.77593021e+01  8.57695899e+05  1.78112649e+02 
 9.26118728e+05  4.78583786e+01  9.26118728e+05  1.77926350e+02 
 1.00000000e+06  4.79752616e+01  1.00000000e+06  1.77714809e+02 
 1.07977516e+06  4.81135057e+01  1.07977516e+06  1.77472721e+02 
 1.16591440e+06  4.82774038e+01  1.16591440e+06  1.77193183e+02 
 1.25892541e+06  4.84723267e+01  1.25892541e+06  1.76867036e+02 
 1.35935639e+06  4.87050422e+01  1.35935639e+06  1.76481925e+02 
 1.46779927e+06  4.89841097e+01  1.46779927e+06  1.76020791e+02 
 1.58489319e+06  4.93206203e+01  1.58489319e+06  1.75459500e+02 
 1.71132830e+06  4.97293069e+01  1.71132830e+06  1.74762892e+02 
 1.84784980e+06  5.02298028e+01  1.84784980e+06  1.73877863e+02 
 1.99526231e+06  5.08495809e+01  1.99526231e+06  1.72720695e+02 
 2.15443469e+06  5.16275898e+01  2.15443469e+06  1.71151933e+02 
 2.32630507e+06  5.26218384e+01  2.32630507e+06  1.68922714e+02 
 2.51188643e+06  5.39216432e+01  2.51188643e+06  1.65546706e+02 
 2.71227258e+06  5.56666764e+01  2.71227258e+06  1.59953245e+02 
 2.92864456e+06  5.80484033e+01  2.92864456e+06  1.49403940e+02 
 3.16227766e+06  6.09499778e+01  3.16227766e+06  1.26249670e+02 
 3.41454887e+06  6.16011353e+01  3.41454887e+06  8.24900082e+01 
 3.68694506e+06  5.78955592e+01  3.68694506e+06  4.79242717e+01 
 3.98107171e+06  5.38094588e+01  3.98107171e+06  3.23440164e+01 
 4.29866235e+06  5.04106719e+01  4.29866235e+06  2.48291201e+01 
 4.64158883e+06  4.75541435e+01  4.64158883e+06  2.06687232e+01 
 5.01187234e+06  4.50673159e+01  5.01187234e+06  1.81499299e+01 
 5.41169527e+06  4.28368594e+01  5.41169527e+06  1.65529351e+01 
 5.84341413e+06  4.07901463e+01  5.84341413e+06  1.55309832e+01 
 6.30957344e+06  3.88787075e+01  6.30957344e+06  1.49001399e+01 
 6.81292069e+06  3.70698559e+01  6.81292069e+06  1.45540293e+01 
 7.35642254e+06  3.53389884e+01  7.35642254e+06  1.44316644e+01 
 7.94328235e+06  3.36688442e+01  7.94328235e+06  1.44934846e+01 
 8.57695899e+06  3.20465049e+01  8.57695899e+06  1.47137624e+01 
 9.26118728e+06  3.04592997e+01  9.26118728e+06  1.50813037e+01 
 1.00000000e+07  2.89003604e+01  1.00000000e+07  1.55852586e+01 
 1.07977516e+07  2.73639390e+01  1.07977516e+07  1.62268927e+01 
 1.16591440e+07  2.58398439e+01  1.16591440e+07  1.70071529e+01 
 1.25892541e+07  2.43250701e+01  1.25892541e+07  1.79359337e+01 
 1.35935639e+07  2.28169138e+01  1.35935639e+07  1.90153228e+01 
 1.46779927e+07  2.13047963e+01  1.46779927e+07  2.02853308e+01 
 1.58489319e+07  1.97911445e+01  1.58489319e+07  2.17283324e+01 
 1.71132830e+07  1.82640292e+01  1.71132830e+07  2.34202124e+01 
 1.84784980e+07  1.67234412e+01  1.84784980e+07  2.53505689e+01 
 1.99526231e+07  1.51660552e+01  1.99526231e+07  2.76156347e+01 
 2.15443469e+07  1.35857238e+01  2.15443469e+07  3.02637352e+01 
 2.32630507e+07  1.19720476e+01  2.32630507e+07  3.33613015e+01 
 2.51188643e+07  1.03301809e+01  2.51188643e+07  3.70629950e+01 
 2.71227258e+07  8.66696539e+00  2.71227258e+07  4.15417086e+01 
 2.92864456e+07  6.97613921e+00  2.92864456e+07  4.69189835e+01 
 3.16227766e+07  5.28996378e+00  3.16227766e+07  5.35291032e+01 
 3.41454887e+07  3.63346805e+00  3.41454887e+07  6.17209092e+01 
 3.68694506e+07  2.13473465e+00  3.68694506e+07  7.17366125e+01 
 3.98107171e+07  8.08032844e-01  3.98107171e+07  8.33125468e+01 
 4.29866235e+07 -1.68880268e-01  4.29866235e+07  9.63149142e+01 
 4.64158883e+07 -6.30109567e-01  4.64158883e+07  1.09309425e+02 
 5.01187234e+07 -7.32102596e-01  5.01187234e+07  1.21651684e+02 
 5.41169527e+07 -5.92321142e-01  5.41169527e+07  1.32276784e+02 
 5.84341413e+07 -2.84364019e-01  5.84341413e+07  1.42206292e+02 
 6.30957344e+07  1.36684760e-01  6.30957344e+07  1.49507910e+02 
 6.81292069e+07  5.98748940e-01  6.81292069e+07  1.55991531e+02 
 7.35642254e+07  1.08137483e+00  7.35642254e+07  1.60952915e+02 
 7.94328235e+07  1.45230673e+00  7.94328235e+07  1.65883594e+02 
 8.57695899e+07  1.94406771e+00  8.57695899e+07  1.69225876e+02 
 9.26118728e+07  2.28234385e+00  9.26118728e+07  1.72806812e+02 
 1.00000000e+08  2.68904810e+00  1.00000000e+08  1.75860688e+02 
 1.07977516e+08  3.06208422e+00  1.07977516e+08  1.78652663e+02 
 1.16591440e+08  3.27791472e+00  1.16591440e+08  1.81113973e+02 
 1.25892541e+08  3.58254085e+00  1.25892541e+08  1.83260198e+02 
 1.35935639e+08  4.09535438e+00  1.35935639e+08  1.84801774e+02 
 1.46779927e+08  4.59513492e+00  1.46779927e+08  1.86499872e+02 
 1.58489319e+08  4.46178426e+00  1.58489319e+08  1.88086850e+02 
 1.71132830e+08  5.24997331e+00  1.71132830e+08  1.89025552e+02 
 1.84784980e+08  5.18785151e+00  1.84784980e+08  1.90095716e+02 
 1.99526231e+08  5.49280375e+00  1.99526231e+08  1.90312437e+02 
 2.15443469e+08  6.01160935e+00  2.15443469e+08  1.90282255e+02 
 2.32630507e+08  6.42605403e+00  2.32630507e+08  1.90149429e+02 
 2.51188643e+08  6.19412439e+00  2.51188643e+08  1.89802917e+02 
 2.71227258e+08  6.51144169e+00  2.71227258e+08  1.89352901e+02 
 2.92864456e+08  7.05695363e+00  2.92864456e+08  1.88582935e+02 
 3.16227766e+08  7.22366936e+00  3.16227766e+08  1.87594374e+02 
 3.41454887e+08  8.51015502e+00  3.41454887e+08  1.86736579e+02 
 3.68694506e+08  7.27579471e+00  3.68694506e+08  1.86152063e+02 
 3.98107171e+08  7.04295727e+00  3.98107171e+08  1.85039917e+02 
 4.29866235e+08  5.73450387e+00  4.29866235e+08  1.84462871e+02 
 4.64158883e+08  5.57736595e+00  4.64158883e+08  1.83935144e+02 
 5.01187234e+08  7.16996886e+00  5.01187234e+08  1.83238446e+02 
 5.41169527e+08  5.84817850e+00  5.41169527e+08  1.82606695e+02 
 5.84341413e+08  6.44441861e+00  5.84341413e+08  1.82197398e+02 
 6.30957344e+08  1.10904053e+01  6.30957344e+08  1.81922418e+02 
 6.81292069e+08  9.73791487e+00  6.81292069e+08  1.81441134e+02 
 7.35642254e+08  8.41195692e+00  7.35642254e+08  1.81080601e+02 
 7.94328235e+08  7.04776119e+00  7.94328235e+08  1.81478536e+02 
 8.57695899e+08  1.17190463e+01  8.57695899e+08  1.80528348e+02 
 9.26118728e+08  4.35331204e+00  9.26118728e+08  1.80551870e+02 
 1.00000000e+09  9.01855114e+00  1.00000000e+09  1.80188200e+02 
