 1.00000000e+00  4.64884551e+01  1.00000000e+00  1.79999998e+02 
 1.07977516e+00  4.64884551e+01  1.07977516e+00  1.79999997e+02 
 1.16591440e+00  4.64884551e+01  1.16591440e+00  1.79999997e+02 
 1.25892541e+00  4.64884551e+01  1.25892541e+00  1.79999997e+02 
 1.35935639e+00  4.64884551e+01  1.35935639e+00  1.79999997e+02 
 1.46779927e+00  4.64884551e+01  1.46779927e+00  1.79999997e+02 
 1.58489319e+00  4.64884551e+01  1.58489319e+00  1.79999996e+02 
 1.71132830e+00  4.64884551e+01  1.71132830e+00  1.79999996e+02 
 1.84784980e+00  4.64884551e+01  1.84784980e+00  1.79999996e+02 
 1.99526231e+00  4.64884551e+01  1.99526231e+00  1.79999995e+02 
 2.15443469e+00  4.64884551e+01  2.15443469e+00  1.79999995e+02 
 2.32630507e+00  4.64884551e+01  2.32630507e+00  1.79999995e+02 
 2.51188643e+00  4.64884551e+01  2.51188643e+00  1.79999994e+02 
 2.71227258e+00  4.64884551e+01  2.71227258e+00  1.79999994e+02 
 2.92864456e+00  4.64884551e+01  2.92864456e+00  1.79999993e+02 
 3.16227766e+00  4.64884551e+01  3.16227766e+00  1.79999993e+02 
 3.41454887e+00  4.64884551e+01  3.41454887e+00  1.79999992e+02 
 3.68694506e+00  4.64884551e+01  3.68694506e+00  1.79999991e+02 
 3.98107171e+00  4.64884551e+01  3.98107171e+00  1.79999991e+02 
 4.29866235e+00  4.64884551e+01  4.29866235e+00  1.79999990e+02 
 4.64158883e+00  4.64884551e+01  4.64158883e+00  1.79999989e+02 
 5.01187234e+00  4.64884551e+01  5.01187234e+00  1.79999988e+02 
 5.41169527e+00  4.64884551e+01  5.41169527e+00  1.79999987e+02 
 5.84341413e+00  4.64884551e+01  5.84341413e+00  1.79999986e+02 
 6.30957344e+00  4.64884551e+01  6.30957344e+00  1.79999985e+02 
 6.81292069e+00  4.64884551e+01  6.81292069e+00  1.79999984e+02 
 7.35642254e+00  4.64884551e+01  7.35642254e+00  1.79999983e+02 
 7.94328235e+00  4.64884551e+01  7.94328235e+00  1.79999982e+02 
 8.57695899e+00  4.64884551e+01  8.57695899e+00  1.79999980e+02 
 9.26118728e+00  4.64884551e+01  9.26118728e+00  1.79999979e+02 
 1.00000000e+01  4.64884551e+01  1.00000000e+01  1.79999977e+02 
 1.07977516e+01  4.64884551e+01  1.07977516e+01  1.79999975e+02 
 1.16591440e+01  4.64884551e+01  1.16591440e+01  1.79999973e+02 
 1.25892541e+01  4.64884551e+01  1.25892541e+01  1.79999971e+02 
 1.35935639e+01  4.64884551e+01  1.35935639e+01  1.79999969e+02 
 1.46779927e+01  4.64884551e+01  1.46779927e+01  1.79999966e+02 
 1.58489319e+01  4.64884551e+01  1.58489319e+01  1.79999963e+02 
 1.71132830e+01  4.64884551e+01  1.71132830e+01  1.79999960e+02 
 1.84784980e+01  4.64884551e+01  1.84784980e+01  1.79999957e+02 
 1.99526231e+01  4.64884551e+01  1.99526231e+01  1.79999954e+02 
 2.15443469e+01  4.64884551e+01  2.15443469e+01  1.79999950e+02 
 2.32630507e+01  4.64884551e+01  2.32630507e+01  1.79999946e+02 
 2.51188643e+01  4.64884551e+01  2.51188643e+01  1.79999942e+02 
 2.71227258e+01  4.64884551e+01  2.71227258e+01  1.79999937e+02 
 2.92864456e+01  4.64884551e+01  2.92864456e+01  1.79999932e+02 
 3.16227766e+01  4.64884551e+01  3.16227766e+01  1.79999927e+02 
 3.41454887e+01  4.64884551e+01  3.41454887e+01  1.79999921e+02 
 3.68694506e+01  4.64884551e+01  3.68694506e+01  1.79999915e+02 
 3.98107171e+01  4.64884551e+01  3.98107171e+01  1.79999908e+02 
 4.29866235e+01  4.64884551e+01  4.29866235e+01  1.79999900e+02 
 4.64158883e+01  4.64884551e+01  4.64158883e+01  1.79999892e+02 
 5.01187234e+01  4.64884551e+01  5.01187234e+01  1.79999884e+02 
 5.41169527e+01  4.64884551e+01  5.41169527e+01  1.79999875e+02 
 5.84341413e+01  4.64884551e+01  5.84341413e+01  1.79999865e+02 
 6.30957344e+01  4.64884551e+01  6.30957344e+01  1.79999854e+02 
 6.81292069e+01  4.64884551e+01  6.81292069e+01  1.79999842e+02 
 7.35642254e+01  4.64884551e+01  7.35642254e+01  1.79999830e+02 
 7.94328235e+01  4.64884551e+01  7.94328235e+01  1.79999816e+02 
 8.57695899e+01  4.64884551e+01  8.57695899e+01  1.79999801e+02 
 9.26118728e+01  4.64884551e+01  9.26118728e+01  1.79999785e+02 
 1.00000000e+02  4.64884551e+01  1.00000000e+02  1.79999768e+02 
 1.07977516e+02  4.64884551e+01  1.07977516e+02  1.79999750e+02 
 1.16591440e+02  4.64884551e+01  1.16591440e+02  1.79999730e+02 
 1.25892541e+02  4.64884551e+01  1.25892541e+02  1.79999708e+02 
 1.35935639e+02  4.64884551e+01  1.35935639e+02  1.79999685e+02 
 1.46779927e+02  4.64884551e+01  1.46779927e+02  1.79999660e+02 
 1.58489319e+02  4.64884551e+01  1.58489319e+02  1.79999633e+02 
 1.71132830e+02  4.64884551e+01  1.71132830e+02  1.79999603e+02 
 1.84784980e+02  4.64884551e+01  1.84784980e+02  1.79999572e+02 
 1.99526231e+02  4.64884551e+01  1.99526231e+02  1.79999538e+02 
 2.15443469e+02  4.64884551e+01  2.15443469e+02  1.79999501e+02 
 2.32630507e+02  4.64884551e+01  2.32630507e+02  1.79999461e+02 
 2.51188643e+02  4.64884551e+01  2.51188643e+02  1.79999418e+02 
 2.71227258e+02  4.64884551e+01  2.71227258e+02  1.79999372e+02 
 2.92864456e+02  4.64884551e+01  2.92864456e+02  1.79999321e+02 
 3.16227766e+02  4.64884551e+01  3.16227766e+02  1.79999267e+02 
 3.41454887e+02  4.64884552e+01  3.41454887e+02  1.79999209e+02 
 3.68694506e+02  4.64884552e+01  3.68694506e+02  1.79999146e+02 
 3.98107171e+02  4.64884552e+01  3.98107171e+02  1.79999078e+02 
 4.29866235e+02  4.64884552e+01  4.29866235e+02  1.79999004e+02 
 4.64158883e+02  4.64884552e+01  4.64158883e+02  1.79998925e+02 
 5.01187234e+02  4.64884552e+01  5.01187234e+02  1.79998839e+02 
 5.41169527e+02  4.64884552e+01  5.41169527e+02  1.79998746e+02 
 5.84341413e+02  4.64884553e+01  5.84341413e+02  1.79998646e+02 
 6.30957344e+02  4.64884553e+01  6.30957344e+02  1.79998538e+02 
 6.81292069e+02  4.64884553e+01  6.81292069e+02  1.79998422e+02 
 7.35642254e+02  4.64884554e+01  7.35642254e+02  1.79998296e+02 
 7.94328235e+02  4.64884554e+01  7.94328235e+02  1.79998160e+02 
 8.57695899e+02  4.64884555e+01  8.57695899e+02  1.79998013e+02 
 9.26118728e+02  4.64884556e+01  9.26118728e+02  1.79997854e+02 
 1.00000000e+03  4.64884556e+01  1.00000000e+03  1.79997683e+02 
 1.07977516e+03  4.64884557e+01  1.07977516e+03  1.79997498e+02 
 1.16591440e+03  4.64884558e+01  1.16591440e+03  1.79997299e+02 
 1.25892541e+03  4.64884559e+01  1.25892541e+03  1.79997083e+02 
 1.35935639e+03  4.64884561e+01  1.35935639e+03  1.79996850e+02 
 1.46779927e+03  4.64884563e+01  1.46779927e+03  1.79996599e+02 
 1.58489319e+03  4.64884565e+01  1.58489319e+03  1.79996328e+02 
 1.71132830e+03  4.64884567e+01  1.71132830e+03  1.79996035e+02 
 1.84784980e+03  4.64884569e+01  1.84784980e+03  1.79995719e+02 
 1.99526231e+03  4.64884573e+01  1.99526231e+03  1.79995377e+02 
 2.15443469e+03  4.64884576e+01  2.15443469e+03  1.79995008e+02 
 2.32630507e+03  4.64884580e+01  2.32630507e+03  1.79994610e+02 
 2.51188643e+03  4.64884585e+01  2.51188643e+03  1.79994180e+02 
 2.71227258e+03  4.64884591e+01  2.71227258e+03  1.79993716e+02 
 2.92864456e+03  4.64884597e+01  2.92864456e+03  1.79993215e+02 
 3.16227766e+03  4.64884605e+01  3.16227766e+03  1.79992673e+02 
 3.41454887e+03  4.64884614e+01  3.41454887e+03  1.79992089e+02 
 3.68694506e+03  4.64884625e+01  3.68694506e+03  1.79991458e+02 
 3.98107171e+03  4.64884637e+01  3.98107171e+03  1.79990776e+02 
 4.29866235e+03  4.64884651e+01  4.29866235e+03  1.79990040e+02 
 4.64158883e+03  4.64884668e+01  4.64158883e+03  1.79989246e+02 
 5.01187234e+03  4.64884687e+01  5.01187234e+03  1.79988388e+02 
 5.41169527e+03  4.64884710e+01  5.41169527e+03  1.79987462e+02 
 5.84341413e+03  4.64884736e+01  5.84341413e+03  1.79986461e+02 
 6.30957344e+03  4.64884767e+01  6.30957344e+03  1.79985381e+02 
 6.81292069e+03  4.64884803e+01  6.81292069e+03  1.79984215e+02 
 7.35642254e+03  4.64884845e+01  7.35642254e+03  1.79982956e+02 
 7.94328235e+03  4.64884894e+01  7.94328235e+03  1.79981596e+02 
 8.57695899e+03  4.64884951e+01  8.57695899e+03  1.79980128e+02 
 9.26118728e+03  4.64885017e+01  9.26118728e+03  1.79978542e+02 
 1.00000000e+04  4.64885094e+01  1.00000000e+04  1.79976831e+02 
 1.07977516e+04  4.64885184e+01  1.07977516e+04  1.79974982e+02 
 1.16591440e+04  4.64885289e+01  1.16591440e+04  1.79972986e+02 
 1.25892541e+04  4.64885412e+01  1.25892541e+04  1.79970831e+02 
 1.35935639e+04  4.64885555e+01  1.35935639e+04  1.79968504e+02 
 1.46779927e+04  4.64885721e+01  1.46779927e+04  1.79965992e+02 
 1.58489319e+04  4.64885916e+01  1.58489319e+04  1.79963278e+02 
 1.71132830e+04  4.64886142e+01  1.71132830e+04  1.79960349e+02 
 1.84784980e+04  4.64886406e+01  1.84784980e+04  1.79957185e+02 
 1.99526231e+04  4.64886714e+01  1.99526231e+04  1.79953770e+02 
 2.15443469e+04  4.64887073e+01  2.15443469e+04  1.79950081e+02 
 2.32630507e+04  4.64887491e+01  2.32630507e+04  1.79946099e+02 
 2.51188643e+04  4.64887979e+01  2.51188643e+04  1.79941798e+02 
 2.71227258e+04  4.64888547e+01  2.71227258e+04  1.79937155e+02 
 2.92864456e+04  4.64889211e+01  2.92864456e+04  1.79932140e+02 
 3.16227766e+04  4.64889984e+01  3.16227766e+04  1.79926726e+02 
 3.41454887e+04  4.64890885e+01  3.41454887e+04  1.79920879e+02 
 3.68694506e+04  4.64891936e+01  3.68694506e+04  1.79914566e+02 
 3.98107171e+04  4.64893161e+01  3.98107171e+04  1.79907748e+02 
 4.29866235e+04  4.64894590e+01  4.29866235e+04  1.79900387e+02 
 4.64158883e+04  4.64896256e+01  4.64158883e+04  1.79892437e+02 
 5.01187234e+04  4.64898198e+01  5.01187234e+04  1.79883852e+02 
 5.41169527e+04  4.64900463e+01  5.41169527e+04  1.79874582e+02 
 5.84341413e+04  4.64903103e+01  5.84341413e+04  1.79864570e+02 
 6.30957344e+04  4.64906181e+01  6.30957344e+04  1.79853759e+02 
 6.81292069e+04  4.64909770e+01  6.81292069e+04  1.79842083e+02 
 7.35642254e+04  4.64913956e+01  7.35642254e+04  1.79829472e+02 
 7.94328235e+04  4.64918835e+01  7.94328235e+04  1.79815853e+02 
 8.57695899e+04  4.64924524e+01  8.57695899e+04  1.79801144e+02 
 9.26118728e+04  4.64931157e+01  9.26118728e+04  1.79785256e+02 
 1.00000000e+05  4.64938893e+01  1.00000000e+05  1.79768094e+02 
 1.07977516e+05  4.64947913e+01  1.07977516e+05  1.79749555e+02 
 1.16591440e+05  4.64958429e+01  1.16591440e+05  1.79729528e+02 
 1.25892541e+05  4.64970693e+01  1.25892541e+05  1.79707890e+02 
 1.35935639e+05  4.64984993e+01  1.35935639e+05  1.79684510e+02 
 1.46779927e+05  4.65001668e+01  1.46779927e+05  1.79659245e+02 
 1.58489319e+05  4.65021114e+01  1.58489319e+05  1.79631939e+02 
 1.71132830e+05  4.65043793e+01  1.71132830e+05  1.79602424e+02 
 1.84784980e+05  4.65070237e+01  1.84784980e+05  1.79570514e+02 
 1.99526231e+05  4.65101083e+01  1.99526231e+05  1.79536009e+02 
 2.15443469e+05  4.65137053e+01  2.15443469e+05  1.79498688e+02 
 2.32630507e+05  4.65179017e+01  2.32630507e+05  1.79458309e+02 
 2.51188643e+05  4.65227972e+01  2.51188643e+05  1.79414609e+02 
 2.71227258e+05  4.65285076e+01  2.71227258e+05  1.79367296e+02 
 2.92864456e+05  4.65351698e+01  2.92864456e+05  1.79316049e+02 
 3.16227766e+05  4.65429431e+01  3.16227766e+05  1.79260512e+02 
 3.41454887e+05  4.65520158e+01  3.41454887e+05  1.79200290e+02 
 3.68694506e+05  4.65626032e+01  3.68694506e+05  1.79134941e+02 
 3.98107171e+05  4.65749641e+01  3.98107171e+05  1.79063972e+02 
 4.29866235e+05  4.65893970e+01  4.29866235e+05  1.78986827e+02 
 4.64158883e+05  4.66062536e+01  4.64158883e+05  1.78902876e+02 
 5.01187234e+05  4.66259453e+01  5.01187234e+05  1.78811403e+02 
 5.41169527e+05  4.66489603e+01  5.41169527e+05  1.78711584e+02 
 5.84341413e+05  4.66758663e+01  5.84341413e+05  1.78602473e+02 
 6.30957344e+05  4.67073298e+01  6.30957344e+05  1.78482966e+02 
 6.81292069e+05  4.67441547e+01  6.81292069e+05  1.78351769e+02 
 7.35642254e+05  4.67872773e+01  7.35642254e+05  1.78207352e+02 
 7.94328235e+05  4.68378185e+01  7.94328235e+05  1.78047893e+02 
 8.57695899e+05  4.68970964e+01  8.57695899e+05  1.77871189e+02 
 9.26118728e+05  4.69666882e+01  9.26118728e+05  1.77674568e+02 
 1.00000000e+06  4.70484983e+01  1.00000000e+06  1.77454733e+02 
 1.07977516e+06  4.71448192e+01  1.07977516e+06  1.77207579e+02 
 1.16591440e+06  4.72583754e+01  1.16591440e+06  1.76927946e+02 
 1.25892541e+06  4.73925943e+01  1.25892541e+06  1.76609210e+02 
 1.35935639e+06  4.75515763e+01  1.35935639e+06  1.76242810e+02 
 1.46779927e+06  4.77403961e+01  1.46779927e+06  1.75817462e+02 
 1.58489319e+06  4.79655014e+01  1.58489319e+06  1.75317981e+02 
 1.71132830e+06  4.82349323e+01  1.71132830e+06  1.74723586e+02 
 1.84784980e+06  4.85591076e+01  1.84784980e+06  1.74005049e+02 
 1.99526231e+06  4.89515373e+01  1.99526231e+06  1.73120185e+02 
 2.15443469e+06  4.94302346e+01  2.15443469e+06  1.72005938e+02 
 2.32630507e+06  5.00195207e+01  2.32630507e+06  1.70564311e+02 
 2.51188643e+06  5.07534377e+01  2.51188643e+06  1.68634983e+02 
 2.71227258e+06  5.16799805e+01  2.71227258e+06  1.65939467e+02 
 2.92864456e+06  5.28680132e+01  2.92864456e+06  1.61955432e+02 
 3.16227766e+06  5.44102495e+01  3.16227766e+06  1.55608895e+02 
 3.41454887e+06  5.63825480e+01  3.41454887e+06  1.44481854e+02 
 3.68694506e+06  5.85069052e+01  3.68694506e+06  1.23328835e+02 
 3.98107171e+06  5.89904510e+01  3.98107171e+06  8.86639942e+01 
 4.29866235e+06  5.63810250e+01  4.29866235e+06  5.73755509e+01 
 4.64158883e+06  5.28673224e+01  4.64158883e+06  4.00097374e+01 
 5.01187234e+06  4.96776227e+01  5.01187234e+06  3.08245791e+01 
 5.41169527e+06  4.69049445e+01  5.41169527e+06  2.55342510e+01 
 5.84341413e+06  4.44559028e+01  5.84341413e+06  2.22525655e+01 
 6.30957344e+06  4.22440006e+01  6.30957344e+06  2.01230774e+01 
 6.81292069e+06  4.02067599e+01  6.81292069e+06  1.87170889e+01 
 7.35642254e+06  3.83003692e+01  7.35642254e+06  1.78046104e+01 
 7.94328235e+06  3.64939686e+01  7.94328235e+06  1.72486312e+01 
 8.57695899e+06  3.47651046e+01  8.57695899e+06  1.69707280e+01 
 9.26118728e+06  3.30949648e+01  9.26118728e+06  1.69201920e+01 
 1.00000000e+07  3.14719272e+01  1.00000000e+07  1.70611514e+01 
 1.07977516e+07  2.98866795e+01  1.07977516e+07  1.73789069e+01 
 1.16591440e+07  2.83276578e+01  1.16591440e+07  1.78606333e+01 
 1.25892541e+07  2.67899130e+01  1.25892541e+07  1.85001800e+01 
 1.35935639e+07  2.52663084e+01  1.35935639e+07  1.93063608e+01 
 1.46779927e+07  2.37518294e+01  1.46779927e+07  2.02809441e+01 
 1.58489319e+07  2.22415832e+01  1.58489319e+07  2.14285234e+01 
 1.71132830e+07  2.07314993e+01  1.71132830e+07  2.27852856e+01 
 1.84784980e+07  1.92164185e+01  1.84784980e+07  2.43594691e+01 
 1.99526231e+07  1.76890302e+01  1.99526231e+07  2.61929786e+01 
 2.15443469e+07  1.61536582e+01  2.15443469e+07  2.83218759e+01 
 2.32630507e+07  1.46005142e+01  2.32630507e+07  3.07925953e+01 
 2.51188643e+07  1.30273757e+01  2.51188643e+07  3.37122394e+01 
 2.71227258e+07  1.14293546e+01  2.71227258e+07  3.71350933e+01 
 2.92864456e+07  9.80520964e+00  2.92864456e+07  4.12249581e+01 
 3.16227766e+07  8.16686177e+00  3.16227766e+07  4.62057273e+01 
 3.41454887e+07  6.54134101e+00  3.41454887e+07  5.20299243e+01 
 3.68694506e+07  4.92242258e+00  3.68694506e+07  5.92525197e+01 
 3.98107171e+07  3.39023538e+00  3.98107171e+07  6.78321866e+01 
 4.29866235e+07  2.01246494e+00  4.29866235e+07  7.78822813e+01 
 4.64158883e+07  9.17391399e-01  4.64158883e+07  8.97402908e+01 
 5.01187234e+07  1.47523386e-01  5.01187234e+07  1.01761554e+02 
 5.41169527e+07 -2.88089417e-01  5.41169527e+07  1.14950704e+02 
 5.84341413e+07 -2.44042948e-01  5.84341413e+07  1.25457086e+02 
 6.30957344e+07 -1.58359133e-01  6.30957344e+07  1.35547489e+02 
 6.81292069e+07  9.16635391e-02  6.81292069e+07  1.44993388e+02 
 7.35642254e+07  5.98628003e-01  7.35642254e+07  1.51770049e+02 
 7.94328235e+07  9.79918297e-01  7.94328235e+07  1.57523044e+02 
 8.57695899e+07  1.38599881e+00  8.57695899e+07  1.62628099e+02 
 9.26118728e+07  1.76046163e+00  9.26118728e+07  1.66803068e+02 
 1.00000000e+08  2.21376523e+00  1.00000000e+08  1.70222691e+02 
 1.07977516e+08  2.63140741e+00  1.07977516e+08  1.73873335e+02 
 1.16591440e+08  2.96673834e+00  1.16591440e+08  1.77278169e+02 
 1.25892541e+08  3.38215138e+00  1.25892541e+08  1.79494424e+02 
 1.35935639e+08  3.64063451e+00  1.35935639e+08  1.82290150e+02 
 1.46779927e+08  3.90352729e+00  1.46779927e+08  1.84332510e+02 
 1.58489319e+08  4.18587367e+00  1.58489319e+08  1.86200671e+02 
 1.71132830e+08  4.47205371e+00  1.71132830e+08  1.88192750e+02 
 1.84784980e+08  4.95700972e+00  1.84784980e+08  1.89039400e+02 
 1.99526231e+08  4.82159275e+00  1.99526231e+08  1.90105066e+02 
 2.15443469e+08  5.78283315e+00  2.15443469e+08  1.90340681e+02 
 2.32630507e+08  6.38514135e+00  2.32630507e+08  1.90840744e+02 
 2.51188643e+08  6.78205304e+00  2.51188643e+08  1.90765493e+02 
 2.71227258e+08  6.28173256e+00  2.71227258e+08  1.90669330e+02 
 2.92864456e+08  7.70379244e+00  2.92864456e+08  1.89647874e+02 
 3.16227766e+08  7.36412198e+00  3.16227766e+08  1.89217275e+02 
 3.41454887e+08  7.05175564e+00  3.41454887e+08  1.88727316e+02 
 3.68694506e+08  6.76989652e+00  3.68694506e+08  1.87703986e+02 
 3.98107171e+08  7.74202902e+00  3.98107171e+08  1.86893362e+02 
 4.29866235e+08  6.51228601e+00  4.29866235e+08  1.85939095e+02 
 4.64158883e+08  8.13042875e+00  4.64158883e+08  1.84862698e+02 
 5.01187234e+08  6.84287581e+00  5.01187234e+08  1.84329763e+02 
 5.41169527e+08  7.43584857e+00  5.41169527e+08  1.83718362e+02 
 5.84341413e+08  6.12064786e+00  5.84341413e+08  1.82685578e+02 
 6.30957344e+08  7.26417109e+00  6.30957344e+08  1.82314057e+02 
 6.81292069e+08  5.90399752e+00  6.81292069e+08  1.82381786e+02 
 7.35642254e+08  8.08483224e+00  7.35642254e+08  1.81071805e+02 
 7.94328235e+08  6.74135097e+00  7.94328235e+08  1.81207655e+02 
 8.57695899e+08  1.13838610e+01  8.57695899e+08  1.80940435e+02 
 9.26118728e+08  4.01953633e+00  9.26118728e+08  1.81752763e+02 
 1.00000000e+09  8.68324701e+00  1.00000000e+09  1.80934737e+02 
