 1.00000000e+00  4.69728777e+01  1.00000000e+00  1.79999997e+02 
 1.07977516e+00  4.69728777e+01  1.07977516e+00  1.79999997e+02 
 1.16591440e+00  4.69728777e+01  1.16591440e+00  1.79999997e+02 
 1.25892541e+00  4.69728777e+01  1.25892541e+00  1.79999997e+02 
 1.35935639e+00  4.69728777e+01  1.35935639e+00  1.79999996e+02 
 1.46779927e+00  4.69728777e+01  1.46779927e+00  1.79999996e+02 
 1.58489319e+00  4.69728777e+01  1.58489319e+00  1.79999996e+02 
 1.71132830e+00  4.69728777e+01  1.71132830e+00  1.79999995e+02 
 1.84784980e+00  4.69728777e+01  1.84784980e+00  1.79999995e+02 
 1.99526231e+00  4.69728777e+01  1.99526231e+00  1.79999995e+02 
 2.15443469e+00  4.69728777e+01  2.15443469e+00  1.79999994e+02 
 2.32630507e+00  4.69728777e+01  2.32630507e+00  1.79999994e+02 
 2.51188643e+00  4.69728777e+01  2.51188643e+00  1.79999993e+02 
 2.71227258e+00  4.69728777e+01  2.71227258e+00  1.79999993e+02 
 2.92864456e+00  4.69728777e+01  2.92864456e+00  1.79999992e+02 
 3.16227766e+00  4.69728777e+01  3.16227766e+00  1.79999992e+02 
 3.41454887e+00  4.69728777e+01  3.41454887e+00  1.79999991e+02 
 3.68694506e+00  4.69728777e+01  3.68694506e+00  1.79999990e+02 
 3.98107171e+00  4.69728777e+01  3.98107171e+00  1.79999989e+02 
 4.29866235e+00  4.69728777e+01  4.29866235e+00  1.79999989e+02 
 4.64158883e+00  4.69728777e+01  4.64158883e+00  1.79999988e+02 
 5.01187234e+00  4.69728777e+01  5.01187234e+00  1.79999987e+02 
 5.41169527e+00  4.69728777e+01  5.41169527e+00  1.79999986e+02 
 5.84341413e+00  4.69728777e+01  5.84341413e+00  1.79999984e+02 
 6.30957344e+00  4.69728777e+01  6.30957344e+00  1.79999983e+02 
 6.81292069e+00  4.69728777e+01  6.81292069e+00  1.79999982e+02 
 7.35642254e+00  4.69728777e+01  7.35642254e+00  1.79999980e+02 
 7.94328235e+00  4.69728777e+01  7.94328235e+00  1.79999979e+02 
 8.57695899e+00  4.69728777e+01  8.57695899e+00  1.79999977e+02 
 9.26118728e+00  4.69728777e+01  9.26118728e+00  1.79999975e+02 
 1.00000000e+01  4.69728777e+01  1.00000000e+01  1.79999973e+02 
 1.07977516e+01  4.69728777e+01  1.07977516e+01  1.79999971e+02 
 1.16591440e+01  4.69728777e+01  1.16591440e+01  1.79999969e+02 
 1.25892541e+01  4.69728777e+01  1.25892541e+01  1.79999967e+02 
 1.35935639e+01  4.69728777e+01  1.35935639e+01  1.79999964e+02 
 1.46779927e+01  4.69728777e+01  1.46779927e+01  1.79999961e+02 
 1.58489319e+01  4.69728777e+01  1.58489319e+01  1.79999958e+02 
 1.71132830e+01  4.69728777e+01  1.71132830e+01  1.79999954e+02 
 1.84784980e+01  4.69728777e+01  1.84784980e+01  1.79999951e+02 
 1.99526231e+01  4.69728777e+01  1.99526231e+01  1.79999947e+02 
 2.15443469e+01  4.69728777e+01  2.15443469e+01  1.79999943e+02 
 2.32630507e+01  4.69728777e+01  2.32630507e+01  1.79999938e+02 
 2.51188643e+01  4.69728777e+01  2.51188643e+01  1.79999933e+02 
 2.71227258e+01  4.69728777e+01  2.71227258e+01  1.79999928e+02 
 2.92864456e+01  4.69728777e+01  2.92864456e+01  1.79999922e+02 
 3.16227766e+01  4.69728777e+01  3.16227766e+01  1.79999916e+02 
 3.41454887e+01  4.69728777e+01  3.41454887e+01  1.79999909e+02 
 3.68694506e+01  4.69728777e+01  3.68694506e+01  1.79999902e+02 
 3.98107171e+01  4.69728777e+01  3.98107171e+01  1.79999894e+02 
 4.29866235e+01  4.69728777e+01  4.29866235e+01  1.79999886e+02 
 4.64158883e+01  4.69728778e+01  4.64158883e+01  1.79999877e+02 
 5.01187234e+01  4.69728778e+01  5.01187234e+01  1.79999867e+02 
 5.41169527e+01  4.69728778e+01  5.41169527e+01  1.79999856e+02 
 5.84341413e+01  4.69728778e+01  5.84341413e+01  1.79999845e+02 
 6.30957344e+01  4.69728778e+01  6.30957344e+01  1.79999832e+02 
 6.81292069e+01  4.69728778e+01  6.81292069e+01  1.79999819e+02 
 7.35642254e+01  4.69728778e+01  7.35642254e+01  1.79999804e+02 
 7.94328235e+01  4.69728778e+01  7.94328235e+01  1.79999789e+02 
 8.57695899e+01  4.69728778e+01  8.57695899e+01  1.79999772e+02 
 9.26118728e+01  4.69728778e+01  9.26118728e+01  1.79999754e+02 
 1.00000000e+02  4.69728778e+01  1.00000000e+02  1.79999734e+02 
 1.07977516e+02  4.69728778e+01  1.07977516e+02  1.79999713e+02 
 1.16591440e+02  4.69728778e+01  1.16591440e+02  1.79999690e+02 
 1.25892541e+02  4.69728778e+01  1.25892541e+02  1.79999665e+02 
 1.35935639e+02  4.69728778e+01  1.35935639e+02  1.79999639e+02 
 1.46779927e+02  4.69728778e+01  1.46779927e+02  1.79999610e+02 
 1.58489319e+02  4.69728778e+01  1.58489319e+02  1.79999579e+02 
 1.71132830e+02  4.69728778e+01  1.71132830e+02  1.79999545e+02 
 1.84784980e+02  4.69728778e+01  1.84784980e+02  1.79999509e+02 
 1.99526231e+02  4.69728778e+01  1.99526231e+02  1.79999469e+02 
 2.15443469e+02  4.69728778e+01  2.15443469e+02  1.79999427e+02 
 2.32630507e+02  4.69728778e+01  2.32630507e+02  1.79999381e+02 
 2.51188643e+02  4.69728778e+01  2.51188643e+02  1.79999332e+02 
 2.71227258e+02  4.69728778e+01  2.71227258e+02  1.79999279e+02 
 2.92864456e+02  4.69728778e+01  2.92864456e+02  1.79999221e+02 
 3.16227766e+02  4.69728778e+01  3.16227766e+02  1.79999159e+02 
 3.41454887e+02  4.69728778e+01  3.41454887e+02  1.79999092e+02 
 3.68694506e+02  4.69728778e+01  3.68694506e+02  1.79999020e+02 
 3.98107171e+02  4.69728778e+01  3.98107171e+02  1.79998941e+02 
 4.29866235e+02  4.69728779e+01  4.29866235e+02  1.79998857e+02 
 4.64158883e+02  4.69728779e+01  4.64158883e+02  1.79998766e+02 
 5.01187234e+02  4.69728779e+01  5.01187234e+02  1.79998667e+02 
 5.41169527e+02  4.69728779e+01  5.41169527e+02  1.79998561e+02 
 5.84341413e+02  4.69728779e+01  5.84341413e+02  1.79998446e+02 
 6.30957344e+02  4.69728780e+01  6.30957344e+02  1.79998322e+02 
 6.81292069e+02  4.69728780e+01  6.81292069e+02  1.79998189e+02 
 7.35642254e+02  4.69728781e+01  7.35642254e+02  1.79998044e+02 
 7.94328235e+02  4.69728781e+01  7.94328235e+02  1.79997888e+02 
 8.57695899e+02  4.69728782e+01  8.57695899e+02  1.79997719e+02 
 9.26118728e+02  4.69728782e+01  9.26118728e+02  1.79997538e+02 
 1.00000000e+03  4.69728783e+01  1.00000000e+03  1.79997341e+02 
 1.07977516e+03  4.69728784e+01  1.07977516e+03  1.79997129e+02 
 1.16591440e+03  4.69728785e+01  1.16591440e+03  1.79996900e+02 
 1.25892541e+03  4.69728787e+01  1.25892541e+03  1.79996653e+02 
 1.35935639e+03  4.69728788e+01  1.35935639e+03  1.79996386e+02 
 1.46779927e+03  4.69728790e+01  1.46779927e+03  1.79996097e+02 
 1.58489319e+03  4.69728792e+01  1.58489319e+03  1.79995786e+02 
 1.71132830e+03  4.69728795e+01  1.71132830e+03  1.79995450e+02 
 1.84784980e+03  4.69728797e+01  1.84784980e+03  1.79995087e+02 
 1.99526231e+03  4.69728801e+01  1.99526231e+03  1.79994695e+02 
 2.15443469e+03  4.69728804e+01  2.15443469e+03  1.79994272e+02 
 2.32630507e+03  4.69728809e+01  2.32630507e+03  1.79993815e+02 
 2.51188643e+03  4.69728814e+01  2.51188643e+03  1.79993321e+02 
 2.71227258e+03  4.69728820e+01  2.71227258e+03  1.79992788e+02 
 2.92864456e+03  4.69728827e+01  2.92864456e+03  1.79992213e+02 
 3.16227766e+03  4.69728836e+01  3.16227766e+03  1.79991592e+02 
 3.41454887e+03  4.69728845e+01  3.41454887e+03  1.79990921e+02 
 3.68694506e+03  4.69728857e+01  3.68694506e+03  1.79990197e+02 
 3.98107171e+03  4.69728870e+01  3.98107171e+03  1.79989415e+02 
 4.29866235e+03  4.69728885e+01  4.29866235e+03  1.79988570e+02 
 4.64158883e+03  4.69728903e+01  4.64158883e+03  1.79987658e+02 
 5.01187234e+03  4.69728923e+01  5.01187234e+03  1.79986674e+02 
 5.41169527e+03  4.69728948e+01  5.41169527e+03  1.79985611e+02 
 5.84341413e+03  4.69728976e+01  5.84341413e+03  1.79984463e+02 
 6.30957344e+03  4.69729009e+01  6.30957344e+03  1.79983223e+02 
 6.81292069e+03  4.69729047e+01  6.81292069e+03  1.79981885e+02 
 7.35642254e+03  4.69729092e+01  7.35642254e+03  1.79980440e+02 
 7.94328235e+03  4.69729144e+01  7.94328235e+03  1.79978879e+02 
 8.57695899e+03  4.69729205e+01  8.57695899e+03  1.79977195e+02 
 9.26118728e+03  4.69729276e+01  9.26118728e+03  1.79975375e+02 
 1.00000000e+04  4.69729359e+01  1.00000000e+04  1.79973411e+02 
 1.07977516e+04  4.69729455e+01  1.07977516e+04  1.79971290e+02 
 1.16591440e+04  4.69729568e+01  1.16591440e+04  1.79968999e+02 
 1.25892541e+04  4.69729699e+01  1.25892541e+04  1.79966526e+02 
 1.35935639e+04  4.69729852e+01  1.35935639e+04  1.79963855e+02 
 1.46779927e+04  4.69730030e+01  1.46779927e+04  1.79960972e+02 
 1.58489319e+04  4.69730238e+01  1.58489319e+04  1.79957858e+02 
 1.71132830e+04  4.69730480e+01  1.71132830e+04  1.79954496e+02 
 1.84784980e+04  4.69730762e+01  1.84784980e+04  1.79950866e+02 
 1.99526231e+04  4.69731092e+01  1.99526231e+04  1.79946946e+02 
 2.15443469e+04  4.69731476e+01  2.15443469e+04  1.79942713e+02 
 2.32630507e+04  4.69731923e+01  2.32630507e+04  1.79938143e+02 
 2.51188643e+04  4.69732445e+01  2.51188643e+04  1.79933208e+02 
 2.71227258e+04  4.69733054e+01  2.71227258e+04  1.79927878e+02 
 2.92864456e+04  4.69733763e+01  2.92864456e+04  1.79922124e+02 
 3.16227766e+04  4.69734591e+01  3.16227766e+04  1.79915910e+02 
 3.41454887e+04  4.69735555e+01  3.41454887e+04  1.79909201e+02 
 3.68694506e+04  4.69736680e+01  3.68694506e+04  1.79901955e+02 
 3.98107171e+04  4.69737991e+01  3.98107171e+04  1.79894131e+02 
 4.29866235e+04  4.69739520e+01  4.29866235e+04  1.79885683e+02 
 4.64158883e+04  4.69741302e+01  4.64158883e+04  1.79876560e+02 
 5.01187234e+04  4.69743380e+01  5.01187234e+04  1.79866708e+02 
 5.41169527e+04  4.69745803e+01  5.41169527e+04  1.79856069e+02 
 5.84341413e+04  4.69748628e+01  5.84341413e+04  1.79844579e+02 
 6.30957344e+04  4.69751922e+01  6.30957344e+04  1.79832172e+02 
 6.81292069e+04  4.69755763e+01  6.81292069e+04  1.79818772e+02 
 7.35642254e+04  4.69760241e+01  7.35642254e+04  1.79804300e+02 
 7.94328235e+04  4.69765463e+01  7.94328235e+04  1.79788670e+02 
 8.57695899e+04  4.69771550e+01  8.57695899e+04  1.79771788e+02 
 9.26118728e+04  4.69778649e+01  9.26118728e+04  1.79753554e+02 
 1.00000000e+05  4.69786926e+01  1.00000000e+05  1.79733858e+02 
 1.07977516e+05  4.69796579e+01  1.07977516e+05  1.79712581e+02 
 1.16591440e+05  4.69807830e+01  1.16591440e+05  1.79689595e+02 
 1.25892541e+05  4.69820954e+01  1.25892541e+05  1.79664761e+02 
 1.35935639e+05  4.69836255e+01  1.35935639e+05  1.79637927e+02 
 1.46779927e+05  4.69854101e+01  1.46779927e+05  1.79608929e+02 
 1.58489319e+05  4.69874911e+01  1.58489319e+05  1.79577588e+02 
 1.71132830e+05  4.69899176e+01  1.71132830e+05  1.79543709e+02 
 1.84784980e+05  4.69927480e+01  1.84784980e+05  1.79507081e+02 
 1.99526231e+05  4.69960492e+01  1.99526231e+05  1.79467472e+02 
 2.15443469e+05  4.69998987e+01  2.15443469e+05  1.79424629e+02 
 2.32630507e+05  4.70043895e+01  2.32630507e+05  1.79378274e+02 
 2.51188643e+05  4.70096293e+01  2.51188643e+05  1.79328102e+02 
 2.71227258e+05  4.70157403e+01  2.71227258e+05  1.79273779e+02 
 2.92864456e+05  4.70228716e+01  2.92864456e+05  1.79214934e+02 
 3.16227766e+05  4.70311920e+01  3.16227766e+05  1.79151156e+02 
 3.41454887e+05  4.70409021e+01  3.41454887e+05  1.79081990e+02 
 3.68694506e+05  4.70522380e+01  3.68694506e+05  1.79006927e+02 
 3.98107171e+05  4.70654725e+01  3.98107171e+05  1.78925396e+02 
 4.29866235e+05  4.70809237e+01  4.29866235e+05  1.78836753e+02 
 4.64158883e+05  4.70989736e+01  4.64158883e+05  1.78740269e+02 
 5.01187234e+05  4.71200634e+01  5.01187234e+05  1.78635113e+02 
 5.41169527e+05  4.71447123e+01  5.41169527e+05  1.78520331e+02 
 5.84341413e+05  4.71735331e+01  5.84341413e+05  1.78394820e+02 
 6.30957344e+05  4.72072561e+01  6.30957344e+05  1.78257294e+02 
 6.81292069e+05  4.72467245e+01  6.81292069e+05  1.78106244e+02 
 7.35642254e+05  4.72929523e+01  7.35642254e+05  1.77939880e+02 
 7.94328235e+05  4.73471416e+01  7.94328235e+05  1.77756067e+02 
 8.57695899e+05  4.74107390e+01  8.57695899e+05  1.77552212e+02 
 9.26118728e+05  4.74854209e+01  9.26118728e+05  1.77325167e+02 
 1.00000000e+06  4.75732754e+01  1.00000000e+06  1.77071028e+02 
 1.07977516e+06  4.76767727e+01  1.07977516e+06  1.76784932e+02 
 1.16591440e+06  4.77988807e+01  1.16591440e+06  1.76460708e+02 
 1.25892541e+06  4.79433029e+01  1.25892541e+06  1.76090448e+02 
 1.35935639e+06  4.81145513e+01  1.35935639e+06  1.75663819e+02 
 1.46779927e+06  4.83182203e+01  1.46779927e+06  1.75167132e+02 
 1.58489319e+06  4.85613188e+01  1.58489319e+06  1.74581841e+02 
 1.71132830e+06  4.88528422e+01  1.71132830e+06  1.73882311e+02 
 1.84784980e+06  4.92043090e+01  1.84784980e+06  1.73032202e+02 
 1.99526231e+06  4.96307491e+01  1.99526231e+06  1.71978269e+02 
 2.15443469e+06  5.01524173e+01  2.15443469e+06  1.70639818e+02 
 2.32630507e+06  5.07967718e+01  2.32630507e+06  1.68889101e+02 
 2.51188643e+06  5.16019353e+01  2.51188643e+06  1.66512759e+02 
 2.71227258e+06  5.26215898e+01  2.71227258e+06  1.63130348e+02 
 2.92864456e+06  5.39286404e+01  2.92864456e+06  1.58008229e+02 
 3.16227766e+06  5.56029719e+01  3.16227766e+06  1.49604877e+02 
 3.41454887e+06  5.76031296e+01  3.41454887e+06  1.34550175e+02 
 3.68694506e+06  5.91186158e+01  3.68694506e+06  1.07547335e+02 
 3.98107171e+06  5.81078368e+01  3.98107171e+06  7.33929835e+01 
 4.29866235e+06  5.49865506e+01  4.29866235e+06  4.93973847e+01 
 4.64158883e+06  5.16899995e+01  4.64158883e+06  3.63495562e+01 
 5.01187234e+06  4.87570393e+01  5.01187234e+06  2.90296405e+01 
 5.41169527e+06  4.61748668e+01  5.41169527e+06  2.45898657e+01 
 5.84341413e+06  4.38607696e+01  5.84341413e+06  2.17332284e+01 
 6.30957344e+06  4.17462122e+01  6.30957344e+06  1.98318257e+01 
 6.81292069e+06  3.97818375e+01  6.81292069e+06  1.85552489e+01 
 7.35642254e+06  3.79293543e+01  7.35642254e+06  1.77165939e+01 
 7.94328235e+06  3.61657482e+01  7.94328235e+06  1.72053957e+01 
 8.57695899e+06  3.44690298e+01  8.57695899e+06  1.69512788e+01 
 9.26118728e+06  3.28252513e+01  9.26118728e+06  1.69110906e+01 
 1.00000000e+07  3.12233355e+01  1.00000000e+07  1.70578188e+01 
 1.07977516e+07  2.96529878e+01  1.07977516e+07  1.73765776e+01 
 1.16591440e+07  2.81067207e+01  1.16591440e+07  1.78557314e+01 
 1.25892541e+07  2.65817433e+01  1.25892541e+07  1.84894211e+01 
 1.35935639e+07  2.50642909e+01  1.35935639e+07  1.92857614e+01 
 1.46779927e+07  2.35565731e+01  1.46779927e+07  2.02481520e+01 
 1.58489319e+07  2.20506082e+01  1.58489319e+07  2.13934344e+01 
 1.71132830e+07  2.05453716e+01  1.71132830e+07  2.27272705e+01 
 1.84784980e+07  1.90244546e+01  1.84784980e+07  2.43172022e+01 
 1.99526231e+07  1.75033778e+01  1.99526231e+07  2.61305606e+01 
 2.15443469e+07  1.59612462e+01  2.15443469e+07  2.82590371e+01 
 2.32630507e+07  1.44044170e+01  2.32630507e+07  3.07264754e+01 
 2.51188643e+07  1.28238705e+01  2.51188643e+07  3.36329961e+01 
 2.71227258e+07  1.12171934e+01  2.71227258e+07  3.71052953e+01 
 2.92864456e+07  9.59033772e+00  2.92864456e+07  4.11669573e+01 
 3.16227766e+07  7.93360280e+00  3.16227766e+07  4.61616043e+01 
 3.41454887e+07  6.28562107e+00  3.41454887e+07  5.21869136e+01 
 3.68694506e+07  4.65157880e+00  3.68694506e+07  5.95581648e+01 
 3.98107171e+07  3.10631216e+00  3.98107171e+07  6.83149511e+01 
 4.29866235e+07  1.71432597e+00  4.29866235e+07  7.88254854e+01 
 4.64158883e+07  6.06723383e-01  4.64158883e+07  9.08756150e+01 
 5.01187234e+07 -1.01269538e-01  5.01187234e+07  1.03422440e+02 
 5.41169527e+07 -3.96443860e-01  5.41169527e+07  1.15505115e+02 
 5.84341413e+07 -4.64147405e-01  5.84341413e+07  1.27853098e+02 
 6.30957344e+07 -2.06249034e-01  6.30957344e+07  1.37176554e+02 
 6.81292069e+07  1.96222101e-01  6.81292069e+07  1.45535077e+02 
 7.35642254e+07  4.59299688e-01  7.35642254e+07  1.53119825e+02 
 7.94328235e+07  1.00993216e+00  7.94328235e+07  1.58676075e+02 
 8.57695899e+07  1.27136499e+00  8.57695899e+07  1.64170482e+02 
 9.26118728e+07  1.83030839e+00  9.26118728e+07  1.67773274e+02 
 1.00000000e+08  2.22297728e+00  1.00000000e+08  1.71732939e+02 
 1.07977516e+08  2.63964387e+00  1.07977516e+08  1.75095951e+02 
 1.16591440e+08  2.87353913e+00  1.16591440e+08  1.78479229e+02 
 1.25892541e+08  3.14052333e+00  1.25892541e+08  1.80762994e+02 
 1.35935639e+08  3.66562350e+00  1.35935639e+08  1.82821007e+02 
 1.46779927e+08  3.94499693e+00  1.46779927e+08  1.85238931e+02 
 1.58489319e+08  4.43659316e+00  1.58489319e+08  1.86537388e+02 
 1.71132830e+08  4.98313795e+00  1.71132830e+08  1.87964021e+02 
 1.84784980e+08  5.28972487e+00  1.84784980e+08  1.89351574e+02 
 1.99526231e+08  5.48788013e+00  1.99526231e+08  1.90128786e+02 
 2.15443469e+08  5.51503160e+00  2.15443469e+08  1.91262955e+02 
 2.32630507e+08  6.03692413e+00  2.32630507e+08  1.90783390e+02 
 2.51188643e+08  6.36602000e+00  2.51188643e+08  1.90830232e+02 
 2.71227258e+08  6.91832603e+00  2.71227258e+08  1.90662574e+02 
 2.92864456e+08  7.09007743e+00  2.92864456e+08  1.89836964e+02 
 3.16227766e+08  6.67673032e+00  3.16227766e+08  1.89212719e+02 
 3.41454887e+08  7.12393280e+00  3.41454887e+08  1.88778269e+02 
 3.68694506e+08  7.85273769e+00  3.68694506e+08  1.87382306e+02 
 3.98107171e+08  9.10872373e+00  3.98107171e+08  1.86254364e+02 
 4.29866235e+08  6.53728785e+00  4.29866235e+08  1.85589880e+02 
 4.64158883e+08  1.00669131e+01  4.64158883e+08  1.84911643e+02 
 5.01187234e+08  6.85342726e+00  5.01187234e+08  1.84234429e+02 
 5.41169527e+08  5.52442915e+00  5.41169527e+08  1.83456224e+02 
 5.84341413e+08  6.13644829e+00  5.84341413e+08  1.82612011e+02 
 6.30957344e+08  1.08146926e+01  6.30957344e+08  1.82197385e+02 
 6.81292069e+08  9.44809354e+00  6.81292069e+08  1.81864619e+02 
 7.35642254e+08  8.08409277e+00  7.35642254e+08  1.80847591e+02 
 7.94328235e+08  3.23435447e+00  7.94328235e+08  1.81145677e+02 
 8.57695899e+08  5.39795820e+00  8.57695899e+08  1.80418623e+02 
 9.26118728e+08  4.04024565e+00  9.26118728e+08  1.81102241e+02 
 1.00000000e+09  8.69475755e+00  1.00000000e+09  1.80325319e+02 
