 1.00000000e+00  4.58322258e+01  1.00000000e+00  1.79999999e+02 
 1.07977516e+00  4.58322258e+01  1.07977516e+00  1.79999998e+02 
 1.16591440e+00  4.58322258e+01  1.16591440e+00  1.79999998e+02 
 1.25892541e+00  4.58322258e+01  1.25892541e+00  1.79999998e+02 
 1.35935639e+00  4.58322258e+01  1.35935639e+00  1.79999998e+02 
 1.46779927e+00  4.58322258e+01  1.46779927e+00  1.79999998e+02 
 1.58489319e+00  4.58322258e+01  1.58489319e+00  1.79999998e+02 
 1.71132830e+00  4.58322258e+01  1.71132830e+00  1.79999997e+02 
 1.84784980e+00  4.58322258e+01  1.84784980e+00  1.79999997e+02 
 1.99526231e+00  4.58322258e+01  1.99526231e+00  1.79999997e+02 
 2.15443469e+00  4.58322258e+01  2.15443469e+00  1.79999997e+02 
 2.32630507e+00  4.58322258e+01  2.32630507e+00  1.79999997e+02 
 2.51188643e+00  4.58322258e+01  2.51188643e+00  1.79999996e+02 
 2.71227258e+00  4.58322258e+01  2.71227258e+00  1.79999996e+02 
 2.92864456e+00  4.58322258e+01  2.92864456e+00  1.79999996e+02 
 3.16227766e+00  4.58322258e+01  3.16227766e+00  1.79999995e+02 
 3.41454887e+00  4.58322258e+01  3.41454887e+00  1.79999995e+02 
 3.68694506e+00  4.58322258e+01  3.68694506e+00  1.79999994e+02 
 3.98107171e+00  4.58322258e+01  3.98107171e+00  1.79999994e+02 
 4.29866235e+00  4.58322258e+01  4.29866235e+00  1.79999994e+02 
 4.64158883e+00  4.58322258e+01  4.64158883e+00  1.79999993e+02 
 5.01187234e+00  4.58322258e+01  5.01187234e+00  1.79999993e+02 
 5.41169527e+00  4.58322258e+01  5.41169527e+00  1.79999992e+02 
 5.84341413e+00  4.58322258e+01  5.84341413e+00  1.79999991e+02 
 6.30957344e+00  4.58322258e+01  6.30957344e+00  1.79999991e+02 
 6.81292069e+00  4.58322258e+01  6.81292069e+00  1.79999990e+02 
 7.35642254e+00  4.58322258e+01  7.35642254e+00  1.79999989e+02 
 7.94328235e+00  4.58322258e+01  7.94328235e+00  1.79999988e+02 
 8.57695899e+00  4.58322258e+01  8.57695899e+00  1.79999987e+02 
 9.26118728e+00  4.58322258e+01  9.26118728e+00  1.79999986e+02 
 1.00000000e+01  4.58322258e+01  1.00000000e+01  1.79999985e+02 
 1.07977516e+01  4.58322258e+01  1.07977516e+01  1.79999984e+02 
 1.16591440e+01  4.58322258e+01  1.16591440e+01  1.79999983e+02 
 1.25892541e+01  4.58322258e+01  1.25892541e+01  1.79999981e+02 
 1.35935639e+01  4.58322258e+01  1.35935639e+01  1.79999980e+02 
 1.46779927e+01  4.58322258e+01  1.46779927e+01  1.79999978e+02 
 1.58489319e+01  4.58322258e+01  1.58489319e+01  1.79999976e+02 
 1.71132830e+01  4.58322258e+01  1.71132830e+01  1.79999974e+02 
 1.84784980e+01  4.58322258e+01  1.84784980e+01  1.79999972e+02 
 1.99526231e+01  4.58322258e+01  1.99526231e+01  1.79999970e+02 
 2.15443469e+01  4.58322258e+01  2.15443469e+01  1.79999968e+02 
 2.32630507e+01  4.58322258e+01  2.32630507e+01  1.79999965e+02 
 2.51188643e+01  4.58322258e+01  2.51188643e+01  1.79999963e+02 
 2.71227258e+01  4.58322258e+01  2.71227258e+01  1.79999960e+02 
 2.92864456e+01  4.58322258e+01  2.92864456e+01  1.79999956e+02 
 3.16227766e+01  4.58322258e+01  3.16227766e+01  1.79999953e+02 
 3.41454887e+01  4.58322258e+01  3.41454887e+01  1.79999949e+02 
 3.68694506e+01  4.58322258e+01  3.68694506e+01  1.79999945e+02 
 3.98107171e+01  4.58322258e+01  3.98107171e+01  1.79999941e+02 
 4.29866235e+01  4.58322258e+01  4.29866235e+01  1.79999936e+02 
 4.64158883e+01  4.58322258e+01  4.64158883e+01  1.79999931e+02 
 5.01187234e+01  4.58322258e+01  5.01187234e+01  1.79999925e+02 
 5.41169527e+01  4.58322258e+01  5.41169527e+01  1.79999919e+02 
 5.84341413e+01  4.58322258e+01  5.84341413e+01  1.79999913e+02 
 6.30957344e+01  4.58322258e+01  6.30957344e+01  1.79999906e+02 
 6.81292069e+01  4.58322258e+01  6.81292069e+01  1.79999898e+02 
 7.35642254e+01  4.58322258e+01  7.35642254e+01  1.79999890e+02 
 7.94328235e+01  4.58322258e+01  7.94328235e+01  1.79999881e+02 
 8.57695899e+01  4.58322258e+01  8.57695899e+01  1.79999872e+02 
 9.26118728e+01  4.58322258e+01  9.26118728e+01  1.79999862e+02 
 1.00000000e+02  4.58322258e+01  1.00000000e+02  1.79999851e+02 
 1.07977516e+02  4.58322258e+01  1.07977516e+02  1.79999839e+02 
 1.16591440e+02  4.58322258e+01  1.16591440e+02  1.79999826e+02 
 1.25892541e+02  4.58322258e+01  1.25892541e+02  1.79999812e+02 
 1.35935639e+02  4.58322258e+01  1.35935639e+02  1.79999797e+02 
 1.46779927e+02  4.58322258e+01  1.46779927e+02  1.79999781e+02 
 1.58489319e+02  4.58322259e+01  1.58489319e+02  1.79999763e+02 
 1.71132830e+02  4.58322259e+01  1.71132830e+02  1.79999745e+02 
 1.84784980e+02  4.58322259e+01  1.84784980e+02  1.79999724e+02 
 1.99526231e+02  4.58322259e+01  1.99526231e+02  1.79999702e+02 
 2.15443469e+02  4.58322259e+01  2.15443469e+02  1.79999678e+02 
 2.32630507e+02  4.58322259e+01  2.32630507e+02  1.79999653e+02 
 2.51188643e+02  4.58322259e+01  2.51188643e+02  1.79999625e+02 
 2.71227258e+02  4.58322259e+01  2.71227258e+02  1.79999595e+02 
 2.92864456e+02  4.58322259e+01  2.92864456e+02  1.79999563e+02 
 3.16227766e+02  4.58322259e+01  3.16227766e+02  1.79999528e+02 
 3.41454887e+02  4.58322259e+01  3.41454887e+02  1.79999490e+02 
 3.68694506e+02  4.58322259e+01  3.68694506e+02  1.79999450e+02 
 3.98107171e+02  4.58322259e+01  3.98107171e+02  1.79999406e+02 
 4.29866235e+02  4.58322260e+01  4.29866235e+02  1.79999358e+02 
 4.64158883e+02  4.58322260e+01  4.64158883e+02  1.79999307e+02 
 5.01187234e+02  4.58322260e+01  5.01187234e+02  1.79999252e+02 
 5.41169527e+02  4.58322260e+01  5.41169527e+02  1.79999192e+02 
 5.84341413e+02  4.58322261e+01  5.84341413e+02  1.79999128e+02 
 6.30957344e+02  4.58322261e+01  6.30957344e+02  1.79999058e+02 
 6.81292069e+02  4.58322261e+01  6.81292069e+02  1.79998983e+02 
 7.35642254e+02  4.58322262e+01  7.35642254e+02  1.79998902e+02 
 7.94328235e+02  4.58322262e+01  7.94328235e+02  1.79998814e+02 
 8.57695899e+02  4.58322263e+01  8.57695899e+02  1.79998720e+02 
 9.26118728e+02  4.58322264e+01  9.26118728e+02  1.79998617e+02 
 1.00000000e+03  4.58322265e+01  1.00000000e+03  1.79998507e+02 
 1.07977516e+03  4.58322266e+01  1.07977516e+03  1.79998388e+02 
 1.16591440e+03  4.58322267e+01  1.16591440e+03  1.79998259e+02 
 1.25892541e+03  4.58322269e+01  1.25892541e+03  1.79998121e+02 
 1.35935639e+03  4.58322270e+01  1.35935639e+03  1.79997971e+02 
 1.46779927e+03  4.58322272e+01  1.46779927e+03  1.79997809e+02 
 1.58489319e+03  4.58322275e+01  1.58489319e+03  1.79997634e+02 
 1.71132830e+03  4.58322277e+01  1.71132830e+03  1.79997445e+02 
 1.84784980e+03  4.58322281e+01  1.84784980e+03  1.79997241e+02 
 1.99526231e+03  4.58322284e+01  1.99526231e+03  1.79997021e+02 
 2.15443469e+03  4.58322288e+01  2.15443469e+03  1.79996784e+02 
 2.32630507e+03  4.58322294e+01  2.32630507e+03  1.79996527e+02 
 2.51188643e+03  4.58322299e+01  2.51188643e+03  1.79996250e+02 
 2.71227258e+03  4.58322306e+01  2.71227258e+03  1.79995951e+02 
 2.92864456e+03  4.58322314e+01  2.92864456e+03  1.79995628e+02 
 3.16227766e+03  4.58322323e+01  3.16227766e+03  1.79995279e+02 
 3.41454887e+03  4.58322334e+01  3.41454887e+03  1.79994903e+02 
 3.68694506e+03  4.58322347e+01  3.68694506e+03  1.79994496e+02 
 3.98107171e+03  4.58322361e+01  3.98107171e+03  1.79994057e+02 
 4.29866235e+03  4.58322378e+01  4.29866235e+03  1.79993583e+02 
 4.64158883e+03  4.58322398e+01  4.64158883e+03  1.79993071e+02 
 5.01187234e+03  4.58322421e+01  5.01187234e+03  1.79992518e+02 
 5.41169527e+03  4.58322449e+01  5.41169527e+03  1.79991921e+02 
 5.84341413e+03  4.58322480e+01  5.84341413e+03  1.79991277e+02 
 6.30957344e+03  4.58322517e+01  6.30957344e+03  1.79990581e+02 
 6.81292069e+03  4.58322560e+01  6.81292069e+03  1.79989829e+02 
 7.35642254e+03  4.58322610e+01  7.35642254e+03  1.79989018e+02 
 7.94328235e+03  4.58322668e+01  7.94328235e+03  1.79988142e+02 
 8.57695899e+03  4.58322736e+01  8.57695899e+03  1.79987196e+02 
 9.26118728e+03  4.58322815e+01  9.26118728e+03  1.79986174e+02 
 1.00000000e+04  4.58322908e+01  1.00000000e+04  1.79985071e+02 
 1.07977516e+04  4.58323016e+01  1.07977516e+04  1.79983881e+02 
 1.16591440e+04  4.58323141e+01  1.16591440e+04  1.79982595e+02 
 1.25892541e+04  4.58323288e+01  1.25892541e+04  1.79981206e+02 
 1.35935639e+04  4.58323458e+01  1.35935639e+04  1.79979707e+02 
 1.46779927e+04  4.58323658e+01  1.46779927e+04  1.79978088e+02 
 1.58489319e+04  4.58323890e+01  1.58489319e+04  1.79976339e+02 
 1.71132830e+04  4.58324160e+01  1.71132830e+04  1.79974452e+02 
 1.84784980e+04  4.58324476e+01  1.84784980e+04  1.79972413e+02 
 1.99526231e+04  4.58324844e+01  1.99526231e+04  1.79970212e+02 
 2.15443469e+04  4.58325273e+01  2.15443469e+04  1.79967836e+02 
 2.32630507e+04  4.58325773e+01  2.32630507e+04  1.79965270e+02 
 2.51188643e+04  4.58326356e+01  2.51188643e+04  1.79962498e+02 
 2.71227258e+04  4.58327036e+01  2.71227258e+04  1.79959506e+02 
 2.92864456e+04  4.58327829e+01  2.92864456e+04  1.79956275e+02 
 3.16227766e+04  4.58328753e+01  3.16227766e+04  1.79952786e+02 
 3.41454887e+04  4.58329831e+01  3.41454887e+04  1.79949018e+02 
 3.68694506e+04  4.58331087e+01  3.68694506e+04  1.79944950e+02 
 3.98107171e+04  4.58332552e+01  3.98107171e+04  1.79940556e+02 
 4.29866235e+04  4.58334261e+01  4.29866235e+04  1.79935812e+02 
 4.64158883e+04  4.58336252e+01  4.64158883e+04  1.79930688e+02 
 5.01187234e+04  4.58338574e+01  5.01187234e+04  1.79925155e+02 
 5.41169527e+04  4.58341281e+01  5.41169527e+04  1.79919180e+02 
 5.84341413e+04  4.58344438e+01  5.84341413e+04  1.79912727e+02 
 6.30957344e+04  4.58348118e+01  6.30957344e+04  1.79905757e+02 
 6.81292069e+04  4.58352409e+01  6.81292069e+04  1.79898230e+02 
 7.35642254e+04  4.58357413e+01  7.35642254e+04  1.79890100e+02 
 7.94328235e+04  4.58363247e+01  7.94328235e+04  1.79881318e+02 
 8.57695899e+04  4.58370049e+01  8.57695899e+04  1.79871832e+02 
 9.26118728e+04  4.58377980e+01  9.26118728e+04  1.79861584e+02 
 1.00000000e+05  4.58387229e+01  1.00000000e+05  1.79850513e+02 
 1.07977516e+05  4.58398013e+01  1.07977516e+05  1.79838551e+02 
 1.16591440e+05  4.58410588e+01  1.16591440e+05  1.79825625e+02 
 1.25892541e+05  4.58425252e+01  1.25892541e+05  1.79811657e+02 
 1.35935639e+05  4.58442352e+01  1.35935639e+05  1.79796559e+02 
 1.46779927e+05  4.58462295e+01  1.46779927e+05  1.79780237e+02 
 1.58489319e+05  4.58485546e+01  1.58489319e+05  1.79762590e+02 
 1.71132830e+05  4.58512669e+01  1.71132830e+05  1.79743504e+02 
 1.84784980e+05  4.58544300e+01  1.84784980e+05  1.79722859e+02 
 1.99526231e+05  4.58581194e+01  1.99526231e+05  1.79700518e+02 
 2.15443469e+05  4.58624231e+01  2.15443469e+05  1.79676335e+02 
 2.32630507e+05  4.58674423e+01  2.32630507e+05  1.79650147e+02 
 2.51188643e+05  4.58732996e+01  2.51188643e+05  1.79621775e+02 
 2.71227258e+05  4.58801328e+01  2.71227258e+05  1.79591017e+02 
 2.92864456e+05  4.58881061e+01  2.92864456e+05  1.79557654e+02 
 3.16227766e+05  4.58974114e+01  3.16227766e+05  1.79521437e+02 
 3.41454887e+05  4.59082724e+01  3.41454887e+05  1.79482087e+02 
 3.68694506e+05  4.59209553e+01  3.68694506e+05  1.79439290e+02 
 3.98107171e+05  4.59357624e+01  3.98107171e+05  1.79392690e+02 
 4.29866235e+05  4.59530576e+01  4.29866235e+05  1.79341879e+02 
 4.64158883e+05  4.59732658e+01  4.64158883e+05  1.79286391e+02 
 5.01187234e+05  4.59968824e+01  5.01187234e+05  1.79225684e+02 
 5.41169527e+05  4.60244989e+01  5.41169527e+05  1.79159128e+02 
 5.84341413e+05  4.60568067e+01  5.84341413e+05  1.79085980e+02 
 6.30957344e+05  4.60946219e+01  6.30957344e+05  1.79005365e+02 
 6.81292069e+05  4.61389123e+01  6.81292069e+05  1.78916234e+02 
 7.35642254e+05  4.61908373e+01  7.35642254e+05  1.78817321e+02 
 7.94328235e+05  4.62517673e+01  7.94328235e+05  1.78707087e+02 
 8.57695899e+05  4.63233309e+01  8.57695899e+05  1.78583638e+02 
 9.26118728e+05  4.64074851e+01  9.26118728e+05  1.78444624e+02 
 1.00000000e+06  4.65066360e+01  1.00000000e+06  1.78287080e+02 
 1.07977516e+06  4.66236438e+01  1.07977516e+06  1.78107237e+02 
 1.16591440e+06  4.67620042e+01  1.16591440e+06  1.77900249e+02 
 1.25892541e+06  4.69260897e+01  1.25892541e+06  1.77659751e+02 
 1.35935639e+06  4.71212534e+01  1.35935639e+06  1.77377286e+02 
 1.46779927e+06  4.73543021e+01  1.46779927e+06  1.77041410e+02 
 1.58489319e+06  4.76338241e+01  1.58489319e+06  1.76636264e+02 
 1.71132830e+06  4.79710708e+01  1.71132830e+06  1.76139361e+02 
 1.84784980e+06  4.83807009e+01  1.84784980e+06  1.75517841e+02 
 1.99526231e+06  4.88827599e+01  1.99526231e+06  1.74722004e+02 
 2.15443469e+06  4.95048672e+01  2.15443469e+06  1.73673257e+02 
 2.32630507e+06  5.02868046e+01  2.32630507e+06  1.72240252e+02 
 2.51188643e+06  5.12880471e+01  2.51188643e+06  1.70187764e+02 
 2.71227258e+06  5.26014455e+01  2.71227258e+06  1.67053239e+02 
 2.92864456e+06  5.43764790e+01  2.92864456e+06  1.61806710e+02 
 3.16227766e+06  5.68361642e+01  3.16227766e+06  1.51748651e+02 
 3.41454887e+06  5.99600005e+01  3.41454887e+06  1.28828358e+02 
 3.68694506e+06  6.08054559e+01  3.68694506e+06  8.27947928e+01 
 3.98107171e+06  5.68409140e+01  3.98107171e+06  4.69360421e+01 
 4.29866235e+06  5.26040286e+01  4.29866235e+06  3.16407402e+01 
 4.64158883e+06  4.91440122e+01  4.64158883e+06  2.44835192e+01 
 5.01187234e+06  4.62583346e+01  5.01187234e+06  2.06036705e+01 
 5.41169527e+06  4.37552034e+01  5.41169527e+06  1.83085481e+01 
 5.84341413e+06  4.15146556e+01  5.84341413e+06  1.68994760e+01 
 6.30957344e+06  3.94606942e+01  6.30957344e+06  1.60446878e+01 
 6.81292069e+06  3.75441603e+01  6.81292069e+06  1.55706955e+01 
 7.35642254e+06  3.57305712e+01  7.35642254e+06  1.53767703e+01 
 7.94328235e+06  3.39961798e+01  7.94328235e+06  1.54047072e+01 
 8.57695899e+06  3.23220344e+01  8.57695899e+06  1.56198823e+01 
 9.26118728e+06  3.06961322e+01  9.26118728e+06  1.59997150e+01 
 1.00000000e+07  2.91064952e+01  1.00000000e+07  1.65322385e+01 
 1.07977516e+07  2.75448898e+01  1.07977516e+07  1.72162135e+01 
 1.16591440e+07  2.60024098e+01  1.16591440e+07  1.80475079e+01 
 1.25892541e+07  2.44758448e+01  1.25892541e+07  1.90427274e+01 
 1.35935639e+07  2.29567735e+01  1.35935639e+07  2.02015995e+01 
 1.46779927e+07  2.14416873e+01  1.46779927e+07  2.15521128e+01 
 1.58489319e+07  1.99276866e+01  1.58489319e+07  2.30927624e+01 
 1.71132830e+07  1.84064931e+01  1.71132830e+07  2.48816627e+01 
 1.84784980e+07  1.68762490e+01  1.84784980e+07  2.69148067e+01 
 1.99526231e+07  1.53349964e+01  1.99526231e+07  2.93013369e+01 
 2.15443469e+07  1.37756156e+01  2.15443469e+07  3.20492850e+01 
 2.32630507e+07  1.21989206e+01  2.32630507e+07  3.52717217e+01 
 2.51188643e+07  1.05931395e+01  2.51188643e+07  3.91249770e+01 
 2.71227258e+07  8.98283089e+00  2.71227258e+07  4.35707646e+01 
 2.92864456e+07  7.36487538e+00  2.92864456e+07  4.90326661e+01 
 3.16227766e+07  5.75299832e+00  3.16227766e+07  5.56072541e+01 
 3.41454887e+07  4.19545253e+00  3.41454887e+07  6.33493030e+01 
 3.68694506e+07  2.74847565e+00  3.68694506e+07  7.26621589e+01 
 3.98107171e+07  1.48762205e+00  3.98107171e+07  8.33647155e+01 
 4.29866235e+07  5.85145202e-01  4.29866235e+07  9.54537776e+01 
 4.64158883e+07  1.88868692e-02  4.64158883e+07  1.07724085e+02 
 5.01187234e+07 -2.19959237e-01  5.01187234e+07  1.18830652e+02 
 5.41169527e+07 -1.58881073e-01  5.41169527e+07  1.29508365e+02 
 5.84341413e+07  9.62433603e-02  5.84341413e+07  1.38581308e+02 
 6.30957344e+07  4.83662419e-01  6.30957344e+07  1.45637147e+02 
 6.81292069e+07  7.32910754e-01  6.81292069e+07  1.52748784e+02 
 7.35642254e+07  1.15337338e+00  7.35642254e+07  1.58109341e+02 
 7.94328235e+07  1.64963688e+00  7.94328235e+07  1.63049370e+02 
 8.57695899e+07  1.89449805e+00  8.57695899e+07  1.67346071e+02 
 9.26118728e+07  2.18410398e+00  9.26118728e+07  1.71325784e+02 
 1.00000000e+08  2.51508892e+00  1.00000000e+08  1.74263643e+02 
 1.07977516e+08  2.90098485e+00  1.07977516e+08  1.77251308e+02 
 1.16591440e+08  3.22573690e+00  1.16591440e+08  1.79814017e+02 
 1.25892541e+08  3.54786409e+00  1.25892541e+08  1.82336088e+02 
 1.35935639e+08  3.80967032e+00  1.35935639e+08  1.84104099e+02 
 1.46779927e+08  4.48039651e+00  1.46779927e+08  1.85711787e+02 
 1.58489319e+08  4.35843914e+00  1.58489319e+08  1.87287119e+02 
 1.71132830e+08  4.75179905e+00  1.71132830e+08  1.88523857e+02 
 1.84784980e+08  5.39350720e+00  1.84784980e+08  1.89125213e+02 
 1.99526231e+08  5.20850838e+00  1.99526231e+08  1.89956870e+02 
 2.15443469e+08  5.73248856e+00  2.15443469e+08  1.90117079e+02 
 2.32630507e+08  6.15315088e+00  2.32630507e+08  1.90020067e+02 
 2.51188643e+08  6.38153041e+00  2.51188643e+08  1.89943986e+02 
 2.71227258e+08  6.25140177e+00  2.71227258e+08  1.89111767e+02 
 2.92864456e+08  6.22845377e+00  2.92864456e+08  1.88785437e+02 
 3.16227766e+08  7.74723270e+00  3.16227766e+08  1.87679287e+02 
 3.41454887e+08  7.38545752e+00  3.41454887e+08  1.86726423e+02 
 3.68694506e+08  7.08116103e+00  3.68694506e+08  1.86370982e+02 
 3.98107171e+08  6.85566423e+00  3.98107171e+08  1.85376159e+02 
 4.29866235e+08  6.71075946e+00  4.29866235e+08  1.84554884e+02 
 4.64158883e+08  8.31601107e+00  4.64158883e+08  1.83749091e+02 
 5.01187234e+08  7.00292726e+00  5.01187234e+08  1.83279675e+02 
 5.41169527e+08  1.01044610e+01  5.41169527e+08  1.82537738e+02 
 5.84341413e+08  8.75624051e+00  5.84341413e+08  1.82479626e+02 
 6.30957344e+08  7.40510538e+00  6.30957344e+08  1.81502365e+02 
 6.81292069e+08  9.57119247e+00  6.81292069e+08  1.81674373e+02 
 7.35642254e+08  8.24191537e+00  7.35642254e+08  1.80687529e+02 
 7.94328235e+08  6.87925871e+00  7.94328235e+08  1.80926169e+02 
 8.57695899e+08  5.54836117e+00  8.57695899e+08  1.81045746e+02 
 9.26118728e+08  4.18333878e+00  9.26118728e+08  1.81158977e+02 
 1.00000000e+09  8.85728144e+00  1.00000000e+09  1.79992921e+02 
