 1.00000000e+00  4.66871229e+01  1.00000000e+00  1.79999998e+02 
 1.07977516e+00  4.66871229e+01  1.07977516e+00  1.79999997e+02 
 1.16591440e+00  4.66871229e+01  1.16591440e+00  1.79999997e+02 
 1.25892541e+00  4.66871229e+01  1.25892541e+00  1.79999997e+02 
 1.35935639e+00  4.66871229e+01  1.35935639e+00  1.79999997e+02 
 1.46779927e+00  4.66871229e+01  1.46779927e+00  1.79999996e+02 
 1.58489319e+00  4.66871229e+01  1.58489319e+00  1.79999996e+02 
 1.71132830e+00  4.66871229e+01  1.71132830e+00  1.79999996e+02 
 1.84784980e+00  4.66871229e+01  1.84784980e+00  1.79999996e+02 
 1.99526231e+00  4.66871229e+01  1.99526231e+00  1.79999995e+02 
 2.15443469e+00  4.66871229e+01  2.15443469e+00  1.79999995e+02 
 2.32630507e+00  4.66871229e+01  2.32630507e+00  1.79999994e+02 
 2.51188643e+00  4.66871229e+01  2.51188643e+00  1.79999994e+02 
 2.71227258e+00  4.66871229e+01  2.71227258e+00  1.79999993e+02 
 2.92864456e+00  4.66871229e+01  2.92864456e+00  1.79999993e+02 
 3.16227766e+00  4.66871229e+01  3.16227766e+00  1.79999992e+02 
 3.41454887e+00  4.66871229e+01  3.41454887e+00  1.79999992e+02 
 3.68694506e+00  4.66871229e+01  3.68694506e+00  1.79999991e+02 
 3.98107171e+00  4.66871229e+01  3.98107171e+00  1.79999990e+02 
 4.29866235e+00  4.66871229e+01  4.29866235e+00  1.79999990e+02 
 4.64158883e+00  4.66871229e+01  4.64158883e+00  1.79999989e+02 
 5.01187234e+00  4.66871229e+01  5.01187234e+00  1.79999988e+02 
 5.41169527e+00  4.66871229e+01  5.41169527e+00  1.79999987e+02 
 5.84341413e+00  4.66871229e+01  5.84341413e+00  1.79999986e+02 
 6.30957344e+00  4.66871229e+01  6.30957344e+00  1.79999985e+02 
 6.81292069e+00  4.66871229e+01  6.81292069e+00  1.79999984e+02 
 7.35642254e+00  4.66871229e+01  7.35642254e+00  1.79999982e+02 
 7.94328235e+00  4.66871229e+01  7.94328235e+00  1.79999981e+02 
 8.57695899e+00  4.66871229e+01  8.57695899e+00  1.79999979e+02 
 9.26118728e+00  4.66871229e+01  9.26118728e+00  1.79999978e+02 
 1.00000000e+01  4.66871229e+01  1.00000000e+01  1.79999976e+02 
 1.07977516e+01  4.66871229e+01  1.07977516e+01  1.79999974e+02 
 1.16591440e+01  4.66871229e+01  1.16591440e+01  1.79999972e+02 
 1.25892541e+01  4.66871229e+01  1.25892541e+01  1.79999970e+02 
 1.35935639e+01  4.66871229e+01  1.35935639e+01  1.79999967e+02 
 1.46779927e+01  4.66871229e+01  1.46779927e+01  1.79999965e+02 
 1.58489319e+01  4.66871229e+01  1.58489319e+01  1.79999962e+02 
 1.71132830e+01  4.66871229e+01  1.71132830e+01  1.79999959e+02 
 1.84784980e+01  4.66871229e+01  1.84784980e+01  1.79999956e+02 
 1.99526231e+01  4.66871229e+01  1.99526231e+01  1.79999952e+02 
 2.15443469e+01  4.66871229e+01  2.15443469e+01  1.79999948e+02 
 2.32630507e+01  4.66871229e+01  2.32630507e+01  1.79999944e+02 
 2.51188643e+01  4.66871229e+01  2.51188643e+01  1.79999940e+02 
 2.71227258e+01  4.66871229e+01  2.71227258e+01  1.79999935e+02 
 2.92864456e+01  4.66871229e+01  2.92864456e+01  1.79999929e+02 
 3.16227766e+01  4.66871229e+01  3.16227766e+01  1.79999924e+02 
 3.41454887e+01  4.66871229e+01  3.41454887e+01  1.79999918e+02 
 3.68694506e+01  4.66871229e+01  3.68694506e+01  1.79999911e+02 
 3.98107171e+01  4.66871229e+01  3.98107171e+01  1.79999904e+02 
 4.29866235e+01  4.66871229e+01  4.29866235e+01  1.79999896e+02 
 4.64158883e+01  4.66871229e+01  4.64158883e+01  1.79999888e+02 
 5.01187234e+01  4.66871229e+01  5.01187234e+01  1.79999879e+02 
 5.41169527e+01  4.66871229e+01  5.41169527e+01  1.79999870e+02 
 5.84341413e+01  4.66871229e+01  5.84341413e+01  1.79999859e+02 
 6.30957344e+01  4.66871229e+01  6.30957344e+01  1.79999848e+02 
 6.81292069e+01  4.66871229e+01  6.81292069e+01  1.79999836e+02 
 7.35642254e+01  4.66871229e+01  7.35642254e+01  1.79999823e+02 
 7.94328235e+01  4.66871229e+01  7.94328235e+01  1.79999809e+02 
 8.57695899e+01  4.66871229e+01  8.57695899e+01  1.79999793e+02 
 9.26118728e+01  4.66871229e+01  9.26118728e+01  1.79999777e+02 
 1.00000000e+02  4.66871229e+01  1.00000000e+02  1.79999759e+02 
 1.07977516e+02  4.66871229e+01  1.07977516e+02  1.79999740e+02 
 1.16591440e+02  4.66871229e+01  1.16591440e+02  1.79999719e+02 
 1.25892541e+02  4.66871229e+01  1.25892541e+02  1.79999697e+02 
 1.35935639e+02  4.66871229e+01  1.35935639e+02  1.79999673e+02 
 1.46779927e+02  4.66871229e+01  1.46779927e+02  1.79999647e+02 
 1.58489319e+02  4.66871229e+01  1.58489319e+02  1.79999618e+02 
 1.71132830e+02  4.66871229e+01  1.71132830e+02  1.79999588e+02 
 1.84784980e+02  4.66871229e+01  1.84784980e+02  1.79999555e+02 
 1.99526231e+02  4.66871229e+01  1.99526231e+02  1.79999520e+02 
 2.15443469e+02  4.66871229e+01  2.15443469e+02  1.79999481e+02 
 2.32630507e+02  4.66871229e+01  2.32630507e+02  1.79999440e+02 
 2.51188643e+02  4.66871229e+01  2.51188643e+02  1.79999395e+02 
 2.71227258e+02  4.66871229e+01  2.71227258e+02  1.79999347e+02 
 2.92864456e+02  4.66871229e+01  2.92864456e+02  1.79999295e+02 
 3.16227766e+02  4.66871229e+01  3.16227766e+02  1.79999238e+02 
 3.41454887e+02  4.66871229e+01  3.41454887e+02  1.79999178e+02 
 3.68694506e+02  4.66871230e+01  3.68694506e+02  1.79999112e+02 
 3.98107171e+02  4.66871230e+01  3.98107171e+02  1.79999041e+02 
 4.29866235e+02  4.66871230e+01  4.29866235e+02  1.79998965e+02 
 4.64158883e+02  4.66871230e+01  4.64158883e+02  1.79998882e+02 
 5.01187234e+02  4.66871230e+01  5.01187234e+02  1.79998793e+02 
 5.41169527e+02  4.66871231e+01  5.41169527e+02  1.79998697e+02 
 5.84341413e+02  4.66871231e+01  5.84341413e+02  1.79998593e+02 
 6.30957344e+02  4.66871231e+01  6.30957344e+02  1.79998481e+02 
 6.81292069e+02  4.66871232e+01  6.81292069e+02  1.79998359e+02 
 7.35642254e+02  4.66871232e+01  7.35642254e+02  1.79998228e+02 
 7.94328235e+02  4.66871233e+01  7.94328235e+02  1.79998087e+02 
 8.57695899e+02  4.66871234e+01  8.57695899e+02  1.79997935e+02 
 9.26118728e+02  4.66871234e+01  9.26118728e+02  1.79997770e+02 
 1.00000000e+03  4.66871235e+01  1.00000000e+03  1.79997592e+02 
 1.07977516e+03  4.66871236e+01  1.07977516e+03  1.79997400e+02 
 1.16591440e+03  4.66871238e+01  1.16591440e+03  1.79997192e+02 
 1.25892541e+03  4.66871239e+01  1.25892541e+03  1.79996968e+02 
 1.35935639e+03  4.66871241e+01  1.35935639e+03  1.79996726e+02 
 1.46779927e+03  4.66871243e+01  1.46779927e+03  1.79996465e+02 
 1.58489319e+03  4.66871245e+01  1.58489319e+03  1.79996183e+02 
 1.71132830e+03  4.66871248e+01  1.71132830e+03  1.79995879e+02 
 1.84784980e+03  4.66871251e+01  1.84784980e+03  1.79995550e+02 
 1.99526231e+03  4.66871255e+01  1.99526231e+03  1.79995195e+02 
 2.15443469e+03  4.66871259e+01  2.15443469e+03  1.79994812e+02 
 2.32630507e+03  4.66871264e+01  2.32630507e+03  1.79994398e+02 
 2.51188643e+03  4.66871270e+01  2.51188643e+03  1.79993951e+02 
 2.71227258e+03  4.66871277e+01  2.71227258e+03  1.79993468e+02 
 2.92864456e+03  4.66871285e+01  2.92864456e+03  1.79992947e+02 
 3.16227766e+03  4.66871294e+01  3.16227766e+03  1.79992385e+02 
 3.41454887e+03  4.66871305e+01  3.41454887e+03  1.79991777e+02 
 3.68694506e+03  4.66871317e+01  3.68694506e+03  1.79991121e+02 
 3.98107171e+03  4.66871332e+01  3.98107171e+03  1.79990413e+02 
 4.29866235e+03  4.66871349e+01  4.29866235e+03  1.79989648e+02 
 4.64158883e+03  4.66871369e+01  4.64158883e+03  1.79988822e+02 
 5.01187234e+03  4.66871392e+01  5.01187234e+03  1.79987931e+02 
 5.41169527e+03  4.66871420e+01  5.41169527e+03  1.79986968e+02 
 5.84341413e+03  4.66871451e+01  5.84341413e+03  1.79985928e+02 
 6.30957344e+03  4.66871488e+01  6.30957344e+03  1.79984806e+02 
 6.81292069e+03  4.66871531e+01  6.81292069e+03  1.79983593e+02 
 7.35642254e+03  4.66871581e+01  7.35642254e+03  1.79982285e+02 
 7.94328235e+03  4.66871640e+01  7.94328235e+03  1.79980871e+02 
 8.57695899e+03  4.66871708e+01  8.57695899e+03  1.79979345e+02 
 9.26118728e+03  4.66871788e+01  9.26118728e+03  1.79977698e+02 
 1.00000000e+04  4.66871880e+01  1.00000000e+04  1.79975918e+02 
 1.07977516e+04  4.66871988e+01  1.07977516e+04  1.79973997e+02 
 1.16591440e+04  4.66872114e+01  1.16591440e+04  1.79971923e+02 
 1.25892541e+04  4.66872261e+01  1.25892541e+04  1.79969683e+02 
 1.35935639e+04  4.66872433e+01  1.35935639e+04  1.79967264e+02 
 1.46779927e+04  4.66872633e+01  1.46779927e+04  1.79964653e+02 
 1.58489319e+04  4.66872865e+01  1.58489319e+04  1.79961833e+02 
 1.71132830e+04  4.66873137e+01  1.71132830e+04  1.79958788e+02 
 1.84784980e+04  4.66873454e+01  1.84784980e+04  1.79955500e+02 
 1.99526231e+04  4.66873823e+01  1.99526231e+04  1.79951949e+02 
 2.15443469e+04  4.66874253e+01  2.15443469e+04  1.79948116e+02 
 2.32630507e+04  4.66874755e+01  2.32630507e+04  1.79943976e+02 
 2.51188643e+04  4.66875340e+01  2.51188643e+04  1.79939506e+02 
 2.71227258e+04  4.66876022e+01  2.71227258e+04  1.79934679e+02 
 2.92864456e+04  4.66876818e+01  2.92864456e+04  1.79929468e+02 
 3.16227766e+04  4.66877745e+01  3.16227766e+04  1.79923840e+02 
 3.41454887e+04  4.66878826e+01  3.41454887e+04  1.79917762e+02 
 3.68694506e+04  4.66880086e+01  3.68694506e+04  1.79911200e+02 
 3.98107171e+04  4.66881556e+01  3.98107171e+04  1.79904113e+02 
 4.29866235e+04  4.66883270e+01  4.29866235e+04  1.79896461e+02 
 4.64158883e+04  4.66885268e+01  4.64158883e+04  1.79888197e+02 
 5.01187234e+04  4.66887597e+01  5.01187234e+04  1.79879274e+02 
 5.41169527e+04  4.66890313e+01  5.41169527e+04  1.79869636e+02 
 5.84341413e+04  4.66893480e+01  5.84341413e+04  1.79859229e+02 
 6.30957344e+04  4.66897172e+01  6.30957344e+04  1.79847989e+02 
 6.81292069e+04  4.66901478e+01  6.81292069e+04  1.79835851e+02 
 7.35642254e+04  4.66906497e+01  7.35642254e+04  1.79822740e+02 
 7.94328235e+04  4.66912350e+01  7.94328235e+04  1.79808580e+02 
 8.57695899e+04  4.66919174e+01  8.57695899e+04  1.79793286e+02 
 9.26118728e+04  4.66927131e+01  9.26118728e+04  1.79776764e+02 
 1.00000000e+05  4.66936409e+01  1.00000000e+05  1.79758918e+02 
 1.07977516e+05  4.66947228e+01  1.07977516e+05  1.79739637e+02 
 1.16591440e+05  4.66959845e+01  1.16591440e+05  1.79718806e+02 
 1.25892541e+05  4.66974554e+01  1.25892541e+05  1.79696297e+02 
 1.35935639e+05  4.66991712e+01  1.35935639e+05  1.79671973e+02 
 1.46779927e+05  4.67011715e+01  1.46779927e+05  1.79645683e+02 
 1.58489319e+05  4.67035044e+01  1.58489319e+05  1.79617264e+02 
 1.71132830e+05  4.67062254e+01  1.71132830e+05  1.79586539e+02 
 1.84784980e+05  4.67093985e+01  1.84784980e+05  1.79553313e+02 
 1.99526231e+05  4.67130993e+01  1.99526231e+05  1.79517373e+02 
 2.15443469e+05  4.67174167e+01  2.15443469e+05  1.79478486e+02 
 2.32630507e+05  4.67224529e+01  2.32630507e+05  1.79436397e+02 
 2.51188643e+05  4.67283276e+01  2.51188643e+05  1.79390824e+02 
 2.71227258e+05  4.67351820e+01  2.71227258e+05  1.79341456e+02 
 2.92864456e+05  4.67431812e+01  2.92864456e+05  1.79287949e+02 
 3.16227766e+05  4.67525160e+01  3.16227766e+05  1.79229918e+02 
 3.41454887e+05  4.67634107e+01  3.41454887e+05  1.79166937e+02 
 3.68694506e+05  4.67761311e+01  3.68694506e+05  1.79098526e+02 
 3.98107171e+05  4.67909809e+01  3.98107171e+05  1.79024144e+02 
 4.29866235e+05  4.68083295e+01  4.29866235e+05  1.78943178e+02 
 4.64158883e+05  4.68285943e+01  4.64158883e+05  1.78854928e+02 
 5.01187234e+05  4.68522803e+01  5.01187234e+05  1.78758593e+02 
 5.41169527e+05  4.68799796e+01  5.41169527e+05  1.78653244e+02 
 5.84341413e+05  4.69123761e+01  5.84341413e+05  1.78537801e+02 
 6.30957344e+05  4.69502928e+01  6.30957344e+05  1.78410994e+02 
 6.81292069e+05  4.69947022e+01  6.81292069e+05  1.78271318e+02 
 7.35642254e+05  4.70467504e+01  7.35642254e+05  1.78116977e+02 
 7.94328235e+05  4.71078157e+01  7.94328235e+05  1.77945797e+02 
 8.57695899e+05  4.71795268e+01  8.57695899e+05  1.77755127e+02 
 9.26118728e+05  4.72638581e+01  9.26118728e+05  1.77541702e+02 
 1.00000000e+06  4.73631666e+01  1.00000000e+06  1.77301439e+02 
 1.07977516e+06  4.74803262e+01  1.07977516e+06  1.77029181e+02 
 1.16591440e+06  4.76188445e+01  1.16591440e+06  1.76718314e+02 
 1.25892541e+06  4.77830046e+01  1.25892541e+06  1.76360244e+02 
 1.35935639e+06  4.79781659e+01  1.35935639e+06  1.75943588e+02 
 1.46779927e+06  4.82110273e+01  1.46779927e+06  1.75453010e+02 
 1.58489319e+06  4.84900312e+01  1.58489319e+06  1.74867390e+02 
 1.71132830e+06  4.88262033e+01  1.71132830e+06  1.74156873e+02 
 1.84784980e+06  4.92338164e+01  1.84784980e+06  1.73278105e+02 
 1.99526231e+06  4.97321382e+01  1.99526231e+06  1.72165749e+02 
 2.15443469e+06  5.03473764e+01  2.15443469e+06  1.70717246e+02 
 2.32630507e+06  5.11163196e+01  2.32630507e+06  1.68762804e+02 
 2.51188643e+06  5.20920895e+01  2.51188643e+06  1.66002551e+02 
 2.71227258e+06  5.33513532e+01  2.71227258e+06  1.61861687e+02 
 2.92864456e+06  5.49992095e+01  2.92864456e+06  1.55122809e+02 
 3.16227766e+06  5.71160790e+01  3.16227766e+06  1.42943183e+02 
 3.41454887e+06  5.92955281e+01  3.41454887e+06  1.19125091e+02 
 3.68694506e+06  5.92922548e+01  3.68694506e+06  8.18462167e+01 
 3.98107171e+06  5.62003738e+01  3.98107171e+06  5.22104536e+01 
 4.29866235e+06  5.26048026e+01  4.29866235e+06  3.67787826e+01 
 4.64158883e+06  4.94425880e+01  4.64158883e+06  2.86607953e+01 
 5.01187234e+06  4.67087445e+01  5.01187234e+06  2.39580554e+01 
 5.41169527e+06  4.42925872e+01  5.41169527e+06  2.10274910e+01 
 5.84341413e+06  4.21067594e+01  5.84341413e+06  1.91237963e+01 
 6.30957344e+06  4.00894043e+01  6.30957344e+06  1.78715216e+01 
 6.81292069e+06  3.81986542e+01  6.81292069e+06  1.70692427e+01 
 7.35642254e+06  3.64047267e+01  7.35642254e+06  1.65962834e+01 
 7.94328235e+06  3.46856698e+01  7.94328235e+06  1.63771056e+01 
 8.57695899e+06  3.30237421e+01  8.57695899e+06  1.63745067e+01 
 9.26118728e+06  3.14070333e+01  9.26118728e+06  1.65529129e+01 
 1.00000000e+07  2.98261048e+01  1.00000000e+07  1.68963141e+01 
 1.07977516e+07  2.82708320e+01  1.07977516e+07  1.73966943e+01 
 1.16591440e+07  2.67357386e+01  1.16591440e+07  1.80567532e+01 
 1.25892541e+07  2.52134475e+01  1.25892541e+07  1.88704720e+01 
 1.35935639e+07  2.37022492e+01  1.35935639e+07  1.98443683e+01 
 1.46779927e+07  2.21949949e+01  1.46779927e+07  2.10025313e+01 
 1.58489319e+07  2.06839913e+01  1.58489319e+07  2.23641384e+01 
 1.71132830e+07  1.91675370e+01  1.71132830e+07  2.39306612e+01 
 1.84784980e+07  1.76428655e+01  1.84784980e+07  2.57538191e+01 
 1.99526231e+07  1.61070274e+01  1.99526231e+07  2.78700498e+01 
 2.15443469e+07  1.45475417e+01  2.15443469e+07  3.03239130e+01 
 2.32630507e+07  1.29756848e+01  2.32630507e+07  3.31910700e+01 
 2.51188643e+07  1.13754030e+01  2.51188643e+07  3.66189360e+01 
 2.71227258e+07  9.74274513e+00  2.71227258e+07  4.06412987e+01 
 2.92864456e+07  8.10423478e+00  2.92864456e+07  4.55660932e+01 
 3.16227766e+07  6.45488104e+00  3.16227766e+07  5.15146499e+01 
 3.41454887e+07  4.83871077e+00  3.41454887e+07  5.87690513e+01 
 3.68694506e+07  3.29351150e+00  3.68694506e+07  6.73976174e+01 
 3.98107171e+07  1.90336315e+00  3.98107171e+07  7.77127648e+01 
 4.29866235e+07  7.48532277e-01  4.29866235e+07  8.93510679e+01 
 4.64158883e+07  3.77101055e-02  4.64158883e+07  1.01536509e+02 
 5.01187234e+07 -3.78168637e-01  5.01187234e+07  1.14190273e+02 
 5.41169527e+07 -2.99029402e-01  5.41169527e+07  1.25066261e+02 
 5.84341413e+07 -1.66337167e-01  5.84341413e+07  1.36190962e+02 
 6.30957344e+07  1.74755276e-01  6.30957344e+07  1.44059593e+02 
 6.81292069e+07  4.42928584e-01  6.81292069e+07  1.50985402e+02 
 7.35642254e+07  9.68767786e-01  7.35642254e+07  1.56817325e+02 
 7.94328235e+07  1.34873925e+00  7.94328235e+07  1.61616533e+02 
 8.57695899e+07  1.61627178e+00  8.57695899e+07  1.66406615e+02 
 9.26118728e+07  2.06501936e+00  9.26118728e+07  1.70233112e+02 
 1.00000000e+08  2.51683879e+00  1.00000000e+08  1.73532438e+02 
 1.07977516e+08  2.75268622e+00  1.07977516e+08  1.76340907e+02 
 1.16591440e+08  3.11512285e+00  1.16591440e+08  1.79578144e+02 
 1.25892541e+08  3.57760831e+00  1.25892541e+08  1.81688476e+02 
 1.35935639e+08  3.90231374e+00  1.35935639e+08  1.83789033e+02 
 1.46779927e+08  4.11517464e+00  1.46779927e+08  1.85474484e+02 
 1.58489319e+08  4.53718199e+00  1.58489319e+08  1.87229441e+02 
 1.71132830e+08  4.56196949e+00  1.71132830e+08  1.88675018e+02 
 1.84784980e+08  5.21049062e+00  1.84784980e+08  1.89344893e+02 
 1.99526231e+08  5.31606467e+00  1.99526231e+08  1.89888121e+02 
 2.15443469e+08  5.57042490e+00  2.15443469e+08  1.90595373e+02 
 2.32630507e+08  6.40687766e+00  2.32630507e+08  1.90107730e+02 
 2.51188643e+08  6.24153595e+00  2.51188643e+08  1.90431716e+02 
 2.71227258e+08  6.66945000e+00  2.71227258e+08  1.89825511e+02 
 2.92864456e+08  6.72302697e+00  2.92864456e+08  1.89255134e+02 
 3.16227766e+08  6.21850633e+00  3.16227766e+08  1.88516721e+02 
 3.41454887e+08  8.22902083e+00  3.41454887e+08  1.87378877e+02 
 3.68694506e+08  8.03165478e+00  3.68694506e+08  1.86637361e+02 
 3.98107171e+08  5.77016748e+00  3.98107171e+08  1.85988550e+02 
 4.29866235e+08  6.67084340e+00  4.29866235e+08  1.84879224e+02 
 4.64158883e+08  8.27829624e+00  4.64158883e+08  1.84227429e+02 
 5.01187234e+08  6.98122058e+00  5.01187234e+08  1.83398853e+02 
 5.41169527e+08  1.00563725e+01  5.41169527e+08  1.82559027e+02 
 5.84341413e+08  8.74092364e+00  5.84341413e+08  1.82349551e+02 
 6.30957344e+08  7.38801849e+00  6.30957344e+08  1.82146450e+02 
 6.81292069e+08  9.53846103e+00  6.81292069e+08  1.81747281e+02 
 7.35642254e+08  4.69561562e+00  7.35642254e+08  1.81243391e+02 
 7.94328235e+08  6.85736306e+00  7.94328235e+08  1.81498315e+02 
 8.57695899e+08  1.15090993e+01  8.57695899e+08  1.80347785e+02 
 9.26118728e+08  4.15614501e+00  9.26118728e+08  1.80598849e+02 
 1.00000000e+09  8.82211603e+00  1.00000000e+09  1.80608862e+02 
