 1.00000000e+00  4.71479664e+01  1.00000000e+00  1.79999997e+02 
 1.07977516e+00  4.71479664e+01  1.07977516e+00  1.79999997e+02 
 1.16591440e+00  4.71479664e+01  1.16591440e+00  1.79999996e+02 
 1.25892541e+00  4.71479664e+01  1.25892541e+00  1.79999996e+02 
 1.35935639e+00  4.71479664e+01  1.35935639e+00  1.79999996e+02 
 1.46779927e+00  4.71479664e+01  1.46779927e+00  1.79999995e+02 
 1.58489319e+00  4.71479664e+01  1.58489319e+00  1.79999995e+02 
 1.71132830e+00  4.71479664e+01  1.71132830e+00  1.79999995e+02 
 1.84784980e+00  4.71479664e+01  1.84784980e+00  1.79999994e+02 
 1.99526231e+00  4.71479664e+01  1.99526231e+00  1.79999994e+02 
 2.15443469e+00  4.71479664e+01  2.15443469e+00  1.79999993e+02 
 2.32630507e+00  4.71479664e+01  2.32630507e+00  1.79999993e+02 
 2.51188643e+00  4.71479664e+01  2.51188643e+00  1.79999992e+02 
 2.71227258e+00  4.71479664e+01  2.71227258e+00  1.79999991e+02 
 2.92864456e+00  4.71479664e+01  2.92864456e+00  1.79999991e+02 
 3.16227766e+00  4.71479664e+01  3.16227766e+00  1.79999990e+02 
 3.41454887e+00  4.71479664e+01  3.41454887e+00  1.79999989e+02 
 3.68694506e+00  4.71479664e+01  3.68694506e+00  1.79999988e+02 
 3.98107171e+00  4.71479664e+01  3.98107171e+00  1.79999987e+02 
 4.29866235e+00  4.71479664e+01  4.29866235e+00  1.79999986e+02 
 4.64158883e+00  4.71479664e+01  4.64158883e+00  1.79999985e+02 
 5.01187234e+00  4.71479664e+01  5.01187234e+00  1.79999984e+02 
 5.41169527e+00  4.71479664e+01  5.41169527e+00  1.79999983e+02 
 5.84341413e+00  4.71479664e+01  5.84341413e+00  1.79999982e+02 
 6.30957344e+00  4.71479664e+01  6.30957344e+00  1.79999980e+02 
 6.81292069e+00  4.71479664e+01  6.81292069e+00  1.79999978e+02 
 7.35642254e+00  4.71479664e+01  7.35642254e+00  1.79999977e+02 
 7.94328235e+00  4.71479664e+01  7.94328235e+00  1.79999975e+02 
 8.57695899e+00  4.71479664e+01  8.57695899e+00  1.79999973e+02 
 9.26118728e+00  4.71479664e+01  9.26118728e+00  1.79999971e+02 
 1.00000000e+01  4.71479664e+01  1.00000000e+01  1.79999968e+02 
 1.07977516e+01  4.71479664e+01  1.07977516e+01  1.79999966e+02 
 1.16591440e+01  4.71479664e+01  1.16591440e+01  1.79999963e+02 
 1.25892541e+01  4.71479664e+01  1.25892541e+01  1.79999960e+02 
 1.35935639e+01  4.71479664e+01  1.35935639e+01  1.79999957e+02 
 1.46779927e+01  4.71479664e+01  1.46779927e+01  1.79999954e+02 
 1.58489319e+01  4.71479664e+01  1.58489319e+01  1.79999950e+02 
 1.71132830e+01  4.71479664e+01  1.71132830e+01  1.79999946e+02 
 1.84784980e+01  4.71479664e+01  1.84784980e+01  1.79999942e+02 
 1.99526231e+01  4.71479664e+01  1.99526231e+01  1.79999937e+02 
 2.15443469e+01  4.71479664e+01  2.15443469e+01  1.79999932e+02 
 2.32630507e+01  4.71479664e+01  2.32630507e+01  1.79999926e+02 
 2.51188643e+01  4.71479664e+01  2.51188643e+01  1.79999921e+02 
 2.71227258e+01  4.71479664e+01  2.71227258e+01  1.79999914e+02 
 2.92864456e+01  4.71479664e+01  2.92864456e+01  1.79999907e+02 
 3.16227766e+01  4.71479664e+01  3.16227766e+01  1.79999900e+02 
 3.41454887e+01  4.71479664e+01  3.41454887e+01  1.79999892e+02 
 3.68694506e+01  4.71479664e+01  3.68694506e+01  1.79999883e+02 
 3.98107171e+01  4.71479664e+01  3.98107171e+01  1.79999874e+02 
 4.29866235e+01  4.71479664e+01  4.29866235e+01  1.79999864e+02 
 4.64158883e+01  4.71479664e+01  4.64158883e+01  1.79999853e+02 
 5.01187234e+01  4.71479664e+01  5.01187234e+01  1.79999841e+02 
 5.41169527e+01  4.71479664e+01  5.41169527e+01  1.79999829e+02 
 5.84341413e+01  4.71479664e+01  5.84341413e+01  1.79999815e+02 
 6.30957344e+01  4.71479664e+01  6.30957344e+01  1.79999800e+02 
 6.81292069e+01  4.71479664e+01  6.81292069e+01  1.79999785e+02 
 7.35642254e+01  4.71479665e+01  7.35642254e+01  1.79999767e+02 
 7.94328235e+01  4.71479665e+01  7.94328235e+01  1.79999749e+02 
 8.57695899e+01  4.71479665e+01  8.57695899e+01  1.79999729e+02 
 9.26118728e+01  4.71479665e+01  9.26118728e+01  1.79999707e+02 
 1.00000000e+02  4.71479665e+01  1.00000000e+02  1.79999684e+02 
 1.07977516e+02  4.71479665e+01  1.07977516e+02  1.79999658e+02 
 1.16591440e+02  4.71479665e+01  1.16591440e+02  1.79999631e+02 
 1.25892541e+02  4.71479665e+01  1.25892541e+02  1.79999602e+02 
 1.35935639e+02  4.71479665e+01  1.35935639e+02  1.79999570e+02 
 1.46779927e+02  4.71479665e+01  1.46779927e+02  1.79999536e+02 
 1.58489319e+02  4.71479665e+01  1.58489319e+02  1.79999499e+02 
 1.71132830e+02  4.71479665e+01  1.71132830e+02  1.79999459e+02 
 1.84784980e+02  4.71479665e+01  1.84784980e+02  1.79999416e+02 
 1.99526231e+02  4.71479665e+01  1.99526231e+02  1.79999369e+02 
 2.15443469e+02  4.71479665e+01  2.15443469e+02  1.79999319e+02 
 2.32630507e+02  4.71479665e+01  2.32630507e+02  1.79999264e+02 
 2.51188643e+02  4.71479665e+01  2.51188643e+02  1.79999206e+02 
 2.71227258e+02  4.71479665e+01  2.71227258e+02  1.79999142e+02 
 2.92864456e+02  4.71479665e+01  2.92864456e+02  1.79999074e+02 
 3.16227766e+02  4.71479665e+01  3.16227766e+02  1.79999000e+02 
 3.41454887e+02  4.71479665e+01  3.41454887e+02  1.79998920e+02 
 3.68694506e+02  4.71479665e+01  3.68694506e+02  1.79998834e+02 
 3.98107171e+02  4.71479665e+01  3.98107171e+02  1.79998741e+02 
 4.29866235e+02  4.71479666e+01  4.29866235e+02  1.79998640e+02 
 4.64158883e+02  4.71479666e+01  4.64158883e+02  1.79998532e+02 
 5.01187234e+02  4.71479666e+01  5.01187234e+02  1.79998415e+02 
 5.41169527e+02  4.71479666e+01  5.41169527e+02  1.79998288e+02 
 5.84341413e+02  4.71479667e+01  5.84341413e+02  1.79998152e+02 
 6.30957344e+02  4.71479667e+01  6.30957344e+02  1.79998004e+02 
 6.81292069e+02  4.71479667e+01  6.81292069e+02  1.79997845e+02 
 7.35642254e+02  4.71479668e+01  7.35642254e+02  1.79997673e+02 
 7.94328235e+02  4.71479668e+01  7.94328235e+02  1.79997488e+02 
 8.57695899e+02  4.71479669e+01  8.57695899e+02  1.79997287e+02 
 9.26118728e+02  4.71479670e+01  9.26118728e+02  1.79997071e+02 
 1.00000000e+03  4.71479671e+01  1.00000000e+03  1.79996837e+02 
 1.07977516e+03  4.71479672e+01  1.07977516e+03  1.79996585e+02 
 1.16591440e+03  4.71479673e+01  1.16591440e+03  1.79996312e+02 
 1.25892541e+03  4.71479674e+01  1.25892541e+03  1.79996018e+02 
 1.35935639e+03  4.71479676e+01  1.35935639e+03  1.79995701e+02 
 1.46779927e+03  4.71479678e+01  1.46779927e+03  1.79995358e+02 
 1.58489319e+03  4.71479680e+01  1.58489319e+03  1.79994987e+02 
 1.71132830e+03  4.71479683e+01  1.71132830e+03  1.79994587e+02 
 1.84784980e+03  4.71479686e+01  1.84784980e+03  1.79994156e+02 
 1.99526231e+03  4.71479689e+01  1.99526231e+03  1.79993689e+02 
 2.15443469e+03  4.71479694e+01  2.15443469e+03  1.79993186e+02 
 2.32630507e+03  4.71479698e+01  2.32630507e+03  1.79992642e+02 
 2.51188643e+03  4.71479704e+01  2.51188643e+03  1.79992055e+02 
 2.71227258e+03  4.71479711e+01  2.71227258e+03  1.79991421e+02 
 2.92864456e+03  4.71479718e+01  2.92864456e+03  1.79990737e+02 
 3.16227766e+03  4.71479727e+01  3.16227766e+03  1.79989998e+02 
 3.41454887e+03  4.71479738e+01  3.41454887e+03  1.79989200e+02 
 3.68694506e+03  4.71479750e+01  3.68694506e+03  1.79988339e+02 
 3.98107171e+03  4.71479764e+01  3.98107171e+03  1.79987408e+02 
 4.29866235e+03  4.71479780e+01  4.29866235e+03  1.79986404e+02 
 4.64158883e+03  4.71479800e+01  4.64158883e+03  1.79985319e+02 
 5.01187234e+03  4.71479822e+01  5.01187234e+03  1.79984148e+02 
 5.41169527e+03  4.71479848e+01  5.41169527e+03  1.79982884e+02 
 5.84341413e+03  4.71479879e+01  5.84341413e+03  1.79981518e+02 
 6.30957344e+03  4.71479914e+01  6.30957344e+03  1.79980044e+02 
 6.81292069e+03  4.71479956e+01  6.81292069e+03  1.79978452e+02 
 7.35642254e+03  4.71480004e+01  7.35642254e+03  1.79976733e+02 
 7.94328235e+03  4.71480060e+01  7.94328235e+03  1.79974876e+02 
 8.57695899e+03  4.71480126e+01  8.57695899e+03  1.79972872e+02 
 9.26118728e+03  4.71480203e+01  9.26118728e+03  1.79970708e+02 
 1.00000000e+04  4.71480292e+01  1.00000000e+04  1.79968371e+02 
 1.07977516e+04  4.71480396e+01  1.07977516e+04  1.79965848e+02 
 1.16591440e+04  4.71480518e+01  1.16591440e+04  1.79963123e+02 
 1.25892541e+04  4.71480659e+01  1.25892541e+04  1.79960181e+02 
 1.35935639e+04  4.71480824e+01  1.35935639e+04  1.79957005e+02 
 1.46779927e+04  4.71481017e+01  1.46779927e+04  1.79953575e+02 
 1.58489319e+04  4.71481241e+01  1.58489319e+04  1.79949871e+02 
 1.71132830e+04  4.71481503e+01  1.71132830e+04  1.79945872e+02 
 1.84784980e+04  4.71481808e+01  1.84784980e+04  1.79941553e+02 
 1.99526231e+04  4.71482163e+01  1.99526231e+04  1.79936890e+02 
 2.15443469e+04  4.71482578e+01  2.15443469e+04  1.79931855e+02 
 2.32630507e+04  4.71483061e+01  2.32630507e+04  1.79926419e+02 
 2.51188643e+04  4.71483625e+01  2.51188643e+04  1.79920548e+02 
 2.71227258e+04  4.71484282e+01  2.71227258e+04  1.79914209e+02 
 2.92864456e+04  4.71485048e+01  2.92864456e+04  1.79907364e+02 
 3.16227766e+04  4.71485941e+01  3.16227766e+04  1.79899972e+02 
 3.41454887e+04  4.71486982e+01  3.41454887e+04  1.79891991e+02 
 3.68694506e+04  4.71488197e+01  3.68694506e+04  1.79883372e+02 
 3.98107171e+04  4.71489612e+01  3.98107171e+04  1.79874065e+02 
 4.29866235e+04  4.71491263e+01  4.29866235e+04  1.79864015e+02 
 4.64158883e+04  4.71493188e+01  4.64158883e+04  1.79853163e+02 
 5.01187234e+04  4.71495431e+01  5.01187234e+04  1.79841443e+02 
 5.41169527e+04  4.71498048e+01  5.41169527e+04  1.79828788e+02 
 5.84341413e+04  4.71501098e+01  5.84341413e+04  1.79815120e+02 
 6.30957344e+04  4.71504654e+01  6.30957344e+04  1.79800361e+02 
 6.81292069e+04  4.71508801e+01  6.81292069e+04  1.79784420e+02 
 7.35642254e+04  4.71513637e+01  7.35642254e+04  1.79767205e+02 
 7.94328235e+04  4.71519274e+01  7.94328235e+04  1.79748612e+02 
 8.57695899e+04  4.71525848e+01  8.57695899e+04  1.79728530e+02 
 9.26118728e+04  4.71533513e+01  9.26118728e+04  1.79706838e+02 
 1.00000000e+05  4.71542450e+01  1.00000000e+05  1.79683408e+02 
 1.07977516e+05  4.71552871e+01  1.07977516e+05  1.79658096e+02 
 1.16591440e+05  4.71565022e+01  1.16591440e+05  1.79630751e+02 
 1.25892541e+05  4.71579193e+01  1.25892541e+05  1.79601207e+02 
 1.35935639e+05  4.71595715e+01  1.35935639e+05  1.79569283e+02 
 1.46779927e+05  4.71614983e+01  1.46779927e+05  1.79534784e+02 
 1.58489319e+05  4.71637457e+01  1.58489319e+05  1.79497497e+02 
 1.71132830e+05  4.71663659e+01  1.71132830e+05  1.79457189e+02 
 1.84784980e+05  4.71694221e+01  1.84784980e+05  1.79413609e+02 
 1.99526231e+05  4.71729872e+01  1.99526231e+05  1.79366480e+02 
 2.15443469e+05  4.71771444e+01  2.15443469e+05  1.79315501e+02 
 2.32630507e+05  4.71819943e+01  2.32630507e+05  1.79260340e+02 
 2.51188643e+05  4.71876521e+01  2.51188643e+05  1.79200635e+02 
 2.71227258e+05  4.71942530e+01  2.71227258e+05  1.79135984e+02 
 2.92864456e+05  4.72019551e+01  2.92864456e+05  1.79065946e+02 
 3.16227766e+05  4.72109433e+01  3.16227766e+05  1.78990030e+02 
 3.41454887e+05  4.72214325e+01  3.41454887e+05  1.78907690e+02 
 3.68694506e+05  4.72336799e+01  3.68694506e+05  1.78818319e+02 
 3.98107171e+05  4.72479757e+01  3.98107171e+05  1.78721231e+02 
 4.29866235e+05  4.72646734e+01  4.29866235e+05  1.78615656e+02 
 4.64158883e+05  4.72841801e+01  4.64158883e+05  1.78500717e+02 
 5.01187234e+05  4.73069698e+01  5.01187234e+05  1.78375416e+02 
 5.41169527e+05  4.73336161e+01  5.41169527e+05  1.78238604e+02 
 5.84341413e+05  4.73647783e+01  5.84341413e+05  1.78088950e+02 
 6.30957344e+05  4.74012410e+01  6.30957344e+05  1.77924904e+02 
 6.81292069e+05  4.74439369e+01  6.81292069e+05  1.77744635e+02 
 7.35642254e+05  4.74939566e+01  7.35642254e+05  1.77545976e+02 
 7.94328235e+05  4.75526233e+01  7.94328235e+05  1.77326320e+02 
 8.57695899e+05  4.76214816e+01  8.57695899e+05  1.77082519e+02 
 9.26118728e+05  4.77024077e+01  9.26118728e+05  1.76810705e+02 
 1.00000000e+06  4.77976515e+01  1.00000000e+06  1.76506091e+02 
 1.07977516e+06  4.79099151e+01  1.07977516e+06  1.76162669e+02 
 1.16591440e+06  4.80425308e+01  1.16591440e+06  1.75772787e+02 
 1.25892541e+06  4.81994783e+01  1.25892541e+06  1.75326588e+02 
 1.35935639e+06  4.83857882e+01  1.35935639e+06  1.74811094e+02 
 1.46779927e+06  4.86077044e+01  1.46779927e+06  1.74208979e+02 
 1.58489319e+06  4.88730151e+01  1.58489319e+06  1.73496593e+02 
 1.71132830e+06  4.91917255e+01  1.71132830e+06  1.72640902e+02 
 1.84784980e+06  4.95767554e+01  1.84784980e+06  1.71594373e+02 
 1.99526231e+06  5.00452009e+01  1.99526231e+06  1.70286478e+02 
 2.15443469e+06  5.06198062e+01  2.15443469e+06  1.68608430e+02 
 2.32630507e+06  5.13315029e+01  2.32630507e+06  1.66384401e+02 
 2.51188643e+06  5.22227004e+01  2.51188643e+06  1.63313591e+02 
 2.71227258e+06  5.33501945e+01  2.71227258e+06  1.58845902e+02 
 2.92864456e+06  5.47792953e+01  2.92864456e+06  1.51898104e+02 
 3.16227766e+06  5.65242257e+01  3.16227766e+06  1.40223833e+02 
 3.41454887e+06  5.82318010e+01  3.41454887e+06  1.19710323e+02 
 3.68694506e+06  5.84709439e+01  3.68694506e+06  8.89677779e+01 
 3.98107171e+06  5.62535830e+01  3.98107171e+06  6.06164692e+01 
 4.29866235e+06  5.31018718e+01  4.29866235e+06  4.32584442e+01 
 4.64158883e+06  5.00954340e+01  4.64158883e+06  3.34289387e+01 
 5.01187234e+06  4.74147418e+01  5.01187234e+06  2.75388281e+01 
 5.41169527e+06  4.50156549e+01  5.41169527e+06  2.37766222e+01 
 5.84341413e+06  4.28332679e+01  5.84341413e+06  2.12619997e+01 
 6.30957344e+06  4.08156811e+01  6.30957344e+06  1.95392408e+01 
 6.81292069e+06  3.89215262e+01  6.81292069e+06  1.83557392e+01 
 7.35642254e+06  3.71237486e+01  7.35642254e+06  1.75637295e+01 
 7.94328235e+06  3.54014442e+01  7.94328235e+06  1.70688999e+01 
 8.57695899e+06  3.37359635e+01  8.57695899e+06  1.68150568e+01 
 9.26118728e+06  3.21163856e+01  9.26118728e+06  1.67657958e+01 
 1.00000000e+07  3.05318618e+01  1.00000000e+07  1.68955269e+01 
 1.07977516e+07  2.89744172e+01  1.07977516e+07  1.71866061e+01 
 1.16591440e+07  2.74389975e+01  1.16591440e+07  1.76390241e+01 
 1.25892541e+07  2.59139954e+01  1.25892541e+07  1.82512537e+01 
 1.35935639e+07  2.43999320e+01  1.35935639e+07  1.90121991e+01 
 1.46779927e+07  2.28860487e+01  1.46779927e+07  1.99548107e+01 
 1.58489319e+07  2.13759691e+01  1.58489319e+07  2.10723521e+01 
 1.71132830e+07  1.98603507e+01  1.71132830e+07  2.23898541e+01 
 1.84784980e+07  1.83268790e+01  1.84784980e+07  2.39501752e+01 
 1.99526231e+07  1.67859278e+01  1.99526231e+07  2.57627633e+01 
 2.15443469e+07  1.52233413e+01  2.15443469e+07  2.79169037e+01 
 2.32630507e+07  1.36287318e+01  2.32630507e+07  3.03968611e+01 
 2.51188643e+07  1.20118086e+01  2.51188643e+07  3.34126696e+01 
 2.71227258e+07  1.03579583e+01  2.71227258e+07  3.69793581e+01 
 2.92864456e+07  8.67367955e+00  2.92864456e+07  4.13523847e+01 
 3.16227766e+07  6.95804126e+00  3.16227766e+07  4.65589822e+01 
 3.41454887e+07  5.24362824e+00  3.41454887e+07  5.32285076e+01 
 3.68694506e+07  3.55374751e+00  3.68694506e+07  6.12766015e+01 
 3.98107171e+07  1.98945293e+00  3.98107171e+07  7.13651609e+01 
 4.29866235e+07  6.54313685e-01  4.29866235e+07  8.33853617e+01 
 4.64158883e+07 -3.61984677e-01  4.64158883e+07  9.60737140e+01 
 5.01187234e+07 -8.79782080e-01  5.01187234e+07  1.10396485e+02 
 5.41169527e+07 -9.23509062e-01  5.41169527e+07  1.22536353e+02 
 5.84341413e+07 -7.30230961e-01  5.84341413e+07  1.33809559e+02 
 6.30957344e+07 -4.33282639e-01  6.30957344e+07  1.43345005e+02 
 6.81292069e+07  8.18961495e-02  6.81292069e+07  1.51272681e+02 
 7.35642254e+07  6.87338324e-01  7.35642254e+07  1.57537006e+02 
 7.94328235e+07  9.88543593e-01  7.94328235e+07  1.62448829e+02 
 8.57695899e+07  1.52963554e+00  8.57695899e+07  1.67128492e+02 
 9.26118728e+07  1.96467615e+00  9.26118728e+07  1.71114835e+02 
 1.00000000e+08  2.37011545e+00  1.00000000e+08  1.74434640e+02 
 1.07977516e+08  2.55600089e+00  1.07977516e+08  1.77579520e+02 
 1.16591440e+08  2.92117113e+00  1.16591440e+08  1.80086916e+02 
 1.25892541e+08  3.50948073e+00  1.25892541e+08  1.82340704e+02 
 1.35935639e+08  3.71998081e+00  1.35935639e+08  1.84645846e+02 
 1.46779927e+08  4.09334065e+00  1.46779927e+08  1.86490827e+02 
 1.58489319e+08  4.52783701e+00  1.58489319e+08  1.87752794e+02 
 1.71132830e+08  4.78276087e+00  1.71132830e+08  1.89145677e+02 
 1.84784980e+08  5.23680963e+00  1.84784980e+08  1.90288252e+02 
 1.99526231e+08  5.35268329e+00  1.99526231e+08  1.90783750e+02 
 2.15443469e+08  5.95709472e+00  2.15443469e+08  1.90976031e+02 
 2.32630507e+08  6.07221394e+00  2.32630507e+08  1.91007748e+02 
 2.51188643e+08  6.77441983e+00  2.51188643e+08  1.90548763e+02 
 2.71227258e+08  6.23450494e+00  2.71227258e+08  1.90421053e+02 
 2.92864456e+08  6.81688611e+00  2.92864456e+08  1.89698853e+02 
 3.16227766e+08  7.01011920e+00  3.16227766e+08  1.88704394e+02 
 3.41454887e+08  7.41046856e+00  3.41454887e+08  1.87752992e+02 
 3.68694506e+08  7.12240104e+00  3.68694506e+08  1.87052532e+02 
 3.98107171e+08  8.04203487e+00  3.98107171e+08  1.86144245e+02 
 4.29866235e+08  8.09369680e+00  4.29866235e+08  1.85164377e+02 
 4.64158883e+08  6.81112216e+00  4.64158883e+08  1.84333209e+02 
 5.01187234e+08  7.07981398e+00  5.01187234e+08  1.83746386e+02 
 5.41169527e+08  1.01717527e+01  5.41169527e+08  1.83073785e+02 
 5.84341413e+08  4.41073447e+00  5.84341413e+08  1.82615035e+02 
 6.30957344e+08  7.48404324e+00  6.30957344e+08  1.81944404e+02 
 6.81292069e+08  9.63944983e+00  6.81292069e+08  1.81836698e+02 
 7.35642254e+08  8.29666524e+00  7.35642254e+08  1.81632682e+02 
 7.94328235e+08  3.42684937e+00  7.94328235e+08  1.81259025e+02 
 8.57695899e+08  1.15977535e+01  8.57695899e+08  1.80069306e+02 
 9.26118728e+08  4.23874821e+00  9.26118728e+08  1.80285567e+02 
 1.00000000e+09  8.90544993e+00  1.00000000e+09  1.80899785e+02 
