 1.00000000e+00  4.69091280e+01  1.00000000e+00  1.79999997e+02 
 1.07977516e+00  4.69091280e+01  1.07977516e+00  1.79999997e+02 
 1.16591440e+00  4.69091280e+01  1.16591440e+00  1.79999997e+02 
 1.25892541e+00  4.69091280e+01  1.25892541e+00  1.79999997e+02 
 1.35935639e+00  4.69091280e+01  1.35935639e+00  1.79999997e+02 
 1.46779927e+00  4.69091280e+01  1.46779927e+00  1.79999996e+02 
 1.58489319e+00  4.69091280e+01  1.58489319e+00  1.79999996e+02 
 1.71132830e+00  4.69091280e+01  1.71132830e+00  1.79999996e+02 
 1.84784980e+00  4.69091280e+01  1.84784980e+00  1.79999995e+02 
 1.99526231e+00  4.69091280e+01  1.99526231e+00  1.79999995e+02 
 2.15443469e+00  4.69091280e+01  2.15443469e+00  1.79999995e+02 
 2.32630507e+00  4.69091280e+01  2.32630507e+00  1.79999994e+02 
 2.51188643e+00  4.69091280e+01  2.51188643e+00  1.79999994e+02 
 2.71227258e+00  4.69091280e+01  2.71227258e+00  1.79999993e+02 
 2.92864456e+00  4.69091280e+01  2.92864456e+00  1.79999993e+02 
 3.16227766e+00  4.69091280e+01  3.16227766e+00  1.79999992e+02 
 3.41454887e+00  4.69091280e+01  3.41454887e+00  1.79999991e+02 
 3.68694506e+00  4.69091280e+01  3.68694506e+00  1.79999991e+02 
 3.98107171e+00  4.69091280e+01  3.98107171e+00  1.79999990e+02 
 4.29866235e+00  4.69091280e+01  4.29866235e+00  1.79999989e+02 
 4.64158883e+00  4.69091280e+01  4.64158883e+00  1.79999988e+02 
 5.01187234e+00  4.69091280e+01  5.01187234e+00  1.79999987e+02 
 5.41169527e+00  4.69091280e+01  5.41169527e+00  1.79999986e+02 
 5.84341413e+00  4.69091280e+01  5.84341413e+00  1.79999985e+02 
 6.30957344e+00  4.69091280e+01  6.30957344e+00  1.79999984e+02 
 6.81292069e+00  4.69091280e+01  6.81292069e+00  1.79999983e+02 
 7.35642254e+00  4.69091280e+01  7.35642254e+00  1.79999981e+02 
 7.94328235e+00  4.69091280e+01  7.94328235e+00  1.79999980e+02 
 8.57695899e+00  4.69091280e+01  8.57695899e+00  1.79999978e+02 
 9.26118728e+00  4.69091280e+01  9.26118728e+00  1.79999976e+02 
 1.00000000e+01  4.69091280e+01  1.00000000e+01  1.79999974e+02 
 1.07977516e+01  4.69091280e+01  1.07977516e+01  1.79999972e+02 
 1.16591440e+01  4.69091280e+01  1.16591440e+01  1.79999970e+02 
 1.25892541e+01  4.69091280e+01  1.25892541e+01  1.79999968e+02 
 1.35935639e+01  4.69091280e+01  1.35935639e+01  1.79999965e+02 
 1.46779927e+01  4.69091280e+01  1.46779927e+01  1.79999963e+02 
 1.58489319e+01  4.69091280e+01  1.58489319e+01  1.79999960e+02 
 1.71132830e+01  4.69091280e+01  1.71132830e+01  1.79999956e+02 
 1.84784980e+01  4.69091280e+01  1.84784980e+01  1.79999953e+02 
 1.99526231e+01  4.69091280e+01  1.99526231e+01  1.79999949e+02 
 2.15443469e+01  4.69091280e+01  2.15443469e+01  1.79999945e+02 
 2.32630507e+01  4.69091280e+01  2.32630507e+01  1.79999941e+02 
 2.51188643e+01  4.69091280e+01  2.51188643e+01  1.79999936e+02 
 2.71227258e+01  4.69091280e+01  2.71227258e+01  1.79999931e+02 
 2.92864456e+01  4.69091280e+01  2.92864456e+01  1.79999925e+02 
 3.16227766e+01  4.69091280e+01  3.16227766e+01  1.79999919e+02 
 3.41454887e+01  4.69091280e+01  3.41454887e+01  1.79999913e+02 
 3.68694506e+01  4.69091280e+01  3.68694506e+01  1.79999906e+02 
 3.98107171e+01  4.69091280e+01  3.98107171e+01  1.79999898e+02 
 4.29866235e+01  4.69091280e+01  4.29866235e+01  1.79999890e+02 
 4.64158883e+01  4.69091280e+01  4.64158883e+01  1.79999882e+02 
 5.01187234e+01  4.69091280e+01  5.01187234e+01  1.79999872e+02 
 5.41169527e+01  4.69091280e+01  5.41169527e+01  1.79999862e+02 
 5.84341413e+01  4.69091280e+01  5.84341413e+01  1.79999851e+02 
 6.30957344e+01  4.69091280e+01  6.30957344e+01  1.79999839e+02 
 6.81292069e+01  4.69091280e+01  6.81292069e+01  1.79999826e+02 
 7.35642254e+01  4.69091280e+01  7.35642254e+01  1.79999812e+02 
 7.94328235e+01  4.69091280e+01  7.94328235e+01  1.79999797e+02 
 8.57695899e+01  4.69091280e+01  8.57695899e+01  1.79999781e+02 
 9.26118728e+01  4.69091280e+01  9.26118728e+01  1.79999764e+02 
 1.00000000e+02  4.69091280e+01  1.00000000e+02  1.79999745e+02 
 1.07977516e+02  4.69091280e+01  1.07977516e+02  1.79999724e+02 
 1.16591440e+02  4.69091280e+01  1.16591440e+02  1.79999702e+02 
 1.25892541e+02  4.69091280e+01  1.25892541e+02  1.79999679e+02 
 1.35935639e+02  4.69091280e+01  1.35935639e+02  1.79999653e+02 
 1.46779927e+02  4.69091280e+01  1.46779927e+02  1.79999625e+02 
 1.58489319e+02  4.69091280e+01  1.58489319e+02  1.79999595e+02 
 1.71132830e+02  4.69091280e+01  1.71132830e+02  1.79999563e+02 
 1.84784980e+02  4.69091280e+01  1.84784980e+02  1.79999528e+02 
 1.99526231e+02  4.69091280e+01  1.99526231e+02  1.79999491e+02 
 2.15443469e+02  4.69091280e+01  2.15443469e+02  1.79999450e+02 
 2.32630507e+02  4.69091280e+01  2.32630507e+02  1.79999406e+02 
 2.51188643e+02  4.69091280e+01  2.51188643e+02  1.79999359e+02 
 2.71227258e+02  4.69091281e+01  2.71227258e+02  1.79999308e+02 
 2.92864456e+02  4.69091281e+01  2.92864456e+02  1.79999252e+02 
 3.16227766e+02  4.69091281e+01  3.16227766e+02  1.79999193e+02 
 3.41454887e+02  4.69091281e+01  3.41454887e+02  1.79999128e+02 
 3.68694506e+02  4.69091281e+01  3.68694506e+02  1.79999059e+02 
 3.98107171e+02  4.69091281e+01  3.98107171e+02  1.79998984e+02 
 4.29866235e+02  4.69091281e+01  4.29866235e+02  1.79998903e+02 
 4.64158883e+02  4.69091282e+01  4.64158883e+02  1.79998815e+02 
 5.01187234e+02  4.69091282e+01  5.01187234e+02  1.79998721e+02 
 5.41169527e+02  4.69091282e+01  5.41169527e+02  1.79998619e+02 
 5.84341413e+02  4.69091283e+01  5.84341413e+02  1.79998509e+02 
 6.30957344e+02  4.69091283e+01  6.30957344e+02  1.79998390e+02 
 6.81292069e+02  4.69091283e+01  6.81292069e+02  1.79998261e+02 
 7.35642254e+02  4.69091284e+01  7.35642254e+02  1.79998122e+02 
 7.94328235e+02  4.69091285e+01  7.94328235e+02  1.79997973e+02 
 8.57695899e+02  4.69091286e+01  8.57695899e+02  1.79997811e+02 
 9.26118728e+02  4.69091286e+01  9.26118728e+02  1.79997636e+02 
 1.00000000e+03  4.69091287e+01  1.00000000e+03  1.79997448e+02 
 1.07977516e+03  4.69091289e+01  1.07977516e+03  1.79997244e+02 
 1.16591440e+03  4.69091290e+01  1.16591440e+03  1.79997024e+02 
 1.25892541e+03  4.69091292e+01  1.25892541e+03  1.79996787e+02 
 1.35935639e+03  4.69091294e+01  1.35935639e+03  1.79996530e+02 
 1.46779927e+03  4.69091296e+01  1.46779927e+03  1.79996254e+02 
 1.58489319e+03  4.69091299e+01  1.58489319e+03  1.79995955e+02 
 1.71132830e+03  4.69091302e+01  1.71132830e+03  1.79995632e+02 
 1.84784980e+03  4.69091306e+01  1.84784980e+03  1.79995284e+02 
 1.99526231e+03  4.69091310e+01  1.99526231e+03  1.79994907e+02 
 2.15443469e+03  4.69091315e+01  2.15443469e+03  1.79994501e+02 
 2.32630507e+03  4.69091321e+01  2.32630507e+03  1.79994062e+02 
 2.51188643e+03  4.69091327e+01  2.51188643e+03  1.79993589e+02 
 2.71227258e+03  4.69091335e+01  2.71227258e+03  1.79993077e+02 
 2.92864456e+03  4.69091344e+01  2.92864456e+03  1.79992525e+02 
 3.16227766e+03  4.69091355e+01  3.16227766e+03  1.79991929e+02 
 3.41454887e+03  4.69091367e+01  3.41454887e+03  1.79991285e+02 
 3.68694506e+03  4.69091382e+01  3.68694506e+03  1.79990589e+02 
 3.98107171e+03  4.69091399e+01  3.98107171e+03  1.79989839e+02 
 4.29866235e+03  4.69091418e+01  4.29866235e+03  1.79989028e+02 
 4.64158883e+03  4.69091441e+01  4.64158883e+03  1.79988153e+02 
 5.01187234e+03  4.69091468e+01  5.01187234e+03  1.79987208e+02 
 5.41169527e+03  4.69091499e+01  5.41169527e+03  1.79986187e+02 
 5.84341413e+03  4.69091536e+01  5.84341413e+03  1.79985085e+02 
 6.30957344e+03  4.69091578e+01  6.30957344e+03  1.79983895e+02 
 6.81292069e+03  4.69091628e+01  6.81292069e+03  1.79982611e+02 
 7.35642254e+03  4.69091685e+01  7.35642254e+03  1.79981223e+02 
 7.94328235e+03  4.69091753e+01  7.94328235e+03  1.79979725e+02 
 8.57695899e+03  4.69091831e+01  8.57695899e+03  1.79978108e+02 
 9.26118728e+03  4.69091922e+01  9.26118728e+03  1.79976361e+02 
 1.00000000e+04  4.69092029e+01  1.00000000e+04  1.79974476e+02 
 1.07977516e+04  4.69092153e+01  1.07977516e+04  1.79972439e+02 
 1.16591440e+04  4.69092298e+01  1.16591440e+04  1.79970241e+02 
 1.25892541e+04  4.69092467e+01  1.25892541e+04  1.79967867e+02 
 1.35935639e+04  4.69092664e+01  1.35935639e+04  1.79965303e+02 
 1.46779927e+04  4.69092894e+01  1.46779927e+04  1.79962535e+02 
 1.58489319e+04  4.69093161e+01  1.58489319e+04  1.79959546e+02 
 1.71132830e+04  4.69093474e+01  1.71132830e+04  1.79956318e+02 
 1.84784980e+04  4.69093838e+01  1.84784980e+04  1.79952833e+02 
 1.99526231e+04  4.69094262e+01  1.99526231e+04  1.79949070e+02 
 2.15443469e+04  4.69094757e+01  2.15443469e+04  1.79945007e+02 
 2.32630507e+04  4.69095334e+01  2.32630507e+04  1.79940619e+02 
 2.51188643e+04  4.69096006e+01  2.51188643e+04  1.79935881e+02 
 2.71227258e+04  4.69096790e+01  2.71227258e+04  1.79930765e+02 
 2.92864456e+04  4.69097704e+01  2.92864456e+04  1.79925241e+02 
 3.16227766e+04  4.69098770e+01  3.16227766e+04  1.79919276e+02 
 3.41454887e+04  4.69100013e+01  3.41454887e+04  1.79912834e+02 
 3.68694506e+04  4.69101462e+01  3.68694506e+04  1.79905878e+02 
 3.98107171e+04  4.69103152e+01  3.98107171e+04  1.79898367e+02 
 4.29866235e+04  4.69105121e+01  4.29866235e+04  1.79890255e+02 
 4.64158883e+04  4.69107418e+01  4.64158883e+04  1.79881496e+02 
 5.01187234e+04  4.69110096e+01  5.01187234e+04  1.79872036e+02 
 5.41169527e+04  4.69113218e+01  5.41169527e+04  1.79861820e+02 
 5.84341413e+04  4.69116859e+01  5.84341413e+04  1.79850788e+02 
 6.30957344e+04  4.69121103e+01  6.30957344e+04  1.79838873e+02 
 6.81292069e+04  4.69126053e+01  6.81292069e+04  1.79826004e+02 
 7.35642254e+04  4.69131823e+01  7.35642254e+04  1.79812105e+02 
 7.94328235e+04  4.69138552e+01  7.94328235e+04  1.79797093e+02 
 8.57695899e+04  4.69146397e+01  8.57695899e+04  1.79780877e+02 
 9.26118728e+04  4.69155544e+01  9.26118728e+04  1.79763360e+02 
 1.00000000e+05  4.69166211e+01  1.00000000e+05  1.79744436e+02 
 1.07977516e+05  4.69178649e+01  1.07977516e+05  1.79723990e+02 
 1.16591440e+05  4.69193153e+01  1.16591440e+05  1.79701898e+02 
 1.25892541e+05  4.69210067e+01  1.25892541e+05  1.79678024e+02 
 1.35935639e+05  4.69229790e+01  1.35935639e+05  1.79652223e+02 
 1.46779927e+05  4.69252794e+01  1.46779927e+05  1.79624332e+02 
 1.58489319e+05  4.69279619e+01  1.58489319e+05  1.79594179e+02 
 1.71132830e+05  4.69310904e+01  1.71132830e+05  1.79561573e+02 
 1.84784980e+05  4.69347394e+01  1.84784980e+05  1.79526304e+02 
 1.99526231e+05  4.69389962e+01  1.99526231e+05  1.79488147e+02 
 2.15443469e+05  4.69439607e+01  2.15443469e+05  1.79446849e+02 
 2.32630507e+05  4.69497530e+01  2.32630507e+05  1.79402136e+02 
 2.51188643e+05  4.69565106e+01  2.51188643e+05  1.79353703e+02 
 2.71227258e+05  4.69643962e+01  2.71227258e+05  1.79301214e+02 
 2.92864456e+05  4.69735990e+01  2.92864456e+05  1.79244295e+02 
 3.16227766e+05  4.69843395e+01  3.16227766e+05  1.79182527e+02 
 3.41454887e+05  4.69968796e+01  3.41454887e+05  1.79115443e+02 
 3.68694506e+05  4.70115195e+01  3.68694506e+05  1.79042516e+02 
 3.98107171e+05  4.70286220e+01  3.98107171e+05  1.78963149e+02 
 4.29866235e+05  4.70486007e+01  4.29866235e+05  1.78876662e+02 
 4.64158883e+05  4.70719522e+01  4.64158883e+05  1.78782274e+02 
 5.01187234e+05  4.70992477e+01  5.01187234e+05  1.78679087e+02 
 5.41169527e+05  4.71311836e+01  5.41169527e+05  1.78566051e+02 
 5.84341413e+05  4.71685535e+01  5.84341413e+05  1.78441938e+02 
 6.30957344e+05  4.72123260e+01  6.30957344e+05  1.78305290e+02 
 6.81292069e+05  4.72636245e+01  6.81292069e+05  1.78154375e+02 
 7.35642254e+05  4.73237981e+01  7.35642254e+05  1.77987094e+02 
 7.94328235e+05  4.73944655e+01  7.94328235e+05  1.77800897e+02 
 8.57695899e+05  4.74775496e+01  8.57695899e+05  1.77592640e+02 
 9.26118728e+05  4.75753791e+01  9.26118728e+05  1.77358404e+02 
 1.00000000e+06  4.76907986e+01  1.00000000e+06  1.77093240e+02 
 1.07977516e+06  4.78271930e+01  1.07977516e+06  1.76790829e+02 
 1.16591440e+06  4.79888530e+01  1.16591440e+06  1.76442940e+02 
 1.25892541e+06  4.81809673e+01  1.25892541e+06  1.76038732e+02 
 1.35935639e+06  4.84101121e+01  1.35935639e+06  1.75563596e+02 
 1.46779927e+06  4.86846365e+01  1.46779927e+06  1.74997465e+02 
 1.58489319e+06  4.90152156e+01  1.58489319e+06  1.74312059e+02 
 1.71132830e+06  4.94159363e+01  1.71132830e+06  1.73466401e+02 
 1.84784980e+06  4.99054773e+01  1.84784980e+06  1.72398975e+02 
 1.99526231e+06  5.05095424e+01  1.99526231e+06  1.71013539e+02 
 2.15443469e+06  5.12640656e+01  2.15443469e+06  1.69151462e+02 
 2.32630507e+06  5.22209928e+01  2.32630507e+06  1.66534096e+02 
 2.51188643e+06  5.34560021e+01  2.51188643e+06  1.62630426e+02 
 2.71227258e+06  5.50759795e+01  2.71227258e+06  1.56320916e+02 
 2.92864456e+06  5.71825749e+01  2.92864456e+06  1.44981262e+02 
 3.16227766e+06  5.94879523e+01  3.16227766e+06  1.22567320e+02 
 3.41454887e+06  5.98681727e+01  3.41454887e+06  8.52380602e+01 
 3.68694506e+06  5.68920264e+01  3.68694506e+06  5.36031447e+01 
 3.98107171e+06  5.32203897e+01  3.98107171e+06  3.71191472e+01 
 4.29866235e+06  4.99867874e+01  4.29866235e+06  2.85945260e+01 
 4.64158883e+06  4.72039650e+01  4.64158883e+06  2.37156100e+01 
 5.01187234e+06  4.47542804e+01  5.01187234e+06  2.06941898e+01 
 5.41169527e+06  4.25449430e+01  5.41169527e+06  1.87345439e+01 
 5.84341413e+06  4.05110247e+01  5.84341413e+06  1.74425239e+01 
 6.30957344e+06  3.86072315e+01  6.30957344e+06  1.66049451e+01 
 6.81292069e+06  3.68043612e+01  6.81292069e+06  1.60976866e+01 
 7.35642254e+06  3.50775329e+01  7.35642254e+06  1.58461664e+01 
 7.94328235e+06  3.34099284e+01  7.94328235e+06  1.58043393e+01 
 8.57695899e+06  3.17890857e+01  8.57695899e+06  1.59435280e+01 
 9.26118728e+06  3.02039784e+01  9.26118728e+06  1.62464255e+01 
 1.00000000e+07  2.86463565e+01  1.00000000e+07  1.66987735e+01 
 1.07977516e+07  2.71099986e+01  1.07977516e+07  1.73013677e+01 
 1.16591440e+07  2.55868346e+01  1.16591440e+07  1.80587753e+01 
 1.25892541e+07  2.40730871e+01  1.25892541e+07  1.89667586e+01 
 1.35935639e+07  2.25625633e+01  1.35935639e+07  2.00517097e+01 
 1.46779927e+07  2.10527020e+01  1.46779927e+07  2.13062250e+01 
 1.58489319e+07  1.95368927e+01  1.58489319e+07  2.27842361e+01 
 1.71132830e+07  1.80116532e+01  1.71132830e+07  2.44976240e+01 
 1.84784980e+07  1.64730593e+01  1.84784980e+07  2.64764547e+01 
 1.99526231e+07  1.49149408e+01  1.99526231e+07  2.87892712e+01 
 2.15443469e+07  1.33317554e+01  2.15443469e+07  3.14954959e+01 
 2.32630507e+07  1.17280347e+01  2.32630507e+07  3.46797181e+01 
 2.51188643e+07  1.00935495e+01  2.51188643e+07  3.85467276e+01 
 2.71227258e+07  8.42922946e+00  2.71227258e+07  4.31030225e+01 
 2.92864456e+07  6.76369746e+00  2.92864456e+07  4.86992807e+01 
 3.16227766e+07  5.10218648e+00  3.16227766e+07  5.54756208e+01 
 3.41454887e+07  3.49287099e+00  3.41454887e+07  6.39316922e+01 
 3.68694506e+07  1.99714637e+00  3.68694506e+07  7.37499059e+01 
 3.98107171e+07  7.83436355e-01  3.98107171e+07  8.52618623e+01 
 4.29866235e+07 -5.01226583e-02  4.29866235e+07  9.88806994e+01 
 4.64158883e+07 -5.36007374e-01  4.64158883e+07  1.11156299e+02 
 5.01187234e+07 -6.39615365e-01  5.01187234e+07  1.23562903e+02 
 5.41169527e+07 -4.77219185e-01  5.41169527e+07  1.33645631e+02 
 5.84341413e+07 -5.89569554e-02  5.84341413e+07  1.42372890e+02 
 6.30957344e+07  2.98408053e-01  6.30957344e+07  1.50119998e+02 
 6.81292069e+07  7.64263375e-01  6.81292069e+07  1.55496549e+02 
 7.35642254e+07  1.12604266e+00  7.35642254e+07  1.61294998e+02 
 7.94328235e+07  1.57246179e+00  7.94328235e+07  1.65486105e+02 
 8.57695899e+07  1.92810262e+00  8.57695899e+07  1.69411536e+02 
 9.26118728e+07  2.39048276e+00  9.26118728e+07  1.72816319e+02 
 1.00000000e+08  2.63704253e+00  1.00000000e+08  1.76122639e+02 
 1.07977516e+08  3.00006200e+00  1.07977516e+08  1.78707283e+02 
 1.16591440e+08  3.40233064e+00  1.16591440e+08  1.81149304e+02 
 1.25892541e+08  3.70245083e+00  1.25892541e+08  1.83101569e+02 
 1.35935639e+08  3.82342137e+00  1.35935639e+08  1.84945593e+02 
 1.46779927e+08  4.42480127e+00  1.46779927e+08  1.86286046e+02 
 1.58489319e+08  4.62764488e+00  1.58489319e+08  1.87739279e+02 
 1.71132830e+08  5.01701066e+00  1.71132830e+08  1.88757137e+02 
 1.84784980e+08  5.40288579e+00  1.84784980e+08  1.89297922e+02 
 1.99526231e+08  5.74833212e+00  1.99526231e+08  1.90029181e+02 
 2.15443469e+08  5.65669378e+00  2.15443469e+08  1.90219606e+02 
 2.32630507e+08  6.39507101e+00  2.32630507e+08  1.89917695e+02 
 2.51188643e+08  6.60619164e+00  2.51188643e+08  1.89649698e+02 
 2.71227258e+08  6.98902511e+00  2.71227258e+08  1.88870982e+02 
 2.92864456e+08  7.65711199e+00  2.92864456e+08  1.88290494e+02 
 3.16227766e+08  6.49245432e+00  3.16227766e+08  1.87696777e+02 
 3.41454887e+08  7.55298803e+00  3.41454887e+08  1.86502054e+02 
 3.68694506e+08  8.25100505e+00  3.68694506e+08  1.85921021e+02 
 3.98107171e+08  8.13335030e+00  3.98107171e+08  1.84927987e+02 
 4.29866235e+08  6.85825057e+00  4.29866235e+08  1.84360289e+02 
 4.64158883e+08  6.87454936e+00  4.64158883e+08  1.83635812e+02 
 5.01187234e+08  7.13336775e+00  5.01187234e+08  1.83071990e+02 
 5.41169527e+08  7.74471094e+00  5.41169527e+08  1.82555130e+02 
 5.84341413e+08  8.88613246e+00  5.84341413e+08  1.81996096e+02 
 6.30957344e+08  7.53879476e+00  6.30957344e+08  1.81509125e+02 
 6.81292069e+08  6.18270167e+00  6.81292069e+08  1.81519521e+02 
 7.35642254e+08  8.36075756e+00  7.35642254e+08  1.81196548e+02 
 7.94328235e+08  1.30221961e+01  7.94328235e+08  1.81073653e+02 
 8.57695899e+08  5.66191785e+00  8.57695899e+08  1.80214023e+02 
 9.26118728e+08  4.30477689e+00  9.26118728e+08  1.80777628e+02 
 1.00000000e+09  8.97644729e+00  1.00000000e+09  1.81195940e+02 
