 1.00000000e+00  4.71431604e+01  1.00000000e+00  1.79999997e+02 
 1.07977516e+00  4.71431604e+01  1.07977516e+00  1.79999997e+02 
 1.16591440e+00  4.71431604e+01  1.16591440e+00  1.79999997e+02 
 1.25892541e+00  4.71431604e+01  1.25892541e+00  1.79999997e+02 
 1.35935639e+00  4.71431604e+01  1.35935639e+00  1.79999996e+02 
 1.46779927e+00  4.71431604e+01  1.46779927e+00  1.79999996e+02 
 1.58489319e+00  4.71431604e+01  1.58489319e+00  1.79999996e+02 
 1.71132830e+00  4.71431604e+01  1.71132830e+00  1.79999996e+02 
 1.84784980e+00  4.71431604e+01  1.84784980e+00  1.79999995e+02 
 1.99526231e+00  4.71431604e+01  1.99526231e+00  1.79999995e+02 
 2.15443469e+00  4.71431604e+01  2.15443469e+00  1.79999994e+02 
 2.32630507e+00  4.71431604e+01  2.32630507e+00  1.79999994e+02 
 2.51188643e+00  4.71431604e+01  2.51188643e+00  1.79999993e+02 
 2.71227258e+00  4.71431604e+01  2.71227258e+00  1.79999993e+02 
 2.92864456e+00  4.71431604e+01  2.92864456e+00  1.79999992e+02 
 3.16227766e+00  4.71431604e+01  3.16227766e+00  1.79999992e+02 
 3.41454887e+00  4.71431604e+01  3.41454887e+00  1.79999991e+02 
 3.68694506e+00  4.71431604e+01  3.68694506e+00  1.79999990e+02 
 3.98107171e+00  4.71431604e+01  3.98107171e+00  1.79999990e+02 
 4.29866235e+00  4.71431604e+01  4.29866235e+00  1.79999989e+02 
 4.64158883e+00  4.71431604e+01  4.64158883e+00  1.79999988e+02 
 5.01187234e+00  4.71431604e+01  5.01187234e+00  1.79999987e+02 
 5.41169527e+00  4.71431604e+01  5.41169527e+00  1.79999986e+02 
 5.84341413e+00  4.71431604e+01  5.84341413e+00  1.79999985e+02 
 6.30957344e+00  4.71431604e+01  6.30957344e+00  1.79999984e+02 
 6.81292069e+00  4.71431604e+01  6.81292069e+00  1.79999982e+02 
 7.35642254e+00  4.71431604e+01  7.35642254e+00  1.79999981e+02 
 7.94328235e+00  4.71431604e+01  7.94328235e+00  1.79999979e+02 
 8.57695899e+00  4.71431604e+01  8.57695899e+00  1.79999978e+02 
 9.26118728e+00  4.71431604e+01  9.26118728e+00  1.79999976e+02 
 1.00000000e+01  4.71431604e+01  1.00000000e+01  1.79999974e+02 
 1.07977516e+01  4.71431604e+01  1.07977516e+01  1.79999972e+02 
 1.16591440e+01  4.71431604e+01  1.16591440e+01  1.79999970e+02 
 1.25892541e+01  4.71431604e+01  1.25892541e+01  1.79999967e+02 
 1.35935639e+01  4.71431604e+01  1.35935639e+01  1.79999965e+02 
 1.46779927e+01  4.71431604e+01  1.46779927e+01  1.79999962e+02 
 1.58489319e+01  4.71431604e+01  1.58489319e+01  1.79999959e+02 
 1.71132830e+01  4.71431604e+01  1.71132830e+01  1.79999956e+02 
 1.84784980e+01  4.71431604e+01  1.84784980e+01  1.79999952e+02 
 1.99526231e+01  4.71431604e+01  1.99526231e+01  1.79999948e+02 
 2.15443469e+01  4.71431604e+01  2.15443469e+01  1.79999944e+02 
 2.32630507e+01  4.71431604e+01  2.32630507e+01  1.79999940e+02 
 2.51188643e+01  4.71431604e+01  2.51188643e+01  1.79999935e+02 
 2.71227258e+01  4.71431604e+01  2.71227258e+01  1.79999930e+02 
 2.92864456e+01  4.71431604e+01  2.92864456e+01  1.79999924e+02 
 3.16227766e+01  4.71431604e+01  3.16227766e+01  1.79999918e+02 
 3.41454887e+01  4.71431604e+01  3.41454887e+01  1.79999911e+02 
 3.68694506e+01  4.71431604e+01  3.68694506e+01  1.79999904e+02 
 3.98107171e+01  4.71431604e+01  3.98107171e+01  1.79999897e+02 
 4.29866235e+01  4.71431604e+01  4.29866235e+01  1.79999888e+02 
 4.64158883e+01  4.71431604e+01  4.64158883e+01  1.79999879e+02 
 5.01187234e+01  4.71431604e+01  5.01187234e+01  1.79999870e+02 
 5.41169527e+01  4.71431604e+01  5.41169527e+01  1.79999859e+02 
 5.84341413e+01  4.71431604e+01  5.84341413e+01  1.79999848e+02 
 6.30957344e+01  4.71431604e+01  6.30957344e+01  1.79999836e+02 
 6.81292069e+01  4.71431604e+01  6.81292069e+01  1.79999823e+02 
 7.35642254e+01  4.71431604e+01  7.35642254e+01  1.79999809e+02 
 7.94328235e+01  4.71431604e+01  7.94328235e+01  1.79999794e+02 
 8.57695899e+01  4.71431604e+01  8.57695899e+01  1.79999777e+02 
 9.26118728e+01  4.71431604e+01  9.26118728e+01  1.79999759e+02 
 1.00000000e+02  4.71431604e+01  1.00000000e+02  1.79999740e+02 
 1.07977516e+02  4.71431604e+01  1.07977516e+02  1.79999720e+02 
 1.16591440e+02  4.71431604e+01  1.16591440e+02  1.79999697e+02 
 1.25892541e+02  4.71431604e+01  1.25892541e+02  1.79999673e+02 
 1.35935639e+02  4.71431604e+01  1.35935639e+02  1.79999647e+02 
 1.46779927e+02  4.71431604e+01  1.46779927e+02  1.79999619e+02 
 1.58489319e+02  4.71431604e+01  1.58489319e+02  1.79999588e+02 
 1.71132830e+02  4.71431604e+01  1.71132830e+02  1.79999556e+02 
 1.84784980e+02  4.71431604e+01  1.84784980e+02  1.79999520e+02 
 1.99526231e+02  4.71431604e+01  1.99526231e+02  1.79999482e+02 
 2.15443469e+02  4.71431604e+01  2.15443469e+02  1.79999440e+02 
 2.32630507e+02  4.71431604e+01  2.32630507e+02  1.79999396e+02 
 2.51188643e+02  4.71431604e+01  2.51188643e+02  1.79999348e+02 
 2.71227258e+02  4.71431604e+01  2.71227258e+02  1.79999296e+02 
 2.92864456e+02  4.71431604e+01  2.92864456e+02  1.79999239e+02 
 3.16227766e+02  4.71431605e+01  3.16227766e+02  1.79999179e+02 
 3.41454887e+02  4.71431605e+01  3.41454887e+02  1.79999113e+02 
 3.68694506e+02  4.71431605e+01  3.68694506e+02  1.79999042e+02 
 3.98107171e+02  4.71431605e+01  3.98107171e+02  1.79998966e+02 
 4.29866235e+02  4.71431605e+01  4.29866235e+02  1.79998884e+02 
 4.64158883e+02  4.71431605e+01  4.64158883e+02  1.79998794e+02 
 5.01187234e+02  4.71431606e+01  5.01187234e+02  1.79998698e+02 
 5.41169527e+02  4.71431606e+01  5.41169527e+02  1.79998594e+02 
 5.84341413e+02  4.71431606e+01  5.84341413e+02  1.79998482e+02 
 6.30957344e+02  4.71431607e+01  6.30957344e+02  1.79998361e+02 
 6.81292069e+02  4.71431607e+01  6.81292069e+02  1.79998231e+02 
 7.35642254e+02  4.71431608e+01  7.35642254e+02  1.79998089e+02 
 7.94328235e+02  4.71431608e+01  7.94328235e+02  1.79997937e+02 
 8.57695899e+02  4.71431609e+01  8.57695899e+02  1.79997772e+02 
 9.26118728e+02  4.71431610e+01  9.26118728e+02  1.79997595e+02 
 1.00000000e+03  4.71431611e+01  1.00000000e+03  1.79997403e+02 
 1.07977516e+03  4.71431612e+01  1.07977516e+03  1.79997196e+02 
 1.16591440e+03  4.71431614e+01  1.16591440e+03  1.79996972e+02 
 1.25892541e+03  4.71431615e+01  1.25892541e+03  1.79996730e+02 
 1.35935639e+03  4.71431617e+01  1.35935639e+03  1.79996470e+02 
 1.46779927e+03  4.71431620e+01  1.46779927e+03  1.79996188e+02 
 1.58489319e+03  4.71431622e+01  1.58489319e+03  1.79995884e+02 
 1.71132830e+03  4.71431625e+01  1.71132830e+03  1.79995555e+02 
 1.84784980e+03  4.71431629e+01  1.84784980e+03  1.79995201e+02 
 1.99526231e+03  4.71431633e+01  1.99526231e+03  1.79994818e+02 
 2.15443469e+03  4.71431638e+01  2.15443469e+03  1.79994405e+02 
 2.32630507e+03  4.71431644e+01  2.32630507e+03  1.79993958e+02 
 2.51188643e+03  4.71431650e+01  2.51188643e+03  1.79993476e+02 
 2.71227258e+03  4.71431658e+01  2.71227258e+03  1.79992956e+02 
 2.92864456e+03  4.71431667e+01  2.92864456e+03  1.79992394e+02 
 3.16227766e+03  4.71431677e+01  3.16227766e+03  1.79991787e+02 
 3.41454887e+03  4.71431689e+01  3.41454887e+03  1.79991132e+02 
 3.68694506e+03  4.71431704e+01  3.68694506e+03  1.79990424e+02 
 3.98107171e+03  4.71431720e+01  3.98107171e+03  1.79989660e+02 
 4.29866235e+03  4.71431739e+01  4.29866235e+03  1.79988836e+02 
 4.64158883e+03  4.71431762e+01  4.64158883e+03  1.79987945e+02 
 5.01187234e+03  4.71431788e+01  5.01187234e+03  1.79986983e+02 
 5.41169527e+03  4.71431819e+01  5.41169527e+03  1.79985945e+02 
 5.84341413e+03  4.71431854e+01  5.84341413e+03  1.79984824e+02 
 6.30957344e+03  4.71431896e+01  6.30957344e+03  1.79983613e+02 
 6.81292069e+03  4.71431945e+01  6.81292069e+03  1.79982305e+02 
 7.35642254e+03  4.71432001e+01  7.35642254e+03  1.79980894e+02 
 7.94328235e+03  4.71432067e+01  7.94328235e+03  1.79979370e+02 
 8.57695899e+03  4.71432144e+01  8.57695899e+03  1.79977724e+02 
 9.26118728e+03  4.71432233e+01  9.26118728e+03  1.79975947e+02 
 1.00000000e+04  4.71432338e+01  1.00000000e+04  1.79974028e+02 
 1.07977516e+04  4.71432460e+01  1.07977516e+04  1.79971956e+02 
 1.16591440e+04  4.71432602e+01  1.16591440e+04  1.79969719e+02 
 1.25892541e+04  4.71432767e+01  1.25892541e+04  1.79967303e+02 
 1.35935639e+04  4.71432960e+01  1.35935639e+04  1.79964694e+02 
 1.46779927e+04  4.71433185e+01  1.46779927e+04  1.79961878e+02 
 1.58489319e+04  4.71433448e+01  1.58489319e+04  1.79958836e+02 
 1.71132830e+04  4.71433754e+01  1.71132830e+04  1.79955552e+02 
 1.84784980e+04  4.71434110e+01  1.84784980e+04  1.79952006e+02 
 1.99526231e+04  4.71434526e+01  1.99526231e+04  1.79948177e+02 
 2.15443469e+04  4.71435011e+01  2.15443469e+04  1.79944042e+02 
 2.32630507e+04  4.71435577e+01  2.32630507e+04  1.79939578e+02 
 2.51188643e+04  4.71436236e+01  2.51188643e+04  1.79934757e+02 
 2.71227258e+04  4.71437004e+01  2.71227258e+04  1.79929551e+02 
 2.92864456e+04  4.71437901e+01  2.92864456e+04  1.79923930e+02 
 3.16227766e+04  4.71438945e+01  3.16227766e+04  1.79917860e+02 
 3.41454887e+04  4.71440163e+01  3.41454887e+04  1.79911305e+02 
 3.68694506e+04  4.71441583e+01  3.68694506e+04  1.79904227e+02 
 3.98107171e+04  4.71443239e+01  3.98107171e+04  1.79896584e+02 
 4.29866235e+04  4.71445170e+01  4.29866235e+04  1.79888331e+02 
 4.64158883e+04  4.71447421e+01  4.64158883e+04  1.79879418e+02 
 5.01187234e+04  4.71450045e+01  5.01187234e+04  1.79869793e+02 
 5.41169527e+04  4.71453106e+01  5.41169527e+04  1.79859398e+02 
 5.84341413e+04  4.71456674e+01  5.84341413e+04  1.79848173e+02 
 6.30957344e+04  4.71460834e+01  6.30957344e+04  1.79836049e+02 
 6.81292069e+04  4.71465684e+01  6.81292069e+04  1.79822956e+02 
 7.35642254e+04  4.71471340e+01  7.35642254e+04  1.79808814e+02 
 7.94328235e+04  4.71477934e+01  7.94328235e+04  1.79793539e+02 
 8.57695899e+04  4.71485624e+01  8.57695899e+04  1.79777041e+02 
 9.26118728e+04  4.71494589e+01  9.26118728e+04  1.79759218e+02 
 1.00000000e+05  4.71505044e+01  1.00000000e+05  1.79739964e+02 
 1.07977516e+05  4.71517235e+01  1.07977516e+05  1.79719163e+02 
 1.16591440e+05  4.71531450e+01  1.16591440e+05  1.79696688e+02 
 1.25892541e+05  4.71548026e+01  1.25892541e+05  1.79672401e+02 
 1.35935639e+05  4.71567358e+01  1.35935639e+05  1.79646153e+02 
 1.46779927e+05  4.71589901e+01  1.46779927e+05  1.79617782e+02 
 1.58489319e+05  4.71616191e+01  1.58489319e+05  1.79587110e+02 
 1.71132830e+05  4.71646852e+01  1.71132830e+05  1.79553944e+02 
 1.84784980e+05  4.71682616e+01  1.84784980e+05  1.79518074e+02 
 1.99526231e+05  4.71724332e+01  1.99526231e+05  1.79479268e+02 
 2.15443469e+05  4.71772989e+01  2.15443469e+05  1.79437272e+02 
 2.32630507e+05  4.71829751e+01  2.32630507e+05  1.79391808e+02 
 2.51188643e+05  4.71895984e+01  2.51188643e+05  1.79342568e+02 
 2.71227258e+05  4.71973257e+01  2.71227258e+05  1.79289211e+02 
 2.92864456e+05  4.72063436e+01  2.92864456e+05  1.79231359e+02 
 3.16227766e+05  4.72168703e+01  3.16227766e+05  1.79168592e+02 
 3.41454887e+05  4.72291579e+01  3.41454887e+05  1.79100438e+02 
 3.68694506e+05  4.72435056e+01  3.68694506e+05  1.79026366e+02 
 3.98107171e+05  4.72602611e+01  3.98107171e+05  1.78945777e+02 
 4.29866235e+05  4.72798381e+01  4.29866235e+05  1.78857988e+02 
 4.64158883e+05  4.73027134e+01  4.64158883e+05  1.78762219e+02 
 5.01187234e+05  4.73294615e+01  5.01187234e+05  1.78657568e+02 
 5.41169527e+05  4.73607419e+01  5.41169527e+05  1.78542989e+02 
 5.84341413e+05  4.73973523e+01  5.84341413e+05  1.78417258e+02 
 6.30957344e+05  4.74402185e+01  6.30957344e+05  1.78278927e+02 
 6.81292069e+05  4.74904560e+01  6.81292069e+05  1.78126274e+02 
 7.35642254e+05  4.75493880e+01  7.35642254e+05  1.77957223e+02 
 7.94328235e+05  4.76185710e+01  7.94328235e+05  1.77769254e+02 
 8.57695899e+05  4.76999064e+01  8.57695899e+05  1.77559265e+02 
 9.26118728e+05  4.77956478e+01  9.26118728e+05  1.77323407e+02 
 1.00000000e+06  4.79085661e+01  1.00000000e+06  1.77056821e+02 
 1.07977516e+06  4.80420052e+01  1.07977516e+06  1.76753319e+02 
 1.16591440e+06  4.82000502e+01  1.16591440e+06  1.76404879e+02 
 1.25892541e+06  4.83878298e+01  1.25892541e+06  1.76000928e+02 
 1.35935639e+06  4.86116632e+01  1.35935639e+06  1.75527312e+02 
 1.46779927e+06  4.88796300e+01  1.46779927e+06  1.74964604e+02 
 1.58489319e+06  4.92020788e+01  1.58489319e+06  1.74285588e+02 
 1.71132830e+06  4.95925483e+01  1.71132830e+06  1.73450936e+02 
 1.84784980e+06  5.00689807e+01  1.84784980e+06  1.72401993e+02 
 1.99526231e+06  5.06559565e+01  1.99526231e+06  1.71047464e+02 
 2.15443469e+06  5.13877052e+01  2.15443469e+06  1.69238247e+02 
 2.32630507e+06  5.23134770e+01  2.32630507e+06  1.66714727e+02 
 2.51188643e+06  5.35047334e+01  2.51188643e+06  1.62988669e+02 
 2.71227258e+06  5.50632732e+01  2.71227258e+06  1.57046765e+02 
 2.92864456e+06  5.70956207e+01  2.92864456e+06  1.46550823e+02 
 3.16227766e+06  5.94140359e+01  3.16227766e+06  1.26030290e+02 
 3.41454887e+06  6.02056094e+01  3.41454887e+06  9.02076102e+01 
 3.68694506e+06  5.75561742e+01  3.68694506e+06  5.67516160e+01 
 3.98107171e+06  5.38851339e+01  3.98107171e+06  3.86941970e+01 
 4.29866235e+06  5.05966375e+01  4.29866235e+06  2.94171539e+01 
 4.64158883e+06  4.77671592e+01  4.64158883e+06  2.41562869e+01 
 5.01187234e+06  4.52831214e+01  5.01187234e+06  2.09145184e+01 
 5.41169527e+06  4.30481714e+01  5.41169527e+06  1.88114141e+01 
 5.84341413e+06  4.09951458e+01  5.84341413e+06  1.74162404e+01 
 6.30957344e+06  3.90775878e+01  6.30957344e+06  1.64977213e+01 
 6.81292069e+06  3.72629115e+01  6.81292069e+06  1.59226845e+01 
 7.35642254e+06  3.55276284e+01  7.35642254e+06  1.56118880e+01 
 7.94328235e+06  3.38531622e+01  7.94328235e+06  1.55128978e+01 
 8.57695899e+06  3.22281434e+01  8.57695899e+06  1.55947377e+01 
 9.26118728e+06  3.06388070e+01  9.26118728e+06  1.58395529e+01 
 1.00000000e+07  2.90770575e+01  1.00000000e+07  1.62370742e+01 
 1.07977516e+07  2.75384667e+01  1.07977516e+07  1.67788954e+01 
 1.16591440e+07  2.60138601e+01  1.16591440e+07  1.74690817e+01 
 1.25892541e+07  2.44979581e+01  1.25892541e+07  1.83102404e+01 
 1.35935639e+07  2.29877023e+01  1.35935639e+07  1.93096851e+01 
 1.46779927e+07  2.14746701e+01  1.46779927e+07  2.04980398e+01 
 1.58489319e+07  1.99587572e+01  1.58489319e+07  2.18661045e+01 
 1.71132830e+07  1.84328609e+01  1.71132830e+07  2.34637516e+01 
 1.84784980e+07  1.68941117e+01  1.84784980e+07  2.53348740e+01 
 1.99526231e+07  1.53368026e+01  1.99526231e+07  2.74915403e+01 
 2.15443469e+07  1.37495973e+01  2.15443469e+07  3.00494117e+01 
 2.32630507e+07  1.21388582e+01  2.32630507e+07  3.30605597e+01 
 2.51188643e+07  1.05016050e+01  2.51188643e+07  3.66356044e+01 
 2.71227258e+07  8.83616737e+00  2.71227258e+07  4.09890004e+01 
 2.92864456e+07  7.14149367e+00  2.92864456e+07  4.62152894e+01 
 3.16227766e+07  5.43905926e+00  3.16227766e+07  5.26468854e+01 
 3.41454887e+07  3.76569576e+00  3.41454887e+07  6.06305717e+01 
 3.68694506e+07  2.20454004e+00  3.68694506e+07  7.03287442e+01 
 3.98107171e+07  8.65944094e-01  3.98107171e+07  8.16789213e+01 
 4.29866235e+07 -1.16751278e-01  4.29866235e+07  9.44217795e+01 
 4.64158883e+07 -6.64289048e-01  4.64158883e+07  1.08065183e+02 
 5.01187234e+07 -8.23813227e-01  5.01187234e+07  1.20706286e+02 
 5.41169527e+07 -7.23952671e-01  5.41169527e+07  1.31992433e+02 
 5.84341413e+07 -2.87903965e-01  5.84341413e+07  1.40795088e+02 
 6.30957344e+07  8.78767413e-02  6.30957344e+07  1.49197186e+02 
 6.81292069e+07  5.49982014e-01  6.81292069e+07  1.55314483e+02 
 7.35642254e+07  9.93327166e-01  7.35642254e+07  1.60625274e+02 
 7.94328235e+07  1.41455413e+00  7.94328235e+07  1.65317805e+02 
 8.57695899e+07  1.84774505e+00  8.57695899e+07  1.69176200e+02 
 9.26118728e+07  2.17277916e+00  9.26118728e+07  1.72756197e+02 
 1.00000000e+08  2.57615452e+00  1.00000000e+08  1.75620996e+02 
 1.07977516e+08  2.76310126e+00  1.07977516e+08  1.78693084e+02 
 1.16591440e+08  3.35345025e+00  1.16591440e+08  1.80715347e+02 
 1.25892541e+08  3.77912365e+00  1.25892541e+08  1.82743117e+02 
 1.35935639e+08  3.92464831e+00  1.35935639e+08  1.85026950e+02 
 1.46779927e+08  4.40042160e+00  1.46779927e+08  1.86412344e+02 
 1.58489319e+08  4.78796082e+00  1.58489319e+08  1.87862042e+02 
 1.71132830e+08  5.21342868e+00  1.71132830e+08  1.88991619e+02 
 1.84784980e+08  5.14731061e+00  1.84784980e+08  1.89733109e+02 
 1.99526231e+08  5.18567093e+00  1.99526231e+08  1.90375388e+02 
 2.15443469e+08  5.97533765e+00  2.15443469e+08  1.90288827e+02 
 2.32630507e+08  5.64414222e+00  2.32630507e+08  1.90419394e+02 
 2.51188643e+08  6.16155130e+00  2.51188643e+08  1.89893158e+02 
 2.71227258e+08  7.00369769e+00  2.71227258e+08  1.89086680e+02 
 2.92864456e+08  7.03661357e+00  2.92864456e+08  1.88456508e+02 
 3.16227766e+08  7.20066874e+00  3.16227766e+08  1.87644780e+02 
 3.41454887e+08  7.59176903e+00  3.41454887e+08  1.86898709e+02 
 3.68694506e+08  7.25765386e+00  3.68694506e+08  1.86222401e+02 
 3.98107171e+08  7.02933788e+00  3.98107171e+08  1.85213916e+02 
 4.29866235e+08  5.73541825e+00  4.29866235e+08  1.84473544e+02 
 4.64158883e+08  6.92747123e+00  4.64158883e+08  1.84042953e+02 
 5.01187234e+08  7.15837175e+00  5.01187234e+08  1.83203438e+02 
 5.41169527e+08  7.78009699e+00  5.41169527e+08  1.82610033e+02 
 5.84341413e+08  4.51432299e+00  5.84341413e+08  1.82221675e+02 
 6.30957344e+08  1.10910002e+01  6.30957344e+08  1.82116384e+02 
 6.81292069e+08  6.22780490e+00  6.81292069e+08  1.81676103e+02 
 7.35642254e+08  4.88368117e+00  7.35642254e+08  1.81245514e+02 
 7.94328235e+08  7.03964603e+00  7.94328235e+08  1.81258025e+02 
 8.57695899e+08  5.70249555e+00  8.57695899e+08  1.80600392e+02 
 9.26118728e+08  4.34968236e+00  9.26118728e+08  1.81065983e+02 
 1.00000000e+09  9.01607768e+00  1.00000000e+09  1.81186461e+02 
