 1.00000000e+00  4.56697834e+01  1.00000000e+00  1.79999998e+02 
 1.07977516e+00  4.56697834e+01  1.07977516e+00  1.79999998e+02 
 1.16591440e+00  4.56697834e+01  1.16591440e+00  1.79999998e+02 
 1.25892541e+00  4.56697834e+01  1.25892541e+00  1.79999998e+02 
 1.35935639e+00  4.56697834e+01  1.35935639e+00  1.79999997e+02 
 1.46779927e+00  4.56697834e+01  1.46779927e+00  1.79999997e+02 
 1.58489319e+00  4.56697834e+01  1.58489319e+00  1.79999997e+02 
 1.71132830e+00  4.56697834e+01  1.71132830e+00  1.79999997e+02 
 1.84784980e+00  4.56697834e+01  1.84784980e+00  1.79999996e+02 
 1.99526231e+00  4.56697834e+01  1.99526231e+00  1.79999996e+02 
 2.15443469e+00  4.56697834e+01  2.15443469e+00  1.79999996e+02 
 2.32630507e+00  4.56697834e+01  2.32630507e+00  1.79999996e+02 
 2.51188643e+00  4.56697834e+01  2.51188643e+00  1.79999995e+02 
 2.71227258e+00  4.56697834e+01  2.71227258e+00  1.79999995e+02 
 2.92864456e+00  4.56697834e+01  2.92864456e+00  1.79999994e+02 
 3.16227766e+00  4.56697834e+01  3.16227766e+00  1.79999994e+02 
 3.41454887e+00  4.56697834e+01  3.41454887e+00  1.79999993e+02 
 3.68694506e+00  4.56697834e+01  3.68694506e+00  1.79999993e+02 
 3.98107171e+00  4.56697834e+01  3.98107171e+00  1.79999992e+02 
 4.29866235e+00  4.56697834e+01  4.29866235e+00  1.79999992e+02 
 4.64158883e+00  4.56697834e+01  4.64158883e+00  1.79999991e+02 
 5.01187234e+00  4.56697834e+01  5.01187234e+00  1.79999990e+02 
 5.41169527e+00  4.56697834e+01  5.41169527e+00  1.79999990e+02 
 5.84341413e+00  4.56697834e+01  5.84341413e+00  1.79999989e+02 
 6.30957344e+00  4.56697834e+01  6.30957344e+00  1.79999988e+02 
 6.81292069e+00  4.56697834e+01  6.81292069e+00  1.79999987e+02 
 7.35642254e+00  4.56697834e+01  7.35642254e+00  1.79999986e+02 
 7.94328235e+00  4.56697834e+01  7.94328235e+00  1.79999985e+02 
 8.57695899e+00  4.56697834e+01  8.57695899e+00  1.79999984e+02 
 9.26118728e+00  4.56697834e+01  9.26118728e+00  1.79999982e+02 
 1.00000000e+01  4.56697834e+01  1.00000000e+01  1.79999981e+02 
 1.07977516e+01  4.56697834e+01  1.07977516e+01  1.79999979e+02 
 1.16591440e+01  4.56697834e+01  1.16591440e+01  1.79999978e+02 
 1.25892541e+01  4.56697834e+01  1.25892541e+01  1.79999976e+02 
 1.35935639e+01  4.56697834e+01  1.35935639e+01  1.79999974e+02 
 1.46779927e+01  4.56697834e+01  1.46779927e+01  1.79999972e+02 
 1.58489319e+01  4.56697834e+01  1.58489319e+01  1.79999970e+02 
 1.71132830e+01  4.56697834e+01  1.71132830e+01  1.79999967e+02 
 1.84784980e+01  4.56697834e+01  1.84784980e+01  1.79999965e+02 
 1.99526231e+01  4.56697834e+01  1.99526231e+01  1.79999962e+02 
 2.15443469e+01  4.56697834e+01  2.15443469e+01  1.79999959e+02 
 2.32630507e+01  4.56697834e+01  2.32630507e+01  1.79999956e+02 
 2.51188643e+01  4.56697834e+01  2.51188643e+01  1.79999952e+02 
 2.71227258e+01  4.56697834e+01  2.71227258e+01  1.79999948e+02 
 2.92864456e+01  4.56697834e+01  2.92864456e+01  1.79999944e+02 
 3.16227766e+01  4.56697834e+01  3.16227766e+01  1.79999940e+02 
 3.41454887e+01  4.56697834e+01  3.41454887e+01  1.79999935e+02 
 3.68694506e+01  4.56697834e+01  3.68694506e+01  1.79999930e+02 
 3.98107171e+01  4.56697834e+01  3.98107171e+01  1.79999924e+02 
 4.29866235e+01  4.56697834e+01  4.29866235e+01  1.79999918e+02 
 4.64158883e+01  4.56697834e+01  4.64158883e+01  1.79999911e+02 
 5.01187234e+01  4.56697834e+01  5.01187234e+01  1.79999904e+02 
 5.41169527e+01  4.56697834e+01  5.41169527e+01  1.79999897e+02 
 5.84341413e+01  4.56697834e+01  5.84341413e+01  1.79999889e+02 
 6.30957344e+01  4.56697834e+01  6.30957344e+01  1.79999880e+02 
 6.81292069e+01  4.56697834e+01  6.81292069e+01  1.79999870e+02 
 7.35642254e+01  4.56697834e+01  7.35642254e+01  1.79999860e+02 
 7.94328235e+01  4.56697834e+01  7.94328235e+01  1.79999849e+02 
 8.57695899e+01  4.56697834e+01  8.57695899e+01  1.79999836e+02 
 9.26118728e+01  4.56697835e+01  9.26118728e+01  1.79999823e+02 
 1.00000000e+02  4.56697835e+01  1.00000000e+02  1.79999809e+02 
 1.07977516e+02  4.56697835e+01  1.07977516e+02  1.79999794e+02 
 1.16591440e+02  4.56697835e+01  1.16591440e+02  1.79999778e+02 
 1.25892541e+02  4.56697835e+01  1.25892541e+02  1.79999760e+02 
 1.35935639e+02  4.56697835e+01  1.35935639e+02  1.79999741e+02 
 1.46779927e+02  4.56697835e+01  1.46779927e+02  1.79999720e+02 
 1.58489319e+02  4.56697835e+01  1.58489319e+02  1.79999698e+02 
 1.71132830e+02  4.56697835e+01  1.71132830e+02  1.79999674e+02 
 1.84784980e+02  4.56697835e+01  1.84784980e+02  1.79999648e+02 
 1.99526231e+02  4.56697835e+01  1.99526231e+02  1.79999620e+02 
 2.15443469e+02  4.56697835e+01  2.15443469e+02  1.79999589e+02 
 2.32630507e+02  4.56697835e+01  2.32630507e+02  1.79999556e+02 
 2.51188643e+02  4.56697835e+01  2.51188643e+02  1.79999521e+02 
 2.71227258e+02  4.56697835e+01  2.71227258e+02  1.79999483e+02 
 2.92864456e+02  4.56697835e+01  2.92864456e+02  1.79999442e+02 
 3.16227766e+02  4.56697835e+01  3.16227766e+02  1.79999397e+02 
 3.41454887e+02  4.56697835e+01  3.41454887e+02  1.79999349e+02 
 3.68694506e+02  4.56697835e+01  3.68694506e+02  1.79999297e+02 
 3.98107171e+02  4.56697835e+01  3.98107171e+02  1.79999241e+02 
 4.29866235e+02  4.56697835e+01  4.29866235e+02  1.79999180e+02 
 4.64158883e+02  4.56697836e+01  4.64158883e+02  1.79999115e+02 
 5.01187234e+02  4.56697836e+01  5.01187234e+02  1.79999044e+02 
 5.41169527e+02  4.56697836e+01  5.41169527e+02  1.79998968e+02 
 5.84341413e+02  4.56697836e+01  5.84341413e+02  1.79998886e+02 
 6.30957344e+02  4.56697837e+01  6.30957344e+02  1.79998797e+02 
 6.81292069e+02  4.56697837e+01  6.81292069e+02  1.79998701e+02 
 7.35642254e+02  4.56697837e+01  7.35642254e+02  1.79998597e+02 
 7.94328235e+02  4.56697838e+01  7.94328235e+02  1.79998485e+02 
 8.57695899e+02  4.56697838e+01  8.57695899e+02  1.79998365e+02 
 9.26118728e+02  4.56697839e+01  9.26118728e+02  1.79998234e+02 
 1.00000000e+03  4.56697840e+01  1.00000000e+03  1.79998093e+02 
 1.07977516e+03  4.56697841e+01  1.07977516e+03  1.79997941e+02 
 1.16591440e+03  4.56697842e+01  1.16591440e+03  1.79997777e+02 
 1.25892541e+03  4.56697843e+01  1.25892541e+03  1.79997600e+02 
 1.35935639e+03  4.56697844e+01  1.35935639e+03  1.79997408e+02 
 1.46779927e+03  4.56697846e+01  1.46779927e+03  1.79997201e+02 
 1.58489319e+03  4.56697848e+01  1.58489319e+03  1.79996978e+02 
 1.71132830e+03  4.56697850e+01  1.71132830e+03  1.79996737e+02 
 1.84784980e+03  4.56697853e+01  1.84784980e+03  1.79996477e+02 
 1.99526231e+03  4.56697856e+01  1.99526231e+03  1.79996195e+02 
 2.15443469e+03  4.56697860e+01  2.15443469e+03  1.79995892e+02 
 2.32630507e+03  4.56697864e+01  2.32630507e+03  1.79995564e+02 
 2.51188643e+03  4.56697869e+01  2.51188643e+03  1.79995210e+02 
 2.71227258e+03  4.56697874e+01  2.71227258e+03  1.79994828e+02 
 2.92864456e+03  4.56697881e+01  2.92864456e+03  1.79994416e+02 
 3.16227766e+03  4.56697888e+01  3.16227766e+03  1.79993970e+02 
 3.41454887e+03  4.56697897e+01  3.41454887e+03  1.79993489e+02 
 3.68694506e+03  4.56697908e+01  3.68694506e+03  1.79992970e+02 
 3.98107171e+03  4.56697920e+01  3.98107171e+03  1.79992409e+02 
 4.29866235e+03  4.56697934e+01  4.29866235e+03  1.79991803e+02 
 4.64158883e+03  4.56697951e+01  4.64158883e+03  1.79991150e+02 
 5.01187234e+03  4.56697970e+01  5.01187234e+03  1.79990444e+02 
 5.41169527e+03  4.56697993e+01  5.41169527e+03  1.79989681e+02 
 5.84341413e+03  4.56698019e+01  5.84341413e+03  1.79988858e+02 
 6.30957344e+03  4.56698049e+01  6.30957344e+03  1.79987969e+02 
 6.81292069e+03  4.56698085e+01  6.81292069e+03  1.79987009e+02 
 7.35642254e+03  4.56698127e+01  7.35642254e+03  1.79985973e+02 
 7.94328235e+03  4.56698175e+01  7.94328235e+03  1.79984854e+02 
 8.57695899e+03  4.56698232e+01  8.57695899e+03  1.79983646e+02 
 9.26118728e+03  4.56698297e+01  9.26118728e+03  1.79982341e+02 
 1.00000000e+04  4.56698374e+01  1.00000000e+04  1.79980932e+02 
 1.07977516e+04  4.56698464e+01  1.07977516e+04  1.79979411e+02 
 1.16591440e+04  4.56698568e+01  1.16591440e+04  1.79977768e+02 
 1.25892541e+04  4.56698690e+01  1.25892541e+04  1.79975995e+02 
 1.35935639e+04  4.56698832e+01  1.35935639e+04  1.79974080e+02 
 1.46779927e+04  4.56698997e+01  1.46779927e+04  1.79972012e+02 
 1.58489319e+04  4.56699190e+01  1.58489319e+04  1.79969779e+02 
 1.71132830e+04  4.56699415e+01  1.71132830e+04  1.79967368e+02 
 1.84784980e+04  4.56699678e+01  1.84784980e+04  1.79964765e+02 
 1.99526231e+04  4.56699983e+01  1.99526231e+04  1.79961953e+02 
 2.15443469e+04  4.56700340e+01  2.15443469e+04  1.79958918e+02 
 2.32630507e+04  4.56700756e+01  2.32630507e+04  1.79955640e+02 
 2.51188643e+04  4.56701240e+01  2.51188643e+04  1.79952101e+02 
 2.71227258e+04  4.56701805e+01  2.71227258e+04  1.79948279e+02 
 2.92864456e+04  4.56702464e+01  2.92864456e+04  1.79944153e+02 
 3.16227766e+04  4.56703232e+01  3.16227766e+04  1.79939697e+02 
 3.41454887e+04  4.56704128e+01  3.41454887e+04  1.79934885e+02 
 3.68694506e+04  4.56705172e+01  3.68694506e+04  1.79929689e+02 
 3.98107171e+04  4.56706390e+01  3.98107171e+04  1.79924078e+02 
 4.29866235e+04  4.56707809e+01  4.29866235e+04  1.79918019e+02 
 4.64158883e+04  4.56709464e+01  4.64158883e+04  1.79911476e+02 
 5.01187234e+04  4.56711393e+01  5.01187234e+04  1.79904411e+02 
 5.41169527e+04  4.56713643e+01  5.41169527e+04  1.79896781e+02 
 5.84341413e+04  4.56716267e+01  5.84341413e+04  1.79888541e+02 
 6.30957344e+04  4.56719325e+01  6.30957344e+04  1.79879643e+02 
 6.81292069e+04  4.56722891e+01  6.81292069e+04  1.79870032e+02 
 7.35642254e+04  4.56727049e+01  7.35642254e+04  1.79859653e+02 
 7.94328235e+04  4.56731897e+01  7.94328235e+04  1.79848443e+02 
 8.57695899e+04  4.56737550e+01  8.57695899e+04  1.79836336e+02 
 9.26118728e+04  4.56744140e+01  9.26118728e+04  1.79823257e+02 
 1.00000000e+05  4.56751826e+01  1.00000000e+05  1.79809130e+02 
 1.07977516e+05  4.56760787e+01  1.07977516e+05  1.79793869e+02 
 1.16591440e+05  4.56771235e+01  1.16591440e+05  1.79777381e+02 
 1.25892541e+05  4.56783420e+01  1.25892541e+05  1.79759567e+02 
 1.35935639e+05  4.56797627e+01  1.35935639e+05  1.79740317e+02 
 1.46779927e+05  4.56814198e+01  1.46779927e+05  1.79719514e+02 
 1.58489319e+05  4.56833514e+01  1.58489319e+05  1.79697028e+02 
 1.71132830e+05  4.56856052e+01  1.71132830e+05  1.79672721e+02 
 1.84784980e+05  4.56882324e+01  1.84784980e+05  1.79646438e+02 
 1.99526231e+05  4.56912971e+01  1.99526231e+05  1.79618013e+02 
 2.15443469e+05  4.56948714e+01  2.15443469e+05  1.79587264e+02 
 2.32630507e+05  4.56990409e+01  2.32630507e+05  1.79553990e+02 
 2.51188643e+05  4.57039044e+01  2.51188643e+05  1.79517972e+02 
 2.71227258e+05  4.57095773e+01  2.71227258e+05  1.79478965e+02 
 2.92864456e+05  4.57161967e+01  2.92864456e+05  1.79436703e+02 
 3.16227766e+05  4.57239204e+01  3.16227766e+05  1.79390887e+02 
 3.41454887e+05  4.57329342e+01  3.41454887e+05  1.79341187e+02 
 3.68694506e+05  4.57434544e+01  3.68694506e+05  1.79287232e+02 
 3.98107171e+05  4.57557352e+01  3.98107171e+05  1.79228606e+02 
 4.29866235e+05  4.57700739e+01  4.29866235e+05  1.79164840e+02 
 4.64158883e+05  4.57868259e+01  4.64158883e+05  1.79095399e+02 
 5.01187234e+05  4.58063889e+01  5.01187234e+05  1.79019676e+02 
 5.41169527e+05  4.58292525e+01  5.41169527e+05  1.78936968e+02 
 5.84341413e+05  4.58559881e+01  5.84341413e+05  1.78846464e+02 
 6.30957344e+05  4.58872587e+01  6.30957344e+05  1.78747215e+02 
 6.81292069e+05  4.59238434e+01  6.81292069e+05  1.78638109e+02 
 7.35642254e+05  4.59666916e+01  7.35642254e+05  1.78517818e+02 
 7.94328235e+05  4.60169187e+01  7.94328235e+05  1.78384759e+02 
 8.57695899e+05  4.60758126e+01  8.57695899e+05  1.78237015e+02 
 9.26118728e+05  4.61449693e+01  9.26118728e+05  1.78072241e+02 
 1.00000000e+06  4.62262643e+01  1.00000000e+06  1.77887545e+02 
 1.07977516e+06  4.63219788e+01  1.07977516e+06  1.77679314e+02 
 1.16591440e+06  4.64348533e+01  1.16591440e+06  1.77442982e+02 
 1.25892541e+06  4.65682529e+01  1.25892541e+06  1.77172693e+02 
 1.35935639e+06  4.67262591e+01  1.35935639e+06  1.76860846e+02 
 1.46779927e+06  4.69139732e+01  1.46779927e+06  1.76497399e+02 
 1.58489319e+06  4.71378101e+01  1.58489319e+06  1.76068797e+02 
 1.71132830e+06  4.74057416e+01  1.71132830e+06  1.75556539e+02 
 1.84784980e+06  4.77282352e+01  1.84784980e+06  1.74934491e+02 
 1.99526231e+06  4.81188436e+01  1.99526231e+06  1.74164911e+02 
 2.15443469e+06  4.85956135e+01  2.15443469e+06  1.73191383e+02 
 2.32630507e+06  4.91832522e+01  2.32630507e+06  1.71925995e+02 
 2.51188643e+06  4.99163333e+01  2.51188643e+06  1.70224843e+02 
 2.71227258e+06  5.08447532e+01  2.71227258e+06  1.67836982e+02 
 2.92864456e+06  5.20420239e+01  2.92864456e+06  1.64288631e+02 
 3.16227766e+06  5.36148986e+01  3.16227766e+06  1.58590540e+02 
 3.41454887e+06  5.56852734e+01  3.41454887e+06  1.48427443e+02 
 3.68694506e+06  5.81081576e+01  3.68694506e+06  1.28178737e+02 
 3.98107171e+06  5.90411177e+01  3.98107171e+06  9.16494462e+01 
 4.29866235e+06  5.63327402e+01  4.29866235e+06  5.71910949e+01 
 4.64158883e+06  5.25695744e+01  4.64158883e+06  3.90192827e+01 
 5.01187234e+06  4.92321499e+01  5.01187234e+06  2.98851327e+01 
 5.41169527e+06  4.63770845e+01  5.41169527e+06  2.47944554e+01 
 5.84341413e+06  4.38794803e+01  5.84341413e+06  2.17160724e+01 
 6.30957344e+06  4.16356752e+01  6.30957344e+06  1.97672161e+01 
 6.81292069e+06  3.95771679e+01  6.81292069e+06  1.85224067e+01 
 7.35642254e+06  3.76571179e+01  7.35642254e+06  1.77512285e+01 
 7.94328235e+06  3.58406422e+01  7.94328235e+06  1.73257284e+01 
 8.57695899e+06  3.41043820e+01  8.57695899e+06  1.71687663e+01 
 9.26118728e+06  3.24292627e+01  9.26118728e+06  1.72284379e+01 
 1.00000000e+07  3.08049934e+01  1.00000000e+07  1.74756434e+01 
 1.07977516e+07  2.92163790e+01  1.07977516e+07  1.78993086e+01 
 1.16591440e+07  2.76565908e+01  1.16591440e+07  1.84815629e+01 
 1.25892541e+07  2.61171830e+01  1.25892541e+07  1.92219955e+01 
 1.35935639e+07  2.45918194e+01  1.35935639e+07  2.01341494e+01 
 1.46779927e+07  2.30786004e+01  1.46779927e+07  2.12044071e+01 
 1.58489319e+07  2.15646964e+01  1.58489319e+07  2.24697706e+01 
 1.71132830e+07  2.00534302e+01  1.71132830e+07  2.39283921e+01 
 1.84784980e+07  1.85411334e+01  1.84784980e+07  2.56285238e+01 
 1.99526231e+07  1.70149516e+01  1.99526231e+07  2.75893510e+01 
 2.15443469e+07  1.54693561e+01  2.15443469e+07  2.98953298e+01 
 2.32630507e+07  1.39096341e+01  2.32630507e+07  3.25637114e+01 
 2.51188643e+07  1.23335315e+01  2.51188643e+07  3.56984365e+01 
 2.71227258e+07  1.07276940e+01  2.71227258e+07  3.94264874e+01 
 2.92864456e+07  9.11633590e+00  2.92864456e+07  4.38061009e+01 
 3.16227766e+07  7.48471255e+00  3.16227766e+07  4.91704903e+01 
 3.41454887e+07  5.85483379e+00  3.41454887e+07  5.53968292e+01 
 3.68694506e+07  4.28629248e+00  3.68694506e+07  6.32831368e+01 
 3.98107171e+07  2.83393109e+00  3.98107171e+07  7.27276547e+01 
 4.29866235e+07  1.57913147e+00  4.29866235e+07  8.36331223e+01 
 4.64158883e+07  6.05445542e-01  4.64158883e+07  9.58231162e+01 
 5.01187234e+07  1.08403531e-03  5.01187234e+07  1.07153114e+02 
 5.41169527e+07 -2.09150098e-01  5.41169527e+07  1.19453935e+02 
 5.84341413e+07 -9.32452551e-02  5.84341413e+07  1.30450604e+02 
 6.30957344e+07  2.52074653e-01  6.30957344e+07  1.39052283e+02 
 6.81292069e+07  5.58275296e-01  6.81292069e+07  1.47186815e+02 
 7.35642254e+07  7.23938956e-01  7.35642254e+07  1.54333969e+02 
 7.94328235e+07  1.36032755e+00  7.94328235e+07  1.59711587e+02 
 8.57695899e+07  1.48771376e+00  8.57695899e+07  1.64542202e+02 
 9.26118728e+07  1.97668633e+00  9.26118728e+07  1.68307601e+02 
 1.00000000e+08  2.29962879e+00  1.00000000e+08  1.71968151e+02 
 1.07977516e+08  2.75130242e+00  1.07977516e+08  1.74932188e+02 
 1.16591440e+08  3.15342536e+00  1.16591440e+08  1.77752545e+02 
 1.25892541e+08  3.42023842e+00  1.25892541e+08  1.80506874e+02 
 1.35935639e+08  3.77147952e+00  1.35935639e+08  1.83079206e+02 
 1.46779927e+08  4.20018860e+00  1.46779927e+08  1.84785589e+02 
 1.58489319e+08  4.33874285e+00  1.58489319e+08  1.87092123e+02 
 1.71132830e+08  4.82706282e+00  1.71132830e+08  1.88320538e+02 
 1.84784980e+08  5.08309361e+00  1.84784980e+08  1.89568052e+02 
 1.99526231e+08  5.21790226e+00  1.99526231e+08  1.90134770e+02 
 2.15443469e+08  5.52440674e+00  2.15443469e+08  1.90892982e+02 
 2.32630507e+08  6.03400082e+00  2.32630507e+08  1.90200277e+02 
 2.51188643e+08  6.37029618e+00  2.51188643e+08  1.90519760e+02 
 2.71227258e+08  6.33175161e+00  2.71227258e+08  1.89760186e+02 
 2.92864456e+08  6.40689753e+00  2.92864456e+08  1.90095736e+02 
 3.16227766e+08  8.18284394e+00  3.16227766e+08  1.88678599e+02 
 3.41454887e+08  7.04412298e+00  3.41454887e+08  1.88084168e+02 
 3.68694506e+08  6.75737133e+00  3.68694506e+08  1.87095067e+02 
 3.98107171e+08  6.57901026e+00  3.98107171e+08  1.86096997e+02 
 4.29866235e+08  9.36094555e+00  4.29866235e+08  1.85313962e+02 
 4.64158883e+08  8.09327151e+00  4.64158883e+08  1.84809475e+02 
 5.01187234e+08  8.70207577e+00  5.01187234e+08  1.83996918e+02 
 5.41169527e+08  7.40394432e+00  5.41169527e+08  1.83550681e+02 
 5.84341413e+08  6.06827066e+00  5.84341413e+08  1.82576336e+02 
 6.30957344e+08  1.67169726e+01  6.30957344e+08  1.83459027e+02 
 6.81292069e+08  5.84558546e+00  6.81292069e+08  1.81896640e+02 
 7.35642254e+08  8.03178274e+00  7.35642254e+08  1.81445804e+02 
 7.94328235e+08  1.26659634e+01  7.94328235e+08  1.80727630e+02 
 8.57695899e+08  1.13015118e+01  8.57695899e+08  1.81434436e+02 
 9.26118728e+08  5.22014519e+01  9.26118728e+08  9.15674038e+01 
 1.00000000e+09  4.87393482e+01  1.00000000e+09  9.18262033e+01 
