 1.00000000e+00  4.58322258e+01  1.00000000e+00  1.79999999e+02 
 1.07977516e+00  4.58322258e+01  1.07977516e+00  1.79999998e+02 
 1.16591440e+00  4.58322258e+01  1.16591440e+00  1.79999998e+02 
 1.25892541e+00  4.58322258e+01  1.25892541e+00  1.79999998e+02 
 1.35935639e+00  4.58322258e+01  1.35935639e+00  1.79999998e+02 
 1.46779927e+00  4.58322258e+01  1.46779927e+00  1.79999998e+02 
 1.58489319e+00  4.58322258e+01  1.58489319e+00  1.79999998e+02 
 1.71132830e+00  4.58322258e+01  1.71132830e+00  1.79999997e+02 
 1.84784980e+00  4.58322258e+01  1.84784980e+00  1.79999997e+02 
 1.99526231e+00  4.58322258e+01  1.99526231e+00  1.79999997e+02 
 2.15443469e+00  4.58322258e+01  2.15443469e+00  1.79999997e+02 
 2.32630507e+00  4.58322258e+01  2.32630507e+00  1.79999997e+02 
 2.51188643e+00  4.58322258e+01  2.51188643e+00  1.79999996e+02 
 2.71227258e+00  4.58322258e+01  2.71227258e+00  1.79999996e+02 
 2.92864456e+00  4.58322258e+01  2.92864456e+00  1.79999996e+02 
 3.16227766e+00  4.58322258e+01  3.16227766e+00  1.79999995e+02 
 3.41454887e+00  4.58322258e+01  3.41454887e+00  1.79999995e+02 
 3.68694506e+00  4.58322258e+01  3.68694506e+00  1.79999995e+02 
 3.98107171e+00  4.58322258e+01  3.98107171e+00  1.79999994e+02 
 4.29866235e+00  4.58322258e+01  4.29866235e+00  1.79999994e+02 
 4.64158883e+00  4.58322258e+01  4.64158883e+00  1.79999993e+02 
 5.01187234e+00  4.58322258e+01  5.01187234e+00  1.79999993e+02 
 5.41169527e+00  4.58322258e+01  5.41169527e+00  1.79999992e+02 
 5.84341413e+00  4.58322258e+01  5.84341413e+00  1.79999991e+02 
 6.30957344e+00  4.58322258e+01  6.30957344e+00  1.79999991e+02 
 6.81292069e+00  4.58322258e+01  6.81292069e+00  1.79999990e+02 
 7.35642254e+00  4.58322258e+01  7.35642254e+00  1.79999989e+02 
 7.94328235e+00  4.58322258e+01  7.94328235e+00  1.79999988e+02 
 8.57695899e+00  4.58322258e+01  8.57695899e+00  1.79999987e+02 
 9.26118728e+00  4.58322258e+01  9.26118728e+00  1.79999986e+02 
 1.00000000e+01  4.58322258e+01  1.00000000e+01  1.79999985e+02 
 1.07977516e+01  4.58322258e+01  1.07977516e+01  1.79999984e+02 
 1.16591440e+01  4.58322258e+01  1.16591440e+01  1.79999983e+02 
 1.25892541e+01  4.58322258e+01  1.25892541e+01  1.79999982e+02 
 1.35935639e+01  4.58322258e+01  1.35935639e+01  1.79999980e+02 
 1.46779927e+01  4.58322258e+01  1.46779927e+01  1.79999979e+02 
 1.58489319e+01  4.58322258e+01  1.58489319e+01  1.79999977e+02 
 1.71132830e+01  4.58322258e+01  1.71132830e+01  1.79999975e+02 
 1.84784980e+01  4.58322258e+01  1.84784980e+01  1.79999973e+02 
 1.99526231e+01  4.58322258e+01  1.99526231e+01  1.79999971e+02 
 2.15443469e+01  4.58322258e+01  2.15443469e+01  1.79999968e+02 
 2.32630507e+01  4.58322258e+01  2.32630507e+01  1.79999966e+02 
 2.51188643e+01  4.58322258e+01  2.51188643e+01  1.79999963e+02 
 2.71227258e+01  4.58322258e+01  2.71227258e+01  1.79999960e+02 
 2.92864456e+01  4.58322258e+01  2.92864456e+01  1.79999957e+02 
 3.16227766e+01  4.58322258e+01  3.16227766e+01  1.79999954e+02 
 3.41454887e+01  4.58322258e+01  3.41454887e+01  1.79999950e+02 
 3.68694506e+01  4.58322258e+01  3.68694506e+01  1.79999946e+02 
 3.98107171e+01  4.58322258e+01  3.98107171e+01  1.79999942e+02 
 4.29866235e+01  4.58322258e+01  4.29866235e+01  1.79999937e+02 
 4.64158883e+01  4.58322258e+01  4.64158883e+01  1.79999932e+02 
 5.01187234e+01  4.58322258e+01  5.01187234e+01  1.79999927e+02 
 5.41169527e+01  4.58322258e+01  5.41169527e+01  1.79999921e+02 
 5.84341413e+01  4.58322258e+01  5.84341413e+01  1.79999915e+02 
 6.30957344e+01  4.58322258e+01  6.30957344e+01  1.79999908e+02 
 6.81292069e+01  4.58322258e+01  6.81292069e+01  1.79999900e+02 
 7.35642254e+01  4.58322258e+01  7.35642254e+01  1.79999892e+02 
 7.94328235e+01  4.58322258e+01  7.94328235e+01  1.79999884e+02 
 8.57695899e+01  4.58322258e+01  8.57695899e+01  1.79999875e+02 
 9.26118728e+01  4.58322258e+01  9.26118728e+01  1.79999865e+02 
 1.00000000e+02  4.58322258e+01  1.00000000e+02  1.79999854e+02 
 1.07977516e+02  4.58322258e+01  1.07977516e+02  1.79999842e+02 
 1.16591440e+02  4.58322258e+01  1.16591440e+02  1.79999829e+02 
 1.25892541e+02  4.58322258e+01  1.25892541e+02  1.79999816e+02 
 1.35935639e+02  4.58322258e+01  1.35935639e+02  1.79999801e+02 
 1.46779927e+02  4.58322258e+01  1.46779927e+02  1.79999785e+02 
 1.58489319e+02  4.58322259e+01  1.58489319e+02  1.79999768e+02 
 1.71132830e+02  4.58322259e+01  1.71132830e+02  1.79999750e+02 
 1.84784980e+02  4.58322259e+01  1.84784980e+02  1.79999730e+02 
 1.99526231e+02  4.58322259e+01  1.99526231e+02  1.79999708e+02 
 2.15443469e+02  4.58322259e+01  2.15443469e+02  1.79999685e+02 
 2.32630507e+02  4.58322259e+01  2.32630507e+02  1.79999660e+02 
 2.51188643e+02  4.58322259e+01  2.51188643e+02  1.79999633e+02 
 2.71227258e+02  4.58322259e+01  2.71227258e+02  1.79999603e+02 
 2.92864456e+02  4.58322259e+01  2.92864456e+02  1.79999572e+02 
 3.16227766e+02  4.58322259e+01  3.16227766e+02  1.79999537e+02 
 3.41454887e+02  4.58322259e+01  3.41454887e+02  1.79999501e+02 
 3.68694506e+02  4.58322259e+01  3.68694506e+02  1.79999461e+02 
 3.98107171e+02  4.58322259e+01  3.98107171e+02  1.79999418e+02 
 4.29866235e+02  4.58322260e+01  4.29866235e+02  1.79999371e+02 
 4.64158883e+02  4.58322260e+01  4.64158883e+02  1.79999321e+02 
 5.01187234e+02  4.58322260e+01  5.01187234e+02  1.79999267e+02 
 5.41169527e+02  4.58322260e+01  5.41169527e+02  1.79999208e+02 
 5.84341413e+02  4.58322261e+01  5.84341413e+02  1.79999145e+02 
 6.30957344e+02  4.58322261e+01  6.30957344e+02  1.79999077e+02 
 6.81292069e+02  4.58322261e+01  6.81292069e+02  1.79999003e+02 
 7.35642254e+02  4.58322262e+01  7.35642254e+02  1.79998924e+02 
 7.94328235e+02  4.58322262e+01  7.94328235e+02  1.79998838e+02 
 8.57695899e+02  4.58322263e+01  8.57695899e+02  1.79998745e+02 
 9.26118728e+02  4.58322264e+01  9.26118728e+02  1.79998645e+02 
 1.00000000e+03  4.58322265e+01  1.00000000e+03  1.79998537e+02 
 1.07977516e+03  4.58322266e+01  1.07977516e+03  1.79998421e+02 
 1.16591440e+03  4.58322267e+01  1.16591440e+03  1.79998295e+02 
 1.25892541e+03  4.58322269e+01  1.25892541e+03  1.79998158e+02 
 1.35935639e+03  4.58322270e+01  1.35935639e+03  1.79998012e+02 
 1.46779927e+03  4.58322272e+01  1.46779927e+03  1.79997853e+02 
 1.58489319e+03  4.58322275e+01  1.58489319e+03  1.79997682e+02 
 1.71132830e+03  4.58322277e+01  1.71132830e+03  1.79997497e+02 
 1.84784980e+03  4.58322281e+01  1.84784980e+03  1.79997297e+02 
 1.99526231e+03  4.58322284e+01  1.99526231e+03  1.79997081e+02 
 2.15443469e+03  4.58322289e+01  2.15443469e+03  1.79996848e+02 
 2.32630507e+03  4.58322294e+01  2.32630507e+03  1.79996597e+02 
 2.51188643e+03  4.58322299e+01  2.51188643e+03  1.79996326e+02 
 2.71227258e+03  4.58322306e+01  2.71227258e+03  1.79996032e+02 
 2.92864456e+03  4.58322314e+01  2.92864456e+03  1.79995716e+02 
 3.16227766e+03  4.58322323e+01  3.16227766e+03  1.79995374e+02 
 3.41454887e+03  4.58322334e+01  3.41454887e+03  1.79995005e+02 
 3.68694506e+03  4.58322347e+01  3.68694506e+03  1.79994607e+02 
 3.98107171e+03  4.58322361e+01  3.98107171e+03  1.79994176e+02 
 4.29866235e+03  4.58322378e+01  4.29866235e+03  1.79993712e+02 
 4.64158883e+03  4.58322398e+01  4.64158883e+03  1.79993210e+02 
 5.01187234e+03  4.58322422e+01  5.01187234e+03  1.79992669e+02 
 5.41169527e+03  4.58322449e+01  5.41169527e+03  1.79992084e+02 
 5.84341413e+03  4.58322480e+01  5.84341413e+03  1.79991452e+02 
 6.30957344e+03  4.58322517e+01  6.30957344e+03  1.79990770e+02 
 6.81292069e+03  4.58322560e+01  6.81292069e+03  1.79990034e+02 
 7.35642254e+03  4.58322610e+01  7.35642254e+03  1.79989239e+02 
 7.94328235e+03  4.58322668e+01  7.94328235e+03  1.79988380e+02 
 8.57695899e+03  4.58322737e+01  8.57695899e+03  1.79987454e+02 
 9.26118728e+03  4.58322816e+01  9.26118728e+03  1.79986453e+02 
 1.00000000e+04  4.58322908e+01  1.00000000e+04  1.79985372e+02 
 1.07977516e+04  4.58323016e+01  1.07977516e+04  1.79984205e+02 
 1.16591440e+04  4.58323142e+01  1.16591440e+04  1.79982945e+02 
 1.25892541e+04  4.58323289e+01  1.25892541e+04  1.79981584e+02 
 1.35935639e+04  4.58323460e+01  1.35935639e+04  1.79980115e+02 
 1.46779927e+04  4.58323659e+01  1.46779927e+04  1.79978528e+02 
 1.58489319e+04  4.58323891e+01  1.58489319e+04  1.79976815e+02 
 1.71132830e+04  4.58324162e+01  1.71132830e+04  1.79974966e+02 
 1.84784980e+04  4.58324478e+01  1.84784980e+04  1.79972968e+02 
 1.99526231e+04  4.58324846e+01  1.99526231e+04  1.79970812e+02 
 2.15443469e+04  4.58325276e+01  2.15443469e+04  1.79968483e+02 
 2.32630507e+04  4.58325776e+01  2.32630507e+04  1.79965968e+02 
 2.51188643e+04  4.58326360e+01  2.51188643e+04  1.79963253e+02 
 2.71227258e+04  4.58327040e+01  2.71227258e+04  1.79960321e+02 
 2.92864456e+04  4.58327834e+01  2.92864456e+04  1.79957155e+02 
 3.16227766e+04  4.58328759e+01  3.16227766e+04  1.79953736e+02 
 3.41454887e+04  4.58329837e+01  3.41454887e+04  1.79950044e+02 
 3.68694506e+04  4.58331095e+01  3.68694506e+04  1.79946057e+02 
 3.98107171e+04  4.58332561e+01  3.98107171e+04  1.79941752e+02 
 4.29866235e+04  4.58334271e+01  4.29866235e+04  1.79937103e+02 
 4.64158883e+04  4.58336264e+01  4.64158883e+04  1.79932083e+02 
 5.01187234e+04  4.58338588e+01  5.01187234e+04  1.79926661e+02 
 5.41169527e+04  4.58341297e+01  5.41169527e+04  1.79920806e+02 
 5.84341413e+04  4.58344457e+01  5.84341413e+04  1.79914482e+02 
 6.30957344e+04  4.58348140e+01  6.30957344e+04  1.79907653e+02 
 6.81292069e+04  4.58352435e+01  6.81292069e+04  1.79900276e+02 
 7.35642254e+04  4.58357443e+01  7.35642254e+04  1.79892309e+02 
 7.94328235e+04  4.58363282e+01  7.94328235e+04  1.79883704e+02 
 8.57695899e+04  4.58370090e+01  8.57695899e+04  1.79874408e+02 
 9.26118728e+04  4.58378028e+01  9.26118728e+04  1.79864366e+02 
 1.00000000e+05  4.58387284e+01  1.00000000e+05  1.79853516e+02 
 1.07977516e+05  4.58398078e+01  1.07977516e+05  1.79841794e+02 
 1.16591440e+05  4.58410664e+01  1.16591440e+05  1.79829127e+02 
 1.25892541e+05  4.58425339e+01  1.25892541e+05  1.79815438e+02 
 1.35935639e+05  4.58442453e+01  1.35935639e+05  1.79800641e+02 
 1.46779927e+05  4.58462413e+01  1.46779927e+05  1.79784645e+02 
 1.58489319e+05  4.58485689e+01  1.58489319e+05  1.79767349e+02 
 1.71132830e+05  4.58512834e+01  1.71132830e+05  1.79748643e+02 
 1.84784980e+05  4.58544487e+01  1.84784980e+05  1.79728407e+02 
 1.99526231e+05  4.58581417e+01  1.99526231e+05  1.79706509e+02 
 2.15443469e+05  4.58624488e+01  2.15443469e+05  1.79682804e+02 
 2.32630507e+05  4.58674729e+01  2.32630507e+05  1.79657132e+02 
 2.51188643e+05  4.58733353e+01  2.51188643e+05  1.79629316e+02 
 2.71227258e+05  4.58801731e+01  2.71227258e+05  1.79599159e+02 
 2.92864456e+05  4.58881539e+01  2.92864456e+05  1.79566445e+02 
 3.16227766e+05  4.58974660e+01  3.16227766e+05  1.79530927e+02 
 3.41454887e+05  4.59083382e+01  3.41454887e+05  1.79492333e+02 
 3.68694506e+05  4.59210283e+01  3.68694506e+05  1.79450352e+02 
 3.98107171e+05  4.59358487e+01  3.98107171e+05  1.79404632e+02 
 4.29866235e+05  4.59531592e+01  4.29866235e+05  1.79354772e+02 
 4.64158883e+05  4.59733840e+01  4.64158883e+05  1.79300309e+02 
 5.01187234e+05  4.59970226e+01  5.01187234e+05  1.79240708e+02 
 5.41169527e+05  4.60246619e+01  5.41169527e+05  1.79175344e+02 
 5.84341413e+05  4.60569964e+01  5.84341413e+05  1.79103485e+02 
 6.30957344e+05  4.60948425e+01  6.30957344e+05  1.79024258e+02 
 6.81292069e+05  4.61391721e+01  6.81292069e+05  1.78936622e+02 
 7.35642254e+05  4.61911397e+01  7.35642254e+05  1.78839322e+02 
 7.94328235e+05  4.62521072e+01  7.94328235e+05  1.78730826e+02 
 8.57695899e+05  4.63237264e+01  8.57695899e+05  1.78609251e+02 
 9.26118728e+05  4.64079562e+01  9.26118728e+05  1.78472251e+02 
 1.00000000e+06  4.65071925e+01  1.00000000e+06  1.78316873e+02 
 1.07977516e+06  4.66242790e+01  1.07977516e+06  1.78139372e+02 
 1.16591440e+06  4.67627644e+01  1.16591440e+06  1.77934890e+02 
 1.25892541e+06  4.69269529e+01  1.25892541e+06  1.77697085e+02 
 1.35935639e+06  4.71222774e+01  1.35935639e+06  1.77417515e+02 
 1.46779927e+06  4.73554824e+01  1.46779927e+06  1.77084743e+02 
 1.58489319e+06  4.76352124e+01  1.58489319e+06  1.76682911e+02 
 1.71132830e+06  4.79726419e+01  1.71132830e+06  1.76189566e+02 
 1.84784980e+06  4.83825691e+01  1.84784980e+06  1.75571846e+02 
 1.99526231e+06  4.88848753e+01  1.99526231e+06  1.74780082e+02 
 2.15443469e+06  4.95073702e+01  2.15443469e+06  1.73735593e+02 
 2.32630507e+06  5.02897461e+01  2.32630507e+06  1.72307132e+02 
 2.51188643e+06  5.12914326e+01  2.51188643e+06  1.70259471e+02 
 2.71227258e+06  5.26054228e+01  2.71227258e+06  1.67129955e+02 
 2.92864456e+06  5.43811178e+01  2.92864456e+06  1.61888812e+02 
 3.16227766e+06  5.68415282e+01  3.16227766e+06  1.51836245e+02 
 3.41454887e+06  5.99660998e+01  3.41454887e+06  1.28921742e+02 
 3.68694506e+06  6.08125381e+01  3.68694506e+06  8.28938413e+01 
 3.98107171e+06  5.68492010e+01  3.98107171e+06  4.70410449e+01 
 4.29866235e+06  5.26137162e+01  4.29866235e+06  3.17516844e+01 
 4.64158883e+06  4.91553038e+01  4.64158883e+06  2.46005701e+01 
 5.01187234e+06  4.62712258e+01  5.01187234e+06  2.07262573e+01 
 5.41169527e+06  4.37697584e+01  5.41169527e+06  1.84356912e+01 
 5.84341413e+06  4.15308651e+01  5.84341413e+06  1.70310146e+01 
 6.30957344e+06  3.94800863e+01  6.30957344e+06  1.61805139e+01 
 6.81292069e+06  3.75659183e+01  6.81292069e+06  1.57082305e+01 
 7.35642254e+06  3.57555928e+01  7.35642254e+06  1.55149027e+01 
 7.94328235e+06  3.40238427e+01  7.94328235e+06  1.55415817e+01 
 8.57695899e+06  3.23538752e+01  8.57695899e+06  1.57521656e+01 
 9.26118728e+06  3.07326926e+01  9.26118728e+06  1.61235939e+01 
 1.00000000e+07  2.91463856e+01  1.00000000e+07  1.66472822e+01 
 1.07977516e+07  2.75882067e+01  1.07977516e+07  1.73156364e+01 
 1.16591440e+07  2.60509062e+01  1.16591440e+07  1.81282432e+01 
 1.25892541e+07  2.45294482e+01  1.25892541e+07  1.90903654e+01 
 1.35935639e+07  2.30141397e+01  1.35935639e+07  2.02211362e+01 
 1.46779927e+07  2.15055379e+01  1.46779927e+07  2.15210354e+01 
 1.58489319e+07  1.99921972e+01  1.58489319e+07  2.30215393e+01 
 1.71132830e+07  1.84745155e+01  1.71132830e+07  2.47444424e+01 
 1.84784980e+07  1.69469669e+01  1.84784980e+07  2.67232918e+01 
 1.99526231e+07  1.54087951e+01  1.99526231e+07  2.90139337e+01 
 2.15443469e+07  1.38499425e+01  2.15443469e+07  3.16802401e+01 
 2.32630507e+07  1.22648214e+01  2.32630507e+07  3.48204537e+01 
 2.51188643e+07  1.06616204e+01  2.51188643e+07  3.84965351e+01 
 2.71227258e+07  9.03314115e+00  2.71227258e+07  4.29575267e+01 
 2.92864456e+07  7.39596638e+00  2.92864456e+07  4.82821347e+01 
 3.16227766e+07  5.76837095e+00  3.16227766e+07  5.46957262e+01 
 3.41454887e+07  4.17527880e+00  3.41454887e+07  6.23637300e+01 
 3.68694506e+07  2.68330987e+00  3.68694506e+07  7.15786218e+01 
 3.98107171e+07  1.40889739e+00  3.98107171e+07  8.24443008e+01 
 4.29866235e+07  4.80070176e-01  4.29866235e+07  9.49954405e+01 
 4.64158883e+07 -9.02883677e-02  4.64158883e+07  1.07121444e+02 
 5.01187234e+07 -4.09291153e-01  5.01187234e+07  1.19700519e+02 
 5.41169527e+07 -3.26031017e-01  5.41169527e+07  1.30364556e+02 
 5.84341413e+07 -9.29474492e-02  5.84341413e+07  1.39233998e+02 
 6.30957344e+07  3.03102905e-01  6.30957344e+07  1.46667198e+02 
 6.81292069e+07  7.28902480e-01  6.81292069e+07  1.53511000e+02 
 7.35642254e+07  1.05713039e+00  7.35642254e+07  1.59074373e+02 
 7.94328235e+07  1.54609257e+00  7.94328235e+07  1.63771697e+02 
 8.57695899e+07  1.78677294e+00  8.57695899e+07  1.67699752e+02 
 9.26118728e+07  2.18302250e+00  9.26118728e+07  1.71512297e+02 
 1.00000000e+08  2.44140275e+00  1.00000000e+08  1.74623723e+02 
 1.07977516e+08  2.90602231e+00  1.07977516e+08  1.77627284e+02 
 1.16591440e+08  3.23052597e+00  1.16591440e+08  1.79919049e+02 
 1.25892541e+08  3.54348877e+00  1.25892541e+08  1.82470943e+02 
 1.35935639e+08  3.96939040e+00  1.35935639e+08  1.84400977e+02 
 1.46779927e+08  4.32023050e+00  1.46779927e+08  1.85953291e+02 
 1.58489319e+08  4.54845996e+00  1.58489319e+08  1.87399588e+02 
 1.71132830e+08  4.75449672e+00  1.71132830e+08  1.88765941e+02 
 1.84784980e+08  5.14534554e+00  1.84784980e+08  1.89474540e+02 
 1.99526231e+08  5.21044978e+00  1.99526231e+08  1.90206443e+02 
 2.15443469e+08  5.73280157e+00  2.15443469e+08  1.90489704e+02 
 2.32630507e+08  6.15516541e+00  2.32630507e+08  1.90347002e+02 
 2.51188643e+08  6.84436450e+00  2.51188643e+08  1.90002410e+02 
 2.71227258e+08  6.26312894e+00  2.71227258e+08  1.89725232e+02 
 2.92864456e+08  7.45056789e+00  2.92864456e+08  1.88504297e+02 
 3.16227766e+08  6.31884589e+00  3.16227766e+08  1.88262803e+02 
 3.41454887e+08  7.38643224e+00  3.41454887e+08  1.86956651e+02 
 3.68694506e+08  7.08052084e+00  3.68694506e+08  1.86135360e+02 
 3.98107171e+08  7.99240587e+00  3.98107171e+08  1.85496304e+02 
 4.29866235e+08  6.71971641e+00  4.29866235e+08  1.84658370e+02 
 4.64158883e+08  8.32699550e+00  4.64158883e+08  1.84083235e+02 
 5.01187234e+08  5.43168145e+00  5.01187234e+08  1.83482881e+02 
 5.41169527e+08  1.01048881e+01  5.41169527e+08  1.82757728e+02 
 5.84341413e+08  6.27341060e+00  5.84341413e+08  1.82130541e+02 
 6.30957344e+08  3.00654202e+00  6.30957344e+08  1.81731258e+02 
 6.81292069e+08  3.57198927e+00  6.81292069e+08  1.81367242e+02 
 7.35642254e+08  4.72759338e+00  7.35642254e+08  1.81063483e+02 
 7.94328235e+08  3.37256022e+00  7.94328235e+08  1.80938524e+02 
 8.57695899e+08  1.15530410e+01  8.57695899e+08  1.80077816e+02 
 9.26118728e+08  4.18163320e+00  9.26118728e+08  1.80434941e+02 
 1.00000000e+09  2.83847091e+00  1.00000000e+09  1.80570291e+02 
