 1.00000000e+00  4.64421130e+01  1.00000000e+00  1.79999998e+02 
 1.07977516e+00  4.64421130e+01  1.07977516e+00  1.79999998e+02 
 1.16591440e+00  4.64421130e+01  1.16591440e+00  1.79999998e+02 
 1.25892541e+00  4.64421130e+01  1.25892541e+00  1.79999998e+02 
 1.35935639e+00  4.64421130e+01  1.35935639e+00  1.79999997e+02 
 1.46779927e+00  4.64421130e+01  1.46779927e+00  1.79999997e+02 
 1.58489319e+00  4.64421130e+01  1.58489319e+00  1.79999997e+02 
 1.71132830e+00  4.64421130e+01  1.71132830e+00  1.79999997e+02 
 1.84784980e+00  4.64421130e+01  1.84784980e+00  1.79999997e+02 
 1.99526231e+00  4.64421130e+01  1.99526231e+00  1.79999996e+02 
 2.15443469e+00  4.64421130e+01  2.15443469e+00  1.79999996e+02 
 2.32630507e+00  4.64421130e+01  2.32630507e+00  1.79999996e+02 
 2.51188643e+00  4.64421130e+01  2.51188643e+00  1.79999995e+02 
 2.71227258e+00  4.64421130e+01  2.71227258e+00  1.79999995e+02 
 2.92864456e+00  4.64421130e+01  2.92864456e+00  1.79999994e+02 
 3.16227766e+00  4.64421130e+01  3.16227766e+00  1.79999994e+02 
 3.41454887e+00  4.64421130e+01  3.41454887e+00  1.79999994e+02 
 3.68694506e+00  4.64421130e+01  3.68694506e+00  1.79999993e+02 
 3.98107171e+00  4.64421130e+01  3.98107171e+00  1.79999992e+02 
 4.29866235e+00  4.64421130e+01  4.29866235e+00  1.79999992e+02 
 4.64158883e+00  4.64421130e+01  4.64158883e+00  1.79999991e+02 
 5.01187234e+00  4.64421130e+01  5.01187234e+00  1.79999991e+02 
 5.41169527e+00  4.64421130e+01  5.41169527e+00  1.79999990e+02 
 5.84341413e+00  4.64421130e+01  5.84341413e+00  1.79999989e+02 
 6.30957344e+00  4.64421130e+01  6.30957344e+00  1.79999988e+02 
 6.81292069e+00  4.64421130e+01  6.81292069e+00  1.79999987e+02 
 7.35642254e+00  4.64421130e+01  7.35642254e+00  1.79999986e+02 
 7.94328235e+00  4.64421130e+01  7.94328235e+00  1.79999985e+02 
 8.57695899e+00  4.64421130e+01  8.57695899e+00  1.79999984e+02 
 9.26118728e+00  4.64421130e+01  9.26118728e+00  1.79999983e+02 
 1.00000000e+01  4.64421130e+01  1.00000000e+01  1.79999981e+02 
 1.07977516e+01  4.64421130e+01  1.07977516e+01  1.79999980e+02 
 1.16591440e+01  4.64421130e+01  1.16591440e+01  1.79999978e+02 
 1.25892541e+01  4.64421130e+01  1.25892541e+01  1.79999976e+02 
 1.35935639e+01  4.64421130e+01  1.35935639e+01  1.79999974e+02 
 1.46779927e+01  4.64421130e+01  1.46779927e+01  1.79999972e+02 
 1.58489319e+01  4.64421130e+01  1.58489319e+01  1.79999970e+02 
 1.71132830e+01  4.64421130e+01  1.71132830e+01  1.79999968e+02 
 1.84784980e+01  4.64421130e+01  1.84784980e+01  1.79999965e+02 
 1.99526231e+01  4.64421130e+01  1.99526231e+01  1.79999962e+02 
 2.15443469e+01  4.64421130e+01  2.15443469e+01  1.79999959e+02 
 2.32630507e+01  4.64421130e+01  2.32630507e+01  1.79999956e+02 
 2.51188643e+01  4.64421130e+01  2.51188643e+01  1.79999953e+02 
 2.71227258e+01  4.64421130e+01  2.71227258e+01  1.79999949e+02 
 2.92864456e+01  4.64421130e+01  2.92864456e+01  1.79999945e+02 
 3.16227766e+01  4.64421130e+01  3.16227766e+01  1.79999940e+02 
 3.41454887e+01  4.64421130e+01  3.41454887e+01  1.79999936e+02 
 3.68694506e+01  4.64421130e+01  3.68694506e+01  1.79999930e+02 
 3.98107171e+01  4.64421130e+01  3.98107171e+01  1.79999925e+02 
 4.29866235e+01  4.64421130e+01  4.29866235e+01  1.79999919e+02 
 4.64158883e+01  4.64421130e+01  4.64158883e+01  1.79999912e+02 
 5.01187234e+01  4.64421130e+01  5.01187234e+01  1.79999905e+02 
 5.41169527e+01  4.64421130e+01  5.41169527e+01  1.79999898e+02 
 5.84341413e+01  4.64421130e+01  5.84341413e+01  1.79999890e+02 
 6.30957344e+01  4.64421130e+01  6.30957344e+01  1.79999881e+02 
 6.81292069e+01  4.64421130e+01  6.81292069e+01  1.79999871e+02 
 7.35642254e+01  4.64421130e+01  7.35642254e+01  1.79999861e+02 
 7.94328235e+01  4.64421130e+01  7.94328235e+01  1.79999850e+02 
 8.57695899e+01  4.64421130e+01  8.57695899e+01  1.79999838e+02 
 9.26118728e+01  4.64421130e+01  9.26118728e+01  1.79999825e+02 
 1.00000000e+02  4.64421130e+01  1.00000000e+02  1.79999811e+02 
 1.07977516e+02  4.64421130e+01  1.07977516e+02  1.79999796e+02 
 1.16591440e+02  4.64421130e+01  1.16591440e+02  1.79999780e+02 
 1.25892541e+02  4.64421130e+01  1.25892541e+02  1.79999762e+02 
 1.35935639e+02  4.64421130e+01  1.35935639e+02  1.79999744e+02 
 1.46779927e+02  4.64421130e+01  1.46779927e+02  1.79999723e+02 
 1.58489319e+02  4.64421131e+01  1.58489319e+02  1.79999701e+02 
 1.71132830e+02  4.64421131e+01  1.71132830e+02  1.79999677e+02 
 1.84784980e+02  4.64421131e+01  1.84784980e+02  1.79999651e+02 
 1.99526231e+02  4.64421131e+01  1.99526231e+02  1.79999624e+02 
 2.15443469e+02  4.64421131e+01  2.15443469e+02  1.79999594e+02 
 2.32630507e+02  4.64421131e+01  2.32630507e+02  1.79999561e+02 
 2.51188643e+02  4.64421131e+01  2.51188643e+02  1.79999526e+02 
 2.71227258e+02  4.64421131e+01  2.71227258e+02  1.79999488e+02 
 2.92864456e+02  4.64421131e+01  2.92864456e+02  1.79999447e+02 
 3.16227766e+02  4.64421131e+01  3.16227766e+02  1.79999403e+02 
 3.41454887e+02  4.64421131e+01  3.41454887e+02  1.79999356e+02 
 3.68694506e+02  4.64421131e+01  3.68694506e+02  1.79999304e+02 
 3.98107171e+02  4.64421131e+01  3.98107171e+02  1.79999249e+02 
 4.29866235e+02  4.64421132e+01  4.29866235e+02  1.79999189e+02 
 4.64158883e+02  4.64421132e+01  4.64158883e+02  1.79999124e+02 
 5.01187234e+02  4.64421132e+01  5.01187234e+02  1.79999054e+02 
 5.41169527e+02  4.64421132e+01  5.41169527e+02  1.79998979e+02 
 5.84341413e+02  4.64421133e+01  5.84341413e+02  1.79998898e+02 
 6.30957344e+02  4.64421133e+01  6.30957344e+02  1.79998810e+02 
 6.81292069e+02  4.64421133e+01  6.81292069e+02  1.79998715e+02 
 7.35642254e+02  4.64421134e+01  7.35642254e+02  1.79998612e+02 
 7.94328235e+02  4.64421134e+01  7.94328235e+02  1.79998501e+02 
 8.57695899e+02  4.64421135e+01  8.57695899e+02  1.79998382e+02 
 9.26118728e+02  4.64421136e+01  9.26118728e+02  1.79998253e+02 
 1.00000000e+03  4.64421137e+01  1.00000000e+03  1.79998113e+02 
 1.07977516e+03  4.64421138e+01  1.07977516e+03  1.79997963e+02 
 1.16591440e+03  4.64421139e+01  1.16591440e+03  1.79997800e+02 
 1.25892541e+03  4.64421141e+01  1.25892541e+03  1.79997625e+02 
 1.35935639e+03  4.64421142e+01  1.35935639e+03  1.79997435e+02 
 1.46779927e+03  4.64421144e+01  1.46779927e+03  1.79997231e+02 
 1.58489319e+03  4.64421147e+01  1.58489319e+03  1.79997010e+02 
 1.71132830e+03  4.64421149e+01  1.71132830e+03  1.79996771e+02 
 1.84784980e+03  4.64421152e+01  1.84784980e+03  1.79996514e+02 
 1.99526231e+03  4.64421156e+01  1.99526231e+03  1.79996236e+02 
 2.15443469e+03  4.64421160e+01  2.15443469e+03  1.79995935e+02 
 2.32630507e+03  4.64421165e+01  2.32630507e+03  1.79995611e+02 
 2.51188643e+03  4.64421171e+01  2.51188643e+03  1.79995261e+02 
 2.71227258e+03  4.64421178e+01  2.71227258e+03  1.79994883e+02 
 2.92864456e+03  4.64421186e+01  2.92864456e+03  1.79994475e+02 
 3.16227766e+03  4.64421195e+01  3.16227766e+03  1.79994034e+02 
 3.41454887e+03  4.64421206e+01  3.41454887e+03  1.79993558e+02 
 3.68694506e+03  4.64421218e+01  3.68694506e+03  1.79993044e+02 
 3.98107171e+03  4.64421233e+01  3.98107171e+03  1.79992489e+02 
 4.29866235e+03  4.64421250e+01  4.29866235e+03  1.79991890e+02 
 4.64158883e+03  4.64421269e+01  4.64158883e+03  1.79991243e+02 
 5.01187234e+03  4.64421292e+01  5.01187234e+03  1.79990545e+02 
 5.41169527e+03  4.64421319e+01  5.41169527e+03  1.79989790e+02 
 5.84341413e+03  4.64421351e+01  5.84341413e+03  1.79988976e+02 
 6.30957344e+03  4.64421387e+01  6.30957344e+03  1.79988096e+02 
 6.81292069e+03  4.64421430e+01  6.81292069e+03  1.79987147e+02 
 7.35642254e+03  4.64421479e+01  7.35642254e+03  1.79986121e+02 
 7.94328235e+03  4.64421537e+01  7.94328235e+03  1.79985014e+02 
 8.57695899e+03  4.64421605e+01  8.57695899e+03  1.79983819e+02 
 9.26118728e+03  4.64421684e+01  9.26118728e+03  1.79982528e+02 
 1.00000000e+04  4.64421775e+01  1.00000000e+04  1.79981134e+02 
 1.07977516e+04  4.64421882e+01  1.07977516e+04  1.79979629e+02 
 1.16591440e+04  4.64422007e+01  1.16591440e+04  1.79978003e+02 
 1.25892541e+04  4.64422153e+01  1.25892541e+04  1.79976249e+02 
 1.35935639e+04  4.64422322e+01  1.35935639e+04  1.79974354e+02 
 1.46779927e+04  4.64422520e+01  1.46779927e+04  1.79972308e+02 
 1.58489319e+04  4.64422751e+01  1.58489319e+04  1.79970098e+02 
 1.71132830e+04  4.64423019e+01  1.71132830e+04  1.79967713e+02 
 1.84784980e+04  4.64423333e+01  1.84784980e+04  1.79965137e+02 
 1.99526231e+04  4.64423698e+01  1.99526231e+04  1.79962356e+02 
 2.15443469e+04  4.64424124e+01  2.15443469e+04  1.79959352e+02 
 2.32630507e+04  4.64424621e+01  2.32630507e+04  1.79956109e+02 
 2.51188643e+04  4.64425200e+01  2.51188643e+04  1.79952607e+02 
 2.71227258e+04  4.64425875e+01  2.71227258e+04  1.79948826e+02 
 2.92864456e+04  4.64426663e+01  2.92864456e+04  1.79944742e+02 
 3.16227766e+04  4.64427580e+01  3.16227766e+04  1.79940333e+02 
 3.41454887e+04  4.64428651e+01  3.41454887e+04  1.79935572e+02 
 3.68694506e+04  4.64429898e+01  3.68694506e+04  1.79930431e+02 
 3.98107171e+04  4.64431353e+01  3.98107171e+04  1.79924879e+02 
 4.29866235e+04  4.64433049e+01  4.29866235e+04  1.79918883e+02 
 4.64158883e+04  4.64435027e+01  4.64158883e+04  1.79912409e+02 
 5.01187234e+04  4.64437333e+01  5.01187234e+04  1.79905417e+02 
 5.41169527e+04  4.64440022e+01  5.41169527e+04  1.79897867e+02 
 5.84341413e+04  4.64443156e+01  5.84341413e+04  1.79889712e+02 
 6.30957344e+04  4.64446812e+01  6.30957344e+04  1.79880906e+02 
 6.81292069e+04  4.64451073e+01  6.81292069e+04  1.79871395e+02 
 7.35642254e+04  4.64456042e+01  7.35642254e+04  1.79861122e+02 
 7.94328235e+04  4.64461835e+01  7.94328235e+04  1.79850027e+02 
 8.57695899e+04  4.64468591e+01  8.57695899e+04  1.79838042e+02 
 9.26118728e+04  4.64476468e+01  9.26118728e+04  1.79825096e+02 
 1.00000000e+05  4.64485651e+01  1.00000000e+05  1.79811110e+02 
 1.07977516e+05  4.64496362e+01  1.07977516e+05  1.79796001e+02 
 1.16591440e+05  4.64508850e+01  1.16591440e+05  1.79779675e+02 
 1.25892541e+05  4.64523413e+01  1.25892541e+05  1.79762033e+02 
 1.35935639e+05  4.64540393e+01  1.35935639e+05  1.79742967e+02 
 1.46779927e+05  4.64560198e+01  1.46779927e+05  1.79722358e+02 
 1.58489319e+05  4.64583290e+01  1.58489319e+05  1.79700079e+02 
 1.71132830e+05  4.64610223e+01  1.71132830e+05  1.79675988e+02 
 1.84784980e+05  4.64641635e+01  1.84784980e+05  1.79649933e+02 
 1.99526231e+05  4.64678272e+01  1.99526231e+05  1.79621746e+02 
 2.15443469e+05  4.64721009e+01  2.15443469e+05  1.79591242e+02 
 2.32630507e+05  4.64770853e+01  2.32630507e+05  1.79558219e+02 
 2.51188643e+05  4.64829014e+01  2.51188643e+05  1.79522454e+02 
 2.71227258e+05  4.64896877e+01  2.71227258e+05  1.79483699e+02 
 2.92864456e+05  4.64976044e+01  2.92864456e+05  1.79441681e+02 
 3.16227766e+05  4.65068441e+01  3.16227766e+05  1.79396095e+02 
 3.41454887e+05  4.65176304e+01  3.41454887e+05  1.79346597e+02 
 3.68694506e+05  4.65302209e+01  3.68694506e+05  1.79292804e+02 
 3.98107171e+05  4.65449214e+01  3.98107171e+05  1.79234282e+02 
 4.29866235e+05  4.65620943e+01  4.29866235e+05  1.79170535e+02 
 4.64158883e+05  4.65821582e+01  4.64158883e+05  1.79101000e+02 
 5.01187234e+05  4.66056060e+01  5.01187234e+05  1.79025026e+02 
 5.41169527e+05  4.66330238e+01  5.41169527e+05  1.78941858e+02 
 5.84341413e+05  4.66650930e+01  5.84341413e+05  1.78850612e+02 
 6.30957344e+05  4.67026289e+01  6.30957344e+05  1.78750250e+02 
 6.81292069e+05  4.67465872e+01  6.81292069e+05  1.78639533e+02 
 7.35642254e+05  4.67981203e+01  7.35642254e+05  1.78516978e+02 
 7.94328235e+05  4.68585736e+01  7.94328235e+05  1.78380788e+02 
 8.57695899e+05  4.69295653e+01  8.57695899e+05  1.78228762e+02 
 9.26118728e+05  4.70130578e+01  9.26118728e+05  1.78058173e+02 
 1.00000000e+06  4.71113814e+01  1.00000000e+06  1.77865618e+02 
 1.07977516e+06  4.72273972e+01  1.07977516e+06  1.77646774e+02 
 1.16591440e+06  4.73645347e+01  1.16591440e+06  1.77396094e+02 
 1.25892541e+06  4.75271186e+01  1.25892541e+06  1.77106337e+02 
 1.35935639e+06  4.77204029e+01  1.35935639e+06  1.76767937e+02 
 1.46779927e+06  4.79510879e+01  1.46779927e+06  1.76367941e+02 
 1.58489319e+06  4.82275586e+01  1.58489319e+06  1.75888528e+02 
 1.71132830e+06  4.85607638e+01  1.71132830e+06  1.75304483e+02 
 1.84784980e+06  4.89650847e+01  1.84784980e+06  1.74579175e+02 
 1.99526231e+06  4.94597902e+01  1.99526231e+06  1.73657276e+02 
 2.15443469e+06  5.00713908e+01  2.15443469e+06  1.72452075e+02 
 2.32630507e+06  5.08377361e+01  2.32630507e+06  1.70819564e+02 
 2.51188643e+06  5.18141273e+01  2.51188643e+06  1.68504534e+02 
 2.71227258e+06  5.30846586e+01  2.71227258e+06  1.65013472e+02 
 2.92864456e+06  5.47768247e+01  2.92864456e+06  1.59278077e+02 
 3.16227766e+06  5.70514819e+01  3.16227766e+06  1.48650741e+02 
 3.41454887e+06  5.97480179e+01  3.41454887e+06  1.26176886e+02 
 3.68694506e+06  6.04098239e+01  3.68694506e+06  8.50608822e+01 
 3.98107171e+06  5.70316727e+01  3.98107171e+06  5.09584855e+01 
 4.29866235e+06  5.30731250e+01  4.29866235e+06  3.47283862e+01 
 4.64158883e+06  4.97127385e+01  4.64158883e+06  2.67649907e+01 
 5.01187234e+06  4.68694153e+01  5.01187234e+06  2.23399897e+01 
 5.41169527e+06  4.43879255e+01  5.41169527e+06  1.96632166e+01 
 5.84341413e+06  4.21605495e+01  5.84341413e+06  1.79715817e+01 
 6.30957344e+06  4.01151811e+01  6.30957344e+06  1.68960263e+01 
 6.81292069e+06  3.82059543e+01  6.81292069e+06  1.62384337e+01 
 7.35642254e+06  3.63984411e+01  7.35642254e+06  1.58860703e+01 
 7.94328235e+06  3.46702842e+01  7.94328235e+06  1.57734613e+01 
 8.57695899e+06  3.30025898e+01  8.57695899e+06  1.58560925e+01 
 9.26118728e+06  3.13818765e+01  9.26118728e+06  1.61095507e+01 
 1.00000000e+07  2.97994471e+01  1.00000000e+07  1.65161482e+01 
 1.07977516e+07  2.82432435e+01  1.07977516e+07  1.70712443e+01 
 1.16591440e+07  2.67113919e+01  1.16591440e+07  1.77666580e+01 
 1.25892541e+07  2.51908539e+01  1.25892541e+07  1.86114186e+01 
 1.35935639e+07  2.36798959e+01  1.35935639e+07  1.96167329e+01 
 1.46779927e+07  2.21724807e+01  1.46779927e+07  2.07829030e+01 
 1.58489319e+07  2.06678548e+01  1.58489319e+07  2.21339598e+01 
 1.71132830e+07  1.91560879e+01  1.71132830e+07  2.37021993e+01 
 1.84784980e+07  1.76325674e+01  1.84784980e+07  2.54923714e+01 
 1.99526231e+07  1.60943516e+01  1.99526231e+07  2.75902807e+01 
 2.15443469e+07  1.45357809e+01  2.15443469e+07  3.00570829e+01 
 2.32630507e+07  1.29649753e+01  2.32630507e+07  3.29063026e+01 
 2.51188643e+07  1.13597074e+01  2.51188643e+07  3.62654712e+01 
 2.71227258e+07  9.73001951e+00  2.71227258e+07  4.02616003e+01 
 2.92864456e+07  8.08322876e+00  2.92864456e+07  4.50993285e+01 
 3.16227766e+07  6.43024597e+00  3.16227766e+07  5.09801561e+01 
 3.41454887e+07  4.79286723e+00  3.41454887e+07  5.81233685e+01 
 3.68694506e+07  3.23142212e+00  3.68694506e+07  6.66165376e+01 
 3.98107171e+07  1.82258132e+00  3.98107171e+07  7.70747313e+01 
 4.29866235e+07  6.63508639e-01  4.29866235e+07  8.85061148e+01 
 4.64158883e+07 -9.90630319e-02  4.64158883e+07  1.01359731e+02 
 5.01187234e+07 -4.85867671e-01  5.01187234e+07  1.13966118e+02 
 5.41169527e+07 -5.32057688e-01  5.41169527e+07  1.25674370e+02 
 5.84341413e+07 -3.47000334e-01  5.84341413e+07  1.35894465e+02 
 6.30957344e+07  1.28859867e-01  6.30957344e+07  1.43804383e+02 
 6.81292069e+07  4.13468956e-01  6.81292069e+07  1.51208990e+02 
 7.35642254e+07  8.46823726e-01  7.35642254e+07  1.56866676e+02 
 7.94328235e+07  1.24955246e+00  7.94328235e+07  1.62299238e+02 
 8.57695899e+07  1.66779211e+00  8.57695899e+07  1.66735761e+02 
 9.26118728e+07  2.11218797e+00  9.26118728e+07  1.70503077e+02 
 1.00000000e+08  2.35449689e+00  1.00000000e+08  1.73827382e+02 
 1.07977516e+08  2.66511232e+00  1.07977516e+08  1.77102783e+02 
 1.16591440e+08  3.09824015e+00  1.16591440e+08  1.79655161e+02 
 1.25892541e+08  3.54315485e+00  1.25892541e+08  1.81841508e+02 
 1.35935639e+08  3.84630002e+00  1.35935639e+08  1.84052619e+02 
 1.46779927e+08  4.20344658e+00  1.46779927e+08  1.86045484e+02 
 1.58489319e+08  4.43229374e+00  1.58489319e+08  1.87404239e+02 
 1.71132830e+08  4.86443038e+00  1.71132830e+08  1.88658930e+02 
 1.84784980e+08  5.04797013e+00  1.84784980e+08  1.89550017e+02 
 1.99526231e+08  5.69883312e+00  1.99526231e+08  1.89905411e+02 
 2.15443469e+08  5.65720674e+00  2.15443469e+08  1.90413727e+02 
 2.32630507e+08  6.10171505e+00  2.32630507e+08  1.90571783e+02 
 2.51188643e+08  6.79928320e+00  2.51188643e+08  1.90154911e+02 
 2.71227258e+08  6.23586772e+00  2.71227258e+08  1.89928640e+02 
 2.92864456e+08  6.21149912e+00  2.92864456e+08  1.89268852e+02 
 3.16227766e+08  7.76562203e+00  3.16227766e+08  1.88214425e+02 
 3.41454887e+08  7.40958180e+00  3.41454887e+08  1.87562326e+02 
 3.68694506e+08  8.11975476e+00  3.68694506e+08  1.86908842e+02 
 3.98107171e+08  6.89414144e+00  3.98107171e+08  1.85964712e+02 
 4.29866235e+08  6.77023784e+00  4.29866235e+08  1.85174646e+02 
 4.64158883e+08  6.79918338e+00  4.64158883e+08  1.84349517e+02 
 5.01187234e+08  7.05512969e+00  5.01187234e+08  1.83686854e+02 
 5.41169527e+08  1.01566896e+01  5.41169527e+08  1.82908995e+02 
 5.84341413e+08  8.81663267e+00  5.84341413e+08  1.82695130e+02 
 6.30957344e+08  7.47445030e+00  6.30957344e+08  1.82119917e+02 
 6.81292069e+08  6.13931959e+00  6.81292069e+08  1.81644313e+02 
 7.35642254e+08  8.30970031e+00  7.35642254e+08  1.81378671e+02 
 7.94328235e+08  6.94914088e+00  7.94328235e+08  1.81357949e+02 
 8.57695899e+08  5.59744835e+00  8.57695899e+08  1.80855296e+02 
 9.26118728e+08  4.25052741e+00  9.26118728e+08  1.80723582e+02 
 1.00000000e+09  8.92026553e+00  1.00000000e+09  1.80899255e+02 
