 1.00000000e+00  4.66627147e+01  1.00000000e+00  1.79999998e+02 
 1.07977516e+00  4.66627147e+01  1.07977516e+00  1.79999998e+02 
 1.16591440e+00  4.66627147e+01  1.16591440e+00  1.79999998e+02 
 1.25892541e+00  4.66627147e+01  1.25892541e+00  1.79999998e+02 
 1.35935639e+00  4.66627147e+01  1.35935639e+00  1.79999997e+02 
 1.46779927e+00  4.66627147e+01  1.46779927e+00  1.79999997e+02 
 1.58489319e+00  4.66627147e+01  1.58489319e+00  1.79999997e+02 
 1.71132830e+00  4.66627147e+01  1.71132830e+00  1.79999997e+02 
 1.84784980e+00  4.66627147e+01  1.84784980e+00  1.79999996e+02 
 1.99526231e+00  4.66627147e+01  1.99526231e+00  1.79999996e+02 
 2.15443469e+00  4.66627147e+01  2.15443469e+00  1.79999996e+02 
 2.32630507e+00  4.66627147e+01  2.32630507e+00  1.79999996e+02 
 2.51188643e+00  4.66627147e+01  2.51188643e+00  1.79999995e+02 
 2.71227258e+00  4.66627147e+01  2.71227258e+00  1.79999995e+02 
 2.92864456e+00  4.66627147e+01  2.92864456e+00  1.79999994e+02 
 3.16227766e+00  4.66627147e+01  3.16227766e+00  1.79999994e+02 
 3.41454887e+00  4.66627147e+01  3.41454887e+00  1.79999993e+02 
 3.68694506e+00  4.66627147e+01  3.68694506e+00  1.79999993e+02 
 3.98107171e+00  4.66627147e+01  3.98107171e+00  1.79999992e+02 
 4.29866235e+00  4.66627147e+01  4.29866235e+00  1.79999992e+02 
 4.64158883e+00  4.66627147e+01  4.64158883e+00  1.79999991e+02 
 5.01187234e+00  4.66627147e+01  5.01187234e+00  1.79999990e+02 
 5.41169527e+00  4.66627147e+01  5.41169527e+00  1.79999990e+02 
 5.84341413e+00  4.66627147e+01  5.84341413e+00  1.79999989e+02 
 6.30957344e+00  4.66627147e+01  6.30957344e+00  1.79999988e+02 
 6.81292069e+00  4.66627147e+01  6.81292069e+00  1.79999987e+02 
 7.35642254e+00  4.66627147e+01  7.35642254e+00  1.79999986e+02 
 7.94328235e+00  4.66627147e+01  7.94328235e+00  1.79999985e+02 
 8.57695899e+00  4.66627147e+01  8.57695899e+00  1.79999983e+02 
 9.26118728e+00  4.66627147e+01  9.26118728e+00  1.79999982e+02 
 1.00000000e+01  4.66627147e+01  1.00000000e+01  1.79999981e+02 
 1.07977516e+01  4.66627147e+01  1.07977516e+01  1.79999979e+02 
 1.16591440e+01  4.66627147e+01  1.16591440e+01  1.79999978e+02 
 1.25892541e+01  4.66627147e+01  1.25892541e+01  1.79999976e+02 
 1.35935639e+01  4.66627147e+01  1.35935639e+01  1.79999974e+02 
 1.46779927e+01  4.66627147e+01  1.46779927e+01  1.79999972e+02 
 1.58489319e+01  4.66627147e+01  1.58489319e+01  1.79999969e+02 
 1.71132830e+01  4.66627147e+01  1.71132830e+01  1.79999967e+02 
 1.84784980e+01  4.66627147e+01  1.84784980e+01  1.79999964e+02 
 1.99526231e+01  4.66627147e+01  1.99526231e+01  1.79999962e+02 
 2.15443469e+01  4.66627147e+01  2.15443469e+01  1.79999958e+02 
 2.32630507e+01  4.66627147e+01  2.32630507e+01  1.79999955e+02 
 2.51188643e+01  4.66627147e+01  2.51188643e+01  1.79999952e+02 
 2.71227258e+01  4.66627147e+01  2.71227258e+01  1.79999948e+02 
 2.92864456e+01  4.66627147e+01  2.92864456e+01  1.79999943e+02 
 3.16227766e+01  4.66627147e+01  3.16227766e+01  1.79999939e+02 
 3.41454887e+01  4.66627147e+01  3.41454887e+01  1.79999934e+02 
 3.68694506e+01  4.66627147e+01  3.68694506e+01  1.79999929e+02 
 3.98107171e+01  4.66627147e+01  3.98107171e+01  1.79999923e+02 
 4.29866235e+01  4.66627147e+01  4.29866235e+01  1.79999917e+02 
 4.64158883e+01  4.66627147e+01  4.64158883e+01  1.79999910e+02 
 5.01187234e+01  4.66627147e+01  5.01187234e+01  1.79999903e+02 
 5.41169527e+01  4.66627147e+01  5.41169527e+01  1.79999896e+02 
 5.84341413e+01  4.66627147e+01  5.84341413e+01  1.79999887e+02 
 6.30957344e+01  4.66627147e+01  6.30957344e+01  1.79999878e+02 
 6.81292069e+01  4.66627147e+01  6.81292069e+01  1.79999869e+02 
 7.35642254e+01  4.66627147e+01  7.35642254e+01  1.79999858e+02 
 7.94328235e+01  4.66627147e+01  7.94328235e+01  1.79999847e+02 
 8.57695899e+01  4.66627147e+01  8.57695899e+01  1.79999835e+02 
 9.26118728e+01  4.66627147e+01  9.26118728e+01  1.79999821e+02 
 1.00000000e+02  4.66627147e+01  1.00000000e+02  1.79999807e+02 
 1.07977516e+02  4.66627147e+01  1.07977516e+02  1.79999792e+02 
 1.16591440e+02  4.66627147e+01  1.16591440e+02  1.79999775e+02 
 1.25892541e+02  4.66627147e+01  1.25892541e+02  1.79999757e+02 
 1.35935639e+02  4.66627147e+01  1.35935639e+02  1.79999738e+02 
 1.46779927e+02  4.66627147e+01  1.46779927e+02  1.79999717e+02 
 1.58489319e+02  4.66627147e+01  1.58489319e+02  1.79999694e+02 
 1.71132830e+02  4.66627147e+01  1.71132830e+02  1.79999670e+02 
 1.84784980e+02  4.66627147e+01  1.84784980e+02  1.79999644e+02 
 1.99526231e+02  4.66627147e+01  1.99526231e+02  1.79999615e+02 
 2.15443469e+02  4.66627147e+01  2.15443469e+02  1.79999584e+02 
 2.32630507e+02  4.66627148e+01  2.32630507e+02  1.79999551e+02 
 2.51188643e+02  4.66627148e+01  2.51188643e+02  1.79999515e+02 
 2.71227258e+02  4.66627148e+01  2.71227258e+02  1.79999477e+02 
 2.92864456e+02  4.66627148e+01  2.92864456e+02  1.79999435e+02 
 3.16227766e+02  4.66627148e+01  3.16227766e+02  1.79999390e+02 
 3.41454887e+02  4.66627148e+01  3.41454887e+02  1.79999341e+02 
 3.68694506e+02  4.66627148e+01  3.68694506e+02  1.79999289e+02 
 3.98107171e+02  4.66627148e+01  3.98107171e+02  1.79999232e+02 
 4.29866235e+02  4.66627148e+01  4.29866235e+02  1.79999171e+02 
 4.64158883e+02  4.66627149e+01  4.64158883e+02  1.79999105e+02 
 5.01187234e+02  4.66627149e+01  5.01187234e+02  1.79999033e+02 
 5.41169527e+02  4.66627149e+01  5.41169527e+02  1.79998956e+02 
 5.84341413e+02  4.66627149e+01  5.84341413e+02  1.79998873e+02 
 6.30957344e+02  4.66627150e+01  6.30957344e+02  1.79998783e+02 
 6.81292069e+02  4.66627150e+01  6.81292069e+02  1.79998686e+02 
 7.35642254e+02  4.66627151e+01  7.35642254e+02  1.79998581e+02 
 7.94328235e+02  4.66627151e+01  7.94328235e+02  1.79998468e+02 
 8.57695899e+02  4.66627152e+01  8.57695899e+02  1.79998345e+02 
 9.26118728e+02  4.66627153e+01  9.26118728e+02  1.79998213e+02 
 1.00000000e+03  4.66627154e+01  1.00000000e+03  1.79998071e+02 
 1.07977516e+03  4.66627155e+01  1.07977516e+03  1.79997917e+02 
 1.16591440e+03  4.66627156e+01  1.16591440e+03  1.79997751e+02 
 1.25892541e+03  4.66627157e+01  1.25892541e+03  1.79997571e+02 
 1.35935639e+03  4.66627159e+01  1.35935639e+03  1.79997377e+02 
 1.46779927e+03  4.66627161e+01  1.46779927e+03  1.79997168e+02 
 1.58489319e+03  4.66627163e+01  1.58489319e+03  1.79996942e+02 
 1.71132830e+03  4.66627166e+01  1.71132830e+03  1.79996698e+02 
 1.84784980e+03  4.66627169e+01  1.84784980e+03  1.79996435e+02 
 1.99526231e+03  4.66627172e+01  1.99526231e+03  1.79996151e+02 
 2.15443469e+03  4.66627177e+01  2.15443469e+03  1.79995844e+02 
 2.32630507e+03  4.66627181e+01  2.32630507e+03  1.79995512e+02 
 2.51188643e+03  4.66627187e+01  2.51188643e+03  1.79995154e+02 
 2.71227258e+03  4.66627194e+01  2.71227258e+03  1.79994767e+02 
 2.92864456e+03  4.66627201e+01  2.92864456e+03  1.79994350e+02 
 3.16227766e+03  4.66627210e+01  3.16227766e+03  1.79993899e+02 
 3.41454887e+03  4.66627221e+01  3.41454887e+03  1.79993412e+02 
 3.68694506e+03  4.66627233e+01  3.68694506e+03  1.79992887e+02 
 3.98107171e+03  4.66627247e+01  3.98107171e+03  1.79992320e+02 
 4.29866235e+03  4.66627264e+01  4.29866235e+03  1.79991707e+02 
 4.64158883e+03  4.66627283e+01  4.64158883e+03  1.79991045e+02 
 5.01187234e+03  4.66627306e+01  5.01187234e+03  1.79990331e+02 
 5.41169527e+03  4.66627332e+01  5.41169527e+03  1.79989559e+02 
 5.84341413e+03  4.66627363e+01  5.84341413e+03  1.79988727e+02 
 6.30957344e+03  4.66627399e+01  6.30957344e+03  1.79987827e+02 
 6.81292069e+03  4.66627440e+01  6.81292069e+03  1.79986856e+02 
 7.35642254e+03  4.66627489e+01  7.35642254e+03  1.79985808e+02 
 7.94328235e+03  4.66627546e+01  7.94328235e+03  1.79984675e+02 
 8.57695899e+03  4.66627612e+01  8.57695899e+03  1.79983453e+02 
 9.26118728e+03  4.66627689e+01  9.26118728e+03  1.79982133e+02 
 1.00000000e+04  4.66627779e+01  1.00000000e+04  1.79980707e+02 
 1.07977516e+04  4.66627884e+01  1.07977516e+04  1.79979168e+02 
 1.16591440e+04  4.66628006e+01  1.16591440e+04  1.79977506e+02 
 1.25892541e+04  4.66628149e+01  1.25892541e+04  1.79975712e+02 
 1.35935639e+04  4.66628315e+01  1.35935639e+04  1.79973774e+02 
 1.46779927e+04  4.66628508e+01  1.46779927e+04  1.79971682e+02 
 1.58489319e+04  4.66628734e+01  1.58489319e+04  1.79969423e+02 
 1.71132830e+04  4.66628998e+01  1.71132830e+04  1.79966983e+02 
 1.84784980e+04  4.66629305e+01  1.84784980e+04  1.79964349e+02 
 1.99526231e+04  4.66629662e+01  1.99526231e+04  1.79961505e+02 
 2.15443469e+04  4.66630080e+01  2.15443469e+04  1.79958433e+02 
 2.32630507e+04  4.66630566e+01  2.32630507e+04  1.79955117e+02 
 2.51188643e+04  4.66631134e+01  2.51188643e+04  1.79951536e+02 
 2.71227258e+04  4.66631795e+01  2.71227258e+04  1.79947669e+02 
 2.92864456e+04  4.66632566e+01  2.92864456e+04  1.79943493e+02 
 3.16227766e+04  4.66633465e+01  3.16227766e+04  1.79938985e+02 
 3.41454887e+04  4.66634514e+01  3.41454887e+04  1.79934116e+02 
 3.68694506e+04  4.66635736e+01  3.68694506e+04  1.79928858e+02 
 3.98107171e+04  4.66637161e+01  3.98107171e+04  1.79923181e+02 
 4.29866235e+04  4.66638823e+01  4.29866235e+04  1.79917050e+02 
 4.64158883e+04  4.66640760e+01  4.64158883e+04  1.79910430e+02 
 5.01187234e+04  4.66643018e+01  5.01187234e+04  1.79903280e+02 
 5.41169527e+04  4.66645652e+01  5.41169527e+04  1.79895559e+02 
 5.84341413e+04  4.66648723e+01  5.84341413e+04  1.79887221e+02 
 6.30957344e+04  4.66652303e+01  6.30957344e+04  1.79878216e+02 
 6.81292069e+04  4.66656478e+01  6.81292069e+04  1.79868491e+02 
 7.35642254e+04  4.66661344e+01  7.35642254e+04  1.79857987e+02 
 7.94328235e+04  4.66667019e+01  7.94328235e+04  1.79846642e+02 
 8.57695899e+04  4.66673637e+01  8.57695899e+04  1.79834387e+02 
 9.26118728e+04  4.66681353e+01  9.26118728e+04  1.79821150e+02 
 1.00000000e+05  4.66690349e+01  1.00000000e+05  1.79806851e+02 
 1.07977516e+05  4.66700839e+01  1.07977516e+05  1.79791402e+02 
 1.16591440e+05  4.66713071e+01  1.16591440e+05  1.79774710e+02 
 1.25892541e+05  4.66727334e+01  1.25892541e+05  1.79756674e+02 
 1.35935639e+05  4.66743970e+01  1.35935639e+05  1.79737182e+02 
 1.46779927e+05  4.66763366e+01  1.46779927e+05  1.79716115e+02 
 1.58489319e+05  4.66785986e+01  1.58489319e+05  1.79693340e+02 
 1.71132830e+05  4.66812369e+01  1.71132830e+05  1.79668716e+02 
 1.84784980e+05  4.66843135e+01  1.84784980e+05  1.79642085e+02 
 1.99526231e+05  4.66879023e+01  1.99526231e+05  1.79613278e+02 
 2.15443469e+05  4.66920884e+01  2.15443469e+05  1.79582106e+02 
 2.32630507e+05  4.66969706e+01  2.32630507e+05  1.79548364e+02 
 2.51188643e+05  4.67026674e+01  2.51188643e+05  1.79511824e+02 
 2.71227258e+05  4.67093134e+01  2.71227258e+05  1.79472237e+02 
 2.92864456e+05  4.67170669e+01  2.92864456e+05  1.79429324e+02 
 3.16227766e+05  4.67261171e+01  3.16227766e+05  1.79382775e+02 
 3.41454887e+05  4.67366808e+01  3.41454887e+05  1.79332246e+02 
 3.68694506e+05  4.67490122e+01  3.68694506e+05  1.79277347e+02 
 3.98107171e+05  4.67634087e+01  3.98107171e+05  1.79217640e+02 
 4.29866235e+05  4.67802266e+01  4.29866235e+05  1.79152628e+02 
 4.64158883e+05  4.67998705e+01  4.64158883e+05  1.79081744e+02 
 5.01187234e+05  4.68228315e+01  5.01187234e+05  1.79004334e+02 
 5.41169527e+05  4.68496759e+01  5.41169527e+05  1.78919642e+02 
 5.84341413e+05  4.68810758e+01  5.84341413e+05  1.78826786e+02 
 6.30957344e+05  4.69178220e+01  6.30957344e+05  1.78724732e+02 
 6.81292069e+05  4.69608608e+01  6.81292069e+05  1.78612245e+02 
 7.35642254e+05  4.70112934e+01  7.35642254e+05  1.78487856e+02 
 7.94328235e+05  4.70704490e+01  7.94328235e+05  1.78349785e+02 
 8.57695899e+05  4.71399293e+01  8.57695899e+05  1.78195853e+02 
 9.26118728e+05  4.72215952e+01  9.26118728e+05  1.78023385e+02 
 1.00000000e+06  4.73177730e+01  1.00000000e+06  1.77829025e+02 
 1.07977516e+06  4.74312111e+01  1.07977516e+06  1.77608540e+02 
 1.16591440e+06  4.75652835e+01  1.16591440e+06  1.77356506e+02 
 1.25892541e+06  4.77241344e+01  1.25892541e+06  1.77065872e+02 
 1.35935639e+06  4.79129171e+01  1.35935639e+06  1.76727320e+02 
 1.46779927e+06  4.81380769e+01  1.46779927e+06  1.76328315e+02 
 1.58489319e+06  4.84077472e+01  1.58489319e+06  1.75851658e+02 
 1.71132830e+06  4.87325603e+01  1.71132830e+06  1.75273070e+02 
 1.84784980e+06  4.91262232e+01  1.84784980e+06  1.74557492e+02 
 1.99526231e+06  4.96072503e+01  1.99526231e+06  1.73652333e+02 
 2.15443469e+06  5.02010386e+01  2.15443469e+06  1.72475426e+02 
 2.32630507e+06  5.09433445e+01  2.32630507e+06  1.70891873e+02 
 2.51188643e+06  5.18866616e+01  2.51188643e+06  1.68664783e+02 
 2.71227258e+06  5.31097769e+01  2.71227258e+06  1.65342360e+02 
 2.92864456e+06  5.47327510e+01  2.92864456e+06  1.59964350e+02 
 3.16227766e+06  5.69136332e+01  3.16227766e+06  1.50200664e+02 
 3.41454887e+06  5.95900134e+01  3.41454887e+06  1.29912500e+02 
 3.68694506e+06  6.07535037e+01  3.68694506e+06  9.08319191e+01 
 3.98107171e+06  5.77577552e+01  3.98107171e+06  5.42913100e+01 
 4.29866235e+06  5.37682348e+01  4.29866235e+06  3.62650591e+01 
 4.64158883e+06  5.03353231e+01  4.64158883e+06  2.75266667e+01 
 5.01187234e+06  4.74370031e+01  5.01187234e+06  2.27263078e+01 
 5.41169527e+06  4.49167843e+01  5.41169527e+06  1.98373618e+01 
 5.84341413e+06  4.26612548e+01  5.84341413e+06  1.80086092e+01 
 6.30957344e+06  4.05959259e+01  6.30957344e+06  1.68338167e+01 
 6.81292069e+06  3.86703092e+01  6.81292069e+06  1.60999383e+01 
 7.35642254e+06  3.68512199e+01  7.35642254e+06  1.56832880e+01 
 7.94328235e+06  3.51136318e+01  7.94328235e+06  1.55098698e+01 
 8.57695899e+06  3.34391517e+01  8.57695899e+06  1.55358396e+01 
 9.26118728e+06  3.18129754e+01  9.26118728e+06  1.57346725e+01 
 1.00000000e+07  3.02246590e+01  1.00000000e+07  1.60884454e+01 
 1.07977516e+07  2.86664488e+01  1.07977516e+07  1.65806788e+01 
 1.16591440e+07  2.71296476e+01  1.16591440e+07  1.72229629e+01 
 1.25892541e+07  2.56067364e+01  1.25892541e+07  1.80014316e+01 
 1.35935639e+07  2.40961082e+01  1.35935639e+07  1.89302121e+01 
 1.46779927e+07  2.25892873e+01  1.46779927e+07  2.00216747e+01 
 1.58489319e+07  2.10802335e+01  1.58489319e+07  2.12967104e+01 
 1.71132830e+07  1.95657996e+01  1.71132830e+07  2.27642783e+01 
 1.84784980e+07  1.80427365e+01  1.84784980e+07  2.44668099e+01 
 1.99526231e+07  1.65062608e+01  1.99526231e+07  2.64090786e+01 
 2.15443469e+07  1.49517116e+01  2.15443469e+07  2.86845486e+01 
 2.32630507e+07  1.33689637e+01  2.32630507e+07  3.13679722e+01 
 2.51188643e+07  1.17569538e+01  2.51188643e+07  3.45617108e+01 
 2.71227258e+07  1.01213007e+01  2.71227258e+07  3.83645142e+01 
 2.92864456e+07  8.46414135e+00  2.92864456e+07  4.29296788e+01 
 3.16227766e+07  6.78167971e+00  3.16227766e+07  4.84115882e+01 
 3.41454887e+07  5.08811508e+00  3.41454887e+07  5.50565915e+01 
 3.68694506e+07  3.47515658e+00  3.68694506e+07  6.35454033e+01 
 3.98107171e+07  1.95503121e+00  3.98107171e+07  7.34799357e+01 
 4.29866235e+07  7.40557368e-01  4.29866235e+07  8.53586960e+01 
 4.64158883e+07 -1.18574417e-01  4.64158883e+07  9.79968812e+01 
 5.01187234e+07 -6.07828928e-01  5.01187234e+07  1.11587292e+02 
 5.41169527e+07 -6.49206468e-01  5.41169527e+07  1.23144209e+02 
 5.84341413e+07 -5.57329815e-01  5.84341413e+07  1.33676395e+02 
 6.30957344e+07 -1.59604979e-01  6.30957344e+07  1.42330395e+02 
 6.81292069e+07  1.17835893e-01  6.81292069e+07  1.51057668e+02 
 7.35642254e+07  7.17581592e-01  7.35642254e+07  1.56690444e+02 
 7.94328235e+07  1.09210221e+00  7.94328235e+07  1.61995175e+02 
 8.57695899e+07  1.43803033e+00  8.57695899e+07  1.66504718e+02 
 9.26118728e+07  1.94728326e+00  9.26118728e+07  1.70312349e+02 
 1.00000000e+08  2.30035739e+00  1.00000000e+08  1.74048179e+02 
 1.07977516e+08  2.72005919e+00  1.07977516e+08  1.76796602e+02 
 1.16591440e+08  2.94865247e+00  1.16591440e+08  1.79498888e+02 
 1.25892541e+08  3.38008067e+00  1.25892541e+08  1.81848044e+02 
 1.35935639e+08  3.53052510e+00  1.35935639e+08  1.84040426e+02 
 1.46779927e+08  4.00816125e+00  1.46779927e+08  1.85996801e+02 
 1.58489319e+08  4.41460089e+00  1.58489319e+08  1.87818050e+02 
 1.71132830e+08  4.83889425e+00  1.71132830e+08  1.88546537e+02 
 1.84784980e+08  5.02811097e+00  1.84784980e+08  1.89529304e+02 
 1.99526231e+08  5.68275773e+00  1.99526231e+08  1.89926836e+02 
 2.15443469e+08  6.33873194e+00  2.15443469e+08  1.90323890e+02 
 2.32630507e+08  5.70881745e+00  2.32630507e+08  1.90810022e+02 
 2.51188643e+08  6.80388778e+00  2.51188643e+08  1.90450721e+02 
 2.71227258e+08  6.24166909e+00  2.71227258e+08  1.90084552e+02 
 2.92864456e+08  6.81457276e+00  2.92864456e+08  1.89360754e+02 
 3.16227766e+08  7.03064203e+00  3.16227766e+08  1.88803777e+02 
 3.41454887e+08  8.34457011e+00  3.41454887e+08  1.87562019e+02 
 3.68694506e+08  7.13446307e+00  3.68694506e+08  1.87126312e+02 
 3.98107171e+08  6.92017583e+00  3.98107171e+08  1.86069443e+02 
 4.29866235e+08  8.12912513e+00  4.29866235e+08  1.85150194e+02 
 4.64158883e+08  6.84236080e+00  4.64158883e+08  1.84396657e+02 
 5.01187234e+08  7.10392976e+00  5.01187234e+08  1.83618946e+02 
 5.41169527e+08  7.72842571e+00  5.41169527e+08  1.83060889e+02 
 5.84341413e+08  8.87278937e+00  5.84341413e+08  1.82352252e+02 
 6.30957344e+08  7.51286840e+00  6.30957344e+08  1.82063736e+02 
 6.81292069e+08  3.68493306e+00  6.81292069e+08  1.81584287e+02 
 7.35642254e+08  8.33544187e+00  7.35642254e+08  1.81399487e+02 
 7.94328235e+08  6.98625893e+00  7.94328235e+08  1.80865684e+02 
 8.57695899e+08  1.16636306e+01  8.57695899e+08  1.81406210e+02 
 9.26118728e+08  4.30238616e+00  9.26118728e+08  1.80919223e+02 
 1.00000000e+09  2.93957917e+00  1.00000000e+09  1.81010941e+02 
