 1.00000000e+00  4.64375798e+01  1.00000000e+00  1.79999998e+02 
 1.07977516e+00  4.64375798e+01  1.07977516e+00  1.79999998e+02 
 1.16591440e+00  4.64375798e+01  1.16591440e+00  1.79999998e+02 
 1.25892541e+00  4.64375798e+01  1.25892541e+00  1.79999997e+02 
 1.35935639e+00  4.64375798e+01  1.35935639e+00  1.79999997e+02 
 1.46779927e+00  4.64375798e+01  1.46779927e+00  1.79999997e+02 
 1.58489319e+00  4.64375798e+01  1.58489319e+00  1.79999997e+02 
 1.71132830e+00  4.64375798e+01  1.71132830e+00  1.79999996e+02 
 1.84784980e+00  4.64375798e+01  1.84784980e+00  1.79999996e+02 
 1.99526231e+00  4.64375798e+01  1.99526231e+00  1.79999996e+02 
 2.15443469e+00  4.64375798e+01  2.15443469e+00  1.79999995e+02 
 2.32630507e+00  4.64375798e+01  2.32630507e+00  1.79999995e+02 
 2.51188643e+00  4.64375798e+01  2.51188643e+00  1.79999995e+02 
 2.71227258e+00  4.64375798e+01  2.71227258e+00  1.79999994e+02 
 2.92864456e+00  4.64375798e+01  2.92864456e+00  1.79999994e+02 
 3.16227766e+00  4.64375798e+01  3.16227766e+00  1.79999993e+02 
 3.41454887e+00  4.64375798e+01  3.41454887e+00  1.79999993e+02 
 3.68694506e+00  4.64375798e+01  3.68694506e+00  1.79999992e+02 
 3.98107171e+00  4.64375798e+01  3.98107171e+00  1.79999991e+02 
 4.29866235e+00  4.64375798e+01  4.29866235e+00  1.79999991e+02 
 4.64158883e+00  4.64375798e+01  4.64158883e+00  1.79999990e+02 
 5.01187234e+00  4.64375798e+01  5.01187234e+00  1.79999989e+02 
 5.41169527e+00  4.64375798e+01  5.41169527e+00  1.79999988e+02 
 5.84341413e+00  4.64375798e+01  5.84341413e+00  1.79999988e+02 
 6.30957344e+00  4.64375798e+01  6.30957344e+00  1.79999987e+02 
 6.81292069e+00  4.64375798e+01  6.81292069e+00  1.79999985e+02 
 7.35642254e+00  4.64375798e+01  7.35642254e+00  1.79999984e+02 
 7.94328235e+00  4.64375798e+01  7.94328235e+00  1.79999983e+02 
 8.57695899e+00  4.64375798e+01  8.57695899e+00  1.79999982e+02 
 9.26118728e+00  4.64375798e+01  9.26118728e+00  1.79999980e+02 
 1.00000000e+01  4.64375798e+01  1.00000000e+01  1.79999979e+02 
 1.07977516e+01  4.64375798e+01  1.07977516e+01  1.79999977e+02 
 1.16591440e+01  4.64375798e+01  1.16591440e+01  1.79999975e+02 
 1.25892541e+01  4.64375798e+01  1.25892541e+01  1.79999973e+02 
 1.35935639e+01  4.64375798e+01  1.35935639e+01  1.79999971e+02 
 1.46779927e+01  4.64375798e+01  1.46779927e+01  1.79999969e+02 
 1.58489319e+01  4.64375798e+01  1.58489319e+01  1.79999966e+02 
 1.71132830e+01  4.64375798e+01  1.71132830e+01  1.79999963e+02 
 1.84784980e+01  4.64375798e+01  1.84784980e+01  1.79999960e+02 
 1.99526231e+01  4.64375798e+01  1.99526231e+01  1.79999957e+02 
 2.15443469e+01  4.64375798e+01  2.15443469e+01  1.79999954e+02 
 2.32630507e+01  4.64375798e+01  2.32630507e+01  1.79999950e+02 
 2.51188643e+01  4.64375798e+01  2.51188643e+01  1.79999946e+02 
 2.71227258e+01  4.64375798e+01  2.71227258e+01  1.79999942e+02 
 2.92864456e+01  4.64375798e+01  2.92864456e+01  1.79999937e+02 
 3.16227766e+01  4.64375798e+01  3.16227766e+01  1.79999932e+02 
 3.41454887e+01  4.64375798e+01  3.41454887e+01  1.79999927e+02 
 3.68694506e+01  4.64375798e+01  3.68694506e+01  1.79999921e+02 
 3.98107171e+01  4.64375798e+01  3.98107171e+01  1.79999915e+02 
 4.29866235e+01  4.64375798e+01  4.29866235e+01  1.79999908e+02 
 4.64158883e+01  4.64375798e+01  4.64158883e+01  1.79999901e+02 
 5.01187234e+01  4.64375798e+01  5.01187234e+01  1.79999893e+02 
 5.41169527e+01  4.64375798e+01  5.41169527e+01  1.79999884e+02 
 5.84341413e+01  4.64375798e+01  5.84341413e+01  1.79999875e+02 
 6.30957344e+01  4.64375798e+01  6.30957344e+01  1.79999865e+02 
 6.81292069e+01  4.64375798e+01  6.81292069e+01  1.79999854e+02 
 7.35642254e+01  4.64375798e+01  7.35642254e+01  1.79999843e+02 
 7.94328235e+01  4.64375798e+01  7.94328235e+01  1.79999830e+02 
 8.57695899e+01  4.64375798e+01  8.57695899e+01  1.79999817e+02 
 9.26118728e+01  4.64375798e+01  9.26118728e+01  1.79999802e+02 
 1.00000000e+02  4.64375798e+01  1.00000000e+02  1.79999786e+02 
 1.07977516e+02  4.64375798e+01  1.07977516e+02  1.79999769e+02 
 1.16591440e+02  4.64375798e+01  1.16591440e+02  1.79999751e+02 
 1.25892541e+02  4.64375798e+01  1.25892541e+02  1.79999731e+02 
 1.35935639e+02  4.64375798e+01  1.35935639e+02  1.79999709e+02 
 1.46779927e+02  4.64375798e+01  1.46779927e+02  1.79999686e+02 
 1.58489319e+02  4.64375799e+01  1.58489319e+02  1.79999661e+02 
 1.71132830e+02  4.64375799e+01  1.71132830e+02  1.79999634e+02 
 1.84784980e+02  4.64375799e+01  1.84784980e+02  1.79999605e+02 
 1.99526231e+02  4.64375799e+01  1.99526231e+02  1.79999573e+02 
 2.15443469e+02  4.64375799e+01  2.15443469e+02  1.79999539e+02 
 2.32630507e+02  4.64375799e+01  2.32630507e+02  1.79999503e+02 
 2.51188643e+02  4.64375799e+01  2.51188643e+02  1.79999463e+02 
 2.71227258e+02  4.64375799e+01  2.71227258e+02  1.79999420e+02 
 2.92864456e+02  4.64375799e+01  2.92864456e+02  1.79999374e+02 
 3.16227766e+02  4.64375799e+01  3.16227766e+02  1.79999324e+02 
 3.41454887e+02  4.64375799e+01  3.41454887e+02  1.79999270e+02 
 3.68694506e+02  4.64375799e+01  3.68694506e+02  1.79999212e+02 
 3.98107171e+02  4.64375799e+01  3.98107171e+02  1.79999149e+02 
 4.29866235e+02  4.64375799e+01  4.29866235e+02  1.79999081e+02 
 4.64158883e+02  4.64375800e+01  4.64158883e+02  1.79999008e+02 
 5.01187234e+02  4.64375800e+01  5.01187234e+02  1.79998929e+02 
 5.41169527e+02  4.64375800e+01  5.41169527e+02  1.79998843e+02 
 5.84341413e+02  4.64375800e+01  5.84341413e+02  1.79998751e+02 
 6.30957344e+02  4.64375801e+01  6.30957344e+02  1.79998651e+02 
 6.81292069e+02  4.64375801e+01  6.81292069e+02  1.79998544e+02 
 7.35642254e+02  4.64375802e+01  7.35642254e+02  1.79998427e+02 
 7.94328235e+02  4.64375802e+01  7.94328235e+02  1.79998302e+02 
 8.57695899e+02  4.64375803e+01  8.57695899e+02  1.79998166e+02 
 9.26118728e+02  4.64375803e+01  9.26118728e+02  1.79998020e+02 
 1.00000000e+03  4.64375804e+01  1.00000000e+03  1.79997862e+02 
 1.07977516e+03  4.64375805e+01  1.07977516e+03  1.79997692e+02 
 1.16591440e+03  4.64375806e+01  1.16591440e+03  1.79997508e+02 
 1.25892541e+03  4.64375808e+01  1.25892541e+03  1.79997309e+02 
 1.35935639e+03  4.64375809e+01  1.35935639e+03  1.79997094e+02 
 1.46779927e+03  4.64375811e+01  1.46779927e+03  1.79996862e+02 
 1.58489319e+03  4.64375813e+01  1.58489319e+03  1.79996612e+02 
 1.71132830e+03  4.64375816e+01  1.71132830e+03  1.79996342e+02 
 1.84784980e+03  4.64375818e+01  1.84784980e+03  1.79996050e+02 
 1.99526231e+03  4.64375822e+01  1.99526231e+03  1.79995735e+02 
 2.15443469e+03  4.64375826e+01  2.15443469e+03  1.79995394e+02 
 2.32630507e+03  4.64375830e+01  2.32630507e+03  1.79995027e+02 
 2.51188643e+03  4.64375835e+01  2.51188643e+03  1.79994630e+02 
 2.71227258e+03  4.64375842e+01  2.71227258e+03  1.79994202e+02 
 2.92864456e+03  4.64375849e+01  2.92864456e+03  1.79993739e+02 
 3.16227766e+03  4.64375857e+01  3.16227766e+03  1.79993240e+02 
 3.41454887e+03  4.64375867e+01  3.41454887e+03  1.79992700e+02 
 3.68694506e+03  4.64375878e+01  3.68694506e+03  1.79992118e+02 
 3.98107171e+03  4.64375891e+01  3.98107171e+03  1.79991489e+02 
 4.29866235e+03  4.64375907e+01  4.29866235e+03  1.79990810e+02 
 4.64158883e+03  4.64375925e+01  4.64158883e+03  1.79990077e+02 
 5.01187234e+03  4.64375946e+01  5.01187234e+03  1.79989286e+02 
 5.41169527e+03  4.64375970e+01  5.41169527e+03  1.79988431e+02 
 5.84341413e+03  4.64375999e+01  5.84341413e+03  1.79987508e+02 
 6.30957344e+03  4.64376032e+01  6.30957344e+03  1.79986511e+02 
 6.81292069e+03  4.64376071e+01  6.81292069e+03  1.79985435e+02 
 7.35642254e+03  4.64376116e+01  7.35642254e+03  1.79984273e+02 
 7.94328235e+03  4.64376168e+01  7.94328235e+03  1.79983019e+02 
 8.57695899e+03  4.64376230e+01  8.57695899e+03  1.79981664e+02 
 9.26118728e+03  4.64376301e+01  9.26118728e+03  1.79980201e+02 
 1.00000000e+04  4.64376385e+01  1.00000000e+04  1.79978622e+02 
 1.07977516e+04  4.64376482e+01  1.07977516e+04  1.79976916e+02 
 1.16591440e+04  4.64376596e+01  1.16591440e+04  1.79975075e+02 
 1.25892541e+04  4.64376728e+01  1.25892541e+04  1.79973086e+02 
 1.35935639e+04  4.64376882e+01  1.35935639e+04  1.79970939e+02 
 1.46779927e+04  4.64377062e+01  1.46779927e+04  1.79968621e+02 
 1.58489319e+04  4.64377272e+01  1.58489319e+04  1.79966117e+02 
 1.71132830e+04  4.64377516e+01  1.71132830e+04  1.79963414e+02 
 1.84784980e+04  4.64377801e+01  1.84784980e+04  1.79960495e+02 
 1.99526231e+04  4.64378133e+01  1.99526231e+04  1.79957343e+02 
 2.15443469e+04  4.64378521e+01  2.15443469e+04  1.79953940e+02 
 2.32630507e+04  4.64378972e+01  2.32630507e+04  1.79950265e+02 
 2.51188643e+04  4.64379499e+01  2.51188643e+04  1.79946297e+02 
 2.71227258e+04  4.64380113e+01  2.71227258e+04  1.79942013e+02 
 2.92864456e+04  4.64380829e+01  2.92864456e+04  1.79937386e+02 
 3.16227766e+04  4.64381664e+01  3.16227766e+04  1.79932390e+02 
 3.41454887e+04  4.64382637e+01  3.41454887e+04  1.79926995e+02 
 3.68694506e+04  4.64383772e+01  3.68694506e+04  1.79921169e+02 
 3.98107171e+04  4.64385095e+01  3.98107171e+04  1.79914879e+02 
 4.29866235e+04  4.64386637e+01  4.29866235e+04  1.79908086e+02 
 4.64158883e+04  4.64388435e+01  4.64158883e+04  1.79900750e+02 
 5.01187234e+04  4.64390532e+01  5.01187234e+04  1.79892828e+02 
 5.41169527e+04  4.64392977e+01  5.41169527e+04  1.79884274e+02 
 5.84341413e+04  4.64395827e+01  5.84341413e+04  1.79875035e+02 
 6.30957344e+04  4.64399151e+01  6.30957344e+04  1.79865059e+02 
 6.81292069e+04  4.64403026e+01  6.81292069e+04  1.79854284e+02 
 7.35642254e+04  4.64407544e+01  7.35642254e+04  1.79842647e+02 
 7.94328235e+04  4.64412812e+01  7.94328235e+04  1.79830078e+02 
 8.57695899e+04  4.64418955e+01  8.57695899e+04  1.79816503e+02 
 9.26118728e+04  4.64426118e+01  9.26118728e+04  1.79801840e+02 
 1.00000000e+05  4.64434468e+01  1.00000000e+05  1.79786000e+02 
 1.07977516e+05  4.64444206e+01  1.07977516e+05  1.79768889e+02 
 1.16591440e+05  4.64455562e+01  1.16591440e+05  1.79750402e+02 
 1.25892541e+05  4.64468803e+01  1.25892541e+05  1.79730428e+02 
 1.35935639e+05  4.64484242e+01  1.35935639e+05  1.79708844e+02 
 1.46779927e+05  4.64502246e+01  1.46779927e+05  1.79685518e+02 
 1.58489319e+05  4.64523244e+01  1.58489319e+05  1.79660306e+02 
 1.71132830e+05  4.64547728e+01  1.71132830e+05  1.79633050e+02 
 1.84784980e+05  4.64576286e+01  1.84784980e+05  1.79603578e+02 
 1.99526231e+05  4.64609597e+01  1.99526231e+05  1.79571705e+02 
 2.15443469e+05  4.64648444e+01  2.15443469e+05  1.79537223e+02 
 2.32630507e+05  4.64693757e+01  2.32630507e+05  1.79499910e+02 
 2.51188643e+05  4.64746623e+01  2.51188643e+05  1.79459516e+02 
 2.71227258e+05  4.64808298e+01  2.71227258e+05  1.79415770e+02 
 2.92864456e+05  4.64880246e+01  2.92864456e+05  1.79368371e+02 
 3.16227766e+05  4.64964213e+01  3.16227766e+05  1.79316983e+02 
 3.41454887e+05  4.65062208e+01  3.41454887e+05  1.79261234e+02 
 3.68694506e+05  4.65176616e+01  3.68694506e+05  1.79200707e+02 
 3.98107171e+05  4.65310173e+01  3.98107171e+05  1.79134934e+02 
 4.29866235e+05  4.65466118e+01  4.29866235e+05  1.79063385e+02 
 4.64158883e+05  4.65648301e+01  4.64158883e+05  1.78985459e+02 
 5.01187234e+05  4.65861171e+01  5.01187234e+05  1.78900468e+02 
 5.41169527e+05  4.66110002e+01  5.41169527e+05  1.78807619e+02 
 5.84341413e+05  4.66400951e+01  5.84341413e+05  1.78705993e+02 
 6.30957344e+05  4.66741371e+01  6.30957344e+05  1.78594518e+02 
 6.81292069e+05  4.67139860e+01  6.81292069e+05  1.78471925e+02 
 7.35642254e+05  4.67606687e+01  7.35642254e+05  1.78336712e+02 
 7.94328235e+05  4.68154138e+01  7.94328235e+05  1.78187067e+02 
 8.57695899e+05  4.68796446e+01  8.57695899e+05  1.78020803e+02 
 9.26118728e+05  4.69551197e+01  9.26118728e+05  1.77835232e+02 
 1.00000000e+06  4.70439046e+01  1.00000000e+06  1.77627028e+02 
 1.07977516e+06  4.71485282e+01  1.07977516e+06  1.77392018e+02 
 1.16591440e+06  4.72720437e+01  1.16591440e+06  1.77124906e+02 
 1.25892541e+06  4.74181710e+01  1.25892541e+06  1.76818861e+02 
 1.35935639e+06  4.75915634e+01  1.35935639e+06  1.76464941e+02 
 1.46779927e+06  4.77979155e+01  1.46779927e+06  1.76051264e+02 
 1.58489319e+06  4.80444722e+01  1.58489319e+06  1.75561675e+02 
 1.71132830e+06  4.83404660e+01  1.71132830e+06  1.74973758e+02 
 1.84784980e+06  4.86978699e+01  1.84784980e+06  1.74255551e+02 
 1.99526231e+06  4.91324267e+01  1.99526231e+06  1.73360069e+02 
 2.15443469e+06  4.96655084e+01  2.15443469e+06  1.72215632e+02 
 2.32630507e+06  5.03265569e+01  2.32630507e+06  1.70707792e+02 
 2.51188643e+06  5.11576675e+01  2.51188643e+06  1.68643050e+02 
 2.71227258e+06  5.22199913e+01  2.71227258e+06  1.65670357e+02 
 2.92864456e+06  5.36039376e+01  2.92864456e+06  1.61091896e+02 
 3.16227766e+06  5.54313602e+01  3.16227766e+06  1.53359584e+02 
 3.41454887e+06  5.77580748e+01  3.41454887e+06  1.38689314e+02 
 3.68694506e+06  5.97770739e+01  3.68694506e+06  1.09496230e+02 
 3.98107171e+06  5.86498756e+01  3.98107171e+06  7.03815643e+01 
 4.29866235e+06  5.50245037e+01  4.29866235e+06  4.52220582e+01 
 4.64158883e+06  5.14552980e+01  4.64158883e+06  3.27858108e+01 
 5.01187234e+06  4.83966708e+01  5.01187234e+06  2.61466686e+01 
 5.41169527e+06  4.57511403e+01  5.41169527e+06  2.22323322e+01 
 5.84341413e+06  4.34020944e+01  5.84341413e+06  1.97667178e+01 
 6.30957344e+06  4.12670083e+01  6.30957344e+06  1.81623432e+01 
 6.81292069e+06  3.92887099e+01  6.81292069e+06  1.71156133e+01 
 7.35642254e+06  3.74282562e+01  7.35642254e+06  1.64610564e+01 
 7.94328235e+06  3.56576572e+01  7.94328235e+06  1.60964562e+01 
 8.57695899e+06  3.39568099e+01  8.57695899e+06  1.59612417e+01 
 9.26118728e+06  3.23092637e+01  9.26118728e+06  1.60218850e+01 
 1.00000000e+07  3.07044465e+01  1.00000000e+07  1.62489348e+01 
 1.07977516e+07  2.91318585e+01  1.07977516e+07  1.66318713e+01 
 1.16591440e+07  2.75844733e+01  1.16591440e+07  1.71571502e+01 
 1.25892541e+07  2.60520986e+01  1.25892541e+07  1.78357690e+01 
 1.35935639e+07  2.45311878e+01  1.35935639e+07  1.86640926e+01 
 1.46779927e+07  2.30191660e+01  1.46779927e+07  1.96460575e+01 
 1.58489319e+07  2.15055624e+01  1.58489319e+07  2.08019850e+01 
 1.71132830e+07  1.99883988e+01  1.71132830e+07  2.21533330e+01 
 1.84784980e+07  1.84613425e+01  1.84784980e+07  2.37196718e+01 
 1.99526231e+07  1.69175665e+01  1.99526231e+07  2.55622499e+01 
 2.15443469e+07  1.53605178e+01  2.15443469e+07  2.76913989e+01 
 2.32630507e+07  1.37780066e+01  2.32630507e+07  3.01979891e+01 
 2.51188643e+07  1.21682406e+01  2.51188643e+07  3.31313003e+01 
 2.71227258e+07  1.05138457e+01  2.71227258e+07  3.66721261e+01 
 2.92864456e+07  8.84315397e+00  2.92864456e+07  4.09484555e+01 
 3.16227766e+07  7.13797491e+00  3.16227766e+07  4.62329852e+01 
 3.41454887e+07  5.41327164e+00  3.41454887e+07  5.26055586e+01 
 3.68694506e+07  3.76110184e+00  3.68694506e+07  6.07432568e+01 
 3.98107171e+07  2.16486189e+00  3.98107171e+07  7.04247871e+01 
 4.29866235e+07  7.57074088e-01  4.29866235e+07  8.17213785e+01 
 4.64158883e+07 -1.87791926e-01  4.64158883e+07  9.50935118e+01 
 5.01187234e+07 -7.94137309e-01  5.01187234e+07  1.09178760e+02 
 5.41169527e+07 -9.45366636e-01  5.41169527e+07  1.21336419e+02 
 5.84341413e+07 -7.35068465e-01  5.84341413e+07  1.32533164e+02 
 6.30957344e+07 -3.91669827e-01  6.30957344e+07  1.42302699e+02 
 6.81292069e+07  5.22995923e-02  6.81292069e+07  1.49779839e+02 
 7.35642254e+07  6.28544217e-01  7.35642254e+07  1.56551895e+02 
 7.94328235e+07  9.05372461e-01  7.94328235e+07  1.61728098e+02 
 8.57695899e+07  1.43199537e+00  8.57695899e+07  1.66158362e+02 
 9.26118728e+07  1.78849243e+00  9.26118728e+07  1.70232394e+02 
 1.00000000e+08  2.14737091e+00  1.00000000e+08  1.73817698e+02 
 1.07977516e+08  2.55368115e+00  1.07977516e+08  1.76710876e+02 
 1.16591440e+08  2.99505624e+00  1.16591440e+08  1.79309655e+02 
 1.25892541e+08  3.45840355e+00  1.25892541e+08  1.81844108e+02 
 1.35935639e+08  3.76180998e+00  1.35935639e+08  1.83917741e+02 
 1.46779927e+08  3.97845990e+00  1.46779927e+08  1.85694668e+02 
 1.58489319e+08  4.37946763e+00  1.58489319e+08  1.87589863e+02 
 1.71132830e+08  4.81203922e+00  1.71132830e+08  1.88668511e+02 
 1.84784980e+08  5.00887066e+00  1.84784980e+08  1.89934085e+02 
 1.99526231e+08  5.66977728e+00  1.99526231e+08  1.90567754e+02 
 2.15443469e+08  5.63440298e+00  2.15443469e+08  1.90805236e+02 
 2.32630507e+08  6.08641033e+00  2.32630507e+08  1.90831928e+02 
 2.51188643e+08  6.80096299e+00  2.51188643e+08  1.90775862e+02 
 2.71227258e+08  6.23993837e+00  2.71227258e+08  1.90250209e+02 
 2.92864456e+08  6.23697331e+00  2.92864456e+08  1.89911524e+02 
 3.16227766e+08  7.04660899e+00  3.16227766e+08  1.88751282e+02 
 3.41454887e+08  7.45306404e+00  3.41454887e+08  1.88030313e+02 
 3.68694506e+08  6.25529420e+00  3.68694506e+08  1.87051584e+02 
 3.98107171e+08  8.10552539e+00  3.98107171e+08  1.86025708e+02 
 4.29866235e+08  5.68605104e+00  4.29866235e+08  1.85403192e+02 
 4.64158883e+08  6.87504116e+00  4.64158883e+08  1.84555955e+02 
 5.01187234e+08  7.12995578e+00  5.01187234e+08  1.84180100e+02 
 5.41169527e+08  1.02419705e+01  5.41169527e+08  1.82871238e+02 
 5.84341413e+08  6.40846343e+00  5.84341413e+08  1.82862851e+02 
 6.30957344e+08  5.09044088e+00  6.30957344e+08  1.82181624e+02 
 6.81292069e+08  6.21745976e+00  6.81292069e+08  1.81707566e+02 
 7.35642254e+08  8.38815757e+00  7.35642254e+08  1.81557046e+02 
 7.94328235e+08  7.03300373e+00  7.94328235e+08  1.81421783e+02 
 8.57695899e+08  1.16818034e+01  8.57695899e+08  1.81443767e+02 
 9.26118728e+08  4.32928766e+00  9.26118728e+08  1.81211036e+02 
 1.00000000e+09  8.98779350e+00  1.00000000e+09  1.79974445e+02 
