 1.00000000e+00  4.75014790e+01  1.00000000e+00  1.79999997e+02 
 1.07977516e+00  4.75014790e+01  1.07977516e+00  1.79999996e+02 
 1.16591440e+00  4.75014790e+01  1.16591440e+00  1.79999996e+02 
 1.25892541e+00  4.75014790e+01  1.25892541e+00  1.79999996e+02 
 1.35935639e+00  4.75014790e+01  1.35935639e+00  1.79999995e+02 
 1.46779927e+00  4.75014790e+01  1.46779927e+00  1.79999995e+02 
 1.58489319e+00  4.75014790e+01  1.58489319e+00  1.79999994e+02 
 1.71132830e+00  4.75014790e+01  1.71132830e+00  1.79999994e+02 
 1.84784980e+00  4.75014790e+01  1.84784980e+00  1.79999994e+02 
 1.99526231e+00  4.75014790e+01  1.99526231e+00  1.79999993e+02 
 2.15443469e+00  4.75014790e+01  2.15443469e+00  1.79999993e+02 
 2.32630507e+00  4.75014790e+01  2.32630507e+00  1.79999992e+02 
 2.51188643e+00  4.75014790e+01  2.51188643e+00  1.79999991e+02 
 2.71227258e+00  4.75014790e+01  2.71227258e+00  1.79999991e+02 
 2.92864456e+00  4.75014790e+01  2.92864456e+00  1.79999990e+02 
 3.16227766e+00  4.75014790e+01  3.16227766e+00  1.79999989e+02 
 3.41454887e+00  4.75014790e+01  3.41454887e+00  1.79999988e+02 
 3.68694506e+00  4.75014790e+01  3.68694506e+00  1.79999987e+02 
 3.98107171e+00  4.75014790e+01  3.98107171e+00  1.79999986e+02 
 4.29866235e+00  4.75014790e+01  4.29866235e+00  1.79999985e+02 
 4.64158883e+00  4.75014790e+01  4.64158883e+00  1.79999984e+02 
 5.01187234e+00  4.75014790e+01  5.01187234e+00  1.79999983e+02 
 5.41169527e+00  4.75014790e+01  5.41169527e+00  1.79999981e+02 
 5.84341413e+00  4.75014790e+01  5.84341413e+00  1.79999980e+02 
 6.30957344e+00  4.75014790e+01  6.30957344e+00  1.79999978e+02 
 6.81292069e+00  4.75014790e+01  6.81292069e+00  1.79999976e+02 
 7.35642254e+00  4.75014790e+01  7.35642254e+00  1.79999974e+02 
 7.94328235e+00  4.75014790e+01  7.94328235e+00  1.79999972e+02 
 8.57695899e+00  4.75014790e+01  8.57695899e+00  1.79999970e+02 
 9.26118728e+00  4.75014790e+01  9.26118728e+00  1.79999968e+02 
 1.00000000e+01  4.75014790e+01  1.00000000e+01  1.79999965e+02 
 1.07977516e+01  4.75014790e+01  1.07977516e+01  1.79999963e+02 
 1.16591440e+01  4.75014790e+01  1.16591440e+01  1.79999960e+02 
 1.25892541e+01  4.75014790e+01  1.25892541e+01  1.79999956e+02 
 1.35935639e+01  4.75014790e+01  1.35935639e+01  1.79999953e+02 
 1.46779927e+01  4.75014790e+01  1.46779927e+01  1.79999949e+02 
 1.58489319e+01  4.75014790e+01  1.58489319e+01  1.79999945e+02 
 1.71132830e+01  4.75014790e+01  1.71132830e+01  1.79999941e+02 
 1.84784980e+01  4.75014790e+01  1.84784980e+01  1.79999936e+02 
 1.99526231e+01  4.75014790e+01  1.99526231e+01  1.79999931e+02 
 2.15443469e+01  4.75014790e+01  2.15443469e+01  1.79999925e+02 
 2.32630507e+01  4.75014790e+01  2.32630507e+01  1.79999919e+02 
 2.51188643e+01  4.75014790e+01  2.51188643e+01  1.79999913e+02 
 2.71227258e+01  4.75014790e+01  2.71227258e+01  1.79999906e+02 
 2.92864456e+01  4.75014790e+01  2.92864456e+01  1.79999898e+02 
 3.16227766e+01  4.75014790e+01  3.16227766e+01  1.79999890e+02 
 3.41454887e+01  4.75014790e+01  3.41454887e+01  1.79999881e+02 
 3.68694506e+01  4.75014790e+01  3.68694506e+01  1.79999872e+02 
 3.98107171e+01  4.75014790e+01  3.98107171e+01  1.79999862e+02 
 4.29866235e+01  4.75014790e+01  4.29866235e+01  1.79999851e+02 
 4.64158883e+01  4.75014790e+01  4.64158883e+01  1.79999839e+02 
 5.01187234e+01  4.75014790e+01  5.01187234e+01  1.79999826e+02 
 5.41169527e+01  4.75014790e+01  5.41169527e+01  1.79999812e+02 
 5.84341413e+01  4.75014790e+01  5.84341413e+01  1.79999797e+02 
 6.30957344e+01  4.75014790e+01  6.30957344e+01  1.79999781e+02 
 6.81292069e+01  4.75014790e+01  6.81292069e+01  1.79999764e+02 
 7.35642254e+01  4.75014790e+01  7.35642254e+01  1.79999745e+02 
 7.94328235e+01  4.75014790e+01  7.94328235e+01  1.79999724e+02 
 8.57695899e+01  4.75014790e+01  8.57695899e+01  1.79999702e+02 
 9.26118728e+01  4.75014790e+01  9.26118728e+01  1.79999679e+02 
 1.00000000e+02  4.75014790e+01  1.00000000e+02  1.79999653e+02 
 1.07977516e+02  4.75014790e+01  1.07977516e+02  1.79999625e+02 
 1.16591440e+02  4.75014790e+01  1.16591440e+02  1.79999595e+02 
 1.25892541e+02  4.75014790e+01  1.25892541e+02  1.79999563e+02 
 1.35935639e+02  4.75014790e+01  1.35935639e+02  1.79999528e+02 
 1.46779927e+02  4.75014790e+01  1.46779927e+02  1.79999491e+02 
 1.58489319e+02  4.75014790e+01  1.58489319e+02  1.79999450e+02 
 1.71132830e+02  4.75014790e+01  1.71132830e+02  1.79999406e+02 
 1.84784980e+02  4.75014790e+01  1.84784980e+02  1.79999359e+02 
 1.99526231e+02  4.75014790e+01  1.99526231e+02  1.79999308e+02 
 2.15443469e+02  4.75014790e+01  2.15443469e+02  1.79999252e+02 
 2.32630507e+02  4.75014790e+01  2.32630507e+02  1.79999193e+02 
 2.51188643e+02  4.75014791e+01  2.51188643e+02  1.79999128e+02 
 2.71227258e+02  4.75014791e+01  2.71227258e+02  1.79999059e+02 
 2.92864456e+02  4.75014791e+01  2.92864456e+02  1.79998984e+02 
 3.16227766e+02  4.75014791e+01  3.16227766e+02  1.79998902e+02 
 3.41454887e+02  4.75014791e+01  3.41454887e+02  1.79998815e+02 
 3.68694506e+02  4.75014791e+01  3.68694506e+02  1.79998720e+02 
 3.98107171e+02  4.75014791e+01  3.98107171e+02  1.79998618e+02 
 4.29866235e+02  4.75014791e+01  4.29866235e+02  1.79998508e+02 
 4.64158883e+02  4.75014792e+01  4.64158883e+02  1.79998389e+02 
 5.01187234e+02  4.75014792e+01  5.01187234e+02  1.79998261e+02 
 5.41169527e+02  4.75014792e+01  5.41169527e+02  1.79998122e+02 
 5.84341413e+02  4.75014792e+01  5.84341413e+02  1.79997972e+02 
 6.30957344e+02  4.75014793e+01  6.30957344e+02  1.79997810e+02 
 6.81292069e+02  4.75014793e+01  6.81292069e+02  1.79997635e+02 
 7.35642254e+02  4.75014794e+01  7.35642254e+02  1.79997447e+02 
 7.94328235e+02  4.75014794e+01  7.94328235e+02  1.79997243e+02 
 8.57695899e+02  4.75014795e+01  8.57695899e+02  1.79997023e+02 
 9.26118728e+02  4.75014796e+01  9.26118728e+02  1.79996786e+02 
 1.00000000e+03  4.75014797e+01  1.00000000e+03  1.79996529e+02 
 1.07977516e+03  4.75014798e+01  1.07977516e+03  1.79996252e+02 
 1.16591440e+03  4.75014799e+01  1.16591440e+03  1.79995953e+02 
 1.25892541e+03  4.75014801e+01  1.25892541e+03  1.79995631e+02 
 1.35935639e+03  4.75014803e+01  1.35935639e+03  1.79995282e+02 
 1.46779927e+03  4.75014805e+01  1.46779927e+03  1.79994906e+02 
 1.58489319e+03  4.75014807e+01  1.58489319e+03  1.79994499e+02 
 1.71132830e+03  4.75014810e+01  1.71132830e+03  1.79994060e+02 
 1.84784980e+03  4.75014813e+01  1.84784980e+03  1.79993587e+02 
 1.99526231e+03  4.75014817e+01  1.99526231e+03  1.79993075e+02 
 2.15443469e+03  4.75014822e+01  2.15443469e+03  1.79992523e+02 
 2.32630507e+03  4.75014827e+01  2.32630507e+03  1.79991926e+02 
 2.51188643e+03  4.75014833e+01  2.51188643e+03  1.79991282e+02 
 2.71227258e+03  4.75014840e+01  2.71227258e+03  1.79990586e+02 
 2.92864456e+03  4.75014848e+01  2.92864456e+03  1.79989836e+02 
 3.16227766e+03  4.75014858e+01  3.16227766e+03  1.79989025e+02 
 3.41454887e+03  4.75014869e+01  3.41454887e+03  1.79988149e+02 
 3.68694506e+03  4.75014883e+01  3.68694506e+03  1.79987204e+02 
 3.98107171e+03  4.75014898e+01  3.98107171e+03  1.79986183e+02 
 4.29866235e+03  4.75014916e+01  4.29866235e+03  1.79985081e+02 
 4.64158883e+03  4.75014937e+01  4.64158883e+03  1.79983890e+02 
 5.01187234e+03  4.75014961e+01  5.01187234e+03  1.79982605e+02 
 5.41169527e+03  4.75014989e+01  5.41169527e+03  1.79981218e+02 
 5.84341413e+03  4.75015022e+01  5.84341413e+03  1.79979719e+02 
 6.30957344e+03  4.75015061e+01  6.30957344e+03  1.79978101e+02 
 6.81292069e+03  4.75015106e+01  6.81292069e+03  1.79976354e+02 
 7.35642254e+03  4.75015158e+01  7.35642254e+03  1.79974468e+02 
 7.94328235e+03  4.75015219e+01  7.94328235e+03  1.79972431e+02 
 8.57695899e+03  4.75015290e+01  8.57695899e+03  1.79970232e+02 
 9.26118728e+03  4.75015373e+01  9.26118728e+03  1.79967857e+02 
 1.00000000e+04  4.75015470e+01  1.00000000e+04  1.79965293e+02 
 1.07977516e+04  4.75015583e+01  1.07977516e+04  1.79962524e+02 
 1.16591440e+04  4.75015714e+01  1.16591440e+04  1.79959534e+02 
 1.25892541e+04  4.75015868e+01  1.25892541e+04  1.79956306e+02 
 1.35935639e+04  4.75016047e+01  1.35935639e+04  1.79952820e+02 
 1.46779927e+04  4.75016255e+01  1.46779927e+04  1.79949056e+02 
 1.58489319e+04  4.75016498e+01  1.58489319e+04  1.79944992e+02 
 1.71132830e+04  4.75016781e+01  1.71132830e+04  1.79940603e+02 
 1.84784980e+04  4.75017112e+01  1.84784980e+04  1.79935864e+02 
 1.99526231e+04  4.75017497e+01  1.99526231e+04  1.79930747e+02 
 2.15443469e+04  4.75017946e+01  2.15443469e+04  1.79925222e+02 
 2.32630507e+04  4.75018470e+01  2.32630507e+04  1.79919256e+02 
 2.51188643e+04  4.75019080e+01  2.51188643e+04  1.79912814e+02 
 2.71227258e+04  4.75019792e+01  2.71227258e+04  1.79905858e+02 
 2.92864456e+04  4.75020622e+01  2.92864456e+04  1.79898346e+02 
 3.16227766e+04  4.75021590e+01  3.16227766e+04  1.79890235e+02 
 3.41454887e+04  4.75022718e+01  3.41454887e+04  1.79881476e+02 
 3.68694506e+04  4.75024034e+01  3.68694506e+04  1.79872019e+02 
 3.98107171e+04  4.75025567e+01  3.98107171e+04  1.79861806e+02 
 4.29866235e+04  4.75027355e+01  4.29866235e+04  1.79850777e+02 
 4.64158883e+04  4.75029440e+01  4.64158883e+04  1.79838868e+02 
 5.01187234e+04  4.75031871e+01  5.01187234e+04  1.79826007e+02 
 5.41169527e+04  4.75034706e+01  5.41169527e+04  1.79812118e+02 
 5.84341413e+04  4.75038010e+01  5.84341413e+04  1.79797120e+02 
 6.30957344e+04  4.75041863e+01  6.30957344e+04  1.79780922e+02 
 6.81292069e+04  4.75046356e+01  6.81292069e+04  1.79763428e+02 
 7.35642254e+04  4.75051594e+01  7.35642254e+04  1.79744535e+02 
 7.94328235e+04  4.75057702e+01  7.94328235e+04  1.79724129e+02 
 8.57695899e+04  4.75064824e+01  8.57695899e+04  1.79702089e+02 
 9.26118728e+04  4.75073127e+01  9.26118728e+04  1.79678282e+02 
 1.00000000e+05  4.75082810e+01  1.00000000e+05  1.79652565e+02 
 1.07977516e+05  4.75094100e+01  1.07977516e+05  1.79624783e+02 
 1.16591440e+05  4.75107265e+01  1.16591440e+05  1.79594768e+02 
 1.25892541e+05  4.75122616e+01  1.25892541e+05  1.79562337e+02 
 1.35935639e+05  4.75140518e+01  1.35935639e+05  1.79527292e+02 
 1.46779927e+05  4.75161396e+01  1.46779927e+05  1.79489418e+02 
 1.58489319e+05  4.75185741e+01  1.58489319e+05  1.79448479e+02 
 1.71132830e+05  4.75214133e+01  1.71132830e+05  1.79404221e+02 
 1.84784980e+05  4.75247253e+01  1.84784980e+05  1.79356364e+02 
 1.99526231e+05  4.75285874e+01  1.99526231e+05  1.79304605e+02 
 2.15443469e+05  4.75330921e+01  2.15443469e+05  1.79248608e+02 
 2.32630507e+05  4.75383479e+01  2.32630507e+05  1.79188009e+02 
 2.51188643e+05  4.75444792e+01  2.51188643e+05  1.79122404e+02 
 2.71227258e+05  4.75516320e+01  2.71227258e+05  1.79051350e+02 
 2.92864456e+05  4.75599789e+01  2.92864456e+05  1.78974355e+02 
 3.16227766e+05  4.75697214e+01  3.16227766e+05  1.78890874e+02 
 3.41454887e+05  4.75810914e+01  3.41454887e+05  1.78800297e+02 
 3.68694506e+05  4.75943659e+01  3.68694506e+05  1.78701945e+02 
 3.98107171e+05  4.76098648e+01  3.98107171e+05  1.78595051e+02 
 4.29866235e+05  4.76279690e+01  4.29866235e+05  1.78478748e+02 
 4.64158883e+05  4.76491201e+01  4.64158883e+05  1.78352050e+02 
 5.01187234e+05  4.76738421e+01  5.01187234e+05  1.78213826e+02 
 5.41169527e+05  4.77027434e+01  5.41169527e+05  1.78062774e+02 
 5.84341413e+05  4.77365597e+01  5.84341413e+05  1.77897378e+02 
 6.30957344e+05  4.77761364e+01  6.30957344e+05  1.77715861e+02 
 6.81292069e+05  4.78224846e+01  6.81292069e+05  1.77516127e+02 
 7.35642254e+05  4.78768147e+01  7.35642254e+05  1.77295668e+02 
 7.94328235e+05  4.79405426e+01  7.94328235e+05  1.77051469e+02 
 8.57695899e+05  4.80154129e+01  8.57695899e+05  1.76779846e+02 
 9.26118728e+05  4.81034351e+01  9.26118728e+05  1.76476270e+02 
 1.00000000e+06  4.82070954e+01  1.00000000e+06  1.76135096e+02 
 1.07977516e+06  4.83293917e+01  1.07977516e+06  1.75749179e+02 
 1.16591440e+06  4.84739778e+01  1.16591440e+06  1.75309375e+02 
 1.25892541e+06  4.86453294e+01  1.25892541e+06  1.74803779e+02 
 1.35935639e+06  4.88489798e+01  1.35935639e+06  1.74216624e+02 
 1.46779927e+06  4.90919250e+01  1.46779927e+06  1.73526617e+02 
 1.58489319e+06  4.93829514e+01  1.58489319e+06  1.72704391e+02 
 1.71132830e+06  4.97333375e+01  1.71132830e+06  1.71708317e+02 
 1.84784980e+06  5.01577589e+01  1.84784980e+06  1.70477741e+02 
 1.99526231e+06  5.06755860e+01  1.99526231e+06  1.68920995e+02 
 2.15443469e+06  5.13128641e+01  2.15443469e+06  1.66893751e+02 
 2.32630507e+06  5.21045441e+01  2.32630507e+06  1.64157055e+02 
 2.51188643e+06  5.30975366e+01  2.51188643e+06  1.60290935e+02 
 2.71227258e+06  5.43489610e+01  2.71227258e+06  1.54506319e+02 
 2.92864456e+06  5.58977664e+01  2.92864456e+06  1.45230824e+02 
 3.16227766e+06  5.76093805e+01  3.16227766e+06  1.29411394e+02 
 3.41454887e+06  5.86438412e+01  3.41454887e+06  1.03593323e+02 
 3.68694506e+06  5.75244792e+01  3.68694506e+06  7.34029794e+01 
 3.98107171e+06  5.47251403e+01  3.98107171e+06  5.14732471e+01 
 4.29866235e+06  5.16881387e+01  4.29866235e+06  3.86420698e+01 
 4.64158883e+06  4.89059051e+01  4.64158883e+06  3.10651814e+01 
 5.01187234e+06  4.64128713e+01  5.01187234e+06  2.63136263e+01 
 5.41169527e+06  4.41557978e+01  5.41169527e+06  2.31748878e+01 
 5.84341413e+06  4.20798416e+01  5.84341413e+06  2.10315454e+01 
 6.30957344e+06  4.01415632e+01  6.30957344e+06  1.95473362e+01 
 6.81292069e+06  3.83106473e+01  6.81292069e+06  1.85271253e+01 
 7.35642254e+06  3.65623545e+01  7.35642254e+06  1.78525358e+01 
 7.94328235e+06  3.48792197e+01  7.94328235e+06  1.74494761e+01 
 8.57695899e+06  3.32468600e+01  8.57695899e+06  1.72687320e+01 
 9.26118728e+06  3.16545397e+01  9.26118728e+06  1.72789955e+01 
 1.00000000e+07  3.00946238e+01  1.00000000e+07  1.74591726e+01 
 1.07977516e+07  2.85562403e+01  1.07977516e+07  1.77997445e+01 
 1.16591440e+07  2.70354252e+01  1.16591440e+07  1.82952350e+01 
 1.25892541e+07  2.55282139e+01  1.25892541e+07  1.89407440e+01 
 1.35935639e+07  2.40258170e+01  1.35935639e+07  1.97430307e+01 
 1.46779927e+07  2.25246049e+01  1.46779927e+07  2.07255296e+01 
 1.58489319e+07  2.10208193e+01  1.58489319e+07  2.18755674e+01 
 1.71132830e+07  1.95110544e+01  1.71132830e+07  2.32426202e+01 
 1.84784980e+07  1.79893468e+01  1.84784980e+07  2.48489556e+01 
 1.99526231e+07  1.64475200e+01  1.99526231e+07  2.67023841e+01 
 2.15443469e+07  1.48813807e+01  2.15443469e+07  2.89328594e+01 
 2.32630507e+07  1.32931830e+01  2.32630507e+07  3.14997992e+01 
 2.51188643e+07  1.16758949e+01  2.51188643e+07  3.46020150e+01 
 2.71227258e+07  1.00286748e+01  2.71227258e+07  3.83822843e+01 
 2.92864456e+07  8.33963436e+00  2.92864456e+07  4.29366716e+01 
 3.16227766e+07  6.62295722e+00  3.16227766e+07  4.82791799e+01 
 3.41454887e+07  4.91503662e+00  3.41454887e+07  5.53076979e+01 
 3.68694506e+07  3.25950487e+00  3.68694506e+07  6.37370094e+01 
 3.98107171e+07  1.72413983e+00  3.98107171e+07  7.41294703e+01 
 4.29866235e+07  4.88521523e-01  4.29866235e+07  8.64397730e+01 
 4.64158883e+07 -3.85601727e-01  4.64158883e+07  9.93895079e+01 
 5.01187234e+07 -8.44404535e-01  5.01187234e+07  1.13127259e+02 
 5.41169527e+07 -8.19852437e-01  5.41169527e+07  1.25187470e+02 
 5.84341413e+07 -6.18414350e-01  5.84341413e+07  1.35805508e+02 
 6.30957344e+07 -1.78287114e-01  6.30957344e+07  1.45164595e+02 
 6.81292069e+07  9.99506392e-02  6.81292069e+07  1.53084365e+02 
 7.35642254e+07  6.69349073e-01  7.35642254e+07  1.58572077e+02 
 7.94328235e+07  1.20948074e+00  7.94328235e+07  1.63328944e+02 
 8.57695899e+07  1.61812480e+00  8.57695899e+07  1.67669547e+02 
 9.26118728e+07  2.10472021e+00  9.26118728e+07  1.71462892e+02 
 1.00000000e+08  2.45300723e+00  1.00000000e+08  1.74866422e+02 
 1.07977516e+08  2.83256149e+00  1.07977516e+08  1.77866786e+02 
 1.16591440e+08  3.11815614e+00  1.16591440e+08  1.80480097e+02 
 1.25892541e+08  3.49663335e+00  1.25892541e+08  1.82786268e+02 
 1.35935639e+08  3.81264026e+00  1.35935639e+08  1.84759344e+02 
 1.46779927e+08  4.05143153e+00  1.46779927e+08  1.86525854e+02 
 1.58489319e+08  4.29985748e+00  1.58489319e+08  1.88352102e+02 
 1.71132830e+08  5.17956483e+00  1.71132830e+08  1.89246008e+02 
 1.84784980e+08  5.43465298e+00  1.84784980e+08  1.89871321e+02 
 1.99526231e+08  5.88895986e+00  1.99526231e+08  1.90699443e+02 
 2.15443469e+08  5.55400910e+00  2.15443469e+08  1.90918864e+02 
 2.32630507e+08  6.39366890e+00  2.32630507e+08  1.90964651e+02 
 2.51188643e+08  6.23733919e+00  2.51188643e+08  1.90650843e+02 
 2.71227258e+08  7.20906993e+00  2.71227258e+08  1.90123024e+02 
 2.92864456e+08  7.34761015e+00  2.92864456e+08  1.89045947e+02 
 3.16227766e+08  6.90477156e+00  3.16227766e+08  1.88696299e+02 
 3.41454887e+08  8.20186884e+00  3.41454887e+08  1.87381131e+02 
 3.68694506e+08  8.01852806e+00  3.68694506e+08  1.86761304e+02 
 3.98107171e+08  5.75388866e+00  3.98107171e+08  1.85798359e+02 
 4.29866235e+08  7.97382808e+00  4.29866235e+08  1.85156381e+02 
 4.64158883e+08  8.24649949e+00  4.64158883e+08  1.84152158e+02 
 5.01187234e+08  8.85857867e+00  5.01187234e+08  1.83766099e+02 
 5.41169527e+08  1.00280905e+01  5.41169527e+08  1.82948584e+02 
 5.84341413e+08  6.21697144e+00  5.84341413e+08  1.82571921e+02 
 6.30957344e+08  4.86859286e+00  6.30957344e+08  1.81950497e+02 
 6.81292069e+08  5.99330276e+00  6.81292069e+08  1.81752288e+02 
 7.35642254e+08  1.41601882e+01  7.35642254e+08  1.82615667e+02 
 7.94328235e+08  3.28725460e+00  7.94328235e+08  1.80783802e+02 
 8.57695899e+08  1.14576733e+01  8.57695899e+08  1.81230974e+02 
 9.26118728e+08  4.10403179e+00  9.26118728e+08  1.80890485e+02 
 1.00000000e+09  4.15299962e+01  1.00000000e+09  9.16324980e+01 
