 1.00000000e+00  4.70518245e+01  1.00000000e+00  1.79999997e+02 
 1.07977516e+00  4.70518245e+01  1.07977516e+00  1.79999997e+02 
 1.16591440e+00  4.70518245e+01  1.16591440e+00  1.79999996e+02 
 1.25892541e+00  4.70518245e+01  1.25892541e+00  1.79999996e+02 
 1.35935639e+00  4.70518245e+01  1.35935639e+00  1.79999996e+02 
 1.46779927e+00  4.70518245e+01  1.46779927e+00  1.79999996e+02 
 1.58489319e+00  4.70518245e+01  1.58489319e+00  1.79999995e+02 
 1.71132830e+00  4.70518245e+01  1.71132830e+00  1.79999995e+02 
 1.84784980e+00  4.70518245e+01  1.84784980e+00  1.79999994e+02 
 1.99526231e+00  4.70518245e+01  1.99526231e+00  1.79999994e+02 
 2.15443469e+00  4.70518245e+01  2.15443469e+00  1.79999993e+02 
 2.32630507e+00  4.70518245e+01  2.32630507e+00  1.79999993e+02 
 2.51188643e+00  4.70518245e+01  2.51188643e+00  1.79999992e+02 
 2.71227258e+00  4.70518245e+01  2.71227258e+00  1.79999992e+02 
 2.92864456e+00  4.70518245e+01  2.92864456e+00  1.79999991e+02 
 3.16227766e+00  4.70518245e+01  3.16227766e+00  1.79999990e+02 
 3.41454887e+00  4.70518245e+01  3.41454887e+00  1.79999990e+02 
 3.68694506e+00  4.70518245e+01  3.68694506e+00  1.79999989e+02 
 3.98107171e+00  4.70518245e+01  3.98107171e+00  1.79999988e+02 
 4.29866235e+00  4.70518245e+01  4.29866235e+00  1.79999987e+02 
 4.64158883e+00  4.70518245e+01  4.64158883e+00  1.79999986e+02 
 5.01187234e+00  4.70518245e+01  5.01187234e+00  1.79999985e+02 
 5.41169527e+00  4.70518245e+01  5.41169527e+00  1.79999984e+02 
 5.84341413e+00  4.70518245e+01  5.84341413e+00  1.79999982e+02 
 6.30957344e+00  4.70518245e+01  6.30957344e+00  1.79999981e+02 
 6.81292069e+00  4.70518245e+01  6.81292069e+00  1.79999979e+02 
 7.35642254e+00  4.70518245e+01  7.35642254e+00  1.79999978e+02 
 7.94328235e+00  4.70518245e+01  7.94328235e+00  1.79999976e+02 
 8.57695899e+00  4.70518245e+01  8.57695899e+00  1.79999974e+02 
 9.26118728e+00  4.70518245e+01  9.26118728e+00  1.79999972e+02 
 1.00000000e+01  4.70518245e+01  1.00000000e+01  1.79999970e+02 
 1.07977516e+01  4.70518245e+01  1.07977516e+01  1.79999967e+02 
 1.16591440e+01  4.70518245e+01  1.16591440e+01  1.79999965e+02 
 1.25892541e+01  4.70518245e+01  1.25892541e+01  1.79999962e+02 
 1.35935639e+01  4.70518245e+01  1.35935639e+01  1.79999959e+02 
 1.46779927e+01  4.70518245e+01  1.46779927e+01  1.79999956e+02 
 1.58489319e+01  4.70518245e+01  1.58489319e+01  1.79999952e+02 
 1.71132830e+01  4.70518245e+01  1.71132830e+01  1.79999948e+02 
 1.84784980e+01  4.70518245e+01  1.84784980e+01  1.79999944e+02 
 1.99526231e+01  4.70518245e+01  1.99526231e+01  1.79999940e+02 
 2.15443469e+01  4.70518245e+01  2.15443469e+01  1.79999935e+02 
 2.32630507e+01  4.70518245e+01  2.32630507e+01  1.79999930e+02 
 2.51188643e+01  4.70518245e+01  2.51188643e+01  1.79999924e+02 
 2.71227258e+01  4.70518245e+01  2.71227258e+01  1.79999918e+02 
 2.92864456e+01  4.70518245e+01  2.92864456e+01  1.79999912e+02 
 3.16227766e+01  4.70518245e+01  3.16227766e+01  1.79999905e+02 
 3.41454887e+01  4.70518245e+01  3.41454887e+01  1.79999897e+02 
 3.68694506e+01  4.70518245e+01  3.68694506e+01  1.79999889e+02 
 3.98107171e+01  4.70518245e+01  3.98107171e+01  1.79999880e+02 
 4.29866235e+01  4.70518245e+01  4.29866235e+01  1.79999870e+02 
 4.64158883e+01  4.70518245e+01  4.64158883e+01  1.79999860e+02 
 5.01187234e+01  4.70518245e+01  5.01187234e+01  1.79999849e+02 
 5.41169527e+01  4.70518245e+01  5.41169527e+01  1.79999837e+02 
 5.84341413e+01  4.70518245e+01  5.84341413e+01  1.79999824e+02 
 6.30957344e+01  4.70518245e+01  6.30957344e+01  1.79999810e+02 
 6.81292069e+01  4.70518245e+01  6.81292069e+01  1.79999794e+02 
 7.35642254e+01  4.70518245e+01  7.35642254e+01  1.79999778e+02 
 7.94328235e+01  4.70518245e+01  7.94328235e+01  1.79999760e+02 
 8.57695899e+01  4.70518245e+01  8.57695899e+01  1.79999741e+02 
 9.26118728e+01  4.70518245e+01  9.26118728e+01  1.79999720e+02 
 1.00000000e+02  4.70518245e+01  1.00000000e+02  1.79999698e+02 
 1.07977516e+02  4.70518245e+01  1.07977516e+02  1.79999674e+02 
 1.16591440e+02  4.70518245e+01  1.16591440e+02  1.79999648e+02 
 1.25892541e+02  4.70518245e+01  1.25892541e+02  1.79999620e+02 
 1.35935639e+02  4.70518245e+01  1.35935639e+02  1.79999590e+02 
 1.46779927e+02  4.70518245e+01  1.46779927e+02  1.79999557e+02 
 1.58489319e+02  4.70518246e+01  1.58489319e+02  1.79999521e+02 
 1.71132830e+02  4.70518246e+01  1.71132830e+02  1.79999483e+02 
 1.84784980e+02  4.70518246e+01  1.84784980e+02  1.79999442e+02 
 1.99526231e+02  4.70518246e+01  1.99526231e+02  1.79999398e+02 
 2.15443469e+02  4.70518246e+01  2.15443469e+02  1.79999350e+02 
 2.32630507e+02  4.70518246e+01  2.32630507e+02  1.79999298e+02 
 2.51188643e+02  4.70518246e+01  2.51188643e+02  1.79999242e+02 
 2.71227258e+02  4.70518246e+01  2.71227258e+02  1.79999181e+02 
 2.92864456e+02  4.70518246e+01  2.92864456e+02  1.79999116e+02 
 3.16227766e+02  4.70518246e+01  3.16227766e+02  1.79999045e+02 
 3.41454887e+02  4.70518246e+01  3.41454887e+02  1.79998969e+02 
 3.68694506e+02  4.70518246e+01  3.68694506e+02  1.79998887e+02 
 3.98107171e+02  4.70518246e+01  3.98107171e+02  1.79998798e+02 
 4.29866235e+02  4.70518247e+01  4.29866235e+02  1.79998702e+02 
 4.64158883e+02  4.70518247e+01  4.64158883e+02  1.79998599e+02 
 5.01187234e+02  4.70518247e+01  5.01187234e+02  1.79998487e+02 
 5.41169527e+02  4.70518247e+01  5.41169527e+02  1.79998366e+02 
 5.84341413e+02  4.70518248e+01  5.84341413e+02  1.79998236e+02 
 6.30957344e+02  4.70518248e+01  6.30957344e+02  1.79998095e+02 
 6.81292069e+02  4.70518248e+01  6.81292069e+02  1.79997943e+02 
 7.35642254e+02  4.70518249e+01  7.35642254e+02  1.79997779e+02 
 7.94328235e+02  4.70518249e+01  7.94328235e+02  1.79997602e+02 
 8.57695899e+02  4.70518250e+01  8.57695899e+02  1.79997411e+02 
 9.26118728e+02  4.70518251e+01  9.26118728e+02  1.79997204e+02 
 1.00000000e+03  4.70518252e+01  1.00000000e+03  1.79996981e+02 
 1.07977516e+03  4.70518253e+01  1.07977516e+03  1.79996740e+02 
 1.16591440e+03  4.70518254e+01  1.16591440e+03  1.79996480e+02 
 1.25892541e+03  4.70518255e+01  1.25892541e+03  1.79996199e+02 
 1.35935639e+03  4.70518257e+01  1.35935639e+03  1.79995896e+02 
 1.46779927e+03  4.70518259e+01  1.46779927e+03  1.79995569e+02 
 1.58489319e+03  4.70518261e+01  1.58489319e+03  1.79995215e+02 
 1.71132830e+03  4.70518264e+01  1.71132830e+03  1.79994833e+02 
 1.84784980e+03  4.70518267e+01  1.84784980e+03  1.79994421e+02 
 1.99526231e+03  4.70518271e+01  1.99526231e+03  1.79993976e+02 
 2.15443469e+03  4.70518275e+01  2.15443469e+03  1.79993495e+02 
 2.32630507e+03  4.70518280e+01  2.32630507e+03  1.79992977e+02 
 2.51188643e+03  4.70518286e+01  2.51188643e+03  1.79992416e+02 
 2.71227258e+03  4.70518292e+01  2.71227258e+03  1.79991811e+02 
 2.92864456e+03  4.70518300e+01  2.92864456e+03  1.79991158e+02 
 3.16227766e+03  4.70518309e+01  3.16227766e+03  1.79990453e+02 
 3.41454887e+03  4.70518320e+01  3.41454887e+03  1.79989691e+02 
 3.68694506e+03  4.70518332e+01  3.68694506e+03  1.79988869e+02 
 3.98107171e+03  4.70518347e+01  3.98107171e+03  1.79987981e+02 
 4.29866235e+03  4.70518363e+01  4.29866235e+03  1.79987022e+02 
 4.64158883e+03  4.70518383e+01  4.64158883e+03  1.79985986e+02 
 5.01187234e+03  4.70518406e+01  5.01187234e+03  1.79984868e+02 
 5.41169527e+03  4.70518432e+01  5.41169527e+03  1.79983661e+02 
 5.84341413e+03  4.70518463e+01  5.84341413e+03  1.79982358e+02 
 6.30957344e+03  4.70518499e+01  6.30957344e+03  1.79980950e+02 
 6.81292069e+03  4.70518542e+01  6.81292069e+03  1.79979431e+02 
 7.35642254e+03  4.70518591e+01  7.35642254e+03  1.79977790e+02 
 7.94328235e+03  4.70518648e+01  7.94328235e+03  1.79976018e+02 
 8.57695899e+03  4.70518715e+01  8.57695899e+03  1.79974105e+02 
 9.26118728e+03  4.70518793e+01  9.26118728e+03  1.79972039e+02 
 1.00000000e+04  4.70518884e+01  1.00000000e+04  1.79969808e+02 
 1.07977516e+04  4.70518990e+01  1.07977516e+04  1.79967400e+02 
 1.16591440e+04  4.70519113e+01  1.16591440e+04  1.79964799e+02 
 1.25892541e+04  4.70519257e+01  1.25892541e+04  1.79961991e+02 
 1.35935639e+04  4.70519425e+01  1.35935639e+04  1.79958958e+02 
 1.46779927e+04  4.70519621e+01  1.46779927e+04  1.79955684e+02 
 1.58489319e+04  4.70519849e+01  1.58489319e+04  1.79952149e+02 
 1.71132830e+04  4.70520115e+01  1.71132830e+04  1.79948331e+02 
 1.84784980e+04  4.70520425e+01  1.84784980e+04  1.79944209e+02 
 1.99526231e+04  4.70520787e+01  1.99526231e+04  1.79939758e+02 
 2.15443469e+04  4.70521209e+01  2.15443469e+04  1.79934952e+02 
 2.32630507e+04  4.70521700e+01  2.32630507e+04  1.79929762e+02 
 2.51188643e+04  4.70522273e+01  2.51188643e+04  1.79924158e+02 
 2.71227258e+04  4.70522942e+01  2.71227258e+04  1.79918107e+02 
 2.92864456e+04  4.70523721e+01  2.92864456e+04  1.79911573e+02 
 3.16227766e+04  4.70524629e+01  3.16227766e+04  1.79904517e+02 
 3.41454887e+04  4.70525689e+01  3.41454887e+04  1.79896898e+02 
 3.68694506e+04  4.70526924e+01  3.68694506e+04  1.79888671e+02 
 3.98107171e+04  4.70528364e+01  3.98107171e+04  1.79879787e+02 
 4.29866235e+04  4.70530042e+01  4.29866235e+04  1.79870193e+02 
 4.64158883e+04  4.70532000e+01  4.64158883e+04  1.79859834e+02 
 5.01187234e+04  4.70534282e+01  5.01187234e+04  1.79848646e+02 
 5.41169527e+04  4.70536943e+01  5.41169527e+04  1.79836565e+02 
 5.84341413e+04  4.70540046e+01  5.84341413e+04  1.79823518e+02 
 6.30957344e+04  4.70543664e+01  6.30957344e+04  1.79809428e+02 
 6.81292069e+04  4.70547881e+01  6.81292069e+04  1.79794212e+02 
 7.35642254e+04  4.70552799e+01  7.35642254e+04  1.79777777e+02 
 7.94328235e+04  4.70558534e+01  7.94328235e+04  1.79760028e+02 
 8.57695899e+04  4.70565219e+01  8.57695899e+04  1.79740856e+02 
 9.26118728e+04  4.70573016e+01  9.26118728e+04  1.79720148e+02 
 1.00000000e+05  4.70582105e+01  1.00000000e+05  1.79697779e+02 
 1.07977516e+05  4.70592705e+01  1.07977516e+05  1.79673614e+02 
 1.16591440e+05  4.70605065e+01  1.16591440e+05  1.79647507e+02 
 1.25892541e+05  4.70619477e+01  1.25892541e+05  1.79619299e+02 
 1.35935639e+05  4.70636283e+01  1.35935639e+05  1.79588819e+02 
 1.46779927e+05  4.70655881e+01  1.46779927e+05  1.79555878e+02 
 1.58489319e+05  4.70678741e+01  1.58489319e+05  1.79520273e+02 
 1.71132830e+05  4.70705393e+01  1.71132830e+05  1.79481783e+02 
 1.84784980e+05  4.70736479e+01  1.84784980e+05  1.79440164e+02 
 1.99526231e+05  4.70772738e+01  1.99526231e+05  1.79395154e+02 
 2.15443469e+05  4.70815032e+01  2.15443469e+05  1.79346462e+02 
 2.32630507e+05  4.70864365e+01  2.32630507e+05  1.79293770e+02 
 2.51188643e+05  4.70921919e+01  2.51188643e+05  1.79236731e+02 
 2.71227258e+05  4.70989058e+01  2.71227258e+05  1.79174959e+02 
 2.92864456e+05  4.71067401e+01  2.92864456e+05  1.79108029e+02 
 3.16227766e+05  4.71158833e+01  3.16227766e+05  1.79035469e+02 
 3.41454887e+05  4.71265544e+01  3.41454887e+05  1.78956753e+02 
 3.68694506e+05  4.71390099e+01  3.68694506e+05  1.78871293e+02 
 3.98107171e+05  4.71535583e+01  3.98107171e+05  1.78778428e+02 
 4.29866235e+05  4.71705441e+01  4.29866235e+05  1.78677412e+02 
 4.64158883e+05  4.71903882e+01  4.64158883e+05  1.78567395e+02 
 5.01187234e+05  4.72135796e+01  5.01187234e+05  1.78447406e+02 
 5.41169527e+05  4.72406888e+01  5.41169527e+05  1.78316327e+02 
 5.84341413e+05  4.72723948e+01  5.84341413e+05  1.78172861e+02 
 6.30957344e+05  4.73095011e+01  6.30957344e+05  1.78015489e+02 
 6.81292069e+05  4.73529509e+01  6.81292069e+05  1.77842422e+02 
 7.35642254e+05  4.74038640e+01  7.35642254e+05  1.77651526e+02 
 7.94328235e+05  4.74635793e+01  7.94328235e+05  1.77440241e+02 
 8.57695899e+05  4.75336878e+01  8.57695899e+05  1.77205454e+02 
 9.26118728e+05  4.76160874e+01  9.26118728e+05  1.76943344e+02 
 1.00000000e+06  4.77130821e+01  1.00000000e+06  1.76649159e+02 
 1.07977516e+06  4.78274443e+01  1.07977516e+06  1.76316927e+02 
 1.16591440e+06  4.79625637e+01  1.16591440e+06  1.75939022e+02 
 1.25892541e+06  4.81225628e+01  1.25892541e+06  1.75505577e+02 
 1.35935639e+06  4.83125538e+01  1.35935639e+06  1.75003605e+02 
 1.46779927e+06  4.85389464e+01  1.46779927e+06  1.74415674e+02 
 1.58489319e+06  4.88097382e+01  1.58489319e+06  1.73717965e+02 
 1.71132830e+06  4.91353895e+01  1.71132830e+06  1.72876967e+02 
 1.84784980e+06  4.95290752e+01  1.84784980e+06  1.71844452e+02 
 1.99526231e+06  5.00087376e+01  1.99526231e+06  1.70548386e+02 
 2.15443469e+06  5.05978649e+01  2.15443469e+06  1.68877115e+02 
 2.32630507e+06  5.13290022e+01  2.32630507e+06  1.66648782e+02 
 2.51188643e+06  5.22469901e+01  2.51188643e+06  1.63549561e+02 
 2.71227258e+06  5.34120513e+01  2.71227258e+06  1.58998970e+02 
 2.92864456e+06  5.48940516e+01  2.92864456e+06  1.51836500e+02 
 3.16227766e+06  5.67037474e+01  3.16227766e+06  1.39616724e+02 
 3.41454887e+06  5.84239313e+01  3.41454887e+06  1.17893709e+02 
 3.68694506e+06  5.84601002e+01  3.68694506e+06  8.60016911e+01 
 3.98107171e+06  5.60105598e+01  3.98107171e+06  5.81854315e+01 
 4.29866235e+06  5.27921013e+01  4.29866235e+06  4.17516075e+01 
 4.64158883e+06  4.97865398e+01  4.64158883e+06  3.25261474e+01 
 5.01187234e+06  4.71213667e+01  5.01187234e+06  2.70039587e+01 
 5.41169527e+06  4.47387788e+01  5.41169527e+06  2.34807825e+01 
 5.84341413e+06  4.25715696e+01  5.84341413e+06  2.11344668e+01 
 6.30957344e+06  4.05653032e+01  6.30957344e+06  1.95398851e+01 
 6.81292069e+06  3.86824705e+01  6.81292069e+06  1.84591721e+01 
 7.35642254e+06  3.68939387e+01  7.35642254e+06  1.77525227e+01 
 7.94328235e+06  3.51800314e+01  7.94328235e+06  1.73330758e+01 
 8.57695899e+06  3.35223234e+01  8.57695899e+06  1.71480880e+01 
 9.26118728e+06  3.19107867e+01  9.26118728e+06  1.71588983e+01 
 1.00000000e+07  3.03336475e+01  1.00000000e+07  1.73437459e+01 
 1.07977516e+07  2.87843813e+01  1.07977516e+07  1.76901456e+01 
 1.16591440e+07  2.72528650e+01  1.16591440e+07  1.81935540e+01 
 1.25892541e+07  2.57355463e+01  1.25892541e+07  1.88542030e+01 
 1.35935639e+07  2.42272284e+01  1.35935639e+07  1.96623013e+01 
 1.46779927e+07  2.27241461e+01  1.46779927e+07  2.06510657e+01 
 1.58489319e+07  2.12174478e+01  1.58489319e+07  2.18136477e+01 
 1.71132830e+07  1.97028543e+01  1.71132830e+07  2.31798056e+01 
 1.84784980e+07  1.81822899e+01  1.84784980e+07  2.47833236e+01 
 1.99526231e+07  1.66473465e+01  1.99526231e+07  2.66450972e+01 
 2.15443469e+07  1.50861132e+01  2.15443469e+07  2.88706263e+01 
 2.32630507e+07  1.34974592e+01  2.32630507e+07  3.14423318e+01 
 2.51188643e+07  1.18849169e+01  2.51188643e+07  3.45152552e+01 
 2.71227258e+07  1.02424350e+01  2.71227258e+07  3.82138578e+01 
 2.92864456e+07  8.56800523e+00  2.92864456e+07  4.26609435e+01 
 3.16227766e+07  6.87845146e+00  3.16227766e+07  4.80488571e+01 
 3.41454887e+07  5.17061284e+00  3.41454887e+07  5.47916930e+01 
 3.68694506e+07  3.52036311e+00  3.68694506e+07  6.31403147e+01 
 3.98107171e+07  2.02079331e+00  3.98107171e+07  7.31660245e+01 
 4.29866235e+07  7.62253854e-01  4.29866235e+07  8.52870198e+01 
 4.64158883e+07 -1.56170292e-01  4.64158883e+07  9.83628215e+01 
 5.01187234e+07 -6.07168554e-01  5.01187234e+07  1.11482390e+02 
 5.41169527e+07 -7.08649319e-01  5.41169527e+07  1.23771007e+02 
 5.84341413e+07 -4.26126259e-01  5.84341413e+07  1.33799717e+02 
 6.30957344e+07 -1.57723403e-01  6.30957344e+07  1.43702648e+02 
 6.81292069e+07  3.01525771e-01  6.81292069e+07  1.51242778e+02 
 7.35642254e+07  8.08232239e-01  7.35642254e+07  1.57138870e+02 
 7.94328235e+07  1.15477744e+00  7.94328235e+07  1.61931840e+02 
 8.57695899e+07  1.63323353e+00  8.57695899e+07  1.66677222e+02 
 9.26118728e+07  2.02773720e+00  9.26118728e+07  1.70134874e+02 
 1.00000000e+08  2.34948479e+00  1.00000000e+08  1.73968372e+02 
 1.07977516e+08  2.61432126e+00  1.07977516e+08  1.77326983e+02 
 1.16591440e+08  3.09645360e+00  1.16591440e+08  1.79502230e+02 
 1.25892541e+08  3.45166848e+00  1.25892541e+08  1.81705803e+02 
 1.35935639e+08  3.92340790e+00  1.35935639e+08  1.83925351e+02 
 1.46779927e+08  4.16727794e+00  1.46779927e+08  1.85640192e+02 
 1.58489319e+08  4.61145845e+00  1.58489319e+08  1.86923600e+02 
 1.71132830e+08  4.66627664e+00  1.71132830e+08  1.88485886e+02 
 1.84784980e+08  5.10842727e+00  1.84784980e+08  1.89686499e+02 
 1.99526231e+08  5.81474700e+00  1.99526231e+08  1.90023083e+02 
 2.15443469e+08  6.15762699e+00  2.15443469e+08  1.90603773e+02 
 2.32630507e+08  6.31080242e+00  2.32630507e+08  1.90512929e+02 
 2.51188643e+08  6.61970866e+00  2.51188643e+08  1.90511809e+02 
 2.71227258e+08  6.57798554e+00  2.71227258e+08  1.90107025e+02 
 2.92864456e+08  6.64559567e+00  2.92864456e+08  1.89322650e+02 
 3.16227766e+08  6.83949765e+00  3.16227766e+08  1.88619151e+02 
 3.41454887e+08  8.15568959e+00  3.41454887e+08  1.87728078e+02 
 3.68694506e+08  6.95049891e+00  3.68694506e+08  1.86968024e+02 
 3.98107171e+08  6.71674981e+00  3.98107171e+08  1.86140064e+02 
 4.29866235e+08  6.60950268e+00  4.29866235e+08  1.85281175e+02 
 4.64158883e+08  8.21649628e+00  4.64158883e+08  1.84315947e+02 
 5.01187234e+08  6.92105339e+00  5.01187234e+08  1.83558097e+02 
 5.41169527e+08  7.53034084e+00  5.41169527e+08  1.82910253e+02 
 5.84341413e+08  6.19232281e+00  5.84341413e+08  1.82479983e+02 
 6.30957344e+08  1.08523390e+01  6.30957344e+08  1.82089768e+02 
 6.81292069e+08  5.98159021e+00  6.81292069e+08  1.81738981e+02 
 7.35642254e+08  1.41586849e+01  7.35642254e+08  1.81045582e+02 
 7.94328235e+08  6.80280766e+00  7.94328235e+08  1.81146448e+02 
 8.57695899e+08  1.14538566e+01  8.57695899e+08  1.80096849e+02 
 9.26118728e+08  5.79509024e-01  9.26118728e+08  1.79956925e+02 
 1.00000000e+09  4.29281991e+01  1.00000000e+09  2.71631917e+02 
