 1.00000000e+00  4.69152854e+01  1.00000000e+00  1.79999997e+02 
 1.07977516e+00  4.69152854e+01  1.07977516e+00  1.79999997e+02 
 1.16591440e+00  4.69152854e+01  1.16591440e+00  1.79999997e+02 
 1.25892541e+00  4.69152854e+01  1.25892541e+00  1.79999996e+02 
 1.35935639e+00  4.69152854e+01  1.35935639e+00  1.79999996e+02 
 1.46779927e+00  4.69152854e+01  1.46779927e+00  1.79999996e+02 
 1.58489319e+00  4.69152854e+01  1.58489319e+00  1.79999995e+02 
 1.71132830e+00  4.69152854e+01  1.71132830e+00  1.79999995e+02 
 1.84784980e+00  4.69152854e+01  1.84784980e+00  1.79999995e+02 
 1.99526231e+00  4.69152854e+01  1.99526231e+00  1.79999994e+02 
 2.15443469e+00  4.69152854e+01  2.15443469e+00  1.79999994e+02 
 2.32630507e+00  4.69152854e+01  2.32630507e+00  1.79999993e+02 
 2.51188643e+00  4.69152854e+01  2.51188643e+00  1.79999993e+02 
 2.71227258e+00  4.69152854e+01  2.71227258e+00  1.79999992e+02 
 2.92864456e+00  4.69152854e+01  2.92864456e+00  1.79999992e+02 
 3.16227766e+00  4.69152854e+01  3.16227766e+00  1.79999991e+02 
 3.41454887e+00  4.69152854e+01  3.41454887e+00  1.79999990e+02 
 3.68694506e+00  4.69152854e+01  3.68694506e+00  1.79999989e+02 
 3.98107171e+00  4.69152854e+01  3.98107171e+00  1.79999988e+02 
 4.29866235e+00  4.69152854e+01  4.29866235e+00  1.79999988e+02 
 4.64158883e+00  4.69152854e+01  4.64158883e+00  1.79999987e+02 
 5.01187234e+00  4.69152854e+01  5.01187234e+00  1.79999985e+02 
 5.41169527e+00  4.69152854e+01  5.41169527e+00  1.79999984e+02 
 5.84341413e+00  4.69152854e+01  5.84341413e+00  1.79999983e+02 
 6.30957344e+00  4.69152854e+01  6.30957344e+00  1.79999982e+02 
 6.81292069e+00  4.69152854e+01  6.81292069e+00  1.79999980e+02 
 7.35642254e+00  4.69152854e+01  7.35642254e+00  1.79999979e+02 
 7.94328235e+00  4.69152854e+01  7.94328235e+00  1.79999977e+02 
 8.57695899e+00  4.69152854e+01  8.57695899e+00  1.79999975e+02 
 9.26118728e+00  4.69152854e+01  9.26118728e+00  1.79999973e+02 
 1.00000000e+01  4.69152854e+01  1.00000000e+01  1.79999971e+02 
 1.07977516e+01  4.69152854e+01  1.07977516e+01  1.79999969e+02 
 1.16591440e+01  4.69152854e+01  1.16591440e+01  1.79999966e+02 
 1.25892541e+01  4.69152854e+01  1.25892541e+01  1.79999964e+02 
 1.35935639e+01  4.69152854e+01  1.35935639e+01  1.79999961e+02 
 1.46779927e+01  4.69152854e+01  1.46779927e+01  1.79999958e+02 
 1.58489319e+01  4.69152854e+01  1.58489319e+01  1.79999954e+02 
 1.71132830e+01  4.69152854e+01  1.71132830e+01  1.79999950e+02 
 1.84784980e+01  4.69152854e+01  1.84784980e+01  1.79999947e+02 
 1.99526231e+01  4.69152854e+01  1.99526231e+01  1.79999942e+02 
 2.15443469e+01  4.69152854e+01  2.15443469e+01  1.79999938e+02 
 2.32630507e+01  4.69152854e+01  2.32630507e+01  1.79999933e+02 
 2.51188643e+01  4.69152854e+01  2.51188643e+01  1.79999927e+02 
 2.71227258e+01  4.69152854e+01  2.71227258e+01  1.79999921e+02 
 2.92864456e+01  4.69152854e+01  2.92864456e+01  1.79999915e+02 
 3.16227766e+01  4.69152854e+01  3.16227766e+01  1.79999908e+02 
 3.41454887e+01  4.69152854e+01  3.41454887e+01  1.79999901e+02 
 3.68694506e+01  4.69152854e+01  3.68694506e+01  1.79999893e+02 
 3.98107171e+01  4.69152854e+01  3.98107171e+01  1.79999885e+02 
 4.29866235e+01  4.69152854e+01  4.29866235e+01  1.79999876e+02 
 4.64158883e+01  4.69152854e+01  4.64158883e+01  1.79999866e+02 
 5.01187234e+01  4.69152854e+01  5.01187234e+01  1.79999855e+02 
 5.41169527e+01  4.69152854e+01  5.41169527e+01  1.79999843e+02 
 5.84341413e+01  4.69152854e+01  5.84341413e+01  1.79999831e+02 
 6.30957344e+01  4.69152854e+01  6.30957344e+01  1.79999817e+02 
 6.81292069e+01  4.69152854e+01  6.81292069e+01  1.79999803e+02 
 7.35642254e+01  4.69152854e+01  7.35642254e+01  1.79999787e+02 
 7.94328235e+01  4.69152854e+01  7.94328235e+01  1.79999770e+02 
 8.57695899e+01  4.69152854e+01  8.57695899e+01  1.79999752e+02 
 9.26118728e+01  4.69152854e+01  9.26118728e+01  1.79999732e+02 
 1.00000000e+02  4.69152854e+01  1.00000000e+02  1.79999711e+02 
 1.07977516e+02  4.69152854e+01  1.07977516e+02  1.79999687e+02 
 1.16591440e+02  4.69152854e+01  1.16591440e+02  1.79999663e+02 
 1.25892541e+02  4.69152854e+01  1.25892541e+02  1.79999636e+02 
 1.35935639e+02  4.69152854e+01  1.35935639e+02  1.79999607e+02 
 1.46779927e+02  4.69152854e+01  1.46779927e+02  1.79999575e+02 
 1.58489319e+02  4.69152854e+01  1.58489319e+02  1.79999541e+02 
 1.71132830e+02  4.69152854e+01  1.71132830e+02  1.79999505e+02 
 1.84784980e+02  4.69152854e+01  1.84784980e+02  1.79999465e+02 
 1.99526231e+02  4.69152854e+01  1.99526231e+02  1.79999422e+02 
 2.15443469e+02  4.69152854e+01  2.15443469e+02  1.79999376e+02 
 2.32630507e+02  4.69152854e+01  2.32630507e+02  1.79999327e+02 
 2.51188643e+02  4.69152854e+01  2.51188643e+02  1.79999273e+02 
 2.71227258e+02  4.69152854e+01  2.71227258e+02  1.79999215e+02 
 2.92864456e+02  4.69152854e+01  2.92864456e+02  1.79999152e+02 
 3.16227766e+02  4.69152854e+01  3.16227766e+02  1.79999085e+02 
 3.41454887e+02  4.69152855e+01  3.41454887e+02  1.79999012e+02 
 3.68694506e+02  4.69152855e+01  3.68694506e+02  1.79998933e+02 
 3.98107171e+02  4.69152855e+01  3.98107171e+02  1.79998848e+02 
 4.29866235e+02  4.69152855e+01  4.29866235e+02  1.79998756e+02 
 4.64158883e+02  4.69152855e+01  4.64158883e+02  1.79998656e+02 
 5.01187234e+02  4.69152855e+01  5.01187234e+02  1.79998549e+02 
 5.41169527e+02  4.69152856e+01  5.41169527e+02  1.79998434e+02 
 5.84341413e+02  4.69152856e+01  5.84341413e+02  1.79998309e+02 
 6.30957344e+02  4.69152856e+01  6.30957344e+02  1.79998174e+02 
 6.81292069e+02  4.69152857e+01  6.81292069e+02  1.79998028e+02 
 7.35642254e+02  4.69152857e+01  7.35642254e+02  1.79997871e+02 
 7.94328235e+02  4.69152858e+01  7.94328235e+02  1.79997701e+02 
 8.57695899e+02  4.69152859e+01  8.57695899e+02  1.79997517e+02 
 9.26118728e+02  4.69152859e+01  9.26118728e+02  1.79997319e+02 
 1.00000000e+03  4.69152860e+01  1.00000000e+03  1.79997105e+02 
 1.07977516e+03  4.69152861e+01  1.07977516e+03  1.79996875e+02 
 1.16591440e+03  4.69152863e+01  1.16591440e+03  1.79996625e+02 
 1.25892541e+03  4.69152864e+01  1.25892541e+03  1.79996356e+02 
 1.35935639e+03  4.69152866e+01  1.35935639e+03  1.79996065e+02 
 1.46779927e+03  4.69152868e+01  1.46779927e+03  1.79995751e+02 
 1.58489319e+03  4.69152870e+01  1.58489319e+03  1.79995413e+02 
 1.71132830e+03  4.69152873e+01  1.71132830e+03  1.79995047e+02 
 1.84784980e+03  4.69152876e+01  1.84784980e+03  1.79994651e+02 
 1.99526231e+03  4.69152880e+01  1.99526231e+03  1.79994225e+02 
 2.15443469e+03  4.69152884e+01  2.15443469e+03  1.79993764e+02 
 2.32630507e+03  4.69152889e+01  2.32630507e+03  1.79993266e+02 
 2.51188643e+03  4.69152895e+01  2.51188643e+03  1.79992729e+02 
 2.71227258e+03  4.69152902e+01  2.71227258e+03  1.79992149e+02 
 2.92864456e+03  4.69152910e+01  2.92864456e+03  1.79991523e+02 
 3.16227766e+03  4.69152920e+01  3.16227766e+03  1.79990847e+02 
 3.41454887e+03  4.69152931e+01  3.41454887e+03  1.79990117e+02 
 3.68694506e+03  4.69152943e+01  3.68694506e+03  1.79989328e+02 
 3.98107171e+03  4.69152958e+01  3.98107171e+03  1.79988477e+02 
 4.29866235e+03  4.69152975e+01  4.29866235e+03  1.79987557e+02 
 4.64158883e+03  4.69152996e+01  4.64158883e+03  1.79986565e+02 
 5.01187234e+03  4.69153019e+01  5.01187234e+03  1.79985493e+02 
 5.41169527e+03  4.69153047e+01  5.41169527e+03  1.79984336e+02 
 5.84341413e+03  4.69153079e+01  5.84341413e+03  1.79983086e+02 
 6.30957344e+03  4.69153116e+01  6.30957344e+03  1.79981737e+02 
 6.81292069e+03  4.69153159e+01  6.81292069e+03  1.79980280e+02 
 7.35642254e+03  4.69153210e+01  7.35642254e+03  1.79978707e+02 
 7.94328235e+03  4.69153269e+01  7.94328235e+03  1.79977008e+02 
 8.57695899e+03  4.69153338e+01  8.57695899e+03  1.79975174e+02 
 9.26118728e+03  4.69153419e+01  9.26118728e+03  1.79973193e+02 
 1.00000000e+04  4.69153512e+01  1.00000000e+04  1.79971055e+02 
 1.07977516e+04  4.69153622e+01  1.07977516e+04  1.79968745e+02 
 1.16591440e+04  4.69153749e+01  1.16591440e+04  1.79966252e+02 
 1.25892541e+04  4.69153898e+01  1.25892541e+04  1.79963560e+02 
 1.35935639e+04  4.69154071e+01  1.35935639e+04  1.79960653e+02 
 1.46779927e+04  4.69154273e+01  1.46779927e+04  1.79957513e+02 
 1.58489319e+04  4.69154508e+01  1.58489319e+04  1.79954124e+02 
 1.71132830e+04  4.69154783e+01  1.71132830e+04  1.79950464e+02 
 1.84784980e+04  4.69155103e+01  1.84784980e+04  1.79946512e+02 
 1.99526231e+04  4.69155476e+01  1.99526231e+04  1.79942244e+02 
 2.15443469e+04  4.69155911e+01  2.15443469e+04  1.79937637e+02 
 2.32630507e+04  4.69156418e+01  2.32630507e+04  1.79932661e+02 
 2.51188643e+04  4.69157009e+01  2.51188643e+04  1.79927288e+02 
 2.71227258e+04  4.69157699e+01  2.71227258e+04  1.79921487e+02 
 2.92864456e+04  4.69158503e+01  2.92864456e+04  1.79915222e+02 
 3.16227766e+04  4.69159440e+01  3.16227766e+04  1.79908458e+02 
 3.41454887e+04  4.69160533e+01  3.41454887e+04  1.79901153e+02 
 3.68694506e+04  4.69161807e+01  3.68694506e+04  1.79893265e+02 
 3.98107171e+04  4.69163293e+01  3.98107171e+04  1.79884748e+02 
 4.29866235e+04  4.69165025e+01  4.29866235e+04  1.79875550e+02 
 4.64158883e+04  4.69167044e+01  4.64158883e+04  1.79865618e+02 
 5.01187234e+04  4.69169398e+01  5.01187234e+04  1.79854892e+02 
 5.41169527e+04  4.69172144e+01  5.41169527e+04  1.79843309e+02 
 5.84341413e+04  4.69175345e+01  5.84341413e+04  1.79830800e+02 
 6.30957344e+04  4.69179077e+01  6.30957344e+04  1.79817291e+02 
 6.81292069e+04  4.69183429e+01  6.81292069e+04  1.79802701e+02 
 7.35642254e+04  4.69188502e+01  7.35642254e+04  1.79786944e+02 
 7.94328235e+04  4.69194418e+01  7.94328235e+04  1.79769925e+02 
 8.57695899e+04  4.69201317e+01  8.57695899e+04  1.79751543e+02 
 9.26118728e+04  4.69209360e+01  9.26118728e+04  1.79731687e+02 
 1.00000000e+05  4.69218737e+01  1.00000000e+05  1.79710238e+02 
 1.07977516e+05  4.69229675e+01  1.07977516e+05  1.79687066e+02 
 1.16591440e+05  4.69242426e+01  1.16591440e+05  1.79662031e+02 
 1.25892541e+05  4.69257294e+01  1.25892541e+05  1.79634981e+02 
 1.35935639e+05  4.69274634e+01  1.35935639e+05  1.79605750e+02 
 1.46779927e+05  4.69294855e+01  1.46779927e+05  1.79574158e+02 
 1.58489319e+05  4.69318436e+01  1.58489319e+05  1.79540010e+02 
 1.71132830e+05  4.69345938e+01  1.71132830e+05  1.79503091e+02 
 1.84784980e+05  4.69378012e+01  1.84784980e+05  1.79463169e+02 
 1.99526231e+05  4.69415426e+01  1.99526231e+05  1.79419990e+02 
 2.15443469e+05  4.69459054e+01  2.15443469e+05  1.79373273e+02 
 2.32630507e+05  4.69509959e+01  2.32630507e+05  1.79322714e+02 
 2.51188643e+05  4.69569345e+01  2.51188643e+05  1.79267975e+02 
 2.71227258e+05  4.69638630e+01  2.71227258e+05  1.79208685e+02 
 2.92864456e+05  4.69719467e+01  2.92864456e+05  1.79144432e+02 
 3.16227766e+05  4.69813821e+01  3.16227766e+05  1.79074758e+02 
 3.41454887e+05  4.69923949e+01  3.41454887e+05  1.78999155e+02 
 3.68694506e+05  4.70052504e+01  3.68694506e+05  1.78917049e+02 
 3.98107171e+05  4.70202604e+01  3.98107171e+05  1.78827799e+02 
 4.29866235e+05  4.70377952e+01  4.29866235e+05  1.78730676e+02 
 4.64158883e+05  4.70582770e+01  4.64158883e+05  1.78624850e+02 
 5.01187234e+05  4.70822175e+01  5.01187234e+05  1.78509369e+02 
 5.41169527e+05  4.71102062e+01  5.41169527e+05  1.78383138e+02 
 5.84341413e+05  4.71429447e+01  5.84341413e+05  1.78244878e+02 
 6.30957344e+05  4.71812689e+01  6.30957344e+05  1.78093092e+02 
 6.81292069e+05  4.72261397e+01  6.81292069e+05  1.77926008e+02 
 7.35642254e+05  4.72787410e+01  7.35642254e+05  1.77741510e+02 
 7.94328235e+05  4.73404369e+01  7.94328235e+05  1.77537047e+02 
 8.57695899e+05  4.74128947e+01  8.57695899e+05  1.77309512e+02 
 9.26118728e+05  4.74980919e+01  9.26118728e+05  1.77055075e+02 
 1.00000000e+06  4.75984216e+01  1.00000000e+06  1.76768961e+02 
 1.07977516e+06  4.77167604e+01  1.07977516e+06  1.76445146e+02 
 1.16591440e+06  4.78566338e+01  1.16591440e+06  1.76075903e+02 
 1.25892541e+06  4.80223677e+01  1.25892541e+06  1.75651211e+02 
 1.35935639e+06  4.82193473e+01  1.35935639e+06  1.75157785e+02 
 1.46779927e+06  4.84543081e+01  1.46779927e+06  1.74577754e+02 
 1.58489319e+06  4.87356952e+01  1.58489319e+06  1.73886521e+02 
 1.71132830e+06  4.90744844e+01  1.71132830e+06  1.73049327e+02 
 1.84784980e+06  4.94849462e+01  1.84784980e+06  1.72015731e+02 
 1.99526231e+06  4.99858450e+01  1.99526231e+06  1.70709783e+02 
 2.15443469e+06  5.06030251e+01  2.15443469e+06  1.69012472e+02 
 2.32630507e+06  5.13718563e+01  2.32630507e+06  1.66727321e+02 
 2.51188643e+06  5.23413780e+01  2.51188643e+06  1.63509799e+02 
 2.71227258e+06  5.35786321e+01  2.71227258e+06  1.58708405e+02 
 2.92864456e+06  5.51600449e+01  2.92864456e+06  1.50985843e+02 
 3.16227766e+06  5.70780552e+01  3.16227766e+06  1.37457275e+02 
 3.41454887e+06  5.87445694e+01  3.41454887e+06  1.13127893e+02 
 3.68694506e+06  5.82835470e+01  3.68694506e+06  7.96161409e+01 
 3.98107171e+06  5.54423616e+01  3.98107171e+06  5.35087436e+01 
 4.29866235e+06  5.21559279e+01  4.29866235e+06  3.88692384e+01 
 4.64158883e+06  4.91779562e+01  4.64158883e+06  3.06924413e+01 
 5.01187234e+06  4.65527216e+01  5.01187234e+06  2.57757310e+01 
 5.41169527e+06  4.42045461e+01  5.41169527e+06  2.26303318e+01 
 5.84341413e+06  4.20643935e+01  5.84341413e+06  2.05396663e+01 
 6.30957344e+06  4.00797747e+01  6.30957344e+06  1.91309458e+01 
 6.81292069e+06  3.82137744e+01  6.81292069e+06  1.81928006e+01 
 7.35642254e+06  3.64395291e+01  7.35642254e+06  1.76049058e+01 
 7.94328235e+06  3.47362608e+01  7.94328235e+06  1.72852223e+01 
 8.57695899e+06  3.30878356e+01  8.57695899e+06  1.71879893e+01 
 9.26118728e+06  3.14823381e+01  9.26118728e+06  1.72822223e+01 
 1.00000000e+07  2.99107435e+01  1.00000000e+07  1.75446628e+01 
 1.07977516e+07  2.83654346e+01  1.07977516e+07  1.79657082e+01 
 1.16591440e+07  2.68385839e+01  1.16591440e+07  1.85504291e+01 
 1.25892541e+07  2.53262064e+01  1.25892541e+07  1.92831921e+01 
 1.35935639e+07  2.38198717e+01  1.35935639e+07  2.01832912e+01 
 1.46779927e+07  2.23166622e+01  1.46779927e+07  2.12517900e+01 
 1.58489319e+07  2.08114355e+01  1.58489319e+07  2.25154383e+01 
 1.71132830e+07  1.93023804e+01  1.71132830e+07  2.39856844e+01 
 1.84784980e+07  1.77777988e+01  1.84784980e+07  2.56952757e+01 
 1.99526231e+07  1.62418947e+01  1.99526231e+07  2.77041647e+01 
 2.15443469e+07  1.46835933e+01  2.15443469e+07  3.00388279e+01 
 2.32630507e+07  1.30965730e+01  2.32630507e+07  3.28405708e+01 
 2.51188643e+07  1.14914910e+01  2.51188643e+07  3.60581654e+01 
 2.71227258e+07  9.86345708e+00  2.71227258e+07  4.00195331e+01 
 2.92864456e+07  8.19803011e+00  2.92864456e+07  4.46146894e+01 
 3.16227766e+07  6.52630765e+00  3.16227766e+07  5.05288030e+01 
 3.41454887e+07  4.86270647e+00  3.41454887e+07  5.76076874e+01 
 3.68694506e+07  3.28004657e+00  3.68694506e+07  6.62407401e+01 
 3.98107171e+07  1.84584322e+00  3.98107171e+07  7.66916987e+01 
 4.29866235e+07  7.27279050e-01  4.29866235e+07  8.87359690e+01 
 4.64158883e+07 -6.44811800e-02  4.64158883e+07  1.01768646e+02 
 5.01187234e+07 -4.98562228e-01  5.01187234e+07  1.14606718e+02 
 5.41169527e+07 -4.74372092e-01  5.41169527e+07  1.25787188e+02 
 5.84341413e+07 -3.19581662e-01  5.84341413e+07  1.36493071e+02 
 6.30957344e+07  1.34962552e-01  6.30957344e+07  1.44153307e+02 
 6.81292069e+07  4.44611116e-01  6.81292069e+07  1.51467674e+02 
 7.35642254e+07  8.85908228e-01  7.35642254e+07  1.57878291e+02 
 7.94328235e+07  1.30096535e+00  7.94328235e+07  1.62578333e+02 
 8.57695899e+07  1.78979529e+00  8.57695899e+07  1.66887971e+02 
 9.26118728e+07  2.12209466e+00  9.26118728e+07  1.70307729e+02 
 1.00000000e+08  2.52130583e+00  1.00000000e+08  1.74058311e+02 
 1.07977516e+08  2.78293141e+00  1.07977516e+08  1.77242910e+02 
 1.16591440e+08  3.12774741e+00  1.16591440e+08  1.79463240e+02 
 1.25892541e+08  3.63952682e+00  1.25892541e+08  1.81827524e+02 
 1.35935639e+08  4.09502968e+00  1.35935639e+08  1.83883518e+02 
 1.46779927e+08  4.18937055e+00  1.46779927e+08  1.85733154e+02 
 1.58489319e+08  4.85016322e+00  1.58489319e+08  1.87264138e+02 
 1.71132830e+08  4.91299254e+00  1.71132830e+08  1.88589578e+02 
 1.84784980e+08  5.12502690e+00  1.84784980e+08  1.89276522e+02 
 1.99526231e+08  6.14298158e+00  1.99526231e+08  1.89790401e+02 
 2.15443469e+08  6.16849952e+00  2.15443469e+08  1.90364171e+02 
 2.32630507e+08  6.73865963e+00  2.32630507e+08  1.90429023e+02 
 2.51188643e+08  6.15426807e+00  2.51188643e+08  1.90122447e+02 
 2.71227258e+08  6.58219599e+00  2.71227258e+08  1.89770331e+02 
 2.92864456e+08  7.95066553e+00  2.92864456e+08  1.89091202e+02 
 3.16227766e+08  7.56846528e+00  3.16227766e+08  1.88485178e+02 
 3.41454887e+08  7.21792928e+00  3.41454887e+08  1.87552801e+02 
 3.68694506e+08  7.93478549e+00  3.68694506e+08  1.86621157e+02 
 3.98107171e+08  5.68321919e+00  3.98107171e+08  1.85808372e+02 
 4.29866235e+08  7.90998649e+00  4.29866235e+08  1.85067295e+02 
 4.64158883e+08  8.20477619e+00  4.64158883e+08  1.84453450e+02 
 5.01187234e+08  8.79694781e+00  5.01187234e+08  1.83336776e+02 
 5.41169527e+08  7.48774521e+00  5.41169527e+08  1.83346865e+02 
 5.84341413e+08  8.64194425e+00  5.84341413e+08  1.82860587e+02 
 6.30957344e+08  7.30002557e+00  6.30957344e+08  1.81960019e+02 
 6.81292069e+08  9.42244120e+00  6.81292069e+08  1.81065145e+02 
 7.35642254e+08  8.09846850e+00  7.35642254e+08  1.81454051e+02 
 7.94328235e+08  3.24990747e+00  7.94328235e+08  1.81374976e+02 
 8.57695899e+08  1.14024765e+01  8.57695899e+08  1.81414713e+02 
 9.26118728e+08  4.05929430e+00  9.26118728e+08  1.80088502e+02 
 1.00000000e+09  2.71025996e+00  1.00000000e+09  1.79969042e+02 
