 1.00000000e+00  4.56635162e+01  1.00000000e+00  1.79999998e+02 
 1.07977516e+00  4.56635162e+01  1.07977516e+00  1.79999997e+02 
 1.16591440e+00  4.56635162e+01  1.16591440e+00  1.79999997e+02 
 1.25892541e+00  4.56635162e+01  1.25892541e+00  1.79999997e+02 
 1.35935639e+00  4.56635162e+01  1.35935639e+00  1.79999997e+02 
 1.46779927e+00  4.56635162e+01  1.46779927e+00  1.79999997e+02 
 1.58489319e+00  4.56635162e+01  1.58489319e+00  1.79999996e+02 
 1.71132830e+00  4.56635162e+01  1.71132830e+00  1.79999996e+02 
 1.84784980e+00  4.56635162e+01  1.84784980e+00  1.79999996e+02 
 1.99526231e+00  4.56635162e+01  1.99526231e+00  1.79999995e+02 
 2.15443469e+00  4.56635162e+01  2.15443469e+00  1.79999995e+02 
 2.32630507e+00  4.56635162e+01  2.32630507e+00  1.79999995e+02 
 2.51188643e+00  4.56635162e+01  2.51188643e+00  1.79999994e+02 
 2.71227258e+00  4.56635162e+01  2.71227258e+00  1.79999994e+02 
 2.92864456e+00  4.56635162e+01  2.92864456e+00  1.79999993e+02 
 3.16227766e+00  4.56635162e+01  3.16227766e+00  1.79999993e+02 
 3.41454887e+00  4.56635162e+01  3.41454887e+00  1.79999992e+02 
 3.68694506e+00  4.56635162e+01  3.68694506e+00  1.79999991e+02 
 3.98107171e+00  4.56635162e+01  3.98107171e+00  1.79999991e+02 
 4.29866235e+00  4.56635162e+01  4.29866235e+00  1.79999990e+02 
 4.64158883e+00  4.56635162e+01  4.64158883e+00  1.79999989e+02 
 5.01187234e+00  4.56635162e+01  5.01187234e+00  1.79999988e+02 
 5.41169527e+00  4.56635162e+01  5.41169527e+00  1.79999987e+02 
 5.84341413e+00  4.56635162e+01  5.84341413e+00  1.79999986e+02 
 6.30957344e+00  4.56635162e+01  6.30957344e+00  1.79999985e+02 
 6.81292069e+00  4.56635162e+01  6.81292069e+00  1.79999984e+02 
 7.35642254e+00  4.56635162e+01  7.35642254e+00  1.79999983e+02 
 7.94328235e+00  4.56635162e+01  7.94328235e+00  1.79999981e+02 
 8.57695899e+00  4.56635162e+01  8.57695899e+00  1.79999980e+02 
 9.26118728e+00  4.56635162e+01  9.26118728e+00  1.79999978e+02 
 1.00000000e+01  4.56635162e+01  1.00000000e+01  1.79999976e+02 
 1.07977516e+01  4.56635162e+01  1.07977516e+01  1.79999975e+02 
 1.16591440e+01  4.56635162e+01  1.16591440e+01  1.79999973e+02 
 1.25892541e+01  4.56635162e+01  1.25892541e+01  1.79999970e+02 
 1.35935639e+01  4.56635162e+01  1.35935639e+01  1.79999968e+02 
 1.46779927e+01  4.56635162e+01  1.46779927e+01  1.79999965e+02 
 1.58489319e+01  4.56635162e+01  1.58489319e+01  1.79999963e+02 
 1.71132830e+01  4.56635162e+01  1.71132830e+01  1.79999960e+02 
 1.84784980e+01  4.56635162e+01  1.84784980e+01  1.79999956e+02 
 1.99526231e+01  4.56635162e+01  1.99526231e+01  1.79999953e+02 
 2.15443469e+01  4.56635162e+01  2.15443469e+01  1.79999949e+02 
 2.32630507e+01  4.56635162e+01  2.32630507e+01  1.79999945e+02 
 2.51188643e+01  4.56635162e+01  2.51188643e+01  1.79999941e+02 
 2.71227258e+01  4.56635162e+01  2.71227258e+01  1.79999936e+02 
 2.92864456e+01  4.56635162e+01  2.92864456e+01  1.79999931e+02 
 3.16227766e+01  4.56635162e+01  3.16227766e+01  1.79999925e+02 
 3.41454887e+01  4.56635162e+01  3.41454887e+01  1.79999920e+02 
 3.68694506e+01  4.56635162e+01  3.68694506e+01  1.79999913e+02 
 3.98107171e+01  4.56635162e+01  3.98107171e+01  1.79999906e+02 
 4.29866235e+01  4.56635162e+01  4.29866235e+01  1.79999899e+02 
 4.64158883e+01  4.56635162e+01  4.64158883e+01  1.79999891e+02 
 5.01187234e+01  4.56635162e+01  5.01187234e+01  1.79999882e+02 
 5.41169527e+01  4.56635162e+01  5.41169527e+01  1.79999872e+02 
 5.84341413e+01  4.56635162e+01  5.84341413e+01  1.79999862e+02 
 6.30957344e+01  4.56635162e+01  6.30957344e+01  1.79999851e+02 
 6.81292069e+01  4.56635162e+01  6.81292069e+01  1.79999839e+02 
 7.35642254e+01  4.56635162e+01  7.35642254e+01  1.79999827e+02 
 7.94328235e+01  4.56635162e+01  7.94328235e+01  1.79999813e+02 
 8.57695899e+01  4.56635162e+01  8.57695899e+01  1.79999798e+02 
 9.26118728e+01  4.56635162e+01  9.26118728e+01  1.79999782e+02 
 1.00000000e+02  4.56635162e+01  1.00000000e+02  1.79999764e+02 
 1.07977516e+02  4.56635162e+01  1.07977516e+02  1.79999746e+02 
 1.16591440e+02  4.56635162e+01  1.16591440e+02  1.79999725e+02 
 1.25892541e+02  4.56635162e+01  1.25892541e+02  1.79999703e+02 
 1.35935639e+02  4.56635162e+01  1.35935639e+02  1.79999680e+02 
 1.46779927e+02  4.56635162e+01  1.46779927e+02  1.79999654e+02 
 1.58489319e+02  4.56635162e+01  1.58489319e+02  1.79999626e+02 
 1.71132830e+02  4.56635162e+01  1.71132830e+02  1.79999597e+02 
 1.84784980e+02  4.56635162e+01  1.84784980e+02  1.79999565e+02 
 1.99526231e+02  4.56635162e+01  1.99526231e+02  1.79999530e+02 
 2.15443469e+02  4.56635162e+01  2.15443469e+02  1.79999492e+02 
 2.32630507e+02  4.56635162e+01  2.32630507e+02  1.79999452e+02 
 2.51188643e+02  4.56635162e+01  2.51188643e+02  1.79999408e+02 
 2.71227258e+02  4.56635162e+01  2.71227258e+02  1.79999361e+02 
 2.92864456e+02  4.56635162e+01  2.92864456e+02  1.79999310e+02 
 3.16227766e+02  4.56635163e+01  3.16227766e+02  1.79999255e+02 
 3.41454887e+02  4.56635163e+01  3.41454887e+02  1.79999195e+02 
 3.68694506e+02  4.56635163e+01  3.68694506e+02  1.79999131e+02 
 3.98107171e+02  4.56635163e+01  3.98107171e+02  1.79999062e+02 
 4.29866235e+02  4.56635163e+01  4.29866235e+02  1.79998987e+02 
 4.64158883e+02  4.56635163e+01  4.64158883e+02  1.79998906e+02 
 5.01187234e+02  4.56635163e+01  5.01187234e+02  1.79998819e+02 
 5.41169527e+02  4.56635164e+01  5.41169527e+02  1.79998725e+02 
 5.84341413e+02  4.56635164e+01  5.84341413e+02  1.79998623e+02 
 6.30957344e+02  4.56635164e+01  6.30957344e+02  1.79998513e+02 
 6.81292069e+02  4.56635165e+01  6.81292069e+02  1.79998394e+02 
 7.35642254e+02  4.56635165e+01  7.35642254e+02  1.79998266e+02 
 7.94328235e+02  4.56635166e+01  7.94328235e+02  1.79998128e+02 
 8.57695899e+02  4.56635166e+01  8.57695899e+02  1.79997979e+02 
 9.26118728e+02  4.56635167e+01  9.26118728e+02  1.79997817e+02 
 1.00000000e+03  4.56635168e+01  1.00000000e+03  1.79997643e+02 
 1.07977516e+03  4.56635169e+01  1.07977516e+03  1.79997455e+02 
 1.16591440e+03  4.56635170e+01  1.16591440e+03  1.79997252e+02 
 1.25892541e+03  4.56635171e+01  1.25892541e+03  1.79997033e+02 
 1.35935639e+03  4.56635173e+01  1.35935639e+03  1.79996796e+02 
 1.46779927e+03  4.56635174e+01  1.46779927e+03  1.79996541e+02 
 1.58489319e+03  4.56635176e+01  1.58489319e+03  1.79996265e+02 
 1.71132830e+03  4.56635179e+01  1.71132830e+03  1.79995967e+02 
 1.84784980e+03  4.56635182e+01  1.84784980e+03  1.79995645e+02 
 1.99526231e+03  4.56635185e+01  1.99526231e+03  1.79995298e+02 
 2.15443469e+03  4.56635189e+01  2.15443469e+03  1.79994923e+02 
 2.32630507e+03  4.56635193e+01  2.32630507e+03  1.79994518e+02 
 2.51188643e+03  4.56635198e+01  2.51188643e+03  1.79994080e+02 
 2.71227258e+03  4.56635204e+01  2.71227258e+03  1.79993608e+02 
 2.92864456e+03  4.56635211e+01  2.92864456e+03  1.79993098e+02 
 3.16227766e+03  4.56635220e+01  3.16227766e+03  1.79992548e+02 
 3.41454887e+03  4.56635229e+01  3.41454887e+03  1.79991953e+02 
 3.68694506e+03  4.56635240e+01  3.68694506e+03  1.79991311e+02 
 3.98107171e+03  4.56635253e+01  3.98107171e+03  1.79990618e+02 
 4.29866235e+03  4.56635269e+01  4.29866235e+03  1.79989869e+02 
 4.64158883e+03  4.56635286e+01  4.64158883e+03  1.79989061e+02 
 5.01187234e+03  4.56635307e+01  5.01187234e+03  1.79988189e+02 
 5.41169527e+03  4.56635331e+01  5.41169527e+03  1.79987246e+02 
 5.84341413e+03  4.56635359e+01  5.84341413e+03  1.79986229e+02 
 6.30957344e+03  4.56635392e+01  6.30957344e+03  1.79985130e+02 
 6.81292069e+03  4.56635430e+01  6.81292069e+03  1.79983944e+02 
 7.35642254e+03  4.56635474e+01  7.35642254e+03  1.79982663e+02 
 7.94328235e+03  4.56635526e+01  7.94328235e+03  1.79981280e+02 
 8.57695899e+03  4.56635586e+01  8.57695899e+03  1.79979787e+02 
 9.26118728e+03  4.56635657e+01  9.26118728e+03  1.79978174e+02 
 1.00000000e+04  4.56635739e+01  1.00000000e+04  1.79976433e+02 
 1.07977516e+04  4.56635835e+01  1.07977516e+04  1.79974553e+02 
 1.16591440e+04  4.56635946e+01  1.16591440e+04  1.79972523e+02 
 1.25892541e+04  4.56636076e+01  1.25892541e+04  1.79970331e+02 
 1.35935639e+04  4.56636228e+01  1.35935639e+04  1.79967964e+02 
 1.46779927e+04  4.56636405e+01  1.46779927e+04  1.79965408e+02 
 1.58489319e+04  4.56636611e+01  1.58489319e+04  1.79962648e+02 
 1.71132830e+04  4.56636851e+01  1.71132830e+04  1.79959669e+02 
 1.84784980e+04  4.56637132e+01  1.84784980e+04  1.79956451e+02 
 1.99526231e+04  4.56637458e+01  1.99526231e+04  1.79952976e+02 
 2.15443469e+04  4.56637839e+01  2.15443469e+04  1.79949225e+02 
 2.32630507e+04  4.56638284e+01  2.32630507e+04  1.79945174e+02 
 2.51188643e+04  4.56638802e+01  2.51188643e+04  1.79940799e+02 
 2.71227258e+04  4.56639405e+01  2.71227258e+04  1.79936076e+02 
 2.92864456e+04  4.56640110e+01  2.92864456e+04  1.79930976e+02 
 3.16227766e+04  4.56640931e+01  3.16227766e+04  1.79925468e+02 
 3.41454887e+04  4.56641888e+01  3.41454887e+04  1.79919521e+02 
 3.68694506e+04  4.56643004e+01  3.68694506e+04  1.79913099e+02 
 3.98107171e+04  4.56644305e+01  3.98107171e+04  1.79906165e+02 
 4.29866235e+04  4.56645822e+01  4.29866235e+04  1.79898676e+02 
 4.64158883e+04  4.56647591e+01  4.64158883e+04  1.79890590e+02 
 5.01187234e+04  4.56649653e+01  5.01187234e+04  1.79881857e+02 
 5.41169527e+04  4.56652057e+01  5.41169527e+04  1.79872427e+02 
 5.84341413e+04  4.56654861e+01  5.84341413e+04  1.79862243e+02 
 6.30957344e+04  4.56658130e+01  6.30957344e+04  1.79851245e+02 
 6.81292069e+04  4.56661941e+01  6.81292069e+04  1.79839368e+02 
 7.35642254e+04  4.56666384e+01  7.35642254e+04  1.79826540e+02 
 7.94328235e+04  4.56671566e+01  7.94328235e+04  1.79812685e+02 
 8.57695899e+04  4.56677608e+01  8.57695899e+04  1.79797721e+02 
 9.26118728e+04  4.56684651e+01  9.26118728e+04  1.79781558e+02 
 1.00000000e+05  4.56692865e+01  1.00000000e+05  1.79764098e+02 
 1.07977516e+05  4.56702442e+01  1.07977516e+05  1.79745236e+02 
 1.16591440e+05  4.56713609e+01  1.16591440e+05  1.79724859e+02 
 1.25892541e+05  4.56726632e+01  1.25892541e+05  1.79702843e+02 
 1.35935639e+05  4.56741815e+01  1.35935639e+05  1.79679053e+02 
 1.46779927e+05  4.56759525e+01  1.46779927e+05  1.79653343e+02 
 1.58489319e+05  4.56780175e+01  1.58489319e+05  1.79625554e+02 
 1.71132830e+05  4.56804256e+01  1.71132830e+05  1.79595514e+02 
 1.84784980e+05  4.56832341e+01  1.84784980e+05  1.79563034e+02 
 1.99526231e+05  4.56865099e+01  1.99526231e+05  1.79527907e+02 
 2.15443469e+05  4.56903302e+01  2.15443469e+05  1.79489909e+02 
 2.32630507e+05  4.56947866e+01  2.32630507e+05  1.79448791e+02 
 2.51188643e+05  4.56999851e+01  2.51188643e+05  1.79404283e+02 
 2.71227258e+05  4.57060504e+01  2.71227258e+05  1.79356085e+02 
 2.92864456e+05  4.57131268e+01  2.92864456e+05  1.79303866e+02 
 3.16227766e+05  4.57213838e+01  3.16227766e+05  1.79247258e+02 
 3.41454887e+05  4.57310215e+01  3.41454887e+05  1.79185854e+02 
 3.68694506e+05  4.57422691e+01  3.68694506e+05  1.79119197e+02 
 3.98107171e+05  4.57554008e+01  3.98107171e+05  1.79046774e+02 
 4.29866235e+05  4.57707369e+01  4.29866235e+05  1.78968007e+02 
 4.64158883e+05  4.57886461e+01  4.64158883e+05  1.78882237e+02 
 5.01187234e+05  4.58095760e+01  5.01187234e+05  1.78788714e+02 
 5.41169527e+05  4.58340344e+01  5.41169527e+05  1.78686575e+02 
 5.84341413e+05  4.58626373e+01  5.84341413e+05  1.78574818e+02 
 6.30957344e+05  4.58960935e+01  6.30957344e+05  1.78452278e+02 
 6.81292069e+05  4.59352556e+01  6.81292069e+05  1.78317578e+02 
 7.35642254e+05  4.59811349e+01  7.35642254e+05  1.78169086e+02 
 7.94328235e+05  4.60349134e+01  7.94328235e+05  1.78004846e+02 
 8.57695899e+05  4.60980066e+01  8.57695899e+05  1.77822489e+02 
 9.26118728e+05  4.61721223e+01  9.26118728e+05  1.77619116e+02 
 1.00000000e+06  4.62593141e+01  1.00000000e+06  1.77391140e+02 
 1.07977516e+06  4.63620128e+01  1.07977516e+06  1.77134078e+02 
 1.16591440e+06  4.64831739e+01  1.16591440e+06  1.76842244e+02 
 1.25892541e+06  4.66265063e+01  1.25892541e+06  1.76508315e+02 
 1.35935639e+06  4.67964372e+01  1.35935639e+06  1.76122752e+02 
 1.46779927e+06  4.69985755e+01  1.46779927e+06  1.75672859e+02 
 1.58489319e+06  4.72398758e+01  1.58489319e+06  1.75141498e+02 
 1.71132830e+06  4.75292178e+01  1.71132830e+06  1.74504875e+02 
 1.84784980e+06  4.78781187e+01  1.84784980e+06  1.73729316e+02 
 1.99526231e+06  4.83016199e+01  1.99526231e+06  1.72765466e+02 
 2.15443469e+06  4.88199550e+01  2.15443469e+06  1.71538543e+02 
 2.32630507e+06  4.94606249e+01  2.32630507e+06  1.69930146e+02 
 2.51188643e+06  5.02623673e+01  2.51188643e+06  1.67742390e+02 
 2.71227258e+06  5.12803844e+01  2.71227258e+06  1.64621716e+02 
 2.92864456e+06  5.25924299e+01  2.92864456e+06  1.59882934e+02 
 3.16227766e+06  5.42943724e+01  3.16227766e+06  1.52064649e+02 
 3.41454887e+06  5.63987147e+01  3.41454887e+06  1.37830284e+02 
 3.68694506e+06  5.81944634e+01  3.68694506e+06  1.11102606e+02 
 3.98107171e+06  5.73914597e+01  3.98107171e+06  7.50505909e+01 
 4.29866235e+06  5.41603975e+01  4.29866235e+06  4.95236055e+01 
 4.64158883e+06  5.07352665e+01  4.64158883e+06  3.60839541e+01 
 5.01187234e+06  4.77215923e+01  5.01187234e+06  2.87489630e+01 
 5.41169527e+06  4.50896523e+01  5.41169527e+06  2.43871678e+01 
 5.84341413e+06  4.27438168e+01  5.84341413e+06  2.16275201e+01 
 6.30957344e+06  4.06074847e+01  6.30957344e+06  1.98215358e+01 
 6.81292069e+06  3.86264518e+01  6.81292069e+06  1.86373889e+01 
 7.35642254e+06  3.67628839e+01  7.35642254e+06  1.78850117e+01 
 7.94328235e+06  3.49897188e+01  7.94328235e+06  1.74555653e+01 
 8.57695899e+06  3.32849255e+01  8.57695899e+06  1.72816147e+01 
 9.26118728e+06  3.16352522e+01  9.26118728e+06  1.73192243e+01 
 1.00000000e+07  3.00270942e+01  1.00000000e+07  1.75424209e+01 
 1.07977516e+07  2.84498562e+01  1.07977516e+07  1.79341698e+01 
 1.16591440e+07  2.68985263e+01  1.16591440e+07  1.84867707e+01 
 1.25892541e+07  2.53626508e+01  1.25892541e+07  1.92016049e+01 
 1.35935639e+07  2.38375052e+01  1.35935639e+07  2.00836900e+01 
 1.46779927e+07  2.23196382e+01  1.46779927e+07  2.11432522e+01 
 1.58489319e+07  2.08007570e+01  1.58489319e+07  2.23848538e+01 
 1.71132830e+07  1.92749761e+01  1.71132830e+07  2.38490932e+01 
 1.84784980e+07  1.77423214e+01  1.84784980e+07  2.55629313e+01 
 1.99526231e+07  1.61958049e+01  1.99526231e+07  2.75382939e+01 
 2.15443469e+07  1.46258433e+01  2.15443469e+07  2.98932569e+01 
 2.32630507e+07  1.30368906e+01  2.32630507e+07  3.26408266e+01 
 2.51188643e+07  1.14144234e+01  2.51188643e+07  3.59405570e+01 
 2.71227258e+07  9.76287835e+00  2.71227258e+07  3.98807544e+01 
 2.92864456e+07  8.09067632e+00  2.92864456e+07  4.46272952e+01 
 3.16227766e+07  6.40379230e+00  3.16227766e+07  5.03867450e+01 
 3.41454887e+07  4.72959403e+00  3.41454887e+07  5.75699700e+01 
 3.68694506e+07  3.12186187e+00  3.68694506e+07  6.60686570e+01 
 3.98107171e+07  1.66486069e+00  3.98107171e+07  7.67163160e+01 
 4.29866235e+07  4.91452596e-01  4.29866235e+07  8.89437791e+01 
 4.64158883e+07 -2.99437291e-01  4.64158883e+07  1.02553819e+02 
 5.01187234e+07 -6.53393894e-01  5.01187234e+07  1.15142173e+02 
 5.41169527e+07 -6.64272873e-01  5.41169527e+07  1.27358986e+02 
 5.84341413e+07 -3.63747357e-01  5.84341413e+07  1.36248634e+02 
 6.30957344e+07  4.71218548e-02  6.30957344e+07  1.45434645e+02 
 6.81292069e+07  3.87952760e-01  6.81292069e+07  1.52774084e+02 
 7.35642254e+07  8.28997325e-01  7.35642254e+07  1.58057899e+02 
 7.94328235e+07  1.25553006e+00  7.94328235e+07  1.63499086e+02 
 8.57695899e+07  1.73135353e+00  8.57695899e+07  1.67475582e+02 
 9.26118728e+07  2.11462809e+00  9.26118728e+07  1.71460461e+02 
 1.00000000e+08  2.48392832e+00  1.00000000e+08  1.74420143e+02 
 1.07977516e+08  2.83704142e+00  1.07977516e+08  1.77352439e+02 
 1.16591440e+08  3.17890295e+00  1.16591440e+08  1.80033828e+02 
 1.25892541e+08  3.77671522e+00  1.25892541e+08  1.82054157e+02 
 1.35935639e+08  3.69437924e+00  1.35935639e+08  1.84615433e+02 
 1.46779927e+08  4.19143513e+00  1.46779927e+08  1.85848315e+02 
 1.58489319e+08  4.42762715e+00  1.58489319e+08  1.87522377e+02 
 1.71132830e+08  4.85573648e+00  1.71132830e+08  1.88952501e+02 
 1.84784980e+08  5.28712975e+00  1.84784980e+08  1.89741368e+02 
 1.99526231e+08  5.68363274e+00  1.99526231e+08  1.90140729e+02 
 2.15443469e+08  6.32172814e+00  2.15443469e+08  1.90204817e+02 
 2.32630507e+08  5.68634398e+00  2.32630507e+08  1.90756643e+02 
 2.51188643e+08  6.76011244e+00  2.51188643e+08  1.90138912e+02 
 2.71227258e+08  6.71649897e+00  2.71227258e+08  1.89602734e+02 
 2.92864456e+08  6.75267808e+00  2.92864456e+08  1.88972006e+02 
 3.16227766e+08  6.93970947e+00  3.16227766e+08  1.88263505e+02 
 3.41454887e+08  7.34009804e+00  3.41454887e+08  1.87333791e+02 
 3.68694506e+08  7.03845846e+00  3.68694506e+08  1.86426044e+02 
 3.98107171e+08  7.95762499e+00  3.98107171e+08  1.85750707e+02 
 4.29866235e+08  6.67807016e+00  4.29866235e+08  1.84893502e+02 
 4.64158883e+08  8.28708553e+00  4.64158883e+08  1.83963167e+02 
 5.01187234e+08  6.99311125e+00  5.01187234e+08  1.83745393e+02 
 5.41169527e+08  1.00854688e+01  5.41169527e+08  1.83121403e+02 
 5.84341413e+08  6.25863100e+00  5.84341413e+08  1.82545718e+02 
 6.30957344e+08  4.89787151e+00  6.30957344e+08  1.81925315e+02 
 6.81292069e+08  6.04895874e+00  6.81292069e+08  1.81444516e+02 
 7.35642254e+08  8.22462330e+00  7.35642254e+08  1.81398994e+02 
 7.94328235e+08  6.85662808e+00  7.94328235e+08  1.81013934e+02 
 8.57695899e+08  5.50738211e+00  8.57695899e+08  1.80841204e+02 
 9.26118728e+08  1.01704282e+01  9.26118728e+08  1.80237806e+02 
 1.00000000e+09  2.81261763e+00  1.00000000e+09  1.80179762e+02 
