 1.00000000e+00  4.61464724e+01  1.00000000e+00  1.79999998e+02 
 1.07977516e+00  4.61464724e+01  1.07977516e+00  1.79999998e+02 
 1.16591440e+00  4.61464724e+01  1.16591440e+00  1.79999998e+02 
 1.25892541e+00  4.61464724e+01  1.25892541e+00  1.79999997e+02 
 1.35935639e+00  4.61464724e+01  1.35935639e+00  1.79999997e+02 
 1.46779927e+00  4.61464724e+01  1.46779927e+00  1.79999997e+02 
 1.58489319e+00  4.61464724e+01  1.58489319e+00  1.79999997e+02 
 1.71132830e+00  4.61464724e+01  1.71132830e+00  1.79999996e+02 
 1.84784980e+00  4.61464724e+01  1.84784980e+00  1.79999996e+02 
 1.99526231e+00  4.61464724e+01  1.99526231e+00  1.79999996e+02 
 2.15443469e+00  4.61464724e+01  2.15443469e+00  1.79999996e+02 
 2.32630507e+00  4.61464724e+01  2.32630507e+00  1.79999995e+02 
 2.51188643e+00  4.61464724e+01  2.51188643e+00  1.79999995e+02 
 2.71227258e+00  4.61464724e+01  2.71227258e+00  1.79999994e+02 
 2.92864456e+00  4.61464724e+01  2.92864456e+00  1.79999994e+02 
 3.16227766e+00  4.61464724e+01  3.16227766e+00  1.79999994e+02 
 3.41454887e+00  4.61464724e+01  3.41454887e+00  1.79999993e+02 
 3.68694506e+00  4.61464724e+01  3.68694506e+00  1.79999992e+02 
 3.98107171e+00  4.61464724e+01  3.98107171e+00  1.79999992e+02 
 4.29866235e+00  4.61464724e+01  4.29866235e+00  1.79999991e+02 
 4.64158883e+00  4.61464724e+01  4.64158883e+00  1.79999990e+02 
 5.01187234e+00  4.61464724e+01  5.01187234e+00  1.79999990e+02 
 5.41169527e+00  4.61464724e+01  5.41169527e+00  1.79999989e+02 
 5.84341413e+00  4.61464724e+01  5.84341413e+00  1.79999988e+02 
 6.30957344e+00  4.61464724e+01  6.30957344e+00  1.79999987e+02 
 6.81292069e+00  4.61464724e+01  6.81292069e+00  1.79999986e+02 
 7.35642254e+00  4.61464724e+01  7.35642254e+00  1.79999985e+02 
 7.94328235e+00  4.61464724e+01  7.94328235e+00  1.79999984e+02 
 8.57695899e+00  4.61464724e+01  8.57695899e+00  1.79999982e+02 
 9.26118728e+00  4.61464724e+01  9.26118728e+00  1.79999981e+02 
 1.00000000e+01  4.61464724e+01  1.00000000e+01  1.79999979e+02 
 1.07977516e+01  4.61464724e+01  1.07977516e+01  1.79999978e+02 
 1.16591440e+01  4.61464724e+01  1.16591440e+01  1.79999976e+02 
 1.25892541e+01  4.61464724e+01  1.25892541e+01  1.79999974e+02 
 1.35935639e+01  4.61464724e+01  1.35935639e+01  1.79999972e+02 
 1.46779927e+01  4.61464724e+01  1.46779927e+01  1.79999970e+02 
 1.58489319e+01  4.61464724e+01  1.58489319e+01  1.79999968e+02 
 1.71132830e+01  4.61464724e+01  1.71132830e+01  1.79999965e+02 
 1.84784980e+01  4.61464724e+01  1.84784980e+01  1.79999962e+02 
 1.99526231e+01  4.61464724e+01  1.99526231e+01  1.79999959e+02 
 2.15443469e+01  4.61464724e+01  2.15443469e+01  1.79999956e+02 
 2.32630507e+01  4.61464724e+01  2.32630507e+01  1.79999952e+02 
 2.51188643e+01  4.61464724e+01  2.51188643e+01  1.79999948e+02 
 2.71227258e+01  4.61464724e+01  2.71227258e+01  1.79999944e+02 
 2.92864456e+01  4.61464724e+01  2.92864456e+01  1.79999940e+02 
 3.16227766e+01  4.61464724e+01  3.16227766e+01  1.79999935e+02 
 3.41454887e+01  4.61464724e+01  3.41454887e+01  1.79999930e+02 
 3.68694506e+01  4.61464724e+01  3.68694506e+01  1.79999924e+02 
 3.98107171e+01  4.61464724e+01  3.98107171e+01  1.79999918e+02 
 4.29866235e+01  4.61464724e+01  4.29866235e+01  1.79999912e+02 
 4.64158883e+01  4.61464724e+01  4.64158883e+01  1.79999905e+02 
 5.01187234e+01  4.61464724e+01  5.01187234e+01  1.79999897e+02 
 5.41169527e+01  4.61464724e+01  5.41169527e+01  1.79999889e+02 
 5.84341413e+01  4.61464724e+01  5.84341413e+01  1.79999880e+02 
 6.30957344e+01  4.61464724e+01  6.30957344e+01  1.79999871e+02 
 6.81292069e+01  4.61464724e+01  6.81292069e+01  1.79999860e+02 
 7.35642254e+01  4.61464724e+01  7.35642254e+01  1.79999849e+02 
 7.94328235e+01  4.61464724e+01  7.94328235e+01  1.79999837e+02 
 8.57695899e+01  4.61464724e+01  8.57695899e+01  1.79999824e+02 
 9.26118728e+01  4.61464724e+01  9.26118728e+01  1.79999810e+02 
 1.00000000e+02  4.61464724e+01  1.00000000e+02  1.79999795e+02 
 1.07977516e+02  4.61464724e+01  1.07977516e+02  1.79999779e+02 
 1.16591440e+02  4.61464724e+01  1.16591440e+02  1.79999761e+02 
 1.25892541e+02  4.61464724e+01  1.25892541e+02  1.79999742e+02 
 1.35935639e+02  4.61464724e+01  1.35935639e+02  1.79999721e+02 
 1.46779927e+02  4.61464724e+01  1.46779927e+02  1.79999699e+02 
 1.58489319e+02  4.61464724e+01  1.58489319e+02  1.79999675e+02 
 1.71132830e+02  4.61464724e+01  1.71132830e+02  1.79999649e+02 
 1.84784980e+02  4.61464724e+01  1.84784980e+02  1.79999621e+02 
 1.99526231e+02  4.61464724e+01  1.99526231e+02  1.79999591e+02 
 2.15443469e+02  4.61464724e+01  2.15443469e+02  1.79999558e+02 
 2.32630507e+02  4.61464725e+01  2.32630507e+02  1.79999523e+02 
 2.51188643e+02  4.61464725e+01  2.51188643e+02  1.79999485e+02 
 2.71227258e+02  4.61464725e+01  2.71227258e+02  1.79999444e+02 
 2.92864456e+02  4.61464725e+01  2.92864456e+02  1.79999399e+02 
 3.16227766e+02  4.61464725e+01  3.16227766e+02  1.79999352e+02 
 3.41454887e+02  4.61464725e+01  3.41454887e+02  1.79999300e+02 
 3.68694506e+02  4.61464725e+01  3.68694506e+02  1.79999244e+02 
 3.98107171e+02  4.61464725e+01  3.98107171e+02  1.79999184e+02 
 4.29866235e+02  4.61464725e+01  4.29866235e+02  1.79999119e+02 
 4.64158883e+02  4.61464726e+01  4.64158883e+02  1.79999048e+02 
 5.01187234e+02  4.61464726e+01  5.01187234e+02  1.79998972e+02 
 5.41169527e+02  4.61464726e+01  5.41169527e+02  1.79998890e+02 
 5.84341413e+02  4.61464726e+01  5.84341413e+02  1.79998802e+02 
 6.30957344e+02  4.61464727e+01  6.30957344e+02  1.79998706e+02 
 6.81292069e+02  4.61464727e+01  6.81292069e+02  1.79998603e+02 
 7.35642254e+02  4.61464728e+01  7.35642254e+02  1.79998492e+02 
 7.94328235e+02  4.61464728e+01  7.94328235e+02  1.79998371e+02 
 8.57695899e+02  4.61464729e+01  8.57695899e+02  1.79998241e+02 
 9.26118728e+02  4.61464730e+01  9.26118728e+02  1.79998101e+02 
 1.00000000e+03  4.61464731e+01  1.00000000e+03  1.79997949e+02 
 1.07977516e+03  4.61464732e+01  1.07977516e+03  1.79997786e+02 
 1.16591440e+03  4.61464733e+01  1.16591440e+03  1.79997609e+02 
 1.25892541e+03  4.61464734e+01  1.25892541e+03  1.79997419e+02 
 1.35935639e+03  4.61464736e+01  1.35935639e+03  1.79997213e+02 
 1.46779927e+03  4.61464738e+01  1.46779927e+03  1.79996990e+02 
 1.58489319e+03  4.61464740e+01  1.58489319e+03  1.79996750e+02 
 1.71132830e+03  4.61464743e+01  1.71132830e+03  1.79996491e+02 
 1.84784980e+03  4.61464746e+01  1.84784980e+03  1.79996211e+02 
 1.99526231e+03  4.61464750e+01  1.99526231e+03  1.79995909e+02 
 2.15443469e+03  4.61464754e+01  2.15443469e+03  1.79995582e+02 
 2.32630507e+03  4.61464759e+01  2.32630507e+03  1.79995230e+02 
 2.51188643e+03  4.61464764e+01  2.51188643e+03  1.79994849e+02 
 2.71227258e+03  4.61464771e+01  2.71227258e+03  1.79994438e+02 
 2.92864456e+03  4.61464779e+01  2.92864456e+03  1.79993995e+02 
 3.16227766e+03  4.61464788e+01  3.16227766e+03  1.79993516e+02 
 3.41454887e+03  4.61464798e+01  3.41454887e+03  1.79992998e+02 
 3.68694506e+03  4.61464811e+01  3.68694506e+03  1.79992440e+02 
 3.98107171e+03  4.61464825e+01  3.98107171e+03  1.79991837e+02 
 4.29866235e+03  4.61464842e+01  4.29866235e+03  1.79991185e+02 
 4.64158883e+03  4.61464861e+01  4.64158883e+03  1.79990482e+02 
 5.01187234e+03  4.61464884e+01  5.01187234e+03  1.79989723e+02 
 5.41169527e+03  4.61464911e+01  5.41169527e+03  1.79988903e+02 
 5.84341413e+03  4.61464942e+01  5.84341413e+03  1.79988018e+02 
 6.30957344e+03  4.61464978e+01  6.30957344e+03  1.79987062e+02 
 6.81292069e+03  4.61465020e+01  6.81292069e+03  1.79986030e+02 
 7.35642254e+03  4.61465069e+01  7.35642254e+03  1.79984915e+02 
 7.94328235e+03  4.61465126e+01  7.94328235e+03  1.79983712e+02 
 8.57695899e+03  4.61465193e+01  8.57695899e+03  1.79982412e+02 
 9.26118728e+03  4.61465271e+01  9.26118728e+03  1.79981009e+02 
 1.00000000e+04  4.61465361e+01  1.00000000e+04  1.79979494e+02 
 1.07977516e+04  4.61465467e+01  1.07977516e+04  1.79977858e+02 
 1.16591440e+04  4.61465591e+01  1.16591440e+04  1.79976092e+02 
 1.25892541e+04  4.61465734e+01  1.25892541e+04  1.79974185e+02 
 1.35935639e+04  4.61465902e+01  1.35935639e+04  1.79972125e+02 
 1.46779927e+04  4.61466097e+01  1.46779927e+04  1.79969901e+02 
 1.58489319e+04  4.61466325e+01  1.58489319e+04  1.79967500e+02 
 1.71132830e+04  4.61466591e+01  1.71132830e+04  1.79964907e+02 
 1.84784980e+04  4.61466900e+01  1.84784980e+04  1.79962107e+02 
 1.99526231e+04  4.61467261e+01  1.99526231e+04  1.79959084e+02 
 2.15443469e+04  4.61467682e+01  2.15443469e+04  1.79955820e+02 
 2.32630507e+04  4.61468173e+01  2.32630507e+04  1.79952295e+02 
 2.51188643e+04  4.61468745e+01  2.51188643e+04  1.79948489e+02 
 2.71227258e+04  4.61469413e+01  2.71227258e+04  1.79944379e+02 
 2.92864456e+04  4.61470191e+01  2.92864456e+04  1.79939941e+02 
 3.16227766e+04  4.61471098e+01  3.16227766e+04  1.79935148e+02 
 3.41454887e+04  4.61472155e+01  3.41454887e+04  1.79929973e+02 
 3.68694506e+04  4.61473388e+01  3.68694506e+04  1.79924385e+02 
 3.98107171e+04  4.61474825e+01  3.98107171e+04  1.79918351e+02 
 4.29866235e+04  4.61476501e+01  4.29866235e+04  1.79911835e+02 
 4.64158883e+04  4.61478455e+01  4.64158883e+04  1.79904798e+02 
 5.01187234e+04  4.61480734e+01  5.01187234e+04  1.79897199e+02 
 5.41169527e+04  4.61483391e+01  5.41169527e+04  1.79888993e+02 
 5.84341413e+04  4.61486488e+01  5.84341413e+04  1.79880130e+02 
 6.30957344e+04  4.61490099e+01  6.30957344e+04  1.79870559e+02 
 6.81292069e+04  4.61494310e+01  6.81292069e+04  1.79860222e+02 
 7.35642254e+04  4.61499220e+01  7.35642254e+04  1.79849057e+02 
 7.94328235e+04  4.61504944e+01  7.94328235e+04  1.79836999e+02 
 8.57695899e+04  4.61511619e+01  8.57695899e+04  1.79823974e+02 
 9.26118728e+04  4.61519402e+01  9.26118728e+04  1.79809904e+02 
 1.00000000e+05  4.61528477e+01  1.00000000e+05  1.79794705e+02 
 1.07977516e+05  4.61539059e+01  1.07977516e+05  1.79778285e+02 
 1.16591440e+05  4.61551397e+01  1.16591440e+05  1.79760543e+02 
 1.25892541e+05  4.61565786e+01  1.25892541e+05  1.79741372e+02 
 1.35935639e+05  4.61582565e+01  1.35935639e+05  1.79720654e+02 
 1.46779927e+05  4.61602132e+01  1.46779927e+05  1.79698261e+02 
 1.58489319e+05  4.61624950e+01  1.58489319e+05  1.79674053e+02 
 1.71132830e+05  4.61651561e+01  1.71132830e+05  1.79647879e+02 
 1.84784980e+05  4.61682594e+01  1.84784980e+05  1.79619572e+02 
 1.99526231e+05  4.61718798e+01  1.99526231e+05  1.79588950e+02 
 2.15443469e+05  4.61761018e+01  2.15443469e+05  1.79555815e+02 
 2.32630507e+05  4.61810276e+01  2.32630507e+05  1.79519947e+02 
 2.51188643e+05  4.61867739e+01  2.51188643e+05  1.79481105e+02 
 2.71227258e+05  4.61934779e+01  2.71227258e+05  1.79439022e+02 
 2.92864456e+05  4.62012997e+01  2.92864456e+05  1.79393402e+02 
 3.16227766e+05  4.62104277e+01  3.16227766e+05  1.79343916e+02 
 3.41454887e+05  4.62210841e+01  3.41454887e+05  1.79290195e+02 
 3.68694506e+05  4.62335223e+01  3.68694506e+05  1.79231827e+02 
 3.98107171e+05  4.62480484e+01  3.98107171e+05  1.79168344e+02 
 4.29866235e+05  4.62650119e+01  4.29866235e+05  1.79099217e+02 
 4.64158883e+05  4.62848302e+01  4.64158883e+05  1.79023840e+02 
 5.01187234e+05  4.63079923e+01  5.01187234e+05  1.78941517e+02 
 5.41169527e+05  4.63350706e+01  5.41169527e+05  1.78851443e+02 
 5.84341413e+05  4.63667457e+01  5.84341413e+05  1.78752676e+02 
 6.30957344e+05  4.64038194e+01  6.30957344e+05  1.78644111e+02 
 6.81292069e+05  4.64472391e+01  6.81292069e+05  1.78524432e+02 
 7.35642254e+05  4.64981183e+01  7.35642254e+05  1.78392067e+02 
 7.94328235e+05  4.65578083e+01  7.94328235e+05  1.78245116e+02 
 8.57695899e+05  4.66278961e+01  8.57695899e+05  1.78081250e+02 
 9.26118728e+05  4.67103041e+01  9.26118728e+05  1.77897604e+02 
 1.00000000e+06  4.68073410e+01  1.00000000e+06  1.77690587e+02 
 1.07977516e+06  4.69218007e+01  1.07977516e+06  1.77455671e+02 
 1.16591440e+06  4.70570914e+01  1.16591440e+06  1.77187033e+02 
 1.25892541e+06  4.72173913e+01  1.25892541e+06  1.76877119e+02 
 1.35935639e+06  4.74079095e+01  1.35935639e+06  1.76515928e+02 
 1.46779927e+06  4.76351472e+01  1.46779927e+06  1.76089986e+02 
 1.58489319e+06  4.79073724e+01  1.58489319e+06  1.75580787e+02 
 1.71132830e+06  4.82352072e+01  1.71132830e+06  1.74962215e+02 
 1.84784980e+06  4.86325662e+01  1.84784980e+06  1.74196475e+02 
 1.99526231e+06  4.91181101e+01  1.99526231e+06  1.73226767e+02 
 2.15443469e+06  4.97173725e+01  2.15443469e+06  1.71964354e+02 
 2.32630507e+06  5.04663757e+01  2.32630507e+06  1.70263012e+02 
 2.51188643e+06  5.14173882e+01  2.51188643e+06  1.67865984e+02 
 2.71227258e+06  5.26481382e+01  2.71227258e+06  1.64283291e+02 
 2.92864456e+06  5.42731589e+01  2.92864456e+06  1.58476123e+02 
 3.16227766e+06  5.64256908e+01  3.16227766e+06  1.47959439e+02 
 3.41454887e+06  5.89336266e+01  3.41454887e+06  1.26562998e+02 
 3.68694506e+06  5.96922395e+01  3.68694506e+06  8.81862091e+01 
 3.98107171e+06  5.66883948e+01  3.98107171e+06  5.41999304e+01 
 4.29866235e+06  5.28588778e+01  4.29866235e+06  3.70084313e+01 
 4.64158883e+06  4.95263562e+01  4.64158883e+06  2.84144238e+01 
 5.01187234e+06  4.66857510e+01  5.01187234e+06  2.36097330e+01 
 5.41169527e+06  4.42008636e+01  5.41169527e+06  2.06905610e+01 
 5.84341413e+06  4.19687564e+01  5.84341413e+06  1.88335423e+01 
 6.30957344e+06  3.99189577e+01  6.30957344e+06  1.76404560e+01 
 6.81292069e+06  3.80050330e+01  6.81292069e+06  1.68956333e+01 
 7.35642254e+06  3.61940894e+01  7.35642254e+06  1.64777007e+01 
 7.94328235e+06  3.44619344e+01  7.94328235e+06  1.63129129e+01 
 8.57695899e+06  3.27912547e+01  8.57695899e+06  1.63560851e+01 
 9.26118728e+06  3.11671349e+01  9.26118728e+06  1.65773176e+01 
 1.00000000e+07  2.95815869e+01  1.00000000e+07  1.69600815e+01 
 1.07977516e+07  2.80227457e+01  1.07977516e+07  1.74947417e+01 
 1.16591440e+07  2.64850719e+01  1.16591440e+07  1.81866582e+01 
 1.25892541e+07  2.49630367e+01  1.25892541e+07  1.90239765e+01 
 1.35935639e+07  2.34478822e+01  1.35935639e+07  2.00259323e+01 
 1.46779927e+07  2.19368007e+01  1.46779927e+07  2.11995534e+01 
 1.58489319e+07  2.04230436e+01  1.58489319e+07  2.25653202e+01 
 1.71132830e+07  1.89074478e+01  1.71132830e+07  2.41449929e+01 
 1.84784980e+07  1.73747850e+01  1.84784980e+07  2.59855021e+01 
 1.99526231e+07  1.58340425e+01  1.99526231e+07  2.81301026e+01 
 2.15443469e+07  1.42712584e+01  2.15443469e+07  3.05909888e+01 
 2.32630507e+07  1.26788590e+01  2.32630507e+07  3.35222787e+01 
 2.51188643e+07  1.10692871e+01  2.51188643e+07  3.69890546e+01 
 2.71227258e+07  9.42793786e+00  2.71227258e+07  4.11461027e+01 
 2.92864456e+07  7.77385764e+00  2.92864456e+07  4.61440982e+01 
 3.16227766e+07  6.09860487e+00  3.16227766e+07  5.22688035e+01 
 3.41454887e+07  4.47660606e+00  3.41454887e+07  5.98057730e+01 
 3.68694506e+07  2.91846014e+00  3.68694506e+07  6.87031452e+01 
 3.98107171e+07  1.56946908e+00  3.98107171e+07  7.92568778e+01 
 4.29866235e+07  4.94112305e-01  4.29866235e+07  9.16485641e+01 
 4.64158883e+07 -2.06463482e-01  4.64158883e+07  1.04683746e+02 
 5.01187234e+07 -5.12860679e-01  5.01187234e+07  1.17864960e+02 
 5.41169527e+07 -3.96605857e-01  5.41169527e+07  1.28240188e+02 
 5.84341413e+07 -1.81532711e-01  5.84341413e+07  1.37386113e+02 
 6.30957344e+07  1.71561140e-01  6.30957344e+07  1.45692289e+02 
 6.81292069e+07  5.84930190e-01  6.81292069e+07  1.52992821e+02 
 7.35642254e+07  9.94218194e-01  7.35642254e+07  1.58718284e+02 
 7.94328235e+07  1.46420289e+00  7.94328235e+07  1.63455683e+02 
 8.57695899e+07  1.80759865e+00  8.57695899e+07  1.67739826e+02 
 9.26118728e+07  2.17033059e+00  9.26118728e+07  1.71291884e+02 
 1.00000000e+08  2.63071885e+00  1.00000000e+08  1.74575944e+02 
 1.07977516e+08  2.95127109e+00  1.07977516e+08  1.77326587e+02 
 1.16591440e+08  3.12205608e+00  1.16591440e+08  1.80184335e+02 
 1.25892541e+08  3.68636139e+00  1.25892541e+08  1.82254871e+02 
 1.35935639e+08  3.85802527e+00  1.35935639e+08  1.84408742e+02 
 1.46779927e+08  4.22176457e+00  1.46779927e+08  1.86141511e+02 
 1.58489319e+08  4.63144822e+00  1.58489319e+08  1.87476693e+02 
 1.71132830e+08  4.86756236e+00  1.71132830e+08  1.88513612e+02 
 1.84784980e+08  5.30008240e+00  1.84784980e+08  1.89446166e+02 
 1.99526231e+08  5.69444266e+00  1.99526231e+08  1.90341332e+02 
 2.15443469e+08  5.97992834e+00  2.15443469e+08  1.90301200e+02 
 2.32630507e+08  5.68372241e+00  2.32630507e+08  1.90282732e+02 
 2.51188643e+08  6.29616556e+00  2.51188643e+08  1.90171805e+02 
 2.71227258e+08  6.69547796e+00  2.71227258e+08  1.89466972e+02 
 2.92864456e+08  6.73980960e+00  2.92864456e+08  1.88721548e+02 
 3.16227766e+08  6.92958845e+00  3.16227766e+08  1.88285815e+02 
 3.41454887e+08  7.31976265e+00  3.41454887e+08  1.87339298e+02 
 3.68694506e+08  8.02457160e+00  3.68694506e+08  1.86250188e+02 
 3.98107171e+08  7.92395928e+00  3.98107171e+08  1.85608175e+02 
 4.29866235e+08  6.64908935e+00  4.29866235e+08  1.84757228e+02 
 4.64158883e+08  6.69156009e+00  4.64158883e+08  1.83953662e+02 
 5.01187234e+08  6.95508092e+00  5.01187234e+08  1.83373833e+02 
 5.41169527e+08  5.63945199e+00  5.41169527e+08  1.82752157e+02 
 5.84341413e+08  8.70682213e+00  5.84341413e+08  1.82191265e+02 
 6.30957344e+08  7.36702662e+00  6.30957344e+08  1.81941638e+02 
 6.81292069e+08  9.51588895e+00  6.81292069e+08  1.82078350e+02 
 7.35642254e+08  8.18367791e+00  7.35642254e+08  1.81010915e+02 
 7.94328235e+08  3.31840014e+00  7.94328235e+08  1.80787146e+02 
 8.57695899e+08  5.48437038e+00  8.57695899e+08  1.80583405e+02 
 9.26118728e+08  4.12973435e+00  9.26118728e+08  1.80664168e+02 
 1.00000000e+09  8.79837570e+00  1.00000000e+09  1.80307445e+02 
