 1.00000000e+00  4.66871229e+01  1.00000000e+00  1.79999998e+02 
 1.07977516e+00  4.66871229e+01  1.07977516e+00  1.79999997e+02 
 1.16591440e+00  4.66871229e+01  1.16591440e+00  1.79999997e+02 
 1.25892541e+00  4.66871229e+01  1.25892541e+00  1.79999997e+02 
 1.35935639e+00  4.66871229e+01  1.35935639e+00  1.79999997e+02 
 1.46779927e+00  4.66871229e+01  1.46779927e+00  1.79999997e+02 
 1.58489319e+00  4.66871229e+01  1.58489319e+00  1.79999996e+02 
 1.71132830e+00  4.66871229e+01  1.71132830e+00  1.79999996e+02 
 1.84784980e+00  4.66871229e+01  1.84784980e+00  1.79999996e+02 
 1.99526231e+00  4.66871229e+01  1.99526231e+00  1.79999995e+02 
 2.15443469e+00  4.66871229e+01  2.15443469e+00  1.79999995e+02 
 2.32630507e+00  4.66871229e+01  2.32630507e+00  1.79999994e+02 
 2.51188643e+00  4.66871229e+01  2.51188643e+00  1.79999994e+02 
 2.71227258e+00  4.66871229e+01  2.71227258e+00  1.79999994e+02 
 2.92864456e+00  4.66871229e+01  2.92864456e+00  1.79999993e+02 
 3.16227766e+00  4.66871229e+01  3.16227766e+00  1.79999992e+02 
 3.41454887e+00  4.66871229e+01  3.41454887e+00  1.79999992e+02 
 3.68694506e+00  4.66871229e+01  3.68694506e+00  1.79999991e+02 
 3.98107171e+00  4.66871229e+01  3.98107171e+00  1.79999991e+02 
 4.29866235e+00  4.66871229e+01  4.29866235e+00  1.79999990e+02 
 4.64158883e+00  4.66871229e+01  4.64158883e+00  1.79999989e+02 
 5.01187234e+00  4.66871229e+01  5.01187234e+00  1.79999988e+02 
 5.41169527e+00  4.66871229e+01  5.41169527e+00  1.79999987e+02 
 5.84341413e+00  4.66871229e+01  5.84341413e+00  1.79999986e+02 
 6.30957344e+00  4.66871229e+01  6.30957344e+00  1.79999985e+02 
 6.81292069e+00  4.66871229e+01  6.81292069e+00  1.79999984e+02 
 7.35642254e+00  4.66871229e+01  7.35642254e+00  1.79999983e+02 
 7.94328235e+00  4.66871229e+01  7.94328235e+00  1.79999981e+02 
 8.57695899e+00  4.66871229e+01  8.57695899e+00  1.79999980e+02 
 9.26118728e+00  4.66871229e+01  9.26118728e+00  1.79999978e+02 
 1.00000000e+01  4.66871229e+01  1.00000000e+01  1.79999976e+02 
 1.07977516e+01  4.66871229e+01  1.07977516e+01  1.79999974e+02 
 1.16591440e+01  4.66871229e+01  1.16591440e+01  1.79999972e+02 
 1.25892541e+01  4.66871229e+01  1.25892541e+01  1.79999970e+02 
 1.35935639e+01  4.66871229e+01  1.35935639e+01  1.79999968e+02 
 1.46779927e+01  4.66871229e+01  1.46779927e+01  1.79999965e+02 
 1.58489319e+01  4.66871229e+01  1.58489319e+01  1.79999962e+02 
 1.71132830e+01  4.66871229e+01  1.71132830e+01  1.79999959e+02 
 1.84784980e+01  4.66871229e+01  1.84784980e+01  1.79999956e+02 
 1.99526231e+01  4.66871229e+01  1.99526231e+01  1.79999953e+02 
 2.15443469e+01  4.66871229e+01  2.15443469e+01  1.79999949e+02 
 2.32630507e+01  4.66871229e+01  2.32630507e+01  1.79999945e+02 
 2.51188643e+01  4.66871229e+01  2.51188643e+01  1.79999940e+02 
 2.71227258e+01  4.66871229e+01  2.71227258e+01  1.79999935e+02 
 2.92864456e+01  4.66871229e+01  2.92864456e+01  1.79999930e+02 
 3.16227766e+01  4.66871229e+01  3.16227766e+01  1.79999925e+02 
 3.41454887e+01  4.66871229e+01  3.41454887e+01  1.79999919e+02 
 3.68694506e+01  4.66871229e+01  3.68694506e+01  1.79999912e+02 
 3.98107171e+01  4.66871229e+01  3.98107171e+01  1.79999905e+02 
 4.29866235e+01  4.66871229e+01  4.29866235e+01  1.79999898e+02 
 4.64158883e+01  4.66871229e+01  4.64158883e+01  1.79999890e+02 
 5.01187234e+01  4.66871229e+01  5.01187234e+01  1.79999881e+02 
 5.41169527e+01  4.66871229e+01  5.41169527e+01  1.79999871e+02 
 5.84341413e+01  4.66871229e+01  5.84341413e+01  1.79999861e+02 
 6.30957344e+01  4.66871229e+01  6.30957344e+01  1.79999850e+02 
 6.81292069e+01  4.66871229e+01  6.81292069e+01  1.79999838e+02 
 7.35642254e+01  4.66871229e+01  7.35642254e+01  1.79999825e+02 
 7.94328235e+01  4.66871229e+01  7.94328235e+01  1.79999811e+02 
 8.57695899e+01  4.66871229e+01  8.57695899e+01  1.79999796e+02 
 9.26118728e+01  4.66871229e+01  9.26118728e+01  1.79999780e+02 
 1.00000000e+02  4.66871229e+01  1.00000000e+02  1.79999762e+02 
 1.07977516e+02  4.66871229e+01  1.07977516e+02  1.79999743e+02 
 1.16591440e+02  4.66871229e+01  1.16591440e+02  1.79999723e+02 
 1.25892541e+02  4.66871229e+01  1.25892541e+02  1.79999701e+02 
 1.35935639e+02  4.66871229e+01  1.35935639e+02  1.79999677e+02 
 1.46779927e+02  4.66871229e+01  1.46779927e+02  1.79999651e+02 
 1.58489319e+02  4.66871229e+01  1.58489319e+02  1.79999623e+02 
 1.71132830e+02  4.66871229e+01  1.71132830e+02  1.79999593e+02 
 1.84784980e+02  4.66871229e+01  1.84784980e+02  1.79999560e+02 
 1.99526231e+02  4.66871229e+01  1.99526231e+02  1.79999525e+02 
 2.15443469e+02  4.66871229e+01  2.15443469e+02  1.79999488e+02 
 2.32630507e+02  4.66871229e+01  2.32630507e+02  1.79999447e+02 
 2.51188643e+02  4.66871229e+01  2.51188643e+02  1.79999402e+02 
 2.71227258e+02  4.66871229e+01  2.71227258e+02  1.79999355e+02 
 2.92864456e+02  4.66871229e+01  2.92864456e+02  1.79999303e+02 
 3.16227766e+02  4.66871229e+01  3.16227766e+02  1.79999248e+02 
 3.41454887e+02  4.66871229e+01  3.41454887e+02  1.79999188e+02 
 3.68694506e+02  4.66871230e+01  3.68694506e+02  1.79999123e+02 
 3.98107171e+02  4.66871230e+01  3.98107171e+02  1.79999053e+02 
 4.29866235e+02  4.66871230e+01  4.29866235e+02  1.79998977e+02 
 4.64158883e+02  4.66871230e+01  4.64158883e+02  1.79998896e+02 
 5.01187234e+02  4.66871230e+01  5.01187234e+02  1.79998808e+02 
 5.41169527e+02  4.66871231e+01  5.41169527e+02  1.79998713e+02 
 5.84341413e+02  4.66871231e+01  5.84341413e+02  1.79998610e+02 
 6.30957344e+02  4.66871231e+01  6.30957344e+02  1.79998499e+02 
 6.81292069e+02  4.66871232e+01  6.81292069e+02  1.79998379e+02 
 7.35642254e+02  4.66871232e+01  7.35642254e+02  1.79998250e+02 
 7.94328235e+02  4.66871233e+01  7.94328235e+02  1.79998111e+02 
 8.57695899e+02  4.66871234e+01  8.57695899e+02  1.79997960e+02 
 9.26118728e+02  4.66871234e+01  9.26118728e+02  1.79997797e+02 
 1.00000000e+03  4.66871235e+01  1.00000000e+03  1.79997621e+02 
 1.07977516e+03  4.66871236e+01  1.07977516e+03  1.79997432e+02 
 1.16591440e+03  4.66871238e+01  1.16591440e+03  1.79997227e+02 
 1.25892541e+03  4.66871239e+01  1.25892541e+03  1.79997005e+02 
 1.35935639e+03  4.66871241e+01  1.35935639e+03  1.79996766e+02 
 1.46779927e+03  4.66871243e+01  1.46779927e+03  1.79996509e+02 
 1.58489319e+03  4.66871245e+01  1.58489319e+03  1.79996230e+02 
 1.71132830e+03  4.66871248e+01  1.71132830e+03  1.79995929e+02 
 1.84784980e+03  4.66871251e+01  1.84784980e+03  1.79995604e+02 
 1.99526231e+03  4.66871255e+01  1.99526231e+03  1.79995254e+02 
 2.15443469e+03  4.66871259e+01  2.15443469e+03  1.79994875e+02 
 2.32630507e+03  4.66871264e+01  2.32630507e+03  1.79994466e+02 
 2.51188643e+03  4.66871270e+01  2.51188643e+03  1.79994025e+02 
 2.71227258e+03  4.66871277e+01  2.71227258e+03  1.79993548e+02 
 2.92864456e+03  4.66871285e+01  2.92864456e+03  1.79993034e+02 
 3.16227766e+03  4.66871294e+01  3.16227766e+03  1.79992478e+02 
 3.41454887e+03  4.66871305e+01  3.41454887e+03  1.79991878e+02 
 3.68694506e+03  4.66871317e+01  3.68694506e+03  1.79991230e+02 
 3.98107171e+03  4.66871332e+01  3.98107171e+03  1.79990530e+02 
 4.29866235e+03  4.66871349e+01  4.29866235e+03  1.79989775e+02 
 4.64158883e+03  4.66871369e+01  4.64158883e+03  1.79988959e+02 
 5.01187234e+03  4.66871393e+01  5.01187234e+03  1.79988078e+02 
 5.41169527e+03  4.66871420e+01  5.41169527e+03  1.79987127e+02 
 5.84341413e+03  4.66871451e+01  5.84341413e+03  1.79986100e+02 
 6.30957344e+03  4.66871488e+01  6.30957344e+03  1.79984991e+02 
 6.81292069e+03  4.66871531e+01  6.81292069e+03  1.79983794e+02 
 7.35642254e+03  4.66871582e+01  7.35642254e+03  1.79982501e+02 
 7.94328235e+03  4.66871640e+01  7.94328235e+03  1.79981105e+02 
 8.57695899e+03  4.66871708e+01  8.57695899e+03  1.79979598e+02 
 9.26118728e+03  4.66871788e+01  9.26118728e+03  1.79977970e+02 
 1.00000000e+04  4.66871881e+01  1.00000000e+04  1.79976213e+02 
 1.07977516e+04  4.66871989e+01  1.07977516e+04  1.79974315e+02 
 1.16591440e+04  4.66872115e+01  1.16591440e+04  1.79972266e+02 
 1.25892541e+04  4.66872262e+01  1.25892541e+04  1.79970053e+02 
 1.35935639e+04  4.66872434e+01  1.35935639e+04  1.79967664e+02 
 1.46779927e+04  4.66872634e+01  1.46779927e+04  1.79965084e+02 
 1.58489319e+04  4.66872867e+01  1.58489319e+04  1.79962299e+02 
 1.71132830e+04  4.66873139e+01  1.71132830e+04  1.79959291e+02 
 1.84784980e+04  4.66873455e+01  1.84784980e+04  1.79956043e+02 
 1.99526231e+04  4.66873825e+01  1.99526231e+04  1.79952536e+02 
 2.15443469e+04  4.66874256e+01  2.15443469e+04  1.79948749e+02 
 2.32630507e+04  4.66874758e+01  2.32630507e+04  1.79944660e+02 
 2.51188643e+04  4.66875343e+01  2.51188643e+04  1.79940245e+02 
 2.71227258e+04  4.66876026e+01  2.71227258e+04  1.79935477e+02 
 2.92864456e+04  4.66876822e+01  2.92864456e+04  1.79930329e+02 
 3.16227766e+04  4.66877750e+01  3.16227766e+04  1.79924770e+02 
 3.41454887e+04  4.66878832e+01  3.41454887e+04  1.79918767e+02 
 3.68694506e+04  4.66880094e+01  3.68694506e+04  1.79912284e+02 
 3.98107171e+04  4.66881565e+01  3.98107171e+04  1.79905284e+02 
 4.29866235e+04  4.66883279e+01  4.29866235e+04  1.79897725e+02 
 4.64158883e+04  4.66885279e+01  4.64158883e+04  1.79889563e+02 
 5.01187234e+04  4.66887611e+01  5.01187234e+04  1.79880748e+02 
 5.41169527e+04  4.66890329e+01  5.41169527e+04  1.79871228e+02 
 5.84341413e+04  4.66893498e+01  5.84341413e+04  1.79860948e+02 
 6.30957344e+04  4.66897193e+01  6.30957344e+04  1.79849845e+02 
 6.81292069e+04  4.66901502e+01  6.81292069e+04  1.79837854e+02 
 7.35642254e+04  4.66906525e+01  7.35642254e+04  1.79824904e+02 
 7.94328235e+04  4.66912383e+01  7.94328235e+04  1.79810917e+02 
 8.57695899e+04  4.66919212e+01  8.57695899e+04  1.79795808e+02 
 9.26118728e+04  4.66927177e+01  9.26118728e+04  1.79779488e+02 
 1.00000000e+05  4.66936462e+01  1.00000000e+05  1.79761859e+02 
 1.07977516e+05  4.66947290e+01  1.07977516e+05  1.79742813e+02 
 1.16591440e+05  4.66959917e+01  1.16591440e+05  1.79722235e+02 
 1.25892541e+05  4.66974639e+01  1.25892541e+05  1.79699999e+02 
 1.35935639e+05  4.66991808e+01  1.35935639e+05  1.79675970e+02 
 1.46779927e+05  4.67011830e+01  1.46779927e+05  1.79649999e+02 
 1.58489319e+05  4.67035177e+01  1.58489319e+05  1.79621925e+02 
 1.71132830e+05  4.67062410e+01  1.71132830e+05  1.79591572e+02 
 1.84784980e+05  4.67094164e+01  1.84784980e+05  1.79558746e+02 
 1.99526231e+05  4.67131210e+01  1.99526231e+05  1.79523240e+02 
 2.15443469e+05  4.67174414e+01  2.15443469e+05  1.79484821e+02 
 2.32630507e+05  4.67224814e+01  2.32630507e+05  1.79443237e+02 
 2.51188643e+05  4.67283613e+01  2.51188643e+05  1.79398209e+02 
 2.71227258e+05  4.67352214e+01  2.71227258e+05  1.79349429e+02 
 2.92864456e+05  4.67432258e+01  2.92864456e+05  1.79296557e+02 
 3.16227766e+05  4.67525686e+01  3.16227766e+05  1.79239212e+02 
 3.41454887e+05  4.67634714e+01  3.41454887e+05  1.79176972e+02 
 3.68694506e+05  4.67762030e+01  3.68694506e+05  1.79109359e+02 
 3.98107171e+05  4.67910653e+01  3.98107171e+05  1.79035839e+02 
 4.29866235e+05  4.68084262e+01  4.29866235e+05  1.78955804e+02 
 4.64158883e+05  4.68287083e+01  4.64158883e+05  1.78868558e+02 
 5.01187234e+05  4.68524150e+01  5.01187234e+05  1.78773306e+02 
 5.41169527e+05  4.68801315e+01  5.41169527e+05  1.78669126e+02 
 5.84341413e+05  4.69125554e+01  5.84341413e+05  1.78554943e+02 
 6.30957344e+05  4.69504988e+01  6.30957344e+05  1.78429496e+02 
 6.81292069e+05  4.69949459e+01  6.81292069e+05  1.78291286e+02 
 7.35642254e+05  4.70470349e+01  7.35642254e+05  1.78138525e+02 
 7.94328235e+05  4.71081470e+01  7.94328235e+05  1.77969048e+02 
 8.57695899e+05  4.71799151e+01  8.57695899e+05  1.77780214e+02 
 9.26118728e+05  4.72643057e+01  9.26118728e+05  1.77568765e+02 
 1.00000000e+06  4.73636947e+01  1.00000000e+06  1.77330630e+02 
 1.07977516e+06  4.74809334e+01  1.07977516e+06  1.77060659e+02 
 1.16591440e+06  4.76195717e+01  1.16591440e+06  1.76752251e+02 
 1.25892541e+06  4.77838510e+01  1.25892541e+06  1.76396825e+02 
 1.35935639e+06  4.79791456e+01  1.35935639e+06  1.75983009e+02 
 1.46779927e+06  4.82121450e+01  1.46779927e+06  1.75495483e+02 
 1.58489319e+06  4.84913570e+01  1.58489319e+06  1.74913120e+02 
 1.71132830e+06  4.88277396e+01  1.71132830e+06  1.74206093e+02 
 1.84784980e+06  4.92355811e+01  1.84784980e+06  1.73331058e+02 
 1.99526231e+06  4.97341955e+01  1.99526231e+06  1.72222672e+02 
 2.15443469e+06  5.03497388e+01  2.15443469e+06  1.70778423e+02 
 2.32630507e+06  5.11191754e+01  2.32630507e+06  1.68828460e+02 
 2.51188643e+06  5.20952891e+01  2.51188643e+06  1.66072943e+02 
 2.71227258e+06  5.33551044e+01  2.71227258e+06  1.61937118e+02 
 2.92864456e+06  5.50035674e+01  2.92864456e+06  1.55203520e+02 
 3.16227766e+06  5.71212030e+01  3.16227766e+06  1.43029341e+02 
 3.41454887e+06  5.93015443e+01  3.41454887e+06  1.19216850e+02 
 3.68694506e+06  5.92991325e+01  3.68694506e+06  8.19438519e+01 
 3.98107171e+06  5.62082475e+01  3.98107171e+06  5.23139547e+01 
 4.29866235e+06  5.26140526e+01  4.29866235e+06  3.68882938e+01 
 4.64158883e+06  4.94532806e+01  4.64158883e+06  2.87762075e+01 
 5.01187234e+06  4.67210335e+01  5.01187234e+06  2.40792414e+01 
 5.41169527e+06  4.43067615e+01  5.41169527e+06  2.11538244e+01 
 5.84341413e+06  4.21227822e+01  5.84341413e+06  1.92547802e+01 
 6.30957344e+06  4.01081422e+01  6.30957344e+06  1.80066844e+01 
 6.81292069e+06  3.82198507e+01  6.81292069e+06  1.72068404e+01 
 7.35642254e+06  3.64290300e+01  7.35642254e+06  1.67347491e+01 
 7.94328235e+06  3.47128838e+01  7.94328235e+06  1.65155579e+01 
 8.57695899e+06  3.30546285e+01  8.57695899e+06  1.65088520e+01 
 9.26118728e+06  3.14421022e+01  9.26118728e+06  1.66813027e+01 
 1.00000000e+07  2.98649716e+01  1.00000000e+07  1.70159928e+01 
 1.07977516e+07  2.83143298e+01  1.07977516e+07  1.75019680e+01 
 1.16591440e+07  2.67837002e+01  1.16591440e+07  1.81405065e+01 
 1.25892541e+07  2.52660130e+01  1.25892541e+07  1.89331303e+01 
 1.35935639e+07  2.37578862e+01  1.35935639e+07  1.98791336e+01 
 1.46779927e+07  2.22546801e+01  1.46779927e+07  2.09977040e+01 
 1.58489319e+07  2.07466442e+01  1.58489319e+07  2.23116198e+01 
 1.71132830e+07  1.92355226e+01  1.71132830e+07  2.38166320e+01 
 1.84784980e+07  1.77136581e+01  1.84784980e+07  2.55854686e+01 
 1.99526231e+07  1.61784094e+01  1.99526231e+07  2.76293801e+01 
 2.15443469e+07  1.46219982e+01  2.15443469e+07  3.00057908e+01 
 2.32630507e+07  1.30464371e+01  2.32630507e+07  3.27787106e+01 
 2.51188643e+07  1.14403602e+01  2.51188643e+07  3.61194044e+01 
 2.71227258e+07  9.80565325e+00  2.71227258e+07  4.01141626e+01 
 2.92864456e+07  8.13975179e+00  2.92864456e+07  4.48299236e+01 
 3.16227766e+07  6.47758648e+00  3.16227766e+07  5.06453554e+01 
 3.41454887e+07  4.83883770e+00  3.41454887e+07  5.77763395e+01 
 3.68694506e+07  3.25030197e+00  3.68694506e+07  6.63385311e+01 
 3.98107171e+07  1.83557503e+00  3.98107171e+07  7.66327719e+01 
 4.29866235e+07  7.15390290e-01  4.29866235e+07  8.85266851e+01 
 4.64158883e+07 -1.19454044e-01  4.64158883e+07  1.01627530e+02 
 5.01187234e+07 -4.44002262e-01  5.01187234e+07  1.13641841e+02 
 5.41169527e+07 -5.36981596e-01  5.41169527e+07  1.26259133e+02 
 5.84341413e+07 -2.92798656e-01  5.84341413e+07  1.35190677e+02 
 6.30957344e+07  1.49944350e-03  6.30957344e+07  1.44378126e+02 
 6.81292069e+07  4.66776615e-01  6.81292069e+07  1.51557365e+02 
 7.35642254e+07  8.10297636e-01  7.35642254e+07  1.57546380e+02 
 7.94328235e+07  1.29134468e+00  7.94328235e+07  1.62270587e+02 
 8.57695899e+07  1.68182932e+00  8.57695899e+07  1.66747435e+02 
 9.26118728e+07  2.00499842e+00  9.26118728e+07  1.70844746e+02 
 1.00000000e+08  2.44165303e+00  1.00000000e+08  1.73683399e+02 
 1.07977516e+08  2.76242993e+00  1.07977516e+08  1.76932450e+02 
 1.16591440e+08  3.12035965e+00  1.16591440e+08  1.79791628e+02 
 1.25892541e+08  3.33710746e+00  1.25892541e+08  1.82189726e+02 
 1.35935639e+08  3.89917820e+00  1.35935639e+08  1.83705227e+02 
 1.46779927e+08  4.11914086e+00  1.46779927e+08  1.85683961e+02 
 1.58489319e+08  4.35007692e+00  1.58489319e+08  1.87382497e+02 
 1.71132830e+08  4.77603224e+00  1.71132830e+08  1.88527487e+02 
 1.84784980e+08  5.21049062e+00  1.84784980e+08  1.89344893e+02 
 1.99526231e+08  5.03676121e+00  1.99526231e+08  1.90436290e+02 
 2.15443469e+08  5.90612491e+00  2.15443469e+08  1.90509421e+02 
 2.32630507e+08  6.00828554e+00  2.32630507e+08  1.90497776e+02 
 2.51188643e+08  6.70596439e+00  2.51188643e+08  1.90239475e+02 
 2.71227258e+08  7.22121490e+00  2.71227258e+08  1.89951973e+02 
 2.92864456e+08  6.12899400e+00  2.92864456e+08  1.89300193e+02 
 3.16227766e+08  7.65234523e+00  3.16227766e+08  1.88296308e+02 
 3.41454887e+08  7.32092884e+00  3.41454887e+08  1.87597026e+02 
 3.68694506e+08  7.01579577e+00  3.68694506e+08  1.86694278e+02 
 3.98107171e+08  6.77749809e+00  3.98107171e+08  1.86090980e+02 
 4.29866235e+08  6.67109734e+00  4.29866235e+08  1.85023164e+02 
 4.64158883e+08  8.26819216e+00  4.64158883e+08  1.84377533e+02 
 5.01187234e+08  5.40984464e+00  5.01187234e+08  1.83569678e+02 
 5.41169527e+08  1.00571473e+01  5.41169527e+08  1.82888987e+02 
 5.84341413e+08  6.25025673e+00  5.84341413e+08  1.82459533e+02 
 6.30957344e+08  7.38829209e+00  6.30957344e+08  1.82402969e+02 
 6.81292069e+08  6.02761350e+00  6.81292069e+08  1.81759178e+02 
 7.35642254e+08  8.21098719e+00  7.35642254e+08  1.81177879e+02 
 7.94328235e+08  1.28637379e+01  7.94328235e+08  1.82026799e+02 
 8.57695899e+08  5.49794074e+00  8.57695899e+08  1.80531522e+02 
 9.26118728e+08  4.15250834e+00  9.26118728e+08  1.81385817e+02 
 1.00000000e+09  8.81934481e+00  1.00000000e+09  1.79694451e+02 
