 1.00000000e+00  4.68663646e+01  1.00000000e+00  1.79999998e+02 
 1.07977516e+00  4.68663646e+01  1.07977516e+00  1.79999997e+02 
 1.16591440e+00  4.68663646e+01  1.16591440e+00  1.79999997e+02 
 1.25892541e+00  4.68663646e+01  1.25892541e+00  1.79999997e+02 
 1.35935639e+00  4.68663646e+01  1.35935639e+00  1.79999997e+02 
 1.46779927e+00  4.68663646e+01  1.46779927e+00  1.79999996e+02 
 1.58489319e+00  4.68663646e+01  1.58489319e+00  1.79999996e+02 
 1.71132830e+00  4.68663646e+01  1.71132830e+00  1.79999996e+02 
 1.84784980e+00  4.68663646e+01  1.84784980e+00  1.79999995e+02 
 1.99526231e+00  4.68663646e+01  1.99526231e+00  1.79999995e+02 
 2.15443469e+00  4.68663646e+01  2.15443469e+00  1.79999995e+02 
 2.32630507e+00  4.68663646e+01  2.32630507e+00  1.79999994e+02 
 2.51188643e+00  4.68663646e+01  2.51188643e+00  1.79999994e+02 
 2.71227258e+00  4.68663646e+01  2.71227258e+00  1.79999993e+02 
 2.92864456e+00  4.68663646e+01  2.92864456e+00  1.79999993e+02 
 3.16227766e+00  4.68663646e+01  3.16227766e+00  1.79999992e+02 
 3.41454887e+00  4.68663646e+01  3.41454887e+00  1.79999992e+02 
 3.68694506e+00  4.68663646e+01  3.68694506e+00  1.79999991e+02 
 3.98107171e+00  4.68663646e+01  3.98107171e+00  1.79999990e+02 
 4.29866235e+00  4.68663646e+01  4.29866235e+00  1.79999989e+02 
 4.64158883e+00  4.68663646e+01  4.64158883e+00  1.79999989e+02 
 5.01187234e+00  4.68663646e+01  5.01187234e+00  1.79999988e+02 
 5.41169527e+00  4.68663646e+01  5.41169527e+00  1.79999987e+02 
 5.84341413e+00  4.68663646e+01  5.84341413e+00  1.79999986e+02 
 6.30957344e+00  4.68663646e+01  6.30957344e+00  1.79999984e+02 
 6.81292069e+00  4.68663646e+01  6.81292069e+00  1.79999983e+02 
 7.35642254e+00  4.68663646e+01  7.35642254e+00  1.79999982e+02 
 7.94328235e+00  4.68663646e+01  7.94328235e+00  1.79999980e+02 
 8.57695899e+00  4.68663646e+01  8.57695899e+00  1.79999979e+02 
 9.26118728e+00  4.68663646e+01  9.26118728e+00  1.79999977e+02 
 1.00000000e+01  4.68663646e+01  1.00000000e+01  1.79999975e+02 
 1.07977516e+01  4.68663646e+01  1.07977516e+01  1.79999973e+02 
 1.16591440e+01  4.68663646e+01  1.16591440e+01  1.79999971e+02 
 1.25892541e+01  4.68663646e+01  1.25892541e+01  1.79999969e+02 
 1.35935639e+01  4.68663646e+01  1.35935639e+01  1.79999966e+02 
 1.46779927e+01  4.68663646e+01  1.46779927e+01  1.79999964e+02 
 1.58489319e+01  4.68663646e+01  1.58489319e+01  1.79999961e+02 
 1.71132830e+01  4.68663646e+01  1.71132830e+01  1.79999958e+02 
 1.84784980e+01  4.68663646e+01  1.84784980e+01  1.79999954e+02 
 1.99526231e+01  4.68663646e+01  1.99526231e+01  1.79999951e+02 
 2.15443469e+01  4.68663646e+01  2.15443469e+01  1.79999947e+02 
 2.32630507e+01  4.68663646e+01  2.32630507e+01  1.79999943e+02 
 2.51188643e+01  4.68663646e+01  2.51188643e+01  1.79999938e+02 
 2.71227258e+01  4.68663646e+01  2.71227258e+01  1.79999933e+02 
 2.92864456e+01  4.68663646e+01  2.92864456e+01  1.79999928e+02 
 3.16227766e+01  4.68663646e+01  3.16227766e+01  1.79999922e+02 
 3.41454887e+01  4.68663646e+01  3.41454887e+01  1.79999916e+02 
 3.68694506e+01  4.68663646e+01  3.68694506e+01  1.79999909e+02 
 3.98107171e+01  4.68663646e+01  3.98107171e+01  1.79999902e+02 
 4.29866235e+01  4.68663646e+01  4.29866235e+01  1.79999894e+02 
 4.64158883e+01  4.68663646e+01  4.64158883e+01  1.79999886e+02 
 5.01187234e+01  4.68663646e+01  5.01187234e+01  1.79999876e+02 
 5.41169527e+01  4.68663646e+01  5.41169527e+01  1.79999867e+02 
 5.84341413e+01  4.68663646e+01  5.84341413e+01  1.79999856e+02 
 6.30957344e+01  4.68663646e+01  6.30957344e+01  1.79999845e+02 
 6.81292069e+01  4.68663646e+01  6.81292069e+01  1.79999832e+02 
 7.35642254e+01  4.68663646e+01  7.35642254e+01  1.79999819e+02 
 7.94328235e+01  4.68663646e+01  7.94328235e+01  1.79999804e+02 
 8.57695899e+01  4.68663646e+01  8.57695899e+01  1.79999789e+02 
 9.26118728e+01  4.68663646e+01  9.26118728e+01  1.79999772e+02 
 1.00000000e+02  4.68663646e+01  1.00000000e+02  1.79999754e+02 
 1.07977516e+02  4.68663646e+01  1.07977516e+02  1.79999734e+02 
 1.16591440e+02  4.68663646e+01  1.16591440e+02  1.79999713e+02 
 1.25892541e+02  4.68663646e+01  1.25892541e+02  1.79999690e+02 
 1.35935639e+02  4.68663646e+01  1.35935639e+02  1.79999665e+02 
 1.46779927e+02  4.68663646e+01  1.46779927e+02  1.79999638e+02 
 1.58489319e+02  4.68663646e+01  1.58489319e+02  1.79999609e+02 
 1.71132830e+02  4.68663646e+01  1.71132830e+02  1.79999578e+02 
 1.84784980e+02  4.68663646e+01  1.84784980e+02  1.79999545e+02 
 1.99526231e+02  4.68663646e+01  1.99526231e+02  1.79999508e+02 
 2.15443469e+02  4.68663646e+01  2.15443469e+02  1.79999469e+02 
 2.32630507e+02  4.68663646e+01  2.32630507e+02  1.79999427e+02 
 2.51188643e+02  4.68663646e+01  2.51188643e+02  1.79999381e+02 
 2.71227258e+02  4.68663646e+01  2.71227258e+02  1.79999332e+02 
 2.92864456e+02  4.68663646e+01  2.92864456e+02  1.79999278e+02 
 3.16227766e+02  4.68663646e+01  3.16227766e+02  1.79999221e+02 
 3.41454887e+02  4.68663647e+01  3.41454887e+02  1.79999158e+02 
 3.68694506e+02  4.68663647e+01  3.68694506e+02  1.79999091e+02 
 3.98107171e+02  4.68663647e+01  3.98107171e+02  1.79999019e+02 
 4.29866235e+02  4.68663647e+01  4.29866235e+02  1.79998941e+02 
 4.64158883e+02  4.68663647e+01  4.64158883e+02  1.79998856e+02 
 5.01187234e+02  4.68663647e+01  5.01187234e+02  1.79998765e+02 
 5.41169527e+02  4.68663648e+01  5.41169527e+02  1.79998666e+02 
 5.84341413e+02  4.68663648e+01  5.84341413e+02  1.79998560e+02 
 6.30957344e+02  4.68663648e+01  6.30957344e+02  1.79998445e+02 
 6.81292069e+02  4.68663649e+01  6.81292069e+02  1.79998321e+02 
 7.35642254e+02  4.68663649e+01  7.35642254e+02  1.79998187e+02 
 7.94328235e+02  4.68663650e+01  7.94328235e+02  1.79998042e+02 
 8.57695899e+02  4.68663650e+01  8.57695899e+02  1.79997886e+02 
 9.26118728e+02  4.68663651e+01  9.26118728e+02  1.79997718e+02 
 1.00000000e+03  4.68663652e+01  1.00000000e+03  1.79997536e+02 
 1.07977516e+03  4.68663653e+01  1.07977516e+03  1.79997339e+02 
 1.16591440e+03  4.68663654e+01  1.16591440e+03  1.79997127e+02 
 1.25892541e+03  4.68663656e+01  1.25892541e+03  1.79996897e+02 
 1.35935639e+03  4.68663658e+01  1.35935639e+03  1.79996650e+02 
 1.46779927e+03  4.68663659e+01  1.46779927e+03  1.79996383e+02 
 1.58489319e+03  4.68663662e+01  1.58489319e+03  1.79996094e+02 
 1.71132830e+03  4.68663664e+01  1.71132830e+03  1.79995782e+02 
 1.84784980e+03  4.68663667e+01  1.84784980e+03  1.79995446e+02 
 1.99526231e+03  4.68663671e+01  1.99526231e+03  1.79995083e+02 
 2.15443469e+03  4.68663675e+01  2.15443469e+03  1.79994690e+02 
 2.32630507e+03  4.68663680e+01  2.32630507e+03  1.79994267e+02 
 2.51188643e+03  4.68663686e+01  2.51188643e+03  1.79993810e+02 
 2.71227258e+03  4.68663693e+01  2.71227258e+03  1.79993316e+02 
 2.92864456e+03  4.68663700e+01  2.92864456e+03  1.79992782e+02 
 3.16227766e+03  4.68663709e+01  3.16227766e+03  1.79992207e+02 
 3.41454887e+03  4.68663720e+01  3.41454887e+03  1.79991585e+02 
 3.68694506e+03  4.68663732e+01  3.68694506e+03  1.79990914e+02 
 3.98107171e+03  4.68663746e+01  3.98107171e+03  1.79990189e+02 
 4.29866235e+03  4.68663763e+01  4.29866235e+03  1.79989406e+02 
 4.64158883e+03  4.68663783e+01  4.64158883e+03  1.79988561e+02 
 5.01187234e+03  4.68663805e+01  5.01187234e+03  1.79987648e+02 
 5.41169527e+03  4.68663832e+01  5.41169527e+03  1.79986663e+02 
 5.84341413e+03  4.68663863e+01  5.84341413e+03  1.79985599e+02 
 6.30957344e+03  4.68663899e+01  6.30957344e+03  1.79984450e+02 
 6.81292069e+03  4.68663941e+01  6.81292069e+03  1.79983210e+02 
 7.35642254e+03  4.68663990e+01  7.35642254e+03  1.79981870e+02 
 7.94328235e+03  4.68664047e+01  7.94328235e+03  1.79980424e+02 
 8.57695899e+03  4.68664113e+01  8.57695899e+03  1.79978862e+02 
 9.26118728e+03  4.68664191e+01  9.26118728e+03  1.79977176e+02 
 1.00000000e+04  4.68664281e+01  1.00000000e+04  1.79975355e+02 
 1.07977516e+04  4.68664387e+01  1.07977516e+04  1.79973389e+02 
 1.16591440e+04  4.68664510e+01  1.16591440e+04  1.79971266e+02 
 1.25892541e+04  4.68664653e+01  1.25892541e+04  1.79968974e+02 
 1.35935639e+04  4.68664820e+01  1.35935639e+04  1.79966498e+02 
 1.46779927e+04  4.68665015e+01  1.46779927e+04  1.79963826e+02 
 1.58489319e+04  4.68665242e+01  1.58489319e+04  1.79960940e+02 
 1.71132830e+04  4.68665507e+01  1.71132830e+04  1.79957823e+02 
 1.84784980e+04  4.68665816e+01  1.84784980e+04  1.79954459e+02 
 1.99526231e+04  4.68666176e+01  1.99526231e+04  1.79950825e+02 
 2.15443469e+04  4.68666596e+01  2.15443469e+04  1.79946902e+02 
 2.32630507e+04  4.68667085e+01  2.32630507e+04  1.79942666e+02 
 2.51188643e+04  4.68667656e+01  2.51188643e+04  1.79938091e+02 
 2.71227258e+04  4.68668321e+01  2.71227258e+04  1.79933152e+02 
 2.92864456e+04  4.68669097e+01  2.92864456e+04  1.79927818e+02 
 3.16227766e+04  4.68670001e+01  3.16227766e+04  1.79922058e+02 
 3.41454887e+04  4.68671056e+01  3.41454887e+04  1.79915839e+02 
 3.68694506e+04  4.68672285e+01  3.68694506e+04  1.79909123e+02 
 3.98107171e+04  4.68673719e+01  3.98107171e+04  1.79901871e+02 
 4.29866235e+04  4.68675390e+01  4.29866235e+04  1.79894040e+02 
 4.64158883e+04  4.68677339e+01  4.64158883e+04  1.79885583e+02 
 5.01187234e+04  4.68679611e+01  5.01187234e+04  1.79876451e+02 
 5.41169527e+04  4.68682260e+01  5.41169527e+04  1.79866588e+02 
 5.84341413e+04  4.68685349e+01  5.84341413e+04  1.79855938e+02 
 6.30957344e+04  4.68688950e+01  6.30957344e+04  1.79844436e+02 
 6.81292069e+04  4.68693149e+01  6.81292069e+04  1.79832014e+02 
 7.35642254e+04  4.68698045e+01  7.35642254e+04  1.79818598e+02 
 7.94328235e+04  4.68703753e+01  7.94328235e+04  1.79804107e+02 
 8.57695899e+04  4.68710409e+01  8.57695899e+04  1.79788456e+02 
 9.26118728e+04  4.68718171e+01  9.26118728e+04  1.79771550e+02 
 1.00000000e+05  4.68727220e+01  1.00000000e+05  1.79753288e+02 
 1.07977516e+05  4.68737772e+01  1.07977516e+05  1.79733559e+02 
 1.16591440e+05  4.68750077e+01  1.16591440e+05  1.79712244e+02 
 1.25892541e+05  4.68764425e+01  1.25892541e+05  1.79689212e+02 
 1.35935639e+05  4.68781157e+01  1.35935639e+05  1.79664324e+02 
 1.46779927e+05  4.68800670e+01  1.46779927e+05  1.79637426e+02 
 1.58489319e+05  4.68823421e+01  1.58489319e+05  1.79608351e+02 
 1.71132830e+05  4.68849958e+01  1.71132830e+05  1.79576918e+02 
 1.84784980e+05  4.68880904e+01  1.84784980e+05  1.79542927e+02 
 1.99526231e+05  4.68917004e+01  1.99526231e+05  1.79506163e+02 
 2.15443469e+05  4.68959112e+01  2.15443469e+05  1.79466388e+02 
 2.32630507e+05  4.69008220e+01  2.32630507e+05  1.79423341e+02 
 2.51188643e+05  4.69065521e+01  2.51188643e+05  1.79376735e+02 
 2.71227258e+05  4.69132368e+01  2.71227258e+05  1.79326254e+02 
 2.92864456e+05  4.69210374e+01  2.92864456e+05  1.79271548e+02 
 3.16227766e+05  4.69301398e+01  3.16227766e+05  1.79212227e+02 
 3.41454887e+05  4.69407642e+01  3.41454887e+05  1.79147858e+02 
 3.68694506e+05  4.69531669e+01  3.68694506e+05  1.79077954e+02 
 3.98107171e+05  4.69676500e+01  3.98107171e+05  1.79001967e+02 
 4.29866235e+05  4.69845619e+01  4.29866235e+05  1.78919278e+02 
 4.64158883e+05  4.70043214e+01  4.64158883e+05  1.78829181e+02 
 5.01187234e+05  4.70274131e+01  5.01187234e+05  1.78730868e+02 
 5.41169527e+05  4.70544111e+01  5.41169527e+05  1.78623404e+02 
 5.84341413e+05  4.70859894e+01  5.84341413e+05  1.78505705e+02 
 6.30957344e+05  4.71229376e+01  6.30957344e+05  1.78376498e+02 
 6.81292069e+05  4.71662212e+01  6.81292069e+05  1.78234277e+02 
 7.35642254e+05  4.72169284e+01  7.35642254e+05  1.78077249e+02 
 7.94328235e+05  4.72764204e+01  7.94328235e+05  1.77903247e+02 
 8.57695899e+05  4.73462663e+01  8.57695899e+05  1.77709642e+02 
 9.26118728e+05  4.74283717e+01  9.26118728e+05  1.77493192e+02 
 1.00000000e+06  4.75250391e+01  1.00000000e+06  1.77249860e+02 
 1.07977516e+06  4.76390415e+01  1.07977516e+06  1.76974560e+02 
 1.16591440e+06  4.77737532e+01  1.16591440e+06  1.76660796e+02 
 1.25892541e+06  4.79333354e+01  1.25892541e+06  1.76300126e+02 
 1.35935639e+06  4.81229224e+01  1.35935639e+06  1.75881449e+02 
 1.46779927e+06  4.83489499e+01  1.46779927e+06  1.75389811e+02 
 1.58489319e+06  4.86195512e+01  1.58489319e+06  1.74804754e+02 
 1.71132830e+06  4.89452265e+01  1.71132830e+06  1.74097485e+02 
 1.84784980e+06  4.93395217e+01  1.84784980e+06  1.73226404e+02 
 1.99526231e+06  4.98206728e+01  1.99526231e+06  1.72129357e+02 
 2.15443469e+06  5.04134674e+01  2.15443469e+06  1.70709381e+02 
 2.32630507e+06  5.11522100e+01  2.32630507e+06  1.68807920e+02 
 2.51188643e+06  5.20860505e+01  2.51188643e+06  1.66148527e+02 
 2.71227258e+06  5.32855994e+01  2.71227258e+06  1.62210815e+02 
 2.92864456e+06  5.48479168e+01  2.92864456e+06  1.55917441e+02 
 3.16227766e+06  5.68582205e+01  3.16227766e+06  1.44813427e+02 
 3.41454887e+06  5.90468014e+01  3.41454887e+06  1.23450429e+02 
 3.68694506e+06  5.95458906e+01  3.68694506e+06  8.80487454e+01 
 3.98107171e+06  5.68504202e+01  3.98107171e+06  5.64069755e+01 
 4.29866235e+06  5.32823860e+01  4.29866235e+06  3.91497929e+01 
 4.64158883e+06  5.00718269e+01  4.64158883e+06  3.00979570e+01 
 5.01187234e+06  4.72916649e+01  5.01187234e+06  2.48981151e+01 
 5.41169527e+06  4.48398770e+01  5.41169527e+06  2.16725277e+01 
 5.84341413e+06  4.26275125e+01  5.84341413e+06  1.95743493e+01 
 6.30957344e+06  4.05914849e+01  6.30957344e+06  1.81840597e+01 
 6.81292069e+06  3.86873273e+01  6.81292069e+06  1.72722738e+01 
 7.35642254e+06  3.68829862e+01  7.35642254e+06  1.67081671e+01 
 7.94328235e+06  3.51571116e+01  7.94328235e+06  1.64099956e+01 
 8.57695899e+06  3.34904199e+01  8.57695899e+06  1.63307511e+01 
 9.26118728e+06  3.18711833e+01  9.26118728e+06  1.64334571e+01 
 1.00000000e+07  3.02882891e+01  1.00000000e+07  1.67021230e+01 
 1.07977516e+07  2.87340032e+01  1.07977516e+07  1.71233754e+01 
 1.16591440e+07  2.72012191e+01  1.16591440e+07  1.76899001e+01 
 1.25892541e+07  2.56810297e+01  1.25892541e+07  1.84052553e+01 
 1.35935639e+07  2.41698421e+01  1.35935639e+07  1.92859690e+01 
 1.46779927e+07  2.26655702e+01  1.46779927e+07  2.03197383e+01 
 1.58489319e+07  2.11600373e+01  1.58489319e+07  2.15307050e+01 
 1.71132830e+07  1.96475678e+01  1.71132830e+07  2.29510541e+01 
 1.84784980e+07  1.81221716e+01  1.84784980e+07  2.45995496e+01 
 1.99526231e+07  1.65828049e+01  1.99526231e+07  2.65196746e+01 
 2.15443469e+07  1.50269523e+01  2.15443469e+07  2.87624785e+01 
 2.32630507e+07  1.34422426e+01  2.32630507e+07  3.14112075e+01 
 2.51188643e+07  1.18296483e+01  2.51188643e+07  3.44944987e+01 
 2.71227258e+07  1.01944628e+01  2.71227258e+07  3.82153916e+01 
 2.92864456e+07  8.51889570e+00  2.92864456e+07  4.27063221e+01 
 3.16227766e+07  6.82802328e+00  3.16227766e+07  4.81199130e+01 
 3.41454887e+07  5.15030075e+00  3.41454887e+07  5.50248708e+01 
 3.68694506e+07  3.52996881e+00  3.68694506e+07  6.34442789e+01 
 3.98107171e+07  1.98052235e+00  3.98107171e+07  7.32487102e+01 
 4.29866235e+07  7.19674555e-01  4.29866235e+07  8.46232349e+01 
 4.64158883e+07 -1.50110873e-01  4.64158883e+07  9.84070436e+01 
 5.01187234e+07 -5.91208712e-01  5.01187234e+07  1.10865172e+02 
 5.41169527e+07 -7.32696660e-01  5.41169527e+07  1.23275461e+02 
 5.84341413e+07 -5.41254612e-01  5.84341413e+07  1.34736116e+02 
 6.30957344e+07 -1.38968802e-01  6.30957344e+07  1.43429327e+02 
 6.81292069e+07  3.02677776e-01  6.81292069e+07  1.50689893e+02 
 7.35642254e+07  7.81555016e-01  7.35642254e+07  1.56771437e+02 
 7.94328235e+07  1.10932101e+00  7.94328235e+07  1.62320490e+02 
 8.57695899e+07  1.53972809e+00  8.57695899e+07  1.66894396e+02 
 9.26118728e+07  1.91702655e+00  9.26118728e+07  1.70466019e+02 
 1.00000000e+08  2.37690849e+00  1.00000000e+08  1.73512801e+02 
 1.07977516e+08  2.71892340e+00  1.07977516e+08  1.76594000e+02 
 1.16591440e+08  2.96920146e+00  1.16591440e+08  1.79669992e+02 
 1.25892541e+08  3.40692671e+00  1.25892541e+08  1.81564049e+02 
 1.35935639e+08  3.72899434e+00  1.35935639e+08  1.84106919e+02 
 1.46779927e+08  4.25070934e+00  1.46779927e+08  1.85790648e+02 
 1.58489319e+08  4.13613584e+00  1.58489319e+08  1.87425479e+02 
 1.71132830e+08  4.74983741e+00  1.71132830e+08  1.88389825e+02 
 1.84784980e+08  5.19513107e+00  1.84784980e+08  1.89693504e+02 
 1.99526231e+08  5.30383002e+00  1.99526231e+08  1.90165256e+02 
 2.15443469e+08  5.89426081e+00  2.15443469e+08  1.90405832e+02 
 2.32630507e+08  5.61768934e+00  2.32630507e+08  1.90775718e+02 
 2.51188643e+08  6.24363463e+00  2.51188643e+08  1.90606248e+02 
 2.71227258e+08  6.67707388e+00  2.71227258e+08  1.90143551e+02 
 2.92864456e+08  6.12693510e+00  2.92864456e+08  1.89734361e+02 
 3.16227766e+08  6.93236376e+00  3.16227766e+08  1.88735028e+02 
 3.41454887e+08  7.34202152e+00  3.41454887e+08  1.87551687e+02 
 3.68694506e+08  7.03873764e+00  3.68694506e+08  1.86778937e+02 
 3.98107171e+08  5.80393578e+00  3.98107171e+08  1.86059099e+02 
 4.29866235e+08  8.02993202e+00  4.29866235e+08  1.84949865e+02 
 4.64158883e+08  8.32205289e+00  4.64158883e+08  1.84503394e+02 
 5.01187234e+08  5.44730154e+00  5.01187234e+08  1.83736279e+02 
 5.41169527e+08  1.00996255e+01  5.41169527e+08  1.82602878e+02 
 5.84341413e+08  6.28318964e+00  5.84341413e+08  1.82447969e+02 
 6.30957344e+08  7.42609095e+00  6.30957344e+08  1.81878094e+02 
 6.81292069e+08  6.07265731e+00  6.81292069e+08  1.81746830e+02 
 7.35642254e+08  1.42657404e+01  7.35642254e+08  1.81691892e+02 
 7.94328235e+08  6.91080145e+00  7.94328235e+08  1.81244828e+02 
 8.57695899e+08  1.15648351e+01  8.57695899e+08  1.80903087e+02 
 9.26118728e+08  4.19733553e+00  9.26118728e+08  1.80370939e+02 
 1.00000000e+09  8.85515248e+00  1.00000000e+09  1.80298971e+02 
