 1.00000000e+00  4.75451777e+01  1.00000000e+00  1.79999997e+02 
 1.07977516e+00  4.75451777e+01  1.07977516e+00  1.79999997e+02 
 1.16591440e+00  4.75451777e+01  1.16591440e+00  1.79999997e+02 
 1.25892541e+00  4.75451777e+01  1.25892541e+00  1.79999996e+02 
 1.35935639e+00  4.75451777e+01  1.35935639e+00  1.79999996e+02 
 1.46779927e+00  4.75451777e+01  1.46779927e+00  1.79999996e+02 
 1.58489319e+00  4.75451777e+01  1.58489319e+00  1.79999995e+02 
 1.71132830e+00  4.75451777e+01  1.71132830e+00  1.79999995e+02 
 1.84784980e+00  4.75451777e+01  1.84784980e+00  1.79999995e+02 
 1.99526231e+00  4.75451777e+01  1.99526231e+00  1.79999994e+02 
 2.15443469e+00  4.75451777e+01  2.15443469e+00  1.79999994e+02 
 2.32630507e+00  4.75451777e+01  2.32630507e+00  1.79999993e+02 
 2.51188643e+00  4.75451777e+01  2.51188643e+00  1.79999993e+02 
 2.71227258e+00  4.75451777e+01  2.71227258e+00  1.79999992e+02 
 2.92864456e+00  4.75451777e+01  2.92864456e+00  1.79999991e+02 
 3.16227766e+00  4.75451777e+01  3.16227766e+00  1.79999991e+02 
 3.41454887e+00  4.75451777e+01  3.41454887e+00  1.79999990e+02 
 3.68694506e+00  4.75451777e+01  3.68694506e+00  1.79999989e+02 
 3.98107171e+00  4.75451777e+01  3.98107171e+00  1.79999988e+02 
 4.29866235e+00  4.75451777e+01  4.29866235e+00  1.79999987e+02 
 4.64158883e+00  4.75451777e+01  4.64158883e+00  1.79999986e+02 
 5.01187234e+00  4.75451777e+01  5.01187234e+00  1.79999985e+02 
 5.41169527e+00  4.75451777e+01  5.41169527e+00  1.79999984e+02 
 5.84341413e+00  4.75451777e+01  5.84341413e+00  1.79999983e+02 
 6.30957344e+00  4.75451777e+01  6.30957344e+00  1.79999981e+02 
 6.81292069e+00  4.75451777e+01  6.81292069e+00  1.79999980e+02 
 7.35642254e+00  4.75451777e+01  7.35642254e+00  1.79999978e+02 
 7.94328235e+00  4.75451777e+01  7.94328235e+00  1.79999976e+02 
 8.57695899e+00  4.75451777e+01  8.57695899e+00  1.79999974e+02 
 9.26118728e+00  4.75451777e+01  9.26118728e+00  1.79999972e+02 
 1.00000000e+01  4.75451777e+01  1.00000000e+01  1.79999970e+02 
 1.07977516e+01  4.75451777e+01  1.07977516e+01  1.79999968e+02 
 1.16591440e+01  4.75451777e+01  1.16591440e+01  1.79999965e+02 
 1.25892541e+01  4.75451777e+01  1.25892541e+01  1.79999963e+02 
 1.35935639e+01  4.75451777e+01  1.35935639e+01  1.79999960e+02 
 1.46779927e+01  4.75451777e+01  1.46779927e+01  1.79999956e+02 
 1.58489319e+01  4.75451777e+01  1.58489319e+01  1.79999953e+02 
 1.71132830e+01  4.75451777e+01  1.71132830e+01  1.79999949e+02 
 1.84784980e+01  4.75451777e+01  1.84784980e+01  1.79999945e+02 
 1.99526231e+01  4.75451777e+01  1.99526231e+01  1.79999941e+02 
 2.15443469e+01  4.75451777e+01  2.15443469e+01  1.79999936e+02 
 2.32630507e+01  4.75451777e+01  2.32630507e+01  1.79999931e+02 
 2.51188643e+01  4.75451777e+01  2.51188643e+01  1.79999925e+02 
 2.71227258e+01  4.75451777e+01  2.71227258e+01  1.79999919e+02 
 2.92864456e+01  4.75451777e+01  2.92864456e+01  1.79999913e+02 
 3.16227766e+01  4.75451777e+01  3.16227766e+01  1.79999906e+02 
 3.41454887e+01  4.75451777e+01  3.41454887e+01  1.79999898e+02 
 3.68694506e+01  4.75451777e+01  3.68694506e+01  1.79999890e+02 
 3.98107171e+01  4.75451777e+01  3.98107171e+01  1.79999882e+02 
 4.29866235e+01  4.75451777e+01  4.29866235e+01  1.79999872e+02 
 4.64158883e+01  4.75451777e+01  4.64158883e+01  1.79999862e+02 
 5.01187234e+01  4.75451777e+01  5.01187234e+01  1.79999851e+02 
 5.41169527e+01  4.75451777e+01  5.41169527e+01  1.79999839e+02 
 5.84341413e+01  4.75451777e+01  5.84341413e+01  1.79999826e+02 
 6.30957344e+01  4.75451777e+01  6.30957344e+01  1.79999812e+02 
 6.81292069e+01  4.75451777e+01  6.81292069e+01  1.79999797e+02 
 7.35642254e+01  4.75451777e+01  7.35642254e+01  1.79999781e+02 
 7.94328235e+01  4.75451777e+01  7.94328235e+01  1.79999764e+02 
 8.57695899e+01  4.75451777e+01  8.57695899e+01  1.79999745e+02 
 9.26118728e+01  4.75451777e+01  9.26118728e+01  1.79999725e+02 
 1.00000000e+02  4.75451777e+01  1.00000000e+02  1.79999703e+02 
 1.07977516e+02  4.75451777e+01  1.07977516e+02  1.79999679e+02 
 1.16591440e+02  4.75451777e+01  1.16591440e+02  1.79999653e+02 
 1.25892541e+02  4.75451777e+01  1.25892541e+02  1.79999626e+02 
 1.35935639e+02  4.75451777e+01  1.35935639e+02  1.79999596e+02 
 1.46779927e+02  4.75451777e+01  1.46779927e+02  1.79999563e+02 
 1.58489319e+02  4.75451777e+01  1.58489319e+02  1.79999529e+02 
 1.71132830e+02  4.75451778e+01  1.71132830e+02  1.79999491e+02 
 1.84784980e+02  4.75451778e+01  1.84784980e+02  1.79999450e+02 
 1.99526231e+02  4.75451778e+01  1.99526231e+02  1.79999407e+02 
 2.15443469e+02  4.75451778e+01  2.15443469e+02  1.79999359e+02 
 2.32630507e+02  4.75451778e+01  2.32630507e+02  1.79999308e+02 
 2.51188643e+02  4.75451778e+01  2.51188643e+02  1.79999253e+02 
 2.71227258e+02  4.75451778e+01  2.71227258e+02  1.79999193e+02 
 2.92864456e+02  4.75451778e+01  2.92864456e+02  1.79999129e+02 
 3.16227766e+02  4.75451778e+01  3.16227766e+02  1.79999059e+02 
 3.41454887e+02  4.75451778e+01  3.41454887e+02  1.79998984e+02 
 3.68694506e+02  4.75451778e+01  3.68694506e+02  1.79998903e+02 
 3.98107171e+02  4.75451779e+01  3.98107171e+02  1.79998816e+02 
 4.29866235e+02  4.75451779e+01  4.29866235e+02  1.79998721e+02 
 4.64158883e+02  4.75451779e+01  4.64158883e+02  1.79998619e+02 
 5.01187234e+02  4.75451779e+01  5.01187234e+02  1.79998509e+02 
 5.41169527e+02  4.75451780e+01  5.41169527e+02  1.79998390e+02 
 5.84341413e+02  4.75451780e+01  5.84341413e+02  1.79998262e+02 
 6.30957344e+02  4.75451780e+01  6.30957344e+02  1.79998123e+02 
 6.81292069e+02  4.75451781e+01  6.81292069e+02  1.79997974e+02 
 7.35642254e+02  4.75451781e+01  7.35642254e+02  1.79997812e+02 
 7.94328235e+02  4.75451782e+01  7.94328235e+02  1.79997637e+02 
 8.57695899e+02  4.75451783e+01  8.57695899e+02  1.79997449e+02 
 9.26118728e+02  4.75451784e+01  9.26118728e+02  1.79997245e+02 
 1.00000000e+03  4.75451785e+01  1.00000000e+03  1.79997026e+02 
 1.07977516e+03  4.75451786e+01  1.07977516e+03  1.79996788e+02 
 1.16591440e+03  4.75451788e+01  1.16591440e+03  1.79996532e+02 
 1.25892541e+03  4.75451790e+01  1.25892541e+03  1.79996256e+02 
 1.35935639e+03  4.75451792e+01  1.35935639e+03  1.79995957e+02 
 1.46779927e+03  4.75451794e+01  1.46779927e+03  1.79995634e+02 
 1.58489319e+03  4.75451797e+01  1.58489319e+03  1.79995286e+02 
 1.71132830e+03  4.75451800e+01  1.71132830e+03  1.79994910e+02 
 1.84784980e+03  4.75451804e+01  1.84784980e+03  1.79994504e+02 
 1.99526231e+03  4.75451808e+01  1.99526231e+03  1.79994065e+02 
 2.15443469e+03  4.75451813e+01  2.15443469e+03  1.79993592e+02 
 2.32630507e+03  4.75451819e+01  2.32630507e+03  1.79993081e+02 
 2.51188643e+03  4.75451826e+01  2.51188643e+03  1.79992529e+02 
 2.71227258e+03  4.75451835e+01  2.71227258e+03  1.79991933e+02 
 2.92864456e+03  4.75451844e+01  2.92864456e+03  1.79991289e+02 
 3.16227766e+03  4.75451855e+01  3.16227766e+03  1.79990594e+02 
 3.41454887e+03  4.75451868e+01  3.41454887e+03  1.79989844e+02 
 3.68694506e+03  4.75451883e+01  3.68694506e+03  1.79989034e+02 
 3.98107171e+03  4.75451901e+01  3.98107171e+03  1.79988159e+02 
 4.29866235e+03  4.75451921e+01  4.29866235e+03  1.79987214e+02 
 4.64158883e+03  4.75451945e+01  4.64158883e+03  1.79986194e+02 
 5.01187234e+03  4.75451973e+01  5.01187234e+03  1.79985093e+02 
 5.41169527e+03  4.75452006e+01  5.41169527e+03  1.79983904e+02 
 5.84341413e+03  4.75452044e+01  5.84341413e+03  1.79982620e+02 
 6.30957344e+03  4.75452088e+01  6.30957344e+03  1.79981233e+02 
 6.81292069e+03  4.75452139e+01  6.81292069e+03  1.79979736e+02 
 7.35642254e+03  4.75452199e+01  7.35642254e+03  1.79978119e+02 
 7.94328235e+03  4.75452269e+01  7.94328235e+03  1.79976374e+02 
 8.57695899e+03  4.75452351e+01  8.57695899e+03  1.79974489e+02 
 9.26118728e+03  4.75452446e+01  9.26118728e+03  1.79972454e+02 
 1.00000000e+04  4.75452557e+01  1.00000000e+04  1.79970256e+02 
 1.07977516e+04  4.75452687e+01  1.07977516e+04  1.79967883e+02 
 1.16591440e+04  4.75452838e+01  1.16591440e+04  1.79965321e+02 
 1.25892541e+04  4.75453014e+01  1.25892541e+04  1.79962555e+02 
 1.35935639e+04  4.75453219e+01  1.35935639e+04  1.79959567e+02 
 1.46779927e+04  4.75453458e+01  1.46779927e+04  1.79956342e+02 
 1.58489319e+04  4.75453737e+01  1.58489319e+04  1.79952859e+02 
 1.71132830e+04  4.75454062e+01  1.71132830e+04  1.79949098e+02 
 1.84784980e+04  4.75454441e+01  1.84784980e+04  1.79945037e+02 
 1.99526231e+04  4.75454883e+01  1.99526231e+04  1.79940651e+02 
 2.15443469e+04  4.75455398e+01  2.15443469e+04  1.79935916e+02 
 2.32630507e+04  4.75455999e+01  2.32630507e+04  1.79930803e+02 
 2.51188643e+04  4.75456699e+01  2.51188643e+04  1.79925282e+02 
 2.71227258e+04  4.75457516e+01  2.71227258e+04  1.79919321e+02 
 2.92864456e+04  4.75458468e+01  2.92864456e+04  1.79912883e+02 
 3.16227766e+04  4.75459578e+01  3.16227766e+04  1.79905932e+02 
 3.41454887e+04  4.75460872e+01  3.41454887e+04  1.79898425e+02 
 3.68694506e+04  4.75462382e+01  3.68694506e+04  1.79890319e+02 
 3.98107171e+04  4.75464141e+01  3.98107171e+04  1.79881566e+02 
 4.29866235e+04  4.75466193e+01  4.29866235e+04  1.79872114e+02 
 4.64158883e+04  4.75468585e+01  4.64158883e+04  1.79861907e+02 
 5.01187234e+04  4.75471373e+01  5.01187234e+04  1.79850883e+02 
 5.41169527e+04  4.75474625e+01  5.41169527e+04  1.79838979e+02 
 5.84341413e+04  4.75478416e+01  5.84341413e+04  1.79826123e+02 
 6.30957344e+04  4.75482837e+01  6.30957344e+04  1.79812239e+02 
 6.81292069e+04  4.75487991e+01  6.81292069e+04  1.79797243e+02 
 7.35642254e+04  4.75494001e+01  7.35642254e+04  1.79781047e+02 
 7.94328235e+04  4.75501009e+01  7.94328235e+04  1.79763553e+02 
 8.57695899e+04  4.75509179e+01  8.57695899e+04  1.79744657e+02 
 9.26118728e+04  4.75518707e+01  9.26118728e+04  1.79724245e+02 
 1.00000000e+05  4.75529816e+01  1.00000000e+05  1.79702193e+02 
 1.07977516e+05  4.75542769e+01  1.07977516e+05  1.79678368e+02 
 1.16591440e+05  4.75557875e+01  1.16591440e+05  1.79652625e+02 
 1.25892541e+05  4.75575491e+01  1.25892541e+05  1.79624807e+02 
 1.35935639e+05  4.75596034e+01  1.35935639e+05  1.79594742e+02 
 1.46779927e+05  4.75619990e+01  1.46779927e+05  1.79562244e+02 
 1.58489319e+05  4.75647928e+01  1.58489319e+05  1.79527109e+02 
 1.71132830e+05  4.75680512e+01  1.71132830e+05  1.79489116e+02 
 1.84784980e+05  4.75718517e+01  1.84784980e+05  1.79448022e+02 
 1.99526231e+05  4.75762851e+01  1.99526231e+05  1.79403563e+02 
 2.15443469e+05  4.75814563e+01  2.15443469e+05  1.79355445e+02 
 2.32630507e+05  4.75874899e+01  2.32630507e+05  1.79303350e+02 
 2.51188643e+05  4.75945286e+01  2.51188643e+05  1.79246922e+02 
 2.71227258e+05  4.76027425e+01  2.71227258e+05  1.79185771e+02 
 2.92864456e+05  4.76123275e+01  2.92864456e+05  1.79119459e+02 
 3.16227766e+05  4.76235164e+01  3.16227766e+05  1.79047503e+02 
 3.41454887e+05  4.76365794e+01  3.41454887e+05  1.78969357e+02 
 3.68694506e+05  4.76518340e+01  3.68694506e+05  1.78884409e+02 
 3.98107171e+05  4.76696484e+01  3.98107171e+05  1.78791965e+02 
 4.29866235e+05  4.76904647e+01  4.29866235e+05  1.78691234e+02 
 4.64158883e+05  4.77147919e+01  4.64158883e+05  1.78581311e+02 
 5.01187234e+05  4.77432419e+01  5.01187234e+05  1.78461147e+02 
 5.41169527e+05  4.77765193e+01  5.41169527e+05  1.78329527e+02 
 5.84341413e+05  4.78154743e+01  5.84341413e+05  1.78185019e+02 
 6.30957344e+05  4.78610995e+01  6.30957344e+05  1.78025934e+02 
 6.81292069e+05  4.79145760e+01  6.81292069e+05  1.77850253e+02 
 7.35642254e+05  4.79773312e+01  7.35642254e+05  1.77655537e+02 
 7.94328235e+05  4.80510346e+01  7.94328235e+05  1.77438816e+02 
 8.57695899e+05  4.81377098e+01  8.57695899e+05  1.77196428e+02 
 9.26118728e+05  4.82398150e+01  9.26118728e+05  1.76923798e+02 
 1.00000000e+06  4.83602903e+01  1.00000000e+06  1.76615149e+02 
 1.07977516e+06  4.85027452e+01  1.07977516e+06  1.76263078e+02 
 1.16591440e+06  4.86716469e+01  1.16591440e+06  1.75857934e+02 
 1.25892541e+06  4.88724970e+01  1.25892541e+06  1.75386949e+02 
 1.35935639e+06  4.91122304e+01  1.35935639e+06  1.74832869e+02 
 1.46779927e+06  4.93996444e+01  1.46779927e+06  1.74171881e+02 
 1.58489319e+06  4.97460447e+01  1.58489319e+06  1.73370282e+02 
 1.71132830e+06  5.01663954e+01  1.71132830e+06  1.72378850e+02 
 1.84784980e+06  5.06805204e+01  1.84784980e+06  1.71123187e+02 
 1.99526231e+06  5.13156483e+01  1.99526231e+06  1.69485759e+02 
 2.15443469e+06  5.21097564e+01  2.15443469e+06  1.67270844e+02 
 2.32630507e+06  5.31168208e+01  2.32630507e+06  1.64130237e+02 
 2.51188643e+06  5.44128148e+01  2.51188643e+06  1.59392460e+02 
 2.71227258e+06  5.60909676e+01  2.71227258e+06  1.51635451e+02 
 2.92864456e+06  5.81654336e+01  2.92864456e+06  1.37637394e+02 
 3.16227766e+06  5.99709201e+01  3.16227766e+06  1.11488289e+02 
 3.41454887e+06  5.92850925e+01  3.41454887e+06  7.56989490e+01 
 3.68694506e+06  5.61272485e+01  3.68694506e+06  4.97229473e+01 
 3.98107171e+06  5.27129342e+01  3.98107171e+06  3.58921212e+01 
 4.29866235e+06  4.96954298e+01  4.29866235e+06  2.83065554e+01 
 4.64158883e+06  4.70586220e+01  4.64158883e+06  2.37680368e+01 
 5.01187234e+06  4.47090075e+01  5.01187234e+06  2.08661716e+01 
 5.41169527e+06  4.25702083e+01  5.41169527e+06  1.89341194e+01 
 5.84341413e+06  4.05881804e+01  5.84341413e+06  1.76282967e+01 
 6.30957344e+06  3.87251226e+01  6.30957344e+06  1.67557086e+01 
 6.81292069e+06  3.69528729e+01  6.81292069e+06  1.62037459e+01 
 7.35642254e+06  3.52510231e+01  7.35642254e+06  1.58991000e+01 
 7.94328235e+06  3.36045718e+01  7.94328235e+06  1.57978564e+01 
 8.57695899e+06  3.20012242e+01  8.57695899e+06  1.58705942e+01 
 9.26118728e+06  3.04310579e+01  9.26118728e+06  1.61014160e+01 
 1.00000000e+07  2.88865759e+01  1.00000000e+07  1.64777257e+01 
 1.07977516e+07  2.73613422e+01  1.07977516e+07  1.69920315e+01 
 1.16591440e+07  2.58477941e+01  1.16591440e+07  1.76509398e+01 
 1.25892541e+07  2.43435766e+01  1.25892541e+07  1.84566429e+01 
 1.35935639e+07  2.28408706e+01  1.35935639e+07  1.94224809e+01 
 1.46779927e+07  2.13353032e+01  1.46779927e+07  2.05524923e+01 
 1.58489319e+07  1.98237633e+01  1.58489319e+07  2.18803628e+01 
 1.71132830e+07  1.83008536e+01  1.71132830e+07  2.34144855e+01 
 1.84784980e+07  1.67628928e+01  1.84784980e+07  2.52031341e+01 
 1.99526231e+07  1.51981060e+01  1.99526231e+07  2.73109164e+01 
 2.15443469e+07  1.36093721e+01  2.15443469e+07  2.97926547e+01 
 2.32630507e+07  1.19906172e+01  2.32630507e+07  3.27224182e+01 
 2.51188643e+07  1.03366255e+01  2.51188643e+07  3.62823580e+01 
 2.71227258e+07  8.64953180e+00  2.71227258e+07  4.04855766e+01 
 2.92864456e+07  6.92107176e+00  2.92864456e+07  4.57570384e+01 
 3.16227766e+07  5.18425681e+00  3.16227766e+07  5.21546856e+01 
 3.41454887e+07  3.49139393e+00  3.41454887e+07  6.03800028e+01 
 3.68694506e+07  1.87558135e+00  3.68694506e+07  7.04189020e+01 
 3.98107171e+07  5.21325330e-01  3.98107171e+07  8.20937051e+01 
 4.29866235e+07 -4.68249657e-01  4.29866235e+07  9.53472764e+01 
 4.64158883e+07 -1.03744350e+00  4.64158883e+07  1.09221923e+02 
 5.01187234e+07 -1.08165891e+00  5.01187234e+07  1.22133399e+02 
 5.41169527e+07 -8.65586842e-01  5.41169527e+07  1.33244432e+02 
 5.84341413e+07 -4.79067631e-01  5.84341413e+07  1.43002230e+02 
 6.30957344e+07 -6.01274268e-03  6.30957344e+07  1.50926892e+02 
 6.81292069e+07  4.64739868e-01  6.81292069e+07  1.57322488e+02 
 7.35642254e+07  9.23206092e-01  7.35642254e+07  1.62041360e+02 
 7.94328235e+07  1.31140630e+00  7.94328235e+07  1.67041111e+02 
 8.57695899e+07  1.78965649e+00  8.57695899e+07  1.70762864e+02 
 9.26118728e+07  2.21051721e+00  9.26118728e+07  1.73962728e+02 
 1.00000000e+08  2.51929521e+00  1.00000000e+08  1.76830011e+02 
 1.07977516e+08  2.96720544e+00  1.07977516e+08  1.79509987e+02 
 1.16591440e+08  3.28322559e+00  1.16591440e+08  1.81887702e+02 
 1.25892541e+08  3.58571056e+00  1.25892541e+08  1.83905184e+02 
 1.35935639e+08  4.24413802e+00  1.35935639e+08  1.85587260e+02 
 1.46779927e+08  4.29813261e+00  1.46779927e+08  1.87437323e+02 
 1.58489319e+08  4.85152812e+00  1.58489319e+08  1.88546399e+02 
 1.71132830e+08  5.07020636e+00  1.71132830e+08  1.89823251e+02 
 1.84784980e+08  5.46629594e+00  1.84784980e+08  1.90296076e+02 
 1.99526231e+08  5.81369085e+00  1.99526231e+08  1.90410457e+02 
 2.15443469e+08  6.39192249e+00  2.15443469e+08  1.90408864e+02 
 2.32630507e+08  6.08828974e+00  2.32630507e+08  1.90604937e+02 
 2.51188643e+08  6.24635476e+00  2.51188643e+08  1.90087835e+02 
 2.71227258e+08  7.63825718e+00  2.71227258e+08  1.89165743e+02 
 2.92864456e+08  6.52150175e+00  2.92864456e+08  1.88883560e+02 
 3.16227766e+08  6.57478385e+00  3.16227766e+08  1.87869738e+02 
 3.41454887e+08  7.65175017e+00  3.41454887e+08  1.86757813e+02 
 3.68694506e+08  7.31448281e+00  3.68694506e+08  1.85963600e+02 
 3.98107171e+08  7.05785875e+00  3.98107171e+08  1.85204673e+02 
 4.29866235e+08  5.76891688e+00  4.29866235e+08  1.84353284e+02 
 4.64158883e+08  6.94596247e+00  4.64158883e+08  1.83694843e+02 
 5.01187234e+08  7.19316888e+00  5.01187234e+08  1.83233248e+02 
 5.41169527e+08  7.79990654e+00  5.41169527e+08  1.82625075e+02 
 5.84341413e+08  6.46042885e+00  5.84341413e+08  1.82362596e+02 
 6.30957344e+08  5.09598855e+00  6.30957344e+08  1.81477843e+02 
 6.81292069e+08  6.23788603e+00  6.81292069e+08  1.81700064e+02 
 7.35642254e+08  8.41199433e+00  7.35642254e+08  1.81100981e+02 
 7.94328235e+08  1.30825672e+01  7.94328235e+08  1.81061879e+02 
 8.57695899e+08  1.17127663e+01  8.57695899e+08  1.80006853e+02 
 9.26118728e+08  4.35642887e+00  9.26118728e+08  1.80705288e+02 
 1.00000000e+09  9.02391255e+00  1.00000000e+09  1.79976874e+02 
