 1.00000000e+00  4.69366566e+01  1.00000000e+00  1.79999997e+02 
 1.07977516e+00  4.69366566e+01  1.07977516e+00  1.79999997e+02 
 1.16591440e+00  4.69366566e+01  1.16591440e+00  1.79999997e+02 
 1.25892541e+00  4.69366566e+01  1.25892541e+00  1.79999997e+02 
 1.35935639e+00  4.69366566e+01  1.35935639e+00  1.79999996e+02 
 1.46779927e+00  4.69366566e+01  1.46779927e+00  1.79999996e+02 
 1.58489319e+00  4.69366566e+01  1.58489319e+00  1.79999996e+02 
 1.71132830e+00  4.69366566e+01  1.71132830e+00  1.79999995e+02 
 1.84784980e+00  4.69366566e+01  1.84784980e+00  1.79999995e+02 
 1.99526231e+00  4.69366566e+01  1.99526231e+00  1.79999994e+02 
 2.15443469e+00  4.69366566e+01  2.15443469e+00  1.79999994e+02 
 2.32630507e+00  4.69366566e+01  2.32630507e+00  1.79999994e+02 
 2.51188643e+00  4.69366566e+01  2.51188643e+00  1.79999993e+02 
 2.71227258e+00  4.69366566e+01  2.71227258e+00  1.79999993e+02 
 2.92864456e+00  4.69366566e+01  2.92864456e+00  1.79999992e+02 
 3.16227766e+00  4.69366566e+01  3.16227766e+00  1.79999991e+02 
 3.41454887e+00  4.69366566e+01  3.41454887e+00  1.79999991e+02 
 3.68694506e+00  4.69366566e+01  3.68694506e+00  1.79999990e+02 
 3.98107171e+00  4.69366566e+01  3.98107171e+00  1.79999989e+02 
 4.29866235e+00  4.69366566e+01  4.29866235e+00  1.79999988e+02 
 4.64158883e+00  4.69366566e+01  4.64158883e+00  1.79999987e+02 
 5.01187234e+00  4.69366566e+01  5.01187234e+00  1.79999986e+02 
 5.41169527e+00  4.69366566e+01  5.41169527e+00  1.79999985e+02 
 5.84341413e+00  4.69366566e+01  5.84341413e+00  1.79999984e+02 
 6.30957344e+00  4.69366566e+01  6.30957344e+00  1.79999983e+02 
 6.81292069e+00  4.69366566e+01  6.81292069e+00  1.79999981e+02 
 7.35642254e+00  4.69366566e+01  7.35642254e+00  1.79999980e+02 
 7.94328235e+00  4.69366566e+01  7.94328235e+00  1.79999978e+02 
 8.57695899e+00  4.69366566e+01  8.57695899e+00  1.79999976e+02 
 9.26118728e+00  4.69366566e+01  9.26118728e+00  1.79999974e+02 
 1.00000000e+01  4.69366566e+01  1.00000000e+01  1.79999972e+02 
 1.07977516e+01  4.69366566e+01  1.07977516e+01  1.79999970e+02 
 1.16591440e+01  4.69366566e+01  1.16591440e+01  1.79999968e+02 
 1.25892541e+01  4.69366566e+01  1.25892541e+01  1.79999965e+02 
 1.35935639e+01  4.69366566e+01  1.35935639e+01  1.79999962e+02 
 1.46779927e+01  4.69366566e+01  1.46779927e+01  1.79999959e+02 
 1.58489319e+01  4.69366566e+01  1.58489319e+01  1.79999956e+02 
 1.71132830e+01  4.69366566e+01  1.71132830e+01  1.79999953e+02 
 1.84784980e+01  4.69366566e+01  1.84784980e+01  1.79999949e+02 
 1.99526231e+01  4.69366566e+01  1.99526231e+01  1.79999945e+02 
 2.15443469e+01  4.69366566e+01  2.15443469e+01  1.79999940e+02 
 2.32630507e+01  4.69366566e+01  2.32630507e+01  1.79999936e+02 
 2.51188643e+01  4.69366566e+01  2.51188643e+01  1.79999931e+02 
 2.71227258e+01  4.69366566e+01  2.71227258e+01  1.79999925e+02 
 2.92864456e+01  4.69366566e+01  2.92864456e+01  1.79999919e+02 
 3.16227766e+01  4.69366566e+01  3.16227766e+01  1.79999913e+02 
 3.41454887e+01  4.69366566e+01  3.41454887e+01  1.79999906e+02 
 3.68694506e+01  4.69366566e+01  3.68694506e+01  1.79999898e+02 
 3.98107171e+01  4.69366566e+01  3.98107171e+01  1.79999890e+02 
 4.29866235e+01  4.69366566e+01  4.29866235e+01  1.79999881e+02 
 4.64158883e+01  4.69366566e+01  4.64158883e+01  1.79999872e+02 
 5.01187234e+01  4.69366566e+01  5.01187234e+01  1.79999861e+02 
 5.41169527e+01  4.69366566e+01  5.41169527e+01  1.79999850e+02 
 5.84341413e+01  4.69366566e+01  5.84341413e+01  1.79999838e+02 
 6.30957344e+01  4.69366566e+01  6.30957344e+01  1.79999826e+02 
 6.81292069e+01  4.69366566e+01  6.81292069e+01  1.79999812e+02 
 7.35642254e+01  4.69366566e+01  7.35642254e+01  1.79999797e+02 
 7.94328235e+01  4.69366566e+01  7.94328235e+01  1.79999780e+02 
 8.57695899e+01  4.69366566e+01  8.57695899e+01  1.79999763e+02 
 9.26118728e+01  4.69366566e+01  9.26118728e+01  1.79999744e+02 
 1.00000000e+02  4.69366566e+01  1.00000000e+02  1.79999724e+02 
 1.07977516e+02  4.69366566e+01  1.07977516e+02  1.79999701e+02 
 1.16591440e+02  4.69366566e+01  1.16591440e+02  1.79999678e+02 
 1.25892541e+02  4.69366567e+01  1.25892541e+02  1.79999652e+02 
 1.35935639e+02  4.69366567e+01  1.35935639e+02  1.79999624e+02 
 1.46779927e+02  4.69366567e+01  1.46779927e+02  1.79999594e+02 
 1.58489319e+02  4.69366567e+01  1.58489319e+02  1.79999562e+02 
 1.71132830e+02  4.69366567e+01  1.71132830e+02  1.79999527e+02 
 1.84784980e+02  4.69366567e+01  1.84784980e+02  1.79999489e+02 
 1.99526231e+02  4.69366567e+01  1.99526231e+02  1.79999448e+02 
 2.15443469e+02  4.69366567e+01  2.15443469e+02  1.79999404e+02 
 2.32630507e+02  4.69366567e+01  2.32630507e+02  1.79999357e+02 
 2.51188643e+02  4.69366567e+01  2.51188643e+02  1.79999306e+02 
 2.71227258e+02  4.69366567e+01  2.71227258e+02  1.79999250e+02 
 2.92864456e+02  4.69366567e+01  2.92864456e+02  1.79999190e+02 
 3.16227766e+02  4.69366567e+01  3.16227766e+02  1.79999126e+02 
 3.41454887e+02  4.69366567e+01  3.41454887e+02  1.79999056e+02 
 3.68694506e+02  4.69366567e+01  3.68694506e+02  1.79998981e+02 
 3.98107171e+02  4.69366567e+01  3.98107171e+02  1.79998899e+02 
 4.29866235e+02  4.69366568e+01  4.29866235e+02  1.79998812e+02 
 4.64158883e+02  4.69366568e+01  4.64158883e+02  1.79998717e+02 
 5.01187234e+02  4.69366568e+01  5.01187234e+02  1.79998614e+02 
 5.41169527e+02  4.69366568e+01  5.41169527e+02  1.79998504e+02 
 5.84341413e+02  4.69366569e+01  5.84341413e+02  1.79998385e+02 
 6.30957344e+02  4.69366569e+01  6.30957344e+02  1.79998256e+02 
 6.81292069e+02  4.69366570e+01  6.81292069e+02  1.79998117e+02 
 7.35642254e+02  4.69366570e+01  7.35642254e+02  1.79997966e+02 
 7.94328235e+02  4.69366571e+01  7.94328235e+02  1.79997804e+02 
 8.57695899e+02  4.69366571e+01  8.57695899e+02  1.79997629e+02 
 9.26118728e+02  4.69366572e+01  9.26118728e+02  1.79997440e+02 
 1.00000000e+03  4.69366573e+01  1.00000000e+03  1.79997235e+02 
 1.07977516e+03  4.69366574e+01  1.07977516e+03  1.79997015e+02 
 1.16591440e+03  4.69366576e+01  1.16591440e+03  1.79996777e+02 
 1.25892541e+03  4.69366577e+01  1.25892541e+03  1.79996520e+02 
 1.35935639e+03  4.69366579e+01  1.35935639e+03  1.79996242e+02 
 1.46779927e+03  4.69366581e+01  1.46779927e+03  1.79995942e+02 
 1.58489319e+03  4.69366584e+01  1.58489319e+03  1.79995618e+02 
 1.71132830e+03  4.69366586e+01  1.71132830e+03  1.79995269e+02 
 1.84784980e+03  4.69366590e+01  1.84784980e+03  1.79994891e+02 
 1.99526231e+03  4.69366594e+01  1.99526231e+03  1.79994484e+02 
 2.15443469e+03  4.69366598e+01  2.15443469e+03  1.79994044e+02 
 2.32630507e+03  4.69366603e+01  2.32630507e+03  1.79993569e+02 
 2.51188643e+03  4.69366609e+01  2.51188643e+03  1.79993056e+02 
 2.71227258e+03  4.69366617e+01  2.71227258e+03  1.79992502e+02 
 2.92864456e+03  4.69366625e+01  2.92864456e+03  1.79991903e+02 
 3.16227766e+03  4.69366635e+01  3.16227766e+03  1.79991258e+02 
 3.41454887e+03  4.69366646e+01  3.41454887e+03  1.79990560e+02 
 3.68694506e+03  4.69366659e+01  3.68694506e+03  1.79989807e+02 
 3.98107171e+03  4.69366675e+01  3.98107171e+03  1.79988994e+02 
 4.29866235e+03  4.69366693e+01  4.29866235e+03  1.79988116e+02 
 4.64158883e+03  4.69366714e+01  4.64158883e+03  1.79987168e+02 
 5.01187234e+03  4.69366738e+01  5.01187234e+03  1.79986144e+02 
 5.41169527e+03  4.69366766e+01  5.41169527e+03  1.79985039e+02 
 5.84341413e+03  4.69366800e+01  5.84341413e+03  1.79983845e+02 
 6.30957344e+03  4.69366838e+01  6.30957344e+03  1.79982556e+02 
 6.81292069e+03  4.69366883e+01  6.81292069e+03  1.79981165e+02 
 7.35642254e+03  4.69366936e+01  7.35642254e+03  1.79979662e+02 
 7.94328235e+03  4.69366997e+01  7.94328235e+03  1.79978040e+02 
 8.57695899e+03  4.69367069e+01  8.57695899e+03  1.79976288e+02 
 9.26118728e+03  4.69367152e+01  9.26118728e+03  1.79974396e+02 
 1.00000000e+04  4.69367249e+01  1.00000000e+04  1.79972354e+02 
 1.07977516e+04  4.69367363e+01  1.07977516e+04  1.79970148e+02 
 1.16591440e+04  4.69367495e+01  1.16591440e+04  1.79967767e+02 
 1.25892541e+04  4.69367649e+01  1.25892541e+04  1.79965195e+02 
 1.35935639e+04  4.69367828e+01  1.35935639e+04  1.79962419e+02 
 1.46779927e+04  4.69368038e+01  1.46779927e+04  1.79959420e+02 
 1.58489319e+04  4.69368282e+01  1.58489319e+04  1.79956183e+02 
 1.71132830e+04  4.69368566e+01  1.71132830e+04  1.79952687e+02 
 1.84784980e+04  4.69368898e+01  1.84784980e+04  1.79948912e+02 
 1.99526231e+04  4.69369285e+01  1.99526231e+04  1.79944837e+02 
 2.15443469e+04  4.69369736e+01  2.15443469e+04  1.79940435e+02 
 2.32630507e+04  4.69370262e+01  2.32630507e+04  1.79935683e+02 
 2.51188643e+04  4.69370875e+01  2.51188643e+04  1.79930552e+02 
 2.71227258e+04  4.69371590e+01  2.71227258e+04  1.79925010e+02 
 2.92864456e+04  4.69372423e+01  2.92864456e+04  1.79919027e+02 
 3.16227766e+04  4.69373395e+01  3.16227766e+04  1.79912566e+02 
 3.41454887e+04  4.69374528e+01  3.41454887e+04  1.79905589e+02 
 3.68694506e+04  4.69375849e+01  3.68694506e+04  1.79898055e+02 
 3.98107171e+04  4.69377389e+01  3.98107171e+04  1.79889920e+02 
 4.29866235e+04  4.69379185e+01  4.29866235e+04  1.79881135e+02 
 4.64158883e+04  4.69381278e+01  4.64158883e+04  1.79871648e+02 
 5.01187234e+04  4.69383719e+01  5.01187234e+04  1.79861403e+02 
 5.41169527e+04  4.69386566e+01  5.41169527e+04  1.79850340e+02 
 5.84341413e+04  4.69389885e+01  5.84341413e+04  1.79838392e+02 
 6.30957344e+04  4.69393754e+01  6.30957344e+04  1.79825489e+02 
 6.81292069e+04  4.69398265e+01  6.81292069e+04  1.79811553e+02 
 7.35642254e+04  4.69403526e+01  7.35642254e+04  1.79796502e+02 
 7.94328235e+04  4.69409659e+01  7.94328235e+04  1.79780246e+02 
 8.57695899e+04  4.69416811e+01  8.57695899e+04  1.79762688e+02 
 9.26118728e+04  4.69425150e+01  9.26118728e+04  1.79743722e+02 
 1.00000000e+05  4.69434873e+01  1.00000000e+05  1.79723233e+02 
 1.07977516e+05  4.69446212e+01  1.07977516e+05  1.79701099e+02 
 1.16591440e+05  4.69459431e+01  1.16591440e+05  1.79677185e+02 
 1.25892541e+05  4.69474850e+01  1.25892541e+05  1.79651345e+02 
 1.35935639e+05  4.69492826e+01  1.35935639e+05  1.79623421e+02 
 1.46779927e+05  4.69513791e+01  1.46779927e+05  1.79593241e+02 
 1.58489319e+05  4.69538242e+01  1.58489319e+05  1.79560617e+02 
 1.71132830e+05  4.69566757e+01  1.71132830e+05  1.79525345e+02 
 1.84784980e+05  4.69600011e+01  1.84784980e+05  1.79487203e+02 
 1.99526231e+05  4.69638801e+01  1.99526231e+05  1.79445945e+02 
 2.15443469e+05  4.69684052e+01  2.15443469e+05  1.79401306e+02 
 2.32630507e+05  4.69736825e+01  2.32630507e+05  1.79352991e+02 
 2.51188643e+05  4.69798405e+01  2.51188643e+05  1.79300677e+02 
 2.71227258e+05  4.69870263e+01  2.71227258e+05  1.79244008e+02 
 2.92864456e+05  4.69954093e+01  2.92864456e+05  1.79182588e+02 
 3.16227766e+05  4.70051929e+01  3.16227766e+05  1.79115977e+02 
 3.41454887e+05  4.70166133e+01  3.41454887e+05  1.79043686e+02 
 3.68694506e+05  4.70299492e+01  3.68694506e+05  1.78965163e+02 
 3.98107171e+05  4.70455182e+01  3.98107171e+05  1.78879789e+02 
 4.29866235e+05  4.70637068e+01  4.29866235e+05  1.78786860e+02 
 4.64158883e+05  4.70849559e+01  4.64158883e+05  1.78685575e+02 
 5.01187234e+05  4.71097975e+01  5.01187234e+05  1.78575013e+02 
 5.41169527e+05  4.71388420e+01  5.41169527e+05  1.78454110e+02 
 5.84341413e+05  4.71728223e+01  5.84341413e+05  1.78321625e+02 
 6.30957344e+05  4.72126021e+01  6.30957344e+05  1.78176101e+02 
 6.81292069e+05  4.72591947e+01  6.81292069e+05  1.78015812e+02 
 7.35642254e+05  4.73138239e+01  7.35642254e+05  1.77838689e+02 
 7.94328235e+05  4.73779181e+01  7.94328235e+05  1.77642236e+02 
 8.57695899e+05  4.74532180e+01  8.57695899e+05  1.77423403e+02 
 9.26118728e+05  4.75417962e+01  9.26118728e+05  1.77178417e+02 
 1.00000000e+06  4.76461479e+01  1.00000000e+06  1.76902572e+02 
 1.07977516e+06  4.77693226e+01  1.07977516e+06  1.76589894e+02 
 1.16591440e+06  4.79150210e+01  1.16591440e+06  1.76232720e+02 
 1.25892541e+06  4.80878232e+01  1.25892541e+06  1.75821031e+02 
 1.35935639e+06  4.82933926e+01  1.35935639e+06  1.75341553e+02 
 1.46779927e+06  4.85389096e+01  1.46779927e+06  1.74776258e+02 
 1.58489319e+06  4.88334484e+01  1.58489319e+06  1.74100232e+02 
 1.71132830e+06  4.91887290e+01  1.71132830e+06  1.73278024e+02 
 1.84784980e+06  4.96202561e+01  1.84784980e+06  1.72257673e+02 
 1.99526231e+06  5.01487261e+01  1.99526231e+06  1.70960157e+02 
 2.15443469e+06  5.08024596e+01  2.15443469e+06  1.69259931e+02 
 2.32630507e+06  5.16213510e+01  2.32630507e+06  1.66946031e+02 
 2.51188643e+06  5.26617704e+01  2.51188643e+06  1.63639842e+02 
 2.71227258e+06  5.40029472e+01  2.71227258e+06  1.58601839e+02 
 2.92864456e+06  5.57366848e+01  2.92864456e+06  1.50247908e+02 
 3.16227766e+06  5.78403745e+01  3.16227766e+06  1.34994442e+02 
 3.41454887e+06  5.94548554e+01  3.41454887e+06  1.06915846e+02 
 3.68694506e+06  5.83229906e+01  3.68694506e+06  7.14315551e+01 
 3.98107171e+06  5.50346428e+01  3.98107171e+06  4.74310973e+01 
 4.29866235e+06  5.16650818e+01  4.29866235e+06  3.47407947e+01 
 4.64158883e+06  4.87046902e+01  4.64158883e+06  2.76992613e+01 
 5.01187234e+06  4.61116535e+01  5.01187234e+06  2.34441275e+01 
 5.41169527e+06  4.37937971e+01  5.41169527e+06  2.07076128e+01 
 5.84341413e+06  4.16777861e+01  5.84341413e+06  1.88829366e+01 
 6.30957344e+06  3.97129258e+01  6.30957344e+06  1.76538628e+01 
 6.81292069e+06  3.78620224e+01  6.81292069e+06  1.68397552e+01 
 7.35642254e+06  3.60986096e+01  7.35642254e+06  1.63354891e+01 
 7.94328235e+06  3.44024103e+01  7.94328235e+06  1.60742678e+01 
 8.57695899e+06  3.27601911e+01  8.57695899e+06  1.60131572e+01 
 9.26118728e+06  3.11591106e+01  9.26118728e+06  1.61249924e+01 
 1.00000000e+07  2.95882884e+01  1.00000000e+07  1.63950638e+01 
 1.07977516e+07  2.80426872e+01  1.07977516e+07  1.68097489e+01 
 1.16591440e+07  2.65138001e+01  1.16591440e+07  1.73762975e+01 
 1.25892541e+07  2.49961882e+01  1.25892541e+07  1.80821241e+01 
 1.35935639e+07  2.34813896e+01  1.35935639e+07  1.89444828e+01 
 1.46779927e+07  2.19698561e+01  1.46779927e+07  1.99682045e+01 
 1.58489319e+07  2.04522860e+01  1.58489319e+07  2.11887799e+01 
 1.71132830e+07  1.89284207e+01  1.71132830e+07  2.26059348e+01 
 1.84784980e+07  1.73881323e+01  1.84784980e+07  2.42745545e+01 
 1.99526231e+07  1.58281093e+01  1.99526231e+07  2.61935584e+01 
 2.15443469e+07  1.42402096e+01  2.15443469e+07  2.85220163e+01 
 2.32630507e+07  1.26207467e+01  2.32630507e+07  3.12333657e+01 
 2.51188643e+07  1.09714611e+01  2.51188643e+07  3.44766324e+01 
 2.71227258e+07  9.27451054e+00  2.71227258e+07  3.84154329e+01 
 2.92864456e+07  7.54765619e+00  2.92864456e+07  4.31962906e+01 
 3.16227766e+07  5.79473662e+00  3.16227766e+07  4.92445782e+01 
 3.41454887e+07  4.05092029e+00  3.41454887e+07  5.67001345e+01 
 3.68694506e+07  2.38934815e+00  3.68694506e+07  6.62776948e+01 
 3.98107171e+07  9.06981990e-01  3.98107171e+07  7.74391596e+01 
 4.29866235e+07 -2.47170330e-01  4.29866235e+07  9.01805878e+01 
 4.64158883e+07 -9.61282144e-01  4.64158883e+07  1.04372907e+02 
 5.01187234e+07 -1.19430864e+00  5.01187234e+07  1.18367663e+02 
 5.41169527e+07 -1.03314969e+00  5.41169527e+07  1.30064066e+02 
 5.84341413e+07 -6.51454491e-01  5.84341413e+07  1.40835263e+02 
 6.30957344e+07 -1.31001512e-01  6.30957344e+07  1.48147174e+02 
 6.81292069e+07  3.47614670e-01  6.81292069e+07  1.55239727e+02 
 7.35642254e+07  7.43543556e-01  7.35642254e+07  1.60891288e+02 
 7.94328235e+07  1.26802673e+00  7.94328235e+07  1.65214803e+02 
 8.57695899e+07  1.70822014e+00  8.57695899e+07  1.69260216e+02 
 9.26118728e+07  2.03771925e+00  9.26118728e+07  1.73110622e+02 
 1.00000000e+08  2.53094495e+00  1.00000000e+08  1.75921036e+02 
 1.07977516e+08  2.79716342e+00  1.07977516e+08  1.78559751e+02 
 1.16591440e+08  3.20471047e+00  1.16591440e+08  1.81023772e+02 
 1.25892541e+08  3.50617072e+00  1.25892541e+08  1.83072283e+02 
 1.35935639e+08  4.02945569e+00  1.35935639e+08  1.85092252e+02 
 1.46779927e+08  4.36650106e+00  1.46779927e+08  1.86443642e+02 
 1.58489319e+08  4.40271066e+00  1.58489319e+08  1.88428578e+02 
 1.71132830e+08  4.97708225e+00  1.71132830e+08  1.89300062e+02 
 1.84784980e+08  5.37375283e+00  1.84784980e+08  1.89977869e+02 
 1.99526231e+08  5.72846911e+00  1.99526231e+08  1.90578382e+02 
 2.15443469e+08  6.30319426e+00  2.15443469e+08  1.90456236e+02 
 2.32630507e+08  6.39069305e+00  2.32630507e+08  1.90827059e+02 
 2.51188643e+08  6.17143205e+00  2.51188643e+08  1.90184852e+02 
 2.71227258e+08  7.00787736e+00  2.71227258e+08  1.89730796e+02 
 2.92864456e+08  7.05498571e+00  2.92864456e+08  1.88881803e+02 
 3.16227766e+08  6.53123287e+00  3.16227766e+08  1.88031442e+02 
 3.41454887e+08  8.51595451e+00  3.41454887e+08  1.87044383e+02 
 3.68694506e+08  7.29976216e+00  3.68694506e+08  1.86231634e+02 
 3.98107171e+08  7.06222992e+00  3.98107171e+08  1.85494797e+02 
 4.29866235e+08  5.77244283e+00  4.29866235e+08  1.84689952e+02 
 4.64158883e+08  6.94926339e+00  4.64158883e+08  1.84087276e+02 
 5.01187234e+08  5.63530250e+00  5.01187234e+08  1.83415608e+02 
 5.41169527e+08  1.03076709e+01  5.41169527e+08  1.82997168e+02 
 5.84341413e+08  8.96871458e+00  5.84341413e+08  1.82458229e+02 
 6.30957344e+08  7.59689931e+00  6.30957344e+08  1.81916317e+02 
 6.81292069e+08  6.27157273e+00  6.81292069e+08  1.81720403e+02 
 7.35642254e+08  8.43316605e+00  7.35642254e+08  1.81910440e+02 
 7.94328235e+08  1.30979180e+01  7.94328235e+08  1.81301158e+02 
 8.57695899e+08  5.72978857e+00  8.57695899e+08  1.80883194e+02 
 9.26118728e+08  4.38447877e+00  9.26118728e+08  1.80765171e+02 
 1.00000000e+09  9.04895254e+00  1.00000000e+09  1.80261844e+02 
