 1.00000000e+00  4.63570549e+01  1.00000000e+00  1.79999998e+02 
 1.07977516e+00  4.63570549e+01  1.07977516e+00  1.79999998e+02 
 1.16591440e+00  4.63570549e+01  1.16591440e+00  1.79999998e+02 
 1.25892541e+00  4.63570549e+01  1.25892541e+00  1.79999998e+02 
 1.35935639e+00  4.63570549e+01  1.35935639e+00  1.79999997e+02 
 1.46779927e+00  4.63570549e+01  1.46779927e+00  1.79999997e+02 
 1.58489319e+00  4.63570549e+01  1.58489319e+00  1.79999997e+02 
 1.71132830e+00  4.63570549e+01  1.71132830e+00  1.79999997e+02 
 1.84784980e+00  4.63570549e+01  1.84784980e+00  1.79999996e+02 
 1.99526231e+00  4.63570549e+01  1.99526231e+00  1.79999996e+02 
 2.15443469e+00  4.63570549e+01  2.15443469e+00  1.79999996e+02 
 2.32630507e+00  4.63570549e+01  2.32630507e+00  1.79999995e+02 
 2.51188643e+00  4.63570549e+01  2.51188643e+00  1.79999995e+02 
 2.71227258e+00  4.63570549e+01  2.71227258e+00  1.79999995e+02 
 2.92864456e+00  4.63570549e+01  2.92864456e+00  1.79999994e+02 
 3.16227766e+00  4.63570549e+01  3.16227766e+00  1.79999994e+02 
 3.41454887e+00  4.63570549e+01  3.41454887e+00  1.79999993e+02 
 3.68694506e+00  4.63570549e+01  3.68694506e+00  1.79999993e+02 
 3.98107171e+00  4.63570549e+01  3.98107171e+00  1.79999992e+02 
 4.29866235e+00  4.63570549e+01  4.29866235e+00  1.79999991e+02 
 4.64158883e+00  4.63570549e+01  4.64158883e+00  1.79999991e+02 
 5.01187234e+00  4.63570549e+01  5.01187234e+00  1.79999990e+02 
 5.41169527e+00  4.63570549e+01  5.41169527e+00  1.79999989e+02 
 5.84341413e+00  4.63570549e+01  5.84341413e+00  1.79999988e+02 
 6.30957344e+00  4.63570549e+01  6.30957344e+00  1.79999987e+02 
 6.81292069e+00  4.63570549e+01  6.81292069e+00  1.79999986e+02 
 7.35642254e+00  4.63570549e+01  7.35642254e+00  1.79999985e+02 
 7.94328235e+00  4.63570549e+01  7.94328235e+00  1.79999984e+02 
 8.57695899e+00  4.63570549e+01  8.57695899e+00  1.79999983e+02 
 9.26118728e+00  4.63570549e+01  9.26118728e+00  1.79999982e+02 
 1.00000000e+01  4.63570549e+01  1.00000000e+01  1.79999980e+02 
 1.07977516e+01  4.63570549e+01  1.07977516e+01  1.79999979e+02 
 1.16591440e+01  4.63570549e+01  1.16591440e+01  1.79999977e+02 
 1.25892541e+01  4.63570549e+01  1.25892541e+01  1.79999975e+02 
 1.35935639e+01  4.63570549e+01  1.35935639e+01  1.79999973e+02 
 1.46779927e+01  4.63570549e+01  1.46779927e+01  1.79999971e+02 
 1.58489319e+01  4.63570549e+01  1.58489319e+01  1.79999969e+02 
 1.71132830e+01  4.63570549e+01  1.71132830e+01  1.79999966e+02 
 1.84784980e+01  4.63570549e+01  1.84784980e+01  1.79999963e+02 
 1.99526231e+01  4.63570549e+01  1.99526231e+01  1.79999960e+02 
 2.15443469e+01  4.63570549e+01  2.15443469e+01  1.79999957e+02 
 2.32630507e+01  4.63570549e+01  2.32630507e+01  1.79999954e+02 
 2.51188643e+01  4.63570549e+01  2.51188643e+01  1.79999950e+02 
 2.71227258e+01  4.63570549e+01  2.71227258e+01  1.79999946e+02 
 2.92864456e+01  4.63570549e+01  2.92864456e+01  1.79999942e+02 
 3.16227766e+01  4.63570549e+01  3.16227766e+01  1.79999937e+02 
 3.41454887e+01  4.63570549e+01  3.41454887e+01  1.79999932e+02 
 3.68694506e+01  4.63570549e+01  3.68694506e+01  1.79999927e+02 
 3.98107171e+01  4.63570549e+01  3.98107171e+01  1.79999921e+02 
 4.29866235e+01  4.63570549e+01  4.29866235e+01  1.79999915e+02 
 4.64158883e+01  4.63570549e+01  4.64158883e+01  1.79999908e+02 
 5.01187234e+01  4.63570549e+01  5.01187234e+01  1.79999901e+02 
 5.41169527e+01  4.63570549e+01  5.41169527e+01  1.79999893e+02 
 5.84341413e+01  4.63570549e+01  5.84341413e+01  1.79999884e+02 
 6.30957344e+01  4.63570549e+01  6.30957344e+01  1.79999875e+02 
 6.81292069e+01  4.63570549e+01  6.81292069e+01  1.79999865e+02 
 7.35642254e+01  4.63570549e+01  7.35642254e+01  1.79999854e+02 
 7.94328235e+01  4.63570549e+01  7.94328235e+01  1.79999842e+02 
 8.57695899e+01  4.63570549e+01  8.57695899e+01  1.79999830e+02 
 9.26118728e+01  4.63570549e+01  9.26118728e+01  1.79999816e+02 
 1.00000000e+02  4.63570549e+01  1.00000000e+02  1.79999802e+02 
 1.07977516e+02  4.63570549e+01  1.07977516e+02  1.79999786e+02 
 1.16591440e+02  4.63570549e+01  1.16591440e+02  1.79999769e+02 
 1.25892541e+02  4.63570549e+01  1.25892541e+02  1.79999750e+02 
 1.35935639e+02  4.63570549e+01  1.35935639e+02  1.79999730e+02 
 1.46779927e+02  4.63570549e+01  1.46779927e+02  1.79999709e+02 
 1.58489319e+02  4.63570549e+01  1.58489319e+02  1.79999686e+02 
 1.71132830e+02  4.63570549e+01  1.71132830e+02  1.79999660e+02 
 1.84784980e+02  4.63570549e+01  1.84784980e+02  1.79999633e+02 
 1.99526231e+02  4.63570549e+01  1.99526231e+02  1.79999604e+02 
 2.15443469e+02  4.63570549e+01  2.15443469e+02  1.79999573e+02 
 2.32630507e+02  4.63570549e+01  2.32630507e+02  1.79999538e+02 
 2.51188643e+02  4.63570549e+01  2.51188643e+02  1.79999502e+02 
 2.71227258e+02  4.63570549e+01  2.71227258e+02  1.79999462e+02 
 2.92864456e+02  4.63570549e+01  2.92864456e+02  1.79999419e+02 
 3.16227766e+02  4.63570549e+01  3.16227766e+02  1.79999373e+02 
 3.41454887e+02  4.63570550e+01  3.41454887e+02  1.79999323e+02 
 3.68694506e+02  4.63570550e+01  3.68694506e+02  1.79999269e+02 
 3.98107171e+02  4.63570550e+01  3.98107171e+02  1.79999210e+02 
 4.29866235e+02  4.63570550e+01  4.29866235e+02  1.79999147e+02 
 4.64158883e+02  4.63570550e+01  4.64158883e+02  1.79999079e+02 
 5.01187234e+02  4.63570551e+01  5.01187234e+02  1.79999006e+02 
 5.41169527e+02  4.63570551e+01  5.41169527e+02  1.79998926e+02 
 5.84341413e+02  4.63570551e+01  5.84341413e+02  1.79998841e+02 
 6.30957344e+02  4.63570552e+01  6.30957344e+02  1.79998748e+02 
 6.81292069e+02  4.63570552e+01  6.81292069e+02  1.79998648e+02 
 7.35642254e+02  4.63570553e+01  7.35642254e+02  1.79998540e+02 
 7.94328235e+02  4.63570554e+01  7.94328235e+02  1.79998424e+02 
 8.57695899e+02  4.63570554e+01  8.57695899e+02  1.79998298e+02 
 9.26118728e+02  4.63570555e+01  9.26118728e+02  1.79998163e+02 
 1.00000000e+03  4.63570556e+01  1.00000000e+03  1.79998016e+02 
 1.07977516e+03  4.63570558e+01  1.07977516e+03  1.79997858e+02 
 1.16591440e+03  4.63570559e+01  1.16591440e+03  1.79997687e+02 
 1.25892541e+03  4.63570561e+01  1.25892541e+03  1.79997502e+02 
 1.35935639e+03  4.63570563e+01  1.35935639e+03  1.79997303e+02 
 1.46779927e+03  4.63570565e+01  1.46779927e+03  1.79997088e+02 
 1.58489319e+03  4.63570568e+01  1.58489319e+03  1.79996856e+02 
 1.71132830e+03  4.63570571e+01  1.71132830e+03  1.79996605e+02 
 1.84784980e+03  4.63570575e+01  1.84784980e+03  1.79996334e+02 
 1.99526231e+03  4.63570579e+01  1.99526231e+03  1.79996041e+02 
 2.15443469e+03  4.63570584e+01  2.15443469e+03  1.79995726e+02 
 2.32630507e+03  4.63570590e+01  2.32630507e+03  1.79995385e+02 
 2.51188643e+03  4.63570597e+01  2.51188643e+03  1.79995016e+02 
 2.71227258e+03  4.63570605e+01  2.71227258e+03  1.79994619e+02 
 2.92864456e+03  4.63570614e+01  2.92864456e+03  1.79994190e+02 
 3.16227766e+03  4.63570625e+01  3.16227766e+03  1.79993726e+02 
 3.41454887e+03  4.63570637e+01  3.41454887e+03  1.79993226e+02 
 3.68694506e+03  4.63570652e+01  3.68694506e+03  1.79992685e+02 
 3.98107171e+03  4.63570669e+01  3.98107171e+03  1.79992102e+02 
 4.29866235e+03  4.63570689e+01  4.29866235e+03  1.79991471e+02 
 4.64158883e+03  4.63570712e+01  4.64158883e+03  1.79990791e+02 
 5.01187234e+03  4.63570740e+01  5.01187234e+03  1.79990056e+02 
 5.41169527e+03  4.63570771e+01  5.41169527e+03  1.79989263e+02 
 5.84341413e+03  4.63570808e+01  5.84341413e+03  1.79988407e+02 
 6.30957344e+03  4.63570851e+01  6.30957344e+03  1.79987482e+02 
 6.81292069e+03  4.63570902e+01  6.81292069e+03  1.79986483e+02 
 7.35642254e+03  4.63570960e+01  7.35642254e+03  1.79985405e+02 
 7.94328235e+03  4.63571028e+01  7.94328235e+03  1.79984240e+02 
 8.57695899e+03  4.63571108e+01  8.57695899e+03  1.79982983e+02 
 9.26118728e+03  4.63571201e+01  9.26118728e+03  1.79981626e+02 
 1.00000000e+04  4.63571309e+01  1.00000000e+04  1.79980160e+02 
 1.07977516e+04  4.63571435e+01  1.07977516e+04  1.79978577e+02 
 1.16591440e+04  4.63571582e+01  1.16591440e+04  1.79976868e+02 
 1.25892541e+04  4.63571753e+01  1.25892541e+04  1.79975022e+02 
 1.35935639e+04  4.63571953e+01  1.35935639e+04  1.79973030e+02 
 1.46779927e+04  4.63572186e+01  1.46779927e+04  1.79970878e+02 
 1.58489319e+04  4.63572458e+01  1.58489319e+04  1.79968555e+02 
 1.71132830e+04  4.63572775e+01  1.71132830e+04  1.79966046e+02 
 1.84784980e+04  4.63573144e+01  1.84784980e+04  1.79963337e+02 
 1.99526231e+04  4.63573575e+01  1.99526231e+04  1.79960412e+02 
 2.15443469e+04  4.63574077e+01  2.15443469e+04  1.79957253e+02 
 2.32630507e+04  4.63574663e+01  2.32630507e+04  1.79953843e+02 
 2.51188643e+04  4.63575345e+01  2.51188643e+04  1.79950160e+02 
 2.71227258e+04  4.63576141e+01  2.71227258e+04  1.79946183e+02 
 2.92864456e+04  4.63577069e+01  2.92864456e+04  1.79941889e+02 
 3.16227766e+04  4.63578151e+01  3.16227766e+04  1.79937252e+02 
 3.41454887e+04  4.63579412e+01  3.41454887e+04  1.79932244e+02 
 3.68694506e+04  4.63580882e+01  3.68694506e+04  1.79926837e+02 
 3.98107171e+04  4.63582597e+01  3.98107171e+04  1.79920998e+02 
 4.29866235e+04  4.63584596e+01  4.29866235e+04  1.79914692e+02 
 4.64158883e+04  4.63586927e+01  4.64158883e+04  1.79907883e+02 
 5.01187234e+04  4.63589645e+01  5.01187234e+04  1.79900529e+02 
 5.41169527e+04  4.63592813e+01  5.41169527e+04  1.79892587e+02 
 5.84341413e+04  4.63596508e+01  5.84341413e+04  1.79884010e+02 
 6.30957344e+04  4.63600815e+01  6.30957344e+04  1.79874747e+02 
 6.81292069e+04  4.63605839e+01  6.81292069e+04  1.79864742e+02 
 7.35642254e+04  4.63611695e+01  7.35642254e+04  1.79853935e+02 
 7.94328235e+04  4.63618524e+01  7.94328235e+04  1.79842262e+02 
 8.57695899e+04  4.63626486e+01  8.57695899e+04  1.79829653e+02 
 9.26118728e+04  4.63635769e+01  9.26118728e+04  1.79816031e+02 
 1.00000000e+05  4.63646595e+01  1.00000000e+05  1.79801314e+02 
 1.07977516e+05  4.63659218e+01  1.07977516e+05  1.79785413e+02 
 1.16591440e+05  4.63673940e+01  1.16591440e+05  1.79768229e+02 
 1.25892541e+05  4.63691105e+01  1.25892541e+05  1.79749658e+02 
 1.35935639e+05  4.63711123e+01  1.35935639e+05  1.79729584e+02 
 1.46779927e+05  4.63734466e+01  1.46779927e+05  1.79707882e+02 
 1.58489319e+05  4.63761693e+01  1.58489319e+05  1.79684416e+02 
 1.71132830e+05  4.63793446e+01  1.71132830e+05  1.79659034e+02 
 1.84784980e+05  4.63830485e+01  1.84784980e+05  1.79631575e+02 
 1.99526231e+05  4.63873680e+01  1.99526231e+05  1.79601858e+02 
 2.15443469e+05  4.63924076e+01  2.15443469e+05  1.79569685e+02 
 2.32630507e+05  4.63982860e+01  2.32630507e+05  1.79534839e+02 
 2.51188643e+05  4.64051457e+01  2.51188643e+05  1.79497077e+02 
 2.71227258e+05  4.64131504e+01  2.71227258e+05  1.79456133e+02 
 2.92864456e+05  4.64224910e+01  2.92864456e+05  1.79411707e+02 
 3.16227766e+05  4.64333933e+01  3.16227766e+05  1.79363465e+02 
 3.41454887e+05  4.64461230e+01  3.41454887e+05  1.79311031e+02 
 3.68694506e+05  4.64609851e+01  3.68694506e+05  1.79253979e+02 
 3.98107171e+05  4.64783473e+01  3.98107171e+05  1.79191824e+02 
 4.29866235e+05  4.64986312e+01  4.29866235e+05  1.79124013e+02 
 4.64158883e+05  4.65223391e+01  4.64158883e+05  1.79049906e+02 
 5.01187234e+05  4.65500575e+01  5.01187234e+05  1.78968763e+02 
 5.41169527e+05  4.65824857e+01  5.41169527e+05  1.78879714e+02 
 5.84341413e+05  4.66204358e+01  5.84341413e+05  1.78781737e+02 
 6.30957344e+05  4.66648969e+01  6.30957344e+05  1.78673611e+02 
 6.81292069e+05  4.67170106e+01  6.81292069e+05  1.78553874e+02 
 7.35642254e+05  4.67781563e+01  7.35642254e+05  1.78420749e+02 
 7.94328235e+05  4.68499614e+01  7.94328235e+05  1.78272065e+02 
 8.57695899e+05  4.69344258e+01  8.57695899e+05  1.78105124e+02 
 9.26118728e+05  4.70339042e+01  9.26118728e+05  1.77916552e+02 
 1.00000000e+06  4.71512950e+01  1.00000000e+06  1.77702060e+02 
 1.07977516e+06  4.72901106e+01  1.07977516e+06  1.77456141e+02 
 1.16591440e+06  4.74547046e+01  1.16591440e+06  1.77171609e+02 
 1.25892541e+06  4.76504472e+01  1.25892541e+06  1.76838919e+02 
 1.35935639e+06  4.78841058e+01  1.35935639e+06  1.76445164e+02 
 1.46779927e+06  4.81643213e+01  1.46779927e+06  1.75972532e+02 
 1.58489319e+06  4.85022452e+01  1.58489319e+06  1.75395760e+02 
 1.71132830e+06  4.89124985e+01  1.71132830e+06  1.74678076e+02 
 1.84784980e+06  4.94149050e+01  1.84784980e+06  1.73763845e+02 
 1.99526231e+06  5.00368558e+01  1.99526231e+06  1.72565255e+02 
 2.15443469e+06  5.08173103e+01  2.15443469e+06  1.70936060e+02 
 2.32630507e+06  5.18138523e+01  2.32630507e+06  1.68615247e+02 
 2.51188643e+06  5.31145100e+01  2.51188643e+06  1.65093161e+02 
 2.71227258e+06  5.48542665e+01  2.71227258e+06  1.59251859e+02 
 2.92864456e+06  5.72047177e+01  2.92864456e+06  1.48266207e+02 
 3.16227766e+06  5.99684153e+01  3.16227766e+06  1.24586093e+02 
 3.41454887e+06  6.03953995e+01  3.41454887e+06  8.19229981e+01 
 3.68694506e+06  5.67797920e+01  3.68694506e+06  4.87543614e+01 
 3.98107171e+06  5.27987215e+01  3.98107171e+06  3.34141136e+01 
 4.29866235e+06  4.94553946e+01  4.29866235e+06  2.58908005e+01 
 4.64158883e+06  4.66293297e+01  4.64158883e+06  2.16988774e+01 
 5.01187234e+06  4.41613528e+01  5.01187234e+06  1.91590797e+01 
 5.41169527e+06  4.19441573e+01  5.41169527e+06  1.75550792e+01 
 5.84341413e+06  3.99069163e+01  5.84341413e+06  1.65387679e+01 
 6.30957344e+06  3.80035812e+01  6.30957344e+06  1.59229333e+01 
 6.81292069e+06  3.62011624e+01  6.81292069e+06  1.56016104e+01 
 7.35642254e+06  3.44749686e+01  7.35642254e+06  1.55102455e+01 
 7.94328235e+06  3.28106273e+01  7.94328235e+06  1.56083133e+01 
 8.57695899e+06  3.11915180e+01  8.57695899e+06  1.58724936e+01 
 9.26118728e+06  2.96092906e+01  9.26118728e+06  1.62851591e+01 
 1.00000000e+07  2.80533706e+01  1.00000000e+07  1.68447289e+01 
 1.07977516e+07  2.65184336e+01  1.07977516e+07  1.75450364e+01 
 1.16591440e+07  2.49978446e+01  1.16591440e+07  1.83918724e+01 
 1.25892541e+07  2.34858602e+01  1.25892541e+07  1.93922741e+01 
 1.35935639e+07  2.19780267e+01  1.35935639e+07  2.05499941e+01 
 1.46779927e+07  2.04661827e+01  1.46779927e+07  2.19042197e+01 
 1.58489319e+07  1.89478600e+01  1.58489319e+07  2.34800224e+01 
 1.71132830e+07  1.74187906e+01  1.71132830e+07  2.52777281e+01 
 1.84784980e+07  1.58760567e+01  1.84784980e+07  2.73682931e+01 
 1.99526231e+07  1.43061803e+01  1.99526231e+07  2.98170338e+01 
 2.15443469e+07  1.27170922e+01  2.15443469e+07  3.26855723e+01 
 2.32630507e+07  1.10948062e+01  2.32630507e+07  3.61145747e+01 
 2.51188643e+07  9.45637911e+00  2.51188643e+07  4.01850579e+01 
 2.71227258e+07  7.78153666e+00  2.71227258e+07  4.50840135e+01 
 2.92864456e+07  6.11207952e+00  2.92864456e+07  5.10525604e+01 
 3.16227766e+07  4.44852024e+00  3.16227766e+07  5.85494500e+01 
 3.41454887e+07  2.88371731e+00  3.41454887e+07  6.77721668e+01 
 3.68694506e+07  1.46337008e+00  3.68694506e+07  7.80871128e+01 
 3.98107171e+07  4.05614497e-01  3.98107171e+07  9.05710819e+01 
 4.29866235e+07 -3.13866008e-01  4.29866235e+07  1.03405148e+02 
 4.64158883e+07 -7.00693420e-01  4.64158883e+07  1.17158914e+02 
 5.01187234e+07 -5.03055029e-01  5.01187234e+07  1.27778953e+02 
 5.41169527e+07 -2.86020543e-01  5.41169527e+07  1.38099392e+02 
 5.84341413e+07  1.43141953e-01  5.84341413e+07  1.45490408e+02 
 6.30957344e+07  4.07568182e-01  6.30957344e+07  1.52771405e+02 
 6.81292069e+07  8.68892219e-01  6.81292069e+07  1.58415409e+02 
 7.35642254e+07  1.30056764e+00  7.35642254e+07  1.62806294e+02 
 7.94328235e+07  1.59582833e+00  7.94328235e+07  1.67485183e+02 
 8.57695899e+07  2.12186920e+00  8.57695899e+07  1.71093693e+02 
 9.26118728e+07  2.26493424e+00  9.26118728e+07  1.74205754e+02 
 1.00000000e+08  2.70097874e+00  1.00000000e+08  1.76916463e+02 
 1.07977516e+08  3.12910305e+00  1.07977516e+08  1.79675862e+02 
 1.16591440e+08  3.40571312e+00  1.16591440e+08  1.81295583e+02 
 1.25892541e+08  3.81023773e+00  1.25892541e+08  1.83608270e+02 
 1.35935639e+08  3.93101300e+00  1.35935639e+08  1.85531569e+02 
 1.46779927e+08  4.54047971e+00  1.46779927e+08  1.87222223e+02 
 1.58489319e+08  4.72961148e+00  1.58489319e+08  1.87877573e+02 
 1.71132830e+08  5.11815716e+00  1.71132830e+08  1.89018820e+02 
 1.84784980e+08  5.24878522e+00  1.84784980e+08  1.89684744e+02 
 1.99526231e+08  5.82331736e+00  1.99526231e+08  1.90009499e+02 
 2.15443469e+08  6.36452638e+00  2.15443469e+08  1.89521909e+02 
 2.32630507e+08  6.42661448e+00  2.32630507e+08  1.89578744e+02 
 2.51188643e+08  6.18286591e+00  2.51188643e+08  1.89358417e+02 
 2.71227258e+08  6.98932657e+00  2.71227258e+08  1.88323259e+02 
 2.92864456e+08  7.01477937e+00  2.92864456e+08  1.88118575e+02 
 3.16227766e+08  6.46122174e+00  3.16227766e+08  1.87045695e+02 
 3.41454887e+08  8.41904023e+00  3.41454887e+08  1.86146479e+02 
 3.68694506e+08  7.17309074e+00  3.68694506e+08  1.85130946e+02 
 3.98107171e+08  8.08165726e+00  3.98107171e+08  1.84660265e+02 
 4.29866235e+08  5.64032521e+00  4.29866235e+08  1.83937169e+02 
 4.64158883e+08  6.83035695e+00  4.64158883e+08  1.83569180e+02 
 5.01187234e+08  1.14853175e+01  5.01187234e+08  1.83298335e+02 
 5.41169527e+08  5.74174570e+00  5.41169527e+08  1.82382430e+02 
 5.84341413e+08  6.32840411e+00  5.84341413e+08  1.81740169e+02 
 6.30957344e+08  4.97175209e+00  6.30957344e+08  1.81237896e+02 
 6.81292069e+08  6.11427601e+00  6.81292069e+08  1.80897036e+02 
 7.35642254e+08  8.28222211e+00  7.35642254e+08  1.81266441e+02 
 7.94328235e+08  3.41804683e+00  7.94328235e+08  1.80841639e+02 
 8.57695899e+08  5.59435541e+01  8.57695899e+08  9.17678271e+01 
 9.26118728e+08  4.23942127e+00  9.26118728e+08  1.80505485e+02 
 1.00000000e+09  2.90423069e+00  1.00000000e+09  1.79333959e+02 
