 1.00000000e+00  6.82920312e+01  1.00000000e+00 -3.99282623e-04 
 1.07977516e+00  6.82920312e+01  1.07977516e+00 -4.31135459e-04 
 1.16591440e+00  6.82920312e+01  1.16591440e+00 -4.65529361e-04 
 1.25892541e+00  6.82920312e+01  1.25892541e+00 -5.02667041e-04 
 1.35935639e+00  6.82920312e+01  1.35935639e+00 -5.42767386e-04 
 1.46779927e+00  6.82920312e+01  1.46779927e+00 -5.86066742e-04 
 1.58489319e+00  6.82920312e+01  1.58489319e+00 -6.32820312e-04 
 1.71132830e+00  6.82920312e+01  1.71132830e+00 -6.83303655e-04 
 1.84784980e+00  6.82920312e+01  1.84784980e+00 -7.37814315e-04 
 1.99526231e+00  6.82920312e+01  1.99526231e+00 -7.96673571e-04 
 2.15443469e+00  6.82920312e+01  2.15443469e+00 -8.60228335e-04 
 2.32630507e+00  6.82920312e+01  2.32630507e+00 -9.28853190e-04 
 2.51188643e+00  6.82920312e+01  2.51188643e+00 -1.00295260e-03 
 2.71227258e+00  6.82920312e+01  2.71227258e+00 -1.08296331e-03 
 2.92864456e+00  6.82920312e+01  2.92864456e+00 -1.16935688e-03 
 3.16227766e+00  6.82920312e+01  3.16227766e+00 -1.26264252e-03 
 3.41454887e+00  6.82920312e+01  3.41454887e+00 -1.36337003e-03 
 3.68694506e+00  6.82920312e+01  3.68694506e+00 -1.47213310e-03 
 3.98107171e+00  6.82920312e+01  3.98107171e+00 -1.58957275e-03 
 4.29866235e+00  6.82920312e+01  4.29866235e+00 -1.71638118e-03 
 4.64158883e+00  6.82920312e+01  4.64158883e+00 -1.85330577e-03 
 5.01187234e+00  6.82920312e+01  5.01187234e+00 -2.00115353e-03 
 5.41169527e+00  6.82920312e+01  5.41169527e+00 -2.16079588e-03 
 5.84341413e+00  6.82920312e+01  5.84341413e+00 -2.33317372e-03 
 6.30957344e+00  6.82920312e+01  6.30957344e+00 -2.51930304e-03 
 6.81292069e+00  6.82920312e+01  6.81292069e+00 -2.72028084e-03 
 7.35642254e+00  6.82920312e+01  7.35642254e+00 -2.93729169e-03 
 7.94328235e+00  6.82920312e+01  7.94328235e+00 -3.17161461e-03 
 8.57695899e+00  6.82920312e+01  8.57695899e+00 -3.42463068e-03 
 9.26118728e+00  6.82920312e+01  9.26118728e+00 -3.69783115e-03 
 1.00000000e+01  6.82920312e+01  1.00000000e+01 -3.99282623e-03 
 1.07977516e+01  6.82920312e+01  1.07977516e+01 -4.31135459e-03 
 1.16591440e+01  6.82920312e+01  1.16591440e+01 -4.65529360e-03 
 1.25892541e+01  6.82920311e+01  1.25892541e+01 -5.02667040e-03 
 1.35935639e+01  6.82920311e+01  1.35935639e+01 -5.42767384e-03 
 1.46779927e+01  6.82920311e+01  1.46779927e+01 -5.86066740e-03 
 1.58489319e+01  6.82920311e+01  1.58489319e+01 -6.32820309e-03 
 1.71132830e+01  6.82920311e+01  1.71132830e+01 -6.83303652e-03 
 1.84784980e+01  6.82920311e+01  1.84784980e+01 -7.37814311e-03 
 1.99526231e+01  6.82920311e+01  1.99526231e+01 -7.96673567e-03 
 2.15443469e+01  6.82920311e+01  2.15443469e+01 -8.60228329e-03 
 2.32630507e+01  6.82920311e+01  2.32630507e+01 -9.28853183e-03 
 2.51188643e+01  6.82920311e+01  2.51188643e+01 -1.00295259e-02 
 2.71227258e+01  6.82920310e+01  2.71227258e+01 -1.08296330e-02 
 2.92864456e+01  6.82920310e+01  2.92864456e+01 -1.16935687e-02 
 3.16227766e+01  6.82920310e+01  3.16227766e+01 -1.26264250e-02 
 3.41454887e+01  6.82920310e+01  3.41454887e+01 -1.36337001e-02 
 3.68694506e+01  6.82920309e+01  3.68694506e+01 -1.47213307e-02 
 3.98107171e+01  6.82920309e+01  3.98107171e+01 -1.58957272e-02 
 4.29866235e+01  6.82920308e+01  4.29866235e+01 -1.71638113e-02 
 4.64158883e+01  6.82920308e+01  4.64158883e+01 -1.85330571e-02 
 5.01187234e+01  6.82920307e+01  5.01187234e+01 -2.00115346e-02 
 5.41169527e+01  6.82920306e+01  5.41169527e+01 -2.16079579e-02 
 5.84341413e+01  6.82920305e+01  5.84341413e+01 -2.33317361e-02 
 6.30957344e+01  6.82920304e+01  6.30957344e+01 -2.51930289e-02 
 6.81292069e+01  6.82920303e+01  6.81292069e+01 -2.72028066e-02 
 7.35642254e+01  6.82920301e+01  7.35642254e+01 -2.93729146e-02 
 7.94328235e+01  6.82920299e+01  7.94328235e+01 -3.17161432e-02 
 8.57695899e+01  6.82920297e+01  8.57695899e+01 -3.42463032e-02 
 9.26118728e+01  6.82920295e+01  9.26118728e+01 -3.69783069e-02 
 1.00000000e+02  6.82920292e+01  1.00000000e+02 -3.99282565e-02 
 1.07977516e+02  6.82920289e+01  1.07977516e+02 -4.31135386e-02 
 1.16591440e+02  6.82920285e+01  1.16591440e+02 -4.65529269e-02 
 1.25892541e+02  6.82920281e+01  1.25892541e+02 -5.02666925e-02 
 1.35935639e+02  6.82920276e+01  1.35935639e+02 -5.42767240e-02 
 1.46779927e+02  6.82920270e+01  1.46779927e+02 -5.86066559e-02 
 1.58489319e+02  6.82920263e+01  1.58489319e+02 -6.32820081e-02 
 1.71132830e+02  6.82920254e+01  1.71132830e+02 -6.83303364e-02 
 1.84784980e+02  6.82920245e+01  1.84784980e+02 -7.37813949e-02 
 1.99526231e+02  6.82920234e+01  1.99526231e+02 -7.96673111e-02 
 2.15443469e+02  6.82920221e+01  2.15443469e+02 -8.60227756e-02 
 2.32630507e+02  6.82920206e+01  2.32630507e+02 -9.28852461e-02 
 2.51188643e+02  6.82920188e+01  2.51188643e+02 -1.00295169e-01 
 2.71227258e+02  6.82920167e+01  2.71227258e+02 -1.08296216e-01 
 2.92864456e+02  6.82920144e+01  2.92864456e+02 -1.16935543e-01 
 3.16227766e+02  6.82920116e+01  3.16227766e+02 -1.26264069e-01 
 3.41454887e+02  6.82920083e+01  3.41454887e+02 -1.36336773e-01 
 3.68694506e+02  6.82920045e+01  3.68694506e+02 -1.47213019e-01 
 3.98107171e+02  6.82920001e+01  3.98107171e+02 -1.58956910e-01 
 4.29866235e+02  6.82919949e+01  4.29866235e+02 -1.71637658e-01 
 4.64158883e+02  6.82919889e+01  4.64158883e+02 -1.85329997e-01 
 5.01187234e+02  6.82919819e+01  5.01187234e+02 -2.00114624e-01 
 5.41169527e+02  6.82919737e+01  5.41169527e+02 -2.16078670e-01 
 5.84341413e+02  6.82919642e+01  5.84341413e+02 -2.33316217e-01 
 6.30957344e+02  6.82919531e+01  6.30957344e+02 -2.51928849e-01 
 6.81292069e+02  6.82919401e+01  6.81292069e+02 -2.72026253e-01 
 7.35642254e+02  6.82919250e+01  7.35642254e+02 -2.93726864e-01 
 7.94328235e+02  6.82919074e+01  7.94328235e+02 -3.17158559e-01 
 8.57695899e+02  6.82918869e+01  8.57695899e+02 -3.42459414e-01 
 9.26118728e+02  6.82918629e+01  9.26118728e+02 -3.69778513e-01 
 1.00000000e+03  6.82918350e+01  1.00000000e+03 -3.99276829e-01 
 1.07977516e+03  6.82918024e+01  1.07977516e+03 -4.31128166e-01 
 1.16591440e+03  6.82917645e+01  1.16591440e+03 -4.65520179e-01 
 1.25892541e+03  6.82917202e+01  1.25892541e+03 -5.02655483e-01 
 1.35935639e+03  6.82916686e+01  1.35935639e+03 -5.42752835e-01 
 1.46779927e+03  6.82916085e+01  1.46779927e+03 -5.86048425e-01 
 1.58489319e+03  6.82915384e+01  1.58489319e+03 -6.32797252e-01 
 1.71132830e+03  6.82914566e+01  1.71132830e+03 -6.83274625e-01 
 1.84784980e+03  6.82913613e+01  1.84784980e+03 -7.37777770e-01 
 1.99526231e+03  6.82912501e+01  1.99526231e+03 -7.96627559e-01 
 2.15443469e+03  6.82911206e+01  2.15443469e+03 -8.60170413e-01 
 2.32630507e+03  6.82909695e+01  2.32630507e+03 -9.28780274e-01 
 2.51188643e+03  6.82907935e+01  2.51188643e+03 -1.00286081e+00 
 2.71227258e+03  6.82905881e+01  2.71227258e+03 -1.08284775e+00 
 2.92864456e+03  6.82903486e+01  2.92864456e+03 -1.16921140e+00 
 3.16227766e+03  6.82900696e+01  3.16227766e+03 -1.26245938e+00 
 3.41454887e+03  6.82897442e+01  3.41454887e+03 -1.36313948e+00 
 3.68694506e+03  6.82893649e+01  3.68694506e+03 -1.47184288e+00 
 3.98107171e+03  6.82889227e+01  3.98107171e+03 -1.58920740e+00 
 4.29866235e+03  6.82884072e+01  4.29866235e+03 -1.71592127e+00 
 4.64158883e+03  6.82878061e+01  4.64158883e+03 -1.85272681e+00 
 5.01187234e+03  6.82871055e+01  5.01187234e+03 -2.00042474e+00 
 5.41169527e+03  6.82862889e+01  5.41169527e+03 -2.15987851e+00 
 5.84341413e+03  6.82853369e+01  5.84341413e+03 -2.33201897e+00 
 6.30957344e+03  6.82842272e+01  6.30957344e+03 -2.51784949e+00 
 6.81292069e+03  6.82829338e+01  6.81292069e+03 -2.71845130e+00 
 7.35642254e+03  6.82814262e+01  7.35642254e+03 -2.93498888e+00 
 7.94328235e+03  6.82796691e+01  7.94328235e+03 -3.16871624e+00 
 8.57695899e+03  6.82776215e+01  8.57695899e+03 -3.42098289e+00 
 9.26118728e+03  6.82752353e+01  9.26118728e+03 -3.69324035e+00 
 1.00000000e+04  6.82724549e+01  1.00000000e+04 -3.98704897e+00 
 1.07977516e+04  6.82692154e+01  1.07977516e+04 -4.30408470e+00 
 1.16591440e+04  6.82654415e+01  1.16591440e+04 -4.64614615e+00 
 1.25892541e+04  6.82610456e+01  1.25892541e+04 -5.01516142e+00 
 1.35935639e+04  6.82559259e+01  1.35935639e+04 -5.41319516e+00 
 1.46779927e+04  6.82499645e+01  1.46779927e+04 -5.84245489e+00 
 1.58489319e+04  6.82430242e+01  1.58489319e+04 -6.30529690e+00 
 1.71132830e+04  6.82349463e+01  1.71132830e+04 -6.80423143e+00 
 1.84784980e+04  6.82255472e+01  1.84784980e+04 -7.34192686e+00 
 1.99526231e+04  6.82146141e+01  1.99526231e+04 -7.92121102e+00 
 2.15443469e+04  6.82019016e+01  2.15443469e+04 -8.54507191e+00 
 2.32630507e+04  6.81871268e+01  2.32630507e+04 -9.21665423e+00 
 2.51188643e+04  6.81699638e+01  2.51188643e+04 -9.93925254e+00 
 2.71227258e+04  6.81500384e+01  2.71227258e+04 -1.07162994e+01 
 2.92864456e+04  6.81269216e+01  2.92864456e+04 -1.15513474e+01 
 3.16227766e+04  6.81001236e+01  3.16227766e+04 -1.24480448e+01 
 3.41454887e+04  6.80690866e+01  3.41454887e+04 -1.34101007e+01 
 3.68694506e+04  6.80331774e+01  3.68694506e+04 -1.44412407e+01 
 3.98107171e+04  6.79916813e+01  3.98107171e+04 -1.55451510e+01 
 4.29866235e+04  6.79437949e+01  4.29866235e+04 -1.67254068e+01 
 4.64158883e+04  6.78886210e+01  4.64158883e+04 -1.79853875e+01 
 5.01187234e+04  6.78251643e+01  5.01187234e+04 -1.93281752e+01 
 5.41169527e+04  6.77523294e+01  5.41169527e+04 -2.07564349e+01 
 5.84341413e+04  6.76689216e+01  5.84341413e+04 -2.22722823e+01 
 6.30957344e+04  6.75736522e+01  6.30957344e+04 -2.38771366e+01 
 6.81292069e+04  6.74651479e+01  6.81292069e+04 -2.55715643e+01 
 7.35642254e+04  6.73419657e+01  7.35642254e+04 -2.73551207e+01 
 7.94328235e+04  6.72026152e+01  7.94328235e+04 -2.92262004e+01 
 8.57695899e+04  6.70455859e+01  8.57695899e+04 -3.11819014e+01 
 9.26118728e+04  6.68693827e+01  9.26118728e+04 -3.32179257e+01 
 1.00000000e+05  6.66725661e+01  1.00000000e+05 -3.53285208e+01 
 1.07977516e+05  6.64537966e+01  1.07977516e+05 -3.75064833e+01 
 1.16591440e+05  6.62118815e+01  1.16591440e+05 -3.97432312e+01 
 1.25892541e+05  6.59458199e+01  1.25892541e+05 -4.20289502e+01 
 1.35935639e+05  6.56548441e+01  1.35935639e+05 -4.43528207e+01 
 1.46779927e+05  6.53384517e+01  1.46779927e+05 -4.67033060e+01 
 1.58489319e+05  6.49964285e+01  1.58489319e+05 -4.90684991e+01 
 1.71132830e+05  6.46288573e+01  1.71132830e+05 -5.14364956e+01 
 1.84784980e+05  6.42361133e+01  1.84784980e+05 -5.37957767e+01 
 1.99526231e+05  6.38188457e+01  1.99526231e+05 -5.61355637e+01 
 2.15443469e+05  6.33779481e+01  2.15443469e+05 -5.84461371e+01 
 2.32630507e+05  6.29145191e+01  2.32630507e+05 -6.07190859e+01 
 2.51188643e+05  6.24298179e+01  2.51188643e+05 -6.29474886e+01 
 2.71227258e+05  6.19252169e+01  2.71227258e+05 -6.51260144e+01 
 2.92864456e+05  6.14021551e+01  2.92864456e+05 -6.72509564e+01 
 3.16227766e+05  6.08620954e+01  3.16227766e+05 -6.93201985e+01 
 3.41454887e+05  6.03064865e+01  3.41454887e+05 -7.13331364e+01 
 3.68694506e+05  5.97367307e+01  3.68694506e+05 -7.32905584e+01 
 3.98107171e+05  5.91541589e+01  3.98107171e+05 -7.51945077e+01 
 4.29866235e+05  5.85600117e+01  4.29866235e+05 -7.70481319e+01 
 4.64158883e+05  5.79554258e+01  4.64158883e+05 -7.88555353e+01 
 5.01187234e+05  5.73414255e+01  5.01187234e+05 -8.06216339e+01 
 5.41169527e+05  5.67189183e+01  5.41169527e+05 -8.23520262e+01 
 5.84341413e+05  5.60886933e+01  5.84341413e+05 -8.40528758e+01 
 6.30957344e+05  5.54514213e+01  6.30957344e+05 -8.57308121e+01 
 6.81292069e+05  5.48076570e+01  6.81292069e+05 -8.73928433e+01 
 7.35642254e+05  5.41578410e+01  7.35642254e+05 -8.90462867e+01 
 7.94328235e+05  5.35023026e+01  7.94328235e+05 -9.06987086e+01 
 8.57695899e+05  5.28412620e+01  8.57695899e+05 -9.23578764e+01 
 9.26118728e+05  5.21748319e+01  9.26118728e+05 -9.40317159e+01 
 1.00000000e+06  5.15030189e+01  1.00000000e+06 -9.57282742e+01 
 1.07977516e+06  5.08257233e+01  1.07977516e+06 -9.74556846e+01 
 1.16591440e+06  5.01427388e+01  1.16591440e+06 -9.92221300e+01 
 1.25892541e+06  4.94537511e+01  1.25892541e+06 -1.01035802e+02 
 1.35935639e+06  4.87583364e+01  1.35935639e+06 -1.02904856e+02 
 1.46779927e+06  4.80559591e+01  1.46779927e+06 -1.04837352e+02 
 1.58489319e+06  4.73459704e+01  1.58489319e+06 -1.06841188e+02 
 1.71132830e+06  4.66276070e+01  1.71132830e+06 -1.08924023e+02 
 1.84784980e+06  4.58999922e+01  1.84784980e+06 -1.11093174e+02 
 1.99526231e+06  4.51621381e+01  1.99526231e+06 -1.13355514e+02 
 2.15443469e+06  4.44129515e+01  2.15443469e+06 -1.15717340e+02 
 2.32630507e+06  4.36512444e+01  2.32630507e+06 -1.18184245e+02 
 2.51188643e+06  4.28757480e+01  2.51188643e+06 -1.20760971e+02 
 2.71227258e+06  4.20851345e+01  2.71227258e+06 -1.23451276e+02 
 2.92864456e+06  4.12780433e+01  2.92864456e+06 -1.26257798e+02 
 3.16227766e+06  4.04531155e+01  3.16227766e+06 -1.29181958e+02 
 3.41454887e+06  3.96090334e+01  3.41454887e+06 -1.32223885e+02 
 3.68694506e+06  3.87445646e+01  3.68694506e+06 -1.35382403e+02 
 3.98107171e+06  3.78586105e+01  3.98107171e+06 -1.38655072e+02 
 4.29866235e+06  3.69502531e+01  4.29866235e+06 -1.42038303e+02 
 4.64158883e+06  3.60187994e+01  4.64158883e+06 -1.45527550e+02 
 5.01187234e+06  3.50638189e+01  5.01187234e+06 -1.49117567e+02 
 5.41169527e+06  3.40851702e+01  5.41169527e+06 -1.52802730e+02 
 5.84341413e+06  3.30830135e+01  5.84341413e+06 -1.56577392e+02 
 6.30957344e+06  3.20578076e+01  6.30957344e+06 -1.60436268e+02 
 6.81292069e+06  3.10102896e+01  6.81292069e+06 -1.64374804e+02 
 7.35642254e+06  2.99414372e+01  7.35642254e+06 -1.68389531e+02 
 7.94328235e+06  2.88524147e+01  7.94328235e+06 -1.72478375e+02 
 8.57695899e+06  2.77445050e+01  8.57695899e+06 -1.76640925e+02 
 9.26118728e+06  2.66190274e+01  9.26118728e+06 -1.80878674e+02 
 1.00000000e+07  2.54772448e+01  1.00000000e+07 -1.85195249e+02 
 1.07977516e+07  2.43202599e+01  1.07977516e+07 -1.89596685e+02 
 1.16591440e+07  2.31489010e+01  1.16591440e+07 -1.94091790e+02 
 1.25892541e+07  2.19635993e+01  1.25892541e+07 -1.98692710e+02 
 1.35935639e+07  2.07642561e+01  1.35935639e+07 -2.03415789e+02 
 1.46779927e+07  1.95501051e+01  1.46779927e+07 -2.08282914e+02 
 1.58489319e+07  1.83195782e+01  1.58489319e+07 -2.13323562e+02 
 1.71132830e+07  1.70701914e+01  1.71132830e+07 -2.18577895e+02 
 1.84784980e+07  1.57984967e+01  1.84784980e+07 -2.24101413e+02 
 1.99526231e+07  1.45001873e+01  1.99526231e+07 -2.29971906e+02 
 2.15443469e+07  1.31705520e+01  2.15443469e+07 -2.36299772e+02 
 2.32630507e+07  1.18056905e+01  2.32630507e+07 -2.43243049e+02 
 2.51188643e+07  1.04053614e+01  2.51188643e+07 -2.51028150e+02 
 2.71227258e+07  8.97920531e+00  2.71227258e+07 -2.59974111e+02 
 2.92864456e+07  7.55937821e+00  2.92864456e+07 -2.70505749e+02 
 3.16227766e+07  6.22262479e+00  3.16227766e+07 -2.83104892e+02 
 3.41454887e+07  5.11556329e+00  3.41454887e+07 -2.98084051e+02 
 3.68694506e+07  4.44457133e+00  3.68694506e+07 -3.15095374e+02 
 3.98107171e+07  4.37099928e+00  3.98107171e+07 -3.32748414e+02 
 4.29866235e+07  4.87365077e+00  4.29866235e+07 -3.49172011e+02 
 4.64158883e+07  5.76844048e+00  4.64158883e+07 -3.63175320e+02 
 5.01187234e+07  6.85454685e+00  5.01187234e+07 -3.74588700e+02 
 5.41169527e+07  7.99918783e+00  5.41169527e+07 -3.83794557e+02 
 5.84341413e+07  9.13580513e+00  5.84341413e+07 -3.91280864e+02 
 6.30957344e+07  1.02378388e+01  6.30957344e+07 -3.97460412e+02 
 6.81292069e+07  1.12986045e+01  6.81292069e+07 -4.02640400e+02 
 7.35642254e+07  1.23202404e+01  7.35642254e+07 -4.07039415e+02 
 7.94328235e+07  1.33083527e+01  7.94328235e+07 -4.10810780e+02 
 8.57695899e+07  1.42695772e+01  8.57695899e+07 -4.14061355e+02 
 9.26118728e+07  1.52105189e+01  9.26118728e+07 -4.16864713e+02 
 1.00000000e+08  1.61373131e+01  1.00000000e+08 -4.19269848e+02 
 1.07977516e+08  1.70554431e+01  1.07977516e+08 -4.21306742e+02 
 1.16591440e+08  1.79696381e+01  1.16591440e+08 -4.22989818e+02 
 1.25892541e+08  1.88837584e+01  1.25892541e+08 -4.24319996e+02 
 1.35935639e+08  1.98006126e+01  1.35935639e+08 -4.25285936e+02 
 1.46779927e+08  2.07216697e+01  1.46779927e+08 -4.25864925e+02 
 1.58489319e+08  2.16466401e+01  1.58489319e+08 -4.26023982e+02 
 1.71132830e+08  2.25729239e+01  1.71132830e+08 -4.25721792e+02 
 1.84784980e+08  2.34949644e+01  1.84784980e+08 -4.24912290e+02 
 1.99526231e+08  2.44036200e+01  1.99526231e+08 -4.23550751e+02 
 2.15443469e+08  2.52857771e+01  2.15443469e+08 -4.21603019e+02 
 2.32630507e+08  2.61245488e+01  2.32630507e+08 -4.19057688e+02 
 2.51188643e+08  2.69004485e+01  2.51188643e+08 -4.15939336e+02 
 2.71227258e+08  2.75937638e+01  2.71227258e+08 -4.12318707e+02 
 2.92864456e+08  2.81878738e+01  2.92864456e+08 -4.08314302e+02 
 3.16227766e+08  2.86725904e+01  3.16227766e+08 -4.04081376e+02 
 3.41454887e+08  2.90462382e+01  3.41454887e+08 -3.99789565e+02 
 3.68694506e+08  2.93155811e+01  3.68694506e+08 -3.95596504e+02 
 3.98107171e+08  2.94937329e+01  3.98107171e+08 -3.91626980e+02 
 4.29866235e+08  2.95970865e+01  4.29866235e+08 -3.87963492e+02 
 4.64158883e+08  2.96424492e+01  4.64158883e+08 -3.84647922e+02 
 5.01187234e+08  2.96450868e+01  5.01187234e+08 -3.81689956e+02 
 5.41169527e+08  2.96177768e+01  5.41169527e+08 -3.79077418e+02 
 5.84341413e+08  2.95706177e+01  5.84341413e+08 -3.76785413e+02 
 6.30957344e+08  2.95112653e+01  6.30957344e+08 -3.74783079e+02 
 6.81292069e+08  2.94453409e+01  6.81292069e+08 -3.73037985e+02 
 7.35642254e+08  2.93768590e+01  7.35642254e+08 -3.71518707e+02 
 7.94328235e+08  2.93086083e+01  7.94328235e+08 -3.70196157e+02 
 8.57695899e+08  2.92424614e+01  8.57695899e+08 -3.69044166e+02 
 9.26118728e+08  2.91796176e+01  9.26118728e+08 -3.68039606e+02 
 1.00000000e+09  2.91207878e+01  1.00000000e+09 -3.67162288e+02 
