 1.00000000e+00  5.86969464e+01  1.00000000e+00 -1.40299489e-04 
 1.07977516e+00  5.86969464e+01  1.07977516e+00 -1.51491904e-04 
 1.16591440e+00  5.86969464e+01  1.16591440e+00 -1.63577195e-04 
 1.25892541e+00  5.86969464e+01  1.25892541e+00 -1.76626592e-04 
 1.35935639e+00  5.86969464e+01  1.35935639e+00 -1.90717007e-04 
 1.46779927e+00  5.86969464e+01  1.46779927e+00 -2.05931487e-04 
 1.58489319e+00  5.86969464e+01  1.58489319e+00 -2.22359705e-04 
 1.71132830e+00  5.86969464e+01  1.71132830e+00 -2.40098487e-04 
 1.84784980e+00  5.86969464e+01  1.84784980e+00 -2.59252383e-04 
 1.99526231e+00  5.86969464e+01  1.99526231e+00 -2.79934283e-04 
 2.15443469e+00  5.86969464e+01  2.15443469e+00 -3.02266086e-04 
 2.32630507e+00  5.86969464e+01  2.32630507e+00 -3.26379412e-04 
 2.51188643e+00  5.86969464e+01  2.51188643e+00 -3.52416383e-04 
 2.71227258e+00  5.86969464e+01  2.71227258e+00 -3.80530457e-04 
 2.92864456e+00  5.86969464e+01  2.92864456e+00 -4.10887336e-04 
 3.16227766e+00  5.86969464e+01  3.16227766e+00 -4.43665940e-04 
 3.41454887e+00  5.86969464e+01  3.41454887e+00 -4.79059463e-04 
 3.68694506e+00  5.86969464e+01  3.68694506e+00 -5.17276509e-04 
 3.98107171e+00  5.86969464e+01  3.98107171e+00 -5.58542326e-04 
 4.29866235e+00  5.86969464e+01  4.29866235e+00 -6.03100131e-04 
 4.64158883e+00  5.86969464e+01  4.64158883e+00 -6.51212542e-04 
 5.01187234e+00  5.86969464e+01  5.01187234e+00 -7.03163128e-04 
 5.41169527e+00  5.86969464e+01  5.41169527e+00 -7.59258081e-04 
 5.84341413e+00  5.86969464e+01  5.84341413e+00 -8.19828018e-04 
 6.30957344e+00  5.86969464e+01  6.30957344e+00 -8.85229931e-04 
 6.81292069e+00  5.86969464e+01  6.81292069e+00 -9.55849292e-04 
 7.35642254e+00  5.86969464e+01  7.35642254e+00 -1.03210232e-03 
 7.94328235e+00  5.86969464e+01  7.94328235e+00 -1.11443846e-03 
 8.57695899e+00  5.86969464e+01  8.57695899e+00 -1.20334296e-03 
 9.26118728e+00  5.86969464e+01  9.26118728e+00 -1.29933984e-03 
 1.00000000e+01  5.86969464e+01  1.00000000e+01 -1.40299489e-03 
 1.07977516e+01  5.86969464e+01  1.07977516e+01 -1.51491904e-03 
 1.16591440e+01  5.86969464e+01  1.16591440e+01 -1.63577195e-03 
 1.25892541e+01  5.86969464e+01  1.25892541e+01 -1.76626592e-03 
 1.35935639e+01  5.86969464e+01  1.35935639e+01 -1.90717007e-03 
 1.46779927e+01  5.86969464e+01  1.46779927e+01 -2.05931487e-03 
 1.58489319e+01  5.86969464e+01  1.58489319e+01 -2.22359705e-03 
 1.71132830e+01  5.86969464e+01  1.71132830e+01 -2.40098487e-03 
 1.84784980e+01  5.86969464e+01  1.84784980e+01 -2.59252382e-03 
 1.99526231e+01  5.86969464e+01  1.99526231e+01 -2.79934283e-03 
 2.15443469e+01  5.86969464e+01  2.15443469e+01 -3.02266086e-03 
 2.32630507e+01  5.86969464e+01  2.32630507e+01 -3.26379412e-03 
 2.51188643e+01  5.86969463e+01  2.51188643e+01 -3.52416383e-03 
 2.71227258e+01  5.86969463e+01  2.71227258e+01 -3.80530457e-03 
 2.92864456e+01  5.86969463e+01  2.92864456e+01 -4.10887336e-03 
 3.16227766e+01  5.86969463e+01  3.16227766e+01 -4.43665940e-03 
 3.41454887e+01  5.86969463e+01  3.41454887e+01 -4.79059462e-03 
 3.68694506e+01  5.86969463e+01  3.68694506e+01 -5.17276508e-03 
 3.98107171e+01  5.86969463e+01  3.98107171e+01 -5.58542325e-03 
 4.29866235e+01  5.86969463e+01  4.29866235e+01 -6.03100130e-03 
 4.64158883e+01  5.86969463e+01  4.64158883e+01 -6.51212540e-03 
 5.01187234e+01  5.86969463e+01  5.01187234e+01 -7.03163126e-03 
 5.41169527e+01  5.86969463e+01  5.41169527e+01 -7.59258078e-03 
 5.84341413e+01  5.86969463e+01  5.84341413e+01 -8.19828014e-03 
 6.30957344e+01  5.86969463e+01  6.30957344e+01 -8.85229926e-03 
 6.81292069e+01  5.86969463e+01  6.81292069e+01 -9.55849286e-03 
 7.35642254e+01  5.86969463e+01  7.35642254e+01 -1.03210232e-02 
 7.94328235e+01  5.86969462e+01  7.94328235e+01 -1.11443845e-02 
 8.57695899e+01  5.86969462e+01  8.57695899e+01 -1.20334295e-02 
 9.26118728e+01  5.86969462e+01  9.26118728e+01 -1.29933983e-02 
 1.00000000e+02  5.86969462e+01  1.00000000e+02 -1.40299487e-02 
 1.07977516e+02  5.86969461e+01  1.07977516e+02 -1.51491901e-02 
 1.16591440e+02  5.86969461e+01  1.16591440e+02 -1.63577192e-02 
 1.25892541e+02  5.86969460e+01  1.25892541e+02 -1.76626588e-02 
 1.35935639e+02  5.86969460e+01  1.35935639e+02 -1.90717002e-02 
 1.46779927e+02  5.86969459e+01  1.46779927e+02 -2.05931481e-02 
 1.58489319e+02  5.86969458e+01  1.58489319e+02 -2.22359697e-02 
 1.71132830e+02  5.86969458e+01  1.71132830e+02 -2.40098477e-02 
 1.84784980e+02  5.86969457e+01  1.84784980e+02 -2.59252370e-02 
 1.99526231e+02  5.86969455e+01  1.99526231e+02 -2.79934268e-02 
 2.15443469e+02  5.86969454e+01  2.15443469e+02 -3.02266067e-02 
 2.32630507e+02  5.86969452e+01  2.32630507e+02 -3.26379388e-02 
 2.51188643e+02  5.86969451e+01  2.51188643e+02 -3.52416352e-02 
 2.71227258e+02  5.86969448e+01  2.71227258e+02 -3.80530418e-02 
 2.92864456e+02  5.86969446e+01  2.92864456e+02 -4.10887287e-02 
 3.16227766e+02  5.86969443e+01  3.16227766e+02 -4.43665878e-02 
 3.41454887e+02  5.86969440e+01  3.41454887e+02 -4.79059385e-02 
 3.68694506e+02  5.86969436e+01  3.68694506e+02 -5.17276411e-02 
 3.98107171e+02  5.86969431e+01  3.98107171e+02 -5.58542203e-02 
 4.29866235e+02  5.86969426e+01  4.29866235e+02 -6.03099976e-02 
 4.64158883e+02  5.86969419e+01  4.64158883e+02 -6.51212347e-02 
 5.01187234e+02  5.86969412e+01  5.01187234e+02 -7.03162883e-02 
 5.41169527e+02  5.86969403e+01  5.41169527e+02 -7.59257772e-02 
 5.84341413e+02  5.86969393e+01  5.84341413e+02 -8.19827628e-02 
 6.30957344e+02  5.86969381e+01  6.30957344e+02 -8.85229441e-02 
 6.81292069e+02  5.86969368e+01  6.81292069e+02 -9.55848675e-02 
 7.35642254e+02  5.86969352e+01  7.35642254e+02 -1.03210155e-01 
 7.94328235e+02  5.86969333e+01  7.94328235e+02 -1.11443748e-01 
 8.57695899e+02  5.86969312e+01  8.57695899e+02 -1.20334173e-01 
 9.26118728e+02  5.86969287e+01  9.26118728e+02 -1.29933829e-01 
 1.00000000e+03  5.86969257e+01  1.00000000e+03 -1.40299294e-01 
 1.07977516e+03  5.86969223e+01  1.07977516e+03 -1.51491658e-01 
 1.16591440e+03  5.86969183e+01  1.16591440e+03 -1.63576885e-01 
 1.25892541e+03  5.86969136e+01  1.25892541e+03 -1.76626203e-01 
 1.35935639e+03  5.86969082e+01  1.35935639e+03 -1.90716517e-01 
 1.46779927e+03  5.86969019e+01  1.46779927e+03 -2.05930870e-01 
 1.58489319e+03  5.86968945e+01  1.58489319e+03 -2.22358928e-01 
 1.71132830e+03  5.86968859e+01  1.71132830e+03 -2.40097509e-01 
 1.84784980e+03  5.86968759e+01  1.84784980e+03 -2.59251151e-01 
 1.99526231e+03  5.86968642e+01  1.99526231e+03 -2.79932733e-01 
 2.15443469e+03  5.86968506e+01  2.15443469e+03 -3.02264135e-01 
 2.32630507e+03  5.86968347e+01  2.32630507e+03 -3.26376955e-01 
 2.51188643e+03  5.86968162e+01  2.51188643e+03 -3.52413290e-01 
 2.71227258e+03  5.86967946e+01  2.71227258e+03 -3.80526563e-01 
 2.92864456e+03  5.86967693e+01  2.92864456e+03 -4.10882433e-01 
 3.16227766e+03  5.86967400e+01  3.16227766e+03 -4.43659768e-01 
 3.41454887e+03  5.86967058e+01  3.41454887e+03 -4.79051693e-01 
 3.68694506e+03  5.86966658e+01  3.68694506e+03 -5.17266726e-01 
 3.98107171e+03  5.86966193e+01  3.98107171e+03 -5.58530010e-01 
 4.29866235e+03  5.86965650e+01  4.29866235e+03 -6.03084629e-01 
 4.64158883e+03  5.86965018e+01  4.64158883e+03 -6.51193025e-01 
 5.01187234e+03  5.86964280e+01  5.01187234e+03 -7.03138557e-01 
 5.41169527e+03  5.86963420e+01  5.41169527e+03 -7.59227148e-01 
 5.84341413e+03  5.86962418e+01  5.84341413e+03 -8.19789078e-01 
 6.30957344e+03  5.86961249e+01  6.30957344e+03 -8.85180909e-01 
 6.81292069e+03  5.86959886e+01  6.81292069e+03 -9.55787579e-01 
 7.35642254e+03  5.86958297e+01  7.35642254e+03 -1.03202463e+00 
 7.94328235e+03  5.86956444e+01  7.94328235e+03 -1.11434065e+00 
 8.57695899e+03  5.86954285e+01  8.57695899e+03 -1.20321984e+00 
 9.26118728e+03  5.86951767e+01  9.26118728e+03 -1.29918484e+00 
 1.00000000e+04  5.86948831e+01  1.00000000e+04 -1.40279976e+00 
 1.07977516e+04  5.86945409e+01  1.07977516e+04 -1.51467339e+00 
 1.16591440e+04  5.86941419e+01  1.16591440e+04 -1.63546272e+00 
 1.25892541e+04  5.86936768e+01  1.25892541e+04 -1.76587665e+00 
 1.35935639e+04  5.86931345e+01  1.35935639e+04 -1.90668004e+00 
 1.46779927e+04  5.86925025e+01  1.46779927e+04 -2.05869803e+00 
 1.58489319e+04  5.86917656e+01  1.58489319e+04 -2.22282056e+00 
 1.71132830e+04  5.86909066e+01  1.71132830e+04 -2.40000744e+00 
 1.84784980e+04  5.86899053e+01  1.84784980e+04 -2.59129348e+00 
 1.99526231e+04  5.86887381e+01  1.99526231e+04 -2.79779416e+00 
 2.15443469e+04  5.86873777e+01  2.15443469e+04 -3.02071156e+00 
 2.32630507e+04  5.86857921e+01  2.32630507e+04 -3.26134062e+00 
 2.51188643e+04  5.86839442e+01  2.51188643e+04 -3.52107585e+00 
 2.71227258e+04  5.86817907e+01  2.71227258e+04 -3.80141817e+00 
 2.92864456e+04  5.86792812e+01  2.92864456e+04 -4.10398237e+00 
 3.16227766e+04  5.86763570e+01  3.16227766e+04 -4.43050446e+00 
 3.41454887e+04  5.86729502e+01  3.41454887e+04 -4.78284962e+00 
 3.68694506e+04  5.86689815e+01  3.68694506e+04 -5.16302000e+00 
 3.98107171e+04  5.86643587e+01  3.98107171e+04 -5.57316268e+00 
 4.29866235e+04  5.86589751e+01  4.29866235e+04 -6.01557753e+00 
 4.64158883e+04  5.86527065e+01  4.64158883e+04 -6.49272468e+00 
 5.01187234e+04  5.86454090e+01  5.01187234e+04 -7.00723162e+00 
 5.41169527e+04  5.86369159e+01  5.41169527e+04 -7.56189913e+00 
 5.84341413e+04  5.86270343e+01  5.84341413e+04 -8.15970653e+00 
 6.30957344e+04  5.86155409e+01  6.30957344e+04 -8.80381439e+00 
 6.81292069e+04  5.86021781e+01  6.81292069e+04 -9.49756575e+00 
 7.35642254e+04  5.85866490e+01  7.35642254e+04 -1.02444838e+01 
 7.94328235e+04  5.85686118e+01  7.94328235e+04 -1.10482654e+01 
 8.57695899e+04  5.85476744e+01  8.57695899e+04 -1.19127704e+01 
 9.26118728e+04  5.85233874e+01  9.26118728e+04 -1.28420038e+01 
 1.00000000e+05  5.84952379e+01  1.00000000e+05 -1.38400914e+01 
 1.07977516e+05  5.84626423e+01  1.07977516e+05 -1.49112450e+01 
 1.16591440e+05  5.84249388e+01  1.16591440e+05 -1.60597182e+01 
 1.25892541e+05  5.83813810e+01  1.25892541e+05 -1.72897488e+01 
 1.35935639e+05  5.83311307e+01  1.35935639e+05 -1.86054880e+01 
 1.46779927e+05  5.82732533e+01  1.46779927e+05 -2.00109133e+01 
 1.58489319e+05  5.82067131e+01  1.58489319e+05 -2.15097267e+01 
 1.71132830e+05  5.81303722e+01  1.71132830e+05 -2.31052353e+01 
 1.84784980e+05  5.80429922e+01  1.84784980e+05 -2.48002184e+01 
 1.99526231e+05  5.79432391e+01  1.99526231e+05 -2.65967818e+01 
 2.15443469e+05  5.78296949e+01  2.15443469e+05 -2.84962058e+01 
 2.32630507e+05  5.77008730e+01  2.32630507e+05 -3.04987918e+01 
 2.51188643e+05  5.75552417e+01  2.51188643e+05 -3.26037214e+01 
 2.71227258e+05  5.73912528e+01  2.71227258e+05 -3.48089347e+01 
 2.92864456e+05  5.72073775e+01  2.92864456e+05 -3.71110447e+01 
 3.16227766e+05  5.70021472e+01  3.16227766e+05 -3.95053027e+01 
 3.41454887e+05  5.67741975e+01  3.41454887e+05 -4.19856222e+01 
 3.68694506e+05  5.65223134e+01  3.68694506e+05 -4.45446802e+01 
 3.98107171e+05  5.62454723e+01  3.98107171e+05 -4.71740890e+01 
 4.29866235e+05  5.59428813e+01  4.29866235e+05 -4.98646471e+01 
 4.64158883e+05  5.56140052e+01  4.64158883e+05 -5.26066511e+01 
 5.01187234e+05  5.52585832e+01  5.01187234e+05 -5.53902548e+01 
 5.41169527e+05  5.48766318e+01  5.41169527e+05 -5.82058516e+01 
 5.84341413e+05  5.44684330e+01  5.84341413e+05 -6.10444536e+01 
 6.30957344e+05  5.40345094e+01  6.30957344e+05 -6.38980400e+01 
 6.81292069e+05  5.35755884e+01  6.81292069e+05 -6.67598549e+01 
 7.35642254e+05  5.30925561e+01  7.35642254e+05 -6.96246332e+01 
 7.94328235e+05  5.25864080e+01  7.94328235e+05 -7.24887503e+01 
 8.57695899e+05  5.20581960e+01  8.57695899e+05 -7.53502899e+01 
 9.26118728e+05  5.15089779e+01  9.26118728e+05 -7.82090360e+01 
 1.00000000e+06  5.09397696e+01  1.00000000e+06 -8.10663972e+01 
 1.07977516e+06  5.03515036e+01  1.07977516e+06 -8.39252772e+01 
 1.16591440e+06  4.97449929e+01  1.16591440e+06 -8.67899012e+01 
 1.25892541e+06  4.91209026e+01  1.25892541e+06 -8.96656114e+01 
 1.35935639e+06  4.84797279e+01  1.35935639e+06 -9.25586422e+01 
 1.46779927e+06  4.78217797e+01  1.46779927e+06 -9.54758811e+01 
 1.58489319e+06  4.71471753e+01  1.58489319e+06 -9.84246233e+01 
 1.71132830e+06  4.64558371e+01  1.71132830e+06 -1.01412322e+02 
 1.84784980e+06  4.57474962e+01  1.84784980e+06 -1.04446342e+02 
 1.99526231e+06  4.50217031e+01  1.99526231e+06 -1.07533715e+02 
 2.15443469e+06  4.42778448e+01  2.15443469e+06 -1.10680903e+02 
 2.32630507e+06  4.35151687e+01  2.32630507e+06 -1.13893582e+02 
 2.51188643e+06  4.27328134e+01  2.51188643e+06 -1.17176446e+02 
 2.71227258e+06  4.19298465e+01  2.71227258e+06 -1.20533036e+02 
 2.92864456e+06  4.11053088e+01  2.92864456e+06 -1.23965632e+02 
 3.16227766e+06  4.02582636e+01  3.16227766e+06 -1.27475179e+02 
 3.41454887e+06  3.93878492e+01  3.41454887e+06 -1.31061303e+02 
 3.68694506e+06  3.84933326e+01  3.68694506e+06 -1.34722389e+02 
 3.98107171e+06  3.75741598e+01  3.98107171e+06 -1.38455743e+02 
 4.29866235e+06  3.66300008e+01  4.29866235e+06 -1.42257834e+02 
 4.64158883e+06  3.56607849e+01  4.64158883e+06 -1.46124600e+02 
 5.01187234e+06  3.46667224e+01  5.01187234e+06 -1.50051801e+02 
 5.41169527e+06  3.36483126e+01  5.41169527e+06 -1.54035405e+02 
 5.84341413e+06  3.26063345e+01  5.84341413e+06 -1.58071968e+02 
 6.30957344e+06  3.15418224e+01  6.30957344e+06 -1.62158996e+02 
 6.81292069e+06  3.04560259e+01  6.81292069e+06 -1.66295260e+02 
 7.35642254e+06  2.93503572e+01  7.35642254e+06 -1.70481062e+02 
 7.94328235e+06  2.82263275e+01  7.94328235e+06 -1.74718448e+02 
 8.57695899e+06  2.70854742e+01  8.57695899e+06 -1.79011377e+02 
 9.26118728e+06  2.59292812e+01  9.26118728e+06 -1.83365878e+02 
 1.00000000e+07  2.47590926e+01  1.00000000e+07 -1.87790231e+02 
 1.07977516e+07  2.35760199e+01  1.07977516e+07 -1.92295222e+02 
 1.16591440e+07  2.23808440e+01  1.16591440e+07 -1.96894563e+02 
 1.25892541e+07  2.11739114e+01  1.25892541e+07 -2.01605548e+02 
 1.35935639e+07  1.99550281e+01  1.35935639e+07 -2.06450106e+02 
 1.46779927e+07  1.87233589e+01  1.46779927e+07 -2.11456409e+02 
 1.58489319e+07  1.74773473e+01  1.58489319e+07 -2.16661308e+02 
 1.71132830e+07  1.62146905e+01  1.71132830e+07 -2.22113944e+02 
 1.84784980e+07  1.49324398e+01  1.84784980e+07 -2.27881061e+02 
 1.99526231e+07  1.36273663e+01  1.99526231e+07 -2.34054727e+02 
 2.15443469e+07  1.22968749e+01  2.15443469e+07 -2.40763273e+02 
 2.32630507e+07  1.09410329e+01  2.32630507e+07 -2.48186021e+02 
 2.51188643e+07  9.56678726e+00  2.51188643e+07 -2.56570465e+02 
 2.71227258e+07  8.19619814e+00  2.71227258e+07 -2.66243792e+02 
 2.92864456e+07  6.88077070e+00  2.92864456e+07 -2.77591733e+02 
 3.16227766e+07  5.72027105e+00  3.16227766e+07 -2.90940770e+02 
 3.41454887e+07  4.86893620e+00  3.41454887e+07 -3.06264220e+02 
 3.68694506e+07  4.48954831e+00  3.68694506e+07 -3.22807779e+02 
 3.98107171e+07  4.64889652e+00  3.98107171e+07 -3.39131437e+02 
 4.29866235e+07  5.26079821e+00  4.29866235e+07 -3.53853280e+02 
 4.64158883e+07  6.15691904e+00  4.64158883e+07 -3.66327005e+02 
 5.01187234e+07  7.18759173e+00  5.01187234e+07 -3.76597876e+02 
 5.41169527e+07  8.25910461e+00  5.41169527e+07 -3.85018491e+02 
 5.84341413e+07  9.32412585e+00  5.84341413e+07 -3.91978229e+02 
 6.30957344e+07  1.03630589e+01  6.30957344e+07 -3.97802026e+02 
 6.81292069e+07  1.13705931e+01  6.81292069e+07 -4.02735312e+02 
 7.35642254e+07  1.23481291e+01  7.35642254e+07 -4.06956435e+02 
 7.94328235e+07  1.32999218e+01  7.94328235e+07 -4.10592976e+02 
 8.57695899e+07  1.42312139e+01  8.57695899e+07 -4.13735205e+02 
 9.26118728e+07  1.51473589e+01  9.26118728e+07 -4.16445761e+02 
 1.00000000e+08  1.60534119e+01  1.00000000e+08 -4.18766208e+02 
 1.07977516e+08  1.69539237e+01  1.07977516e+08 -4.20721305e+02 
 1.16591440e+08  1.78527979e+01  1.16591440e+08 -4.22321683e+02 
 1.25892541e+08  1.87531326e+01  1.25892541e+08 -4.23565484e+02 
 1.35935639e+08  1.96569985e+01  1.35935639e+08 -4.24439394e+02 
 1.46779927e+08  2.05651184e+01  1.46779927e+08 -4.24919529e+02 
 1.58489319e+08  2.14764270e+01  1.58489319e+08 -4.24972674e+02 
 1.71132830e+08  2.23875172e+01  1.71132830e+08 -4.24558498e+02 
 1.84784980e+08  2.32920208e+01  1.84784980e+08 -4.23633520e+02 
 1.99526231e+08  2.41800524e+01  1.99526231e+08 -4.22157599e+02 
 2.15443469e+08  2.50379518e+01  2.15443469e+08 -4.20103413e+02 
 2.32630507e+08  2.58486645e+01  2.32630507e+08 -4.17468440e+02 
 2.51188643e+08  2.65931125e+01  2.51188643e+08 -4.14287206e+02 
 2.71227258e+08  2.72526878e+01  2.71227258e+08 -4.10639540e+02 
 2.92864456e+08  2.78124977e+01  2.92864456e+08 -4.06649660e+02 
 3.16227766e+08  2.82643875e+01  3.16227766e+08 -4.02473129e+02 
 3.41454887e+08  2.86085440e+01  3.41454887e+08 -3.98274070e+02 
 3.68694506e+08  2.88530060e+01  3.68694506e+08 -3.94200373e+02 
 3.98107171e+08  2.90113994e+01  3.98107171e+08 -3.90365581e+02 
 4.29866235e+08  2.90999582e+01  4.29866235e+08 -3.86841974e+02 
 4.64158883e+08  2.91348993e+01  4.64158883e+08 -3.83663667e+02 
 5.01187234e+08  2.91307143e+01  5.01187234e+08 -3.80835313e+02 
 5.41169527e+08  2.90994002e+01  5.41169527e+08 -3.78342023e+02 
 5.84341413e+08  2.90503639e+01  5.84341413e+08 -3.76157857e+02 
 6.30957344e+08  2.89906921e+01  6.30957344e+08 -3.74251974e+02 
 6.81292069e+08  2.89255590e+01  6.81292069e+08 -3.72592566e+02 
 7.35642254e+08  2.88586387e+01  7.35642254e+08 -3.71149128e+02 
 7.94328235e+08  2.87924653e+01  7.94328235e+08 -3.69893602e+02 
 8.57695899e+08  2.87287237e+01  8.57695899e+08 -3.68800841e+02 
 9.26118728e+08  2.86684758e+01  9.26118728e+08 -3.67848682e+02 
 1.00000000e+09  2.86123325e+01  1.00000000e+09 -3.67017816e+02 
