 1.00000000e+00  5.90583367e+01  1.00000000e+00 -1.82845882e-04 
 1.07977516e+00  5.90583367e+01  1.07977516e+00 -1.97432442e-04 
 1.16591440e+00  5.90583367e+01  1.16591440e+00 -2.13182647e-04 
 1.25892541e+00  5.90583367e+01  1.25892541e+00 -2.30189327e-04 
 1.35935639e+00  5.90583367e+01  1.35935639e+00 -2.48552718e-04 
 1.46779927e+00  5.90583367e+01  1.46779927e+00 -2.68381052e-04 
 1.58489319e+00  5.90583367e+01  1.58489319e+00 -2.89791194e-04 
 1.71132830e+00  5.90583367e+01  1.71132830e+00 -3.12909333e-04 
 1.84784980e+00  5.90583367e+01  1.84784980e+00 -3.37871726e-04 
 1.99526231e+00  5.90583367e+01  1.99526231e+00 -3.64825498e-04 
 2.15443469e+00  5.90583367e+01  2.15443469e+00 -3.93929511e-04 
 2.32630507e+00  5.90583367e+01  2.32630507e+00 -4.25355302e-04 
 2.51188643e+00  5.90583367e+01  2.51188643e+00 -4.59288090e-04 
 2.71227258e+00  5.90583367e+01  2.71227258e+00 -4.95927872e-04 
 2.92864456e+00  5.90583367e+01  2.92864456e+00 -5.35490599e-04 
 3.16227766e+00  5.90583367e+01  3.16227766e+00 -5.78209448e-04 
 3.41454887e+00  5.90583367e+01  3.41454887e+00 -6.24336201e-04 
 3.68694506e+00  5.90583367e+01  3.68694506e+00 -6.74142723e-04 
 3.98107171e+00  5.90583367e+01  3.98107171e+00 -7.27922568e-04 
 4.29866235e+00  5.90583367e+01  4.29866235e+00 -7.85992709e-04 
 4.64158883e+00  5.90583367e+01  4.64158883e+00 -8.48695405e-04 
 5.01187234e+00  5.90583367e+01  5.01187234e+00 -9.16400219e-04 
 5.41169527e+00  5.90583367e+01  5.41169527e+00 -9.89506195e-04 
 5.84341413e+00  5.90583367e+01  5.84341413e+00 -1.06844421e-03 
 6.30957344e+00  5.90583367e+01  6.30957344e+00 -1.15367952e-03 
 6.81292069e+00  5.90583367e+01  6.81292069e+00 -1.24571449e-03 
 7.35642254e+00  5.90583367e+01  7.35642254e+00 -1.34509157e-03 
 7.94328235e+00  5.90583367e+01  7.94328235e+00 -1.45239647e-03 
 8.57695899e+00  5.90583367e+01  8.57695899e+00 -1.56826163e-03 
 9.26118728e+00  5.90583367e+01  9.26118728e+00 -1.69336996e-03 
 1.00000000e+01  5.90583367e+01  1.00000000e+01 -1.82845882e-03 
 1.07977516e+01  5.90583367e+01  1.07977516e+01 -1.97432442e-03 
 1.16591440e+01  5.90583367e+01  1.16591440e+01 -2.13182647e-03 
 1.25892541e+01  5.90583367e+01  1.25892541e+01 -2.30189327e-03 
 1.35935639e+01  5.90583367e+01  1.35935639e+01 -2.48552718e-03 
 1.46779927e+01  5.90583367e+01  1.46779927e+01 -2.68381052e-03 
 1.58489319e+01  5.90583367e+01  1.58489319e+01 -2.89791194e-03 
 1.71132830e+01  5.90583367e+01  1.71132830e+01 -3.12909333e-03 
 1.84784980e+01  5.90583367e+01  1.84784980e+01 -3.37871726e-03 
 1.99526231e+01  5.90583367e+01  1.99526231e+01 -3.64825498e-03 
 2.15443469e+01  5.90583367e+01  2.15443469e+01 -3.93929511e-03 
 2.32630507e+01  5.90583367e+01  2.32630507e+01 -4.25355302e-03 
 2.51188643e+01  5.90583367e+01  2.51188643e+01 -4.59288090e-03 
 2.71227258e+01  5.90583367e+01  2.71227258e+01 -4.95927871e-03 
 2.92864456e+01  5.90583367e+01  2.92864456e+01 -5.35490598e-03 
 3.16227766e+01  5.90583367e+01  3.16227766e+01 -5.78209447e-03 
 3.41454887e+01  5.90583367e+01  3.41454887e+01 -6.24336199e-03 
 3.68694506e+01  5.90583366e+01  3.68694506e+01 -6.74142720e-03 
 3.98107171e+01  5.90583366e+01  3.98107171e+01 -7.27922565e-03 
 4.29866235e+01  5.90583366e+01  4.29866235e+01 -7.85992705e-03 
 4.64158883e+01  5.90583366e+01  4.64158883e+01 -8.48695400e-03 
 5.01187234e+01  5.90583366e+01  5.01187234e+01 -9.16400213e-03 
 5.41169527e+01  5.90583366e+01  5.41169527e+01 -9.89506187e-03 
 5.84341413e+01  5.90583366e+01  5.84341413e+01 -1.06844420e-02 
 6.30957344e+01  5.90583365e+01  6.30957344e+01 -1.15367951e-02 
 6.81292069e+01  5.90583365e+01  6.81292069e+01 -1.24571448e-02 
 7.35642254e+01  5.90583365e+01  7.35642254e+01 -1.34509155e-02 
 7.94328235e+01  5.90583365e+01  7.94328235e+01 -1.45239644e-02 
 8.57695899e+01  5.90583364e+01  8.57695899e+01 -1.56826160e-02 
 9.26118728e+01  5.90583364e+01  9.26118728e+01 -1.69336992e-02 
 1.00000000e+02  5.90583363e+01  1.00000000e+02 -1.82845877e-02 
 1.07977516e+02  5.90583363e+01  1.07977516e+02 -1.97432436e-02 
 1.16591440e+02  5.90583362e+01  1.16591440e+02 -2.13182640e-02 
 1.25892541e+02  5.90583361e+01  1.25892541e+02 -2.30189318e-02 
 1.35935639e+02  5.90583360e+01  1.35935639e+02 -2.48552707e-02 
 1.46779927e+02  5.90583359e+01  1.46779927e+02 -2.68381037e-02 
 1.58489319e+02  5.90583358e+01  1.58489319e+02 -2.89791175e-02 
 1.71132830e+02  5.90583356e+01  1.71132830e+02 -3.12909310e-02 
 1.84784980e+02  5.90583354e+01  1.84784980e+02 -3.37871696e-02 
 1.99526231e+02  5.90583352e+01  1.99526231e+02 -3.64825460e-02 
 2.15443469e+02  5.90583350e+01  2.15443469e+02 -3.93929464e-02 
 2.32630507e+02  5.90583347e+01  2.32630507e+02 -4.25355242e-02 
 2.51188643e+02  5.90583343e+01  2.51188643e+02 -4.59288015e-02 
 2.71227258e+02  5.90583340e+01  2.71227258e+02 -4.95927777e-02 
 2.92864456e+02  5.90583335e+01  2.92864456e+02 -5.35490479e-02 
 3.16227766e+02  5.90583330e+01  3.16227766e+02 -5.78209298e-02 
 3.41454887e+02  5.90583324e+01  3.41454887e+02 -6.24336012e-02 
 3.68694506e+02  5.90583316e+01  3.68694506e+02 -6.74142484e-02 
 3.98107171e+02  5.90583308e+01  3.98107171e+02 -7.27922268e-02 
 4.29866235e+02  5.90583298e+01  4.29866235e+02 -7.85992331e-02 
 4.64158883e+02  5.90583287e+01  4.64158883e+02 -8.48694929e-02 
 5.01187234e+02  5.90583273e+01  5.01187234e+02 -9.16399619e-02 
 5.41169527e+02  5.90583258e+01  5.41169527e+02 -9.89505440e-02 
 5.84341413e+02  5.90583240e+01  5.84341413e+02 -1.06844326e-01 
 6.30957344e+02  5.90583219e+01  6.30957344e+02 -1.15367833e-01 
 6.81292069e+02  5.90583194e+01  6.81292069e+02 -1.24571299e-01 
 7.35642254e+02  5.90583166e+01  7.35642254e+02 -1.34508967e-01 
 7.94328235e+02  5.90583132e+01  7.94328235e+02 -1.45239408e-01 
 8.57695899e+02  5.90583093e+01  8.57695899e+02 -1.56825863e-01 
 9.26118728e+02  5.90583048e+01  9.26118728e+02 -1.69336618e-01 
 1.00000000e+03  5.90582995e+01  1.00000000e+03 -1.82845406e-01 
 1.07977516e+03  5.90582933e+01  1.07977516e+03 -1.97431842e-01 
 1.16591440e+03  5.90582861e+01  1.16591440e+03 -2.13181892e-01 
 1.25892541e+03  5.90582777e+01  1.25892541e+03 -2.30188377e-01 
 1.35935639e+03  5.90582679e+01  1.35935639e+03 -2.48551522e-01 
 1.46779927e+03  5.90582565e+01  1.46779927e+03 -2.68379546e-01 
 1.58489319e+03  5.90582432e+01  1.58489319e+03 -2.89789299e-01 
 1.71132830e+03  5.90582277e+01  1.71132830e+03 -3.12906947e-01 
 1.84784980e+03  5.90582096e+01  1.84784980e+03 -3.37868722e-01 
 1.99526231e+03  5.90581885e+01  1.99526231e+03 -3.64821716e-01 
 2.15443469e+03  5.90581639e+01  2.15443469e+03 -3.93924750e-01 
 2.32630507e+03  5.90581352e+01  2.32630507e+03 -4.25349308e-01 
 2.51188643e+03  5.90581018e+01  2.51188643e+03 -4.59280544e-01 
 2.71227258e+03  5.90580629e+01  2.71227258e+03 -4.95918373e-01 
 2.92864456e+03  5.90580174e+01  2.92864456e+03 -5.35478639e-01 
 3.16227766e+03  5.90579644e+01  3.16227766e+03 -5.78194390e-01 
 3.41454887e+03  5.90579027e+01  3.41454887e+03 -6.24317244e-01 
 3.68694506e+03  5.90578307e+01  3.68694506e+03 -6.74118859e-01 
 3.98107171e+03  5.90577467e+01  3.98107171e+03 -7.27892526e-01 
 4.29866235e+03  5.90576488e+01  4.29866235e+03 -7.85954888e-01 
 4.64158883e+03  5.90575347e+01  4.64158883e+03 -8.48647792e-01 
 5.01187234e+03  5.90574017e+01  5.01187234e+03 -9.16340280e-01 
 5.41169527e+03  5.90572466e+01  5.41169527e+03 -9.89430738e-01 
 5.84341413e+03  5.90570657e+01  5.84341413e+03 -1.06834922e+00 
 6.30957344e+03  5.90568549e+01  6.30957344e+03 -1.15355994e+00 
 6.81292069e+03  5.90566090e+01  6.81292069e+03 -1.24556394e+00 
 7.35642254e+03  5.90563225e+01  7.35642254e+03 -1.34490205e+00 
 7.94328235e+03  5.90559884e+01  7.94328235e+03 -1.45215789e+00 
 8.57695899e+03  5.90555989e+01  8.57695899e+03 -1.56796129e+00 
 9.26118728e+03  5.90551448e+01  9.26118728e+03 -1.69299187e+00 
 1.00000000e+04  5.90546155e+01  1.00000000e+04 -1.82798289e+00 
 1.07977516e+04  5.90539984e+01  1.07977516e+04 -1.97372531e+00 
 1.16591440e+04  5.90532790e+01  1.16591440e+04 -2.13107230e+00 
 1.25892541e+04  5.90524405e+01  1.25892541e+04 -2.30094394e+00 
 1.35935639e+04  5.90514630e+01  1.35935639e+04 -2.48433222e+00 
 1.46779927e+04  5.90503236e+01  1.46779927e+04 -2.68230637e+00 
 1.58489319e+04  5.90489955e+01  1.58489319e+04 -2.89601867e+00 
 1.71132830e+04  5.90474475e+01  1.71132830e+04 -3.12671036e+00 
 1.84784980e+04  5.90456435e+01  1.84784980e+04 -3.37571801e+00 
 1.99526231e+04  5.90435410e+01  1.99526231e+04 -3.64448023e+00 
 2.15443469e+04  5.90410911e+01  2.15443469e+04 -3.93454460e+00 
 2.32630507e+04  5.90382363e+01  2.32630507e+04 -4.24757482e+00 
 2.51188643e+04  5.90349103e+01  2.51188643e+04 -4.58535824e+00 
 2.71227258e+04  5.90310356e+01  2.71227258e+04 -4.94981332e+00 
 2.92864456e+04  5.90265223e+01  2.92864456e+04 -5.34299712e+00 
 3.16227766e+04  5.90212661e+01  3.16227766e+04 -5.76711296e+00 
 3.41454887e+04  5.90151458e+01  3.41454887e+04 -6.22451729e+00 
 3.68694506e+04  5.90080208e+01  3.68694506e+04 -6.71772636e+00 
 3.98107171e+04  5.89997282e+01  3.98107171e+04 -7.24942217e+00 
 4.29866235e+04  5.89900796e+01  4.29866235e+04 -7.82245650e+00 
 4.64158883e+04  5.89788568e+01  4.64158883e+04 -8.43985433e+00 
 5.01187234e+04  5.89658082e+01  5.01187234e+04 -9.10481374e+00 
 5.41169527e+04  5.89506436e+01  5.41169527e+04 -9.82070391e+00 
 5.84341413e+04  5.89330289e+01  5.84341413e+04 -1.05910583e+01 
 6.30957344e+04  5.89125806e+01  6.30957344e+04 -1.14195637e+01 
 6.81292069e+04  5.88888594e+01  6.81292069e+04 -1.23100426e+01 
 7.35642254e+04  5.88613637e+01  7.35642254e+04 -1.32664284e+01 
 7.94328235e+04  5.88295222e+01  7.94328235e+04 -1.42927316e+01 
 8.57695899e+04  5.87926873e+01  8.57695899e+04 -1.53929953e+01 
 9.26118728e+04  5.87501280e+01  9.26118728e+04 -1.65712386e+01 
 1.00000000e+05  5.87010234e+01  1.00000000e+05 -1.78313857e+01 
 1.07977516e+05  5.86444572e+01  1.07977516e+05 -1.91771802e+01 
 1.16591440e+05  5.85794138e+01  1.16591440e+05 -2.06120837e+01 
 1.25892541e+05  5.85047765e+01  1.25892541e+05 -2.21391561e+01 
 1.35935639e+05  5.84193290e+01  1.35935639e+05 -2.37609246e+01 
 1.46779927e+05  5.83217604e+01  1.46779927e+05 -2.54792360e+01 
 1.58489319e+05  5.82106757e+01  1.58489319e+05 -2.72951039e+01 
 1.71132830e+05  5.80846116e+01  1.71132830e+05 -2.92085547e+01 
 1.84784980e+05  5.79420586e+01  1.84784980e+05 -3.12184805e+01 
 1.99526231e+05  5.77814901e+01  1.99526231e+05 -3.33225139e+01 
 2.15443469e+05  5.76013976e+01  2.15443469e+05 -3.55169359e+01 
 2.32630507e+05  5.74003313e+01  2.32630507e+05 -3.77966310e+01 
 2.51188643e+05  5.71769449e+01  2.51188643e+05 -4.01551032e+01 
 2.71227258e+05  5.69300412e+01  2.71227258e+05 -4.25845644e+01 
 2.92864456e+05  5.66586167e+01  2.92864456e+05 -4.50760981e+01 
 3.16227766e+05  5.63619002e+01  3.16227766e+05 -4.76198985e+01 
 3.41454887e+05  5.60393839e+01  3.41454887e+05 -5.02055759e+01 
 3.68694506e+05  5.56908425e+01  3.68694506e+05 -5.28225125e+01 
 3.98107171e+05  5.53163390e+01  3.98107171e+05 -5.54602433e+01 
 4.29866235e+05  5.49162167e+01  4.29866235e+05 -5.81088404e+01 
 4.64158883e+05  5.44910773e+01  4.64158883e+05 -6.07592704e+01 
 5.01187234e+05  5.40417482e+01  5.01187234e+05 -6.34037051e+01 
 5.41169527e+05  5.35692396e+01  5.41169527e+05 -6.60357658e+01 
 5.84341413e+05  5.30746975e+01  5.84341413e+05 -6.86506938e+01 
 6.30957344e+05  5.25593532e+01  6.30957344e+05 -7.12454425e+01 
 6.81292069e+05  5.20244746e+01  6.81292069e+05 -7.38186970e+01 
 7.35642254e+05  5.14713206e+01  7.35642254e+05 -7.63708315e+01 
 7.94328235e+05  5.09010999e+01  7.94328235e+05 -7.89038129e+01 
 8.57695899e+05  5.03149366e+01  8.57695899e+05 -8.14210707e+01 
 9.26118728e+05  4.97138412e+01  9.26118728e+05 -8.39273365e+01 
 1.00000000e+06  4.90986885e+01  1.00000000e+06 -8.64284734e+01 
 1.07977516e+06  4.84702000e+01  1.07977516e+06 -8.89312958e+01 
 1.16591440e+06  4.78289318e+01  1.16591440e+06 -9.14433889e+01 
 1.25892541e+06  4.71752664e+01  1.25892541e+06 -9.39729310e+01 
 1.35935639e+06  4.65094075e+01  1.35935639e+06 -9.65285178e+01 
 1.46779927e+06  4.58313781e+01  1.46779927e+06 -9.91189901e+01 
 1.58489319e+06  4.51410214e+01  1.58489319e+06 -1.01753262e+02 
 1.71132830e+06  4.44380043e+01  1.71132830e+06 -1.04440149e+02 
 1.84784980e+06  4.37218240e+01  1.84784980e+06 -1.07188197e+02 
 1.99526231e+06  4.29918177e+01  1.99526231e+06 -1.10005501e+02 
 2.15443469e+06  4.22471774e+01  2.15443469e+06 -1.12899535e+02 
 2.32630507e+06  4.14869682e+01  2.32630507e+06 -1.15876971e+02 
 2.51188643e+06  4.07101536e+01  2.51188643e+06 -1.18943520e+02 
 2.71227258e+06  3.99156257e+01  2.71227258e+06 -1.22103771e+02 
 2.92864456e+06  3.91022421e+01  2.92864456e+06 -1.25361074e+02 
 3.16227766e+06  3.82688691e+01  3.16227766e+06 -1.28717452e+02 
 3.41454887e+06  3.74144284e+01  3.41454887e+06 -1.32173563e+02 
 3.68694506e+06  3.65379477e+01  3.68694506e+06 -1.35728735e+02 
 3.98107171e+06  3.56386110e+01  3.98107171e+06 -1.39381058e+02 
 4.29866235e+06  3.47158058e+01  4.29866235e+06 -1.43127571e+02 
 4.64158883e+06  3.37691633e+01  4.64158883e+06 -1.46964500e+02 
 5.01187234e+06  3.27985880e+01  5.01187234e+06 -1.50887579e+02 
 5.41169527e+06  3.18042738e+01  5.41169527e+06 -1.54892400e+02 
 5.84341413e+06  3.07867030e+01  5.84341413e+06 -1.58974800e+02 
 6.30957344e+06  2.97466286e+01  6.30957344e+06 -1.63131245e+02 
 6.81292069e+06  2.86850374e+01  6.81292069e+06 -1.67359192e+02 
 7.35642254e+06  2.76030975e+01  7.35642254e+06 -1.71657427e+02 
 7.94328235e+06  2.65020883e+01  7.94328235e+06 -1.76026365e+02 
 8.57695899e+06  2.53833179e+01  8.57695899e+06 -1.80468333e+02 
 9.26118728e+06  2.42480270e+01  9.26118728e+06 -1.84987855e+02 
 1.00000000e+07  2.30972822e+01  1.00000000e+07 -1.89591995e+02 
 1.07977516e+07  2.19318597e+01  1.07977516e+07 -1.94290825e+02 
 1.16591440e+07  2.07521196e+01  1.16591440e+07 -1.99098116e+02 
 1.25892541e+07  1.95578759e+01  1.25892541e+07 -2.04032385e+02 
 1.35935639e+07  1.83482657e+01  1.35935639e+07 -2.09118480e+02 
 1.46779927e+07  1.71216329e+01  1.46779927e+07 -2.14389984e+02 
 1.58489319e+07  1.58754556e+01  1.58489319e+07 -2.19892790e+02 
 1.71132830e+07  1.46063770e+01  1.71132830e+07 -2.25690434e+02 
 1.84784980e+07  1.33104665e+01  1.84784980e+07 -2.31871952e+02 
 1.99526231e+07  1.19839775e+01  1.99526231e+07 -2.38563317e+02 
 2.15443469e+07  1.06251465e+01  2.15443469e+07 -2.45943489e+02 
 2.32630507e+07  9.23813654e+00  2.32630507e+07 -2.54264782e+02 
 2.51188643e+07  7.84115832e+00  2.51188643e+07 -2.63871344e+02 
 2.71227258e+07  6.48162817e+00  2.71227258e+07 -2.75190706e+02 
 2.92864456e+07  5.25861589e+00  2.92864456e+07 -2.88629689e+02 
 3.16227766e+07  4.33686928e+00  3.16227766e+07 -3.04265168e+02 
 3.41454887e+07  3.90518741e+00  3.41454887e+07 -3.21377453e+02 
 3.68694506e+07  4.05504788e+00  3.68694506e+07 -3.38393084e+02 
 3.98107171e+07  4.69897713e+00  3.98107171e+07 -3.53721369e+02 
 4.29866235e+07  5.64784096e+00  4.29866235e+07 -3.66613254e+02 
 4.64158883e+07  6.73381480e+00  4.64158883e+07 -3.77131236e+02 
 5.01187234e+07  7.85491080e+00  5.01187234e+07 -3.85683731e+02 
 5.41169527e+07  8.96197482e+00  5.41169527e+07 -3.92707305e+02 
 5.84341413e+07  1.00361877e+01  5.84341413e+07 -3.98556940e+02 
 6.30957344e+07  1.10736819e+01  6.30957344e+07 -4.03495131e+02 
 6.81292069e+07  1.20772616e+01  6.81292069e+07 -4.07709294e+02 
 7.35642254e+07  1.30523610e+01  7.35642254e+07 -4.11331417e+02 
 7.94328235e+07  1.40051671e+01  7.94328235e+07 -4.14453423e+02 
 8.57695899e+07  1.49417770e+01  8.57695899e+07 -4.17137867e+02 
 9.26118728e+07  1.58678224e+01  9.26118728e+07 -4.19425007e+02 
 1.00000000e+08  1.67882818e+01  1.00000000e+08 -4.21337299e+02 
 1.07977516e+08  1.77073358e+01  1.07977516e+08 -4.22882165e+02 
 1.16591440e+08  1.86281873e+01  1.16591440e+08 -4.24053662e+02 
 1.25892541e+08  1.95527921e+01  1.25892541e+08 -4.24833573e+02 
 1.35935639e+08  2.04814671e+01  1.35935639e+08 -4.25192478e+02 
 1.46779927e+08  2.14123572e+01  1.46779927e+08 -4.25091416e+02 
 1.58489319e+08  2.23407810e+01  1.58489319e+08 -4.24484961e+02 
 1.71132830e+08  2.32585394e+01  1.71132830e+08 -4.23326632e+02 
 1.84784980e+08  2.41533840e+01  1.84784980e+08 -4.21577523e+02 
 1.99526231e+08  2.50089785e+01  1.99526231e+08 -4.19218348e+02 
 2.15443469e+08  2.58057889e+01  2.15443469e+08 -4.16263575e+02 
 2.32630507e+08  2.65232498e+01  2.32630507e+08 -4.12773854e+02 
 2.51188643e+08  2.71431157e+01  2.51188643e+08 -4.08860785e+02 
 2.71227258e+08  2.76531719e+01  2.71227258e+08 -4.04678634e+02 
 2.92864456e+08  2.80499024e+01  2.92864456e+08 -4.00402544e+02 
 3.16227766e+08  2.83389223e+01  3.16227766e+08 -3.96200076e+02 
 3.41454887e+08  2.85330561e+01  3.41454887e+08 -3.92206858e+02 
 3.68694506e+08  2.86490798e+01  3.68694506e+08 -3.88514182e+02 
 3.98107171e+08  2.87045081e+01  3.98107171e+08 -3.85169423e+02 
 4.29866235e+08  2.87153339e+01  4.29866235e+08 -3.82184733e+02 
 4.64158883e+08  2.86949132e+01  4.64158883e+08 -3.79548395e+02 
 5.01187234e+08  2.86537310e+01  5.01187234e+08 -3.77235007e+02 
 5.41169527e+08  2.85996673e+01  5.41169527e+08 -3.75212961e+02 
 5.84341413e+08  2.85384573e+01  5.84341413e+08 -3.73449218e+02 
 6.30957344e+08  2.84741697e+01  6.30957344e+08 -3.71912007e+02 
 6.81292069e+08  2.84096213e+01  6.81292069e+08 -3.70572142e+02 
 7.35642254e+08  2.83467077e+01  7.35642254e+08 -3.69403525e+02 
 7.94328235e+08  2.82866556e+01  7.94328235e+08 -3.68383199e+02 
 8.57695899e+08  2.82302100e+01  8.57695899e+08 -3.67491178e+02 
 9.26118728e+08  2.81777734e+01  9.26118728e+08 -3.66710177e+02 
 1.00000000e+09  2.81295075e+01  1.00000000e+09 -3.66025314e+02 
