 1.00000000e+00  6.72389134e+01  1.00000000e+00 -4.45276198e-04 
 1.07977516e+00  6.72389134e+01  1.07977516e+00 -4.80798179e-04 
 1.16591440e+00  6.72389134e+01  1.16591440e+00 -5.19153932e-04 
 1.25892541e+00  6.72389134e+01  1.25892541e+00 -5.60569522e-04 
 1.35935639e+00  6.72389134e+01  1.35935639e+00 -6.05289046e-04 
 1.46779927e+00  6.72389134e+01  1.46779927e+00 -6.53576078e-04 
 1.58489319e+00  6.72389134e+01  1.58489319e+00 -7.05715216e-04 
 1.71132830e+00  6.72389134e+01  1.71132830e+00 -7.62013762e-04 
 1.84784980e+00  6.72389134e+01  1.84784980e+00 -8.22803533e-04 
 1.99526231e+00  6.72389134e+01  1.99526231e+00 -8.88442818e-04 
 2.15443469e+00  6.72389134e+01  2.15443469e+00 -9.59318489e-04 
 2.32630507e+00  6.72389134e+01  2.32630507e+00 -1.03584828e-03 
 2.51188643e+00  6.72389134e+01  2.51188643e+00 -1.11848324e-03 
 2.71227258e+00  6.72389134e+01  2.71227258e+00 -1.20771042e-03 
 2.92864456e+00  6.72389134e+01  2.92864456e+00 -1.30405572e-03 
 3.16227766e+00  6.72389134e+01  3.16227766e+00 -1.40808697e-03 
 3.41454887e+00  6.72389134e+01  3.41454887e+00 -1.52041734e-03 
 3.68694506e+00  6.72389134e+01  3.68694506e+00 -1.64170888e-03 
 3.98107171e+00  6.72389134e+01  3.98107171e+00 -1.77267647e-03 
 4.29866235e+00  6.72389134e+01  4.29866235e+00 -1.91409203e-03 
 4.64158883e+00  6.72389134e+01  4.64158883e+00 -2.06678903e-03 
 5.01187234e+00  6.72389134e+01  5.01187234e+00 -2.23166746e-03 
 5.41169527e+00  6.72389134e+01  5.41169527e+00 -2.40969909e-03 
 5.84341413e+00  6.72389134e+01  5.84341413e+00 -2.60193323e-03 
 6.30957344e+00  6.72389134e+01  6.30957344e+00 -2.80950288e-03 
 6.81292069e+00  6.72389134e+01  6.81292069e+00 -3.03363142e-03 
 7.35642254e+00  6.72389134e+01  7.35642254e+00 -3.27563986e-03 
 7.94328235e+00  6.72389134e+01  7.94328235e+00 -3.53695456e-03 
 8.57695899e+00  6.72389134e+01  8.57695899e+00 -3.81911569e-03 
 9.26118728e+00  6.72389134e+01  9.26118728e+00 -4.12378626e-03 
 1.00000000e+01  6.72389134e+01  1.00000000e+01 -4.45276198e-03 
 1.07977516e+01  6.72389134e+01  1.07977516e+01 -4.80798178e-03 
 1.16591440e+01  6.72389133e+01  1.16591440e+01 -5.19153931e-03 
 1.25892541e+01  6.72389133e+01  1.25892541e+01 -5.60569520e-03 
 1.35935639e+01  6.72389133e+01  1.35935639e+01 -6.05289044e-03 
 1.46779927e+01  6.72389133e+01  1.46779927e+01 -6.53576075e-03 
 1.58489319e+01  6.72389133e+01  1.58489319e+01 -7.05715212e-03 
 1.71132830e+01  6.72389133e+01  1.71132830e+01 -7.62013758e-03 
 1.84784980e+01  6.72389133e+01  1.84784980e+01 -8.22803528e-03 
 1.99526231e+01  6.72389133e+01  1.99526231e+01 -8.88442812e-03 
 2.15443469e+01  6.72389133e+01  2.15443469e+01 -9.59318480e-03 
 2.32630507e+01  6.72389132e+01  2.32630507e+01 -1.03584827e-02 
 2.51188643e+01  6.72389132e+01  2.51188643e+01 -1.11848323e-02 
 2.71227258e+01  6.72389132e+01  2.71227258e+01 -1.20771041e-02 
 2.92864456e+01  6.72389132e+01  2.92864456e+01 -1.30405570e-02 
 3.16227766e+01  6.72389131e+01  3.16227766e+01 -1.40808695e-02 
 3.41454887e+01  6.72389131e+01  3.41454887e+01 -1.52041731e-02 
 3.68694506e+01  6.72389130e+01  3.68694506e+01 -1.64170884e-02 
 3.98107171e+01  6.72389130e+01  3.98107171e+01 -1.77267642e-02 
 4.29866235e+01  6.72389129e+01  4.29866235e+01 -1.91409196e-02 
 4.64158883e+01  6.72389129e+01  4.64158883e+01 -2.06678895e-02 
 5.01187234e+01  6.72389128e+01  5.01187234e+01 -2.23166736e-02 
 5.41169527e+01  6.72389127e+01  5.41169527e+01 -2.40969897e-02 
 5.84341413e+01  6.72389125e+01  5.84341413e+01 -2.60193307e-02 
 6.30957344e+01  6.72389124e+01  6.30957344e+01 -2.80950267e-02 
 6.81292069e+01  6.72389122e+01  6.81292069e+01 -3.03363117e-02 
 7.35642254e+01  6.72389121e+01  7.35642254e+01 -3.27563954e-02 
 7.94328235e+01  6.72389118e+01  7.94328235e+01 -3.53695416e-02 
 8.57695899e+01  6.72389116e+01  8.57695899e+01 -3.81911518e-02 
 9.26118728e+01  6.72389113e+01  9.26118728e+01 -4.12378562e-02 
 1.00000000e+02  6.72389109e+01  1.00000000e+02 -4.45276117e-02 
 1.07977516e+02  6.72389105e+01  1.07977516e+02 -4.80798077e-02 
 1.16591440e+02  6.72389100e+01  1.16591440e+02 -5.19153803e-02 
 1.25892541e+02  6.72389095e+01  1.25892541e+02 -5.60569359e-02 
 1.35935639e+02  6.72389088e+01  1.35935639e+02 -6.05288842e-02 
 1.46779927e+02  6.72389081e+01  1.46779927e+02 -6.53575821e-02 
 1.58489319e+02  6.72389072e+01  1.58489319e+02 -7.05714892e-02 
 1.71132830e+02  6.72389062e+01  1.71132830e+02 -7.62013354e-02 
 1.84784980e+02  6.72389050e+01  1.84784980e+02 -8.22803020e-02 
 1.99526231e+02  6.72389036e+01  1.99526231e+02 -8.88442172e-02 
 2.15443469e+02  6.72389020e+01  2.15443469e+02 -9.59317675e-02 
 2.32630507e+02  6.72389001e+01  2.32630507e+02 -1.03584725e-01 
 2.51188643e+02  6.72388979e+01  2.51188643e+02 -1.11848195e-01 
 2.71227258e+02  6.72388953e+01  2.71227258e+02 -1.20770880e-01 
 2.92864456e+02  6.72388923e+01  2.92864456e+02 -1.30405367e-01 
 3.16227766e+02  6.72388888e+01  3.16227766e+02 -1.40808440e-01 
 3.41454887e+02  6.72388847e+01  3.41454887e+02 -1.52041410e-01 
 3.68694506e+02  6.72388799e+01  3.68694506e+02 -1.64170480e-01 
 3.98107171e+02  6.72388744e+01  3.98107171e+02 -1.77267134e-01 
 4.29866235e+02  6.72388679e+01  4.29866235e+02 -1.91408556e-01 
 4.64158883e+02  6.72388604e+01  4.64158883e+02 -2.06678089e-01 
 5.01187234e+02  6.72388516e+01  5.01187234e+02 -2.23165722e-01 
 5.41169527e+02  6.72388413e+01  5.41169527e+02 -2.40968620e-01 
 5.84341413e+02  6.72388294e+01  5.84341413e+02 -2.60191700e-01 
 6.30957344e+02  6.72388154e+01  6.30957344e+02 -2.80948244e-01 
 6.81292069e+02  6.72387992e+01  6.81292069e+02 -3.03360569e-01 
 7.35642254e+02  6.72387802e+01  7.35642254e+02 -3.27560747e-01 
 7.94328235e+02  6.72387581e+01  7.94328235e+02 -3.53691379e-01 
 8.57695899e+02  6.72387324e+01  8.57695899e+02 -3.81906435e-01 
 9.26118728e+02  6.72387024e+01  9.26118728e+02 -4.12372163e-01 
 1.00000000e+03  6.72386673e+01  1.00000000e+03 -4.45268059e-01 
 1.07977516e+03  6.72386265e+01  1.07977516e+03 -4.80787933e-01 
 1.16591440e+03  6.72385789e+01  1.16591440e+03 -5.19141033e-01 
 1.25892541e+03  6.72385234e+01  1.25892541e+03 -5.60553283e-01 
 1.35935639e+03  6.72384587e+01  1.35935639e+03 -6.05268604e-01 
 1.46779927e+03  6.72383833e+01  1.46779927e+03 -6.53550344e-01 
 1.58489319e+03  6.72382954e+01  1.58489319e+03 -7.05682820e-01 
 1.71132830e+03  6.72381928e+01  1.71132830e+03 -7.61972979e-01 
 1.84784980e+03  6.72380733e+01  1.84784980e+03 -8.22752191e-01 
 1.99526231e+03  6.72379339e+01  1.99526231e+03 -8.88378185e-01 
 2.15443469e+03  6.72377714e+01  2.15443469e+03 -9.59237116e-01 
 2.32630507e+03  6.72375820e+01  2.32630507e+03 -1.03574584e+00 
 2.51188643e+03  6.72373611e+01  2.51188643e+03 -1.11835429e+00 
 2.71227258e+03  6.72371037e+01  2.71227258e+03 -1.20754809e+00 
 2.92864456e+03  6.72368035e+01  2.92864456e+03 -1.30385135e+00 
 3.16227766e+03  6.72364535e+01  3.16227766e+03 -1.40782970e+00 
 3.41454887e+03  6.72360454e+01  3.41454887e+03 -1.52009347e+00 
 3.68694506e+03  6.72355698e+01  3.68694506e+03 -1.64130118e+00 
 3.98107171e+03  6.72350153e+01  3.98107171e+03 -1.77216325e+00 
 4.29866235e+03  6.72343689e+01  4.29866235e+03 -1.91344597e+00 
 4.64158883e+03  6.72336154e+01  4.64158883e+03 -2.06597579e+00 
 5.01187234e+03  6.72327370e+01  5.01187234e+03 -2.23064378e+00 
 5.41169527e+03  6.72317131e+01  5.41169527e+03 -2.40841053e+00 
 5.84341413e+03  6.72305196e+01  5.84341413e+03 -2.60031129e+00 
 6.30957344e+03  6.72291286e+01  6.30957344e+03 -2.80746138e+00 
 6.81292069e+03  6.72275071e+01  6.81292069e+03 -3.03106187e+00 
 7.35642254e+03  6.72256176e+01  7.35642254e+03 -3.27240584e+00 
 7.94328235e+03  6.72234156e+01  7.94328235e+03 -3.53288440e+00 
 8.57695899e+03  6.72208495e+01  8.57695899e+03 -3.81399345e+00 
 9.26118728e+03  6.72178598e+01  9.26118728e+03 -4.11734042e+00 
 1.00000000e+04  6.72143765e+01  1.00000000e+04 -4.44465105e+00 
 1.07977516e+04  6.72103189e+01  1.07977516e+04 -4.79777652e+00 
 1.16591440e+04  6.72055927e+01  1.16591440e+04 -5.17869997e+00 
 1.25892541e+04  6.72000890e+01  1.25892541e+04 -5.58954374e+00 
 1.35935639e+04  6.71936809e+01  1.35935639e+04 -6.03257500e+00 
 1.46779927e+04  6.71862216e+01  1.46779927e+04 -6.51021157e+00 
 1.58489319e+04  6.71775405e+01  1.58489319e+04 -7.02502611e+00 
 1.71132830e+04  6.71674413e+01  1.71132830e+04 -7.57974990e+00 
 1.84784980e+04  6.71556957e+01  1.84784980e+04 -8.17727278e+00 
 1.99526231e+04  6.71420414e+01  1.99526231e+04 -8.82064263e+00 
 2.15443469e+04  6.71261758e+01  2.15443469e+04 -9.51306019e+00 
 2.32630507e+04  6.71077504e+01  2.32630507e+04 -1.02578692e+01 
 2.51188643e+04  6.70863663e+01  2.51188643e+04 -1.10585430e+01 
 2.71227258e+04  6.70615664e+01  2.71227258e+04 -1.19186624e+01 
 2.92864456e+04  6.70328291e+01  2.92864456e+04 -1.28418865e+01 
 3.16227766e+04  6.69995620e+01  3.16227766e+04 -1.38319145e+01 
 3.41454887e+04  6.69610941e+01  3.41454887e+04 -1.48924344e+01 
 3.68694506e+04  6.69166694e+01  3.68694506e+04 -1.60270608e+01 
 3.98107171e+04  6.68654407e+01  3.98107171e+04 -1.72392567e+01 
 4.29866235e+04  6.68064646e+01  4.29866235e+04 -1.85322398e+01 
 4.64158883e+04  6.67386986e+01  4.64158883e+04 -1.99088739e+01 
 5.01187234e+04  6.66610000e+01  5.01187234e+04 -2.13715406e+01 
 5.41169527e+04  6.65721291e+01  5.41169527e+04 -2.29220016e+01 
 5.84341413e+04  6.64707556e+01  5.84341413e+04 -2.45612435e+01 
 6.30957344e+04  6.63554716e+01  6.30957344e+04 -2.62893228e+01 
 6.81292069e+04  6.62248090e+01  6.81292069e+04 -2.81052067e+01 
 7.35642254e+04  6.60772647e+01  7.35642254e+04 -3.00066304e+01 
 7.94328235e+04  6.59113319e+01  7.94328235e+04 -3.19899761e+01 
 8.57695899e+04  6.57255378e+01  8.57695899e+04 -3.40501896e+01 
 9.26118728e+04  6.55184861e+01  9.26118728e+04 -3.61807525e+01 
 1.00000000e+05  6.52889030e+01  1.00000000e+05 -3.83737138e+01 
 1.07977516e+05  6.50356837e+01  1.07977516e+05 -4.06197981e+01 
 1.16591440e+05  6.47579357e+01  1.16591440e+05 -4.29085909e+01 
 1.25892541e+05  6.44550166e+01  1.25892541e+05 -4.52287935e+01 
 1.35935639e+05  6.41265625e+01  1.35935639e+05 -4.75685451e+01 
 1.46779927e+05  6.37725036e+01  1.46779927e+05 -4.99157801e+01 
 1.58489319e+05  6.33930673e+01  1.58489319e+05 -5.22586105e+01 
 1.71132830e+05  6.29887672e+01  1.71132830e+05 -5.45856986e+01 
 1.84784980e+05  6.25603783e+01  1.84784980e+05 -5.68865951e+01 
 1.99526231e+05  6.21089036e+01  1.99526231e+05 -5.91520279e+01 
 2.15443469e+05  6.16355312e+01  2.15443469e+05 -6.13741166e+01 
 2.32630507e+05  6.11415885e+01  2.32630507e+05 -6.35465177e+01 
 2.51188643e+05  6.06284949e+01  2.51188643e+05 -6.56644885e+01 
 2.71227258e+05  6.00977173e+01  2.71227258e+05 -6.77248907e+01 
 2.92864456e+05  5.95507294e+01  2.92864456e+05 -6.97261291e+01 
 3.16227766e+05  5.89889765e+01  3.16227766e+05 -7.16680533e+01 
 3.41454887e+05  5.84138476e+01  3.41454887e+05 -7.35518270e+01 
 3.68694506e+05  5.78266530e+01  3.68694506e+05 -7.53797836e+01 
 3.98107171e+05  5.72286090e+01  3.98107171e+05 -7.71552740e+01 
 4.29866235e+05  5.66208274e+01  4.29866235e+05 -7.88825207e+01 
 4.64158883e+05  5.60043090e+01  4.64158883e+05 -8.05664798e+01 
 5.01187234e+05  5.53799421e+01  5.01187234e+05 -8.22127188e+01 
 5.41169527e+05  5.47485018e+01  5.41169527e+05 -8.38273078e+01 
 5.84341413e+05  5.41106526e+01  5.84341413e+05 -8.54167295e+01 
 6.30957344e+05  5.34669510e+01  6.30957344e+05 -8.69878031e+01 
 6.81292069e+05  5.28178491e+01  6.81292069e+05 -8.85476233e+01 
 7.35642254e+05  5.21636980e+01  7.35642254e+05 -9.01035121e+01 
 7.94328235e+05  5.15047513e+01  7.94328235e+05 -9.16629802e+01 
 8.57695899e+05  5.08411668e+01  8.57695899e+05 -9.32336962e+01 
 9.26118728e+05  5.01730091e+01  9.26118728e+05 -9.48234625e+01 
 1.00000000e+06  4.95002499e+01  1.00000000e+06 -9.64401927e+01 
 1.07977516e+06  4.88227681e+01  1.07977516e+06 -9.80918908e+01 
 1.16591440e+06  4.81403485e+01  1.16591440e+06 -9.97866279e+01 
 1.25892541e+06  4.74526806e+01  1.25892541e+06 -1.01532515e+02 
 1.35935639e+06  4.67593560e+01  1.35935639e+06 -1.03337667e+02 
 1.46779927e+06  4.60598654e+01  1.46779927e+06 -1.05210162e+02 
 1.58489319e+06  4.53535966e+01  1.58489319e+06 -1.07157983e+02 
 1.71132830e+06  4.46398320e+01  1.71132830e+06 -1.09188954e+02 
 1.84784980e+06  4.39177474e+01  1.84784980e+06 -1.11310650e+02 
 1.99526231e+06  4.31864133e+01  1.99526231e+06 -1.13530305e+02 
 2.15443469e+06  4.24447979e+01  2.15443469e+06 -1.15854690e+02 
 2.32630507e+06  4.16917742e+01  2.32630507e+06 -1.18289992e+02 
 2.51188643e+06  4.09261315e+01  2.51188643e+06 -1.20841669e+02 
 2.71227258e+06  4.01465922e+01  2.71227258e+06 -1.23514310e+02 
 2.92864456e+06  3.93518348e+01  2.92864456e+06 -1.26311497e+02 
 3.16227766e+06  3.85405231e+01  3.16227766e+06 -1.29235674e+02 
 3.41454887e+06  3.77113424e+01  3.41454887e+06 -1.32288056e+02 
 3.68694506e+06  3.68630407e+01  3.68694506e+06 -1.35468562e+02 
 3.98107171e+06  3.59944739e+01  3.98107171e+06 -1.38775820e+02 
 4.29866235e+06  3.51046534e+01  4.29866235e+06 -1.42207217e+02 
 4.64158883e+06  3.41927914e+01  4.64158883e+06 -1.45759037e+02 
 5.01187234e+06  3.32583413e+01  5.01187234e+06 -1.49426661e+02 
 5.41169527e+06  3.23010286e+01  5.41169527e+06 -1.53204837e+02 
 5.84341413e+06  3.13208693e+01  5.84341413e+06 -1.57088006e+02 
 6.30957344e+06  3.03181718e+01  6.30957344e+06 -1.61070663e+02 
 6.81292069e+06  2.92935199e+01  6.81292069e+06 -1.65147726e+02 
 7.35642254e+06  2.82477375e+01  7.35642254e+06 -1.69314916e+02 
 7.94328235e+06  2.71818320e+01  7.94328235e+06 -1.73569106e+02 
 8.57695899e+06  2.60969200e+01  8.57695899e+06 -1.77908660e+02 
 9.26118728e+06  2.49941349e+01  9.26118728e+06 -1.82333761e+02 
 1.00000000e+07  2.38745177e+01  1.00000000e+07 -1.86846767e+02 
 1.07977516e+07  2.27388938e+01  1.07977516e+07 -1.91452638e+02 
 1.16591440e+07  2.15877352e+01  1.16591440e+07 -1.96159521e+02 
 1.25892541e+07  2.04210107e+01  1.25892541e+07 -2.00979601e+02 
 1.35935639e+07  1.92380265e+01  1.35935639e+07 -2.05930372e+02 
 1.46779927e+07  1.80372643e+01  1.46779927e+07 -2.11036553e+02 
 1.58489319e+07  1.68162297e+01  1.58489319e+07 -2.16332972e+02 
 1.71132830e+07  1.55713437e+01  1.71132830e+07 -2.21868902e+02 
 1.84784980e+07  1.42979485e+01  1.84784980e+07 -2.27714585e+02 
 1.99526231e+07  1.29905808e+01  1.99526231e+07 -2.33971033e+02 
 2.15443469e+07  1.16438540e+01  2.15443469e+07 -2.40784658e+02 
 2.32630507e+07  1.02546955e+01  2.32630507e+07 -2.48368405e+02 
 2.51188643e+07  8.82752151e+00  2.51188643e+07 -2.57029384e+02 
 2.71227258e+07  7.38542117e+00  2.71227258e+07 -2.67194026e+02 
 2.92864456e+07  5.99171953e+00  2.92864456e+07 -2.79390773e+02 
 3.16227766e+07  4.78102614e+00  3.16227766e+07 -2.94077389e+02 
 3.41454887e+07  3.96889702e+00  3.41454887e+07 -3.11155602e+02 
 3.68694506e+07  3.76422645e+00  3.68694506e+07 -3.29388269e+02 
 3.98107171e+07  4.19745831e+00  3.98107171e+07 -3.46713092e+02 
 4.29866235e+07  5.08926731e+00  4.29866235e+07 -3.61589710e+02 
 4.64158883e+07  6.21067416e+00  4.64158883e+07 -3.73667656e+02 
 5.01187234e+07  7.40350925e+00  5.01187234e+07 -3.83325776e+02 
 5.41169527e+07  8.58831866e+00  5.41169527e+07 -3.91107675e+02 
 5.84341413e+07  9.73392328e+00  5.84341413e+07 -3.97479077e+02 
 6.30957344e+07  1.08327702e+01  6.30957344e+07 -4.02784155e+02 
 6.81292069e+07  1.18875081e+01  6.81292069e+07 -4.07264893e+02 
 7.35642254e+07  1.29046373e+01  7.35642254e+07 -4.11088873e+02 
 7.94328235e+07  1.38917016e+01  7.94328235e+07 -4.14371429e+02 
 8.57695899e+07  1.48561106e+01  8.57695899e+07 -4.17190936e+02 
 9.26118728e+07  1.58046718e+01  9.26118728e+07 -4.19598769e+02 
 1.00000000e+08  1.67434088e+01  1.00000000e+08 -4.21625588e+02 
 1.07977516e+08  1.76774598e+01  1.07977516e+08 -4.23285183e+02 
 1.16591440e+08  1.86109546e+01  1.16591440e+08 -4.24576763e+02 
 1.25892541e+08  1.95468081e+01  1.25892541e+08 -4.25486317e+02 
 1.35935639e+08  2.04863888e+01  1.35935639e+08 -4.25987659e+02 
 1.46779927e+08  2.14290368e+01  1.46779927e+08 -4.26043761e+02 
 1.58489319e+08  2.23714303e+01  1.58489319e+08 -4.25609188e+02 
 1.71132830e+08  2.33068580e+01  1.71132830e+08 -4.24634560e+02 
 1.84784980e+08  2.42245493e+01  1.84784980e+08 -4.23074103e+02 
 1.99526231e+08  2.51093589e+01  1.99526231e+08 -4.20896899e+02 
 2.15443469e+08  2.59422449e+01  2.15443469e+08 -4.18101255e+02 
 2.32630507e+08  2.67019894e+01  2.32630507e+08 -4.14729244e+02 
 2.51188643e+08  2.73683066e+01  2.51188643e+08 -4.10875774e+02 
 2.71227258e+08  2.79257770e+01  2.71227258e+08 -4.06685588e+02 
 2.92864456e+08  2.83672658e+01  2.92864456e+08 -4.02335149e+02 
 3.16227766e+08  2.86953317e+01  3.16227766e+08 -3.98003888e+02 
 3.41454887e+08  2.89210085e+01  3.41454887e+08 -3.93845671e+02 
 3.68694506e+08  2.90606847e+01  3.68694506e+08 -3.89970848e+02 
 3.98107171e+08  2.91325518e+01  3.98107171e+08 -3.86442491e+02 
 4.29866235e+08  2.91538348e+01  4.29866235e+08 -3.83283407e+02 
 4.64158883e+08  2.91392503e+01  4.64158883e+08 -3.80487796e+02 
 5.01187234e+08  2.91005186e+01  5.01187234e+08 -3.78032634e+02 
 5.41169527e+08  2.90465274e+01  5.41169527e+08 -3.75886456e+02 
 5.84341413e+08  2.89837838e+01  5.84341413e+08 -3.74015152e+02 
 6.30957344e+08  2.89169248e+01  6.30957344e+08 -3.72385330e+02 
 6.81292069e+08  2.88491761e+01  6.81292069e+08 -3.70966030e+02 
 7.35642254e+08  2.87827228e+01  7.35642254e+08 -3.69729425e+02 
 7.94328235e+08  2.87189940e+01  7.94328235e+08 -3.68650966e+02 
 8.57695899e+08  2.86588746e+01  8.57695899e+08 -3.67709241e+02 
 9.26118728e+08  2.86028614e+01  9.26118728e+08 -3.66885716e+02 
 1.00000000e+09  2.85511781e+01  1.00000000e+09 -3.66164421e+02 
