 1.00000000e+00  6.89499026e+01  1.00000000e+00 -5.11186926e-04 
 1.07977516e+00  6.89499026e+01  1.07977516e+00 -5.51966946e-04 
 1.16591440e+00  6.89499026e+01  1.16591440e+00 -5.96000199e-04 
 1.25892541e+00  6.89499026e+01  1.25892541e+00 -6.43546212e-04 
 1.35935639e+00  6.89499026e+01  1.35935639e+00 -6.94885215e-04 
 1.46779927e+00  6.89499026e+01  1.46779927e+00 -7.50319796e-04 
 1.58489319e+00  6.89499026e+01  1.58489319e+00 -8.10176680e-04 
 1.71132830e+00  6.89499026e+01  1.71132830e+00 -8.74808656e-04 
 1.84784980e+00  6.89499026e+01  1.84784980e+00 -9.44596658e-04 
 1.99526231e+00  6.89499026e+01  1.99526231e+00 -1.01995201e-03 
 2.15443469e+00  6.89499026e+01  2.15443469e+00 -1.10131885e-03 
 2.32630507e+00  6.89499026e+01  2.32630507e+00 -1.18917674e-03 
 2.51188643e+00  6.89499026e+01  2.51188643e+00 -1.28404350e-03 
 2.71227258e+00  6.89499026e+01  2.71227258e+00 -1.38647828e-03 
 2.92864456e+00  6.89499026e+01  2.92864456e+00 -1.49708481e-03 
 3.16227766e+00  6.89499026e+01  3.16227766e+00 -1.61651500e-03 
 3.41454887e+00  6.89499026e+01  3.41454887e+00 -1.74547274e-03 
 3.68694506e+00  6.89499026e+01  3.68694506e+00 -1.88471811e-03 
 3.98107171e+00  6.89499026e+01  3.98107171e+00 -2.03507181e-03 
 4.29866235e+00  6.89499026e+01  4.29866235e+00 -2.19741999e-03 
 4.64158883e+00  6.89499026e+01  4.64158883e+00 -2.37271953e-03 
 5.01187234e+00  6.89499026e+01  5.01187234e+00 -2.56200361e-03 
 5.41169527e+00  6.89499026e+01  5.41169527e+00 -2.76638787e-03 
 5.84341413e+00  6.89499026e+01  5.84341413e+00 -2.98707691e-03 
 6.30957344e+00  6.89499026e+01  6.30957344e+00 -3.22537145e-03 
 6.81292069e+00  6.89499026e+01  6.81292069e+00 -3.48267598e-03 
 7.35642254e+00  6.89499026e+01  7.35642254e+00 -3.76050702e-03 
 7.94328235e+00  6.89499026e+01  7.94328235e+00 -4.06050208e-03 
 8.57695899e+00  6.89499026e+01  8.57695899e+00 -4.38442929e-03 
 9.26118728e+00  6.89499026e+01  9.26118728e+00 -4.73419785e-03 
 1.00000000e+01  6.89499026e+01  1.00000000e+01 -5.11186925e-03 
 1.07977516e+01  6.89499026e+01  1.07977516e+01 -5.51966945e-03 
 1.16591440e+01  6.89499026e+01  1.16591440e+01 -5.96000197e-03 
 1.25892541e+01  6.89499026e+01  1.25892541e+01 -6.43546209e-03 
 1.35935639e+01  6.89499026e+01  1.35935639e+01 -6.94885212e-03 
 1.46779927e+01  6.89499026e+01  1.46779927e+01 -7.50319792e-03 
 1.58489319e+01  6.89499026e+01  1.58489319e+01 -8.10176675e-03 
 1.71132830e+01  6.89499025e+01  1.71132830e+01 -8.74808650e-03 
 1.84784980e+01  6.89499025e+01  1.84784980e+01 -9.44596650e-03 
 1.99526231e+01  6.89499025e+01  1.99526231e+01 -1.01995200e-02 
 2.15443469e+01  6.89499025e+01  2.15443469e+01 -1.10131883e-02 
 2.32630507e+01  6.89499025e+01  2.32630507e+01 -1.18917672e-02 
 2.51188643e+01  6.89499024e+01  2.51188643e+01 -1.28404348e-02 
 2.71227258e+01  6.89499024e+01  2.71227258e+01 -1.38647826e-02 
 2.92864456e+01  6.89499024e+01  2.92864456e+01 -1.49708478e-02 
 3.16227766e+01  6.89499023e+01  3.16227766e+01 -1.61651496e-02 
 3.41454887e+01  6.89499023e+01  3.41454887e+01 -1.74547269e-02 
 3.68694506e+01  6.89499022e+01  3.68694506e+01 -1.88471805e-02 
 3.98107171e+01  6.89499021e+01  3.98107171e+01 -2.03507173e-02 
 4.29866235e+01  6.89499020e+01  4.29866235e+01 -2.19741990e-02 
 4.64158883e+01  6.89499019e+01  4.64158883e+01 -2.37271941e-02 
 5.01187234e+01  6.89499018e+01  5.01187234e+01 -2.56200346e-02 
 5.41169527e+01  6.89499017e+01  5.41169527e+01 -2.76638767e-02 
 5.84341413e+01  6.89499015e+01  5.84341413e+01 -2.98707667e-02 
 6.30957344e+01  6.89499013e+01  6.30957344e+01 -3.22537115e-02 
 6.81292069e+01  6.89499011e+01  6.81292069e+01 -3.48267560e-02 
 7.35642254e+01  6.89499009e+01  7.35642254e+01 -3.76050654e-02 
 7.94328235e+01  6.89499006e+01  7.94328235e+01 -4.06050147e-02 
 8.57695899e+01  6.89499003e+01  8.57695899e+01 -4.38442853e-02 
 9.26118728e+01  6.89498999e+01  9.26118728e+01 -4.73419689e-02 
 1.00000000e+02  6.89498994e+01  1.00000000e+02 -5.11186804e-02 
 1.07977516e+02  6.89498989e+01  1.07977516e+02 -5.51966792e-02 
 1.16591440e+02  6.89498982e+01  1.16591440e+02 -5.96000004e-02 
 1.25892541e+02  6.89498975e+01  1.25892541e+02 -6.43545966e-02 
 1.35935639e+02  6.89498966e+01  1.35935639e+02 -6.94884906e-02 
 1.46779927e+02  6.89498957e+01  1.46779927e+02 -7.50319407e-02 
 1.58489319e+02  6.89498945e+01  1.58489319e+02 -8.10176190e-02 
 1.71132830e+02  6.89498931e+01  1.71132830e+02 -8.74808040e-02 
 1.84784980e+02  6.89498916e+01  1.84784980e+02 -9.44595883e-02 
 1.99526231e+02  6.89498897e+01  1.99526231e+02 -1.01995103e-01 
 2.15443469e+02  6.89498876e+01  2.15443469e+02 -1.10131762e-01 
 2.32630507e+02  6.89498851e+01  2.32630507e+02 -1.18917519e-01 
 2.51188643e+02  6.89498822e+01  2.51188643e+02 -1.28404156e-01 
 2.71227258e+02  6.89498788e+01  2.71227258e+02 -1.38647583e-01 
 2.92864456e+02  6.89498749e+01  2.92864456e+02 -1.49708173e-01 
 3.16227766e+02  6.89498702e+01  3.16227766e+02 -1.61651111e-01 
 3.41454887e+02  6.89498649e+01  3.41454887e+02 -1.74546785e-01 
 3.68694506e+02  6.89498586e+01  3.68694506e+02 -1.88471195e-01 
 3.98107171e+02  6.89498513e+01  3.98107171e+02 -2.03506405e-01 
 4.29866235e+02  6.89498428e+01  4.29866235e+02 -2.19741023e-01 
 4.64158883e+02  6.89498328e+01  4.64158883e+02 -2.37270723e-01 
 5.01187234e+02  6.89498212e+01  5.01187234e+02 -2.56198813e-01 
 5.41169527e+02  6.89498077e+01  5.41169527e+02 -2.76636838e-01 
 5.84341413e+02  6.89497920e+01  5.84341413e+02 -2.98705238e-01 
 6.30957344e+02  6.89497736e+01  6.30957344e+02 -3.22534057e-01 
 6.81292069e+02  6.89497522e+01  6.81292069e+02 -3.48263710e-01 
 7.35642254e+02  6.89497273e+01  7.35642254e+02 -3.76045807e-01 
 7.94328235e+02  6.89496982e+01  7.94328235e+02 -4.06044046e-01 
 8.57695899e+02  6.89496643e+01  8.57695899e+02 -4.38435172e-01 
 9.26118728e+02  6.89496247e+01  9.26118728e+02 -4.73410019e-01 
 1.00000000e+03  6.89495786e+01  1.00000000e+03 -5.11174628e-01 
 1.07977516e+03  6.89495248e+01  1.07977516e+03 -5.51951464e-01 
 1.16591440e+03  6.89494622e+01  1.16591440e+03 -5.95980709e-01 
 1.25892541e+03  6.89493891e+01  1.25892541e+03 -6.43521676e-01 
 1.35935639e+03  6.89493039e+01  1.35935639e+03 -6.94854327e-01 
 1.46779927e+03  6.89492046e+01  1.46779927e+03 -7.50280911e-01 
 1.58489319e+03  6.89490888e+01  1.58489319e+03 -8.10127733e-01 
 1.71132830e+03  6.89489537e+01  1.71132830e+03 -8.74747023e-01 
 1.84784980e+03  6.89487963e+01  1.84784980e+03 -9.44519069e-01 
 1.99526231e+03  6.89486128e+01  1.99526231e+03 -1.01985434e+00 
 2.15443469e+03  6.89483988e+01  2.15443469e+03 -1.10119589e+00 
 2.32630507e+03  6.89481494e+01  2.32630507e+03 -1.18902195e+00 
 2.51188643e+03  6.89478585e+01  2.51188643e+03 -1.28384864e+00 
 2.71227258e+03  6.89475196e+01  2.71227258e+03 -1.38623300e+00 
 2.92864456e+03  6.89471242e+01  2.92864456e+03 -1.49677601e+00 
 3.16227766e+03  6.89466633e+01  3.16227766e+03 -1.61612625e+00 
 3.41454887e+03  6.89461261e+01  3.41454887e+03 -1.74498338e+00 
 3.68694506e+03  6.89454998e+01  3.68694506e+03 -1.88410209e+00 
 3.98107171e+03  6.89447699e+01  3.98107171e+03 -2.03429638e+00 
 4.29866235e+03  6.89439188e+01  4.29866235e+03 -2.19644389e+00 
 4.64158883e+03  6.89429268e+01  4.64158883e+03 -2.37149087e+00 
 5.01187234e+03  6.89417705e+01  5.01187234e+03 -2.56045707e+00 
 5.41169527e+03  6.89404228e+01  5.41169527e+03 -2.76444125e+00 
 5.84341413e+03  6.89388518e+01  5.84341413e+03 -2.98462676e+00 
 6.30957344e+03  6.89370211e+01  6.30957344e+03 -3.22228771e+00 
 6.81292069e+03  6.89348876e+01  6.81292069e+03 -3.47879491e+00 
 7.35642254e+03  6.89324013e+01  7.35642254e+03 -3.75562271e+00 
 7.94328235e+03  6.89295044e+01  7.94328235e+03 -4.05435557e+00 
 8.57695899e+03  6.89261293e+01  8.57695899e+03 -4.37669488e+00 
 9.26118728e+03  6.89221974e+01  9.26118728e+03 -4.72446607e+00 
 1.00000000e+04  6.89176178e+01  1.00000000e+04 -5.09962545e+00 
 1.07977516e+04  6.89122844e+01  1.07977516e+04 -5.50426679e+00 
 1.16591440e+04  6.89060744e+01  1.16591440e+04 -5.94062782e+00 
 1.25892541e+04  6.88988453e+01  1.25892541e+04 -6.41109593e+00 
 1.35935639e+04  6.88904318e+01  1.35935639e+04 -6.91821261e+00 
 1.46779927e+04  6.88806429e+01  1.46779927e+04 -7.46467727e+00 
 1.58489319e+04  6.88692576e+01  1.58489319e+04 -8.05334854e+00 
 1.71132830e+04  6.88560208e+01  1.71132830e+04 -8.68724309e+00 
 1.84784980e+04  6.88406388e+01  1.84784980e+04 -9.36953250e+00 
 1.99526231e+04  6.88227728e+01  1.99526231e+04 -1.01035333e+01 
 2.15443469e+04  6.88020351e+01  2.15443469e+04 -1.08926957e+01 
 2.32630507e+04  6.87779809e+01  2.32630507e+04 -1.17405821e+01 
 2.51188643e+04  6.87501027e+01  2.51188643e+04 -1.26508407e+01 
 2.71227258e+04  6.87178232e+01  2.71227258e+04 -1.36271681e+01 
 2.92864456e+04  6.86804879e+01  2.92864456e+04 -1.46732618e+01 
 3.16227766e+04  6.86373593e+01  3.16227766e+04 -1.57927606e+01 
 3.41454887e+04  6.85876093e+01  3.41454887e+04 -1.69891686e+01 
 3.68694506e+04  6.85303145e+01  3.68694506e+04 -1.82657660e+01 
 3.98107171e+04  6.84644532e+01  3.98107171e+04 -1.96255027e+01 
 4.29866235e+04  6.83889031e+01  4.29866235e+04 -2.10708754e+01 
 4.64158883e+04  6.83024440e+01  4.64158883e+04 -2.26037897e+01 
 5.01187234e+04  6.82037634e+01  5.01187234e+04 -2.42254096e+01 
 5.41169527e+04  6.80914681e+01  5.41169527e+04 -2.59360020e+01 
 5.84341413e+04  6.79641004e+01  5.84341413e+04 -2.77347768e+01 
 6.30957344e+04  6.78201618e+01  6.30957344e+04 -2.96197402e+01 
 6.81292069e+04  6.76581432e+01  6.81292069e+04 -3.15875683e+01 
 7.35642254e+04  6.74765611e+01  7.35642254e+04 -3.36335150e+01 
 7.94328235e+04  6.72739993e+01  7.94328235e+04 -3.57513709e+01 
 8.57695899e+04  6.70491543e+01  8.57695899e+04 -3.79334815e+01 
 9.26118728e+04  6.68008823e+01  9.26118728e+04 -4.01708413e+01 
 1.00000000e+05  6.65282429e+01  1.00000000e+05 -4.24532610e+01 
 1.07977516e+05  6.62305386e+01  1.07977516e+05 -4.47696095e+01 
 1.16591440e+05  6.59073455e+01  1.16591440e+05 -4.71081237e+01 
 1.25892541e+05  6.55585312e+01  1.25892541e+05 -4.94567590e+01 
 1.35935639e+05  6.51842613e+01  1.35935639e+05 -5.18035705e+01 
 1.46779927e+05  6.47849903e+01  1.46779927e+05 -5.41370901e+01 
 1.58489319e+05  6.43614403e+01  1.58489319e+05 -5.64466709e+01 
 1.71132830e+05  6.39145688e+01  1.71132830e+05 -5.87227907e+01 
 1.84784980e+05  6.34455275e+01  1.84784980e+05 -6.09572829e+01 
 1.99526231e+05  6.29556164e+01  1.99526231e+05 -6.31434917e+01 
 2.15443469e+05  6.24462372e+01  2.15443469e+05 -6.52763587e+01 
 2.32630507e+05  6.19188476e+01  2.32630507e+05 -6.73524332e+01 
 2.51188643e+05  6.13749193e+01  2.51188643e+05 -6.93698257e+01 
 2.71227258e+05  6.08159020e+01  2.71227258e+05 -7.13281162e+01 
 2.92864456e+05  6.02431936e+01  2.92864456e+05 -7.32282280e+01 
 3.16227766e+05  5.96581169e+01  3.16227766e+05 -7.50722855e+01 
 3.41454887e+05  5.90619021e+01  3.41454887e+05 -7.68634625e+01 
 3.68694506e+05  5.84556759e+01  3.68694506e+05 -7.86058333e+01 
 3.98107171e+05  5.78404540e+01  3.98107171e+05 -8.03042342e+01 
 4.29866235e+05  5.72171379e+01  4.29866235e+05 -8.19641362e+01 
 4.64158883e+05  5.65865148e+01  4.64158883e+05 -8.35915332e+01 
 5.01187234e+05  5.59492586e+01  5.01187234e+05 -8.51928458e+01 
 5.41169527e+05  5.53059325e+01  5.41169527e+05 -8.67748444e+01 
 5.84341413e+05  5.46569926e+01  5.84341413e+05 -8.83445809e+01 
 6.30957344e+05  5.40027904e+01  6.30957344e+05 -8.99093386e+01 
 6.81292069e+05  5.33435764e+01  6.81292069e+05 -9.14765884e+01 
 7.35642254e+05  5.26795019e+01  7.35642254e+05 -9.30539546e+01 
 7.94328235e+05  5.20106206e+01  7.94328235e+05 -9.46491872e+01 
 8.57695899e+05  5.13368896e+01  8.57695899e+05 -9.62701347e+01 
 9.26118728e+05  5.06581687e+01  9.26118728e+05 -9.79247186e+01 
 1.00000000e+06  4.99742195e+01  1.00000000e+06 -9.96209059e+01 
 1.07977516e+06  4.92847038e+01  1.07977516e+06 -1.01366676e+02 
 1.16591440e+06  4.85891808e+01  1.16591440e+06 -1.03169982e+02 
 1.25892541e+06  4.78871046e+01  1.25892541e+06 -1.05038698e+02 
 1.35935639e+06  4.71778221e+01  1.35935639e+06 -1.06980561e+02 
 1.46779927e+06  4.64605711e+01  1.46779927e+06 -1.09003094e+02 
 1.58489319e+06  4.57344795e+01  1.58489319e+06 -1.11113514e+02 
 1.71132830e+06  4.49985678e+01  1.71132830e+06 -1.13318631e+02 
 1.84784980e+06  4.42517528e+01  1.84784980e+06 -1.15624722e+02 
 1.99526231e+06  4.34928571e+01  1.99526231e+06 -1.18037403e+02 
 2.15443469e+06  4.27206217e+01  2.15443469e+06 -1.20561486e+02 
 2.32630507e+06  4.19337256e+01  2.32630507e+06 -1.23200843e+02 
 2.51188643e+06  4.11308112e+01  2.51188643e+06 -1.25958265e+02 
 2.71227258e+06  4.03105163e+01  2.71227258e+06 -1.28835360e+02 
 2.92864456e+06  3.94715125e+01  2.92864456e+06 -1.31832465e+02 
 3.16227766e+06  3.86125491e+01  3.16227766e+06 -1.34948618e+02 
 3.41454887e+06  3.77324999e+01  3.41454887e+06 -1.38181586e+02 
 3.68694506e+06  3.68304115e+01  3.68694506e+06 -1.41527957e+02 
 3.98107171e+06  3.59055491e+01  3.98107171e+06 -1.44983312e+02 
 4.29866235e+06  3.49574364e+01  4.29866235e+06 -1.48542467e+02 
 4.64158883e+06  3.39858852e+01  4.64158883e+06 -1.52199776e+02 
 5.01187234e+06  3.29910128e+01  5.01187234e+06 -1.55949480e+02 
 5.41169527e+06  3.19732436e+01  5.41169527e+06 -1.59786081e+02 
 5.84341413e+06  3.09332942e+01  5.84341413e+06 -1.63704714e+02 
 6.30957344e+06  2.98721407e+01  6.30957344e+06 -1.67701502e+02 
 6.81292069e+06  2.87909711e+01  6.81292069e+06 -1.71773868e+02 
 7.35642254e+06  2.76911212e+01  7.35642254e+06 -1.75920808e+02 
 7.94328235e+06  2.65739995e+01  7.94328235e+06 -1.80143121e+02 
 8.57695899e+06  2.54409992e+01  8.57695899e+06 -1.84443624e+02 
 9.26118728e+06  2.42934018e+01  9.26118728e+06 -1.88827389e+02 
 1.00000000e+07  2.31322706e+01  1.00000000e+07 -1.93302043e+02 
 1.07977516e+07  2.19583370e+01  1.07977516e+07 -1.97878227e+02 
 1.16591440e+07  2.07718796e+01  1.16591440e+07 -2.02570300e+02 
 1.25892541e+07  1.95725993e+01  1.25892541e+07 -2.07397430e+02 
 1.35935639e+07  1.83594977e+01  1.35935639e+07 -2.12385270e+02 
 1.46779927e+07  1.71307739e+01  1.46779927e+07 -2.17568470e+02 
 1.58489319e+07  1.58837726e+01  1.58489319e+07 -2.22994437e+02 
 1.71132830e+07  1.46150505e+01  1.71132830e+07 -2.28728880e+02 
 1.84784980e+07  1.33207014e+01  1.84784980e+07 -2.34863944e+02 
 1.99526231e+07  1.19972274e+01  1.99526231e+07 -2.41529931e+02 
 2.15443469e+07  1.06435452e+01  2.15443469e+07 -2.48911463e+02 
 2.32630507e+07  9.26529469e+00  2.32630507e+07 -2.57267245e+02 
 2.51188643e+07  7.88352379e+00  2.51188643e+07 -2.66945678e+02 
 2.71227258e+07  6.55039314e+00  2.71227258e+07 -2.78367831e+02 
 2.92864456e+07  5.37091699e+00  2.92864456e+07 -2.91905267e+02 
 3.16227766e+07  4.51210810e+00  3.16227766e+07 -3.07553136e+02 
 3.41454887e+07  4.15248490e+00  3.41454887e+07 -3.24494980e+02 
 3.68694506e+07  4.36190182e+00  3.68694506e+07 -3.41148226e+02 
 3.98107171e+07  5.03904293e+00  3.98107171e+07 -3.56030458e+02 
 4.29866235e+07  5.99812138e+00  4.29866235e+07 -3.68505846e+02 
 4.64158883e+07  7.08146267e+00  4.64158883e+07 -3.78681773e+02 
 5.01187234e+07  8.19487044e+00  5.01187234e+07 -3.86963533e+02 
 5.41169527e+07  9.29323511e+00  5.41169527e+07 -3.93770263e+02 
 5.84341413e+07  1.03594044e+01  5.84341413e+07 -3.99440390e+02 
 6.30957344e+07  1.13900247e+01  6.30957344e+07 -4.04224116e+02 
 6.81292069e+07  1.23879264e+01  6.81292069e+07 -4.08300341e+02 
 7.35642254e+07  1.33583861e+01  7.35642254e+07 -4.11795183e+02 
 7.94328235e+07  1.43073743e+01  7.94328235e+07 -4.14796409e+02 
 8.57695899e+07  1.52407580e+01  8.57695899e+07 -4.17363491e+02 
 9.26118728e+07  1.61639347e+01  9.26118728e+07 -4.19534266e+02 
 1.00000000e+08  1.70816386e+01  1.00000000e+08 -4.21329190e+02 
 1.07977516e+08  1.79977835e+01  1.07977516e+08 -4.22753970e+02 
 1.16591440e+08  1.89152652e+01  1.16591440e+08 -4.23801182e+02 
 1.25892541e+08  1.98356733e+01  1.25892541e+08 -4.24451402e+02 
 1.35935639e+08  2.07588802e+01  1.35935639e+08 -4.24674396e+02 
 1.46779927e+08  2.16824934e+01  1.46779927e+08 -4.24431026e+02 
 1.58489319e+08  2.26011999e+01  1.58489319e+08 -4.23676685e+02 
 1.71132830e+08  2.35061012e+01  1.71132830e+08 -4.22367217e+02 
 1.84784980e+08  2.43842579e+01  1.84784980e+08 -4.20468096e+02 
 1.99526231e+08  2.52187972e+01  1.99526231e+08 -4.17966888e+02 
 2.15443469e+08  2.59900203e+01  2.15443469e+08 -4.14887278e+02 
 2.32630507e+08  2.66778037e+01  2.32630507e+08 -4.11300409e+02 
 2.51188643e+08  2.72650852e+01  2.51188643e+08 -4.07327439e+02 
 2.71227258e+08  2.77414746e+01  2.71227258e+08 -4.03128493e+02 
 2.92864456e+08  2.81055485e+01  2.92864456e+08 -3.98878868e+02 
 3.16227766e+08  2.83647858e+01  3.16227766e+08 -3.94740507e+02 
 3.41454887e+08  2.85332622e+01  3.41454887e+08 -3.90839534e+02 
 3.68694506e+08  2.86282742e+01  3.68694506e+08 -3.87256572e+02 
 3.98107171e+08  2.86672434e+01  3.98107171e+08 -3.84029386e+02 
 4.29866235e+08  2.86656806e+01  4.29866235e+08 -3.81162733e+02 
 4.64158883e+08  2.86362838e+01  4.64158883e+08 -3.78639912e+02 
 5.01187234e+08  2.85888561e+01  5.01187234e+08 -3.76432605e+02 
 5.41169527e+08  2.85306554e+01  5.41169527e+08 -3.74507829e+02 
 5.84341413e+08  2.84668914e+01  5.84341413e+08 -3.72832212e+02 
 6.30957344e+08  2.84012102e+01  6.30957344e+08 -3.71374292e+02 
 6.81292069e+08  2.83361007e+01  6.81292069e+08 -3.70105548e+02 
 7.35642254e+08  2.82732110e+01  7.35642254e+08 -3.69000705e+02 
 7.94328235e+08  2.82135842e+01  7.94328235e+08 -3.68037672e+02 
 8.57695899e+08  2.81578318e+01  8.57695899e+08 -3.67197299e+02 
 9.26118728e+08  2.81062597e+01  9.26118728e+08 -3.66463074e+02 
 1.00000000e+09  2.80589610e+01  1.00000000e+09 -3.65820813e+02 
