 1.00000000e+00  1.05198812e+02  1.00000000e+00 -1.79966320e+02 
 1.07977516e+00  1.05198812e+02  1.07977516e+00 -1.79963633e+02 
 1.16591440e+00  1.05198811e+02  1.16591440e+00 -1.79960732e+02 
 1.25892541e+00  1.05198811e+02  1.25892541e+00 -1.79957599e+02 
 1.35935639e+00  1.05198811e+02  1.35935639e+00 -1.79954217e+02 
 1.46779927e+00  1.05198810e+02  1.46779927e+00 -1.79950564e+02 
 1.58489319e+00  1.05198810e+02  1.58489319e+00 -1.79946621e+02 
 1.71132830e+00  1.05198809e+02  1.71132830e+00 -1.79942362e+02 
 1.84784980e+00  1.05198808e+02  1.84784980e+00 -1.79937764e+02 
 1.99526231e+00  1.05198807e+02  1.99526231e+00 -1.79932800e+02 
 2.15443469e+00  1.05198806e+02  2.15443469e+00 -1.79927439e+02 
 2.32630507e+00  1.05198805e+02  2.32630507e+00 -1.79921650e+02 
 2.51188643e+00  1.05198804e+02  2.51188643e+00 -1.79915400e+02 
 2.71227258e+00  1.05198802e+02  2.71227258e+00 -1.79908651e+02 
 2.92864456e+00  1.05198800e+02  2.92864456e+00 -1.79901363e+02 
 3.16227766e+00  1.05198798e+02  3.16227766e+00 -1.79893494e+02 
 3.41454887e+00  1.05198796e+02  3.41454887e+00 -1.79884998e+02 
 3.68694506e+00  1.05198793e+02  3.68694506e+00 -1.79875824e+02 
 3.98107171e+00  1.05198790e+02  3.98107171e+00 -1.79865918e+02 
 4.29866235e+00  1.05198786e+02  4.29866235e+00 -1.79855221e+02 
 4.64158883e+00  1.05198781e+02  4.64158883e+00 -1.79843672e+02 
 5.01187234e+00  1.05198776e+02  5.01187234e+00 -1.79831200e+02 
 5.41169527e+00  1.05198769e+02  5.41169527e+00 -1.79817735e+02 
 5.84341413e+00  1.05198762e+02  5.84341413e+00 -1.79803194e+02 
 6.30957344e+00  1.05198754e+02  6.30957344e+00 -1.79787494e+02 
 6.81292069e+00  1.05198744e+02  6.81292069e+00 -1.79770542e+02 
 7.35642254e+00  1.05198732e+02  7.35642254e+00 -1.79752237e+02 
 7.94328235e+00  1.05198719e+02  7.94328235e+00 -1.79732472e+02 
 8.57695899e+00  1.05198703e+02  8.57695899e+00 -1.79711130e+02 
 9.26118728e+00  1.05198685e+02  9.26118728e+00 -1.79688086e+02 
 1.00000000e+01  1.05198663e+02  1.00000000e+01 -1.79663204e+02 
 1.07977516e+01  1.05198638e+02  1.07977516e+01 -1.79636336e+02 
 1.16591440e+01  1.05198609e+02  1.16591440e+01 -1.79607326e+02 
 1.25892541e+01  1.05198575e+02  1.25892541e+01 -1.79576001e+02 
 1.35935639e+01  1.05198536e+02  1.35935639e+01 -1.79542178e+02 
 1.46779927e+01  1.05198490e+02  1.46779927e+01 -1.79505657e+02 
 1.58489319e+01  1.05198436e+02  1.58489319e+01 -1.79466223e+02 
 1.71132830e+01  1.05198373e+02  1.71132830e+01 -1.79423643e+02 
 1.84784980e+01  1.05198301e+02  1.84784980e+01 -1.79377668e+02 
 1.99526231e+01  1.05198215e+02  1.99526231e+01 -1.79328026e+02 
 2.15443469e+01  1.05198116e+02  2.15443469e+01 -1.79274424e+02 
 2.32630507e+01  1.05198001e+02  2.32630507e+01 -1.79216549e+02 
 2.51188643e+01  1.05197866e+02  2.51188643e+01 -1.79154057e+02 
 2.71227258e+01  1.05197709e+02  2.71227258e+01 -1.79086583e+02 
 2.92864456e+01  1.05197525e+02  2.92864456e+01 -1.79013729e+02 
 3.16227766e+01  1.05197312e+02  3.16227766e+01 -1.78935067e+02 
 3.41454887e+01  1.05197063e+02  3.41454887e+01 -1.78850133e+02 
 3.68694506e+01  1.05196772e+02  3.68694506e+01 -1.78758430e+02 
 3.98107171e+01  1.05196434e+02  3.98107171e+01 -1.78659419e+02 
 4.29866235e+01  1.05196039e+02  4.29866235e+01 -1.78552517e+02 
 4.64158883e+01  1.05195579e+02  4.64158883e+01 -1.78437099e+02 
 5.01187234e+01  1.05195042e+02  5.01187234e+01 -1.78312488e+02 
 5.41169527e+01  1.05194417e+02  5.41169527e+01 -1.78177954e+02 
 5.84341413e+01  1.05193688e+02  5.84341413e+01 -1.78032710e+02 
 6.30957344e+01  1.05192838e+02  6.30957344e+01 -1.77875908e+02 
 6.81292069e+01  1.05191847e+02  6.81292069e+01 -1.77706633e+02 
 7.35642254e+01  1.05190693e+02  7.35642254e+01 -1.77523899e+02 
 7.94328235e+01  1.05189347e+02  7.94328235e+01 -1.77326644e+02 
 8.57695899e+01  1.05187778e+02  8.57695899e+01 -1.77113724e+02 
 9.26118728e+01  1.05185950e+02  9.26118728e+01 -1.76883909e+02 
 1.00000000e+02  1.05183820e+02  1.00000000e+02 -1.76635873e+02 
 1.07977516e+02  1.05181337e+02  1.07977516e+02 -1.76368192e+02 
 1.16591440e+02  1.05178444e+02  1.16591440e+02 -1.76079335e+02 
 1.25892541e+02  1.05175074e+02  1.25892541e+02 -1.75767659e+02 
 1.35935639e+02  1.05171148e+02  1.35935639e+02 -1.75431402e+02 
 1.46779927e+02  1.05166575e+02  1.46779927e+02 -1.75068675e+02 
 1.58489319e+02  1.05161249e+02  1.58489319e+02 -1.74677457e+02 
 1.71132830e+02  1.05155048e+02  1.71132830e+02 -1.74255590e+02 
 1.84784980e+02  1.05147829e+02  1.84784980e+02 -1.73800771e+02 
 1.99526231e+02  1.05139427e+02  1.99526231e+02 -1.73310551e+02 
 2.15443469e+02  1.05129653e+02  2.15443469e+02 -1.72782329e+02 
 2.32630507e+02  1.05118284e+02  2.32630507e+02 -1.72213354e+02 
 2.51188643e+02  1.05105066e+02  2.51188643e+02 -1.71600725e+02 
 2.71227258e+02  1.05089706e+02  2.71227258e+02 -1.70941395e+02 
 2.92864456e+02  1.05071865e+02  2.92864456e+02 -1.70232182e+02 
 3.16227766e+02  1.05051157e+02  3.16227766e+02 -1.69469781e+02 
 3.41454887e+02  1.05027137e+02  3.41454887e+02 -1.68650786e+02 
 3.68694506e+02  1.04999299e+02  3.68694506e+02 -1.67771717e+02 
 3.98107171e+02  1.04967065e+02  3.98107171e+02 -1.66829059e+02 
 4.29866235e+02  1.04929783e+02  4.29866235e+02 -1.65819312e+02 
 4.64158883e+02  1.04886716e+02  4.64158883e+02 -1.64739047e+02 
 5.01187234e+02  1.04837036e+02  5.01187234e+02 -1.63584989e+02 
 5.41169527e+02  1.04779823e+02  5.41169527e+02 -1.62354103e+02 
 5.84341413e+02  1.04714055e+02  5.84341413e+02 -1.61043704e+02 
 6.30957344e+02  1.04638611e+02  6.30957344e+02 -1.59651580e+02 
 6.81292069e+02  1.04552275e+02  6.81292069e+02 -1.58176133e+02 
 7.35642254e+02  1.04453734e+02  7.35642254e+02 -1.56616530e+02 
 7.94328235e+02  1.04341598e+02  7.94328235e+02 -1.54972862e+02 
 8.57695899e+02  1.04214410e+02  8.57695899e+02 -1.53246303e+02 
 9.26118728e+02  1.04070676e+02  9.26118728e+02 -1.51439264e+02 
 1.00000000e+03  1.03908892e+02  1.00000000e+03 -1.49555505e+02 
 1.07977516e+03  1.03727570e+02  1.07977516e+03 -1.47600280e+02 
 1.16591440e+03  1.03525301e+02  1.16591440e+03 -1.45580312e+02 
 1.25892541e+03  1.03300785e+02  1.25892541e+03 -1.43503819e+02 
 1.35935639e+03  1.03052881e+02  1.35935639e+03 -1.41380420e+02 
 1.46779927e+03  1.02780654e+02  1.46779927e+03 -1.39220969e+02 
 1.58489319e+03  1.02483410e+02  1.58489319e+03 -1.37037325e+02 
 1.71132830e+03  1.02160737e+02  1.71132830e+03 -1.34841990e+02 
 1.84784980e+03  1.01812503e+02  1.84784980e+03 -1.32647884e+02 
 1.99526231e+03  1.01438885e+02  1.99526231e+03 -1.30467857e+02 
 2.15443469e+03  1.01040351e+02  2.15443469e+03 -1.28314336e+02 
 2.32630507e+03  1.00617630e+02  2.32630507e+03 -1.26199058e+02 
 2.51188643e+03  1.00171699e+02  2.51188643e+03 -1.24132678e+02 
 2.71227258e+03  9.97037263e+01  2.71227258e+03 -1.22124610e+02 
 2.92864456e+03  9.92150373e+01  2.92864456e+03 -1.20182795e+02 
 3.16227766e+03  9.87070560e+01  3.16227766e+03 -1.18313767e+02 
 3.41454887e+03  9.81812699e+01  3.41454887e+03 -1.16522529e+02 
 3.68694506e+03  9.76391856e+01  3.68694506e+03 -1.14812644e+02 
 3.98107171e+03  9.70822972e+01  3.98107171e+03 -1.13186286e+02 
 4.29866235e+03  9.65120492e+01  4.29866235e+03 -1.11644479e+02 
 4.64158883e+03  9.59298201e+01  4.64158883e+03 -1.10187185e+02 
 5.01187234e+03  9.53369068e+01  5.01187234e+03 -1.08813433e+02 
 5.41169527e+03  9.47345113e+01  5.41169527e+03 -1.07521555e+02 
 5.84341413e+03  9.41237383e+01  5.84341413e+03 -1.06309261e+02 
 6.30957344e+03  9.35055905e+01  6.30957344e+03 -1.05173866e+02 
 6.81292069e+03  9.28809747e+01  6.81292069e+03 -1.04112295e+02 
 7.35642254e+03  9.22507016e+01  7.35642254e+03 -1.03121301e+02 
 7.94328235e+03  9.16154938e+01  7.94328235e+03 -1.02197485e+02 
 8.57695899e+03  9.09759921e+01  8.57695899e+03 -1.01337362e+02 
 9.26118728e+03  9.03327600e+01  9.26118728e+03 -1.00537499e+02 
 1.00000000e+04  8.96862938e+01  1.00000000e+04 -9.97944712e+01 
 1.07977516e+04  8.90370277e+01  1.07977516e+04 -9.91049447e+01 
 1.16591440e+04  8.83853405e+01  1.16591440e+04 -9.84656981e+01 
 1.25892541e+04  8.77315620e+01  1.25892541e+04 -9.78736537e+01 
 1.35935639e+04  8.70759791e+01  1.35935639e+04 -9.73258540e+01 
 1.46779927e+04  8.64188404e+01  1.46779927e+04 -9.68195121e+01 
 1.58489319e+04  8.57603612e+01  1.58489319e+04 -9.63519922e+01 
 1.71132830e+04  8.51007278e+01  1.71132830e+04 -9.59208113e+01 
 1.84784980e+04  8.44401007e+01  1.84784980e+04 -9.55236567e+01 
 1.99526231e+04  8.37786189e+01  1.99526231e+04 -9.51583610e+01 
 2.15443469e+04  8.31164016e+01  2.15443469e+04 -9.48229221e+01 
 2.32630507e+04  8.24535520e+01  2.32630507e+04 -9.45154656e+01 
 2.51188643e+04  8.17901585e+01  2.51188643e+04 -9.42342743e+01 
 2.71227258e+04  8.11262974e+01  2.71227258e+04 -9.39777627e+01 
 2.92864456e+04  8.04620339e+01  2.92864456e+04 -9.37444689e+01 
 3.16227766e+04  7.97974243e+01  3.16227766e+04 -9.35330704e+01 
 3.41454887e+04  7.91325165e+01  3.41454887e+04 -9.33423564e+01 
 3.68694506e+04  7.84673519e+01  3.68694506e+04 -9.31712321e+01 
 3.98107171e+04  7.78019655e+01  3.98107171e+04 -9.30187068e+01 
 4.29866235e+04  7.71363875e+01  4.29866235e+04 -9.28839057e+01 
 4.64158883e+04  7.64706435e+01  4.64158883e+04 -9.27660434e+01 
 5.01187234e+04  7.58047550e+01  5.01187234e+04 -9.26644401e+01 
 5.41169527e+04  7.51387404e+01  5.41169527e+04 -9.25785039e+01 
 5.84341413e+04  7.44726151e+01  5.84341413e+04 -9.25077376e+01 
 6.30957344e+04  7.38063917e+01  6.30957344e+04 -9.24517276e+01 
 6.81292069e+04  7.31400808e+01  6.81292069e+04 -9.24101488e+01 
 7.35642254e+04  7.24736907e+01  7.35642254e+04 -9.23827566e+01 
 7.94328235e+04  7.18072279e+01  7.94328235e+04 -9.23693979e+01 
 8.57695899e+04  7.11406973e+01  8.57695899e+04 -9.23699911e+01 
 9.26118728e+04  7.04741019e+01  9.26118728e+04 -9.23845430e+01 
 1.00000000e+05  6.98074436e+01  1.00000000e+05 -9.24131383e+01 
 1.07977516e+05  6.91407224e+01  1.07977516e+05 -9.24559468e+01 
 1.16591440e+05  6.84739372e+01  1.16591440e+05 -9.25132202e+01 
 1.25892541e+05  6.78070851e+01  1.25892541e+05 -9.25852928e+01 
 1.35935639e+05  6.71401618e+01  1.35935639e+05 -9.26725907e+01 
 1.46779927e+05  6.64731612e+01  1.46779927e+05 -9.27756239e+01 
 1.58489319e+05  6.58060755e+01  1.58489319e+05 -9.28949962e+01 
 1.71132830e+05  6.51388947e+01  1.71132830e+05 -9.30314088e+01 
 1.84784980e+05  6.44716068e+01  1.84784980e+05 -9.31856581e+01 
 1.99526231e+05  6.38041972e+01  1.99526231e+05 -9.33586467e+01 
 2.15443469e+05  6.31366484e+01  2.15443469e+05 -9.35513849e+01 
 2.32630507e+05  6.24689397e+01  2.32630507e+05 -9.37649976e+01 
 2.51188643e+05  6.18010465e+01  2.51188643e+05 -9.40007287e+01 
 2.71227258e+05  6.11329403e+01  2.71227258e+05 -9.42599495e+01 
 2.92864456e+05  6.04645871e+01  2.92864456e+05 -9.45441647e+01 
 3.16227766e+05  5.97959475e+01  3.16227766e+05 -9.48550198e+01 
 3.41454887e+05  5.91269754e+01  3.41454887e+05 -9.51943106e+01 
 3.68694506e+05  5.84576170e+01  3.68694506e+05 -9.55639907e+01 
 3.98107171e+05  5.77878096e+01  3.98107171e+05 -9.59661807e+01 
 4.29866235e+05  5.71174801e+01  4.29866235e+05 -9.64031784e+01 
 4.64158883e+05  5.64465437e+01  4.64158883e+05 -9.68774683e+01 
 5.01187234e+05  5.57749016e+01  5.01187234e+05 -9.73917302e+01 
 5.41169527e+05  5.51024393e+01  5.41169527e+05 -9.79488511e+01 
 5.84341413e+05  5.44290238e+01  5.84341413e+05 -9.85519340e+01 
 6.30957344e+05  5.37545010e+01  6.30957344e+05 -9.92043067e+01 
 6.81292069e+05  5.30786925e+01  6.81292069e+05 -9.99095302e+01 
 7.35642254e+05  5.24013920e+01  7.35642254e+05 -1.00671406e+02 
 7.94328235e+05  5.17223616e+01  7.94328235e+05 -1.01493981e+02 
 8.57695899e+05  5.10413267e+01  8.57695899e+05 -1.02381549e+02 
 9.26118728e+05  5.03579717e+01  9.26118728e+05 -1.03338649e+02 
 1.00000000e+06  4.96719343e+01  1.00000000e+06 -1.04370063e+02 
 1.07977516e+06  4.89827998e+01  1.07977516e+06 -1.05480799e+02 
 1.16591440e+06  4.82900949e+01  1.16591440e+06 -1.06676079e+02 
 1.25892541e+06  4.75932814e+01  1.25892541e+06 -1.07961305e+02 
 1.35935639e+06  4.68917495e+01  1.35935639e+06 -1.09342029e+02 
 1.46779927e+06  4.61848120e+01  1.46779927e+06 -1.10823896e+02 
 1.58489319e+06  4.54716984e+01  1.58489319e+06 -1.12412589e+02 
 1.71132830e+06  4.47515503e+01  1.71132830e+06 -1.14113746e+02 
 1.84784980e+06  4.40234185e+01  1.84784980e+06 -1.15932867e+02 
 1.99526231e+06  4.32862625e+01  1.99526231e+06 -1.17875205e+02 
 2.15443469e+06  4.25389529e+01  2.15443469e+06 -1.19945641e+02 
 2.32630507e+06  4.17802782e+01  2.32630507e+06 -1.22148543e+02 
 2.51188643e+06  4.10089560e+01  2.51188643e+06 -1.24487621e+02 
 2.71227258e+06  4.02236509e+01  2.71227258e+06 -1.26965774e+02 
 2.92864456e+06  3.94229983e+01  2.92864456e+06 -1.29584952e+02 
 3.16227766e+06  3.86056347e+01  3.16227766e+06 -1.32346027e+02 
 3.41454887e+06  3.77702346e+01  3.41454887e+06 -1.35248700e+02 
 3.68694506e+06  3.69155532e+01  3.68694506e+06 -1.38291448e+02 
 3.98107171e+06  3.60404722e+01  3.98107171e+06 -1.41471537e+02 
 4.29866235e+06  3.51440465e+01  4.29866235e+06 -1.44785091e+02 
 4.64158883e+06  3.42255491e+01  4.64158883e+06 -1.48227240e+02 
 5.01187234e+06  3.32845094e+01  5.01187234e+06 -1.51792341e+02 
 5.41169527e+06  3.23207413e+01  5.41169527e+06 -1.55474256e+02 
 5.84341413e+06  3.13343583e+01  5.84341413e+06 -1.59266683e+02 
 6.30957344e+06  3.03257708e+01  6.30957344e+06 -1.63163518e+02 
 6.81292069e+06  2.92956663e+01  6.81292069e+06 -1.67159221e+02 
 7.35642254e+06  2.82449692e+01  7.35642254e+06 -1.71249170e+02 
 7.94328235e+06  2.71747824e+01  7.94328235e+06 -1.75429998e+02 
 8.57695899e+06  2.60863104e+01  8.57695899e+06 -1.79699907e+02 
 9.26118728e+06  2.49807665e+01  9.26118728e+06 -1.84058965e+02 
 1.00000000e+07  2.38592643e+01  1.00000000e+07 -1.88509438e+02 
 1.07977516e+07  2.27226960e+01  1.07977516e+07 -1.93056195e+02 
 1.16591440e+07  2.15715987e+01  1.16591440e+07 -1.97707266e+02 
 1.25892541e+07  2.04060097e+01  1.25892541e+07 -2.02474676e+02 
 1.35935639e+07  1.92253143e+01  1.35935639e+07 -2.07375683e+02 
 1.46779927e+07  1.80280939e+01  1.46779927e+07 -2.12434663e+02 
 1.58489319e+07  1.68119874e+01  1.58489319e+07 -2.17685930e+02 
 1.71132830e+07  1.55736016e+01  1.71132830e+07 -2.23177953e+02 
 1.84784980e+07  1.43085379e+01  1.84784980e+07 -2.28979674e+02 
 1.99526231e+07  1.30116908e+01  1.99526231e+07 -2.35189912e+02 
 2.15443469e+07  1.16781475e+01  2.15443469e+07 -2.41951262e+02 
 2.32630507e+07  1.03053971e+01  2.32630507e+07 -2.49469910e+02 
 2.51188643e+07  8.89832807e+00  2.51188643e+07 -2.58041005e+02 
 2.71227258e+07  7.47981026e+00  2.71227258e+07 -2.68070718e+02 
 2.92864456e+07  6.11069110e+00  2.92864456e+07 -2.80057717e+02 
 3.16227766e+07  4.91808904e+00  3.16227766e+07 -2.94432458e+02 
 3.41454887e+07  4.10437988e+00  3.41454887e+07 -3.11115573e+02 
 3.68694506e+07  3.86963039e+00  3.68694506e+07 -3.28979483e+02 
 3.98107171e+07  4.25429410e+00  3.98107171e+07 -3.46089033e+02 
 4.29866235e+07  5.09903458e+00  4.29866235e+07 -3.60918328e+02 
 4.64158883e+07  6.18546468e+00  4.64158883e+07 -3.73045085e+02 
 5.01187234e+07  7.35541468e+00  5.01187234e+07 -3.82782650e+02 
 5.41169527e+07  8.52593714e+00  5.41169527e+07 -3.90642119e+02 
 5.84341413e+07  9.66263517e+00  5.84341413e+07 -3.97078279e+02 
 6.30957344e+07  1.07557597e+01  6.30957344e+07 -4.02433744e+02 
 6.81292069e+07  1.18065885e+01  6.81292069e+07 -4.06952146e+02 
 7.35642254e+07  1.28207809e+01  7.35642254e+07 -4.10803452e+02 
 7.94328235e+07  1.38053579e+01  7.94328235e+07 -4.14105301e+02 
 8.57695899e+07  1.47673927e+01  8.57695899e+07 -4.16938088e+02 
 9.26118728e+07  1.57134690e+01  9.26118728e+07 -4.19354947e+02 
 1.00000000e+08  1.66494563e+01  1.00000000e+08 -4.21388121e+02 
 1.07977516e+08  1.75803885e+01  1.07977516e+08 -4.23052909e+02 
 1.16591440e+08  1.85103340e+01  1.16591440e+08 -4.24350034e+02 
 1.25892541e+08  1.94421942e+01  1.25892541e+08 -4.25267074e+02 
 1.35935639e+08  2.03773848e+01  1.35935639e+08 -4.25779522e+02 
 1.46779927e+08  2.13153746e+01  1.46779927e+08 -4.25852080e+02 
 1.58489319e+08  2.22530765e+01  1.58489319e+08 -4.25440934e+02 
 1.71132830e+08  2.31841386e+01  1.71132830e+08 -4.24497934e+02 
 1.84784980e+08  2.40982733e+01  1.84784980e+08 -4.22977686e+02 
 1.99526231e+08  2.49808989e+01  1.99526231e+08 -4.20848253e+02 
 2.15443469e+08  2.58135105e+01  2.15443469e+08 -4.18105047e+02 
 2.32630507e+08  2.65752330e+01  2.32630507e+08 -4.14785342e+02 
 2.51188643e+08  2.72457505e+01  2.51188643e+08 -4.10978079e+02 
 2.71227258e+08  2.78091503e+01  2.71227258e+08 -4.06822448e+02 
 2.92864456e+08  2.82574325e+01  2.92864456e+08 -4.02491568e+02 
 3.16227766e+08  2.85921785e+01  3.16227766e+08 -3.98164778e+02 
 3.41454887e+08  2.88236277e+01  3.41454887e+08 -3.93998777e+02 
 3.68694506e+08  2.89677313e+01  3.68694506e+08 -3.90108284e+02 
 3.98107171e+08  2.90426030e+01  3.98107171e+08 -3.86560747e+02 
 4.29866235e+08  2.90656371e+01  4.29866235e+08 -3.83382366e+02 
 4.64158883e+08  2.90518311e+01  4.64158883e+08 -3.80569466e+02 
 5.01187234e+08  2.90131972e+01  5.01187234e+08 -3.78100050e+02 
 5.41169527e+08  2.89588725e+01  5.41169527e+08 -3.75942927e+02 
 5.84341413e+08  2.88955545e+01  5.84341413e+08 -3.74063823e+02 
 6.30957344e+08  2.88280151e+01  6.30957344e+08 -3.72428979e+02 
 6.81292069e+08  2.87595703e+01  6.81292069e+08 -3.71007006e+02 
 7.35642254e+08  2.86924632e+01  7.35642254e+08 -3.69769656e+02 
 7.94328235e+08  2.86281571e+01  7.94328235e+08 -3.68692000e+02 
 8.57695899e+08  2.85675550e+01  8.57695899e+08 -3.67752299e+02 
 9.26118728e+08  2.85111607e+01  9.26118728e+08 -3.66931744e+02 
 1.00000000e+09  2.84591966e+01  1.00000000e+09 -3.66214139e+02 
