 1.00000000e+00  6.27760765e+01  1.00000000e+00 -2.68684535e-04 
 1.07977516e+00  6.27760765e+01  1.07977516e+00 -2.90118887e-04 
 1.16591440e+00  6.27760765e+01  1.16591440e+00 -3.13263169e-04 
 1.25892541e+00  6.27760765e+01  1.25892541e+00 -3.38253789e-04 
 1.35935639e+00  6.27760765e+01  1.35935639e+00 -3.65238040e-04 
 1.46779927e+00  6.27760765e+01  1.46779927e+00 -3.94374964e-04 
 1.58489319e+00  6.27760765e+01  1.58489319e+00 -4.25836290e-04 
 1.71132830e+00  6.27760765e+01  1.71132830e+00 -4.59807450e-04 
 1.84784980e+00  6.27760765e+01  1.84784980e+00 -4.96488664e-04 
 1.99526231e+00  6.27760765e+01  1.99526231e+00 -5.36096127e-04 
 2.15443469e+00  6.27760765e+01  2.15443469e+00 -5.78863283e-04 
 2.32630507e+00  6.27760765e+01  2.32630507e+00 -6.25042195e-04 
 2.51188643e+00  6.27760765e+01  2.51188643e+00 -6.74905038e-04 
 2.71227258e+00  6.27760765e+01  2.71227258e+00 -7.28745697e-04 
 2.92864456e+00  6.27760765e+01  2.92864456e+00 -7.86881503e-04 
 3.16227766e+00  6.27760765e+01  3.16227766e+00 -8.49655103e-04 
 3.41454887e+00  6.27760765e+01  3.41454887e+00 -9.17436476e-04 
 3.68694506e+00  6.27760765e+01  3.68694506e+00 -9.90625120e-04 
 3.98107171e+00  6.27760765e+01  3.98107171e+00 -1.06965240e-03 
 4.29866235e+00  6.27760765e+01  4.29866235e+00 -1.15498409e-03 
 4.64158883e+00  6.27760765e+01  4.64158883e+00 -1.24712314e-03 
 5.01187234e+00  6.27760765e+01  5.01187234e+00 -1.34661259e-03 
 5.41169527e+00  6.27760765e+01  5.41169527e+00 -1.45403883e-03 
 5.84341413e+00  6.27760765e+01  5.84341413e+00 -1.57003501e-03 
 6.30957344e+00  6.27760765e+01  6.30957344e+00 -1.69528481e-03 
 6.81292069e+00  6.27760765e+01  6.81292069e+00 -1.83052643e-03 
 7.35642254e+00  6.27760765e+01  7.35642254e+00 -1.97655697e-03 
 7.94328235e+00  6.27760765e+01  7.94328235e+00 -2.13423712e-03 
 8.57695899e+00  6.27760765e+01  8.57695899e+00 -2.30449624e-03 
 9.26118728e+00  6.27760765e+01  9.26118728e+00 -2.48833780e-03 
 1.00000000e+01  6.27760765e+01  1.00000000e+01 -2.68684535e-03 
 1.07977516e+01  6.27760765e+01  1.07977516e+01 -2.90118887e-03 
 1.16591440e+01  6.27760765e+01  1.16591440e+01 -3.13263168e-03 
 1.25892541e+01  6.27760765e+01  1.25892541e+01 -3.38253789e-03 
 1.35935639e+01  6.27760765e+01  1.35935639e+01 -3.65238039e-03 
 1.46779927e+01  6.27760765e+01  1.46779927e+01 -3.94374963e-03 
 1.58489319e+01  6.27760765e+01  1.58489319e+01 -4.25836290e-03 
 1.71132830e+01  6.27760765e+01  1.71132830e+01 -4.59807449e-03 
 1.84784980e+01  6.27760764e+01  1.84784980e+01 -4.96488663e-03 
 1.99526231e+01  6.27760764e+01  1.99526231e+01 -5.36096126e-03 
 2.15443469e+01  6.27760764e+01  2.15443469e+01 -5.78863281e-03 
 2.32630507e+01  6.27760764e+01  2.32630507e+01 -6.25042193e-03 
 2.51188643e+01  6.27760764e+01  2.51188643e+01 -6.74905035e-03 
 2.71227258e+01  6.27760764e+01  2.71227258e+01 -7.28745694e-03 
 2.92864456e+01  6.27760764e+01  2.92864456e+01 -7.86881499e-03 
 3.16227766e+01  6.27760764e+01  3.16227766e+01 -8.49655097e-03 
 3.41454887e+01  6.27760764e+01  3.41454887e+01 -9.17436470e-03 
 3.68694506e+01  6.27760764e+01  3.68694506e+01 -9.90625112e-03 
 3.98107171e+01  6.27760763e+01  3.98107171e+01 -1.06965239e-02 
 4.29866235e+01  6.27760763e+01  4.29866235e+01 -1.15498408e-02 
 4.64158883e+01  6.27760763e+01  4.64158883e+01 -1.24712312e-02 
 5.01187234e+01  6.27760763e+01  5.01187234e+01 -1.34661257e-02 
 5.41169527e+01  6.27760762e+01  5.41169527e+01 -1.45403880e-02 
 5.84341413e+01  6.27760762e+01  5.84341413e+01 -1.57003498e-02 
 6.30957344e+01  6.27760761e+01  6.30957344e+01 -1.69528477e-02 
 6.81292069e+01  6.27760761e+01  6.81292069e+01 -1.83052638e-02 
 7.35642254e+01  6.27760760e+01  7.35642254e+01 -1.97655690e-02 
 7.94328235e+01  6.27760759e+01  7.94328235e+01 -2.13423704e-02 
 8.57695899e+01  6.27760759e+01  8.57695899e+01 -2.30449613e-02 
 9.26118728e+01  6.27760757e+01  9.26118728e+01 -2.48833767e-02 
 1.00000000e+02  6.27760756e+01  1.00000000e+02 -2.68684518e-02 
 1.07977516e+02  6.27760755e+01  1.07977516e+02 -2.90118867e-02 
 1.16591440e+02  6.27760753e+01  1.16591440e+02 -3.13263142e-02 
 1.25892541e+02  6.27760751e+01  1.25892541e+02 -3.38253756e-02 
 1.35935639e+02  6.27760749e+01  1.35935639e+02 -3.65237998e-02 
 1.46779927e+02  6.27760746e+01  1.46779927e+02 -3.94374911e-02 
 1.58489319e+02  6.27760743e+01  1.58489319e+02 -4.25836225e-02 
 1.71132830e+02  6.27760740e+01  1.71132830e+02 -4.59807367e-02 
 1.84784980e+02  6.27760736e+01  1.84784980e+02 -4.96488559e-02 
 1.99526231e+02  6.27760731e+01  1.99526231e+02 -5.36095996e-02 
 2.15443469e+02  6.27760725e+01  2.15443469e+02 -5.78863117e-02 
 2.32630507e+02  6.27760719e+01  2.32630507e+02 -6.25041987e-02 
 2.51188643e+02  6.27760711e+01  2.51188643e+02 -6.74904775e-02 
 2.71227258e+02  6.27760702e+01  2.71227258e+02 -7.28745366e-02 
 2.92864456e+02  6.27760692e+01  2.92864456e+02 -7.86881087e-02 
 3.16227766e+02  6.27760680e+01  3.16227766e+02 -8.49654579e-02 
 3.41454887e+02  6.27760665e+01  3.41454887e+02 -9.17435817e-02 
 3.68694506e+02  6.27760649e+01  3.68694506e+02 -9.90624290e-02 
 3.98107171e+02  6.27760630e+01  3.98107171e+02 -1.06965135e-01 
 4.29866235e+02  6.27760607e+01  4.29866235e+02 -1.15498278e-01 
 4.64158883e+02  6.27760581e+01  4.64158883e+02 -1.24712148e-01 
 5.01187234e+02  6.27760551e+01  5.01187234e+02 -1.34661050e-01 
 5.41169527e+02  6.27760515e+01  5.41169527e+02 -1.45403620e-01 
 5.84341413e+02  6.27760474e+01  5.84341413e+02 -1.57003170e-01 
 6.30957344e+02  6.27760425e+01  6.30957344e+02 -1.69528065e-01 
 6.81292069e+02  6.27760369e+01  6.81292069e+02 -1.83052119e-01 
 7.35642254e+02  6.27760303e+01  7.35642254e+02 -1.97655037e-01 
 7.94328235e+02  6.27760227e+01  7.94328235e+02 -2.13422882e-01 
 8.57695899e+02  6.27760138e+01  8.57695899e+02 -2.30448578e-01 
 9.26118728e+02  6.27760033e+01  9.26118728e+02 -2.48832464e-01 
 1.00000000e+03  6.27759912e+01  1.00000000e+03 -2.68682877e-01 
 1.07977516e+03  6.27759770e+01  1.07977516e+03 -2.90116800e-01 
 1.16591440e+03  6.27759605e+01  1.16591440e+03 -3.13260542e-01 
 1.25892541e+03  6.27759413e+01  1.25892541e+03 -3.38250482e-01 
 1.35935639e+03  6.27759189e+01  1.35935639e+03 -3.65233876e-01 
 1.46779927e+03  6.27758928e+01  1.46779927e+03 -3.94369723e-01 
 1.58489319e+03  6.27758623e+01  1.58489319e+03 -4.25829694e-01 
 1.71132830e+03  6.27758267e+01  1.71132830e+03 -4.59799144e-01 
 1.84784980e+03  6.27757853e+01  1.84784980e+03 -4.96478207e-01 
 1.99526231e+03  6.27757370e+01  1.99526231e+03 -5.36082964e-01 
 2.15443469e+03  6.27756807e+01  2.15443469e+03 -5.78846710e-01 
 2.32630507e+03  6.27756150e+01  2.32630507e+03 -6.25021332e-01 
 2.51188643e+03  6.27755385e+01  2.51188643e+03 -6.74878774e-01 
 2.71227258e+03  6.27754492e+01  2.71227258e+03 -7.28712636e-01 
 2.92864456e+03  6.27753451e+01  2.92864456e+03 -7.86839878e-01 
 3.16227766e+03  6.27752238e+01  3.16227766e+03 -8.49602697e-01 
 3.41454887e+03  6.27750823e+01  3.41454887e+03 -9.17370502e-01 
 3.68694506e+03  6.27749174e+01  3.68694506e+03 -9.90542071e-01 
 3.98107171e+03  6.27747251e+01  3.98107171e+03 -1.06954785e+00 
 4.29866235e+03  6.27745009e+01  4.29866235e+03 -1.15485247e+00 
 4.64158883e+03  6.27742397e+01  4.64158883e+03 -1.24695745e+00 
 5.01187234e+03  6.27739349e+01  5.01187234e+03 -1.34640401e+00 
 5.41169527e+03  6.27735798e+01  5.41169527e+03 -1.45377625e+00 
 5.84341413e+03  6.27731656e+01  5.84341413e+03 -1.56970446e+00 
 6.30957344e+03  6.27726829e+01  6.30957344e+03 -1.69486870e+00 
 6.81292069e+03  6.27721200e+01  6.81292069e+03 -1.83000261e+00 
 7.35642254e+03  6.27714639e+01  7.35642254e+03 -1.97589758e+00 
 7.94328235e+03  6.27706991e+01  7.94328235e+03 -2.13340710e+00 
 8.57695899e+03  6.27698075e+01  8.57695899e+03 -2.30345141e+00 
 9.26118728e+03  6.27687683e+01  9.26118728e+03 -2.48702263e+00 
 1.00000000e+04  6.27675570e+01  1.00000000e+04 -2.68518995e+00 
 1.07977516e+04  6.27661451e+01  1.07977516e+04 -2.89910526e+00 
 1.16591440e+04  6.27644995e+01  1.16591440e+04 -3.13000915e+00 
 1.25892541e+04  6.27625817e+01  1.25892541e+04 -3.37923720e+00 
 1.35935639e+04  6.27603468e+01  1.35935639e+04 -3.64822636e+00 
 1.46779927e+04  6.27577425e+01  1.46779927e+04 -3.93852190e+00 
 1.58489319e+04  6.27547081e+01  1.58489319e+04 -4.25178434e+00 
 1.71132830e+04  6.27511729e+01  1.71132830e+04 -4.58979660e+00 
 1.84784980e+04  6.27470547e+01  1.84784980e+04 -4.95447128e+00 
 1.99526231e+04  6.27422582e+01  1.99526231e+04 -5.34785777e+00 
 2.15443469e+04  6.27366725e+01  2.15443469e+04 -5.77214923e+00 
 2.32630507e+04  6.27301692e+01  2.32630507e+04 -6.22968902e+00 
 2.51188643e+04  6.27225991e+01  2.51188643e+04 -6.72297644e+00 
 2.71227258e+04  6.27137895e+01  2.71227258e+04 -7.25467177e+00 
 2.92864456e+04  6.27035408e+01  2.92864456e+04 -7.82759933e+00 
 3.16227766e+04  6.26916219e+01  3.16227766e+04 -8.44474896e+00 
 3.41454887e+04  6.26777666e+01  3.41454887e+04 -9.10927475e+00 
 3.68694506e+04  6.26616679e+01  3.68694506e+04 -9.82449023e+00 
 3.98107171e+04  6.26429728e+01  3.98107171e+04 -1.05938592e+01 
 4.29866235e+04  6.26212769e+01  4.29866235e+04 -1.14209819e+01 
 4.64158883e+04  6.25961168e+01  4.64158883e+04 -1.23095730e+01 
 5.01187234e+04  6.25669645e+01  5.01187234e+04 -1.32634327e+01 
 5.41169527e+04  6.25332197e+01  5.41169527e+04 -1.42864076e+01 
 5.84341413e+04  6.24942030e+01  5.84341413e+04 -1.53823404e+01 
 6.30957344e+04  6.24491496e+01  6.30957344e+04 -1.65550065e+01 
 6.81292069e+04  6.23972021e+01  6.81292069e+04 -1.78080348e+01 
 7.35642254e+04  6.23374071e+01  7.35642254e+04 -1.91448163e+01 
 7.94328235e+04  6.22687109e+01  7.94328235e+04 -2.05683912e+01 
 8.57695899e+04  6.21899599e+01  8.57695899e+04 -2.20813250e+01 
 9.26118728e+04  6.20999032e+01  9.26118728e+04 -2.36855664e+01 
 1.00000000e+05  6.19972000e+01  1.00000000e+05 -2.53822968e+01 
 1.07977516e+05  6.18804324e+01  1.07977516e+05 -2.71717737e+01 
 1.16591440e+05  6.17481238e+01  1.16591440e+05 -2.90531753e+01 
 1.25892541e+05  6.15987645e+01  1.25892541e+05 -3.10244608e+01 
 1.35935639e+05  6.14308430e+01  1.35935639e+05 -3.30822535e+01 
 1.46779927e+05  6.12428847e+01  1.46779927e+05 -3.52217653e+01 
 1.58489319e+05  6.10334942e+01  1.58489319e+05 -3.74367735e+01 
 1.71132830e+05  6.08014016e+01  1.71132830e+05 -3.97196633e+01 
 1.84784980e+05  6.05455082e+01  1.84784980e+05 -4.20615448e+01 
 1.99526231e+05  6.02649296e+01  1.99526231e+05 -4.44524461e+01 
 2.15443469e+05  5.99590323e+01  2.15443469e+05 -4.68815793e+01 
 2.32630507e+05  5.96274607e+01  2.32630507e+05 -4.93376675e+01 
 2.51188643e+05  5.92701515e+01  2.51188643e+05 -5.18093099e+01 
 2.71227258e+05  5.88873349e+01  2.71227258e+05 -5.42853676e+01 
 2.92864456e+05  5.84795214e+01  2.92864456e+05 -5.67553358e+01 
 3.16227766e+05  5.80474765e+01  3.16227766e+05 -5.92096834e+01 
 3.41454887e+05  5.75921846e+01  3.41454887e+05 -6.16401387e+01 
 3.68694506e+05  5.71148055e+01  3.68694506e+05 -6.40399009e+01 
 3.98107171e+05  5.66166271e+01  3.98107171e+05 -6.64037804e+01 
 4.29866235e+05  5.60990176e+01  4.29866235e+05 -6.87282630e+01 
 4.64158883e+05  5.55633795e+01  4.64158883e+05 -7.10115053e+01 
 5.01187234e+05  5.50111080e+01  5.01187234e+05 -7.32532769e+01 
 5.41169527e+05  5.44435552e+01  5.41169527e+05 -7.54548566e+01 
 5.84341413e+05  5.38620006e+01  5.84341413e+05 -7.76189023e+01 
 6.30957344e+05  5.32676274e+01  6.30957344e+05 -7.97493037e+01 
 6.81292069e+05  5.26615053e+01  6.81292069e+05 -8.18510291e+01 
 7.35642254e+05  5.20445777e+01  7.35642254e+05 -8.39299749e+01 
 7.94328235e+05  5.14176537e+01  7.94328235e+05 -8.59928220e+01 
 8.57695899e+05  5.07814024e+01  8.57695899e+05 -8.80469041e+01 
 9.26118728e+05  5.01363506e+01  9.26118728e+05 -9.01000854e+01 
 1.00000000e+06  4.94828811e+01  1.00000000e+06 -9.21606527e+01 
 1.07977516e+06  4.88212325e+01  1.07977516e+06 -9.42372142e+01 
 1.16591440e+06  4.81514997e+01  1.16591440e+06 -9.63386065e+01 
 1.25892541e+06  4.74736338e+01  1.25892541e+06 -9.84738057e+01 
 1.35935639e+06  4.67874430e+01  1.35935639e+06 -1.00651838e+02 
 1.46779927e+06  4.60925936e+01  1.46779927e+06 -1.02881688e+02 
 1.58489319e+06  4.53886111e+01  1.58489319e+06 -1.05172201e+02 
 1.71132830e+06  4.46748830e+01  1.71132830e+06 -1.07531978e+02 
 1.84784980e+06  4.39506626e+01  1.84784980e+06 -1.09969257e+02 
 1.99526231e+06  4.32150756e+01  1.99526231e+06 -1.12491786e+02 
 2.15443469e+06  4.24671301e+01  2.15443469e+06 -1.15106685e+02 
 2.32630507e+06  4.17057303e+01  2.32630507e+06 -1.17820302e+02 
 2.51188643e+06  4.09296955e+01  2.51188643e+06 -1.20638068e+02 
 2.71227258e+06  4.01377859e+01  2.71227258e+06 -1.23564349e+02 
 2.92864456e+06  3.93287330e+01  2.92864456e+06 -1.26602329e+02 
 3.16227766e+06  3.85012777e+01  3.16227766e+06 -1.29753909e+02 
 3.41454887e+06  3.76542134e+01  3.41454887e+06 -1.33019651e+02 
 3.68694506e+06  3.67864329e+01  3.68694506e+06 -1.36398778e+02 
 3.98107171e+06  3.58969774e+01  3.98107171e+06 -1.39889240e+02 
 4.29866235e+06  3.49850839e+01  4.29866235e+06 -1.43487849e+02 
 4.64158883e+06  3.40502277e+01  4.64158883e+06 -1.47190487e+02 
 5.01187234e+06  3.30921563e+01  5.01187234e+06 -1.50992386e+02 
 5.41169527e+06  3.21109104e+01  5.41169527e+06 -1.54888455e+02 
 5.84341413e+06  3.11068300e+01  5.84341413e+06 -1.58873644e+02 
 6.30957344e+06  3.00805429e+01  6.30957344e+06 -1.62943321e+02 
 6.81292069e+06  2.90329347e+01  6.81292069e+06 -1.67093637e+02 
 7.35642254e+06  2.79651004e+01  7.35642254e+06 -1.71321871e+02 
 7.94328235e+06  2.68782798e+01  7.94328235e+06 -1.75626738e+02 
 8.57695899e+06  2.57737757e+01  8.57695899e+06 -1.80008672e+02 
 9.26118728e+06  2.46528595e+01  9.26118728e+06 -1.84470110e+02 
 1.00000000e+07  2.35166636e+01  1.00000000e+07 -1.89015807e+02 
 1.07977516e+07  2.23660620e+01  1.07977516e+07 -1.93653255e+02 
 1.16591440e+07  2.12015423e+01  1.16591440e+07 -1.98393277e+02 
 1.25892541e+07  2.00230680e+01  1.25892541e+07 -2.03250936e+02 
 1.35935639e+07  1.88299385e+01  1.35935639e+07 -2.08246910e+02 
 1.46779927e+07  1.76206544e+01  1.46779927e+07 -2.13409559e+02 
 1.58489319e+07  1.63928089e+01  1.58489319e+07 -2.18778037e+02 
 1.71132830e+07  1.51430490e+01  1.71132830e+07 -2.24406918e+02 
 1.84784980e+07  1.38671977e+01  1.84784980e+07 -2.30373071e+02 
 1.99526231e+07  1.25607320e+01  1.99526231e+07 -2.36785787e+02 
 2.15443469e+07  1.12200234e+01  2.15443469e+07 -2.43801416e+02 
 2.32630507e+07  9.84519341e+00  2.32630507e+07 -2.51643313e+02 
 2.51188643e+07  8.44626869e+00  2.51188643e+07 -2.60624697e+02 
 2.71227258e+07  7.05550136e+00  2.71227258e+07 -2.71159757e+02 
 2.92864456e+07  5.74856334e+00  2.92864456e+07 -2.83713763e+02 
 3.16227766e+07  4.66827720e+00  3.16227766e+07 -2.98583123e+02 
 3.41454887e+07  4.01419462e+00  3.41454887e+07 -3.15427648e+02 
 3.68694506e+07  3.94298581e+00  3.68694506e+07 -3.32909280e+02 
 3.98107171e+07  4.43748151e+00  3.98107171e+07 -3.49217750e+02 
 4.29866235e+07  5.32224164e+00  4.29866235e+07 -3.63175124e+02 
 4.64158883e+07  6.40167123e+00  4.64158883e+07 -3.74586718e+02 
 5.01187234e+07  7.54392221e+00  5.01187234e+07 -3.83808331e+02 
 5.41169527e+07  8.68160301e+00  5.41169527e+07 -3.91312459e+02 
 5.84341413e+07  9.78712248e+00  5.84341413e+07 -3.97504996e+02 
 6.30957344e+07  1.08530237e+01  6.30957344e+07 -4.02690561e+02 
 6.81292069e+07  1.18809523e+01  6.81292069e+07 -4.07086897e+02 
 7.35642254e+07  1.28762245e+01  7.35642254e+07 -4.10846975e+02 
 7.94328235e+07  1.38453136e+01  7.94328235e+07 -4.14077250e+02 
 8.57695899e+07  1.47947320e+01  8.57695899e+07 -4.16850590e+02 
 9.26118728e+07  1.57305494e+01  9.26118728e+07 -4.19214875e+02 
 1.00000000e+08  1.66581747e+01  1.00000000e+08 -4.21198506e+02 
 1.07977516e+08  1.75822196e+01  1.07977516e+08 -4.22813825e+02 
 1.16591440e+08  1.85063452e+01  1.16591440e+08 -4.24059181e+02 
 1.25892541e+08  1.94330334e+01  1.25892541e+08 -4.24920209e+02 
 1.35935639e+08  2.03632414e+01  1.35935639e+08 -4.25370879e+02 
 1.46779927e+08  2.12959165e+01  1.46779927e+08 -4.25374915e+02 
 1.58489319e+08  2.22273734e+01  1.58489319e+08 -4.24888331e+02 
 1.71132830e+08  2.31505951e+01  1.71132830e+08 -4.23864021e+02 
 1.84784980e+08  2.40546136e+01  1.84784980e+08 -4.22259346e+02 
 1.99526231e+08  2.49242632e+01  1.99526231e+08 -4.20047262e+02 
 2.15443469e+08  2.57407309e+01  2.15443469e+08 -4.17230254e+02 
 2.32630507e+08  2.64833206e+01  2.32630507e+08 -4.13854085e+02 
 2.51188643e+08  2.71325281e+01  2.51188643e+08 -4.10015827e+02 
 2.71227258e+08  2.76738383e+01  2.71227258e+08 -4.05859986e+02 
 2.92864456e+08  2.81009331e+01  2.92864456e+08 -4.01560197e+02 
 3.16227766e+08  2.84169089e+01  3.16227766e+08 -3.97291191e+02 
 3.41454887e+08  2.86329791e+01  3.41454887e+08 -3.93201563e+02 
 3.68694506e+08  2.87654046e+01  3.68694506e+08 -3.89397014e+02 
 3.98107171e+08  2.88320652e+01  3.98107171e+08 -3.85937223e+02 
 4.29866235e+08  2.88498115e+01  4.29866235e+08 -3.82842912e+02 
 4.64158883e+08  2.88330014e+01  4.64158883e+08 -3.80107231e+02 
 5.01187234e+08  2.87930485e+01  5.01187234e+08 -3.77706804e+02 
 5.41169527e+08  2.87385934e+01  5.41169527e+08 -3.75610226e+02 
 5.84341413e+08  2.86759503e+01  5.84341413e+08 -3.73783663e+02 
 6.30957344e+08  2.86096073e+01  6.30957344e+08 -3.72194105e+02 
 6.81292069e+08  2.85426766e+01  6.81292069e+08 -3.70811009e+02 
 7.35642254e+08  2.84772567e+01  7.35642254e+08 -3.69606959e+02 
 7.94328235e+08  2.84147101e+01  7.94328235e+08 -3.68557798e+02 
 8.57695899e+08  2.83558705e+01  8.57695899e+08 -3.67642480e+02 
 9.26118728e+08  2.83011944e+01  9.26118728e+08 -3.66842803e+02 
 1.00000000e+09  2.82508736e+01  1.00000000e+09 -3.66143104e+02 
