 1.00000000e+00  6.89660146e+01  1.00000000e+00 -5.22546986e-04 
 1.07977516e+00  6.89660146e+01  1.07977516e+00 -5.64233257e-04 
 1.16591440e+00  6.89660146e+01  1.16591440e+00 -6.09245056e-04 
 1.25892541e+00  6.89660146e+01  1.25892541e+00 -6.57847680e-04 
 1.35935639e+00  6.89660146e+01  1.35935639e+00 -7.10327585e-04 
 1.46779927e+00  6.89660146e+01  1.46779927e+00 -7.66994083e-04 
 1.58489319e+00  6.89660146e+01  1.58489319e+00 -8.28181161e-04 
 1.71132830e+00  6.89660146e+01  1.71132830e+00 -8.94249447e-04 
 1.84784980e+00  6.89660146e+01  1.84784980e+00 -9.65588342e-04 
 1.99526231e+00  6.89660146e+01  1.99526231e+00 -1.04261831e-03 
 2.15443469e+00  6.89660146e+01  2.15443469e+00 -1.12579335e-03 
 2.32630507e+00  6.89660146e+01  2.32630507e+00 -1.21560370e-03 
 2.51188643e+00  6.89660146e+01  2.51188643e+00 -1.31257868e-03 
 2.71227258e+00  6.89660146e+01  2.71227258e+00 -1.41728986e-03 
 2.92864456e+00  6.89660146e+01  2.92864456e+00 -1.53035439e-03 
 3.16227766e+00  6.89660146e+01  3.16227766e+00 -1.65243866e-03 
 3.41454887e+00  6.89660146e+01  3.41454887e+00 -1.78426222e-03 
 3.68694506e+00  6.89660146e+01  3.68694506e+00 -1.92660203e-03 
 3.98107171e+00  6.89660146e+01  3.98107171e+00 -2.08029702e-03 
 4.29866235e+00  6.89660146e+01  4.29866235e+00 -2.24625305e-03 
 4.64158883e+00  6.89660146e+01  4.64158883e+00 -2.42544825e-03 
 5.01187234e+00  6.89660146e+01  5.01187234e+00 -2.61893878e-03 
 5.41169527e+00  6.89660146e+01  5.41169527e+00 -2.82786505e-03 
 5.84341413e+00  6.89660146e+01  5.84341413e+00 -3.05345844e-03 
 6.30957344e+00  6.89660146e+01  6.30957344e+00 -3.29704858e-03 
 6.81292069e+00  6.89660146e+01  6.81292069e+00 -3.56007117e-03 
 7.35642254e+00  6.89660146e+01  7.35642254e+00 -3.84407642e-03 
 7.94328235e+00  6.89660146e+01  7.94328235e+00 -4.15073824e-03 
 8.57695899e+00  6.89660146e+01  8.57695899e+00 -4.48186406e-03 
 9.26118728e+00  6.89660146e+01  9.26118728e+00 -4.83940549e-03 
 1.00000000e+01  6.89660146e+01  1.00000000e+01 -5.22546985e-03 
 1.07977516e+01  6.89660146e+01  1.07977516e+01 -5.64233255e-03 
 1.16591440e+01  6.89660146e+01  1.16591440e+01 -6.09245054e-03 
 1.25892541e+01  6.89660146e+01  1.25892541e+01 -6.57847677e-03 
 1.35935639e+01  6.89660146e+01  1.35935639e+01 -7.10327582e-03 
 1.46779927e+01  6.89660146e+01  1.46779927e+01 -7.66994079e-03 
 1.58489319e+01  6.89660146e+01  1.58489319e+01 -8.28181156e-03 
 1.71132830e+01  6.89660145e+01  1.71132830e+01 -8.94249441e-03 
 1.84784980e+01  6.89660145e+01  1.84784980e+01 -9.65588334e-03 
 1.99526231e+01  6.89660145e+01  1.99526231e+01 -1.04261830e-02 
 2.15443469e+01  6.89660145e+01  2.15443469e+01 -1.12579334e-02 
 2.32630507e+01  6.89660145e+01  2.32630507e+01 -1.21560368e-02 
 2.51188643e+01  6.89660144e+01  2.51188643e+01 -1.31257866e-02 
 2.71227258e+01  6.89660144e+01  2.71227258e+01 -1.41728984e-02 
 2.92864456e+01  6.89660143e+01  2.92864456e+01 -1.53035436e-02 
 3.16227766e+01  6.89660143e+01  3.16227766e+01 -1.65243862e-02 
 3.41454887e+01  6.89660142e+01  3.41454887e+01 -1.78426217e-02 
 3.68694506e+01  6.89660142e+01  3.68694506e+01 -1.92660196e-02 
 3.98107171e+01  6.89660141e+01  3.98107171e+01 -2.08029694e-02 
 4.29866235e+01  6.89660140e+01  4.29866235e+01 -2.24625295e-02 
 4.64158883e+01  6.89660139e+01  4.64158883e+01 -2.42544812e-02 
 5.01187234e+01  6.89660138e+01  5.01187234e+01 -2.61893862e-02 
 5.41169527e+01  6.89660136e+01  5.41169527e+01 -2.82786484e-02 
 5.84341413e+01  6.89660135e+01  5.84341413e+01 -3.05345818e-02 
 6.30957344e+01  6.89660133e+01  6.30957344e+01 -3.29704825e-02 
 6.81292069e+01  6.89660131e+01  6.81292069e+01 -3.56007075e-02 
 7.35642254e+01  6.89660128e+01  7.35642254e+01 -3.84407590e-02 
 7.94328235e+01  6.89660125e+01  7.94328235e+01 -4.15073758e-02 
 8.57695899e+01  6.89660121e+01  8.57695899e+01 -4.48186323e-02 
 9.26118728e+01  6.89660117e+01  9.26118728e+01 -4.83940444e-02 
 1.00000000e+02  6.89660112e+01  1.00000000e+02 -5.22546853e-02 
 1.07977516e+02  6.89660107e+01  1.07977516e+02 -5.64233089e-02 
 1.16591440e+02  6.89660100e+01  1.16591440e+02 -6.09244845e-02 
 1.25892541e+02  6.89660092e+01  1.25892541e+02 -6.57847414e-02 
 1.35935639e+02  6.89660083e+01  1.35935639e+02 -7.10327250e-02 
 1.46779927e+02  6.89660073e+01  1.46779927e+02 -7.66993662e-02 
 1.58489319e+02  6.89660061e+01  1.58489319e+02 -8.28180630e-02 
 1.71132830e+02  6.89660046e+01  1.71132830e+02 -8.94248780e-02 
 1.84784980e+02  6.89660030e+01  1.84784980e+02 -9.65587501e-02 
 1.99526231e+02  6.89660010e+01  1.99526231e+02 -1.04261725e-01 
 2.15443469e+02  6.89659988e+01  2.15443469e+02 -1.12579202e-01 
 2.32630507e+02  6.89659961e+01  2.32630507e+02 -1.21560202e-01 
 2.51188643e+02  6.89659931e+01  2.51188643e+02 -1.31257657e-01 
 2.71227258e+02  6.89659895e+01  2.71227258e+02 -1.41728720e-01 
 2.92864456e+02  6.89659853e+01  2.92864456e+02 -1.53035104e-01 
 3.16227766e+02  6.89659805e+01  3.16227766e+02 -1.65243445e-01 
 3.41454887e+02  6.89659748e+01  3.41454887e+02 -1.78425692e-01 
 3.68694506e+02  6.89659682e+01  3.68694506e+02 -1.92659535e-01 
 3.98107171e+02  6.89659605e+01  3.98107171e+02 -2.08028861e-01 
 4.29866235e+02  6.89659515e+01  4.29866235e+02 -2.24624247e-01 
 4.64158883e+02  6.89659410e+01  4.64158883e+02 -2.42543493e-01 
 5.01187234e+02  6.89659288e+01  5.01187234e+02 -2.61892201e-01 
 5.41169527e+02  6.89659145e+01  5.41169527e+02 -2.82784393e-01 
 5.84341413e+02  6.89658979e+01  5.84341413e+02 -3.05343185e-01 
 6.30957344e+02  6.89658786e+01  6.30957344e+02 -3.29701511e-01 
 6.81292069e+02  6.89658560e+01  6.81292069e+02 -3.56002903e-01 
 7.35642254e+02  6.89658297e+01  7.35642254e+02 -3.84402337e-01 
 7.94328235e+02  6.89657990e+01  7.94328235e+02 -4.15067145e-01 
 8.57695899e+02  6.89657632e+01  8.57695899e+02 -4.48177998e-01 
 9.26118728e+02  6.89657214e+01  9.26118728e+02 -4.83929962e-01 
 1.00000000e+03  6.89656728e+01  1.00000000e+03 -5.22533657e-01 
 1.07977516e+03  6.89656161e+01  1.07977516e+03 -5.64216477e-01 
 1.16591440e+03  6.89655500e+01  1.16591440e+03 -6.09223932e-01 
 1.25892541e+03  6.89654729e+01  1.25892541e+03 -6.57821087e-01 
 1.35935639e+03  6.89653830e+01  1.35935639e+03 -7.10294107e-01 
 1.46779927e+03  6.89652782e+01  1.46779927e+03 -7.66951939e-01 
 1.58489319e+03  6.89651560e+01  1.58489319e+03 -8.28128097e-01 
 1.71132830e+03  6.89650136e+01  1.71132830e+03 -8.94182650e-01 
 1.84784980e+03  6.89648475e+01  1.84784980e+03 -9.65504251e-01 
 1.99526231e+03  6.89646539e+01  1.99526231e+03 -1.04251245e+00 
 2.15443469e+03  6.89644282e+01  2.15443469e+03 -1.12566009e+00 
 2.32630507e+03  6.89641650e+01  2.32630507e+03 -1.21543594e+00 
 2.51188643e+03  6.89638583e+01  2.51188643e+03 -1.31236749e+00 
 2.71227258e+03  6.89635005e+01  2.71227258e+03 -1.41702399e+00 
 2.92864456e+03  6.89630836e+01  2.92864456e+03 -1.53001970e+00 
 3.16227766e+03  6.89625975e+01  3.16227766e+03 -1.65201734e+00 
 3.41454887e+03  6.89620308e+01  3.41454887e+03 -1.78373185e+00 
 3.68694506e+03  6.89613702e+01  3.68694506e+03 -1.92593440e+00 
 3.98107171e+03  6.89606000e+01  3.98107171e+03 -2.07945659e+00 
 4.29866235e+03  6.89597023e+01  4.29866235e+03 -2.24519516e+00 
 4.64158883e+03  6.89586559e+01  4.64158883e+03 -2.42411664e+00 
 5.01187234e+03  6.89574362e+01  5.01187234e+03 -2.61726267e+00 
 5.41169527e+03  6.89560145e+01  5.41169527e+03 -2.82575537e+00 
 5.84341413e+03  6.89543576e+01  5.84341413e+03 -3.05080312e+00 
 6.30957344e+03  6.89524266e+01  6.30957344e+03 -3.29370662e+00 
 6.81292069e+03  6.89501762e+01  6.81292069e+03 -3.55586520e+00 
 7.35642254e+03  6.89475539e+01  7.35642254e+03 -3.83878330e+00 
 7.94328235e+03  6.89444985e+01  7.94328235e+03 -4.14407739e+00 
 8.57695899e+03  6.89409389e+01  8.57695899e+03 -4.47348266e+00 
 9.26118728e+03  6.89367924e+01  9.26118728e+03 -4.82885993e+00 
 1.00000000e+04  6.89319631e+01  1.00000000e+04 -5.21220275e+00 
 1.07977516e+04  6.89263390e+01  1.07977516e+04 -5.62564318e+00 
 1.16591440e+04  6.89197912e+01  1.16591440e+04 -6.07145890e+00 
 1.25892541e+04  6.89121694e+01  1.25892541e+04 -6.55207772e+00 
 1.35935639e+04  6.89032999e+01  1.35935639e+04 -7.07008221e+00 
 1.46779927e+04  6.88929816e+01  1.46779927e+04 -7.62821220e+00 
 1.58489319e+04  6.88809822e+01  1.58489319e+04 -8.22936562e+00 
 1.71132830e+04  6.88670335e+01  1.71132830e+04 -8.87659630e+00 
 1.84784980e+04  6.88508270e+01  1.84784980e+04 -9.57310879e+00 
 1.99526231e+04  6.88320073e+01  1.99526231e+04 -1.03222476e+01 
 2.15443469e+04  6.88101678e+01  2.15443469e+04 -1.11274828e+01 
 2.32630507e+04  6.87848427e+01  2.32630507e+04 -1.19923867e+01 
 2.51188643e+04  6.87555007e+01  2.51188643e+04 -1.29206028e+01 
 2.71227258e+04  6.87215387e+01  2.71227258e+04 -1.39158065e+01 
 2.92864456e+04  6.86822742e+01  2.92864456e+04 -1.49816526e+01 
 3.16227766e+04  6.86369383e+01  3.16227766e+04 -1.61217088e+01 
 3.41454887e+04  6.85846709e+01  3.41454887e+04 -1.73393777e+01 
 3.68694506e+04  6.85245148e+01  3.68694506e+04 -1.86377989e+01 
 3.98107171e+04  6.84554129e+01  3.98107171e+04 -2.00197373e+01 
 4.29866235e+04  6.83762092e+01  4.29866235e+04 -2.14874556e+01 
 4.64158883e+04  6.82856504e+01  4.64158883e+04 -2.30425701e+01 
 5.01187234e+04  6.81823948e+01  5.01187234e+04 -2.46858976e+01 
 5.41169527e+04  6.80650248e+01  5.41169527e+04 -2.64172973e+01 
 5.84341413e+04  6.79320663e+01  5.84341413e+04 -2.82355147e+01 
 6.30957344e+04  6.77820142e+01  6.30957344e+04 -3.01380392e+01 
 6.81292069e+04  6.76133644e+01  6.81292069e+04 -3.21209872e+01 
 7.35642254e+04  6.74246535e+01  7.35642254e+04 -3.41790284e+01 
 7.94328235e+04  6.72145003e+01  7.94328235e+04 -3.63053604e+01 
 8.57695899e+04  6.69816535e+01  8.57695899e+04 -3.84917549e+01 
 9.26118728e+04  6.67250372e+01  9.26118728e+04 -4.07286751e+01 
 1.00000000e+05  6.64437938e+01  1.00000000e+05 -4.30054683e+01 
 1.07977516e+05  6.61373208e+01  1.07977516e+05 -4.53106350e+01 
 1.16591440e+05  6.58052972e+01  1.16591440e+05 -4.76321528e+01 
 1.25892541e+05  6.54476984e+01  1.25892541e+05 -4.99578418e+01 
 1.35935639e+05  6.50647958e+01  1.35935639e+05 -5.22757437e+01 
 1.46779927e+05  6.46571450e+01  1.46779927e+05 -5.45744918e+01 
 1.58489319e+05  6.42255595e+01  1.58489319e+05 -5.68436426e+01 
 1.71132830e+05  6.37710750e+01  1.71132830e+05 -5.90739530e+01 
 1.84784980e+05  6.32949070e+01  1.84784980e+05 -6.12575844e+01 
 1.99526231e+05  6.27984044e+01  1.99526231e+05 -6.33882382e+01 
 2.15443469e+05  6.22830020e+01  2.15443469e+05 -6.54612045e+01 
 2.32630507e+05  6.17501774e+01  2.32630507e+05 -6.74733588e+01 
 2.51188643e+05  6.12014103e+01  2.51188643e+05 -6.94230921e+01 
 2.71227258e+05  6.06381495e+01  2.71227258e+05 -7.13102067e+01 
 2.92864456e+05  6.00617851e+01  2.92864456e+05 -7.31357814e+01 
 3.16227766e+05  5.94736280e+01  3.16227766e+05 -7.49020247e+01 
 3.41454887e+05  5.88748953e+01  3.41454887e+05 -7.66121226e+01 
 3.68694506e+05  5.82667007e+01  3.68694506e+05 -7.82700914e+01 
 3.98107171e+05  5.76500497e+01  3.98107171e+05 -7.98806433e+01 
 4.29866235e+05  5.70258379e+01  4.29866235e+05 -8.14490632e+01 
 4.64158883e+05  5.63948518e+01  4.64158883e+05 -8.29811046e+01 
 5.01187234e+05  5.57577720e+01  5.01187234e+05 -8.44829003e+01 
 5.41169527e+05  5.51151762e+01  5.41169527e+05 -8.59608899e+01 
 5.84341413e+05  5.44675440e+01  5.84341413e+05 -8.74217623e+01 
 6.30957344e+05  5.38152605e+01  6.30957344e+05 -8.88724099e+01 
 6.81292069e+05  5.31586206e+01  6.81292069e+05 -9.03198950e+01 
 7.35642254e+05  5.24978319e+01  7.35642254e+05 -9.17714243e+01 
 7.94328235e+05  5.18330175e+01  7.94328235e+05 -9.32343306e+01 
 8.57695899e+05  5.11642171e+01  8.57695899e+05 -9.47160575e+01 
 9.26118728e+05  5.04913880e+01  9.26118728e+05 -9.62241480e+01 
 1.00000000e+06  4.98144044e+01  1.00000000e+06 -9.77662319e+01 
 1.07977516e+06  4.91330564e+01  1.07977516e+06 -9.93500129e+01 
 1.16591440e+06  4.84470479e+01  1.16591440e+06 -1.00983249e+02 
 1.25892541e+06  4.77559934e+01  1.25892541e+06 -1.02673728e+02 
 1.35935639e+06  4.70594151e+01  1.35935639e+06 -1.04429237e+02 
 1.46779927e+06  4.63567392e+01  1.46779927e+06 -1.06257512e+02 
 1.58489319e+06  4.56472929e+01  1.58489319e+06 -1.08166190e+02 
 1.71132830e+06  4.49303015e+01  1.71132830e+06 -1.10162730e+02 
 1.84784980e+06  4.42048876e+01  1.84784980e+06 -1.12254330e+02 
 1.99526231e+06  4.34700715e+01  1.99526231e+06 -1.14447823e+02 
 2.15443469e+06  4.27247757e+01  2.15443469e+06 -1.16749559e+02 
 2.32630507e+06  4.19678318e+01  2.32630507e+06 -1.19165272e+02 
 2.51188643e+06  4.11979934e+01  2.51188643e+06 -1.21699942e+02 
 2.71227258e+06  4.04139542e+01  2.71227258e+06 -1.24357647e+02 
 2.92864456e+06  3.96143722e+01  2.92864456e+06 -1.27141429e+02 
 3.16227766e+06  3.87979005e+01  3.16227766e+06 -1.30053176e+02 
 3.41454887e+06  3.79632252e+01  3.41454887e+06 -1.33093528e+02 
 3.68694506e+06  3.71091070e+01  3.68694506e+06 -1.36261833e+02 
 3.98107171e+06  3.62344284e+01  3.98107171e+06 -1.39556160e+02 
 4.29866235e+06  3.53382401e+01  4.29866235e+06 -1.42973373e+02 
 4.64158883e+06  3.44198060e+01  4.64158883e+06 -1.46509284e+02 
 5.01187234e+06  3.34786420e+01  5.01187234e+06 -1.50158874e+02 
 5.41169527e+06  3.25145446e+01  5.41169527e+06 -1.53916578e+02 
 5.84341413e+06  3.15276057e+01  5.84341413e+06 -1.57776616e+02 
 6.30957344e+06  3.05182107e+01  6.30957344e+06 -1.61733360e+02 
 6.81292069e+06  2.94870190e+01  6.81292069e+06 -1.65781705e+02 
 7.35642254e+06  2.84349237e+01  7.35642254e+06 -1.69917424e+02 
 7.94328235e+06  2.73629937e+01  7.94328235e+06 -1.74137514e+02 
 8.57695899e+06  2.62723965e+01  8.57695899e+06 -1.78440500e+02 
 9.26118728e+06  2.51643045e+01  9.26118728e+06 -1.82826746e+02 
 1.00000000e+07  2.40397862e+01  1.00000000e+07 -1.87298776e+02 
 1.07977516e+07  2.28996824e+01  1.07977516e+07 -1.91861678e+02 
 1.16591440e+07  2.17444692e+01  1.16591440e+07 -1.96523656e+02 
 1.25892541e+07  2.05741088e+01  1.25892541e+07 -2.01296848e+02 
 1.35935639e+07  1.93878895e+01  1.35935639e+07 -2.06198564e+02 
 1.46779927e+07  1.81842617e+01  1.46779927e+07 -2.11253157e+02 
 1.58489319e+07  1.69606814e+01  1.58489319e+07 -2.16494856e+02 
 1.71132830e+07  1.57134923e+01  1.71132830e+07 -2.21972024e+02 
 1.84784980e+07  1.44379099e+01  1.84784980e+07 -2.27753590e+02 
 1.99526231e+07  1.31282575e+01  1.99526231e+07 -2.33938744e+02 
 2.15443469e+07  1.17787763e+01  2.15443469e+07 -2.40671467e+02 
 2.32630507e+07  1.03857276e+01  2.32630507e+07 -2.48161743e+02 
 2.51188643e+07  8.95233421e+00  2.51188643e+07 -2.56713867e+02 
 2.71227258e+07  7.49962056e+00  2.71227258e+07 -2.66754103e+02 
 2.92864456e+07  6.08777276e+00  2.92864456e+07 -2.78820251e+02 
 3.16227766e+07  4.84827467e+00  3.16227766e+07 -2.93401879e+02 
 3.41454887e+07  3.99807560e+00  3.41454887e+07 -3.10460172e+02 
 3.68694506e+07  3.75708023e+00  3.68694506e+07 -3.28801236e+02 
 3.98107171e+07  4.16915705e+00  3.98107171e+07 -3.46320633e+02 
 4.29866235e+07  5.05678263e+00  4.29866235e+07 -3.61387969e+02 
 4.64158883e+07  6.18364640e+00  4.64158883e+07 -3.73604485e+02 
 5.01187234e+07  7.38484323e+00  5.01187234e+07 -3.83348580e+02 
 5.41169527e+07  8.57755792e+00  5.41169527e+07 -3.91179090e+02 
 5.84341413e+07  9.72943370e+00  5.84341413e+07 -3.97575815e+02 
 6.30957344e+07  1.08326774e+01  6.30957344e+07 -4.02892598e+02 
 6.81292069e+07  1.18900087e+01  6.81292069e+07 -4.07377590e+02 
 7.35642254e+07  1.29080611e+01  7.35642254e+07 -4.11202363e+02 
 7.94328235e+07  1.38944907e+01  7.94328235e+07 -4.14485037e+02 
 8.57695899e+07  1.48567770e+01  8.57695899e+07 -4.17306191e+02 
 9.26118728e+07  1.58017609e+01  9.26118728e+07 -4.19719236e+02 
 1.00000000e+08  1.67354766e+01  1.00000000e+08 -4.21756977e+02 
 1.07977516e+08  1.76630722e+01  1.07977516e+08 -4.23435684e+02 
 1.16591440e+08  1.85887186e+01  1.16591440e+08 -4.24757541e+02 
 1.25892541e+08  1.95154460e+01  1.25892541e+08 -4.25712147e+02 
 1.35935639e+08  2.04448734e+01  1.35935639e+08 -4.26277601e+02 
 1.46779927e+08  2.13768066e+01  1.46779927e+08 -4.26421754e+02 
 1.58489319e+08  2.23087042e+01  1.58489319e+08 -4.26104274e+02 
 1.71132830e+08  2.32350528e+01  1.71132830e+08 -4.25280330e+02 
 1.84784980e+08  2.41467678e+01  1.84784980e+08 -4.23906763e+02 
 1.99526231e+08  2.50308448e+01  1.99526231e+08 -4.21951324e+02 
 2.15443469e+08  2.58706043e+01  2.15443469e+08 -4.19404725e+02 
 2.32630507e+08  2.66469075e+01  2.32630507e+08 -4.16293549e+02 
 2.51188643e+08  2.73405448e+01  2.51188643e+08 -4.12689861e+02 
 2.71227258e+08  2.79355066e+01  2.71227258e+08 -4.08712141e+02 
 2.92864456e+08  2.84222101e+01  2.92864456e+08 -4.04513835e+02 
 3.16227766e+08  2.87994269e+01  3.16227766e+08 -4.00261099e+02 
 3.41454887e+08  2.90740941e+01  3.41454887e+08 -3.96107166e+02 
 3.68694506e+08  2.92592001e+01  3.68694506e+08 -3.92172531e+02 
 3.98107171e+08  2.93707804e+01  3.98107171e+08 -3.88536390e+02 
 4.29866235e+08  2.94251659e+01  4.29866235e+08 -3.85238723e+02 
 4.64158883e+08  2.94371342e+01  4.64158883e+08 -3.82288678e+02 
 5.01187234e+08  2.94190363e+01  5.01187234e+08 -3.79674618e+02 
 5.41169527e+08  2.93806426e+01  5.41169527e+08 -3.77372876e+02 
 5.84341413e+08  2.93293860e+01  5.84341413e+08 -3.75354166e+02 
 6.30957344e+08  2.92707606e+01  6.30957344e+08 -3.73587713e+02 
 6.81292069e+08  2.92087317e+01  6.81292069e+08 -3.72043650e+02 
 7.35642254e+08  2.91460963e+01  7.35642254e+08 -3.70694258e+02 
 7.94328235e+08  2.90847738e+01  7.94328235e+08 -3.69514490e+02 
 8.57695899e+08  2.90260337e+01  8.57695899e+08 -3.68482104e+02 
 9.26118728e+08  2.89706682e+01  9.26118728e+08 -3.67577572e+02 
 1.00000000e+09  2.89191241e+01  1.00000000e+09 -3.66783887e+02 
