 1.00000000e+00  7.40035169e+01  1.00000000e+00 -8.78319775e-04 
 1.07977516e+00  7.40035169e+01  1.07977516e+00 -9.48387878e-04 
 1.16591440e+00  7.40035169e+01  1.16591440e+00 -1.02404567e-03 
 1.25892541e+00  7.40035169e+01  1.25892541e+00 -1.10573908e-03 
 1.35935639e+00  7.40035169e+01  1.35935639e+00 -1.19394960e-03 
 1.46779927e+00  7.40035169e+01  1.46779927e+00 -1.28919712e-03 
 1.58489319e+00  7.40035169e+01  1.58489319e+00 -1.39204303e-03 
 1.71132830e+00  7.40035169e+01  1.71132830e+00 -1.50309349e-03 
 1.84784980e+00  7.40035169e+01  1.84784980e+00 -1.62300302e-03 
 1.99526231e+00  7.40035169e+01  1.99526231e+00 -1.75247835e-03 
 2.15443469e+00  7.40035169e+01  2.15443469e+00 -1.89228259e-03 
 2.32630507e+00  7.40035169e+01  2.32630507e+00 -2.04323974e-03 
 2.51188643e+00  7.40035169e+01  2.51188643e+00 -2.20623952e-03 
 2.71227258e+00  7.40035169e+01  2.71227258e+00 -2.38224264e-03 
 2.92864456e+00  7.40035169e+01  2.92864456e+00 -2.57228643e-03 
 3.16227766e+00  7.40035169e+01  3.16227766e+00 -2.77749100e-03 
 3.41454887e+00  7.40035169e+01  3.41454887e+00 -2.99906580e-03 
 3.68694506e+00  7.40035169e+01  3.68694506e+00 -3.23831676e-03 
 3.98107171e+00  7.40035169e+01  3.98107171e+00 -3.49665400e-03 
 4.29866235e+00  7.40035169e+01  4.29866235e+00 -3.77560014e-03 
 4.64158883e+00  7.40035169e+01  4.64158883e+00 -4.07679925e-03 
 5.01187234e+00  7.40035169e+01  5.01187234e+00 -4.40202658e-03 
 5.41169527e+00  7.40035169e+01  5.41169527e+00 -4.75319896e-03 
 5.84341413e+00  7.40035169e+01  5.84341413e+00 -5.13238618e-03 
 6.30957344e+00  7.40035169e+01  6.30957344e+00 -5.54182311e-03 
 6.81292069e+00  7.40035169e+01  6.81292069e+00 -5.98392295e-03 
 7.35642254e+00  7.40035169e+01  7.35642254e+00 -6.46129137e-03 
 7.94328235e+00  7.40035169e+01  7.94328235e+00 -6.97674193e-03 
 8.57695899e+00  7.40035169e+01  8.57695899e+00 -7.53331265e-03 
 9.26118728e+00  7.40035169e+01  9.26118728e+00 -8.13428388e-03 
 1.00000000e+01  7.40035168e+01  1.00000000e+01 -8.78319769e-03 
 1.07977516e+01  7.40035168e+01  1.07977516e+01 -9.48387870e-03 
 1.16591440e+01  7.40035168e+01  1.16591440e+01 -1.02404566e-02 
 1.25892541e+01  7.40035168e+01  1.25892541e+01 -1.10573907e-02 
 1.35935639e+01  7.40035168e+01  1.35935639e+01 -1.19394958e-02 
 1.46779927e+01  7.40035167e+01  1.46779927e+01 -1.28919710e-02 
 1.58489319e+01  7.40035167e+01  1.58489319e+01 -1.39204301e-02 
 1.71132830e+01  7.40035167e+01  1.71132830e+01 -1.50309346e-02 
 1.84784980e+01  7.40035166e+01  1.84784980e+01 -1.62300298e-02 
 1.99526231e+01  7.40035165e+01  1.99526231e+01 -1.75247830e-02 
 2.15443469e+01  7.40035165e+01  2.15443469e+01 -1.89228253e-02 
 2.32630507e+01  7.40035164e+01  2.32630507e+01 -2.04323966e-02 
 2.51188643e+01  7.40035163e+01  2.51188643e+01 -2.20623942e-02 
 2.71227258e+01  7.40035162e+01  2.71227258e+01 -2.38224251e-02 
 2.92864456e+01  7.40035161e+01  2.92864456e+01 -2.57228627e-02 
 3.16227766e+01  7.40035160e+01  3.16227766e+01 -2.77749080e-02 
 3.41454887e+01  7.40035158e+01  3.41454887e+01 -2.99906554e-02 
 3.68694506e+01  7.40035156e+01  3.68694506e+01 -3.23831644e-02 
 3.98107171e+01  7.40035154e+01  3.98107171e+01 -3.49665360e-02 
 4.29866235e+01  7.40035151e+01  4.29866235e+01 -3.77559963e-02 
 4.64158883e+01  7.40035148e+01  4.64158883e+01 -4.07679861e-02 
 5.01187234e+01  7.40035145e+01  5.01187234e+01 -4.40202577e-02 
 5.41169527e+01  7.40035141e+01  5.41169527e+01 -4.75319794e-02 
 5.84341413e+01  7.40035136e+01  5.84341413e+01 -5.13238489e-02 
 6.30957344e+01  7.40035130e+01  6.30957344e+01 -5.54182150e-02 
 6.81292069e+01  7.40035124e+01  6.81292069e+01 -5.98392092e-02 
 7.35642254e+01  7.40035116e+01  7.35642254e+01 -6.46128881e-02 
 7.94328235e+01  7.40035107e+01  7.94328235e+01 -6.97673871e-02 
 8.57695899e+01  7.40035097e+01  8.57695899e+01 -7.53330860e-02 
 9.26118728e+01  7.40035085e+01  9.26118728e+01 -8.13427878e-02 
 1.00000000e+02  7.40035071e+01  1.00000000e+02 -8.78319126e-02 
 1.07977516e+02  7.40035055e+01  1.07977516e+02 -9.48387061e-02 
 1.16591440e+02  7.40035036e+01  1.16591440e+02 -1.02404464e-01 
 1.25892541e+02  7.40035014e+01  1.25892541e+02 -1.10573779e-01 
 1.35935639e+02  7.40034988e+01  1.35935639e+02 -1.19394797e-01 
 1.46779927e+02  7.40034958e+01  1.46779927e+02 -1.28919507e-01 
 1.58489319e+02  7.40034923e+01  1.58489319e+02 -1.39204045e-01 
 1.71132830e+02  7.40034882e+01  1.71132830e+02 -1.50309024e-01 
 1.84784980e+02  7.40034834e+01  1.84784980e+02 -1.62299892e-01 
 1.99526231e+02  7.40034778e+01  1.99526231e+02 -1.75247318e-01 
 2.15443469e+02  7.40034713e+01  2.15443469e+02 -1.89227609e-01 
 2.32630507e+02  7.40034638e+01  2.32630507e+02 -2.04323156e-01 
 2.51188643e+02  7.40034549e+01  2.51188643e+02 -2.20622922e-01 
 2.71227258e+02  7.40034446e+01  2.71227258e+02 -2.38222967e-01 
 2.92864456e+02  7.40034327e+01  2.92864456e+02 -2.57227011e-01 
 3.16227766e+02  7.40034187e+01  3.16227766e+02 -2.77747045e-01 
 3.41454887e+02  7.40034024e+01  3.41454887e+02 -2.99903992e-01 
 3.68694506e+02  7.40033833e+01  3.68694506e+02 -3.23828418e-01 
 3.98107171e+02  7.40033612e+01  3.98107171e+02 -3.49661300e-01 
 4.29866235e+02  7.40033354e+01  4.29866235e+02 -3.77554853e-01 
 4.64158883e+02  7.40033052e+01  4.64158883e+02 -4.07673427e-01 
 5.01187234e+02  7.40032701e+01  5.01187234e+02 -4.40194477e-01 
 5.41169527e+02  7.40032291e+01  5.41169527e+02 -4.75309597e-01 
 5.84341413e+02  7.40031814e+01  5.84341413e+02 -5.13225652e-01 
 6.30957344e+02  7.40031257e+01  6.30957344e+02 -5.54165989e-01 
 6.81292069e+02  7.40030608e+01  6.81292069e+02 -5.98371746e-01 
 7.35642254e+02  7.40029851e+01  7.35642254e+02 -6.46103268e-01 
 7.94328235e+02  7.40028969e+01  7.94328235e+02 -6.97641626e-01 
 8.57695899e+02  7.40027940e+01  8.57695899e+02 -7.53290266e-01 
 9.26118728e+02  7.40026739e+01  9.26118728e+02 -8.13376758e-01 
 1.00000000e+03  7.40025342e+01  1.00000000e+03 -8.78254783e-01 
 1.07977516e+03  7.40023712e+01  1.07977516e+03 -9.48306061e-01 
 1.16591440e+03  7.40021811e+01  1.16591440e+03 -1.02394268e+00 
 1.25892541e+03  7.40019596e+01  1.25892541e+03 -1.10560943e+00 
 1.35935639e+03  7.40017012e+01  1.35935639e+03 -1.19378638e+00 
 1.46779927e+03  7.40014002e+01  1.46779927e+03 -1.28899167e+00 
 1.58489319e+03  7.40010490e+01  1.58489319e+03 -1.39178437e+00 
 1.71132830e+03  7.40006397e+01  1.71132830e+03 -1.50276788e+00 
 1.84784980e+03  7.40001625e+01  1.84784980e+03 -1.62259312e+00 
 1.99526231e+03  7.39996063e+01  1.99526231e+03 -1.75196237e+00 
 2.15443469e+03  7.39989577e+01  2.15443469e+03 -1.89163305e+00 
 2.32630507e+03  7.39982017e+01  2.32630507e+03 -2.04242212e+00 
 2.51188643e+03  7.39973206e+01  2.51188643e+03 -2.20521036e+00 
 2.71227258e+03  7.39962932e+01  2.71227258e+03 -2.38094711e+00 
 2.92864456e+03  7.39950959e+01  2.92864456e+03 -2.57065575e+00 
 3.16227766e+03  7.39937002e+01  3.16227766e+03 -2.77543845e+00 
 3.41454887e+03  7.39920736e+01  3.41454887e+03 -2.99648239e+00 
 3.68694506e+03  7.39901779e+01  3.68694506e+03 -3.23506531e+00 
 3.98107171e+03  7.39879686e+01  3.98107171e+03 -3.49256184e+00 
 4.29866235e+03  7.39853944e+01  4.29866235e+03 -3.77045033e+00 
 4.64158883e+03  7.39823949e+01  4.64158883e+03 -4.07031867e+00 
 5.01187234e+03  7.39789004e+01  5.01187234e+03 -4.39387200e+00 
 5.41169527e+03  7.39748296e+01  5.41169527e+03 -4.74293870e+00 
 5.84341413e+03  7.39700883e+01  5.84341413e+03 -5.11947780e+00 
 6.30957344e+03  7.39645668e+01  6.30957344e+03 -5.52558479e+00 
 6.81292069e+03  7.39581380e+01  6.81292069e+03 -5.96349828e+00 
 7.35642254e+03  7.39506545e+01  7.35642254e+03 -6.43560481e+00 
 7.94328235e+03  7.39419456e+01  7.94328235e+03 -6.94444329e+00 
 8.57695899e+03  7.39318140e+01  8.57695899e+03 -7.49270819e+00 
 9.26118728e+03  7.39200311e+01  9.26118728e+03 -8.08324928e+00 
 1.00000000e+04  7.39063334e+01  1.00000000e+04 -8.71907072e+00 
 1.07977516e+04  7.38904174e+01  1.07977516e+04 -9.40332569e+00 
 1.16591440e+04  7.38719339e+01  1.16591440e+04 -1.01393060e+01 
 1.25892541e+04  7.38504829e+01  1.25892541e+04 -1.09304288e+01 
 1.35935639e+04  7.38256056e+01  1.35935639e+04 -1.17802119e+01 
 1.46779927e+04  7.37967796e+01  1.46779927e+04 -1.26922474e+01 
 1.58489319e+04  7.37634108e+01  1.58489319e+04 -1.36701595e+01 
 1.71132830e+04  7.37248264e+01  1.71132830e+04 -1.47175546e+01 
 1.84784980e+04  7.36802684e+01  1.84784980e+04 -1.58379565e+01 
 1.99526231e+04  7.36288880e+01  1.99526231e+04 -1.70347298e+01 
 2.15443469e+04  7.35697407e+01  2.15443469e+04 -1.83109848e+01 
 2.32630507e+04  7.35017813e+01  2.32630507e+04 -1.96694639e+01 
 2.51188643e+04  7.34238655e+01  2.51188643e+04 -2.11124173e+01 
 2.71227258e+04  7.33347523e+01  2.71227258e+04 -2.26414629e+01 
 2.92864456e+04  7.32331102e+01  2.92864456e+04 -2.42574285e+01 
 3.16227766e+04  7.31175304e+01  3.16227766e+04 -2.59601971e+01 
 3.41454887e+04  7.29865454e+01  3.41454887e+04 -2.77485492e+01 
 3.68694506e+04  7.28386522e+01  3.68694506e+04 -2.96200134e+01 
 3.98107171e+04  7.26723465e+01  3.98107171e+04 -3.15707522e+01 
 4.29866235e+04  7.24861583e+01  4.29866235e+04 -3.35954750e+01 
 4.64158883e+04  7.22786956e+01  4.64158883e+04 -3.56874086e+01 
 5.01187234e+04  7.20486909e+01  5.01187234e+04 -3.78383354e+01 
 5.41169527e+04  7.17950461e+01  5.41169527e+04 -4.00386935e+01 
 5.84341413e+04  7.15168782e+01  5.84341413e+04 -4.22777720e+01 
 6.30957344e+04  7.12135544e+01  6.30957344e+04 -4.45439561e+01 
 6.81292069e+04  7.08847222e+01  6.81292069e+04 -4.68250574e+01 
 7.35642254e+04  7.05303241e+01  7.35642254e+04 -4.91086642e+01 
 7.94328235e+04  7.01506005e+01  7.94328235e+04 -5.13825237e+01 
 8.57695899e+04  6.97460785e+01  8.57695899e+04 -5.36349157e+01 
 9.26118728e+04  6.93175473e+01  9.26118728e+04 -5.58549807e+01 
 1.00000000e+05  6.88660242e+01  1.00000000e+05 -5.80330110e+01 
 1.07977516e+05  6.83927126e+01  1.07977516e+05 -6.01606584e+01 
 1.16591440e+05  6.78989554e+01  1.16591440e+05 -6.22310738e+01 
 1.25892541e+05  6.73861893e+01  1.25892541e+05 -6.42389705e+01 
 1.35935639e+05  6.68558993e+01  1.35935639e+05 -6.61806190e+01 
 1.46779927e+05  6.63095795e+01  1.46779927e+05 -6.80537846e+01 
 1.58489319e+05  6.57486983e+01  1.58489319e+05 -6.98576238e+01 
 1.71132830e+05  6.51746710e+01  1.71132830e+05 -7.15925515e+01 
 1.84784980e+05  6.45888386e+01  1.84784980e+05 -7.32600906e+01 
 1.99526231e+05  6.39924527e+01  1.99526231e+05 -7.48627185e+01 
 2.15443469e+05  6.33866664e+01  2.15443469e+05 -7.64037173e+01 
 2.32630507e+05  6.27725290e+01  2.32630507e+05 -7.78870359e+01 
 2.51188643e+05  6.21509851e+01  2.51188643e+05 -7.93171598e+01 
 2.71227258e+05  6.15228759e+01  2.71227258e+05 -8.06990080e+01 
 2.92864456e+05  6.08889423e+01  2.92864456e+05 -8.20378347e+01 
 3.16227766e+05  6.02498302e+01  3.16227766e+05 -8.33391583e+01 
 3.41454887e+05  5.96060949e+01  3.41454887e+05 -8.46086985e+01 
 3.68694506e+05  5.89582074e+01  3.68694506e+05 -8.58523310e+01 
 3.98107171e+05  5.83065590e+01  3.98107171e+05 -8.70760532e+01 
 4.29866235e+05  5.76514666e+01  4.29866235e+05 -8.82859609e+01 
 4.64158883e+05  5.69931768e+01  4.64158883e+05 -8.94882315e+01 
 5.01187234e+05  5.63318695e+01  5.01187234e+05 -9.06891188e+01 
 5.41169527e+05  5.56676604e+01  5.41169527e+05 -9.18949467e+01 
 5.84341413e+05  5.50006031e+01  5.84341413e+05 -9.31121124e+01 
 6.30957344e+05  5.43306896e+01  6.30957344e+05 -9.43470876e+01 
 6.81292069e+05  5.36578506e+01  6.81292069e+05 -9.56064228e+01 
 7.35642254e+05  5.29819543e+01  7.35642254e+05 -9.68967504e+01 
 7.94328235e+05  5.23028044e+01  7.94328235e+05 -9.82247851e+01 
 8.57695899e+05  5.16201375e+01  8.57695899e+05 -9.95973217e+01 
 9.26118728e+05  5.09336198e+01  9.26118728e+05 -1.01021227e+02 
 1.00000000e+06  5.02428423e+01  1.00000000e+06 -1.02503424e+02 
 1.07977516e+06  4.95473168e+01  1.07977516e+06 -1.04050872e+02 
 1.16591440e+06  4.88464705e+01  1.16591440e+06 -1.05670529e+02 
 1.25892541e+06  4.81396413e+01  1.25892541e+06 -1.07369307e+02 
 1.35935639e+06  4.74260736e+01  1.35935639e+06 -1.09154011e+02 
 1.46779927e+06  4.67049144e+01  1.46779927e+06 -1.11031268e+02 
 1.58489319e+06  4.59752118e+01  1.58489319e+06 -1.13007429e+02 
 1.71132830e+06  4.52359156e+01  1.71132830e+06 -1.15088465e+02 
 1.84784980e+06  4.44858809e+01  1.84784980e+06 -1.17279846e+02 
 1.99526231e+06  4.37238763e+01  1.99526231e+06 -1.19586401e+02 
 2.15443469e+06  4.29485967e+01  2.15443469e+06 -1.22012180e+02 
 2.32630507e+06  4.21586826e+01  2.32630507e+06 -1.24560309e+02 
 2.51188643e+06  4.13527456e+01  2.51188643e+06 -1.27232861e+02 
 2.71227258e+06  4.05294002e+01  2.71227258e+06 -1.30030740e+02 
 2.92864456e+06  3.96873031e+01  2.92864456e+06 -1.32953607e+02 
 3.16227766e+06  3.88251961e+01  3.16227766e+06 -1.35999851e+02 
 3.41454887e+06  3.79419539e+01  3.41454887e+06 -1.39166621e+02 
 3.68694506e+06  3.70366313e+01  3.68694506e+06 -1.42449929e+02 
 3.98107171e+06  3.61085086e+01  3.98107171e+06 -1.45844827e+02 
 4.29866235e+06  3.51571299e+01  4.29866235e+06 -1.49345651e+02 
 4.64158883e+06  3.41823322e+01  4.64158883e+06 -1.52946330e+02 
 5.01187234e+06  3.31842605e+01  5.01187234e+06 -1.56640740e+02 
 5.41169527e+06  3.21633678e+01  5.41169527e+06 -1.60423069e+02 
 5.84341413e+06  3.11203985e+01  5.84341413e+06 -1.64288190e+02 
 6.30957344e+06  3.00563544e+01  6.30957344e+06 -1.68232006e+02 
 6.81292069e+06  2.89724451e+01  6.81292069e+06 -1.72251749e+02 
 7.35642254e+06  2.78700244e+01  7.35642254e+06 -1.76346237e+02 
 7.94328235e+06  2.67505129e+01  7.94328235e+06 -1.80516097e+02 
 8.57695899e+06  2.56153114e+01  8.57695899e+06 -1.84763954e+02 
 9.26118728e+06  2.44657033e+01  9.26118728e+06 -1.89094651e+02 
 1.00000000e+07  2.33027483e+01  1.00000000e+07 -1.93515532e+02 
 1.07977516e+07  2.21271684e+01  1.07977516e+07 -1.98036871e+02 
 1.16591440e+07  2.09392254e+01  1.16591440e+07 -2.02672551e+02 
 1.25892541e+07  1.97385935e+01  1.25892541e+07 -2.07441116e+02 
 1.35935639e+07  1.85242326e+01  1.35935639e+07 -2.12367397e+02 
 1.46779927e+07  1.72942756e+01  1.46779927e+07 -2.17484963e+02 
 1.58489319e+07  1.60459601e+01  1.58489319e+07 -2.22839797e+02 
 1.71132830e+07  1.47756651e+01  1.71132830e+07 -2.28495738e+02 
 1.84784980e+07  1.34791837e+01  1.84784980e+07 -2.34542517e+02 
 1.99526231e+07  1.21525013e+01  1.99526231e+07 -2.41107430e+02 
 2.15443469e+07  1.07936421e+01  2.15443469e+07 -2.48371726e+02 
 2.32630507e+07  9.40671574e+00  2.32630507e+07 -2.56591365e+02 
 2.51188643e+07  8.01025953e+00  2.51188643e+07 -2.66115700e+02 
 2.71227258e+07  6.65280457e+00  2.71227258e+07 -2.77377972e+02 
 2.92864456e+07  5.43578825e+00  2.92864456e+07 -2.90786288e+02 
 3.16227766e+07  4.52714127e+00  3.16227766e+07 -3.06403275e+02 
 3.41454887e+07  4.11665210e+00  3.41454887e+07 -3.23472773e+02 
 3.68694506e+07  4.29123471e+00  3.68694506e+07 -3.40386863e+02 
 3.98107171e+07  4.95647675e+00  3.98107171e+07 -3.55558520e+02 
 4.29866235e+07  5.92004519e+00  4.29866235e+07 -3.68269712e+02 
 4.64158883e+07  7.01487280e+00  4.64158883e+07 -3.78608501e+02 
 5.01187234e+07  8.14084001e+00  5.01187234e+07 -3.86994123e+02 
 5.41169527e+07  9.25027047e+00  5.41169527e+07 -3.93865023e+02 
 5.84341413e+07  1.03252286e+01  5.84341413e+07 -3.99574756e+02 
 6.30957344e+07  1.13623060e+01  6.30957344e+07 -4.04383727e+02 
 6.81292069e+07  1.23645122e+01  6.81292069e+07 -4.08477495e+02 
 7.35642254e+07  1.33373391e+01  7.35642254e+07 -4.11986648e+02 
 7.94328235e+07  1.42869443e+01  7.94328235e+07 -4.15002180e+02 
 8.57695899e+07  1.52193405e+01  8.57695899e+07 -4.17586180e+02 
 9.26118728e+07  1.61400395e+01  9.26118728e+07 -4.19778899e+02 
 1.00000000e+08  1.70538789e+01  1.00000000e+08 -4.21603287e+02 
 1.07977516e+08  1.79648938e+01  1.07977516e+08 -4.23067826e+02 
 1.16591440e+08  1.88761577e+01  1.16591440e+08 -4.24168283e+02 
 1.25892541e+08  1.97895463e+01  1.25892541e+08 -4.24888898e+02 
 1.35935639e+08  2.07053924e+01  1.35935639e+08 -4.25203502e+02 
 1.46779927e+08  2.16220188e+01  1.46779927e+08 -4.25077140e+02 
 1.58489319e+08  2.25351664e+01  1.58489319e+08 -4.24468889e+02 
 1.71132830e+08  2.34373905e+01  1.71132830e+08 -4.23336689e+02 
 1.84784980e+08  2.43175905e+01  1.84784980e+08 -4.21644913e+02 
 1.99526231e+08  2.51609516e+01  1.99526231e+08 -4.19374897e+02 
 2.15443469e+08  2.59496649e+01  2.15443469e+08 -4.16537375e+02 
 2.32630507e+08  2.66647322e+01  2.32630507e+08 -4.13183800e+02 
 2.51188643e+08  2.72888295e+01  2.51188643e+08 -4.09411633e+02 
 2.71227258e+08  2.78096105e+01  2.71227258e+08 -4.05358793e+02 
 2.92864456e+08  2.82223006e+01  2.92864456e+08 -4.01186093e+02 
 3.16227766e+08  2.85304887e+01  3.16227766e+08 -3.97052479e+02 
 3.41454887e+08  2.87448122e+01  3.41454887e+08 -3.93092002e+02 
 3.68694506e+08  2.88802358e+01  3.68694506e+08 -3.89400110e+02 
 3.98107171e+08  2.89530980e+01  3.98107171e+08 -3.86031402e+02 
 4.29866235e+08  2.89788346e+01  4.29866235e+08 -3.83005832e+02 
 4.64158883e+08  2.89707017e+01  4.64158883e+08 -3.80318525e+02 
 5.01187234e+08  2.89393562e+01  5.01187234e+08 -3.77949369e+02 
 5.41169527e+08  2.88929760e+01  5.41169527e+08 -3.75870516e+02 
 5.84341413e+08  2.88376304e+01  5.84341413e+08 -3.74051432e+02 
 6.30957344e+08  2.87777101e+01  6.30957344e+08 -3.72461924e+02 
 6.81292069e+08  2.87163217e+01  6.81292069e+08 -3.71073724e+02 
 7.35642254e+08  2.86556117e+01  7.35642254e+08 -3.69861204e+02 
 7.94328235e+08  2.85970191e+01  7.94328235e+08 -3.68801566e+02 
 8.57695899e+08  2.85414656e+01  8.57695899e+08 -3.67874780e+02 
 9.26118728e+08  2.84894982e+01  9.26118728e+08 -3.67063384e+02 
 1.00000000e+09  2.84413952e+01  1.00000000e+09 -3.66352241e+02 
