 1.00000000e+00  5.80918837e+01  1.00000000e+00 -1.52050660e-04 
 1.07977516e+00  5.80918837e+01  1.07977516e+00 -1.64180526e-04 
 1.16591440e+00  5.80918837e+01  1.16591440e+00 -1.77278054e-04 
 1.25892541e+00  5.80918837e+01  1.25892541e+00 -1.91420439e-04 
 1.35935639e+00  5.80918837e+01  1.35935639e+00 -2.06691036e-04 
 1.46779927e+00  5.80918837e+01  1.46779927e+00 -2.23179847e-04 
 1.58489319e+00  5.80918837e+01  1.58489319e+00 -2.40984056e-04 
 1.71132830e+00  5.80918837e+01  1.71132830e+00 -2.60208598e-04 
 1.84784980e+00  5.80918837e+01  1.84784980e+00 -2.80966781e-04 
 1.99526231e+00  5.80918837e+01  1.99526231e+00 -3.03380951e-04 
 2.15443469e+00  5.80918837e+01  2.15443469e+00 -3.27583216e-04 
 2.32630507e+00  5.80918837e+01  2.32630507e+00 -3.53716220e-04 
 2.51188643e+00  5.80918837e+01  2.51188643e+00 -3.81933989e-04 
 2.71227258e+00  5.80918837e+01  2.71227258e+00 -4.12402835e-04 
 2.92864456e+00  5.80918837e+01  2.92864456e+00 -4.45302338e-04 
 3.16227766e+00  5.80918837e+01  3.16227766e+00 -4.80826405e-04 
 3.41454887e+00  5.80918837e+01  3.41454887e+00 -5.19184409e-04 
 3.68694506e+00  5.80918837e+01  3.68694506e+00 -5.60602430e-04 
 3.98107171e+00  5.80918837e+01  3.98107171e+00 -6.05324579e-04 
 4.29866235e+00  5.80918837e+01  4.29866235e+00 -6.53614446e-04 
 4.64158883e+00  5.80918837e+01  4.64158883e+00 -7.05756645e-04 
 5.01187234e+00  5.80918837e+01  5.01187234e+00 -7.62058495e-04 
 5.41169527e+00  5.80918837e+01  5.41169527e+00 -8.22851836e-04 
 5.84341413e+00  5.80918837e+01  5.84341413e+00 -8.88494974e-04 
 6.30957344e+00  5.80918837e+01  6.30957344e+00 -9.59374805e-04 
 6.81292069e+00  5.80918837e+01  6.81292069e+00 -1.03590909e-03 
 7.35642254e+00  5.80918837e+01  7.35642254e+00 -1.11854890e-03 
 7.94328235e+00  5.80918837e+01  7.94328235e+00 -1.20778132e-03 
 8.57695899e+00  5.80918837e+01  8.57695899e+00 -1.30413227e-03 
 9.26118728e+00  5.80918837e+01  9.26118728e+00 -1.40816964e-03 
 1.00000000e+01  5.80918837e+01  1.00000000e+01 -1.52050660e-03 
 1.07977516e+01  5.80918837e+01  1.07977516e+01 -1.64180526e-03 
 1.16591440e+01  5.80918837e+01  1.16591440e+01 -1.77278054e-03 
 1.25892541e+01  5.80918837e+01  1.25892541e+01 -1.91420439e-03 
 1.35935639e+01  5.80918837e+01  1.35935639e+01 -2.06691036e-03 
 1.46779927e+01  5.80918837e+01  1.46779927e+01 -2.23179847e-03 
 1.58489319e+01  5.80918837e+01  1.58489319e+01 -2.40984056e-03 
 1.71132830e+01  5.80918837e+01  1.71132830e+01 -2.60208598e-03 
 1.84784980e+01  5.80918837e+01  1.84784980e+01 -2.80966781e-03 
 1.99526231e+01  5.80918837e+01  1.99526231e+01 -3.03380951e-03 
 2.15443469e+01  5.80918837e+01  2.15443469e+01 -3.27583216e-03 
 2.32630507e+01  5.80918837e+01  2.32630507e+01 -3.53716220e-03 
 2.51188643e+01  5.80918837e+01  2.51188643e+01 -3.81933989e-03 
 2.71227258e+01  5.80918837e+01  2.71227258e+01 -4.12402835e-03 
 2.92864456e+01  5.80918837e+01  2.92864456e+01 -4.45302338e-03 
 3.16227766e+01  5.80918837e+01  3.16227766e+01 -4.80826404e-03 
 3.41454887e+01  5.80918837e+01  3.41454887e+01 -5.19184408e-03 
 3.68694506e+01  5.80918837e+01  3.68694506e+01 -5.60602428e-03 
 3.98107171e+01  5.80918837e+01  3.98107171e+01 -6.05324578e-03 
 4.29866235e+01  5.80918837e+01  4.29866235e+01 -6.53614444e-03 
 4.64158883e+01  5.80918836e+01  4.64158883e+01 -7.05756642e-03 
 5.01187234e+01  5.80918836e+01  5.01187234e+01 -7.62058492e-03 
 5.41169527e+01  5.80918836e+01  5.41169527e+01 -8.22851832e-03 
 5.84341413e+01  5.80918836e+01  5.84341413e+01 -8.88494970e-03 
 6.30957344e+01  5.80918836e+01  6.30957344e+01 -9.59374799e-03 
 6.81292069e+01  5.80918836e+01  6.81292069e+01 -1.03590908e-02 
 7.35642254e+01  5.80918836e+01  7.35642254e+01 -1.11854889e-02 
 7.94328235e+01  5.80918835e+01  7.94328235e+01 -1.20778131e-02 
 8.57695899e+01  5.80918835e+01  8.57695899e+01 -1.30413226e-02 
 9.26118728e+01  5.80918835e+01  9.26118728e+01 -1.40816962e-02 
 1.00000000e+02  5.80918835e+01  1.00000000e+02 -1.52050657e-02 
 1.07977516e+02  5.80918834e+01  1.07977516e+02 -1.64180523e-02 
 1.16591440e+02  5.80918834e+01  1.16591440e+02 -1.77278050e-02 
 1.25892541e+02  5.80918833e+01  1.25892541e+02 -1.91420435e-02 
 1.35935639e+02  5.80918832e+01  1.35935639e+02 -2.06691030e-02 
 1.46779927e+02  5.80918832e+01  1.46779927e+02 -2.23179839e-02 
 1.58489319e+02  5.80918831e+01  1.58489319e+02 -2.40984046e-02 
 1.71132830e+02  5.80918830e+01  1.71132830e+02 -2.60208585e-02 
 1.84784980e+02  5.80918829e+01  1.84784980e+02 -2.80966765e-02 
 1.99526231e+02  5.80918827e+01  1.99526231e+02 -3.03380932e-02 
 2.15443469e+02  5.80918826e+01  2.15443469e+02 -3.27583191e-02 
 2.32630507e+02  5.80918824e+01  2.32630507e+02 -3.53716189e-02 
 2.51188643e+02  5.80918822e+01  2.51188643e+02 -3.81933950e-02 
 2.71227258e+02  5.80918819e+01  2.71227258e+02 -4.12402786e-02 
 2.92864456e+02  5.80918816e+01  2.92864456e+02 -4.45302276e-02 
 3.16227766e+02  5.80918813e+01  3.16227766e+02 -4.80826326e-02 
 3.41454887e+02  5.80918809e+01  3.41454887e+02 -5.19184311e-02 
 3.68694506e+02  5.80918804e+01  3.68694506e+02 -5.60602305e-02 
 3.98107171e+02  5.80918799e+01  3.98107171e+02 -6.05324423e-02 
 4.29866235e+02  5.80918792e+01  4.29866235e+02 -6.53614249e-02 
 4.64158883e+02  5.80918785e+01  4.64158883e+02 -7.05756397e-02 
 5.01187234e+02  5.80918776e+01  5.01187234e+02 -7.62058184e-02 
 5.41169527e+02  5.80918766e+01  5.41169527e+02 -8.22851443e-02 
 5.84341413e+02  5.80918754e+01  5.84341413e+02 -8.88494481e-02 
 6.30957344e+02  5.80918741e+01  6.30957344e+02 -9.59374184e-02 
 6.81292069e+02  5.80918725e+01  6.81292069e+02 -1.03590830e-01 
 7.35642254e+02  5.80918706e+01  7.35642254e+02 -1.11854792e-01 
 7.94328235e+02  5.80918684e+01  7.94328235e+02 -1.20778008e-01 
 8.57695899e+02  5.80918659e+01  8.57695899e+02 -1.30413071e-01 
 9.26118728e+02  5.80918629e+01  9.26118728e+02 -1.40816767e-01 
 1.00000000e+03  5.80918595e+01  1.00000000e+03 -1.52050412e-01 
 1.07977516e+03  5.80918555e+01  1.07977516e+03 -1.64180214e-01 
 1.16591440e+03  5.80918508e+01  1.16591440e+03 -1.77277661e-01 
 1.25892541e+03  5.80918454e+01  1.25892541e+03 -1.91419945e-01 
 1.35935639e+03  5.80918390e+01  1.35935639e+03 -2.06690414e-01 
 1.46779927e+03  5.80918316e+01  1.46779927e+03 -2.23179064e-01 
 1.58489319e+03  5.80918229e+01  1.58489319e+03 -2.40983069e-01 
 1.71132830e+03  5.80918129e+01  1.71132830e+03 -2.60207356e-01 
 1.84784980e+03  5.80918011e+01  1.84784980e+03 -2.80965218e-01 
 1.99526231e+03  5.80917874e+01  1.99526231e+03 -3.03378984e-01 
 2.15443469e+03  5.80917714e+01  2.15443469e+03 -3.27580739e-01 
 2.32630507e+03  5.80917528e+01  2.32630507e+03 -3.53713102e-01 
 2.51188643e+03  5.80917311e+01  2.51188643e+03 -3.81930065e-01 
 2.71227258e+03  5.80917057e+01  2.71227258e+03 -4.12397893e-01 
 2.92864456e+03  5.80916762e+01  2.92864456e+03 -4.45296117e-01 
 3.16227766e+03  5.80916418e+01  3.16227766e+03 -4.80818571e-01 
 3.41454887e+03  5.80916017e+01  3.41454887e+03 -5.19174548e-01 
 3.68694506e+03  5.80915549e+01  3.68694506e+03 -5.60590016e-01 
 3.98107171e+03  5.80915003e+01  3.98107171e+03 -6.05308950e-01 
 4.29866235e+03  5.80914367e+01  4.29866235e+03 -6.53594772e-01 
 4.64158883e+03  5.80913626e+01  4.64158883e+03 -7.05731875e-01 
 5.01187234e+03  5.80912761e+01  5.01187234e+03 -7.62027314e-01 
 5.41169527e+03  5.80911753e+01  5.41169527e+03 -8.22812582e-01 
 5.84341413e+03  5.80910578e+01  5.84341413e+03 -8.88445557e-01 
 6.30957344e+03  5.80909208e+01  6.30957344e+03 -9.59312592e-01 
 6.81292069e+03  5.80907610e+01  6.81292069e+03 -1.03583077e+00 
 7.35642254e+03  5.80905748e+01  7.35642254e+03 -1.11845030e+00 
 7.94328235e+03  5.80903576e+01  7.94328235e+03 -1.20765719e+00 
 8.57695899e+03  5.80901045e+01  8.57695899e+03 -1.30397601e+00 
 9.26118728e+03  5.80898093e+01  9.26118728e+03 -1.40797293e+00 
 1.00000000e+04  5.80894653e+01  1.00000000e+04 -1.52025897e+00 
 1.07977516e+04  5.80890641e+01  1.07977516e+04 -1.64149353e+00 
 1.16591440e+04  5.80885965e+01  1.16591440e+04 -1.77238811e+00 
 1.25892541e+04  5.80880514e+01  1.25892541e+04 -1.91371040e+00 
 1.35935639e+04  5.80874158e+01  1.35935639e+04 -2.06628851e+00 
 1.46779927e+04  5.80866750e+01  1.46779927e+04 -2.23101569e+00 
 1.58489319e+04  5.80858113e+01  1.58489319e+04 -2.40885521e+00 
 1.71132830e+04  5.80848046e+01  1.71132830e+04 -2.60084565e+00 
 1.84784980e+04  5.80836312e+01  1.84784980e+04 -2.80810659e+00 
 1.99526231e+04  5.80822635e+01  1.99526231e+04 -3.03184442e+00 
 2.15443469e+04  5.80806694e+01  2.15443469e+04 -3.27335880e+00 
 2.32630507e+04  5.80788115e+01  2.32630507e+04 -3.53404921e+00 
 2.51188643e+04  5.80766464e+01  2.51188643e+04 -3.81542203e+00 
 2.71227258e+04  5.80741234e+01  2.71227258e+04 -4.11909778e+00 
 2.92864456e+04  5.80711835e+01  2.92864456e+04 -4.44681864e+00 
 3.16227766e+04  5.80677583e+01  3.16227766e+04 -4.80045637e+00 
 3.41454887e+04  5.80637683e+01  3.41454887e+04 -5.18202020e+00 
 3.68694506e+04  5.80591208e+01  3.68694506e+04 -5.59366461e+00 
 3.98107171e+04  5.80537083e+01  3.98107171e+04 -6.03769739e+00 
 4.29866235e+04  5.80474062e+01  4.29866235e+04 -6.51658707e+00 
 4.64158883e+04  5.80400698e+01  4.64158883e+04 -7.03296987e+00 
 5.01187234e+04  5.80315315e+01  5.01187234e+04 -7.58965590e+00 
 5.41169527e+04  5.80215972e+01  5.41169527e+04 -8.18963392e+00 
 5.84341413e+04  5.80100429e+01  5.84341413e+04 -8.83607467e+00 
 6.30957344e+04  5.79966094e+01  6.30957344e+04 -9.53233118e+00 
 6.81292069e+04  5.79809984e+01  6.81292069e+04 -1.02819370e+01 
 7.35642254e+04  5.79628665e+01  7.35642254e+04 -1.10885996e+01 
 7.94328235e+04  5.79418195e+01  7.94328235e+04 -1.19561889e+01 
 8.57695899e+04  5.79174061e+01  8.57695899e+04 -1.28887199e+01 
 9.26118728e+04  5.78891111e+01  9.26118728e+04 -1.38903276e+01 
 1.00000000e+05  5.78563480e+01  1.00000000e+05 -1.49652321e+01 
 1.07977516e+05  5.78184523e+01  1.07977516e+05 -1.61176941e+01 
 1.16591440e+05  5.77746744e+01  1.16591440e+05 -1.73519567e+01 
 1.25892541e+05  5.77241731e+01  1.25892541e+05 -1.86721744e+01 
 1.35935639e+05  5.76660100e+01  1.35935639e+05 -2.00823248e+01 
 1.46779927e+05  5.75991459e+01  1.46779927e+05 -2.15861072e+01 
 1.58489319e+05  5.75224394e+01  1.58489319e+05 -2.31868221e+01 
 1.71132830e+05  5.74346484e+01  1.71132830e+05 -2.48872381e+01 
 1.84784980e+05  5.73344361e+01  1.84784980e+05 -2.66894457e+01 
 1.99526231e+05  5.72203814e+01  1.99526231e+05 -2.85947053e+01 
 2.15443469e+05  5.70909960e+01  2.15443469e+05 -3.06032947e+01 
 2.32630507e+05  5.69447468e+01  2.32630507e+05 -3.27143677e+01 
 2.51188643e+05  5.67800857e+01  2.51188643e+05 -3.49258339e+01 
 2.71227258e+05  5.65954855e+01  2.71227258e+05 -3.72342756e+01 
 2.92864456e+05  5.63894802e+01  2.92864456e+05 -3.96349129e+01 
 3.16227766e+05  5.61607100e+01  3.16227766e+05 -4.21216336e+01 
 3.41454887e+05  5.59079658e+01  3.41454887e+05 -4.46870934e+01 
 3.68694506e+05  5.56302326e+01  3.68694506e+05 -4.73228935e+01 
 3.98107171e+05  5.53267258e+01  3.98107171e+05 -5.00198323e+01 
 4.29866235e+05  5.49969199e+01  4.29866235e+05 -5.27682197e+01 
 4.64158883e+05  5.46405637e+01  4.64158883e+05 -5.55582386e+01 
 5.01187234e+05  5.42576832e+01  5.01187234e+05 -5.83803260e+01 
 5.41169527e+05  5.38485693e+01  5.41169527e+05 -6.12255526e+01 
 5.84341413e+05  5.34137526e+01  5.84341413e+05 -6.40859701e+01 
 6.30957344e+05  5.29539666e+01  6.30957344e+05 -6.69549056e+01 
 6.81292069e+05  5.24701024e+01  6.81292069e+05 -6.98271864e+01 
 7.35642254e+05  5.19631583e+01  7.35642254e+05 -7.26992856e+01 
 7.94328235e+05  5.14341874e+01  7.94328235e+05 -7.55693885e+01 
 8.57695899e+05  5.08842471e+01  8.57695899e+05 -7.84373804e+01 
 9.26118728e+05  5.03143513e+01  9.26118728e+05 -8.13047700e+01 
 1.00000000e+06  4.97254293e+01  1.00000000e+06 -8.41745573e+01 
 1.07977516e+06  4.91182902e+01  1.07977516e+06 -8.70510591e+01 
 1.16591440e+06  4.84935942e+01  1.16591440e+06 -8.99397032e+01 
 1.25892541e+06  4.78518319e+01  1.25892541e+06 -9.28468018e+01 
 1.35935639e+06  4.71933091e+01  1.35935639e+06 -9.57793139e+01 
 1.46779927e+06  4.65181388e+01  1.46779927e+06 -9.87445962e+01 
 1.58489319e+06  4.58262399e+01  1.58489319e+06 -1.01750156e+02 
 1.71132830e+06  4.51173411e+01  1.71132830e+06 -1.04803402e+02 
 1.84784980e+06  4.43909926e+01  1.84784980e+06 -1.07911400e+02 
 1.99526231e+06  4.36465831e+01  1.99526231e+06 -1.11080638e+02 
 2.15443469e+06  4.28833645e+01  2.15443469e+06 -1.14316807e+02 
 2.32630507e+06  4.21004836e+01  2.32630507e+06 -1.17624607e+02 
 2.51188643e+06  4.12970201e+01  2.51188643e+06 -1.21007581e+02 
 2.71227258e+06  4.04720316e+01  2.71227258e+06 -1.24467996e+02 
 2.92864456e+06  3.96246029e+01  2.92864456e+06 -1.28006791e+02 
 3.16227766e+06  3.87538996e+01  3.16227766e+06 -1.31623575e+02 
 3.41454887e+06  3.78592212e+01  3.41454887e+06 -1.35316719e+02 
 3.68694506e+06  3.69400515e+01  3.68694506e+06 -1.39083517e+02 
 3.98107171e+06  3.59961033e+01  3.98107171e+06 -1.42920424e+02 
 4.29866235e+06  3.50273525e+01  4.29866235e+06 -1.46823367e+02 
 4.64158883e+06  3.40340592e+01  4.64158883e+06 -1.50788090e+02 
 5.01187234e+06  3.30167739e+01  5.01187234e+06 -1.54810535e+02 
 5.41169527e+06  3.19763268e+01  5.41169527e+06 -1.58887215e+02 
 5.84341413e+06  3.09138011e+01  5.84341413e+06 -1.63015565e+02 
 6.30957344e+06  2.98304905e+01  6.30957344e+06 -1.67194246e+02 
 6.81292069e+06  2.87278439e+01  6.81292069e+06 -1.71423400e+02 
 7.35642254e+06  2.76073980e+01  7.35642254e+06 -1.75704855e+02 
 7.94328235e+06  2.64707005e+01  7.94328235e+06 -1.80042289e+02 
 8.57695899e+06  2.53192253e+01  8.57695899e+06 -1.84441389e+02 
 9.26118728e+06  2.41542800e+01  9.26118728e+06 -1.88910040e+02 
 1.00000000e+07  2.29769062e+01  1.00000000e+07 -1.93458615e+02 
 1.07977516e+07  2.17877727e+01  1.07977516e+07 -1.98100430e+02 
 1.16591440e+07  2.05870630e+01  1.16591440e+07 -2.02852486e+02 
 1.25892541e+07  1.93743591e+01  1.25892541e+07 -2.07736618e+02 
 1.35935639e+07  1.81485301e+01  1.35935639e+07 -2.12781278e+02 
 1.46779927e+07  1.69076431e+01  1.46779927e+07 -2.18024204e+02 
 1.58489319e+07  1.56489334e+01  1.58489319e+07 -2.23516394e+02 
 1.71132830e+07  1.43689097e+01  1.71132830e+07 -2.29327961e+02 
 1.84784980e+07  1.30637516e+01  1.84784980e+07 -2.35556681e+02 
 1.99526231e+07  1.17303215e+01  1.99526231e+07 -2.42340198e+02 
 2.15443469e+07  1.03684423e+01  2.15443469e+07 -2.49872571e+02 
 2.32630507e+07  8.98570925e+00  2.32630507e+07 -2.58423590e+02 
 2.51188643e+07  7.60699961e+00  2.51188643e+07 -2.68350995e+02 
 2.71227258e+07  6.29107159e+00  2.71227258e+07 -2.80072203e+02 
 2.92864456e+07  5.15158438e+00  2.92864456e+07 -2.93917136e+02 
 3.16227766e+07  4.35984423e+00  3.16227766e+07 -3.09775688e+02 
 3.41454887e+07  4.08249545e+00  3.41454887e+07 -3.26701890e+02 
 3.68694506e+07  4.36258585e+00  3.68694506e+07 -3.43090632e+02 
 3.98107171e+07  5.08059343e+00  3.98107171e+07 -3.57582942e+02 
 4.29866235e+07  6.05288038e+00  4.29866235e+07 -3.69679779e+02 
 4.64158883e+07  7.13275046e+00  4.64158883e+07 -3.79549884e+02 
 5.01187234e+07  8.23511286e+00  5.01187234e+07 -3.87602950e+02 
 5.41169527e+07  9.31996689e+00  5.41169527e+07 -3.94242673e+02 
 5.84341413e+07  1.03725055e+01  5.84341413e+07 -3.99790589e+02 
 6.30957344e+07  1.13902647e+01  6.30957344e+07 -4.04483700e+02 
 6.81292069e+07  1.23762823e+01  6.81292069e+07 -4.08491653e+02 
 7.35642254e+07  1.33357451e+01  7.35642254e+07 -4.11934384e+02 
 7.94328235e+07  1.42744153e+01  7.94328235e+07 -4.14895673e+02 
 8.57695899e+07  1.51979125e+01  8.57695899e+07 -4.17432573e+02 
 9.26118728e+07  1.61113845e+01  9.26118728e+07 -4.19581676e+02 
 1.00000000e+08  1.70193323e+01  1.00000000e+08 -4.21363137e+02 
 1.07977516e+08  1.79254684e+01  1.07977516e+08 -4.22783192e+02 
 1.16591440e+08  1.88325388e+01  1.16591440e+08 -4.23835738e+02 
 1.25892541e+08  1.97420644e+01  1.25892541e+08 -4.24503458e+02 
 1.35935639e+08  2.06539749e+01  1.35935639e+08 -4.24758977e+02 
 1.46779927e+08  2.15661233e+01  1.46779927e+08 -4.24566631e+02 
 1.58489319e+08  2.24737065e+01  1.58489319e+08 -4.23885566e+02 
 1.71132830e+08  2.33686782e+01  1.71132830e+08 -4.22674948e+02 
 1.84784980e+08  2.42393337e+01  1.84784980e+08 -4.20901977e+02 
 1.99526231e+08  2.50703614e+01  1.99526231e+08 -4.18552735e+02 
 2.15443469e+08  2.58437260e+01  2.15443469e+08 -4.15644559e+02 
 2.32630507e+08  2.65406485e+01  2.32630507e+08 -4.12236562e+02 
 2.51188643e+08  2.71445733e+01  2.51188643e+08 -4.08433301e+02 
 2.71227258e+08  2.76444020e+01  2.71227258e+08 -4.04377189e+02 
 2.92864456e+08  2.80368202e+01  2.92864456e+08 -4.00229429e+02 
 3.16227766e+08  2.83267232e+01  3.16227766e+08 -3.96145144e+02 
 3.41454887e+08  2.85256128e+01  3.41454887e+08 -3.92251714e+02 
 3.68694506e+08  2.86487848e+01  3.68694506e+08 -3.88637088e+02 
 3.98107171e+08  2.87124641e+01  3.98107171e+08 -3.85349218e+02 
 4.29866235e+08  2.87317023e+01  4.29866235e+08 -3.82403122e+02 
 4.64158883e+08  2.87192653e+01  4.64158883e+08 -3.79790783e+02 
 5.01187234e+08  2.86853250e+01  5.01187234e+08 -3.77490419e+02 
 5.41169527e+08  2.86376358e+01  5.41169527e+08 -3.75473543e+02 
 5.84341413e+08  2.85819215e+01  5.84341413e+08 -3.73709618e+02 
 6.30957344e+08  2.85223029e+01  6.30957344e+08 -3.72168801e+02 
 6.81292069e+08  2.84616801e+01  6.81292069e+08 -3.70823352e+02 
 7.35642254e+08  2.84020442e+01  7.35642254e+08 -3.69648228e+02 
 7.94328235e+08  2.83447177e+01  7.94328235e+08 -3.68621226e+02 
 8.57695899e+08  2.82905360e+01  8.57695899e+08 -3.67722883e+02 
 9.26118728e+08  2.82399827e+01  9.26118728e+08 -3.66936263e+02 
 1.00000000e+09  2.81932904e+01  1.00000000e+09 -3.66246712e+02 
