 1.00000000e+00  6.41978270e+01  1.00000000e+00 -3.05744982e-04 
 1.07977516e+00  6.41978270e+01  1.07977516e+00 -3.30135838e-04 
 1.16591440e+00  6.41978270e+01  1.16591440e+00 -3.56472478e-04 
 1.25892541e+00  6.41978270e+01  1.25892541e+00 -3.84910128e-04 
 1.35935639e+00  6.41978270e+01  1.35935639e+00 -4.15616396e-04 
 1.46779927e+00  6.41978270e+01  1.46779927e+00 -4.48772261e-04 
 1.58489319e+00  6.41978270e+01  1.58489319e+00 -4.84573141e-04 
 1.71132830e+00  6.41978270e+01  1.71132830e+00 -5.23230042e-04 
 1.84784980e+00  6.41978270e+01  1.84784980e+00 -5.64970804e-04 
 1.99526231e+00  6.41978270e+01  1.99526231e+00 -6.10041441e-04 
 2.15443469e+00  6.41978270e+01  2.15443469e+00 -6.58707596e-04 
 2.32630507e+00  6.41978270e+01  2.32630507e+00 -7.11256102e-04 
 2.51188643e+00  6.41978270e+01  2.51188643e+00 -7.67996673e-04 
 2.71227258e+00  6.41978270e+01  2.71227258e+00 -8.29263732e-04 
 2.92864456e+00  6.41978270e+01  2.92864456e+00 -8.95418381e-04 
 3.16227766e+00  6.41978270e+01  3.16227766e+00 -9.66850527e-04 
 3.41454887e+00  6.41978270e+01  3.41454887e+00 -1.04398118e-03 
 3.68694506e+00  6.41978270e+01  3.68694506e+00 -1.12726495e-03 
 3.98107171e+00  6.41978270e+01  3.98107171e+00 -1.21719270e-03 
 4.29866235e+00  6.41978270e+01  4.29866235e+00 -1.31429444e-03 
 4.64158883e+00  6.41978270e+01  4.64158883e+00 -1.41914250e-03 
 5.01187234e+00  6.41978270e+01  5.01187234e+00 -1.53235482e-03 
 5.41169527e+00  6.41978270e+01  5.41169527e+00 -1.65459867e-03 
 5.84341413e+00  6.41978270e+01  5.84341413e+00 -1.78659455e-03 
 6.30957344e+00  6.41978270e+01  6.30957344e+00 -1.92912042e-03 
 6.81292069e+00  6.41978270e+01  6.81292069e+00 -2.08301632e-03 
 7.35642254e+00  6.41978270e+01  7.35642254e+00 -2.24918928e-03 
 7.94328235e+00  6.41978270e+01  7.94328235e+00 -2.42861872e-03 
 8.57695899e+00  6.41978270e+01  8.57695899e+00 -2.62236217e-03 
 9.26118728e+00  6.41978270e+01  9.26118728e+00 -2.83156154e-03 
 1.00000000e+01  6.41978270e+01  1.00000000e+01 -3.05744982e-03 
 1.07977516e+01  6.41978270e+01  1.07977516e+01 -3.30135838e-03 
 1.16591440e+01  6.41978270e+01  1.16591440e+01 -3.56472478e-03 
 1.25892541e+01  6.41978270e+01  1.25892541e+01 -3.84910127e-03 
 1.35935639e+01  6.41978270e+01  1.35935639e+01 -4.15616395e-03 
 1.46779927e+01  6.41978270e+01  1.46779927e+01 -4.48772260e-03 
 1.58489319e+01  6.41978270e+01  1.58489319e+01 -4.84573140e-03 
 1.71132830e+01  6.41978270e+01  1.71132830e+01 -5.23230041e-03 
 1.84784980e+01  6.41978270e+01  1.84784980e+01 -5.64970802e-03 
 1.99526231e+01  6.41978270e+01  1.99526231e+01 -6.10041439e-03 
 2.15443469e+01  6.41978270e+01  2.15443469e+01 -6.58707594e-03 
 2.32630507e+01  6.41978270e+01  2.32630507e+01 -7.11256099e-03 
 2.51188643e+01  6.41978270e+01  2.51188643e+01 -7.67996669e-03 
 2.71227258e+01  6.41978270e+01  2.71227258e+01 -8.29263727e-03 
 2.92864456e+01  6.41978269e+01  2.92864456e+01 -8.95418374e-03 
 3.16227766e+01  6.41978269e+01  3.16227766e+01 -9.66850519e-03 
 3.41454887e+01  6.41978269e+01  3.41454887e+01 -1.04398118e-02 
 3.68694506e+01  6.41978269e+01  3.68694506e+01 -1.12726494e-02 
 3.98107171e+01  6.41978269e+01  3.98107171e+01 -1.21719268e-02 
 4.29866235e+01  6.41978268e+01  4.29866235e+01 -1.31429442e-02 
 4.64158883e+01  6.41978268e+01  4.64158883e+01 -1.41914247e-02 
 5.01187234e+01  6.41978268e+01  5.01187234e+01 -1.53235479e-02 
 5.41169527e+01  6.41978267e+01  5.41169527e+01 -1.65459863e-02 
 5.84341413e+01  6.41978267e+01  5.84341413e+01 -1.78659450e-02 
 6.30957344e+01  6.41978266e+01  6.30957344e+01 -1.92912036e-02 
 6.81292069e+01  6.41978265e+01  6.81292069e+01 -2.08301624e-02 
 7.35642254e+01  6.41978264e+01  7.35642254e+01 -2.24918918e-02 
 7.94328235e+01  6.41978263e+01  7.94328235e+01 -2.42861860e-02 
 8.57695899e+01  6.41978262e+01  8.57695899e+01 -2.62236202e-02 
 9.26118728e+01  6.41978261e+01  9.26118728e+01 -2.83156134e-02 
 1.00000000e+02  6.41978259e+01  1.00000000e+02 -3.05744957e-02 
 1.07977516e+02  6.41978257e+01  1.07977516e+02 -3.30135807e-02 
 1.16591440e+02  6.41978255e+01  1.16591440e+02 -3.56472438e-02 
 1.25892541e+02  6.41978253e+01  1.25892541e+02 -3.84910078e-02 
 1.35935639e+02  6.41978250e+01  1.35935639e+02 -4.15616333e-02 
 1.46779927e+02  6.41978246e+01  1.46779927e+02 -4.48772182e-02 
 1.58489319e+02  6.41978242e+01  1.58489319e+02 -4.84573042e-02 
 1.71132830e+02  6.41978238e+01  1.71132830e+02 -5.23229917e-02 
 1.84784980e+02  6.41978232e+01  1.84784980e+02 -5.64970646e-02 
 1.99526231e+02  6.41978226e+01  1.99526231e+02 -6.10041243e-02 
 2.15443469e+02  6.41978218e+01  2.15443469e+02 -6.58707347e-02 
 2.32630507e+02  6.41978210e+01  2.32630507e+02 -7.11255788e-02 
 2.51188643e+02  6.41978200e+01  2.51188643e+02 -7.67996278e-02 
 2.71227258e+02  6.41978188e+01  2.71227258e+02 -8.29263235e-02 
 2.92864456e+02  6.41978174e+01  2.92864456e+02 -8.95417755e-02 
 3.16227766e+02  6.41978158e+01  3.16227766e+02 -9.66849739e-02 
 3.41454887e+02  6.41978140e+01  3.41454887e+02 -1.04398019e-01 
 3.68694506e+02  6.41978118e+01  3.68694506e+02 -1.12726370e-01 
 3.98107171e+02  6.41978093e+01  3.98107171e+02 -1.21719113e-01 
 4.29866235e+02  6.41978064e+01  4.29866235e+02 -1.31429246e-01 
 4.64158883e+02  6.41978029e+01  4.64158883e+02 -1.41914000e-01 
 5.01187234e+02  6.41977989e+01  5.01187234e+02 -1.53235168e-01 
 5.41169527e+02  6.41977943e+01  5.41169527e+02 -1.65459472e-01 
 5.84341413e+02  6.41977888e+01  5.84341413e+02 -1.78658958e-01 
 6.30957344e+02  6.41977825e+01  6.30957344e+02 -1.92911416e-01 
 6.81292069e+02  6.41977751e+01  6.81292069e+02 -2.08300844e-01 
 7.35642254e+02  6.41977665e+01  7.35642254e+02 -2.24917936e-01 
 7.94328235e+02  6.41977565e+01  7.94328235e+02 -2.42860623e-01 
 8.57695899e+02  6.41977447e+01  8.57695899e+02 -2.62234645e-01 
 9.26118728e+02  6.41977311e+01  9.26118728e+02 -2.83154174e-01 
 1.00000000e+03  6.41977152e+01  1.00000000e+03 -3.05742490e-01 
 1.07977516e+03  6.41976966e+01  1.07977516e+03 -3.30132701e-01 
 1.16591440e+03  6.41976750e+01  1.16591440e+03 -3.56468528e-01 
 1.25892541e+03  6.41976497e+01  1.25892541e+03 -3.84905156e-01 
 1.35935639e+03  6.41976203e+01  1.35935639e+03 -4.15610136e-01 
 1.46779927e+03  6.41975860e+01  1.46779927e+03 -4.48764381e-01 
 1.58489319e+03  6.41975460e+01  1.58489319e+03 -4.84563219e-01 
 1.71132830e+03  6.41974994e+01  1.71132830e+03 -5.23217552e-01 
 1.84784980e+03  6.41974450e+01  1.84784980e+03 -5.64955080e-01 
 1.99526231e+03  6.41973816e+01  1.99526231e+03 -6.10021647e-01 
 2.15443469e+03  6.41973077e+01  2.15443469e+03 -6.58682677e-01 
 2.32630507e+03  6.41972216e+01  2.32630507e+03 -7.11224731e-01 
 2.51188643e+03  6.41971212e+01  2.51188643e+03 -7.67957181e-01 
 2.71227258e+03  6.41970040e+01  2.71227258e+03 -8.29214014e-01 
 2.92864456e+03  6.41968675e+01  2.92864456e+03 -8.95355790e-01 
 3.16227766e+03  6.41967083e+01  3.16227766e+03 -9.66771732e-01 
 3.41454887e+03  6.41965228e+01  3.41454887e+03 -1.04388199e+00 
 3.68694506e+03  6.41963064e+01  3.68694506e+03 -1.12714008e+00 
 3.98107171e+03  6.41960541e+01  3.98107171e+03 -1.21703549e+00 
 4.29866235e+03  6.41957601e+01  4.29866235e+03 -1.31409654e+00 
 4.64158883e+03  6.41954172e+01  4.64158883e+03 -1.41889337e+00 
 5.01187234e+03  6.41950175e+01  5.01187234e+03 -1.53204121e+00 
 5.41169527e+03  6.41945516e+01  5.41169527e+03 -1.65420388e+00 
 5.84341413e+03  6.41940084e+01  5.84341413e+03 -1.78609758e+00 
 6.30957344e+03  6.41933751e+01  6.30957344e+03 -1.92849482e+00 
 6.81292069e+03  6.41926369e+01  6.81292069e+03 -2.08222881e+00 
 7.35642254e+03  6.41917764e+01  7.35642254e+03 -2.24819798e+00 
 7.94328235e+03  6.41907733e+01  7.94328235e+03 -2.42737091e+00 
 8.57695899e+03  6.41896041e+01  8.57695899e+03 -2.62079155e+00 
 9.26118728e+03  6.41882413e+01  9.26118728e+03 -2.82958461e+00 
 1.00000000e+04  6.41866529e+01  1.00000000e+04 -3.05496156e+00 
 1.07977516e+04  6.41848017e+01  1.07977516e+04 -3.29822663e+00 
 1.16591440e+04  6.41826444e+01  1.16591440e+04 -3.56078332e+00 
 1.25892541e+04  6.41801304e+01  1.25892541e+04 -3.84414098e+00 
 1.35935639e+04  6.41772013e+01  1.35935639e+04 -4.14992186e+00 
 1.46779927e+04  6.41737886e+01  1.46779927e+04 -4.47986797e+00 
 1.58489319e+04  6.41698131e+01  1.58489319e+04 -4.83584841e+00 
 1.71132830e+04  6.41651825e+01  1.71132830e+04 -5.21986641e+00 
 1.84784980e+04  6.41597899e+01  1.84784980e+04 -5.63406620e+00 
 1.99526231e+04  6.41535110e+01  1.99526231e+04 -6.08073959e+00 
 2.15443469e+04  6.41462017e+01  2.15443469e+04 -6.56233182e+00 
 2.32630507e+04  6.41376952e+01  2.32630507e+04 -7.08144657e+00 
 2.51188643e+04  6.41277983e+01  2.51188643e+04 -7.64084959e+00 
 2.71227258e+04  6.41162877e+01  2.71227258e+04 -8.24347015e+00 
 2.92864456e+04  6.41029055e+01  2.92864456e+04 -8.89240052e+00 
 3.16227766e+04  6.40873549e+01  3.16227766e+04 -9.59089213e+00 
 3.41454887e+04  6.40692939e+01  3.41454887e+04 -1.03423469e+01 
 3.68694506e+04  6.40483305e+01  3.68694506e+04 -1.11503048e+01 
 3.98107171e+04  6.40240157e+01  3.98107171e+04 -1.20184230e+01 
 4.29866235e+04  6.39958370e+01  4.29866235e+04 -1.29504496e+01 
 4.64158883e+04  6.39632116e+01  4.64158883e+04 -1.39501858e+01 
 5.01187234e+04  6.39254791e+01  5.01187234e+04 -1.50214383e+01 
 5.41169527e+04  6.38818950e+01  5.41169527e+04 -1.61679588e+01 
 5.84341413e+04  6.38316241e+01  5.84341413e+04 -1.73933690e+01 
 6.30957344e+04  6.37737359e+01  6.30957344e+04 -1.87010703e+01 
 6.81292069e+04  6.37072002e+01  6.81292069e+04 -2.00941370e+01 
 7.35642254e+04  6.36308867e+01  7.35642254e+04 -2.15751930e+01 
 7.94328235e+04  6.35435672e+01  7.94328235e+04 -2.31462752e+01 
 8.57695899e+04  6.34439215e+01  8.57695899e+04 -2.48086821e+01 
 9.26118728e+04  6.33305489e+01  9.26118728e+04 -2.65628190e+01 
 1.00000000e+05  6.32019855e+01  1.00000000e+05 -2.84080403e+01 
 1.07977516e+05  6.30567283e+01  1.07977516e+05 -3.03425057e+01 
 1.16591440e+05  6.28932647e+01  1.16591440e+05 -3.23630548e+01 
 1.25892541e+05  6.27101101e+01  1.25892541e+05 -3.44651215e+01 
 1.35935639e+05  6.25058496e+01  1.35935639e+05 -3.66426976e+01 
 1.46779927e+05  6.22791832e+01  1.46779927e+05 -3.88883573e+01 
 1.58489319e+05  6.20289724e+01  1.58489319e+05 -4.11933572e+01 
 1.71132830e+05  6.17542842e+01  1.71132830e+05 -4.35478108e+01 
 1.84784980e+05  6.14544295e+01  1.84784980e+05 -4.59409393e+01 
 1.99526231e+05  6.11289927e+01  1.99526231e+05 -4.83613828e+01 
 2.15443469e+05  6.07778490e+01  2.15443469e+05 -5.07975610e+01 
 2.32630507e+05  6.04011692e+01  2.32630507e+05 -5.32380539e+01 
 2.51188643e+05  5.99994098e+01  2.51188643e+05 -5.56719792e+01 
 2.71227258e+05  5.95732904e+01  2.71227258e+05 -5.80893407e+01 
 2.92864456e+05  5.91237599e+01  2.92864456e+05 -6.04813263e+01 
 3.16227766e+05  5.86519547e+01  3.16227766e+05 -6.28405374e+01 
 3.41454887e+05  5.81591527e+01  3.41454887e+05 -6.51611452e+01 
 3.68694506e+05  5.76467249e+01  3.68694506e+05 -6.74389705e+01 
 3.98107171e+05  5.71160894e+01  3.98107171e+05 -6.96714941e+01 
 4.29866235e+05  5.65686696e+01  4.29866235e+05 -7.18578091e+01 
 4.64158883e+05  5.60058567e+01  4.64158883e+05 -7.39985277e+01 
 5.01187234e+05  5.54289795e+01  5.01187234e+05 -7.60956556e+01 
 5.41169527e+05  5.48392801e+01  5.41169527e+05 -7.81524482e+01 
 5.84341413e+05  5.42378958e+01  5.84341413e+05 -8.01732613e+01 
 6.30957344e+05  5.36258460e+01  6.30957344e+05 -8.21633992e+01 
 6.81292069e+05  5.30040240e+01  6.81292069e+05 -8.41289749e+01 
 7.35642254e+05  5.23731914e+01  7.35642254e+05 -8.60767781e+01 
 7.94328235e+05  5.17339761e+01  7.94328235e+05 -8.80141581e+01 
 8.57695899e+05  5.10868712e+01  8.57695899e+05 -8.99489193e+01 
 9.26118728e+05  5.04322352e+01  9.26118728e+05 -9.18892287e+01 
 1.00000000e+06  4.97702925e+01  1.00000000e+06 -9.38435329e+01 
 1.07977516e+06  4.91011342e+01  1.07977516e+06 -9.58204825e+01 
 1.16591440e+06  4.84247190e+01  1.16591440e+06 -9.78288605e+01 
 1.25892541e+06  4.77408731e+01  1.25892541e+06 -9.98775109e+01 
 1.35935639e+06  4.70492904e+01  1.35935639e+06 -1.01975265e+02 
 1.46779927e+06  4.63495333e+01  1.46779927e+06 -1.04130861e+02 
 1.58489319e+06  4.56410330e+01  1.58489319e+06 -1.06352857e+02 
 1.71132830e+06  4.49230917e+01  1.71132830e+06 -1.08649530e+02 
 1.84784980e+06  4.41948860e+01  1.84784980e+06 -1.11028765e+02 
 1.99526231e+06  4.34554727e+01  1.99526231e+06 -1.13497931e+02 
 2.15443469e+06  4.27037992e+01  2.15443469e+06 -1.16063747e+02 
 2.32630507e+06  4.19387167e+01  2.32630507e+06 -1.18732137e+02 
 2.51188643e+06  4.11590000e+01  2.51188643e+06 -1.21508086e+02 
 2.71227258e+06  4.03633726e+01  2.71227258e+06 -1.24395505e+02 
 2.92864456e+06  3.95505388e+01  2.92864456e+06 -1.27397108e+02 
 3.16227766e+06  3.87192215e+01  3.16227766e+06 -1.30514321e+02 
 3.41454887e+06  3.78682056e+01  3.41454887e+06 -1.33747235e+02 
 3.68694506e+06  3.69963851e+01  3.68694506e+06 -1.37094616e+02 
 3.98107171e+06  3.61028123e+01  3.98107171e+06 -1.40553979e+02 
 4.29866235e+06  3.51867438e+01  4.29866235e+06 -1.44121733e+02 
 4.64158883e+06  3.42476828e+01  4.64158883e+06 -1.47793404e+02 
 5.01187234e+06  3.32854101e+01  5.01187234e+06 -1.51563920e+02 
 5.41169527e+06  3.23000046e+01  5.41169527e+06 -1.55427944e+02 
 5.84341413e+06  3.12918460e+01  5.84341413e+06 -1.59380237e+02 
 6.30957344e+06  3.02616017e+01  6.30957344e+06 -1.63416037e+02 
 6.81292069e+06  2.92101943e+01  6.81292069e+06 -1.67531411e+02 
 7.35642254e+06  2.81387521e+01  7.35642254e+06 -1.71723592e+02 
 7.94328235e+06  2.70485423e+01  7.94328235e+06 -1.75991268e+02 
 8.57695899e+06  2.59408894e+01  8.57695899e+06 -1.80334853e+02 
 9.26118728e+06  2.48170795e+01  9.26118728e+06 -1.84756747e+02 
 1.00000000e+07  2.36782530e+01  1.00000000e+07 -1.89261631e+02 
 1.07977516e+07  2.25252854e+01  1.07977516e+07 -1.93856861e+02 
 1.16591440e+07  2.13586588e+01  1.16591440e+07 -1.98553043e+02 
 1.25892541e+07  2.01783232e+01  1.25892541e+07 -2.03364904e+02 
 1.35935639e+07  1.89835547e+01  1.35935639e+07 -2.08312632e+02 
 1.46779927e+07  1.77728155e+01  1.46779927e+07 -2.13423896e+02 
 1.58489319e+07  1.65436367e+01  1.58489319e+07 -2.18736887e+02 
 1.71132830e+07  1.52925628e+01  1.71132830e+07 -2.24304869e+02 
 1.84784980e+07  1.40152434e+01  1.84784980e+07 -2.30202942e+02 
 1.99526231e+07  1.27068558e+01  1.99526231e+07 -2.36538075e+02 
 2.15443469e+07  1.13632454e+01  2.15443469e+07 -2.43463711e+02 
 2.32630507e+07  9.98360533e+00  2.32630507e+07 -2.51200023e+02 
 2.51188643e+07  8.57634959e+00  2.51188643e+07 -2.60058072e+02 
 2.71227258e+07  7.17110324e+00  2.71227258e+07 -2.70454842e+02 
 2.92864456e+07  5.83999347e+00  2.92864456e+07 -2.82872469e+02 
 3.16227766e+07  4.72341730e+00  3.16227766e+07 -2.97651254e+02 
 3.41454887e+07  4.02505233e+00  3.41454887e+07 -3.14516505e+02 
 3.68694506e+07  3.91522656e+00  3.68694506e+07 -3.32158147e+02 
 3.98107171e+07  4.38927845e+00  3.98107171e+07 -3.48702913e+02 
 4.29866235e+07  5.27134575e+00  4.29866235e+07 -3.62880354e+02 
 4.64158883e+07  6.35772954e+00  4.64158883e+07 -3.74452813e+02 
 5.01187234e+07  7.50978913e+00  5.01187234e+07 -3.83778300e+02 
 5.41169527e+07  8.65673331e+00  5.41169527e+07 -3.91345552e+02 
 5.84341413e+07  9.76973720e+00  5.84341413e+07 -3.97575332e+02 
 6.30957344e+07  1.08410736e+01  6.30957344e+07 -4.02782701e+02 
 6.81292069e+07  1.18724586e+01  6.81292069e+07 -4.07192248e+02 
 7.35642254e+07  1.28693611e+01  7.35642254e+07 -4.10961479e+02 
 7.94328235e+07  1.38383963e+01  7.94328235e+07 -4.14200065e+02 
 8.57695899e+07  1.47861837e+01  8.57695899e+07 -4.16983427e+02 
 9.26118728e+07  1.57188684e+01  9.26118728e+07 -4.19361755e+02 
 1.00000000e+08  1.66419186e+01  1.00000000e+08 -4.21365825e+02 
 1.07977516e+08  1.75600131e+01  1.07977516e+08 -4.23010625e+02 
 1.16591440e+08  1.84769217e+01  1.16591440e+08 -4.24297580e+02 
 1.25892541e+08  1.93953216e+01  1.25892541e+08 -4.25215935e+02 
 1.35935639e+08  2.03165130e+01  1.35935639e+08 -4.25743799e+02 
 1.46779927e+08  2.12400106e+01  1.46779927e+08 -4.25849403e+02 
 1.58489319e+08  2.21630113e+01  1.58489319e+08 -4.25493194e+02 
 1.71132830e+08  2.30797782e+01  1.71132830e+08 -4.24631565e+02 
 1.84784980e+08  2.39810603e+01  1.84784980e+08 -4.23223032e+02 
 1.99526231e+08  2.48537695e+01  1.99526231e+08 -4.21237436e+02 
 2.15443469e+08  2.56812562e+01  2.15443469e+08 -4.18667870e+02 
 2.32630507e+08  2.64445524e+01  2.32630507e+08 -4.15543320e+02 
 2.51188643e+08  2.71247687e+01  2.51188643e+08 -4.11937889e+02 
 2.71227258e+08  2.77063430e+01  2.71227258e+08 -4.07971267e+02 
 2.92864456e+08  2.81802022e+01  2.92864456e+08 -4.03796923e+02 
 3.16227766e+08  2.85456002e+01  3.16227766e+08 -3.99579762e+02 
 3.41454887e+08  2.88098454e+01  3.41454887e+08 -3.95470734e+02 
 3.68694506e+08  2.89861395e+01  3.68694506e+08 -3.91587517e+02 
 3.98107171e+08  2.90905735e+01  3.98107171e+08 -3.88006454e+02 
 4.29866235e+08  2.91394081e+01  4.29866235e+08 -3.84765007e+02 
 4.64158883e+08  2.91472679e+01  4.64158883e+08 -3.81870324e+02 
 5.01187234e+08  2.91263084e+01  5.01187234e+08 -3.79309316e+02 
 5.41169527e+08  2.90860915e+01  5.41169527e+08 -3.77057370e+02 
 5.84341413e+08  2.90338486e+01  5.84341413e+08 -3.75084664e+02 
 6.30957344e+08  2.89748903e+01  6.30957344e+08 -3.73360209e+02 
 6.81292069e+08  2.89130229e+01  6.81292069e+08 -3.71854158e+02 
 7.35642254e+08  2.88509090e+01  7.35642254e+08 -3.70538972e+02 
 7.94328235e+08  2.87903592e+01  7.94328235e+08 -3.69389888e+02 
 8.57695899e+08  2.87325563e+01  8.57695899e+08 -3.68384999e+02 
 9.26118728e+08  2.86782256e+01  9.26118728e+08 -3.67505143e+02 
 1.00000000e+09  2.86277634e+01  1.00000000e+09 -3.66733675e+02 
