 1.00000000e+00  5.79375988e+01  1.00000000e+00 -1.79999873e+02 
 1.07977516e+00  5.79375988e+01  1.07977516e+00 -1.79999863e+02 
 1.16591440e+00  5.79375988e+01  1.16591440e+00 -1.79999852e+02 
 1.25892541e+00  5.79375988e+01  1.25892541e+00 -1.79999840e+02 
 1.35935639e+00  5.79375988e+01  1.35935639e+00 -1.79999827e+02 
 1.46779927e+00  5.79375988e+01  1.46779927e+00 -1.79999814e+02 
 1.58489319e+00  5.79375988e+01  1.58489319e+00 -1.79999799e+02 
 1.71132830e+00  5.79375988e+01  1.71132830e+00 -1.79999783e+02 
 1.84784980e+00  5.79375988e+01  1.84784980e+00 -1.79999765e+02 
 1.99526231e+00  5.79375988e+01  1.99526231e+00 -1.79999747e+02 
 2.15443469e+00  5.79375988e+01  2.15443469e+00 -1.79999726e+02 
 2.32630507e+00  5.79375988e+01  2.32630507e+00 -1.79999705e+02 
 2.51188643e+00  5.79375988e+01  2.51188643e+00 -1.79999681e+02 
 2.71227258e+00  5.79375988e+01  2.71227258e+00 -1.79999656e+02 
 2.92864456e+00  5.79375988e+01  2.92864456e+00 -1.79999628e+02 
 3.16227766e+00  5.79375988e+01  3.16227766e+00 -1.79999598e+02 
 3.41454887e+00  5.79375988e+01  3.41454887e+00 -1.79999566e+02 
 3.68694506e+00  5.79375988e+01  3.68694506e+00 -1.79999532e+02 
 3.98107171e+00  5.79375988e+01  3.98107171e+00 -1.79999494e+02 
 4.29866235e+00  5.79375988e+01  4.29866235e+00 -1.79999454e+02 
 4.64158883e+00  5.79375988e+01  4.64158883e+00 -1.79999411e+02 
 5.01187234e+00  5.79375988e+01  5.01187234e+00 -1.79999364e+02 
 5.41169527e+00  5.79375988e+01  5.41169527e+00 -1.79999313e+02 
 5.84341413e+00  5.79375988e+01  5.84341413e+00 -1.79999258e+02 
 6.30957344e+00  5.79375988e+01  6.30957344e+00 -1.79999199e+02 
 6.81292069e+00  5.79375988e+01  6.81292069e+00 -1.79999135e+02 
 7.35642254e+00  5.79375988e+01  7.35642254e+00 -1.79999066e+02 
 7.94328235e+00  5.79375988e+01  7.94328235e+00 -1.79998991e+02 
 8.57695899e+00  5.79375988e+01  8.57695899e+00 -1.79998911e+02 
 9.26118728e+00  5.79375988e+01  9.26118728e+00 -1.79998824e+02 
 1.00000000e+01  5.79375988e+01  1.00000000e+01 -1.79998730e+02 
 1.07977516e+01  5.79375988e+01  1.07977516e+01 -1.79998629e+02 
 1.16591440e+01  5.79375988e+01  1.16591440e+01 -1.79998520e+02 
 1.25892541e+01  5.79375988e+01  1.25892541e+01 -1.79998401e+02 
 1.35935639e+01  5.79375988e+01  1.35935639e+01 -1.79998274e+02 
 1.46779927e+01  5.79375988e+01  1.46779927e+01 -1.79998136e+02 
 1.58489319e+01  5.79375988e+01  1.58489319e+01 -1.79997987e+02 
 1.71132830e+01  5.79375988e+01  1.71132830e+01 -1.79997827e+02 
 1.84784980e+01  5.79375988e+01  1.84784980e+01 -1.79997654e+02 
 1.99526231e+01  5.79375988e+01  1.99526231e+01 -1.79997466e+02 
 2.15443469e+01  5.79375988e+01  2.15443469e+01 -1.79997264e+02 
 2.32630507e+01  5.79375988e+01  2.32630507e+01 -1.79997046e+02 
 2.51188643e+01  5.79375988e+01  2.51188643e+01 -1.79996810e+02 
 2.71227258e+01  5.79375988e+01  2.71227258e+01 -1.79996556e+02 
 2.92864456e+01  5.79375988e+01  2.92864456e+01 -1.79996281e+02 
 3.16227766e+01  5.79375988e+01  3.16227766e+01 -1.79995984e+02 
 3.41454887e+01  5.79375988e+01  3.41454887e+01 -1.79995664e+02 
 3.68694506e+01  5.79375988e+01  3.68694506e+01 -1.79995318e+02 
 3.98107171e+01  5.79375988e+01  3.98107171e+01 -1.79994945e+02 
 4.29866235e+01  5.79375988e+01  4.29866235e+01 -1.79994541e+02 
 4.64158883e+01  5.79375988e+01  4.64158883e+01 -1.79994106e+02 
 5.01187234e+01  5.79375988e+01  5.01187234e+01 -1.79993636e+02 
 5.41169527e+01  5.79375987e+01  5.41169527e+01 -1.79993128e+02 
 5.84341413e+01  5.79375987e+01  5.84341413e+01 -1.79992580e+02 
 6.30957344e+01  5.79375987e+01  6.30957344e+01 -1.79991988e+02 
 6.81292069e+01  5.79375987e+01  6.81292069e+01 -1.79991349e+02 
 7.35642254e+01  5.79375987e+01  7.35642254e+01 -1.79990659e+02 
 7.94328235e+01  5.79375987e+01  7.94328235e+01 -1.79989913e+02 
 8.57695899e+01  5.79375986e+01  8.57695899e+01 -1.79989109e+02 
 9.26118728e+01  5.79375986e+01  9.26118728e+01 -1.79988240e+02 
 1.00000000e+02  5.79375986e+01  1.00000000e+02 -1.79987302e+02 
 1.07977516e+02  5.79375985e+01  1.07977516e+02 -1.79986289e+02 
 1.16591440e+02  5.79375985e+01  1.16591440e+02 -1.79985195e+02 
 1.25892541e+02  5.79375984e+01  1.25892541e+02 -1.79984014e+02 
 1.35935639e+02  5.79375983e+01  1.35935639e+02 -1.79982739e+02 
 1.46779927e+02  5.79375982e+01  1.46779927e+02 -1.79981362e+02 
 1.58489319e+02  5.79375982e+01  1.58489319e+02 -1.79979875e+02 
 1.71132830e+02  5.79375980e+01  1.71132830e+02 -1.79978269e+02 
 1.84784980e+02  5.79375979e+01  1.84784980e+02 -1.79976536e+02 
 1.99526231e+02  5.79375978e+01  1.99526231e+02 -1.79974664e+02 
 2.15443469e+02  5.79375976e+01  2.15443469e+02 -1.79972643e+02 
 2.32630507e+02  5.79375974e+01  2.32630507e+02 -1.79970460e+02 
 2.51188643e+02  5.79375971e+01  2.51188643e+02 -1.79968104e+02 
 2.71227258e+02  5.79375968e+01  2.71227258e+02 -1.79965559e+02 
 2.92864456e+02  5.79375965e+01  2.92864456e+02 -1.79962812e+02 
 3.16227766e+02  5.79375961e+01  3.16227766e+02 -1.79959845e+02 
 3.41454887e+02  5.79375957e+01  3.41454887e+02 -1.79956642e+02 
 3.68694506e+02  5.79375952e+01  3.68694506e+02 -1.79953183e+02 
 3.98107171e+02  5.79375945e+01  3.98107171e+02 -1.79949448e+02 
 4.29866235e+02  5.79375938e+01  4.29866235e+02 -1.79945415e+02 
 4.64158883e+02  5.79375930e+01  4.64158883e+02 -1.79941060e+02 
 5.01187234e+02  5.79375920e+01  5.01187234e+02 -1.79936358e+02 
 5.41169527e+02  5.79375909e+01  5.41169527e+02 -1.79931281e+02 
 5.84341413e+02  5.79375896e+01  5.84341413e+02 -1.79925799e+02 
 6.30957344e+02  5.79375881e+01  6.30957344e+02 -1.79919880e+02 
 6.81292069e+02  5.79375863e+01  6.81292069e+02 -1.79913489e+02 
 7.35642254e+02  5.79375842e+01  7.35642254e+02 -1.79906587e+02 
 7.94328235e+02  5.79375818e+01  7.94328235e+02 -1.79899135e+02 
 8.57695899e+02  5.79375790e+01  8.57695899e+02 -1.79891089e+02 
 9.26118728e+02  5.79375757e+01  9.26118728e+02 -1.79882400e+02 
 1.00000000e+03  5.79375718e+01  1.00000000e+03 -1.79873019e+02 
 1.07977516e+03  5.79375673e+01  1.07977516e+03 -1.79862889e+02 
 1.16591440e+03  5.79375621e+01  1.16591440e+03 -1.79851951e+02 
 1.25892541e+03  5.79375560e+01  1.25892541e+03 -1.79840140e+02 
 1.35935639e+03  5.79375489e+01  1.35935639e+03 -1.79827387e+02 
 1.46779927e+03  5.79375406e+01  1.46779927e+03 -1.79813617e+02 
 1.58489319e+03  5.79375310e+01  1.58489319e+03 -1.79798749e+02 
 1.71132830e+03  5.79375197e+01  1.71132830e+03 -1.79782694e+02 
 1.84784980e+03  5.79375066e+01  1.84784980e+03 -1.79765359e+02 
 1.99526231e+03  5.79374913e+01  1.99526231e+03 -1.79746641e+02 
 2.15443469e+03  5.79374735e+01  2.15443469e+03 -1.79726429e+02 
 2.32630507e+03  5.79374527e+01  2.32630507e+03 -1.79704606e+02 
 2.51188643e+03  5.79374284e+01  2.51188643e+03 -1.79681041e+02 
 2.71227258e+03  5.79374001e+01  2.71227258e+03 -1.79655597e+02 
 2.92864456e+03  5.79373672e+01  2.92864456e+03 -1.79628123e+02 
 3.16227766e+03  5.79373288e+01  3.16227766e+03 -1.79598458e+02 
 3.41454887e+03  5.79372839e+01  3.41454887e+03 -1.79566427e+02 
 3.68694506e+03  5.79372317e+01  3.68694506e+03 -1.79531840e+02 
 3.98107171e+03  5.79371708e+01  3.98107171e+03 -1.79494496e+02 
 4.29866235e+03  5.79370998e+01  4.29866235e+03 -1.79454172e+02 
 4.64158883e+03  5.79370170e+01  4.64158883e+03 -1.79410633e+02 
 5.01187234e+03  5.79369205e+01  5.01187234e+03 -1.79363621e+02 
 5.41169527e+03  5.79368079e+01  5.41169527e+03 -1.79312861e+02 
 5.84341413e+03  5.79366767e+01  5.84341413e+03 -1.79258052e+02 
 6.30957344e+03  5.79365237e+01  6.30957344e+03 -1.79198874e+02 
 6.81292069e+03  5.79363454e+01  6.81292069e+03 -1.79134977e+02 
 7.35642254e+03  5.79361375e+01  7.35642254e+03 -1.79065986e+02 
 7.94328235e+03  5.79358951e+01  7.94328235e+03 -1.78991496e+02 
 8.57695899e+03  5.79356124e+01  8.57695899e+03 -1.78911069e+02 
 9.26118728e+03  5.79352830e+01  9.26118728e+03 -1.78824232e+02 
 1.00000000e+04  5.79348988e+01  1.00000000e+04 -1.78730477e+02 
 1.07977516e+04  5.79344511e+01  1.07977516e+04 -1.78629253e+02 
 1.16591440e+04  5.79339290e+01  1.16591440e+04 -1.78519967e+02 
 1.25892541e+04  5.79333204e+01  1.25892541e+04 -1.78401981e+02 
 1.35935639e+04  5.79326109e+01  1.35935639e+04 -1.78274603e+02 
 1.46779927e+04  5.79317840e+01  1.46779927e+04 -1.78137091e+02 
 1.58489319e+04  5.79308199e+01  1.58489319e+04 -1.77988643e+02 
 1.71132830e+04  5.79296963e+01  1.71132830e+04 -1.77828396e+02 
 1.84784980e+04  5.79283865e+01  1.84784980e+04 -1.77655418e+02 
 1.99526231e+04  5.79268599e+01  1.99526231e+04 -1.77468709e+02 
 2.15443469e+04  5.79250807e+01  2.15443469e+04 -1.77267191e+02 
 2.32630507e+04  5.79230072e+01  2.32630507e+04 -1.77049704e+02 
 2.51188643e+04  5.79205909e+01  2.51188643e+04 -1.76815003e+02 
 2.71227258e+04  5.79177754e+01  2.71227258e+04 -1.76561748e+02 
 2.92864456e+04  5.79144950e+01  2.92864456e+04 -1.76288503e+02 
 3.16227766e+04  5.79106735e+01  3.16227766e+04 -1.75993728e+02 
 3.41454887e+04  5.79062221e+01  3.41454887e+04 -1.75675775e+02 
 3.68694506e+04  5.79010378e+01  3.68694506e+04 -1.75332882e+02 
 3.98107171e+04  5.78950011e+01  3.98107171e+04 -1.74963166e+02 
 4.29866235e+04  5.78879733e+01  4.29866235e+04 -1.74564625e+02 
 4.64158883e+04  5.78797936e+01  4.64158883e+04 -1.74135130e+02 
 5.01187234e+04  5.78702759e+01  5.01187234e+04 -1.73672423e+02 
 5.41169527e+04  5.78592051e+01  5.41169527e+04 -1.73174123e+02 
 5.84341413e+04  5.78463325e+01  5.84341413e+04 -1.72637722e+02 
 6.30957344e+04  5.78313716e+01  6.30957344e+04 -1.72060598e+02 
 6.81292069e+04  5.78139925e+01  6.81292069e+04 -1.71440017e+02 
 7.35642254e+04  5.77938163e+01  7.35642254e+04 -1.70773158e+02 
 7.94328235e+04  5.77704087e+01  7.94328235e+04 -1.70057126e+02 
 8.57695899e+04  5.77432739e+01  8.57695899e+04 -1.69288987e+02 
 9.26118728e+04  5.77118469e+01  9.26118728e+04 -1.68465804e+02 
 1.00000000e+05  5.76754868e+01  1.00000000e+05 -1.67584686e+02 
 1.07977516e+05  5.76334700e+01  1.07977516e+05 -1.66642854e+02 
 1.16591440e+05  5.75849832e+01  1.16591440e+05 -1.65637712e+02 
 1.25892541e+05  5.75291179e+01  1.25892541e+05 -1.64566943e+02 
 1.35935639e+05  5.74648664e+01  1.35935639e+05 -1.63428617e+02 
 1.46779927e+05  5.73911196e+01  1.46779927e+05 -1.62221315e+02 
 1.58489319e+05  5.73066677e+01  1.58489319e+05 -1.60944269e+02 
 1.71132830e+05  5.72102055e+01  1.71132830e+05 -1.59597523e+02 
 1.84784980e+05  5.71003416e+01  1.84784980e+05 -1.58182091e+02 
 1.99526231e+05  5.69756136e+01  1.99526231e+05 -1.56700126e+02 
 2.15443469e+05  5.68345098e+01  2.15443469e+05 -1.55155081e+02 
 2.32630507e+05  5.66754969e+01  2.32630507e+05 -1.53551848e+02 
 2.51188643e+05  5.64970550e+01  2.51188643e+05 -1.51896874e+02 
 2.71227258e+05  5.62977171e+01  2.71227258e+05 -1.50198218e+02 
 2.92864456e+05  5.60761138e+01  2.92864456e+05 -1.48465568e+02 
 3.16227766e+05  5.58310182e+01  3.16227766e+05 -1.46710167e+02 
 3.41454887e+05  5.55613908e+01  3.41454887e+05 -1.44944686e+02 
 3.68694506e+05  5.52664188e+01  3.68694506e+05 -1.43182998e+02 
 3.98107171e+05  5.49455472e+01  3.98107171e+05 -1.41439911e+02 
 4.29866235e+05  5.45984991e+01  4.29866235e+05 -1.39730827e+02 
 4.64158883e+05  5.42252823e+01  4.64158883e+05 -1.38071388e+02 
 5.01187234e+05  5.38261825e+01  5.01187234e+05 -1.36477108e+02 
 5.41169527e+05  5.34017421e+01  5.41169527e+05 -1.34963034e+02 
 5.84341413e+05  5.29527270e+01  5.84341413e+05 -1.33543448e+02 
 6.30957344e+05  5.24800852e+01  6.30957344e+05 -1.32231636e+02 
 6.81292069e+05  5.19848983e+01  6.81292069e+05 -1.31039720e+02 
 7.35642254e+05  5.14683307e+01  7.35642254e+05 -1.29978580e+02 
 7.94328235e+05  5.09315799e+01  7.94328235e+05 -1.29057826e+02 
 8.57695899e+05  5.03758289e+01  8.57695899e+05 -1.28285846e+02 
 9.26118728e+05  4.98022045e+01  9.26118728e+05 -1.27669889e+02 
 1.00000000e+06  4.92117405e+01  1.00000000e+06 -1.27216179e+02 
 1.07977516e+06  4.86053482e+01  1.07977516e+06 -1.26930050e+02 
 1.16591440e+06  4.79837923e+01  1.16591440e+06 -1.26816069e+02 
 1.25892541e+06  4.73476733e+01  1.25892541e+06 -1.26878167e+02 
 1.35935639e+06  4.66974151e+01  1.35935639e+06 -1.27119733e+02 
 1.46779927e+06  4.60332566e+01  1.46779927e+06 -1.27543690e+02 
 1.58489319e+06  4.53552491e+01  1.58489319e+06 -1.28152545e+02 
 1.71132830e+06  4.46632563e+01  1.71132830e+06 -1.28948400e+02 
 1.84784980e+06  4.39569596e+01  1.84784980e+06 -1.29932931e+02 
 1.99526231e+06  4.32358665e+01  1.99526231e+06 -1.31107337e+02 
 2.15443469e+06  4.24993253e+01  2.15443469e+06 -1.32472267e+02 
 2.32630507e+06  4.17465433e+01  2.32630507e+06 -1.34027718e+02 
 2.51188643e+06  4.09766125e+01  2.51188643e+06 -1.35772929e+02 
 2.71227258e+06  4.01885403e+01  2.71227258e+06 -1.37706264e+02 
 2.92864456e+06  3.93812873e+01  2.92864456e+06 -1.39825121e+02 
 3.16227766e+06  3.85538108e+01  3.16227766e+06 -1.42125850e+02 
 3.41454887e+06  3.77051129e+01  3.41454887e+06 -1.44603730e+02 
 3.68694506e+06  3.68342918e+01  3.68694506e+06 -1.47252987e+02 
 3.98107171e+06  3.59405936e+01  3.98107171e+06 -1.50066885e+02 
 4.29866235e+06  3.50234605e+01  4.29866235e+06 -1.53037883e+02 
 4.64158883e+06  3.40825730e+01  4.64158883e+06 -1.56157870e+02 
 5.01187234e+06  3.31178813e+01  5.01187234e+06 -1.59418451e+02 
 5.41169527e+06  3.21296226e+01  5.41169527e+06 -1.62811279e+02 
 5.84341413e+06  3.11183225e+01  5.84341413e+06 -1.66328422e+02 
 6.30957344e+06  3.00847777e+01  6.30957344e+06 -1.69962719e+02 
 6.81292069e+06  2.90300215e+01  6.81292069e+06 -1.73708126e+02 
 7.35642254e+06  2.79552700e+01  7.35642254e+06 -1.77560030e+02 
 7.94328235e+06  2.68618533e+01  7.94328235e+06 -1.81515528e+02 
 8.57695899e+06  2.57511310e+01  8.57695899e+06 -1.85573686e+02 
 9.26118728e+06  2.46243950e+01  9.26118728e+06 -1.89735799e+02 
 1.00000000e+07  2.34827599e+01  1.00000000e+07 -1.94005709e+02 
 1.07977516e+07  2.23270438e+01  1.07977516e+07 -1.98390237e+02 
 1.16591440e+07  2.11576388e+01  1.16591440e+07 -2.02899828e+02 
 1.25892541e+07  1.99743748e+01  1.25892541e+07 -2.07549542e+02 
 1.35935639e+07  1.87763822e+01  1.35935639e+07 -2.12360561e+02 
 1.46779927e+07  1.75619636e+01  1.46779927e+07 -2.17362472e+02 
 1.58489319e+07  1.63285010e+01  1.58489319e+07 -2.22596677e+02 
 1.71132830e+07  1.50724493e+01  1.71132830e+07 -2.28121477e+02 
 1.84784980e+07  1.37895282e+01  1.84784980e+07 -2.34019607e+02 
 1.99526231e+07  1.24753438e+01  1.99526231e+07 -2.40409282e+02 
 2.15443469e+07  1.11269306e+01  2.15443469e+07 -2.47459989e+02 
 2.32630507e+07  9.74621987e+00  2.32630507e+07 -2.55413369e+02 
 2.51188643e+07  8.34737478e+00  2.51188643e+07 -2.64604936e+02 
 2.71227258e+07  6.97103699e+00  2.71227258e+07 -2.75466179e+02 
 2.92864456e+07  5.70718892e+00  2.92864456e+07 -2.88445021e+02 
 3.16227766e+07  4.71506211e+00  3.16227766e+07 -3.03727080e+02 
 3.41454887e+07  4.19472025e+00  3.41454887e+07 -3.20741131e+02 
 3.68694506e+07  4.26827904e+00  3.68694506e+07 -3.37956327e+02 
 3.98107171e+07  4.87190392e+00  3.98107171e+07 -3.53639949e+02 
 4.29866235e+07  5.81430214e+00  4.29866235e+07 -3.66867600e+02 
 4.64158883e+07  6.91297705e+00  4.64158883e+07 -3.77623525e+02 
 5.01187234e+07  8.05388400e+00  5.01187234e+07 -3.86315427e+02 
 5.41169527e+07  9.18146799e+00  5.41169527e+07 -3.93404276e+02 
 5.84341413e+07  1.02742398e+01  5.84341413e+07 -3.99269202e+02 
 6.30957344e+07  1.13274812e+01  6.30957344e+07 -4.04190550e+02 
 6.81292069e+07  1.23439058e+01  6.81292069e+07 -4.08367788e+02 
 7.35642254e+07  1.33291280e+01  7.35642254e+07 -4.11940858e+02 
 7.94328235e+07  1.42895800e+01  7.94328235e+07 -4.15006992e+02 
 8.57695899e+07  1.52315899e+01  8.57695899e+07 -4.17632422e+02 
 9.26118728e+07  1.61609827e+01  9.26118728e+07 -4.19860127e+02 
 1.00000000e+08  1.70828925e+01  1.00000000e+08 -4.21714778e+02 
 1.07977516e+08  1.80016308e+01  1.07977516e+08 -4.23205815e+02 
 1.16591440e+08  1.89205268e+01  1.16591440e+08 -4.24329320e+02 
 1.25892541e+08  1.98416861e+01  1.25892541e+08 -4.25069252e+02 
 1.35935639e+08  2.07656348e+01  1.35935639e+08 -4.25398553e+02 
 1.46779927e+08  2.16908294e+01  1.46779927e+08 -4.25280749e+02 
 1.58489319e+08  2.26130484e+01  1.58489319e+08 -4.24672787e+02 
 1.71132830e+08  2.35247363e+01  1.71132830e+08 -4.23529988e+02 
 1.84784980e+08  2.44144744e+01  1.84784980e+08 -4.21813960e+02 
 1.99526231e+08  2.52668788e+01  1.99526231e+08 -4.19503789e+02 
 2.15443469e+08  2.60633298e+01  2.15443469e+08 -4.16609446e+02 
 2.32630507e+08  2.67838868e+01  2.32630507e+08 -4.13184152e+02 
 2.51188643e+08  2.74103770e+01  2.51188643e+08 -4.09330254e+02 
 2.71227258e+08  2.79299786e+01  2.71227258e+08 -4.05193202e+02 
 2.92864456e+08  2.83380138e+01  2.92864456e+08 -4.00942289e+02 
 3.16227766e+08  2.86387326e+01  3.16227766e+08 -3.96743647e+02 
 3.41454887e+08  2.88437830e+01  3.41454887e+08 -3.92735534e+02 
 3.68694506e+08  2.89691911e+01  3.68694506e+08 -3.89014242e+02 
 3.98107171e+08  2.90321736e+01  3.98107171e+08 -3.85632597e+02 
 4.29866235e+08  2.90487588e+01  4.29866235e+08 -3.82607370e+02 
 4.64158883e+08  2.90325188e+01  4.64158883e+08 -3.79930156e+02 
 5.01187234e+08  2.89942160e+01  5.01187234e+08 -3.77577643e+02 
 5.41169527e+08  2.89419987e+01  5.41169527e+08 -3.75519391e+02 
 5.84341413e+08  2.88818344e+01  5.84341413e+08 -3.73722931e+02 
 6.30957344e+08  2.88179819e+01  6.30957344e+08 -3.72156704e+02 
 6.81292069e+08  2.87534116e+01  6.81292069e+08 -3.70791530e+02 
 7.35642254e+08  2.86901430e+01  7.35642254e+08 -3.69601201e+02 
 7.94328235e+08  2.86295027e+01  7.94328235e+08 -3.68562580e+02 
 8.57695899e+08  2.85723163e+01  8.57695899e+08 -3.67655456e+02 
 9.26118728e+08  2.85190504e+01  9.26118728e+08 -3.66862301e+02 
 1.00000000e+09  2.84699171e+01  1.00000000e+09 -3.66167982e+02 
