 1.00000000e+00  7.11925508e+01  1.00000000e+00 -6.50133091e-04 
 1.07977516e+00  7.11925508e+01  1.07977516e+00 -7.01997564e-04 
 1.16591440e+00  7.11925508e+01  1.16591440e+00 -7.57999534e-04 
 1.25892541e+00  7.11925508e+01  1.25892541e+00 -8.18469070e-04 
 1.35935639e+00  7.11925508e+01  1.35935639e+00 -8.83762573e-04 
 1.46779927e+00  7.11925508e+01  1.46779927e+00 -9.54264875e-04 
 1.58489319e+00  7.11925508e+01  1.58489319e+00 -1.03039151e-03 
 1.71132830e+00  7.11925508e+01  1.71132830e+00 -1.11259116e-03 
 1.84784980e+00  7.11925508e+01  1.84784980e+00 -1.20134830e-03 
 1.99526231e+00  7.11925508e+01  1.99526231e+00 -1.29718606e-03 
 2.15443469e+00  7.11925508e+01  2.15443469e+00 -1.40066928e-03 
 2.32630507e+00  7.11925508e+01  2.32630507e+00 -1.51240790e-03 
 2.51188643e+00  7.11925508e+01  2.51188643e+00 -1.63306049e-03 
 2.71227258e+00  7.11925508e+01  2.71227258e+00 -1.76333816e-03 
 2.92864456e+00  7.11925508e+01  2.92864456e+00 -1.90400874e-03 
 3.16227766e+00  7.11925508e+01  3.16227766e+00 -2.05590135e-03 
 3.41454887e+00  7.11925508e+01  3.41454887e+00 -2.21991121e-03 
 3.68694506e+00  7.11925508e+01  3.68694506e+00 -2.39700499e-03 
 3.98107171e+00  7.11925508e+01  3.98107171e+00 -2.58822645e-03 
 4.29866235e+00  7.11925508e+01  4.29866235e+00 -2.79470264e-03 
 4.64158883e+00  7.11925508e+01  4.64158883e+00 -3.01765049e-03 
 5.01187234e+00  7.11925508e+01  5.01187234e+00 -3.25838405e-03 
 5.41169527e+00  7.11925508e+01  5.41169527e+00 -3.51832217e-03 
 5.84341413e+00  7.11925508e+01  5.84341413e+00 -3.79899689e-03 
 6.30957344e+00  7.11925508e+01  6.30957344e+00 -4.10206248e-03 
 6.81292069e+00  7.11925508e+01  6.81292069e+00 -4.42930518e-03 
 7.35642254e+00  7.11925508e+01  7.35642254e+00 -4.78265372e-03 
 7.94328235e+00  7.11925508e+01  7.94328235e+00 -5.16419070e-03 
 8.57695899e+00  7.11925508e+01  8.57695899e+00 -5.57616484e-03 
 9.26118728e+00  7.11925508e+01  9.26118728e+00 -6.02100430e-03 
 1.00000000e+01  7.11925508e+01  1.00000000e+01 -6.50133089e-03 
 1.07977516e+01  7.11925508e+01  1.07977516e+01 -7.01997561e-03 
 1.16591440e+01  7.11925508e+01  1.16591440e+01 -7.57999530e-03 
 1.25892541e+01  7.11925507e+01  1.25892541e+01 -8.18469065e-03 
 1.35935639e+01  7.11925507e+01  1.35935639e+01 -8.83762566e-03 
 1.46779927e+01  7.11925507e+01  1.46779927e+01 -9.54264867e-03 
 1.58489319e+01  7.11925507e+01  1.58489319e+01 -1.03039150e-02 
 1.71132830e+01  7.11925507e+01  1.71132830e+01 -1.11259115e-02 
 1.84784980e+01  7.11925506e+01  1.84784980e+01 -1.20134828e-02 
 1.99526231e+01  7.11925506e+01  1.99526231e+01 -1.29718604e-02 
 2.15443469e+01  7.11925506e+01  2.15443469e+01 -1.40066926e-02 
 2.32630507e+01  7.11925505e+01  2.32630507e+01 -1.51240787e-02 
 2.51188643e+01  7.11925505e+01  2.51188643e+01 -1.63306045e-02 
 2.71227258e+01  7.11925504e+01  2.71227258e+01 -1.76333811e-02 
 2.92864456e+01  7.11925504e+01  2.92864456e+01 -1.90400868e-02 
 3.16227766e+01  7.11925503e+01  3.16227766e+01 -2.05590127e-02 
 3.41454887e+01  7.11925502e+01  3.41454887e+01 -2.21991111e-02 
 3.68694506e+01  7.11925501e+01  3.68694506e+01 -2.39700486e-02 
 3.98107171e+01  7.11925500e+01  3.98107171e+01 -2.58822629e-02 
 4.29866235e+01  7.11925498e+01  4.29866235e+01 -2.79470244e-02 
 4.64158883e+01  7.11925497e+01  4.64158883e+01 -3.01765024e-02 
 5.01187234e+01  7.11925495e+01  5.01187234e+01 -3.25838373e-02 
 5.41169527e+01  7.11925493e+01  5.41169527e+01 -3.51832176e-02 
 5.84341413e+01  7.11925490e+01  5.84341413e+01 -3.79899638e-02 
 6.30957344e+01  7.11925487e+01  6.30957344e+01 -4.10206184e-02 
 6.81292069e+01  7.11925484e+01  6.81292069e+01 -4.42930437e-02 
 7.35642254e+01  7.11925480e+01  7.35642254e+01 -4.78265270e-02 
 7.94328235e+01  7.11925475e+01  7.94328235e+01 -5.16418942e-02 
 8.57695899e+01  7.11925469e+01  8.57695899e+01 -5.57616323e-02 
 9.26118728e+01  7.11925463e+01  9.26118728e+01 -6.02100227e-02 
 1.00000000e+02  7.11925455e+01  1.00000000e+02 -6.50132834e-02 
 1.07977516e+02  7.11925446e+01  1.07977516e+02 -7.01997240e-02 
 1.16591440e+02  7.11925436e+01  1.16591440e+02 -7.57999124e-02 
 1.25892541e+02  7.11925424e+01  1.25892541e+02 -8.18468553e-02 
 1.35935639e+02  7.11925410e+01  1.35935639e+02 -8.83761923e-02 
 1.46779927e+02  7.11925394e+01  1.46779927e+02 -9.54264058e-02 
 1.58489319e+02  7.11925375e+01  1.58489319e+02 -1.03039048e-01 
 1.71132830e+02  7.11925353e+01  1.71132830e+02 -1.11258987e-01 
 1.84784980e+02  7.11925327e+01  1.84784980e+02 -1.20134667e-01 
 1.99526231e+02  7.11925297e+01  1.99526231e+02 -1.29718400e-01 
 2.15443469e+02  7.11925262e+01  2.15443469e+02 -1.40066670e-01 
 2.32630507e+02  7.11925221e+01  2.32630507e+02 -1.51240465e-01 
 2.51188643e+02  7.11925173e+01  2.51188643e+02 -1.63305640e-01 
 2.71227258e+02  7.11925117e+01  2.71227258e+02 -1.76333300e-01 
 2.92864456e+02  7.11925053e+01  2.92864456e+02 -1.90400226e-01 
 3.16227766e+02  7.11924977e+01  3.16227766e+02 -2.05589318e-01 
 3.41454887e+02  7.11924889e+01  3.41454887e+02 -2.21990093e-01 
 3.68694506e+02  7.11924786e+01  3.68694506e+02 -2.39699205e-01 
 3.98107171e+02  7.11924666e+01  3.98107171e+02 -2.58821015e-01 
 4.29866235e+02  7.11924526e+01  4.29866235e+02 -2.79468212e-01 
 4.64158883e+02  7.11924363e+01  4.64158883e+02 -3.01762466e-01 
 5.01187234e+02  7.11924173e+01  5.01187234e+02 -3.25835153e-01 
 5.41169527e+02  7.11923952e+01  5.41169527e+02 -3.51828122e-01 
 5.84341413e+02  7.11923694e+01  5.84341413e+02 -3.79894535e-01 
 6.30957344e+02  7.11923393e+01  6.30957344e+02 -4.10199759e-01 
 6.81292069e+02  7.11923042e+01  6.81292069e+02 -4.42922349e-01 
 7.35642254e+02  7.11922632e+01  7.35642254e+02 -4.78255088e-01 
 7.94328235e+02  7.11922155e+01  7.94328235e+02 -5.16406122e-01 
 8.57695899e+02  7.11921599e+01  8.57695899e+02 -5.57600184e-01 
 9.26118728e+02  7.11920949e+01  9.26118728e+02 -6.02079900e-01 
 1.00000000e+03  7.11920193e+01  1.00000000e+03 -6.50107248e-01 
 1.07977516e+03  7.11919312e+01  1.07977516e+03 -7.01965032e-01 
 1.16591440e+03  7.11918284e+01  1.16591440e+03 -7.57958579e-01 
 1.25892541e+03  7.11917085e+01  1.25892541e+03 -8.18417513e-01 
 1.35935639e+03  7.11915688e+01  1.35935639e+03 -8.83697671e-01 
 1.46779927e+03  7.11914060e+01  1.46779927e+03 -9.54183181e-01 
 1.58489319e+03  7.11912160e+01  1.58489319e+03 -1.03028866e+00 
 1.71132830e+03  7.11909946e+01  1.71132830e+03 -1.11246168e+00 
 1.84784980e+03  7.11907365e+01  1.84784980e+03 -1.20118530e+00 
 1.99526231e+03  7.11904356e+01  1.99526231e+03 -1.29698087e+00 
 2.15443469e+03  7.11900847e+01  2.15443469e+03 -1.40041097e+00 
 2.32630507e+03  7.11896756e+01  2.32630507e+03 -1.51208272e+00 
 2.51188643e+03  7.11891988e+01  2.51188643e+03 -1.63265114e+00 
 2.71227258e+03  7.11886430e+01  2.71227258e+03 -1.76282288e+00 
 2.92864456e+03  7.11879949e+01  2.92864456e+03 -1.90336008e+00 
 3.16227766e+03  7.11872394e+01  3.16227766e+03 -2.05508480e+00 
 3.41454887e+03  7.11863587e+01  3.41454887e+03 -2.21888335e+00 
 3.68694506e+03  7.11853323e+01  3.68694506e+03 -2.39571119e+00 
 3.98107171e+03  7.11841358e+01  3.98107171e+03 -2.58659793e+00 
 4.29866235e+03  7.11827412e+01  4.29866235e+03 -2.79265284e+00 
 4.64158883e+03  7.11811157e+01  4.64158883e+03 -3.01507052e+00 
 5.01187234e+03  7.11792214e+01  5.01187234e+03 -3.25513692e+00 
 5.41169527e+03  7.11770138e+01  5.41169527e+03 -3.51423548e+00 
 5.84341413e+03  7.11744415e+01  5.84341413e+03 -3.79385397e+00 
 6.30957344e+03  7.11714441e+01  6.30957344e+03 -4.09559054e+00 
 6.81292069e+03  7.11679520e+01  6.81292069e+03 -4.42116140e+00 
 7.35642254e+03  7.11638842e+01  7.35642254e+03 -4.77240711e+00 
 7.94328235e+03  7.11591461e+01  7.94328235e+03 -5.15129938e+00 
 8.57695899e+03  7.11536285e+01  8.57695899e+03 -5.55994801e+00 
 9.26118728e+03  7.11472042e+01  9.26118728e+03 -6.00060657e+00 
 1.00000000e+04  7.11397264e+01  1.00000000e+04 -6.47567844e+00 
 1.07977516e+04  7.11310236e+01  1.07977516e+04 -6.98771978e+00 
 1.16591440e+04  7.11208991e+01  1.16591440e+04 -7.53944448e+00 
 1.25892541e+04  7.11091245e+01  1.25892541e+04 -8.13372342e+00 
 1.35935639e+04  7.10954366e+01  1.35935639e+04 -8.77358352e+00 
 1.46779927e+04  7.10795315e+01  1.46779927e+04 -9.46220171e+00 
 1.58489319e+04  7.10610610e+01  1.58489319e+04 -1.02028976e+01 
 1.71132830e+04  7.10396246e+01  1.71132830e+04 -1.09991161e+01 
 1.84784980e+04  7.10147643e+01  1.84784980e+04 -1.18544075e+01 
 1.99526231e+04  7.09859577e+01  1.99526231e+04 -1.27723974e+01 
 2.15443469e+04  7.09526111e+01  2.15443469e+04 -1.37567475e+01 
 2.32630507e+04  7.09140523e+01  2.32630507e+04 -1.48111049e+01 
 2.51188643e+04  7.08695234e+01  2.51188643e+04 -1.59390377e+01 
 2.71227258e+04  7.08181763e+01  2.71227258e+04 -1.71439586e+01 
 2.92864456e+04  7.07590657e+01  2.92864456e+04 -1.84290287e+01 
 3.16227766e+04  7.06911479e+01  3.16227766e+04 -1.97970494e+01 
 3.41454887e+04  7.06132787e+01  3.41454887e+04 -2.12503333e+01 
 3.68694506e+04  7.05242171e+01  3.68694506e+04 -2.27905654e+01 
 3.98107171e+04  7.04226315e+01  3.98107171e+04 -2.44186471e+01 
 4.29866235e+04  7.03071136e+01  4.29866235e+04 -2.61345432e+01 
 4.64158883e+04  7.01761947e+01  4.64158883e+04 -2.79371186e+01 
 5.01187234e+04  7.00283724e+01  5.01187234e+04 -2.98239994e+01 
 5.41169527e+04  6.98621407e+01  5.41169527e+04 -3.17914473e+01 
 5.84341413e+04  6.96760286e+01  5.84341413e+04 -3.38342817e+01 
 6.30957344e+04  6.94686428e+01  6.30957344e+04 -3.59458483e+01 
 6.81292069e+04  6.92387134e+01  6.81292069e+04 -3.81180531e+01 
 7.35642254e+04  6.89851400e+01  7.35642254e+04 -4.03414700e+01 
 7.94328235e+04  6.87070365e+01  7.94328235e+04 -4.26055306e+01 
 8.57695899e+04  6.84037668e+01  8.57695899e+04 -4.48987730e+01 
 9.26118728e+04  6.80749743e+01  9.26118728e+04 -4.72091687e+01 
 1.00000000e+05  6.77205975e+01  1.00000000e+05 -4.95244802e+01 
 1.07977516e+05  6.73408720e+01  1.07977516e+05 -5.18326382e+01 
 1.16591440e+05  6.69363196e+01  1.16591440e+05 -5.41221166e+01 
 1.25892541e+05  6.65077243e+01  1.25892541e+05 -5.63822687e+01 
 1.35935639e+05  6.60560974e+01  1.35935639e+05 -5.86036101e+01 
 1.46779927e+05  6.55826357e+01  1.46779927e+05 -6.07780354e+01 
 1.58489319e+05  6.50886753e+01  1.58489319e+05 -6.28989580e+01 
 1.71132830e+05  6.45756447e+01  1.71132830e+05 -6.49613726e+01 
 1.84784980e+05  6.40450202e+01  1.84784980e+05 -6.69618534e+01 
 1.99526231e+05  6.34982859e+01  1.99526231e+05 -6.88984954e+01 
 2.15443469e+05  6.29368985e+01  2.15443469e+05 -7.07708106e+01 
 2.32630507e+05  6.23622601e+01  2.32630507e+05 -7.25795963e+01 
 2.51188643e+05  6.17756961e+01  2.51188643e+05 -7.43267880e+01 
 2.71227258e+05  6.11784402e+01  2.71227258e+05 -7.60153086e+01 
 2.92864456e+05  6.05716243e+01  2.92864456e+05 -7.76489173e+01 
 3.16227766e+05  5.99562736e+01  3.16227766e+05 -7.92320746e+01 
 3.41454887e+05  5.93333040e+01  3.41454887e+05 -8.07698158e+01 
 3.68694506e+05  5.87035234e+01  3.68694506e+05 -8.22676446e+01 
 3.98107171e+05  5.80676344e+01  3.98107171e+05 -8.37314412e+01 
 4.29866235e+05  5.74262377e+01  4.29866235e+05 -8.51673880e+01 
 4.64158883e+05  5.67798369e+01  4.64158883e+05 -8.65819091e+01 
 5.01187234e+05  5.61288425e+01  5.01187234e+05 -8.79816238e+01 
 5.41169527e+05  5.54735764e+01  5.41169527e+05 -8.93733112e+01 
 5.84341413e+05  5.48142750e+01  5.84341413e+05 -9.07638853e+01 
 6.30957344e+05  5.41510924e+01  6.30957344e+05 -9.21603750e+01 
 6.81292069e+05  5.34841025e+01  6.81292069e+05 -9.35699123e+01 
 7.35642254e+05  5.28132992e+01  7.35642254e+05 -9.49997203e+01 
 7.94328235e+05  5.21385976e+01  7.94328235e+05 -9.64571048e+01 
 8.57695899e+05  5.14598319e+01  8.57695899e+05 -9.79494440e+01 
 9.26118728e+05  5.07767544e+01  9.26118728e+05 -9.94841751e+01 
 1.00000000e+06  5.00890323e+01  1.00000000e+06 -1.01068777e+02 
 1.07977516e+06  4.93962447e+01  1.07977516e+06 -1.02710742e+02 
 1.16591440e+06  4.86978787e+01  1.16591440e+06 -1.04417547e+02 
 1.25892541e+06  4.79933256e+01  1.25892541e+06 -1.06196601e+02 
 1.35935639e+06  4.72818773e+01  1.35935639e+06 -1.08055192e+02 
 1.46779927e+06  4.65627236e+01  1.46779927e+06 -1.10000408e+02 
 1.58489319e+06  4.58349509e+01  1.58489319e+06 -1.12039052e+02 
 1.71132830e+06  4.50975434e+01  1.71132830e+06 -1.14177533e+02 
 1.84784980e+06  4.43493866e+01  1.84784980e+06 -1.16421750e+02 
 1.99526231e+06  4.35892756e+01  1.99526231e+06 -1.18776952e+02 
 2.15443469e+06  4.28159284e+01  2.15443469e+06 -1.21247605e+02 
 2.32630507e+06  4.20280040e+01  2.32630507e+06 -1.23837246e+02 
 2.51188643e+06  4.12241282e+01  2.51188643e+06 -1.26548352e+02 
 2.71227258e+06  4.04029252e+01  2.71227258e+06 -1.29382224e+02 
 2.92864456e+06  3.95630560e+01  2.92864456e+06 -1.32338914e+02 
 3.16227766e+06  3.87032616e+01  3.16227766e+06 -1.35417186e+02 
 3.41454887e+06  3.78224103e+01  3.41454887e+06 -1.38614545e+02 
 3.68694506e+06  3.69195455e+01  3.68694506e+06 -1.41927337e+02 
 3.98107171e+06  3.59939312e+01  3.98107171e+06 -1.45350916e+02 
 4.29866235e+06  3.50450915e+01  4.29866235e+06 -1.48879886e+02 
 4.64158883e+06  3.40728404e+01  4.64158883e+06 -1.52508404e+02 
 5.01187234e+06  3.30772983e+01  5.01187234e+06 -1.56230531e+02 
 5.41169527e+06  3.20588936e+01  5.41169527e+06 -1.60040602e+02 
 5.84341413e+06  3.10183468e+01  5.84341413e+06 -1.63933598e+02 
 6.30957344e+06  2.99566386e+01  6.30957344e+06 -1.67905498e+02 
 6.81292069e+06  2.88749606e+01  6.81292069e+06 -1.71953583e+02 
 7.35642254e+06  2.77746527e+01  7.35642254e+06 -1.76076711e+02 
 7.94328235e+06  2.66571262e+01  7.94328235e+06 -1.80275538e+02 
 8.57695899e+06  2.55237771e+01  8.57695899e+06 -1.84552730e+02 
 9.26118728e+06  2.43758883e+01  9.26118728e+06 -1.88913186e+02 
 1.00000000e+07  2.32145243e+01  1.00000000e+07 -1.93364336e+02 
 1.07977516e+07  2.20404161e+01  1.07977516e+07 -1.97916587e+02 
 1.16591440e+07  2.08538398e+01  1.16591440e+07 -2.02584009e+02 
 1.25892541e+07  1.96544906e+01  1.25892541e+07 -2.07385412e+02 
 1.35935639e+07  1.84413585e+01  1.35935639e+07 -2.12345988e+02 
 1.46779927e+07  1.72126205e+01  1.46779927e+07 -2.17499798e+02 
 1.58489319e+07  1.59655809e+01  1.58489319e+07 -2.22893480e+02 
 1.71132830e+07  1.46967230e+01  1.71132830e+07 -2.28591731e+02 
 1.84784980e+07  1.34020088e+01  1.84784980e+07 -2.34685382e+02 
 1.99526231e+07  1.20777034e+01  1.99526231e+07 -2.41303066e+02 
 2.15443469e+07  1.07222997e+01  2.15443469e+07 -2.48627453e+02 
 2.32630507e+07  9.34068941e+00  2.32630507e+07 -2.56915442e+02 
 2.51188643e+07  7.95265804e+00  2.51188643e+07 -2.66515226e+02 
 2.71227258e+07  6.60847775e+00  2.71227258e+07 -2.77853006e+02 
 2.92864456e+07  5.41116269e+00  2.92864456e+07 -2.91317662e+02 
 3.16227766e+07  4.52779284e+00  3.16227766e+07 -3.06938127e+02 
 3.41454887e+07  4.14211894e+00  3.41454887e+07 -3.23930598e+02 
 3.68694506e+07  4.33254361e+00  3.68694506e+07 -3.40704341e+02 
 3.98107171e+07  5.00176627e+00  3.98107171e+07 -3.55727456e+02 
 4.29866235e+07  5.96131617e+00  4.29866235e+07 -3.68322110e+02 
 4.64158883e+07  7.04905247e+00  4.64158883e+07 -3.78583553e+02 
 5.01187234e+07  8.16778238e+00  5.01187234e+07 -3.86922162e+02 
 5.41169527e+07  9.27100125e+00  5.41169527e+07 -3.93765798e+02 
 5.84341413e+07  1.03410648e+01  5.84341413e+07 -3.99460128e+02 
 6.30957344e+07  1.13745220e+01  6.30957344e+07 -4.04260416e+02 
 6.81292069e+07  1.23742482e+01  6.81292069e+07 -4.08348961e+02 
 7.35642254e+07  1.33456013e+01  7.35642254e+07 -4.11854218e+02 
 7.94328235e+07  1.42946309e+01  7.94328235e+07 -4.14865671e+02 
 8.57695899e+07  1.52272698e+01  8.57695899e+07 -4.17444191e+02 
 9.26118728e+07  1.61489709e+01  9.26118728e+07 -4.19628898e+02 
 1.00000000e+08  1.70645219e+01  1.00000000e+08 -4.21441563e+02 
 1.07977516e+08  1.79779017e+01  1.07977516e+08 -4.22889334e+02 
 1.16591440e+08  1.88921020e+01  1.16591440e+08 -4.23966426e+02 
 1.25892541e+08  1.98088654e+01  1.25892541e+08 -4.24655284e+02 
 1.35935639e+08  2.07283078e+01  1.35935639e+08 -4.24927727e+02 
 1.46779927e+08  2.16484120e+01  1.46779927e+08 -4.24746705e+02 
 1.58489319e+08  2.25644139e+01  1.58489319e+08 -4.24069408e+02 
 1.71132830e+08  2.34681670e+01  1.71132830e+08 -4.22852613e+02 
 1.84784980e+08  2.43476751e+01  1.84784980e+08 -4.21061026e+02 
 1.99526231e+08  2.51871071e+01  1.99526231e+08 -4.18678755e+02 
 2.15443469e+08  2.59676962e+01  2.15443469e+08 -4.15722567e+02 
 2.32630507e+08  2.66698296e+01  2.32630507e+08 -4.12253319e+02 
 2.51188643e+08  2.72762222e+01  2.51188643e+08 -4.08380064e+02 
 2.71227258e+08  2.77753952e+01  2.71227258e+08 -4.04251924e+02 
 2.92864456e+08  2.81641592e+01  2.92864456e+08 -4.00037445e+02 
 3.16227766e+08  2.84480116e+01  3.16227766e+08 -3.95897797e+02 
 3.41454887e+08  2.86393332e+01  3.41454887e+08 -3.91963755e+02 
 3.68694506e+08  2.87543187e+01  3.68694506e+08 -3.88323807e+02 
 3.98107171e+08  2.88099229e+01  3.98107171e+08 -3.85024296e+02 
 4.29866235e+08  2.88216819e+01  4.29866235e+08 -3.82077523e+02 
 4.64158883e+08  2.88026152e+01  4.64158883e+08 -3.79472525e+02 
 5.01187234e+08  2.87629760e+01  5.01187234e+08 -3.77184880e+02 
 5.41169527e+08  2.87104909e+01  5.41169527e+08 -3.75183983e+02 
 5.84341413e+08  2.86507992e+01  5.84341413e+08 -3.73437728e+02 
 6.30957344e+08  2.85879139e+01  6.30957344e+08 -3.71915171e+02 
 6.81292069e+08  2.85246253e+01  6.81292069e+08 -3.70587839e+02 
 7.35642254e+08  2.84628226e+01  7.35642254e+08 -3.69430225e+02 
 7.94328235e+08  2.84037391e+01  7.94328235e+08 -3.68419852e+02 
 8.57695899e+08  2.83481342e+01  8.57695899e+08 -3.67537113e+02 
 9.26118728e+08  2.82964280e+01  9.26118728e+08 -3.66765015e+02 
 1.00000000e+09  2.82488009e+01  1.00000000e+09 -3.66088899e+02 
