 1.00000000e+00  6.77704914e+01  1.00000000e+00 -5.50404194e-04 
 1.07977516e+00  6.77704914e+01  1.07977516e+00 -5.94312778e-04 
 1.16591440e+00  6.77704914e+01  1.16591440e+00 -6.41724176e-04 
 1.25892541e+00  6.77704914e+01  1.25892541e+00 -6.92917826e-04 
 1.35935639e+00  6.77704914e+01  1.35935639e+00 -7.48195458e-04 
 1.46779927e+00  6.77704914e+01  1.46779927e+00 -8.07882872e-04 
 1.58489319e+00  6.77704914e+01  1.58489319e+00 -8.72331860e-04 
 1.71132830e+00  6.77704914e+01  1.71132830e+00 -9.41922275e-04 
 1.84784980e+00  6.77704914e+01  1.84784980e+00 -1.01706428e-03 
 1.99526231e+00  6.77704914e+01  1.99526231e+00 -1.09820075e-03 
 2.15443469e+00  6.77704914e+01  2.15443469e+00 -1.18580989e-03 
 2.32630507e+00  6.77704914e+01  2.32630507e+00 -1.28040806e-03 
 2.51188643e+00  6.77704914e+01  2.51188643e+00 -1.38255283e-03 
 2.71227258e+00  6.77704914e+01  2.71227258e+00 -1.49284620e-03 
 2.92864456e+00  6.77704914e+01  2.92864456e+00 -1.61193825e-03 
 3.16227766e+00  6.77704914e+01  3.16227766e+00 -1.74053089e-03 
 3.41454887e+00  6.77704914e+01  3.41454887e+00 -1.87938202e-03 
 3.68694506e+00  6.77704914e+01  3.68694506e+00 -2.02931002e-03 
 3.98107171e+00  6.77704914e+01  3.98107171e+00 -2.19119856e-03 
 4.29866235e+00  6.77704914e+01  4.29866235e+00 -2.36600178e-03 
 4.64158883e+00  6.77704914e+01  4.64158883e+00 -2.55474996e-03 
 5.01187234e+00  6.77704914e+01  5.01187234e+00 -2.75855555e-03 
 5.41169527e+00  6.77704914e+01  5.41169527e+00 -2.97861977e-03 
 5.84341413e+00  6.77704914e+01  5.84341413e+00 -3.21623964e-03 
 6.30957344e+00  6.77704914e+01  6.30957344e+00 -3.47281568e-03 
 6.81292069e+00  6.77704914e+01  6.81292069e+00 -3.74986011e-03 
 7.35642254e+00  6.77704914e+01  7.35642254e+00 -4.04900581e-03 
 7.94328235e+00  6.77704914e+01  7.94328235e+00 -4.37201591e-03 
 8.57695899e+00  6.77704914e+01  8.57695899e+00 -4.72079419e-03 
 9.26118728e+00  6.77704914e+01  9.26118728e+00 -5.09739631e-03 
 1.00000000e+01  6.77704914e+01  1.00000000e+01 -5.50404192e-03 
 1.07977516e+01  6.77704914e+01  1.07977516e+01 -5.94312776e-03 
 1.16591440e+01  6.77704914e+01  1.16591440e+01 -6.41724173e-03 
 1.25892541e+01  6.77704914e+01  1.25892541e+01 -6.92917823e-03 
 1.35935639e+01  6.77704913e+01  1.35935639e+01 -7.48195454e-03 
 1.46779927e+01  6.77704913e+01  1.46779927e+01 -8.07882867e-03 
 1.58489319e+01  6.77704913e+01  1.58489319e+01 -8.72331853e-03 
 1.71132830e+01  6.77704913e+01  1.71132830e+01 -9.41922268e-03 
 1.84784980e+01  6.77704913e+01  1.84784980e+01 -1.01706427e-02 
 1.99526231e+01  6.77704913e+01  1.99526231e+01 -1.09820073e-02 
 2.15443469e+01  6.77704912e+01  2.15443469e+01 -1.18580987e-02 
 2.32630507e+01  6.77704912e+01  2.32630507e+01 -1.28040805e-02 
 2.51188643e+01  6.77704912e+01  2.51188643e+01 -1.38255280e-02 
 2.71227258e+01  6.77704911e+01  2.71227258e+01 -1.49284617e-02 
 2.92864456e+01  6.77704911e+01  2.92864456e+01 -1.61193821e-02 
 3.16227766e+01  6.77704910e+01  3.16227766e+01 -1.74053084e-02 
 3.41454887e+01  6.77704910e+01  3.41454887e+01 -1.87938196e-02 
 3.68694506e+01  6.77704909e+01  3.68694506e+01 -2.02930995e-02 
 3.98107171e+01  6.77704908e+01  3.98107171e+01 -2.19119846e-02 
 4.29866235e+01  6.77704907e+01  4.29866235e+01 -2.36600166e-02 
 4.64158883e+01  6.77704906e+01  4.64158883e+01 -2.55474980e-02 
 5.01187234e+01  6.77704905e+01  5.01187234e+01 -2.75855536e-02 
 5.41169527e+01  6.77704903e+01  5.41169527e+01 -2.97861952e-02 
 5.84341413e+01  6.77704901e+01  5.84341413e+01 -3.21623933e-02 
 6.30957344e+01  6.77704899e+01  6.30957344e+01 -3.47281529e-02 
 6.81292069e+01  6.77704897e+01  6.81292069e+01 -3.74985963e-02 
 7.35642254e+01  6.77704894e+01  7.35642254e+01 -4.04900520e-02 
 7.94328235e+01  6.77704890e+01  7.94328235e+01 -4.37201513e-02 
 8.57695899e+01  6.77704886e+01  8.57695899e+01 -4.72079321e-02 
 9.26118728e+01  6.77704882e+01  9.26118728e+01 -5.09739508e-02 
 1.00000000e+02  6.77704876e+01  1.00000000e+02 -5.50404037e-02 
 1.07977516e+02  6.77704870e+01  1.07977516e+02 -5.94312581e-02 
 1.16591440e+02  6.77704863e+01  1.16591440e+02 -6.41723928e-02 
 1.25892541e+02  6.77704854e+01  1.25892541e+02 -6.92917514e-02 
 1.35935639e+02  6.77704844e+01  1.35935639e+02 -7.48195066e-02 
 1.46779927e+02  6.77704832e+01  1.46779927e+02 -8.07882378e-02 
 1.58489319e+02  6.77704819e+01  1.58489319e+02 -8.72331238e-02 
 1.71132830e+02  6.77704803e+01  1.71132830e+02 -9.41921492e-02 
 1.84784980e+02  6.77704784e+01  1.84784980e+02 -1.01706329e-01 
 1.99526231e+02  6.77704763e+01  1.99526231e+02 -1.09819950e-01 
 2.15443469e+02  6.77704738e+01  2.15443469e+02 -1.18580833e-01 
 2.32630507e+02  6.77704709e+01  2.32630507e+02 -1.28040610e-01 
 2.51188643e+02  6.77704674e+01  2.51188643e+02 -1.38255035e-01 
 2.71227258e+02  6.77704635e+01  2.71227258e+02 -1.49284308e-01 
 2.92864456e+02  6.77704588e+01  2.92864456e+02 -1.61193432e-01 
 3.16227766e+02  6.77704534e+01  3.16227766e+02 -1.74052594e-01 
 3.41454887e+02  6.77704471e+01  3.41454887e+02 -1.87937580e-01 
 3.68694506e+02  6.77704398e+01  3.68694506e+02 -2.02930219e-01 
 3.98107171e+02  6.77704312e+01  3.98107171e+02 -2.19118870e-01 
 4.29866235e+02  6.77704212e+01  4.29866235e+02 -2.36598937e-01 
 4.64158883e+02  6.77704095e+01  4.64158883e+02 -2.55473433e-01 
 5.01187234e+02  6.77703960e+01  5.01187234e+02 -2.75853588e-01 
 5.41169527e+02  6.77703801e+01  5.41169527e+02 -2.97859500e-01 
 5.84341413e+02  6.77703616e+01  5.84341413e+02 -3.21620846e-01 
 6.30957344e+02  6.77703401e+01  6.30957344e+02 -3.47277643e-01 
 6.81292069e+02  6.77703150e+01  6.81292069e+02 -3.74981070e-01 
 7.35642254e+02  6.77702857e+01  7.35642254e+02 -4.04894360e-01 
 7.94328235e+02  6.77702516e+01  7.94328235e+02 -4.37193759e-01 
 8.57695899e+02  6.77702118e+01  8.57695899e+02 -4.72069559e-01 
 9.26118728e+02  6.77701654e+01  9.26118728e+02 -5.09727219e-01 
 1.00000000e+03  6.77701113e+01  1.00000000e+03 -5.50388563e-01 
 1.07977516e+03  6.77700482e+01  1.07977516e+03 -5.94293100e-01 
 1.16591440e+03  6.77699747e+01  1.16591440e+03 -6.41699405e-01 
 1.25892541e+03  6.77698890e+01  1.25892541e+03 -6.92886642e-01 
 1.35935639e+03  6.77697890e+01  1.35935639e+03 -7.48156196e-01 
 1.46779927e+03  6.77696725e+01  1.46779927e+03 -8.07833447e-01 
 1.58489319e+03  6.77695367e+01  1.58489319e+03 -8.72269640e-01 
 1.71132830e+03  6.77693783e+01  1.71132830e+03 -9.41843949e-01 
 1.84784980e+03  6.77691937e+01  1.84784980e+03 -1.01696567e+00 
 1.99526231e+03  6.77689784e+01  1.99526231e+03 -1.09807662e+00 
 2.15443469e+03  6.77687274e+01  2.15443469e+03 -1.18565362e+00 
 2.32630507e+03  6.77684348e+01  2.32630507e+03 -1.28021135e+00 
 2.51188643e+03  6.77680938e+01  2.51188643e+03 -1.38230519e+00 
 2.71227258e+03  6.77676961e+01  2.71227258e+03 -1.49253447e+00 
 2.92864456e+03  6.77672324e+01  2.92864456e+03 -1.61154582e+00 
 3.16227766e+03  6.77666919e+01  3.16227766e+03 -1.74003687e+00 
 3.41454887e+03  6.77660620e+01  3.41454887e+03 -1.87876016e+00 
 3.68694506e+03  6.77653275e+01  3.68694506e+03 -2.02852723e+00 
 3.98107171e+03  6.77644713e+01  3.98107171e+03 -2.19021319e+00 
 4.29866235e+03  6.77634733e+01  4.29866235e+03 -2.36476147e+00 
 4.64158883e+03  6.77623100e+01  4.64158883e+03 -2.55318874e+00 
 5.01187234e+03  6.77609541e+01  5.01187234e+03 -2.75659047e+00 
 5.41169527e+03  6.77593737e+01  5.41169527e+03 -2.97614642e+00 
 5.84341413e+03  6.77575319e+01  5.84341413e+03 -3.21312667e+00 
 6.30957344e+03  6.77553855e+01  6.30957344e+03 -3.46889785e+00 
 6.81292069e+03  6.77528842e+01  6.81292069e+03 -3.74492954e+00 
 7.35642254e+03  6.77499698e+01  7.35642254e+03 -4.04280109e+00 
 7.94328235e+03  6.77465743e+01  7.94328235e+03 -4.36420828e+00 
 8.57695899e+03  6.77426188e+01  8.57695899e+03 -4.71097035e+00 
 9.26118728e+03  6.77380116e+01  9.26118728e+03 -5.08503672e+00 
 1.00000000e+04  6.77326462e+01  1.00000000e+04 -5.48849368e+00 
 1.07977516e+04  6.77263988e+01  1.07977516e+04 -5.92357057e+00 
 1.16591440e+04  6.77191263e+01  1.16591440e+04 -6.39264548e+00 
 1.25892541e+04  6.77106626e+01  1.25892541e+04 -6.89824970e+00 
 1.35935639e+04  6.77008154e+01  1.35935639e+04 -7.44307088e+00 
 1.46779927e+04  6.76893623e+01  1.46779927e+04 -8.02995458e+00 
 1.58489319e+04  6.76760472e+01  1.58489319e+04 -8.66190320e+00 
 1.71132830e+04  6.76605741e+01  1.71132830e+04 -9.34207099e+00 
 1.84784980e+04  6.76426030e+01  1.84784980e+04 -1.00737563e+01 
 1.99526231e+04  6.76217438e+01  1.99526231e+04 -1.08603874e+01 
 2.15443469e+04  6.75975495e+01  2.15443469e+04 -1.17055024e+01 
 2.32630507e+04  6.75695100e+01  2.32630507e+04 -1.26127209e+01 
 2.51188643e+04  6.75370450e+01  2.51188643e+04 -1.35857074e+01 
 2.71227258e+04  6.74994974e+01  2.71227258e+04 -1.46281225e+01 
 2.92864456e+04  6.74561259e+01  2.92864456e+04 -1.57435616e+01 
 3.16227766e+04  6.74060987e+01  3.16227766e+04 -1.69354789e+01 
 3.41454887e+04  6.73484893e+01  3.41454887e+04 -1.82070990e+01 
 3.68694506e+04  6.72822719e+01  3.68694506e+04 -1.95613059e+01 
 3.98107171e+04  6.72063206e+01  3.98107171e+04 -2.10005218e+01 
 4.29866235e+04  6.71194119e+01  4.29866235e+04 -2.25265681e+01 
 4.64158883e+04  6.70202303e+01  4.64158883e+04 -2.41405135e+01 
 5.01187234e+04  6.69073801e+01  5.01187234e+04 -2.58425173e+01 
 5.41169527e+04  6.67794023e+01  5.41169527e+04 -2.76316713e+01 
 5.84341413e+04  6.66347985e+01  5.84341413e+04 -2.95058520e+01 
 6.30957344e+04  6.64720607e+01  6.30957344e+04 -3.14615943e+01 
 6.81292069e+04  6.62897089e+01  6.81292069e+04 -3.34940030e+01 
 7.35642254e+04  6.60863318e+01  7.35642254e+04 -3.55967096e+01 
 7.94328235e+04  6.58606337e+01  7.94328235e+04 -3.77618984e+01 
 8.57695899e+04  6.56114798e+01  8.57695899e+04 -3.99803962e+01 
 9.26118728e+04  6.53379417e+01  9.26118728e+04 -4.22418481e+01 
 1.00000000e+05  6.50393355e+01  1.00000000e+05 -4.45349595e+01 
 1.07977516e+05  6.47152517e+01  1.07977516e+05 -4.68478034e+01 
 1.16591440e+05  6.43655744e+01  1.16591440e+05 -4.91681812e+01 
 1.25892541e+05  6.39904854e+01  1.25892541e+05 -5.14839933e+01 
 1.35935639e+05  6.35904560e+01  1.35935639e+05 -5.37836206e+01 
 1.46779927e+05  6.31662246e+01  1.46779927e+05 -5.60562655e+01 
 1.58489319e+05  6.27187645e+01  1.58489319e+05 -5.82922509e+01 
 1.71132830e+05  6.22492421e+01  1.71132830e+05 -6.04832457e+01 
 1.84784980e+05  6.17589724e+01  1.84784980e+05 -6.26224212e+01 
 1.99526231e+05  6.12493711e+01  1.99526231e+05 -6.47045271e+01 
 2.15443469e+05  6.07219099e+01  2.15443469e+05 -6.67259036e+01 
 2.32630507e+05  6.01780753e+01  2.32630507e+05 -6.86844282e+01 
 2.51188643e+05  5.96193325e+01  2.51188643e+05 -7.05794205e+01 
 2.71227258e+05  5.90470970e+01  2.71227258e+05 -7.24115197e+01 
 2.92864456e+05  5.84627111e+01  2.92864456e+05 -7.41825319e+01 
 3.16227766e+05  5.78674284e+01  3.16227766e+05 -7.58952859e+01 
 3.41454887e+05  5.72624024e+01  3.41454887e+05 -7.75534810e+01 
 3.68694506e+05  5.66486806e+01  3.68694506e+05 -7.91615468e+01 
 3.98107171e+05  5.60272021e+01  3.98107171e+05 -8.07245180e+01 
 4.29866235e+05  5.53987982e+01  4.29866235e+05 -8.22479231e+01 
 4.64158883e+05  5.47641947e+01  4.64158883e+05 -8.37376923e+01 
 5.01187234e+05  5.41240157e+01  5.01187234e+05 -8.52000792e+01 
 5.41169527e+05  5.34787878e+01  5.41169527e+05 -8.66415994e+01 
 5.84341413e+05  5.28289450e+01  5.84341413e+05 -8.80689830e+01 
 6.30957344e+05  5.21748327e+01  6.30957344e+05 -8.94891386e+01 
 6.81292069e+05  5.15167115e+01  6.81292069e+05 -9.09091258e+01 
 7.35642254e+05  5.08547607e+01  7.35642254e+05 -9.23361383e+01 
 7.94328235e+05  5.01890804e+01  7.94328235e+05 -9.37774906e+01 
 8.57695899e+05  4.95196928e+01  8.57695899e+05 -9.52406083e+01 
 9.26118728e+05  4.88465427e+01  9.26118728e+05 -9.67330217e+01 
 1.00000000e+06  4.81694971e+01  1.00000000e+06 -9.82623568e+01 
 1.07977516e+06  4.74883437e+01  1.07977516e+06 -9.98363260e+01 
 1.16591440e+06  4.68027886e+01  1.16591440e+06 -1.01462713e+02 
 1.25892541e+06  4.61124532e+01  1.25892541e+06 -1.03149353e+02 
 1.35935639e+06  4.54168713e+01  1.35935639e+06 -1.04904099e+02 
 1.46779927e+06  4.47154849e+01  1.46779927e+06 -1.06734788e+02 
 1.58489319e+06  4.40076413e+01  1.58489319e+06 -1.08649181e+02 
 1.71132830e+06  4.32925899e+01  1.71132830e+06 -1.10654899e+02 
 1.84784980e+06  4.25694811e+01  1.84784980e+06 -1.12759339e+02 
 1.99526231e+06  4.18373666e+01  1.99526231e+06 -1.14969573e+02 
 2.15443469e+06  4.10952023e+01  2.15443469e+06 -1.17292231e+02 
 2.32630507e+06  4.03418560e+01  2.32630507e+06 -1.19733372e+02 
 2.51188643e+06  3.95761180e+01  2.51188643e+06 -1.22298342e+02 
 2.71227258e+06  3.87967191e+01  2.71227258e+06 -1.24991627e+02 
 2.92864456e+06  3.80023530e+01  2.92864456e+06 -1.27816711e+02 
 3.16227766e+06  3.71917064e+01  3.16227766e+06 -1.30775945e+02 
 3.41454887e+06  3.63634947e+01  3.41454887e+06 -1.33870449e+02 
 3.68694506e+06  3.55165037e+01  3.68694506e+06 -1.37100045e+02 
 3.98107171e+06  3.46496345e+01  3.98107171e+06 -1.40463248e+02 
 4.29866235e+06  3.37619497e+01  4.29866235e+06 -1.43957322e+02 
 4.64158883e+06  3.28527179e+01  4.64158883e+06 -1.47578404e+02 
 5.01187234e+06  3.19214515e+01  5.01187234e+06 -1.51321698e+02 
 5.41169527e+06  3.09679351e+01  5.41169527e+06 -1.55181743e+02 
 5.84341413e+06  2.99922390e+01  5.84341413e+06 -1.59152719e+02 
 6.30957344e+06  2.89947154e+01  6.30957344e+06 -1.63228811e+02 
 6.81292069e+06  2.79759753e+01  6.81292069e+06 -1.67404572e+02 
 7.35642254e+06  2.69368429e+01  7.35642254e+06 -1.71675297e+02 
 7.94328235e+06  2.58782895e+01  7.94328235e+06 -1.76037398e+02 
 8.57695899e+06  2.48013457e+01  8.57695899e+06 -1.80488761e+02 
 9.26118728e+06  2.37069938e+01  9.26118728e+06 -1.85029142e+02 
 1.00000000e+07  2.25960417e+01  1.00000000e+07 -1.89660607e+02 
 1.07977516e+07  2.14689798e+01  1.07977516e+07 -1.94388115e+02 
 1.16591440e+07  2.03258218e+01  1.16591440e+07 -1.99220314e+02 
 1.25892541e+07  1.91659321e+01  1.25892541e+07 -2.04170719e+02 
 1.35935639e+07  1.79878440e+01  1.35935639e+07 -2.09259453e+02 
 1.46779927e+07  1.67890784e+01  1.46779927e+07 -2.14515848e+02 
 1.58489319e+07  1.55659833e+01  1.58489319e+07 -2.19982368e+02 
 1.71132830e+07  1.43136456e+01  1.71132830e+07 -2.25720510e+02 
 1.84784980e+07  1.30259869e+01  1.84784980e+07 -2.31819769e+02 
 1.99526231e+07  1.16963009e+01  1.99526231e+07 -2.38411260e+02 
 2.15443469e+07  1.03188184e+01  2.15443469e+07 -2.45688162e+02 
 2.32630507e+07  8.89261190e+00  2.32630507e+07 -2.53934786e+02 
 2.51188643e+07  7.43063076e+00  2.51188643e+07 -2.63561031e+02 
 2.71227258e+07  5.97886845e+00  2.71227258e+07 -2.75116636e+02 
 2.92864456e+07  4.64983195e+00  2.92864456e+07 -2.89191892e+02 
 3.16227766e+07  3.65307280e+00  3.16227766e+07 -3.06005522e+02 
 3.41454887e+07  3.24473606e+00  3.41454887e+07 -3.24660638e+02 
 3.68694506e+07  3.53798529e+00  3.68694506e+07 -3.43012537e+02 
 3.98107171e+07  4.38540474e+00  3.98107171e+07 -3.59040256e+02 
 4.29866235e+07  5.52730506e+00  4.29866235e+07 -3.72047083e+02 
 4.64158883e+07  6.76696964e+00  4.64158883e+07 -3.82350624e+02 
 5.01187234e+07  8.00306074e+00  5.01187234e+07 -3.90556689e+02 
 5.41169527e+07  9.19569664e+00  5.41169527e+07 -3.97203887e+02 
 5.84341413e+07  1.03349408e+01  5.84341413e+07 -4.02689878e+02 
 6.30957344e+07  1.14234905e+01  6.30957344e+07 -4.07291272e+02 
 6.81292069e+07  1.24686525e+01  6.81292069e+07 -4.11197328e+02 
 7.35642254e+07  1.34789003e+01  7.35642254e+07 -4.14536977e+02 
 7.94328235e+07  1.44624842e+01  7.94328235e+07 -4.17397283e+02 
 8.57695899e+07  1.54269131e+01  8.57695899e+07 -4.19835339e+02 
 9.26118728e+07  1.63787771e+01  9.26118728e+07 -4.21885722e+02 
 1.00000000e+08  1.73236704e+01  1.00000000e+08 -4.23565058e+02 
 1.07977516e+08  1.82660960e+01  1.07977516e+08 -4.24874749e+02 
 1.16591440e+08  1.92092876e+01  1.16591440e+08 -4.25802614e+02 
 1.25892541e+08  2.01549064e+01  1.25892541e+08 -4.26324091e+02 
 1.35935639e+08  2.11025864e+01  1.35935639e+08 -4.26403636e+02 
 1.46779927e+08  2.20493274e+01  1.46779927e+08 -4.25997118e+02 
 1.58489319e+08  2.29887869e+01  1.58489319e+08 -4.25056158e+02 
 1.71132830e+08  2.39106180e+01  1.71132830e+08 -4.23535441e+02 
 1.84784980e+08  2.48001370e+01  1.84784980e+08 -4.21403674e+02 
 1.99526231e+08  2.56387515e+01  1.99526231e+08 -4.18657685e+02 
 2.15443469e+08  2.64055987e+01  2.15443469e+08 -4.15336897e+02 
 2.32630507e+08  2.70805611e+01  2.32630507e+08 -4.11532689e+02 
 2.51188643e+08  2.76481423e+01  2.51188643e+08 -4.07386089e+02 
 2.71227258e+08  2.81009024e+01  2.71227258e+08 -4.03070504e+02 
 2.92864456e+08  2.84409605e+01  2.92864456e+08 -3.98763575e+02 
 3.16227766e+08  2.86788946e+01  3.16227766e+08 -3.94618717e+02 
 3.41454887e+08  2.88307064e+01  3.41454887e+08 -3.90746820e+02 
 3.68694506e+08  2.89142960e+01  3.68694506e+08 -3.87212011e+02 
 3.98107171e+08  2.89466803e+01  3.98107171e+08 -3.84038339e+02 
 4.29866235e+08  2.89424274e+01  4.29866235e+08 -3.81221277e+02 
 4.64158883e+08  2.89131537e+01  4.64158883e+08 -3.78739082e+02 
 5.01187234e+08  2.88676813e+01  5.01187234e+08 -3.76561560e+02 
 5.41169527e+08  2.88124886e+01  5.41169527e+08 -3.74655848e+02 
 5.84341413e+08  2.87522191e+01  5.84341413e+08 -3.72989733e+02 
 6.30957344e+08  2.86901363e+01  6.30957344e+08 -3.71533323e+02 
 6.81292069e+08  2.86284884e+01  6.81292069e+08 -3.70259704e+02 
 7.35642254e+08  2.85687847e+01  7.35642254e+08 -3.69145073e+02 
 7.94328235e+08  2.85119997e+01  7.94328235e+08 -3.68168591e+02 
 8.57695899e+08  2.84587232e+01  8.57695899e+08 -3.67312128e+02 
 9.26118728e+08  2.84092696e+01  9.26118728e+08 -3.66559976e+02 
 1.00000000e+09  2.83637589e+01  1.00000000e+09 -3.65898558e+02 
