 1.00000000e+00  6.82965904e+01  1.00000000e+00 -5.58719768e-04 
 1.07977516e+00  6.82965904e+01  1.07977516e+00 -6.03291728e-04 
 1.16591440e+00  6.82965904e+01  1.16591440e+00 -6.51419424e-04 
 1.25892541e+00  6.82965904e+01  1.25892541e+00 -7.03386514e-04 
 1.35935639e+00  6.82965904e+01  1.35935639e+00 -7.59499288e-04 
 1.46779927e+00  6.82965904e+01  1.46779927e+00 -8.20088467e-04 
 1.58489319e+00  6.82965904e+01  1.58489319e+00 -8.85511157e-04 
 1.71132830e+00  6.82965904e+01  1.71132830e+00 -9.56152953e-04 
 1.84784980e+00  6.82965904e+01  1.84784980e+00 -1.03243021e-03 
 1.99526231e+00  6.82965904e+01  1.99526231e+00 -1.11479250e-03 
 2.15443469e+00  6.82965904e+01  2.15443469e+00 -1.20372525e-03 
 2.32630507e+00  6.82965904e+01  2.32630507e+00 -1.29975263e-03 
 2.51188643e+00  6.82965904e+01  2.51188643e+00 -1.40344060e-03 
 2.71227258e+00  6.82965904e+01  2.71227258e+00 -1.51540031e-03 
 2.92864456e+00  6.82965904e+01  2.92864456e+00 -1.63629161e-03 
 3.16227766e+00  6.82965904e+01  3.16227766e+00 -1.76682704e-03 
 3.41454887e+00  6.82965904e+01  3.41454887e+00 -1.90777595e-03 
 3.68694506e+00  6.82965904e+01  3.68694506e+00 -2.05996909e-03 
 3.98107171e+00  6.82965904e+01  3.98107171e+00 -2.22430346e-03 
 4.29866235e+00  6.82965904e+01  4.29866235e+00 -2.40174763e-03 
 4.64158883e+00  6.82965904e+01  4.64158883e+00 -2.59334744e-03 
 5.01187234e+00  6.82965904e+01  5.01187234e+00 -2.80023215e-03 
 5.41169527e+00  6.82965904e+01  5.41169527e+00 -3.02362112e-03 
 5.84341413e+00  6.82965904e+01  5.84341413e+00 -3.26483099e-03 
 6.30957344e+00  6.82965904e+01  6.30957344e+00 -3.52528341e-03 
 6.81292069e+00  6.82965904e+01  6.81292069e+00 -3.80651346e-03 
 7.35642254e+00  6.82965904e+01  7.35642254e+00 -4.11017869e-03 
 7.94328235e+00  6.82965904e+01  7.94328235e+00 -4.43806886e-03 
 8.57695899e+00  6.82965904e+01  8.57695899e+00 -4.79211653e-03 
 9.26118728e+00  6.82965904e+01  9.26118728e+00 -5.17440840e-03 
 1.00000000e+01  6.82965904e+01  1.00000000e+01 -5.58719767e-03 
 1.07977516e+01  6.82965904e+01  1.07977516e+01 -6.03291726e-03 
 1.16591440e+01  6.82965903e+01  1.16591440e+01 -6.51419421e-03 
 1.25892541e+01  6.82965903e+01  1.25892541e+01 -7.03386511e-03 
 1.35935639e+01  6.82965903e+01  1.35935639e+01 -7.59499284e-03 
 1.46779927e+01  6.82965903e+01  1.46779927e+01 -8.20088462e-03 
 1.58489319e+01  6.82965903e+01  1.58489319e+01 -8.85511151e-03 
 1.71132830e+01  6.82965903e+01  1.71132830e+01 -9.56152945e-03 
 1.84784980e+01  6.82965903e+01  1.84784980e+01 -1.03243020e-02 
 1.99526231e+01  6.82965902e+01  1.99526231e+01 -1.11479249e-02 
 2.15443469e+01  6.82965902e+01  2.15443469e+01 -1.20372523e-02 
 2.32630507e+01  6.82965902e+01  2.32630507e+01 -1.29975261e-02 
 2.51188643e+01  6.82965902e+01  2.51188643e+01 -1.40344058e-02 
 2.71227258e+01  6.82965901e+01  2.71227258e+01 -1.51540027e-02 
 2.92864456e+01  6.82965901e+01  2.92864456e+01 -1.63629157e-02 
 3.16227766e+01  6.82965900e+01  3.16227766e+01 -1.76682699e-02 
 3.41454887e+01  6.82965899e+01  3.41454887e+01 -1.90777589e-02 
 3.68694506e+01  6.82965899e+01  3.68694506e+01 -2.05996901e-02 
 3.98107171e+01  6.82965898e+01  3.98107171e+01 -2.22430336e-02 
 4.29866235e+01  6.82965897e+01  4.29866235e+01 -2.40174750e-02 
 4.64158883e+01  6.82965896e+01  4.64158883e+01 -2.59334728e-02 
 5.01187234e+01  6.82965894e+01  5.01187234e+01 -2.80023195e-02 
 5.41169527e+01  6.82965893e+01  5.41169527e+01 -3.02362087e-02 
 5.84341413e+01  6.82965891e+01  5.84341413e+01 -3.26483067e-02 
 6.30957344e+01  6.82965888e+01  6.30957344e+01 -3.52528301e-02 
 6.81292069e+01  6.82965886e+01  6.81292069e+01 -3.80651296e-02 
 7.35642254e+01  6.82965883e+01  7.35642254e+01 -4.11017806e-02 
 7.94328235e+01  6.82965879e+01  7.94328235e+01 -4.43806806e-02 
 8.57695899e+01  6.82965875e+01  8.57695899e+01 -4.79211552e-02 
 9.26118728e+01  6.82965871e+01  9.26118728e+01 -5.17440713e-02 
 1.00000000e+02  6.82965865e+01  1.00000000e+02 -5.58719606e-02 
 1.07977516e+02  6.82965859e+01  1.07977516e+02 -6.03291525e-02 
 1.16591440e+02  6.82965851e+01  1.16591440e+02 -6.51419168e-02 
 1.25892541e+02  6.82965842e+01  1.25892541e+02 -7.03386191e-02 
 1.35935639e+02  6.82965832e+01  1.35935639e+02 -7.59498881e-02 
 1.46779927e+02  6.82965820e+01  1.46779927e+02 -8.20087955e-02 
 1.58489319e+02  6.82965806e+01  1.58489319e+02 -8.85510513e-02 
 1.71132830e+02  6.82965790e+01  1.71132830e+02 -9.56152143e-02 
 1.84784980e+02  6.82965771e+01  1.84784980e+02 -1.03242919e-01 
 1.99526231e+02  6.82965749e+01  1.99526231e+02 -1.11479121e-01 
 2.15443469e+02  6.82965723e+01  2.15443469e+02 -1.20372363e-01 
 2.32630507e+02  6.82965693e+01  2.32630507e+02 -1.29975059e-01 
 2.51188643e+02  6.82965659e+01  2.51188643e+02 -1.40343804e-01 
 2.71227258e+02  6.82965618e+01  2.71227258e+02 -1.51539708e-01 
 2.92864456e+02  6.82965570e+01  2.92864456e+02 -1.63628755e-01 
 3.16227766e+02  6.82965515e+01  3.16227766e+02 -1.76682192e-01 
 3.41454887e+02  6.82965450e+01  3.41454887e+02 -1.90776951e-01 
 3.68694506e+02  6.82965375e+01  3.68694506e+02 -2.05996098e-01 
 3.98107171e+02  6.82965287e+01  3.98107171e+02 -2.22429325e-01 
 4.29866235e+02  6.82965185e+01  4.29866235e+02 -2.40173478e-01 
 4.64158883e+02  6.82965066e+01  4.64158883e+02 -2.59333126e-01 
 5.01187234e+02  6.82964927e+01  5.01187234e+02 -2.80021178e-01 
 5.41169527e+02  6.82964765e+01  5.41169527e+02 -3.02359548e-01 
 5.84341413e+02  6.82964576e+01  5.84341413e+02 -3.26479871e-01 
 6.30957344e+02  6.82964355e+01  6.30957344e+02 -3.52524277e-01 
 6.81292069e+02  6.82964098e+01  6.81292069e+02 -3.80646230e-01 
 7.35642254e+02  6.82963799e+01  7.35642254e+02 -4.11011429e-01 
 7.94328235e+02  6.82963449e+01  7.94328235e+02 -4.43798778e-01 
 8.57695899e+02  6.82963042e+01  8.57695899e+02 -4.79201445e-01 
 9.26118728e+02  6.82962567e+01  9.26118728e+02 -5.17427989e-01 
 1.00000000e+03  6.82962013e+01  1.00000000e+03 -5.58703585e-01 
 1.07977516e+03  6.82961368e+01  1.07977516e+03 -6.03271355e-01 
 1.16591440e+03  6.82960615e+01  1.16591440e+03 -6.51393777e-01 
 1.25892541e+03  6.82959738e+01  1.25892541e+03 -7.03354228e-01 
 1.35935639e+03  6.82958715e+01  1.35935639e+03 -7.59458643e-01 
 1.46779927e+03  6.82957523e+01  1.46779927e+03 -8.20037306e-01 
 1.58489319e+03  6.82956133e+01  1.58489319e+03 -8.85446751e-01 
 1.71132830e+03  6.82954511e+01  1.71132830e+03 -9.56071865e-01 
 1.84784980e+03  6.82952622e+01  1.84784980e+03 -1.03232813e+00 
 1.99526231e+03  6.82950418e+01  1.99526231e+03 -1.11466399e+00 
 2.15443469e+03  6.82947849e+01  2.15443469e+03 -1.20356347e+00 
 2.32630507e+03  6.82944855e+01  2.32630507e+03 -1.29954897e+00 
 2.51188643e+03  6.82941363e+01  2.51188643e+03 -1.40318423e+00 
 2.71227258e+03  6.82937294e+01  2.71227258e+03 -1.51507758e+00 
 2.92864456e+03  6.82932547e+01  2.92864456e+03 -1.63588532e+00 
 3.16227766e+03  6.82927015e+01  3.16227766e+03 -1.76631559e+00 
 3.41454887e+03  6.82920567e+01  3.41454887e+03 -1.90713215e+00 
 3.68694506e+03  6.82913049e+01  3.68694506e+03 -2.05915866e+00 
 3.98107171e+03  6.82904286e+01  3.98107171e+03 -2.22328331e+00 
 4.29866235e+03  6.82894071e+01  4.29866235e+03 -2.40046352e+00 
 4.64158883e+03  6.82882165e+01  4.64158883e+03 -2.59173112e+00 
 5.01187234e+03  6.82868287e+01  5.01187234e+03 -2.79819772e+00 
 5.41169527e+03  6.82852113e+01  5.41169527e+03 -3.02106050e+00 
 5.84341413e+03  6.82833262e+01  5.84341413e+03 -3.26160820e+00 
 6.30957344e+03  6.82811292e+01  6.30957344e+03 -3.52122734e+00 
 6.81292069e+03  6.82785693e+01  6.81292069e+03 -3.80140898e+00 
 7.35642254e+03  6.82755866e+01  7.35642254e+03 -4.10375522e+00 
 7.94328235e+03  6.82721116e+01  7.94328235e+03 -4.42998606e+00 
 8.57695899e+03  6.82680635e+01  8.57695899e+03 -4.78194657e+00 
 9.26118728e+03  6.82633486e+01  9.26118728e+03 -5.16161354e+00 
 1.00000000e+04  6.82578578e+01  1.00000000e+04 -5.57110213e+00 
 1.07977516e+04  6.82514647e+01  1.07977516e+04 -6.01267207e+00 
 1.16591440e+04  6.82440228e+01  1.16591440e+04 -6.48873325e+00 
 1.25892541e+04  6.82353623e+01  1.25892541e+04 -7.00185017e+00 
 1.35935639e+04  6.82252864e+01  1.35935639e+04 -7.55474444e+00 
 1.46779927e+04  6.82135685e+01  1.46779927e+04 -8.15029713e+00 
 1.58489319e+04  6.81999460e+01  1.58489319e+04 -8.79154571e+00 
 1.71132830e+04  6.81841170e+01  1.71132830e+04 -9.48168026e+00 
 1.84784980e+04  6.81657343e+01  1.84784980e+04 -1.02240339e+01 
 1.99526231e+04  6.81443994e+01  1.99526231e+04 -1.10220683e+01 
 2.15443469e+04  6.81196561e+01  2.15443469e+04 -1.18793522e+01 
 2.32630507e+04  6.80909843e+01  2.32630507e+04 -1.27995330e+01 
 2.51188643e+04  6.80577925e+01  2.51188643e+04 -1.37862970e+01 
 2.71227258e+04  6.80194110e+01  2.71227258e+04 -1.48433202e+01 
 2.92864456e+04  6.79750849e+01  2.92864456e+04 -1.59742040e+01 
 3.16227766e+04  6.79239689e+01  3.16227766e+04 -1.71823997e+01 
 3.41454887e+04  6.78651212e+01  3.41454887e+04 -1.84711130e+01 
 3.68694506e+04  6.77975004e+01  3.68694506e+04 -1.98431951e+01 
 3.98107171e+04  6.77199659e+01  3.98107171e+04 -2.13010179e+01 
 4.29866235e+04  6.76312793e+01  4.29866235e+04 -2.28463319e+01 
 4.64158883e+04  6.75301118e+01  4.64158883e+04 -2.44801147e+01 
 5.01187234e+04  6.74150566e+01  5.01187234e+04 -2.62024135e+01 
 5.41169527e+04  6.72846467e+01  5.41169527e+04 -2.80121871e+01 
 5.84341413e+04  6.71373795e+01  5.84341413e+04 -2.99071621e+01 
 6.30957344e+04  6.69717482e+01  6.30957344e+04 -3.18837110e+01 
 6.81292069e+04  6.67862794e+01  6.81292069e+04 -3.39367695e+01 
 7.35642254e+04  6.65795759e+01  7.35642254e+04 -3.60598054e+01 
 7.94328235e+04  6.63503618e+01  7.94328235e+04 -3.82448499e+01 
 8.57695899e+04  6.60975301e+01  8.57695899e+04 -4.04826059e+01 
 9.26118728e+04  6.58201852e+01  9.26118728e+04 -4.27626290e+01 
 1.00000000e+05  6.55176815e+01  1.00000000e+05 -4.50735850e+01 
 1.07977516e+05  6.51896512e+01  1.07977516e+05 -4.74035652e+01 
 1.16591440e+05  6.48360211e+01  1.16591440e+05 -4.97404497e+01 
 1.25892541e+05  6.44570153e+01  1.25892541e+05 -5.20722846e+01 
 1.35935639e+05  6.40531440e+01  1.35935639e+05 -5.43876552e+01 
 1.46779927e+05  6.36251803e+01  1.46779927e+05 -5.66760274e+01 
 1.58489319e+05  6.31741254e+01  1.58489319e+05 -5.89280341e+01 
 1.71132830e+05  6.27011668e+01  1.71132830e+05 -6.11356906e+01 
 1.84784980e+05  6.22076322e+01  1.84784980e+05 -6.32925423e+01 
 1.99526231e+05  6.16949428e+01  1.99526231e+05 -6.53937289e+01 
 2.15443469e+05  6.11645679e+01  2.15443469e+05 -6.74359857e+01 
 2.32630507e+05  6.06179847e+01  2.32630507e+05 -6.94175868e+01 
 2.51188643e+05  6.00566431e+01  2.51188643e+05 -7.13382437e+01 
 2.71227258e+05  5.94819378e+01  2.71227258e+05 -7.31989768e+01 
 2.92864456e+05  5.88951859e+01  2.92864456e+05 -7.50019687e+01 
 3.16227766e+05  5.82976113e+01  3.16227766e+05 -7.67504129e+01 
 3.41454887e+05  5.76903345e+01  3.41454887e+05 -7.84483659e+01 
 3.68694506e+05  5.70743667e+01  3.68694506e+05 -8.01006113e+01 
 3.98107171e+05  5.64506072e+01  3.98107171e+05 -8.17125338e+01 
 4.29866235e+05  5.58198442e+01  4.29866235e+05 -8.32900135e+01 
 4.64158883e+05  5.51827566e+01  4.64158883e+05 -8.48393319e+01 
 5.01187234e+05  5.45399174e+01  5.01187234e+05 -8.63670991e+01 
 5.41169527e+05  5.38917973e+01  5.41169527e+05 -8.78801908e+01 
 5.84341413e+05  5.32387686e+01  5.84341413e+05 -8.93857019e+01 
 6.30957344e+05  5.25811085e+01  6.30957344e+05 -9.08909077e+01 
 6.81292069e+05  5.19190020e+01  6.81292069e+05 -9.24032359e+01 
 7.35642254e+05  5.12525440e+01  7.35642254e+05 -9.39302439e+01 
 7.94328235e+05  5.05817404e+01  7.94328235e+05 -9.54795995e+01 
 8.57695899e+05  4.99065084e+01  8.57695899e+05 -9.70590631e+01 
 9.26118728e+05  4.92266755e+01  9.26118728e+05 -9.86764706e+01 
 1.00000000e+06  4.85419785e+01  1.00000000e+06 -1.00339710e+02 
 1.07977516e+06  4.78520605e+01  1.07977516e+06 -1.02056697e+02 
 1.16591440e+06  4.71564687e+01  1.16591440e+06 -1.03835337e+02 
 1.25892541e+06  4.64546509e+01  1.25892541e+06 -1.05683480e+02 
 1.35935639e+06  4.57459530e+01  1.35935639e+06 -1.07608868e+02 
 1.46779927e+06  4.50296166e+01  1.46779927e+06 -1.09619057e+02 
 1.58489319e+06  4.43047779e+01  1.58489319e+06 -1.11721334e+02 
 1.71132830e+06  4.35704692e+01  1.71132830e+06 -1.13922614e+02 
 1.84784980e+06  4.28256228e+01  1.84784980e+06 -1.16229319e+02 
 1.99526231e+06  4.20690785e+01  1.99526231e+06 -1.18647253e+02 
 2.15443469e+06  4.12995966e+01  2.15443469e+06 -1.21181455e+02 
 2.32630507e+06  4.05158758e+01  2.32630507e+06 -1.23836063e+02 
 2.51188643e+06  3.97165779e+01  2.51188643e+06 -1.26614171e+02 
 2.71227258e+06  3.89003591e+01  2.71227258e+06 -1.29517716e+02 
 2.92864456e+06  3.80659069e+01  2.92864456e+06 -1.32547387e+02 
 3.16227766e+06  3.72119839e+01  3.16227766e+06 -1.35702579e+02 
 3.41454887e+06  3.63374737e+01  3.41454887e+06 -1.38981406e+02 
 3.68694506e+06  3.54414293e+01  3.68694506e+06 -1.42380778e+02 
 3.98107171e+06  3.45231190e+01  3.98107171e+06 -1.45896551e+02 
 4.29866235e+06  3.35820661e+01  4.29866235e+06 -1.49523750e+02 
 4.64158883e+06  3.26180796e+01  4.64158883e+06 -1.53256854e+02 
 5.01187234e+06  3.16312714e+01  5.01187234e+06 -1.57090124e+02 
 5.41169527e+06  3.06220573e+01  5.41169527e+06 -1.61017967e+02 
 5.84341413e+06  2.95911404e+01  5.84341413e+06 -1.65035298e+02 
 6.30957344e+06  2.85394761e+01  6.30957344e+06 -1.69137893e+02 
 6.81292069e+06  2.74682180e+01  6.81292069e+06 -1.73322710e+02 
 7.35642254e+06  2.63786472e+01  7.35642254e+06 -1.77588174e+02 
 7.94328235e+06  2.52720859e+01  7.94328235e+06 -1.81934447e+02 
 8.57695899e+06  2.41497967e+01  8.57695899e+06 -1.86363699e+02 
 9.26118728e+06  2.30128684e+01  9.26118728e+06 -1.90880422e+02 
 1.00000000e+07  2.18620911e+01  1.00000000e+07 -1.95491875e+02 
 1.07977516e+07  2.06978199e+01  1.07977516e+07 -2.00208725e+02 
 1.16591440e+07  1.95198307e+01  1.16591440e+07 -2.05046039e+02 
 1.25892541e+07  1.83271718e+01  1.25892541e+07 -2.10024777e+02 
 1.35935639e+07  1.71180222e+01  1.35935639e+07 -2.15174066e+02 
 1.46779927e+07  1.58895784e+01  1.46779927e+07 -2.20534587e+02 
 1.58489319e+07  1.46380171e+01  1.58489319e+07 -2.26163644e+02 
 1.71132830e+07  1.33586360e+01  1.71132830e+07 -2.32142698e+02 
 1.84784980e+07  1.20463919e+01  1.84784980e+07 -2.38588532e+02 
 1.99526231e+07  1.06973041e+01  1.99526231e+07 -2.45669452e+02 
 2.15443469e+07  9.31171379e+00  2.15443469e+07 -2.53627403e+02 
 2.32630507e+07  7.90137539e+00  2.32630507e+07 -2.62802846e+02 
 2.51188643e+07  6.50371170e+00  2.51188643e+07 -2.73643985e+02 
 2.71227258e+07  5.20595954e+00  2.71227258e+07 -2.86639111e+02 
 2.92864456e+07  4.16950763e+00  2.92864456e+07 -3.02043046e+02 
 3.16227766e+07  3.60750969e+00  3.16227766e+07 -3.19342602e+02 
 3.41454887e+07  3.66115119e+00  3.41454887e+07 -3.36966543e+02 
 3.68694506e+07  4.27269061e+00  3.68694506e+07 -3.53050554e+02 
 3.98107171e+07  5.24025744e+00  3.98107171e+07 -3.66577061e+02 
 4.29866235e+07  6.36883753e+00  4.29866235e+07 -3.77522876e+02 
 4.64158883e+07  7.53778341e+00  4.64158883e+07 -3.86325896e+02 
 5.01187234e+07  8.68957236e+00  5.01187234e+07 -3.93476784e+02 
 5.41169527e+07  9.80277736e+00  5.41169527e+07 -3.99374454e+02 
 5.84341413e+07  1.08733475e+01  5.84341413e+07 -4.04310779e+02 
 6.30957344e+07  1.19047222e+01  6.30957344e+07 -4.08491535e+02 
 6.81292069e+07  1.29031385e+01  6.81292069e+07 -4.12059911e+02 
 7.35642254e+07  1.38755207e+01  7.35642254e+07 -4.15114582e+02 
 7.94328235e+07  1.48285707e+01  7.94328235e+07 -4.17722120e+02 
 8.57695899e+07  1.57683835e+01  8.57695899e+07 -4.19925097e+02 
 9.26118728e+07  1.67002692e+01  9.26118728e+07 -4.21747226e+02 
 1.00000000e+08  1.76286206e+01  1.00000000e+08 -4.23196533e+02 
 1.07977516e+08  1.85567420e+01  1.07977516e+08 -4.24267304e+02 
 1.16591440e+08  1.94865856e+01  1.16591440e+08 -4.24941405e+02 
 1.25892541e+08  2.04183616e+01  1.25892541e+08 -4.25189550e+02 
 1.35935639e+08  2.13500067e+01  1.35935639e+08 -4.24973201e+02 
 1.46779927e+08  2.22765354e+01  1.46779927e+08 -4.24247935e+02 
 1.58489319e+08  2.31893698e+01  1.58489319e+08 -4.22969235e+02 
 1.71132830e+08  2.40758578e+01  1.71132830e+08 -4.21101558e+02 
 1.84784980e+08  2.49193370e+01  1.84784980e+08 -4.18630786e+02 
 1.99526231e+08  2.57001875e+01  1.99526231e+08 -4.15578437e+02 
 2.15443469e+08  2.63981968e+01  2.15443469e+08 -4.12013469e+02 
 2.32630507e+08  2.69960595e+01  2.32630507e+08 -4.08055458e+02 
 2.51188643e+08  2.74830663e+01  2.51188643e+08 -4.03864020e+02 
 2.71227258e+08  2.78575100e+01  2.71227258e+08 -3.99615049e+02 
 2.92864456e+08  2.81267042e+01  2.92864456e+08 -3.95471712e+02 
 3.16227766e+08  2.83046859e+01  3.16227766e+08 -3.91561341e+02 
 3.41454887e+08  2.84087864e+01  3.41454887e+08 -3.87965310e+02 
 3.68694506e+08  2.84564679e+01  3.68694506e+08 -3.84721624e+02 
 3.98107171e+08  2.84632417e+01  3.98107171e+08 -3.81834979e+02 
 4.29866235e+08  2.84417580e+01  4.29866235e+08 -3.79288590e+02 
 4.64158883e+08  2.84017379e+01  4.64158883e+08 -3.77054229e+02 
 5.01187234e+08  2.83503478e+01  5.01187234e+08 -3.75099263e+02 
 5.41169527e+08  2.82927180e+01  5.41169527e+08 -3.73390904e+02 
 5.84341413e+08  2.82324415e+01  5.84341413e+08 -3.71898442e+02 
 6.30957344e+08  2.81719869e+01  6.30957344e+08 -3.70594179e+02 
 6.81292069e+08  2.81130141e+01  6.81292069e+08 -3.69453655e+02 
 7.35642254e+08  2.80566055e+01  7.35642254e+08 -3.68455515e+02 
 7.94328235e+08  2.80034326e+01  7.94328235e+08 -3.67581227e+02 
 8.57695899e+08  2.79538747e+01  8.57695899e+08 -3.66814763e+02 
 9.26118728e+08  2.79081049e+01  9.26118728e+08 -3.66142278e+02 
 1.00000000e+09  2.78661520e+01  1.00000000e+09 -3.65551824e+02 
