 1.00000000e+00  6.20235221e+01  1.00000000e+00 -2.91688521e-04 
 1.07977516e+00  6.20235221e+01  1.07977516e+00 -3.14958021e-04 
 1.16591440e+00  6.20235221e+01  1.16591440e+00 -3.40083848e-04 
 1.25892541e+00  6.20235221e+01  1.25892541e+00 -3.67214092e-04 
 1.35935639e+00  6.20235221e+01  1.35935639e+00 -3.96508656e-04 
 1.46779927e+00  6.20235221e+01  1.46779927e+00 -4.28140198e-04 
 1.58489319e+00  6.20235221e+01  1.58489319e+00 -4.62295152e-04 
 1.71132830e+00  6.20235221e+01  1.71132830e+00 -4.99174823e-04 
 1.84784980e+00  6.20235221e+01  1.84784980e+00 -5.38996575e-04 
 1.99526231e+00  6.20235221e+01  1.99526231e+00 -5.81995114e-04 
 2.15443469e+00  6.20235221e+01  2.15443469e+00 -6.28423869e-04 
 2.32630507e+00  6.20235221e+01  2.32630507e+00 -6.78556485e-04 
 2.51188643e+00  6.20235221e+01  2.51188643e+00 -7.32688439e-04 
 2.71227258e+00  6.20235221e+01  2.71227258e+00 -7.91138778e-04 
 2.92864456e+00  6.20235221e+01  2.92864456e+00 -8.54252003e-04 
 3.16227766e+00  6.20235221e+01  3.16227766e+00 -9.22400095e-04 
 3.41454887e+00  6.20235221e+01  3.41454887e+00 -9.95984712e-04 
 3.68694506e+00  6.20235221e+01  3.68694506e+00 -1.07543955e-03 
 3.98107171e+00  6.20235221e+01  3.98107171e+00 -1.16123292e-03 
 4.29866235e+00  6.20235221e+01  4.29866235e+00 -1.25387046e-03 
 4.64158883e+00  6.20235221e+01  4.64158883e+00 -1.35389818e-03 
 5.01187234e+00  6.20235221e+01  5.01187234e+00 -1.46190563e-03 
 5.41169527e+00  6.20235221e+01  5.41169527e+00 -1.57852939e-03 
 5.84341413e+00  6.20235221e+01  5.84341413e+00 -1.70445683e-03 
 6.30957344e+00  6.20235221e+01  6.30957344e+00 -1.84043015e-03 
 6.81292069e+00  6.20235221e+01  6.81292069e+00 -1.98725076e-03 
 7.35642254e+00  6.20235221e+01  7.35642254e+00 -2.14578401e-03 
 7.94328235e+00  6.20235221e+01  7.94328235e+00 -2.31696428e-03 
 8.57695899e+00  6.20235221e+01  8.57695899e+00 -2.50180048e-03 
 9.26118728e+00  6.20235221e+01  9.26118728e+00 -2.70138202e-03 
 1.00000000e+01  6.20235221e+01  1.00000000e+01 -2.91688521e-03 
 1.07977516e+01  6.20235221e+01  1.07977516e+01 -3.14958020e-03 
 1.16591440e+01  6.20235221e+01  1.16591440e+01 -3.40083847e-03 
 1.25892541e+01  6.20235221e+01  1.25892541e+01 -3.67214091e-03 
 1.35935639e+01  6.20235221e+01  1.35935639e+01 -3.96508655e-03 
 1.46779927e+01  6.20235221e+01  1.46779927e+01 -4.28140197e-03 
 1.58489319e+01  6.20235221e+01  1.58489319e+01 -4.62295151e-03 
 1.71132830e+01  6.20235221e+01  1.71132830e+01 -4.99174822e-03 
 1.84784980e+01  6.20235221e+01  1.84784980e+01 -5.38996574e-03 
 1.99526231e+01  6.20235221e+01  1.99526231e+01 -5.81995113e-03 
 2.15443469e+01  6.20235220e+01  2.15443469e+01 -6.28423867e-03 
 2.32630507e+01  6.20235220e+01  2.32630507e+01 -6.78556483e-03 
 2.51188643e+01  6.20235220e+01  2.51188643e+01 -7.32688436e-03 
 2.71227258e+01  6.20235220e+01  2.71227258e+01 -7.91138774e-03 
 2.92864456e+01  6.20235220e+01  2.92864456e+01 -8.54251997e-03 
 3.16227766e+01  6.20235220e+01  3.16227766e+01 -9.22400088e-03 
 3.41454887e+01  6.20235220e+01  3.41454887e+01 -9.95984704e-03 
 3.68694506e+01  6.20235220e+01  3.68694506e+01 -1.07543954e-02 
 3.98107171e+01  6.20235219e+01  3.98107171e+01 -1.16123291e-02 
 4.29866235e+01  6.20235219e+01  4.29866235e+01 -1.25387045e-02 
 4.64158883e+01  6.20235219e+01  4.64158883e+01 -1.35389816e-02 
 5.01187234e+01  6.20235218e+01  5.01187234e+01 -1.46190560e-02 
 5.41169527e+01  6.20235218e+01  5.41169527e+01 -1.57852936e-02 
 5.84341413e+01  6.20235218e+01  5.84341413e+01 -1.70445679e-02 
 6.30957344e+01  6.20235217e+01  6.30957344e+01 -1.84043009e-02 
 6.81292069e+01  6.20235216e+01  6.81292069e+01 -1.98725069e-02 
 7.35642254e+01  6.20235215e+01  7.35642254e+01 -2.14578393e-02 
 7.94328235e+01  6.20235215e+01  7.94328235e+01 -2.31696418e-02 
 8.57695899e+01  6.20235214e+01  8.57695899e+01 -2.50180035e-02 
 9.26118728e+01  6.20235212e+01  9.26118728e+01 -2.70138185e-02 
 1.00000000e+02  6.20235211e+01  1.00000000e+02 -2.91688500e-02 
 1.07977516e+02  6.20235209e+01  1.07977516e+02 -3.14957993e-02 
 1.16591440e+02  6.20235207e+01  1.16591440e+02 -3.40083814e-02 
 1.25892541e+02  6.20235205e+01  1.25892541e+02 -3.67214049e-02 
 1.35935639e+02  6.20235202e+01  1.35935639e+02 -3.96508602e-02 
 1.46779927e+02  6.20235199e+01  1.46779927e+02 -4.28140130e-02 
 1.58489319e+02  6.20235196e+01  1.58489319e+02 -4.62295066e-02 
 1.71132830e+02  6.20235191e+01  1.71132830e+02 -4.99174715e-02 
 1.84784980e+02  6.20235186e+01  1.84784980e+02 -5.38996440e-02 
 1.99526231e+02  6.20235181e+01  1.99526231e+02 -5.81994944e-02 
 2.15443469e+02  6.20235174e+01  2.15443469e+02 -6.28423654e-02 
 2.32630507e+02  6.20235166e+01  2.32630507e+02 -6.78556215e-02 
 2.51188643e+02  6.20235157e+01  2.51188643e+02 -7.32688099e-02 
 2.71227258e+02  6.20235146e+01  2.71227258e+02 -7.91138350e-02 
 2.92864456e+02  6.20235134e+01  2.92864456e+02 -8.54251463e-02 
 3.16227766e+02  6.20235120e+01  3.16227766e+02 -9.22399416e-02 
 3.41454887e+02  6.20235103e+01  3.41454887e+02 -9.95983857e-02 
 3.68694506e+02  6.20235083e+01  3.68694506e+02 -1.07543848e-01 
 3.98107171e+02  6.20235060e+01  3.98107171e+02 -1.16123156e-01 
 4.29866235e+02  6.20235034e+01  4.29866235e+02 -1.25386876e-01 
 4.64158883e+02  6.20235003e+01  4.64158883e+02 -1.35389604e-01 
 5.01187234e+02  6.20234966e+01  5.01187234e+02 -1.46190293e-01 
 5.41169527e+02  6.20234924e+01  5.41169527e+02 -1.57852599e-01 
 5.84341413e+02  6.20234875e+01  5.84341413e+02 -1.70445254e-01 
 6.30957344e+02  6.20234818e+01  6.30957344e+02 -1.84042475e-01 
 6.81292069e+02  6.20234751e+01  6.81292069e+02 -1.98724397e-01 
 7.35642254e+02  6.20234673e+01  7.35642254e+02 -2.14577546e-01 
 7.94328235e+02  6.20234582e+01  7.94328235e+02 -2.31695352e-01 
 8.57695899e+02  6.20234475e+01  8.57695899e+02 -2.50178693e-01 
 9.26118728e+02  6.20234352e+01  9.26118728e+02 -2.70136496e-01 
 1.00000000e+03  6.20234207e+01  1.00000000e+03 -2.91686372e-01 
 1.07977516e+03  6.20234039e+01  1.07977516e+03 -3.14955315e-01 
 1.16591440e+03  6.20233843e+01  1.16591440e+03 -3.40080442e-01 
 1.25892541e+03  6.20233615e+01  1.25892541e+03 -3.67209805e-01 
 1.35935639e+03  6.20233348e+01  1.35935639e+03 -3.96503259e-01 
 1.46779927e+03  6.20233037e+01  1.46779927e+03 -4.28133404e-01 
 1.58489319e+03  6.20232675e+01  1.58489319e+03 -4.62286600e-01 
 1.71132830e+03  6.20232253e+01  1.71132830e+03 -4.99164056e-01 
 1.84784980e+03  6.20231760e+01  1.84784980e+03 -5.38983020e-01 
 1.99526231e+03  6.20231186e+01  1.99526231e+03 -5.81978051e-01 
 2.15443469e+03  6.20230517e+01  2.15443469e+03 -6.28402384e-01 
 2.32630507e+03  6.20229736e+01  2.32630507e+03 -6.78529440e-01 
 2.51188643e+03  6.20228827e+01  2.51188643e+03 -7.32654392e-01 
 2.71227258e+03  6.20227766e+01  2.71227258e+03 -7.91095918e-01 
 2.92864456e+03  6.20226529e+01  2.92864456e+03 -8.54198042e-01 
 3.16227766e+03  6.20225087e+01  3.16227766e+03 -9.22332161e-01 
 3.41454887e+03  6.20223406e+01  3.41454887e+03 -9.95899195e-01 
 3.68694506e+03  6.20221446e+01  3.68694506e+03 -1.07533190e+00 
 3.98107171e+03  6.20219161e+01  3.98107171e+03 -1.16109739e+00 
 4.29866235e+03  6.20216497e+01  4.29866235e+03 -1.25369985e+00 
 4.64158883e+03  6.20213391e+01  4.64158883e+03 -1.35368340e+00 
 5.01187234e+03  6.20209770e+01  5.01187234e+03 -1.46163525e+00 
 5.41169527e+03  6.20205549e+01  5.41169527e+03 -1.57818902e+00 
 5.84341413e+03  6.20200628e+01  5.84341413e+03 -1.70402836e+00 
 6.30957344e+03  6.20194891e+01  6.30957344e+03 -1.83989078e+00 
 6.81292069e+03  6.20188203e+01  6.81292069e+03 -1.98657179e+00 
 7.35642254e+03  6.20180407e+01  7.35642254e+03 -2.14492933e+00 
 7.94328235e+03  6.20171319e+01  7.94328235e+03 -2.31588844e+00 
 8.57695899e+03  6.20160726e+01  8.57695899e+03 -2.50044627e+00 
 9.26118728e+03  6.20148378e+01  9.26118728e+03 -2.69967746e+00 
 1.00000000e+04  6.20133987e+01  1.00000000e+04 -2.91473972e+00 
 1.07977516e+04  6.20117213e+01  1.07977516e+04 -3.14687981e+00 
 1.16591440e+04  6.20097665e+01  1.16591440e+04 -3.39743981e+00 
 1.25892541e+04  6.20074884e+01  1.25892541e+04 -3.66786360e+00 
 1.35935639e+04  6.20048339e+01  1.35935639e+04 -3.95970368e+00 
 1.46779927e+04  6.20017410e+01  1.46779927e+04 -4.27462823e+00 
 1.58489319e+04  6.19981378e+01  1.58489319e+04 -4.61442816e+00 
 1.71132830e+04  6.19939403e+01  1.71132830e+04 -4.98102412e+00 
 1.84784980e+04  6.19890516e+01  1.84784980e+04 -5.37647400e+00 
 1.99526231e+04  6.19833588e+01  1.99526231e+04 -5.80297942e+00 
 2.15443469e+04  6.19767308e+01  2.15443469e+04 -6.26289212e+00 
 2.32630507e+04  6.19690159e+01  2.32630507e+04 -6.75871976e+00 
 2.51188643e+04  6.19600381e+01  2.51188643e+04 -7.29313032e+00 
 2.71227258e+04  6.19495941e+01  2.71227258e+04 -7.86895532e+00 
 2.92864456e+04  6.19374489e+01  2.92864456e+04 -8.48919044e+00 
 3.16227766e+04  6.19233310e+01  3.16227766e+04 -9.15699392e+00 
 3.41454887e+04  6.19069286e+01  3.41454887e+04 -9.87568181e+00 
 3.68694506e+04  6.18878823e+01  3.68694506e+04 -1.06487171e+01 
 3.98107171e+04  6.18657806e+01  3.98107171e+04 -1.14796951e+01 
 4.29866235e+04  6.18401528e+01  4.29866235e+04 -1.23723215e+01 
 4.64158883e+04  6.18104620e+01  4.64158883e+04 -1.33303806e+01 
 5.01187234e+04  6.17760987e+01  5.01187234e+04 -1.43576959e+01 
 5.41169527e+04  6.17363732e+01  5.41169527e+04 -1.54580775e+01 
 5.84341413e+04  6.16905096e+01  5.84341413e+04 -1.66352565e+01 
 6.30957344e+04  6.16376390e+01  6.30957344e+04 -1.78928051e+01 
 6.81292069e+04  6.15767957e+01  6.81292069e+04 -1.92340405e+01 
 7.35642254e+04  6.15069140e+01  7.35642254e+04 -2.06619128e+01 
 7.94328235e+04  6.14268283e+01  7.94328235e+04 -2.21788754e+01 
 8.57695899e+04  6.13352763e+01  8.57695899e+04 -2.37867444e+01 
 9.26118728e+04  6.12309078e+01  9.26118728e+04 -2.54865451e+01 
 1.00000000e+05  6.11122970e+01  1.00000000e+05 -2.72783541e+01 
 1.07977516e+05  6.09779631e+01  1.07977516e+05 -2.91611475e+01 
 1.16591440e+05  6.08263954e+01  1.16591440e+05 -3.11326599e+01 
 1.25892541e+05  6.06560868e+01  1.25892541e+05 -3.31892751e+01 
 1.35935639e+05  6.04655722e+01  1.35935639e+05 -3.53259525e+01 
 1.46779927e+05  6.02534718e+01  1.46779927e+05 -3.75362140e+01 
 1.58489319e+05  6.00185377e+01  1.58489319e+05 -3.98121949e+01 
 1.71132830e+05  5.97596991e+01  1.71132830e+05 -4.21447681e+01 
 1.84784980e+05  5.94761055e+01  1.84784980e+05 -4.45237496e+01 
 1.99526231e+05  5.91671616e+01  1.99526231e+05 -4.69381705e+01 
 2.15443469e+05  5.88325534e+01  2.15443469e+05 -4.93766100e+01 
 2.32630507e+05  5.84722609e+01  2.32630507e+05 -5.18275646e+01 
 2.51188643e+05  5.80865575e+01  2.51188643e+05 -5.42798329e+01 
 2.71227258e+05  5.76759955e+01  2.71227258e+05 -5.67228846e+01 
 2.92864456e+05  5.72413794e+01  2.92864456e+05 -5.91471941e+01 
 3.16227766e+05  5.67837289e+01  3.16227766e+05 -6.15445166e+01 
 3.41454887e+05  5.63042346e+01  3.41454887e+05 -6.39080905e+01 
 3.68694506e+05  5.58042114e+01  3.68694506e+05 -6.62327684e+01 
 3.98107171e+05  5.52850504e+01  3.98107171e+05 -6.85150704e+01 
 4.29866235e+05  5.47481740e+01  4.29866235e+05 -7.07531744e+01 
 4.64158883e+05  5.41949957e+01  4.64158883e+05 -7.29468496e+01 
 5.01187234e+05  5.36268847e+01  5.01187234e+05 -7.50973511e+01 
 5.41169527e+05  5.30451382e+01  5.41169527e+05 -7.72072865e+01 
 5.84341413e+05  5.24509592e+01  5.84341413e+05 -7.92804706e+01 
 6.30957344e+05  5.18454398e+01  6.30957344e+05 -8.13217725e+01 
 6.81292069e+05  5.12295507e+01  6.81292069e+05 -8.33369695e+01 
 7.35642254e+05  5.06041330e+01  7.35642254e+05 -8.53326087e+01 
 7.94328235e+05  4.99698949e+01  7.94328235e+05 -8.73158804e+01 
 8.57695899e+05  4.93274092e+01  8.57695899e+05 -8.92945055e+01 
 9.26118728e+05  4.86771132e+01  9.26118728e+05 -9.12766348e+01 
 1.00000000e+06  4.80193088e+01  1.00000000e+06 -9.32707590e+01 
 1.07977516e+06  4.73541634e+01  1.07977516e+06 -9.52856282e+01 
 1.16591440e+06  4.66817105e+01  1.16591440e+06 -9.73301761e+01 
 1.25892541e+06  4.60018505e+01  1.25892541e+06 -9.94134472e+01 
 1.35935639e+06  4.53143507e+01  1.35935639e+06 -1.01544522e+02 
 1.46779927e+06  4.46188464e+01  1.46779927e+06 -1.03732438e+02 
 1.58489319e+06  4.39148413e+01  1.58489319e+06 -1.05986106e+02 
 1.71132830e+06  4.32017094e+01  1.71132830e+06 -1.08314212e+02 
 1.84784980e+06  4.24786981e+01  1.84784980e+06 -1.10725108e+02 
 1.99526231e+06  4.17449334e+01  1.99526231e+06 -1.13226697e+02 
 2.15443469e+06  4.09994287e+01  2.15443469e+06 -1.15826295e+02 
 2.32630507e+06  4.02410967e+01  2.32630507e+06 -1.18530491e+02 
 2.51188643e+06  3.94687676e+01  2.51188643e+06 -1.21345002e+02 
 2.71227258e+06  3.86812119e+01  2.71227258e+06 -1.24274529e+02 
 2.92864456e+06  3.78771697e+01  2.92864456e+06 -1.27322624e+02 
 3.16227766e+06  3.70553868e+01  3.16227766e+06 -1.30491581e+02 
 3.41454887e+06  3.62146557e+01  3.41454887e+06 -1.33782368e+02 
 3.68694506e+06  3.53538615e+01  3.68694506e+06 -1.37194606e+02 
 3.98107171e+06  3.44720293e+01  3.98107171e+06 -1.40726610e+02 
 4.29866235e+06  3.35683713e+01  4.29866235e+06 -1.44375498e+02 
 4.64158883e+06  3.26423288e+01  4.64158883e+06 -1.48137380e+02 
 5.01187234e+06  3.16936059e+01  5.01187234e+06 -1.52007605e+02 
 5.41169527e+06  3.07221903e+01  5.41169527e+06 -1.55981075e+02 
 5.84341413e+06  2.97283584e+01  5.84341413e+06 -1.60052595e+02 
 6.30957344e+06  2.87126624e+01  6.30957344e+06 -1.64217244e+02 
 6.81292069e+06  2.76758960e+01  6.81292069e+06 -1.68470755e+02 
 7.35642254e+06  2.66190408e+01  7.35642254e+06 -1.72809874e+02 
 7.94328235e+06  2.55431923e+01  7.94328235e+06 -1.77232716e+02 
 8.57695899e+06  2.44494674e+01  8.57695899e+06 -1.81739110e+02 
 9.26118728e+06  2.33388934e+01  9.26118728e+06 -1.86330979e+02 
 1.00000000e+07  2.22122828e+01  1.00000000e+07 -1.91012787e+02 
 1.07977516e+07  2.10700917e+01  1.07977516e+07 -1.95792155e+02 
 1.16591440e+07  1.99122671e+01  1.16591440e+07 -2.00680733e+02 
 1.25892541e+07  1.87380835e+01  1.25892541e+07 -2.05695499e+02 
 1.35935639e+07  1.75459768e+01  1.35935639e+07 -2.10860709e+02 
 1.46779927e+07  1.63333894e+01  1.46779927e+07 -2.16210812e+02 
 1.58489319e+07  1.50966587e+01  1.58489319e+07 -2.21794824e+02 
 1.71132830e+07  1.38310182e+01  1.71132830e+07 -2.27682909e+02 
 1.84784980e+07  1.25308666e+01  1.84784980e+07 -2.33976255e+02 
 1.99526231e+07  1.11906474e+01  1.99526231e+07 -2.40821846e+02 
 2.15443469e+07  9.80708629e+00  2.15443469e+07 -2.48433841e+02 
 2.32630507e+07  8.38439110e+00  2.32630507e+07 -2.57121665e+02 
 2.51188643e+07  6.94553515e+00  2.51188643e+07 -2.67315863e+02 
 2.71227258e+07  5.55411222e+00  2.71227258e+07 -2.79551375e+02 
 2.92864456e+07  4.34597525e+00  2.92864456e+07 -2.94293173e+02 
 3.16227766e+07  3.53925023e+00  3.16227766e+07 -3.11442609e+02 
 3.41454887e+07  3.34499526e+00  3.41454887e+07 -3.29743912e+02 
 3.68694506e+07  3.79229273e+00  3.68694506e+07 -3.47109320e+02 
 3.98107171e+07  4.69813264e+00  3.98107171e+07 -3.61992782e+02 
 4.29866235e+07  5.83132611e+00  4.29866235e+07 -3.74055809e+02 
 4.64158883e+07  7.03349566e+00  4.64158883e+07 -3.83689549e+02 
 5.01187234e+07  8.22573757e+00  5.01187234e+07 -3.91444256e+02 
 5.41169527e+07  9.37744682e+00  5.41169527e+07 -3.97788243e+02 
 5.84341413e+07  1.04814895e+01  5.84341413e+07 -4.03066324e+02 
 6.30957344e+07  1.15407898e+01  6.30957344e+07 -4.07520329e+02 
 6.81292069e+07  1.25620207e+01  6.81292069e+07 -4.11317378e+02 
 7.35642254e+07  1.35528285e+01  7.35642254e+07 -4.14572232e+02 
 7.94328235e+07  1.45206721e+01  7.94328235e+07 -4.17362644e+02 
 8.57695899e+07  1.54723649e+01  8.57695899e+07 -4.19739346e+02 
 9.26118728e+07  1.64138942e+01  9.26118728e+07 -4.21732352e+02 
 1.00000000e+08  1.73503178e+01  1.00000000e+08 -4.23354834e+02 
 1.07977516e+08  1.82856356e+01  1.07977516e+08 -4.24605457e+02 
 1.16591440e+08  1.92225767e+01  1.16591440e+08 -4.25469834e+02 
 1.25892541e+08  2.01622625e+01  1.25892541e+08 -4.25921697e+02 
 1.35935639e+08  2.11037241e+01  1.35935639e+08 -4.25924435e+02 
 1.46779927e+08  2.20432804e+01  1.46779927e+08 -4.25433784e+02 
 1.58489319e+08  2.29738432e+01  1.58489319e+08 -4.24402618e+02 
 1.71132830e+08  2.38843157e+01  1.71132830e+08 -4.22788802e+02 
 1.84784980e+08  2.47593902e+01  1.84784980e+08 -4.20566580e+02 
 1.99526231e+08  2.55801764e+01  1.99526231e+08 -4.17740635e+02 
 2.15443469e+08  2.63260661e+01  2.15443469e+08 -4.14359632e+02 
 2.32630507e+08  2.69778899e+01  2.32630507e+08 -4.10523513e+02 
 2.51188643e+08  2.75217104e+01  2.51188643e+08 -4.06378527e+02 
 2.71227258e+08  2.79519019e+01  2.71227258e+08 -4.02097956e+02 
 2.92864456e+08  2.82721596e+01  2.92864456e+08 -3.97853878e+02 
 3.16227766e+08  2.84940189e+01  3.16227766e+08 -3.93790686e+02 
 3.41454887e+08  2.86337226e+01  3.41454887e+08 -3.90009610e+02 
 3.68694506e+08  2.87088543e+01  3.68694506e+08 -3.86566715e+02 
 3.98107171e+08  2.87358150e+01  3.98107171e+08 -3.83480535e+02 
 4.29866235e+08  2.87284836e+01  4.29866235e+08 -3.80743478e+02 
 4.64158883e+08  2.86978489e+01  4.64158883e+08 -3.78332566e+02 
 5.01187234e+08  2.86522228e+01  5.01187234e+08 -3.76217530e+02 
 5.41169527e+08  2.85976949e+01  5.41169527e+08 -3.74366048e+02 
 5.84341413e+08  2.85386247e+01  5.84341413e+08 -3.72746718e+02 
 6.30957344e+08  2.84780721e+01  6.30957344e+08 -3.71330526e+02 
 6.81292069e+08  2.84181409e+01  6.81292069e+08 -3.70091409e+02 
 7.35642254e+08  2.83602391e+01  7.35642254e+08 -3.69006340e+02 
 7.94328235e+08  2.83052703e+01  7.94328235e+08 -3.68055170e+02 
 8.57695899e+08  2.82537752e+01  8.57695899e+08 -3.67220380e+02 
 9.26118728e+08  2.82060349e+01  9.26118728e+08 -3.66486793e+02 
 1.00000000e+09  2.81621479e+01  1.00000000e+09 -3.65841293e+02 
