 1.00000000e+00  9.96472140e+01  1.00000000e+00 -1.79979146e+02 
 1.07977516e+00  9.96472139e+01  1.07977516e+00 -1.79977482e+02 
 1.16591440e+00  9.96472138e+01  1.16591440e+00 -1.79975686e+02 
 1.25892541e+00  9.96472137e+01  1.25892541e+00 -1.79973746e+02 
 1.35935639e+00  9.96472135e+01  1.35935639e+00 -1.79971651e+02 
 1.46779927e+00  9.96472134e+01  1.46779927e+00 -1.79969390e+02 
 1.58489319e+00  9.96472132e+01  1.58489319e+00 -1.79966948e+02 
 1.71132830e+00  9.96472129e+01  1.71132830e+00 -1.79964311e+02 
 1.84784980e+00  9.96472126e+01  1.84784980e+00 -1.79961464e+02 
 1.99526231e+00  9.96472123e+01  1.99526231e+00 -1.79958390e+02 
 2.15443469e+00  9.96472119e+01  2.15443469e+00 -1.79955071e+02 
 2.32630507e+00  9.96472115e+01  2.32630507e+00 -1.79951486e+02 
 2.51188643e+00  9.96472110e+01  2.51188643e+00 -1.79947616e+02 
 2.71227258e+00  9.96472104e+01  2.71227258e+00 -1.79943437e+02 
 2.92864456e+00  9.96472097e+01  2.92864456e+00 -1.79938925e+02 
 3.16227766e+00  9.96472088e+01  3.16227766e+00 -1.79934053e+02 
 3.41454887e+00  9.96472079e+01  3.41454887e+00 -1.79928792e+02 
 3.68694506e+00  9.96472068e+01  3.68694506e+00 -1.79923111e+02 
 3.98107171e+00  9.96472055e+01  3.98107171e+00 -1.79916977e+02 
 4.29866235e+00  9.96472040e+01  4.29866235e+00 -1.79910354e+02 
 4.64158883e+00  9.96472022e+01  4.64158883e+00 -1.79903203e+02 
 5.01187234e+00  9.96472001e+01  5.01187234e+00 -1.79895481e+02 
 5.41169527e+00  9.96471977e+01  5.41169527e+00 -1.79887143e+02 
 5.84341413e+00  9.96471949e+01  5.84341413e+00 -1.79878139e+02 
 6.30957344e+00  9.96471917e+01  6.30957344e+00 -1.79868418e+02 
 6.81292069e+00  9.96471879e+01  6.81292069e+00 -1.79857921e+02 
 7.35642254e+00  9.96471834e+01  7.35642254e+00 -1.79846587e+02 
 7.94328235e+00  9.96471782e+01  7.94328235e+00 -1.79834348e+02 
 8.57695899e+00  9.96471722e+01  8.57695899e+00 -1.79821133e+02 
 9.26118728e+00  9.96471652e+01  9.26118728e+00 -1.79806864e+02 
 1.00000000e+01  9.96471570e+01  1.00000000e+01 -1.79791457e+02 
 1.07977516e+01  9.96471474e+01  1.07977516e+01 -1.79774821e+02 
 1.16591440e+01  9.96471363e+01  1.16591440e+01 -1.79756857e+02 
 1.25892541e+01  9.96471233e+01  1.25892541e+01 -1.79737461e+02 
 1.35935639e+01  9.96471081e+01  1.35935639e+01 -1.79716517e+02 
 1.46779927e+01  9.96470905e+01  1.46779927e+01 -1.79693902e+02 
 1.58489319e+01  9.96470699e+01  1.58489319e+01 -1.79669484e+02 
 1.71132830e+01  9.96470459e+01  1.71132830e+01 -1.79643118e+02 
 1.84784980e+01  9.96470179e+01  1.84784980e+01 -1.79614648e+02 
 1.99526231e+01  9.96469852e+01  1.99526231e+01 -1.79583908e+02 
 2.15443469e+01  9.96469472e+01  2.15443469e+01 -1.79550715e+02 
 2.32630507e+01  9.96469028e+01  2.32630507e+01 -1.79514875e+02 
 2.51188643e+01  9.96468511e+01  2.51188643e+01 -1.79476176e+02 
 2.71227258e+01  9.96467908e+01  2.71227258e+01 -1.79434390e+02 
 2.92864456e+01  9.96467205e+01  2.92864456e+01 -1.79389272e+02 
 3.16227766e+01  9.96466385e+01  3.16227766e+01 -1.79340555e+02 
 3.41454887e+01  9.96465429e+01  3.41454887e+01 -1.79287953e+02 
 3.68694506e+01  9.96464315e+01  3.68694506e+01 -1.79231156e+02 
 3.98107171e+01  9.96463015e+01  3.98107171e+01 -1.79169830e+02 
 4.29866235e+01  9.96461501e+01  4.29866235e+01 -1.79103613e+02 
 4.64158883e+01  9.96459735e+01  4.64158883e+01 -1.79032117e+02 
 5.01187234e+01  9.96457676e+01  5.01187234e+01 -1.78954921e+02 
 5.41169527e+01  9.96455276e+01  5.41169527e+01 -1.78871570e+02 
 5.84341413e+01  9.96452477e+01  5.84341413e+01 -1.78781576e+02 
 6.30957344e+01  9.96449215e+01  6.30957344e+01 -1.78684409e+02 
 6.81292069e+01  9.96445411e+01  6.81292069e+01 -1.78579499e+02 
 7.35642254e+01  9.96440977e+01  7.35642254e+01 -1.78466230e+02 
 7.94328235e+01  9.96435808e+01  7.94328235e+01 -1.78343939e+02 
 8.57695899e+01  9.96429782e+01  8.57695899e+01 -1.78211909e+02 
 9.26118728e+01  9.96422757e+01  9.26118728e+01 -1.78069368e+02 
 1.00000000e+02  9.96414568e+01  1.00000000e+02 -1.77915483e+02 
 1.07977516e+02  9.96405022e+01  1.07977516e+02 -1.77749355e+02 
 1.16591440e+02  9.96393895e+01  1.16591440e+02 -1.77570018e+02 
 1.25892541e+02  9.96380926e+01  1.25892541e+02 -1.77376427e+02 
 1.35935639e+02  9.96365810e+01  1.35935639e+02 -1.77167460e+02 
 1.46779927e+02  9.96348192e+01  1.46779927e+02 -1.76941907e+02 
 1.58489319e+02  9.96327661e+01  1.58489319e+02 -1.76698468e+02 
 1.71132830e+02  9.96303735e+01  1.71132830e+02 -1.76435744e+02 
 1.84784980e+02  9.96275856e+01  1.84784980e+02 -1.76152229e+02 
 1.99526231e+02  9.96243374e+01  1.99526231e+02 -1.75846309e+02 
 2.15443469e+02  9.96205534e+01  2.15443469e+02 -1.75516252e+02 
 2.32630507e+02  9.96161457e+01  2.32630507e+02 -1.75160201e+02 
 2.51188643e+02  9.96110124e+01  2.51188643e+02 -1.74776167e+02 
 2.71227258e+02  9.96050350e+01  2.71227258e+02 -1.74362027e+02 
 2.92864456e+02  9.95980762e+01  2.92864456e+02 -1.73915515e+02 
 3.16227766e+02  9.95899770e+01  3.16227766e+02 -1.73434216e+02 
 3.41454887e+02  9.95805529e+01  3.41454887e+02 -1.72915569e+02 
 3.68694506e+02  9.95695911e+01  3.68694506e+02 -1.72356860e+02 
 3.98107171e+02  9.95568454e+01  3.98107171e+02 -1.71755223e+02 
 4.29866235e+02  9.95420320e+01  4.29866235e+02 -1.71107649e+02 
 4.64158883e+02  9.95248245e+01  4.64158883e+02 -1.70410986e+02 
 5.01187234e+02  9.95048477e+01  5.01187234e+02 -1.69661960e+02 
 5.41169527e+02  9.94816719e+01  5.41169527e+02 -1.68857188e+02 
 5.84341413e+02  9.94548061e+01  5.84341413e+02 -1.67993206e+02 
 6.30957344e+02  9.94236913e+01  6.30957344e+02 -1.67066506e+02 
 6.81292069e+02  9.93876934e+01  6.81292069e+02 -1.66073579e+02 
 7.35642254e+02  9.93460962e+01  7.35642254e+02 -1.65010976e+02 
 7.94328235e+02  9.92980953e+01  7.94328235e+02 -1.63875377e+02 
 8.57695899e+02  9.92427920e+01  8.57695899e+02 -1.62663684e+02 
 9.26118728e+02  9.91791899e+01  9.26118728e+02 -1.61373117e+02 
 1.00000000e+03  9.91061947e+01  1.00000000e+03 -1.60001335e+02 
 1.07977516e+03  9.90226069e+01  1.07977516e+03 -1.58546591e+02 
 1.16591440e+03  9.89271396e+01  1.16591440e+03 -1.57007851e+02 
 1.25892541e+03  9.88184196e+01  1.25892541e+03 -1.55384970e+02 
 1.35935639e+03  9.86950051e+01  1.35935639e+03 -1.53678850e+02 
 1.46779927e+03  9.85554074e+01  1.46779927e+03 -1.51891594e+02 
 1.58489319e+03  9.83981178e+01  1.58489319e+03 -1.50026643e+02 
 1.71132830e+03  9.82216502e+01  1.71132830e+03 -1.48088857e+02 
 1.84784980e+03  9.80245670e+01  1.84784980e+03 -1.46084626e+02 
 1.99526231e+03  9.78055377e+01  1.99526231e+03 -1.44021814e+02 
 2.15443469e+03  9.75633817e+01  2.15443469e+03 -1.41909709e+02 
 2.32630507e+03  9.72971047e+01  2.32630507e+03 -1.39758916e+02 
 2.51188643e+03  9.70059561e+01  2.51188643e+03 -1.37581054e+02 
 2.71227258e+03  9.66894477e+01  2.71227258e+03 -1.35388545e+02 
 2.92864456e+03  9.63473877e+01  2.92864456e+03 -1.33194197e+02 
 3.16227766e+03  9.59798726e+01  3.16227766e+03 -1.31010948e+02 
 3.41454887e+03  9.55872995e+01  3.41454887e+03 -1.28851386e+02 
 3.68694506e+03  9.51703429e+01  3.68694506e+03 -1.26727419e+02 
 3.98107171e+03  9.47299204e+01  3.98107171e+03 -1.24650007e+02 
 4.29866235e+03  9.42671577e+01  4.29866235e+03 -1.22628892e+02 
 4.64158883e+03  9.37833457e+01  4.64158883e+03 -1.20672410e+02 
 5.01187234e+03  9.32798899e+01  5.01187234e+03 -1.18787436e+02 
 5.41169527e+03  9.27582673e+01  5.41169527e+03 -1.16979340e+02 
 5.84341413e+03  9.22199839e+01  5.84341413e+03 -1.15252034e+02 
 6.30957344e+03  9.16665380e+01  6.30957344e+03 -1.13608047e+02 
 6.81292069e+03  9.10993888e+01  6.81292069e+03 -1.12048683e+02 
 7.35642254e+03  9.05199320e+01  7.35642254e+03 -1.10574167e+02 
 7.94328235e+03  8.99294864e+01  7.94328235e+03 -1.09183741e+02 
 8.57695899e+03  8.93292762e+01  8.57695899e+03 -1.07875934e+02 
 9.26118728e+03  8.87204301e+01  9.26118728e+03 -1.06648615e+02 
 1.00000000e+04  8.81039764e+01  1.00000000e+04 -1.05499181e+02 
 1.07977516e+04  8.74808440e+01  1.07977516e+04 -1.04424685e+02 
 1.16591440e+04  8.68518668e+01  1.16591440e+04 -1.03421927e+02 
 1.25892541e+04  8.62177880e+01  1.25892541e+04 -1.02487571e+02 
 1.35935639e+04  8.55792669e+01  1.35935639e+04 -1.01618193e+02 
 1.46779927e+04  8.49368857e+01  1.46779927e+04 -1.00810358e+02 
 1.58489319e+04  8.42911562e+01  1.58489319e+04 -1.00060674e+02 
 1.71132830e+04  8.36425263e+01  1.71132830e+04 -9.93658345e+01 
 1.84784980e+04  8.29913882e+01  1.84784980e+04 -9.87226177e+01 
 1.99526231e+04  8.23380824e+01  1.99526231e+04 -9.81279679e+01 
 2.15443469e+04  8.16829058e+01  2.15443469e+04 -9.75789458e+01 
 2.32630507e+04  8.10261156e+01  2.32630507e+04 -9.70727768e+01 
 2.51188643e+04  8.03679347e+01  2.51188643e+04 -9.66068405e+01 
 2.71227258e+04  7.97085555e+01  2.71227258e+04 -9.61786916e+01 
 2.92864456e+04  7.90481447e+01  2.92864456e+04 -9.57860342e+01 
 3.16227766e+04  7.83868457e+01  3.16227766e+04 -9.54267477e+01 
 3.41454887e+04  7.77247820e+01  3.41454887e+04 -9.50988619e+01 
 3.68694506e+04  7.70620602e+01  3.68694506e+04 -9.48005649e+01 
 3.98107171e+04  7.63987716e+01  3.98107171e+04 -9.45301866e+01 
 4.29866235e+04  7.57349948e+01  4.29866235e+04 -9.42862176e+01 
 4.64158883e+04  7.50707971e+01  4.64158883e+04 -9.40672779e+01 
 5.01187234e+04  7.44062360e+01  5.01187234e+04 -9.38721231e+01 
 5.41169527e+04  7.37413609e+01  5.41169527e+04 -9.36996420e+01 
 5.84341413e+04  7.30762137e+01  5.84341413e+04 -9.35488463e+01 
 6.30957344e+04  7.24108299e+01  6.30957344e+04 -9.34188724e+01 
 6.81292069e+04  7.17452397e+01  6.81292069e+04 -9.33089737e+01 
 7.35642254e+04  7.10794683e+01  7.35642254e+04 -9.32185172e+01 
 7.94328235e+04  7.04135368e+01  7.94328235e+04 -9.31469807e+01 
 8.57695899e+04  6.97474623e+01  8.57695899e+04 -9.30939525e+01 
 9.26118728e+04  6.90812590e+01  9.26118728e+04 -9.30591265e+01 
 1.00000000e+05  6.84149376e+01  1.00000000e+05 -9.30423017e+01 
 1.07977516e+05  6.77485063e+01  1.07977516e+05 -9.30433849e+01 
 1.16591440e+05  6.70819706e+01  1.16591440e+05 -9.30623823e+01 
 1.25892541e+05  6.64153336e+01  1.25892541e+05 -9.30994090e+01 
 1.35935639e+05  6.57485961e+01  1.35935639e+05 -9.31546811e+01 
 1.46779927e+05  6.50817562e+01  1.46779927e+05 -9.32285256e+01 
 1.58489319e+05  6.44148101e+01  1.58489319e+05 -9.33213748e+01 
 1.71132830e+05  6.37477510e+01  1.71132830e+05 -9.34337721e+01 
 1.84784980e+05  6.30805698e+01  1.84784980e+05 -9.35663750e+01 
 1.99526231e+05  6.24132544e+01  1.99526231e+05 -9.37199593e+01 
 2.15443469e+05  6.17457894e+01  2.15443469e+05 -9.38954206e+01 
 2.32630507e+05  6.10781563e+01  2.32630507e+05 -9.40937817e+01 
 2.51188643e+05  6.04103322e+01  2.51188643e+05 -9.43161980e+01 
 2.71227258e+05  5.97422901e+01  2.71227258e+05 -9.45639614e+01 
 2.92864456e+05  5.90739977e+01  2.92864456e+05 -9.48385099e+01 
 3.16227766e+05  5.84054169e+01  3.16227766e+05 -9.51414319e+01 
 3.41454887e+05  5.77365031e+01  3.41454887e+05 -9.54744762e+01 
 3.68694506e+05  5.70672038e+01  3.68694506e+05 -9.58395589e+01 
 3.98107171e+05  5.63974577e+01  3.98107171e+05 -9.62387743e+01 
 4.29866235e+05  5.57271932e+01  4.29866235e+05 -9.66744017e+01 
 4.64158883e+05  5.50563269e+01  4.64158883e+05 -9.71489164e+01 
 5.01187234e+05  5.43847617e+01  5.01187234e+05 -9.76650000e+01 
 5.41169527e+05  5.37123850e+01  5.41169527e+05 -9.82255490e+01 
 5.84341413e+05  5.30390657e+01  5.84341413e+05 -9.88336854e+01 
 6.30957344e+05  5.23646519e+01  6.30957344e+05 -9.94927655e+01 
 6.81292069e+05  5.16889679e+01  6.81292069e+05 -1.00206388e+02 
 7.35642254e+05  5.10118103e+01  7.35642254e+05 -1.00978403e+02 
 7.94328235e+05  5.03329443e+01  7.94328235e+05 -1.01812912e+02 
 8.57695899e+05  4.96520993e+01  8.57695899e+05 -1.02714278e+02 
 9.26118728e+05  4.89689641e+01  9.26118728e+05 -1.03687116e+02 
 1.00000000e+06  4.82831813e+01  1.00000000e+06 -1.04736295e+02 
 1.07977516e+06  4.75943423e+01  1.07977516e+06 -1.05866923e+02 
 1.16591440e+06  4.69019803e+01  1.16591440e+06 -1.07084327e+02 
 1.25892541e+06  4.62055648e+01  1.25892541e+06 -1.08394033e+02 
 1.35935639e+06  4.55044953e+01  1.35935639e+06 -1.09801720e+02 
 1.46779927e+06  4.47980946e+01  1.46779927e+06 -1.11313177e+02 
 1.58489319e+06  4.40856043e+01  1.58489319e+06 -1.12934240e+02 
 1.71132830e+06  4.33661794e+01  1.71132830e+06 -1.14670710e+02 
 1.84784980e+06  4.26388867e+01  1.84784980e+06 -1.16528262e+02 
 1.99526231e+06  4.19027033e+01  1.99526231e+06 -1.18512332e+02 
 2.15443469e+06  4.11565203e+01  2.15443469e+06 -1.20627996e+02 
 2.32630507e+06  4.03991493e+01  2.32630507e+06 -1.22879819e+02 
 2.51188643e+06  3.96293341e+01  2.51188643e+06 -1.25271718e+02 
 2.71227258e+06  3.88457690e+01  2.71227258e+06 -1.27806800e+02 
 2.92864456e+06  3.80471222e+01  2.92864456e+06 -1.30487220e+02 
 3.16227766e+06  3.72320667e+01  3.16227766e+06 -1.33314050e+02 
 3.41454887e+06  3.63993176e+01  3.41454887e+06 -1.36287180e+02 
 3.68694506e+06  3.55476740e+01  3.68694506e+06 -1.39405257e+02 
 3.98107171e+06  3.46760645e+01  3.98107171e+06 -1.42665690e+02 
 4.29866235e+06  3.37835938e+01  4.29866235e+06 -1.46064711e+02 
 4.64158883e+06  3.28695860e+01  4.64158883e+06 -1.49597510e+02 
 5.01187234e+06  3.19336212e+01  5.01187234e+06 -1.53258445e+02 
 5.41169527e+06  3.09755615e+01  5.41169527e+06 -1.57041308e+02 
 5.84341413e+06  2.99955617e+01  5.84341413e+06 -1.60939648e+02 
 6.30957344e+06  2.89940633e+01  6.30957344e+06 -1.64947121e+02 
 6.81292069e+06  2.79717667e+01  6.81292069e+06 -1.69057850e+02 
 7.35642254e+06  2.69295843e+01  7.35642254e+06 -1.73266791e+02 
 7.94328235e+06  2.58685715e+01  7.94328235e+06 -1.77570079e+02 
 8.57695899e+06  2.47898374e+01  8.57695899e+06 -1.81965376e+02 
 9.26118728e+06  2.36944371e+01  9.26118728e+06 -1.86452238e+02 
 1.00000000e+07  2.25832468e+01  1.00000000e+07 -1.91032534e+02 
 1.07977516e+07  2.14568222e+01  1.07977516e+07 -1.95711004e+02 
 1.16591440e+07  2.03152436e+01  1.16591440e+07 -2.00496039e+02 
 1.25892541e+07  1.91579488e+01  1.25892541e+07 -2.05400821e+02 
 1.35935639e+07  1.79835593e+01  1.35935639e+07 -2.10445027e+02 
 1.46779927e+07  1.67897090e+01  1.46779927e+07 -2.15657372e+02 
 1.58489319e+07  1.55728976e+01  1.58489319e+07 -2.21079416e+02 
 1.71132830e+07  1.43284187e+01  1.71132830e+07 -2.26771277e+02 
 1.84784980e+07  1.30504724e+01  1.84784980e+07 -2.32820249e+02 
 1.99526231e+07  1.17327110e+01  1.99526231e+07 -2.39353805e+02 
 2.15443469e+07  1.03697737e+01  2.15443469e+07 -2.46558929e+02 
 2.32630507e+07  8.96103861e+00  2.32630507e+07 -2.54709327e+02 
 2.51188643e+07  7.51916303e+00  2.51188643e+07 -2.64197209e+02 
 2.71227258e+07  6.08794241e+00  2.71227258e+07 -2.75545946e+02 
 2.92864456e+07  4.77322984e+00  2.92864456e+07 -2.89319181e+02 
 3.16227766e+07  3.77183602e+00  3.16227766e+07 -3.05747044e+02 
 3.41454887e+07  3.32924478e+00  3.41454887e+07 -3.24037860e+02 
 3.68694506e+07  3.56762866e+00  3.68694506e+07 -3.42193068e+02 
 3.98107171e+07  4.36294946e+00  3.98107171e+07 -3.58217029e+02 
 4.29866235e+07  5.46845121e+00  4.29866235e+07 -3.71324062e+02 
 4.64158883e+07  6.68651805e+00  4.64158883e+07 -3.81750303e+02 
 5.01187234e+07  7.91075371e+00  5.01187234e+07 -3.90065382e+02 
 5.41169527e+07  9.09710223e+00  5.41169527e+07 -3.96799182e+02 
 5.84341413e+07  1.02330299e+01  5.84341413e+07 -4.02350913e+02 
 6.30957344e+07  1.13197527e+01  6.30957344e+07 -4.07001289e+02 
 6.81292069e+07  1.23637493e+01  6.81292069e+07 -4.10943626e+02 
 7.35642254e+07  1.33730275e+01  7.35642254e+07 -4.14310241e+02 
 7.94328235e+07  1.43555716e+01  7.94328235e+07 -4.17190906e+02 
 8.57695899e+07  1.53187372e+01  8.57695899e+07 -4.19644898e+02 
 9.26118728e+07  1.62690296e+01  9.26118728e+07 -4.21708624e+02 
 1.00000000e+08  1.72120057e+01  1.00000000e+08 -4.23400324e+02 
 1.07977516e+08  1.81521732e+01  1.07977516e+08 -4.24722901e+02 
 1.16591440e+08  1.90928160e+01  1.16591440e+08 -4.25665619e+02 
 1.25892541e+08  2.00357030e+01  1.25892541e+08 -4.26205312e+02 
 1.35935639e+08  2.09806488e+01  1.35935639e+08 -4.26307709e+02 
 1.46779927e+08  2.19249214e+01  1.46779927e+08 -4.25929661e+02 
 1.58489319e+08  2.28625392e+01  1.58489319e+08 -4.25023188e+02 
 1.71132830e+08  2.37835880e+01  1.71132830e+08 -4.23542389e+02 
 1.84784980e+08  2.46738255e+01  1.84784980e+08 -4.21453983e+02 
 1.99526231e+08  2.55149917e+01  1.99526231e+08 -4.18751195e+02 
 2.15443469e+08  2.62862931e+01  2.15443469e+08 -4.15468533e+02 
 2.32630507e+08  2.69672900e+01  2.32630507e+08 -4.11692189e+02 
 2.51188643e+08  2.75417648e+01  2.51188643e+08 -4.07559374e+02 
 2.71227258e+08  2.80013311e+01  2.71227258e+08 -4.03242512e+02 
 2.92864456e+08  2.83472302e+01  2.92864456e+08 -3.98921486e+02 
 3.16227766e+08  2.85894888e+01  3.16227766e+08 -3.94754206e+02 
 3.41454887e+08  2.87439735e+01  3.41454887e+08 -3.90856593e+02 
 3.68694506e+08  2.88287819e+01  3.68694506e+08 -3.87296897e+02 
 3.98107171e+08  2.88612973e+01  3.98107171e+08 -3.84101714e+02 
 4.29866235e+08  2.88564764e+01  4.29866235e+08 -3.81267578e+02 
 4.64158883e+08  2.88262592e+01  4.64158883e+08 -3.78772748e+02 
 5.01187234e+08  2.87796972e+01  5.01187234e+08 -3.76586475e+02 
 5.41169527e+08  2.87234102e+01  5.41169527e+08 -3.74675141e+02 
 5.84341413e+08  2.86621164e+01  5.84341413e+08 -3.73005803e+02 
 6.30957344e+08  2.85991100e+01  6.30957344e+08 -3.71547961e+02 
 6.81292069e+08  2.85366448e+01  6.81292069e+08 -3.70274243e+02 
 7.35642254e+08  2.84762234e+01  7.35642254e+08 -3.69160524e+02 
 7.94328235e+08  2.84188094e+01  7.94328235e+08 -3.68185744e+02 
 8.57695899e+08  2.83649813e+01  8.57695899e+08 -3.67331632e+02 
 9.26118728e+08  2.83150437e+01  9.26118728e+08 -3.66582388e+02 
 1.00000000e+09  2.82691090e+01  1.00000000e+09 -3.65924373e+02 
