 1.00000000e+00  6.28814053e+01  1.00000000e+00 -3.17616197e-04 
 1.07977516e+00  6.28814053e+01  1.07977516e+00 -3.42954080e-04 
 1.16591440e+00  6.28814053e+01  1.16591440e+00 -3.70313298e-04 
 1.25892541e+00  6.28814053e+01  1.25892541e+00 -3.99855101e-04 
 1.35935639e+00  6.28814053e+01  1.35935639e+00 -4.31753607e-04 
 1.46779927e+00  6.28814053e+01  1.46779927e+00 -4.66196821e-04 
 1.58489319e+00  6.28814053e+01  1.58489319e+00 -5.03387748e-04 
 1.71132830e+00  6.28814053e+01  1.71132830e+00 -5.43545587e-04 
 1.84784980e+00  6.28814053e+01  1.84784980e+00 -5.86907024e-04 
 1.99526231e+00  6.28814053e+01  1.99526231e+00 -6.33727628e-04 
 2.15443469e+00  6.28814053e+01  2.15443469e+00 -6.84283352e-04 
 2.32630507e+00  6.28814053e+01  2.32630507e+00 -7.38872167e-04 
 2.51188643e+00  6.28814053e+01  2.51188643e+00 -7.97815815e-04 
 2.71227258e+00  6.28814053e+01  2.71227258e+00 -8.61461701e-04 
 2.92864456e+00  6.28814053e+01  2.92864456e+00 -9.30184948e-04 
 3.16227766e+00  6.28814053e+01  3.16227766e+00 -1.00439060e-03 
 3.41454887e+00  6.28814053e+01  3.41454887e+00 -1.08451603e-03 
 3.68694506e+00  6.28814053e+01  3.68694506e+00 -1.17103347e-03 
 3.98107171e+00  6.28814053e+01  3.98107171e+00 -1.26445285e-03 
 4.29866235e+00  6.28814053e+01  4.29866235e+00 -1.36532478e-03 
 4.64158883e+00  6.28814053e+01  4.64158883e+00 -1.47424379e-03 
 5.01187234e+00  6.28814053e+01  5.01187234e+00 -1.59185183e-03 
 5.41169527e+00  6.28814053e+01  5.41169527e+00 -1.71884207e-03 
 5.84341413e+00  6.28814053e+01  5.84341413e+00 -1.85596297e-03 
 6.30957344e+00  6.28814053e+01  6.30957344e+00 -2.00402272e-03 
 6.81292069e+00  6.28814053e+01  6.81292069e+00 -2.16389396e-03 
 7.35642254e+00  6.28814053e+01  7.35642254e+00 -2.33651895e-03 
 7.94328235e+00  6.28814053e+01  7.94328235e+00 -2.52291513e-03 
 8.57695899e+00  6.28814053e+01  8.57695899e+00 -2.72418109e-03 
 9.26118728e+00  6.28814053e+01  9.26118728e+00 -2.94150308e-03 
 1.00000000e+01  6.28814053e+01  1.00000000e+01 -3.17616196e-03 
 1.07977516e+01  6.28814053e+01  1.07977516e+01 -3.42954080e-03 
 1.16591440e+01  6.28814053e+01  1.16591440e+01 -3.70313297e-03 
 1.25892541e+01  6.28814053e+01  1.25892541e+01 -3.99855100e-03 
 1.35935639e+01  6.28814053e+01  1.35935639e+01 -4.31753606e-03 
 1.46779927e+01  6.28814053e+01  1.46779927e+01 -4.66196820e-03 
 1.58489319e+01  6.28814053e+01  1.58489319e+01 -5.03387747e-03 
 1.71132830e+01  6.28814053e+01  1.71132830e+01 -5.43545586e-03 
 1.84784980e+01  6.28814053e+01  1.84784980e+01 -5.86907023e-03 
 1.99526231e+01  6.28814053e+01  1.99526231e+01 -6.33727625e-03 
 2.15443469e+01  6.28814053e+01  2.15443469e+01 -6.84283349e-03 
 2.32630507e+01  6.28814053e+01  2.32630507e+01 -7.38872164e-03 
 2.51188643e+01  6.28814052e+01  2.51188643e+01 -7.97815810e-03 
 2.71227258e+01  6.28814052e+01  2.71227258e+01 -8.61461695e-03 
 2.92864456e+01  6.28814052e+01  2.92864456e+01 -9.30184941e-03 
 3.16227766e+01  6.28814052e+01  3.16227766e+01 -1.00439059e-02 
 3.41454887e+01  6.28814052e+01  3.41454887e+01 -1.08451602e-02 
 3.68694506e+01  6.28814052e+01  3.68694506e+01 -1.17103345e-02 
 3.98107171e+01  6.28814051e+01  3.98107171e+01 -1.26445284e-02 
 4.29866235e+01  6.28814051e+01  4.29866235e+01 -1.36532476e-02 
 4.64158883e+01  6.28814051e+01  4.64158883e+01 -1.47424376e-02 
 5.01187234e+01  6.28814050e+01  5.01187234e+01 -1.59185179e-02 
 5.41169527e+01  6.28814050e+01  5.41169527e+01 -1.71884202e-02 
 5.84341413e+01  6.28814049e+01  5.84341413e+01 -1.85596292e-02 
 6.30957344e+01  6.28814048e+01  6.30957344e+01 -2.00402265e-02 
 6.81292069e+01  6.28814048e+01  6.81292069e+01 -2.16389387e-02 
 7.35642254e+01  6.28814047e+01  7.35642254e+01 -2.33651884e-02 
 7.94328235e+01  6.28814046e+01  7.94328235e+01 -2.52291499e-02 
 8.57695899e+01  6.28814044e+01  8.57695899e+01 -2.72418091e-02 
 9.26118728e+01  6.28814043e+01  9.26118728e+01 -2.94150286e-02 
 1.00000000e+02  6.28814041e+01  1.00000000e+02 -3.17616169e-02 
 1.07977516e+02  6.28814039e+01  1.07977516e+02 -3.42954045e-02 
 1.16591440e+02  6.28814037e+01  1.16591440e+02 -3.70313253e-02 
 1.25892541e+02  6.28814034e+01  1.25892541e+02 -3.99855045e-02 
 1.35935639e+02  6.28814031e+01  1.35935639e+02 -4.31753536e-02 
 1.46779927e+02  6.28814027e+01  1.46779927e+02 -4.66196732e-02 
 1.58489319e+02  6.28814023e+01  1.58489319e+02 -5.03387636e-02 
 1.71132830e+02  6.28814018e+01  1.71132830e+02 -5.43545446e-02 
 1.84784980e+02  6.28814012e+01  1.84784980e+02 -5.86906848e-02 
 1.99526231e+02  6.28814005e+01  1.99526231e+02 -6.33727405e-02 
 2.15443469e+02  6.28813997e+01  2.15443469e+02 -6.84283071e-02 
 2.32630507e+02  6.28813988e+01  2.32630507e+02 -7.38871814e-02 
 2.51188643e+02  6.28813977e+01  2.51188643e+02 -7.97815370e-02 
 2.71227258e+02  6.28813964e+01  2.71227258e+02 -8.61461141e-02 
 2.92864456e+02  6.28813949e+01  2.92864456e+02 -9.30184243e-02 
 3.16227766e+02  6.28813932e+01  3.16227766e+02 -1.00438972e-01 
 3.41454887e+02  6.28813912e+01  3.41454887e+02 -1.08451491e-01 
 3.68694506e+02  6.28813889e+01  3.68694506e+02 -1.17103206e-01 
 3.98107171e+02  6.28813861e+01  3.98107171e+02 -1.26445108e-01 
 4.29866235e+02  6.28813830e+01  4.29866235e+02 -1.36532256e-01 
 4.64158883e+02  6.28813792e+01  4.64158883e+02 -1.47424099e-01 
 5.01187234e+02  6.28813749e+01  5.01187234e+02 -1.59184830e-01 
 5.41169527e+02  6.28813699e+01  5.41169527e+02 -1.71883762e-01 
 5.84341413e+02  6.28813640e+01  5.84341413e+02 -1.85595738e-01 
 6.30957344e+02  6.28813571e+01  6.30957344e+02 -2.00401567e-01 
 6.81292069e+02  6.28813491e+01  6.81292069e+02 -2.16388509e-01 
 7.35642254e+02  6.28813398e+01  7.35642254e+02 -2.33650778e-01 
 7.94328235e+02  6.28813289e+01  7.94328235e+02 -2.52290107e-01 
 8.57695899e+02  6.28813163e+01  8.57695899e+02 -2.72416339e-01 
 9.26118728e+02  6.28813015e+01  9.26118728e+02 -2.94148080e-01 
 1.00000000e+03  6.28812842e+01  1.00000000e+03 -3.17613390e-01 
 1.07977516e+03  6.28812642e+01  1.07977516e+03 -3.42950548e-01 
 1.16591440e+03  6.28812407e+01  1.16591440e+03 -3.70308851e-01 
 1.25892541e+03  6.28812134e+01  1.25892541e+03 -3.99849503e-01 
 1.35935639e+03  6.28811816e+01  1.35935639e+03 -4.31746559e-01 
 1.46779927e+03  6.28811445e+01  1.46779927e+03 -4.66187949e-01 
 1.58489319e+03  6.28811013e+01  1.58489319e+03 -5.03376581e-01 
 1.71132830e+03  6.28810508e+01  1.71132830e+03 -5.43531527e-01 
 1.84784980e+03  6.28809920e+01  1.84784980e+03 -5.86889325e-01 
 1.99526231e+03  6.28809234e+01  1.99526231e+03 -6.33705346e-01 
 2.15443469e+03  6.28808434e+01  2.15443469e+03 -6.84255297e-01 
 2.32630507e+03  6.28807502e+01  2.32630507e+03 -7.38836852e-01 
 2.51188643e+03  6.28806416e+01  2.51188643e+03 -7.97771356e-01 
 2.71227258e+03  6.28805149e+01  2.71227258e+03 -8.61405737e-01 
 2.92864456e+03  6.28803671e+01  2.92864456e+03 -9.30114486e-01 
 3.16227766e+03  6.28801949e+01  3.16227766e+03 -1.00430190e+00 
 3.41454887e+03  6.28799941e+01  3.41454887e+03 -1.08440436e+00 
 3.68694506e+03  6.28797600e+01  3.68694506e+03 -1.17089289e+00 
 3.98107171e+03  6.28794871e+01  3.98107171e+03 -1.26427588e+00 
 4.29866235e+03  6.28791689e+01  4.29866235e+03 -1.36510201e+00 
 4.64158883e+03  6.28787980e+01  4.64158883e+03 -1.47396335e+00 
 5.01187234e+03  6.28783655e+01  5.01187234e+03 -1.59149879e+00 
 5.41169527e+03  6.28778614e+01  5.41169527e+03 -1.71839765e+00 
 5.84341413e+03  6.28772737e+01  5.84341413e+03 -1.85540352e+00 
 6.30957344e+03  6.28765885e+01  6.30957344e+03 -2.00331847e+00 
 6.81292069e+03  6.28757898e+01  6.81292069e+03 -2.16300745e+00 
 7.35642254e+03  6.28748589e+01  7.35642254e+03 -2.33540307e+00 
 7.94328235e+03  6.28737736e+01  7.94328235e+03 -2.52151050e+00 
 8.57695899e+03  6.28725087e+01  8.57695899e+03 -2.72241310e+00 
 9.26118728e+03  6.28710344e+01  9.26118728e+03 -2.93927777e+00 
 1.00000000e+04  6.28693162e+01  1.00000000e+04 -3.17336116e+00 
 1.07977516e+04  6.28673137e+01  1.07977516e+04 -3.42601575e+00 
 1.16591440e+04  6.28649800e+01  1.16591440e+04 -3.69869662e+00 
 1.25892541e+04  6.28622609e+01  1.25892541e+04 -3.99296808e+00 
 1.35935639e+04  6.28590926e+01  1.35935639e+04 -4.31051065e+00 
 1.46779927e+04  6.28554017e+01  1.46779927e+04 -4.65312825e+00 
 1.58489319e+04  6.28511023e+01  1.58489319e+04 -5.02275523e+00 
 1.71132830e+04  6.28460949e+01  1.71132830e+04 -5.42146343e+00 
 1.84784980e+04  6.28402640e+01  1.84784980e+04 -5.85146899e+00 
 1.99526231e+04  6.28334754e+01  1.99526231e+04 -6.31513837e+00 
 2.15443469e+04  6.28255740e+01  2.15443469e+04 -6.81499399e+00 
 2.32630507e+04  6.28163796e+01  2.32630507e+04 -7.35371836e+00 
 2.51188643e+04  6.28056842e+01  2.51188643e+04 -7.93415669e+00 
 2.71227258e+04  6.27932474e+01  2.71227258e+04 -8.55931778e+00 
 2.92864456e+04  6.27787917e+01  2.92864456e+04 -9.23237103e+00 
 3.16227766e+04  6.27619982e+01  3.16227766e+04 -9.95664116e+00 
 3.41454887e+04  6.27424997e+01  3.41454887e+04 -1.07355970e+01 
 3.68694506e+04  6.27198760e+01  3.68694506e+04 -1.15728352e+01 
 3.98107171e+04  6.26936460e+01  3.98107171e+04 -1.24720565e+01 
 4.29866235e+04  6.26632624e+01  4.29866235e+04 -1.34370338e+01 
 4.64158883e+04  6.26281033e+01  4.64158883e+04 -1.44715700e+01 
 5.01187234e+04  6.25874660e+01  5.01187234e+04 -1.55794428e+01 
 5.41169527e+04  6.25405603e+01  5.41169527e+04 -1.67643375e+01 
 5.84341413e+04  6.24865026e+01  5.84341413e+04 -1.80297646e+01 
 6.30957344e+04  6.24243117e+01  6.30957344e+04 -1.93789601e+01 
 6.81292069e+04  6.23529063e+01  6.81292069e+04 -2.08147713e+01 
 7.35642254e+04  6.22711053e+01  7.35642254e+04 -2.23395247e+01 
 7.94328235e+04  6.21776324e+01  7.94328235e+04 -2.39548824e+01 
 8.57695899e+04  6.20711248e+01  8.57695899e+04 -2.56616884e+01 
 9.26118728e+04  6.19501473e+01  9.26118728e+04 -2.74598099e+01 
 1.00000000e+05  6.18132128e+01  1.00000000e+05 -2.93479854e+01 
 1.07977516e+05  6.16588099e+01  1.07977516e+05 -3.13236908e+01 
 1.16591440e+05  6.14854364e+01  1.16591440e+05 -3.33830299e+01 
 1.25892541e+05  6.12916387e+01  1.25892541e+05 -3.55206730e+01 
 1.35935639e+05  6.10760564e+01  1.35935639e+05 -3.77298518e+01 
 1.46779927e+05  6.08374681e+01  1.46779927e+05 -4.00024191e+01 
 1.58489319e+05  6.05748371e+01  1.58489319e+05 -4.23289900e+01 
 1.71132830e+05  6.02873534e+01  1.71132830e+05 -4.46991534e+01 
 1.84784980e+05  5.99744675e+01  1.84784980e+05 -4.71017578e+01 
 1.99526231e+05  5.96359141e+01  1.99526231e+05 -4.95252487e+01 
 2.15443469e+05  5.92717236e+01  2.15443469e+05 -5.19580440e+01 
 2.32630507e+05  5.88822188e+01  2.32630507e+05 -5.43889152e+01 
 2.51188643e+05  5.84679988e+01  2.51188643e+05 -5.68073535e+01 
 2.71227258e+05  5.80299099e+01  2.71227258e+05 -5.92038948e+01 
 2.92864456e+05  5.75690080e+01  2.92864456e+05 -6.15703821e+01 
 3.16227766e+05  5.70865138e+01  3.16227766e+05 -6.39001603e+01 
 3.41454887e+05  5.65837654e+01  3.41454887e+05 -6.61881911e+01 
 3.68694506e+05  5.60621712e+01  3.68694506e+05 -6.84310955e+01 
 3.98107171e+05  5.55231657e+01  3.98107171e+05 -7.06271354e+01 
 4.29866235e+05  5.49681700e+01  4.29866235e+05 -7.27761383e+01 
 4.64158883e+05  5.43985582e+01  4.64158883e+05 -7.48793875e+01 
 5.01187234e+05  5.38156306e+01  5.01187234e+05 -7.69394860e+01 
 5.41169527e+05  5.32205930e+01  5.41169527e+05 -7.89602088e+01 
 5.84341413e+05  5.26145412e+01  5.84341413e+05 -8.09463529e+01 
 6.30957344e+05  5.19984512e+01  6.30957344e+05 -8.29035924e+01 
 6.81292069e+05  5.13731727e+01  6.81292069e+05 -8.48383431e+01 
 7.35642254e+05  5.07394257e+01  7.35642254e+05 -8.67576412e+01 
 7.94328235e+05  5.00977998e+01  7.94328235e+05 -8.86690354e+01 
 8.57695899e+05  4.94487537e+01  8.57695899e+05 -9.05804913e+01 
 9.26118728e+05  4.87926167e+01  9.26118728e+05 -9.25003091e+01 
 1.00000000e+06  4.81295892e+01  1.00000000e+06 -9.44370499e+01 
 1.07977516e+06  4.74597442e+01  1.07977516e+06 -9.63994681e+01 
 1.16591440e+06  4.67830277e+01  1.16591440e+06 -9.83964475e+01 
 1.25892541e+06  4.60992591e+01  1.25892541e+06 -1.00436938e+02 
 1.35935639e+06  4.54081314e+01  1.35935639e+06 -1.02529888e+02 
 1.46779927e+06  4.47092112e+01  1.46779927e+06 -1.04684171e+02 
 1.58489319e+06  4.40019395e+01  1.58489319e+06 -1.06908504e+02 
 1.71132830e+06  4.32856329e+01  1.71132830e+06 -1.09211351e+02 
 1.84784980e+06  4.25594867e+01  1.84784980e+06 -1.11600819e+02 
 1.99526231e+06  4.18225804e+01  1.99526231e+06 -1.14084533e+02 
 2.15443469e+06  4.10738867e+01  2.15443469e+06 -1.16669511e+02 
 2.32630507e+06  4.03122845e+01  2.32630507e+06 -1.19362012e+02 
 2.51188643e+06  3.95365770e+01  2.51188643e+06 -1.22167401e+02 
 2.71227258e+06  3.87455162e+01  2.71227258e+06 -1.25089997e+02 
 2.92864456e+06  3.79378333e+01  2.92864456e+06 -1.28132952e+02 
 3.16227766e+06  3.71122754e+01  3.16227766e+06 -1.31298149e+02 
 3.41454887e+06  3.62676481e+01  3.41454887e+06 -1.34586136e+02 
 3.68694506e+06  3.54028616e+01  3.68694506e+06 -1.37996117e+02 
 3.98107171e+06  3.45169789e+01  3.98107171e+06 -1.41526010e+02 
 4.29866235e+06  3.36092621e+01  4.29866235e+06 -1.45172567e+02 
 4.64158883e+06  3.26792134e+01  4.64158883e+06 -1.48931570e+02 
 5.01187234e+06  3.17266075e+01  5.01187234e+06 -1.52798099e+02 
 5.41169527e+06  3.07515101e+01  5.41169527e+06 -1.56766842e+02 
 5.84341413e+06  2.97542807e+01  5.84341413e+06 -1.60832449e+02 
 6.30957344e+06  2.87355562e+01  6.30957344e+06 -1.64989905e+02 
 6.81292069e+06  2.76962152e+01  6.81292069e+06 -1.69234887e+02 
 7.35642254e+06  2.66373218e+01  7.35642254e+06 -1.73564123e+02 
 7.94328235e+06  2.55600501e+01  7.94328235e+06 -1.77975716e+02 
 8.57695899e+06  2.44655909e+01  8.57695899e+06 -1.82469476e+02 
 9.26118728e+06  2.33550418e+01  9.26118728e+06 -1.87047268e+02 
 1.00000000e+07  2.22292825e+01  1.00000000e+07 -1.91713442e+02 
 1.07977516e+07  2.10888359e+01  1.07977516e+07 -1.96475410e+02 
 1.16591440e+07  1.99337190e+01  1.16591440e+07 -2.01344490e+02 
 1.25892541e+07  1.87632840e+01  1.25892541e+07 -2.06337160e+02 
 1.35935639e+07  1.75760584e+01  1.35935639e+07 -2.11476933e+02 
 1.46779927e+07  1.63695965e+01  1.46779927e+07 -2.16797166e+02 
 1.58489319e+07  1.51403742e+01  1.58489319e+07 -2.22345264e+02 
 1.71132830e+07  1.38837920e+01  1.71132830e+07 -2.28188957e+02 
 1.84784980e+07  1.25944330e+01  1.84784980e+07 -2.34425700e+02 
 1.99526231e+07  1.12668912e+01  1.99526231e+07 -2.41196642e+02 
 2.15443469e+07  9.89786274e+00  2.15443469e+07 -2.48706787e+02 
 2.32630507e+07  8.49096220e+00  2.32630507e+07 -2.57251485e+02 
 2.51188643e+07  7.06711327e+00  2.51188643e+07 -2.67241486e+02 
 2.71227258e+07  5.68468710e+00  2.71227258e+07 -2.79191066e+02 
 2.92864456e+07  4.46936612e+00  2.92864456e+07 -2.93566793e+02 
 3.16227766e+07  3.62739812e+00  3.16227766e+07 -3.10342118e+02 
 3.41454887e+07  3.37084607e+00  3.41454887e+07 -3.28410673e+02 
 3.68694506e+07  3.75118632e+00  3.68694506e+07 -3.45775954e+02 
 3.98107171e+07  4.60754828e+00  3.98107171e+07 -3.60823799e+02 
 4.29866235e+07  5.71273943e+00  4.29866235e+07 -3.73097032e+02 
 4.64158883e+07  6.90201185e+00  4.64158883e+07 -3.82919688e+02 
 5.01187234e+07  8.08974076e+00  5.01187234e+07 -3.90823799e+02 
 5.41169527e+07  9.24100401e+00  5.41169527e+07 -3.97280295e+02 
 5.84341413e+07  1.03463099e+01  5.84341413e+07 -4.02641758e+02 
 6.30957344e+07  1.14073725e+01  6.30957344e+07 -4.07157495e+02 
 6.81292069e+07  1.24302610e+01  6.81292069e+07 -4.11000582e+02 
 7.35642254e+07  1.34223274e+01  7.35642254e+07 -4.14290287e+02 
 7.94328235e+07  1.43908942e+01  7.94328235e+07 -4.17107775e+02 
 8.57695899e+07  1.53427212e+01  8.57695899e+07 -4.19506431e+02 
 9.26118728e+07  1.62837902e+01  9.26118728e+07 -4.21518438e+02 
 1.00000000e+08  1.72191881e+01  1.00000000e+08 -4.23158840e+02 
 1.07977516e+08  1.81529793e+01  1.07977516e+08 -4.24428003e+02 
 1.16591440e+08  1.90880011e+01  1.16591440e+08 -4.25313136e+02 
 1.25892541e+08  2.00255424e+01  1.25892541e+08 -4.25789456e+02 
 1.35935639e+08  2.09648774e+01  1.35935639e+08 -4.25821627e+02 
 1.46779927e+08  2.19026575e+01  1.46779927e+08 -4.25366241e+02 
 1.58489319e+08  2.28322149e+01  1.58489319e+08 -4.24376281e+02 
 1.71132830e+08  2.37429280e+01  1.71132830e+08 -4.22808538e+02 
 1.84784980e+08  2.46199374e+01  1.84784980e+08 -4.20634617e+02 
 1.99526231e+08  2.54446382e+01  1.99526231e+08 -4.17854900e+02 
 2.15443469e+08  2.61963835e+01  2.15443469e+08 -4.14512598e+02 
 2.32630507e+08  2.68555312e+01  2.32630507e+08 -4.10702366e+02 
 2.51188643e+08  2.74072767e+01  2.51188643e+08 -4.06567093e+02 
 2.71227258e+08  2.78449600e+01  2.71227258e+08 -4.02279980e+02 
 2.92864456e+08  2.81713949e+01  2.92864456e+08 -3.98016358e+02 
 3.16227766e+08  2.83976317e+01  3.16227766e+08 -3.93925892e+02 
 3.41454887e+08  2.85398724e+01  3.41454887e+08 -3.90115236e+02 
 3.68694506e+08  2.86159847e+01  3.68694506e+08 -3.86644628e+02 
 3.98107171e+08  2.86427983e+01  3.98107171e+08 -3.83535020e+02 
 4.29866235e+08  2.86346170e+01  4.29866235e+08 -3.80779682e+02 
 4.64158883e+08  2.86027716e+01  4.64158883e+08 -3.78355459e+02 
 5.01187234e+08  2.85558107e+01  5.01187234e+08 -3.76231378e+02 
 5.41169527e+08  2.84999672e+01  5.41169527e+08 -3.74374257e+02 
 5.84341413e+08  2.84396749e+01  5.84341413e+08 -3.72751887e+02 
 6.30957344e+08  2.83780231e+01  6.30957344e+08 -3.71334593e+02 
 6.81292069e+08  2.83171201e+01  6.81292069e+08 -3.70095813e+02 
 7.35642254e+08  2.82583655e+01  7.35642254e+08 -3.69012165e+02 
 7.94328235e+08  2.82026505e+01  7.94328235e+08 -3.68063258e+02 
 8.57695899e+08  2.81505029e+01  8.57695899e+08 -3.67231409e+02 
 9.26118728e+08  2.81021927e+01  9.26118728e+08 -3.66501331e+02 
 1.00000000e+09  2.80578088e+01  1.00000000e+09 -3.65859838e+02 
