 1.00000000e+00  5.90564054e+01  1.00000000e+00 -1.79999825e+02 
 1.07977516e+00  5.90564054e+01  1.07977516e+00 -1.79999811e+02 
 1.16591440e+00  5.90564054e+01  1.16591440e+00 -1.79999796e+02 
 1.25892541e+00  5.90564054e+01  1.25892541e+00 -1.79999780e+02 
 1.35935639e+00  5.90564054e+01  1.35935639e+00 -1.79999762e+02 
 1.46779927e+00  5.90564054e+01  1.46779927e+00 -1.79999743e+02 
 1.58489319e+00  5.90564054e+01  1.58489319e+00 -1.79999723e+02 
 1.71132830e+00  5.90564054e+01  1.71132830e+00 -1.79999701e+02 
 1.84784980e+00  5.90564054e+01  1.84784980e+00 -1.79999677e+02 
 1.99526231e+00  5.90564054e+01  1.99526231e+00 -1.79999651e+02 
 2.15443469e+00  5.90564054e+01  2.15443469e+00 -1.79999623e+02 
 2.32630507e+00  5.90564054e+01  2.32630507e+00 -1.79999593e+02 
 2.51188643e+00  5.90564054e+01  2.51188643e+00 -1.79999561e+02 
 2.71227258e+00  5.90564054e+01  2.71227258e+00 -1.79999525e+02 
 2.92864456e+00  5.90564054e+01  2.92864456e+00 -1.79999488e+02 
 3.16227766e+00  5.90564054e+01  3.16227766e+00 -1.79999447e+02 
 3.41454887e+00  5.90564054e+01  3.41454887e+00 -1.79999403e+02 
 3.68694506e+00  5.90564054e+01  3.68694506e+00 -1.79999355e+02 
 3.98107171e+00  5.90564054e+01  3.98107171e+00 -1.79999303e+02 
 4.29866235e+00  5.90564054e+01  4.29866235e+00 -1.79999248e+02 
 4.64158883e+00  5.90564054e+01  4.64158883e+00 -1.79999188e+02 
 5.01187234e+00  5.90564054e+01  5.01187234e+00 -1.79999123e+02 
 5.41169527e+00  5.90564054e+01  5.41169527e+00 -1.79999053e+02 
 5.84341413e+00  5.90564054e+01  5.84341413e+00 -1.79998978e+02 
 6.30957344e+00  5.90564054e+01  6.30957344e+00 -1.79998896e+02 
 6.81292069e+00  5.90564054e+01  6.81292069e+00 -1.79998808e+02 
 7.35642254e+00  5.90564054e+01  7.35642254e+00 -1.79998713e+02 
 7.94328235e+00  5.90564054e+01  7.94328235e+00 -1.79998610e+02 
 8.57695899e+00  5.90564054e+01  8.57695899e+00 -1.79998499e+02 
 9.26118728e+00  5.90564054e+01  9.26118728e+00 -1.79998380e+02 
 1.00000000e+01  5.90564054e+01  1.00000000e+01 -1.79998250e+02 
 1.07977516e+01  5.90564054e+01  1.07977516e+01 -1.79998111e+02 
 1.16591440e+01  5.90564054e+01  1.16591440e+01 -1.79997960e+02 
 1.25892541e+01  5.90564054e+01  1.25892541e+01 -1.79997797e+02 
 1.35935639e+01  5.90564054e+01  1.35935639e+01 -1.79997622e+02 
 1.46779927e+01  5.90564054e+01  1.46779927e+01 -1.79997432e+02 
 1.58489319e+01  5.90564054e+01  1.58489319e+01 -1.79997227e+02 
 1.71132830e+01  5.90564054e+01  1.71132830e+01 -1.79997006e+02 
 1.84784980e+01  5.90564054e+01  1.84784980e+01 -1.79996767e+02 
 1.99526231e+01  5.90564054e+01  1.99526231e+01 -1.79996509e+02 
 2.15443469e+01  5.90564054e+01  2.15443469e+01 -1.79996230e+02 
 2.32630507e+01  5.90564054e+01  2.32630507e+01 -1.79995930e+02 
 2.51188643e+01  5.90564053e+01  2.51188643e+01 -1.79995605e+02 
 2.71227258e+01  5.90564053e+01  2.71227258e+01 -1.79995254e+02 
 2.92864456e+01  5.90564053e+01  2.92864456e+01 -1.79994876e+02 
 3.16227766e+01  5.90564053e+01  3.16227766e+01 -1.79994467e+02 
 3.41454887e+01  5.90564053e+01  3.41454887e+01 -1.79994026e+02 
 3.68694506e+01  5.90564053e+01  3.68694506e+01 -1.79993549e+02 
 3.98107171e+01  5.90564053e+01  3.98107171e+01 -1.79993034e+02 
 4.29866235e+01  5.90564053e+01  4.29866235e+01 -1.79992479e+02 
 4.64158883e+01  5.90564053e+01  4.64158883e+01 -1.79991879e+02 
 5.01187234e+01  5.90564053e+01  5.01187234e+01 -1.79991231e+02 
 5.41169527e+01  5.90564052e+01  5.41169527e+01 -1.79990531e+02 
 5.84341413e+01  5.90564052e+01  5.84341413e+01 -1.79989776e+02 
 6.30957344e+01  5.90564052e+01  6.30957344e+01 -1.79988960e+02 
 6.81292069e+01  5.90564052e+01  6.81292069e+01 -1.79988080e+02 
 7.35642254e+01  5.90564051e+01  7.35642254e+01 -1.79987129e+02 
 7.94328235e+01  5.90564051e+01  7.94328235e+01 -1.79986102e+02 
 8.57695899e+01  5.90564050e+01  8.57695899e+01 -1.79984993e+02 
 9.26118728e+01  5.90564050e+01  9.26118728e+01 -1.79983796e+02 
 1.00000000e+02  5.90564049e+01  1.00000000e+02 -1.79982503e+02 
 1.07977516e+02  5.90564048e+01  1.07977516e+02 -1.79981108e+02 
 1.16591440e+02  5.90564047e+01  1.16591440e+02 -1.79979600e+02 
 1.25892541e+02  5.90564046e+01  1.25892541e+02 -1.79977973e+02 
 1.35935639e+02  5.90564045e+01  1.35935639e+02 -1.79976216e+02 
 1.46779927e+02  5.90564043e+01  1.46779927e+02 -1.79974318e+02 
 1.58489319e+02  5.90564042e+01  1.58489319e+02 -1.79972270e+02 
 1.71132830e+02  5.90564040e+01  1.71132830e+02 -1.79970058e+02 
 1.84784980e+02  5.90564037e+01  1.84784980e+02 -1.79967669e+02 
 1.99526231e+02  5.90564035e+01  1.99526231e+02 -1.79965090e+02 
 2.15443469e+02  5.90564031e+01  2.15443469e+02 -1.79962305e+02 
 2.32630507e+02  5.90564028e+01  2.32630507e+02 -1.79959298e+02 
 2.51188643e+02  5.90564023e+01  2.51188643e+02 -1.79956051e+02 
 2.71227258e+02  5.90564018e+01  2.71227258e+02 -1.79952544e+02 
 2.92864456e+02  5.90564012e+01  2.92864456e+02 -1.79948759e+02 
 3.16227766e+02  5.90564006e+01  3.16227766e+02 -1.79944671e+02 
 3.41454887e+02  5.90563998e+01  3.41454887e+02 -1.79940257e+02 
 3.68694506e+02  5.90563988e+01  3.68694506e+02 -1.79935491e+02 
 3.98107171e+02  5.90563977e+01  3.98107171e+02 -1.79930345e+02 
 4.29866235e+02  5.90563965e+01  4.29866235e+02 -1.79924788e+02 
 4.64158883e+02  5.90563950e+01  4.64158883e+02 -1.79918788e+02 
 5.01187234e+02  5.90563933e+01  5.01187234e+02 -1.79912309e+02 
 5.41169527e+02  5.90563913e+01  5.41169527e+02 -1.79905314e+02 
 5.84341413e+02  5.90563889e+01  5.84341413e+02 -1.79897760e+02 
 6.30957344e+02  5.90563862e+01  6.30957344e+02 -1.79889604e+02 
 6.81292069e+02  5.90563830e+01  6.81292069e+02 -1.79880797e+02 
 7.35642254e+02  5.90563793e+01  7.35642254e+02 -1.79871288e+02 
 7.94328235e+02  5.90563749e+01  7.94328235e+02 -1.79861020e+02 
 8.57695899e+02  5.90563699e+01  8.57695899e+02 -1.79849933e+02 
 9.26118728e+02  5.90563640e+01  9.26118728e+02 -1.79837961e+02 
 1.00000000e+03  5.90563572e+01  1.00000000e+03 -1.79825035e+02 
 1.07977516e+03  5.90563492e+01  1.07977516e+03 -1.79811077e+02 
 1.16591440e+03  5.90563398e+01  1.16591440e+03 -1.79796006e+02 
 1.25892541e+03  5.90563289e+01  1.25892541e+03 -1.79779732e+02 
 1.35935639e+03  5.90563163e+01  1.35935639e+03 -1.79762161e+02 
 1.46779927e+03  5.90563015e+01  1.46779927e+03 -1.79743187e+02 
 1.58489319e+03  5.90562842e+01  1.58489319e+03 -1.79722700e+02 
 1.71132830e+03  5.90562642e+01  1.71132830e+03 -1.79700579e+02 
 1.84784980e+03  5.90562407e+01  1.84784980e+03 -1.79676693e+02 
 1.99526231e+03  5.90562134e+01  1.99526231e+03 -1.79650902e+02 
 2.15443469e+03  5.90561816e+01  2.15443469e+03 -1.79623054e+02 
 2.32630507e+03  5.90561444e+01  2.32630507e+03 -1.79592984e+02 
 2.51188643e+03  5.90561011e+01  2.51188643e+03 -1.79560516e+02 
 2.71227258e+03  5.90560506e+01  2.71227258e+03 -1.79525458e+02 
 2.92864456e+03  5.90559918e+01  2.92864456e+03 -1.79487604e+02 
 3.16227766e+03  5.90559232e+01  3.16227766e+03 -1.79446731e+02 
 3.41454887e+03  5.90558432e+01  3.41454887e+03 -1.79402598e+02 
 3.68694506e+03  5.90557499e+01  3.68694506e+03 -1.79354945e+02 
 3.98107171e+03  5.90556412e+01  3.98107171e+03 -1.79303492e+02 
 4.29866235e+03  5.90555144e+01  4.29866235e+03 -1.79247936e+02 
 4.64158883e+03  5.90553666e+01  4.64158883e+03 -1.79187950e+02 
 5.01187234e+03  5.90551943e+01  5.01187234e+03 -1.79123181e+02 
 5.41169527e+03  5.90549934e+01  5.41169527e+03 -1.79053248e+02 
 5.84341413e+03  5.90547591e+01  5.84341413e+03 -1.78977741e+02 
 6.30957344e+03  5.90544861e+01  6.30957344e+03 -1.78896215e+02 
 6.81292069e+03  5.90541677e+01  6.81292069e+03 -1.78808192e+02 
 7.35642254e+03  5.90537966e+01  7.35642254e+03 -1.78713155e+02 
 7.94328235e+03  5.90533639e+01  7.94328235e+03 -1.78610547e+02 
 8.57695899e+03  5.90528595e+01  8.57695899e+03 -1.78499766e+02 
 9.26118728e+03  5.90522714e+01  9.26118728e+03 -1.78380164e+02 
 1.00000000e+04  5.90515859e+01  1.00000000e+04 -1.78251042e+02 
 1.07977516e+04  5.90507868e+01  1.07977516e+04 -1.78111644e+02 
 1.16591440e+04  5.90498553e+01  1.16591440e+04 -1.77961158e+02 
 1.25892541e+04  5.90487695e+01  1.25892541e+04 -1.77798708e+02 
 1.35935639e+04  5.90475039e+01  1.35935639e+04 -1.77623351e+02 
 1.46779927e+04  5.90460287e+01  1.46779927e+04 -1.77434068e+02 
 1.58489319e+04  5.90443095e+01  1.58489319e+04 -1.77229768e+02 
 1.71132830e+04  5.90423059e+01  1.71132830e+04 -1.77009271e+02 
 1.84784980e+04  5.90399709e+01  1.84784980e+04 -1.76771314e+02 
 1.99526231e+04  5.90372502e+01  1.99526231e+04 -1.76514536e+02 
 2.15443469e+04  5.90340802e+01  2.15443469e+04 -1.76237476e+02 
 2.32630507e+04  5.90303871e+01  2.32630507e+04 -1.75938571e+02 
 2.51188643e+04  5.90260852e+01  2.51188643e+04 -1.75616143e+02 
 2.71227258e+04  5.90210749e+01  2.71227258e+04 -1.75268397e+02 
 2.92864456e+04  5.90152406e+01  2.92864456e+04 -1.74893419e+02 
 3.16227766e+04  5.90084481e+01  3.16227766e+04 -1.74489165e+02 
 3.41454887e+04  5.90005419e+01  3.41454887e+04 -1.74053462e+02 
 3.68694506e+04  5.89913420e+01  3.68694506e+04 -1.73584005e+02 
 3.98107171e+04  5.89806400e+01  3.98107171e+04 -1.73078357e+02 
 4.29866235e+04  5.89681954e+01  4.29866235e+04 -1.72533949e+02 
 4.64158883e+04  5.89537307e+01  4.64158883e+04 -1.71948084e+02 
 5.01187234e+04  5.89369263e+01  5.01187234e+04 -1.71317952e+02 
 5.41169527e+04  5.89174148e+01  5.41169527e+04 -1.70640637e+02 
 5.84341413e+04  5.88947755e+01  5.84341413e+04 -1.69913137e+02 
 6.30957344e+04  5.88685272e+01  6.30957344e+04 -1.69132395e+02 
 6.81292069e+04  5.88381214e+01  6.81292069e+04 -1.68295333e+02 
 7.35642254e+04  5.88029356e+01  7.35642254e+04 -1.67398899e+02 
 7.94328235e+04  5.87622661e+01  7.94328235e+04 -1.66440121e+02 
 8.57695899e+04  5.87153215e+01  8.57695899e+04 -1.65416186e+02 
 9.26118728e+04  5.86612164e+01  9.26118728e+04 -1.64324524e+02 
 1.00000000e+05  5.85989678e+01  1.00000000e+05 -1.63162912e+02 
 1.07977516e+05  5.85274919e+01  1.07977516e+05 -1.61929599e+02 
 1.16591440e+05  5.84456045e+01  1.16591440e+05 -1.60623435e+02 
 1.25892541e+05  5.83520256e+01  1.25892541e+05 -1.59244031e+02 
 1.35935639e+05  5.82453875e+01  1.35935639e+05 -1.57791915e+02 
 1.46779927e+05  5.81242490e+01  1.46779927e+05 -1.56268699e+02 
 1.58489319e+05  5.79871161e+01  1.58489319e+05 -1.54677240e+02 
 1.71132830e+05  5.78324686e+01  1.71132830e+05 -1.53021784e+02 
 1.84784980e+05  5.76587936e+01  1.84784980e+05 -1.51308087e+02 
 1.99526231e+05  5.74646247e+01  1.99526231e+05 -1.49543481e+02 
 2.15443469e+05  5.72485863e+01  2.15443469e+05 -1.47736901e+02 
 2.32630507e+05  5.70094389e+01  2.32630507e+05 -1.45898829e+02 
 2.51188643e+05  5.67461247e+01  2.51188643e+05 -1.44041173e+02 
 2.71227258e+05  5.64578089e+01  2.71227258e+05 -1.42177067e+02 
 2.92864456e+05  5.61439133e+01  2.92864456e+05 -1.40320599e+02 
 3.16227766e+05  5.58041399e+01  3.16227766e+05 -1.38486495e+02 
 3.41454887e+05  5.54384809e+01  3.41454887e+05 -1.36689753e+02 
 3.68694506e+05  5.50472158e+01  3.68694506e+05 -1.34945286e+02 
 3.98107171e+05  5.46308940e+01  3.98107171e+05 -1.33267568e+02 
 4.29866235e+05  5.41903049e+01  4.29866235e+05 -1.31670330e+02 
 4.64158883e+05  5.37264395e+01  4.64158883e+05 -1.30166315e+02 
 5.01187234e+05  5.32404438e+01  5.01187234e+05 -1.28767103e+02 
 5.41169527e+05  5.27335705e+01  5.41169527e+05 -1.27483014e+02 
 5.84341413e+05  5.22071299e+01  5.84341413e+05 -1.26323084e+02 
 6.30957344e+05  5.16624437e+01  6.30957344e+05 -1.25295106e+02 
 6.81292069e+05  5.11008035e+01  6.81292069e+05 -1.24405716e+02 
 7.35642254e+05  5.05234351e+01  7.35642254e+05 -1.23660525e+02 
 7.94328235e+05  4.99314687e+01  7.94328235e+05 -1.23064263e+02 
 8.57695899e+05  4.93259154e+01  8.57695899e+05 -1.22620941e+02 
 9.26118728e+05  4.87076494e+01  9.26118728e+05 -1.22334005e+02 
 1.00000000e+06  4.80773949e+01  1.00000000e+06 -1.22206477e+02 
 1.07977516e+06  4.74357168e+01  1.07977516e+06 -1.22241084e+02 
 1.16591440e+06  4.67830151e+01  1.16591440e+06 -1.22440356e+02 
 1.25892541e+06  4.61195212e+01  1.25892541e+06 -1.22806706e+02 
 1.35935639e+06  4.54452972e+01  1.35935639e+06 -1.23342472e+02 
 1.46779927e+06  4.47602357e+01  1.46779927e+06 -1.24049941e+02 
 1.58489319e+06  4.40640627e+01  1.58489319e+06 -1.24931330e+02 
 1.71132830e+06  4.33563420e+01  1.71132830e+06 -1.25988752e+02 
 1.84784980e+06  4.26364814e+01  1.84784980e+06 -1.27224142e+02 
 1.99526231e+06  4.19037433e+01  1.99526231e+06 -1.28639165e+02 
 2.15443469e+06  4.11572581e+01  2.15443469e+06 -1.30235103e+02 
 2.32630507e+06  4.03960426e+01  2.32630507e+06 -1.32012719e+02 
 2.51188643e+06  3.96190240e+01  2.51188643e+06 -1.33972123e+02 
 2.71227258e+06  3.88250701e+01  2.71227258e+06 -1.36112632e+02 
 2.92864456e+06  3.80130254e+01  2.92864456e+06 -1.38432646e+02 
 3.16227766e+06  3.71817534e+01  3.16227766e+06 -1.40929552e+02 
 3.41454887e+06  3.63301834e+01  3.41454887e+06 -1.43599669e+02 
 3.68694506e+06  3.54573607e+01  3.68694506e+06 -1.46438244e+02 
 3.98107171e+06  3.45624965e+01  3.98107171e+06 -1.49439516e+02 
 4.29866235e+06  3.36450148e+01  4.29866235e+06 -1.52596848e+02 
 4.64158883e+06  3.27045915e+01  4.64158883e+06 -1.55902925e+02 
 5.01187234e+06  3.17411833e+01  5.01187234e+06 -1.59350026e+02 
 5.41169527e+06  3.07550402e+01  5.41169527e+06 -1.62930324e+02 
 5.84341413e+06  2.97467018e+01  5.84341413e+06 -1.66636240e+02 
 6.30957344e+06  2.87169728e+01  6.30957344e+06 -1.70460786e+02 
 6.81292069e+06  2.76668798e+01  6.81292069e+06 -1.74397915e+02 
 7.35642254e+06  2.65976065e+01  7.35642254e+06 -1.78442852e+02 
 7.94328235e+06  2.55104126e+01  7.94328235e+06 -1.82592407e+02 
 8.57695899e+06  2.44065341e+01  8.57695899e+06 -1.86845295e+02 
 9.26118728e+06  2.32870690e+01  9.26118728e+06 -1.91202492e+02 
 1.00000000e+07  2.21528491e+01  1.00000000e+07 -1.95667689e+02 
 1.07977516e+07  2.10042995e+01  1.07977516e+07 -2.00247918e+02 
 1.16591440e+07  1.98412871e+01  1.16591440e+07 -2.04954490e+02 
 1.25892541e+07  1.86629632e+01  1.25892541e+07 -2.09804374e+02 
 1.35935639e+07  1.74676058e+01  1.35935639e+07 -2.14822291e+02 
 1.46779927e+07  1.62524803e+01  1.46779927e+07 -2.20043826e+02 
 1.58489319e+07  1.50137559e+01  1.58489319e+07 -2.25520102e+02 
 1.71132830e+07  1.37465579e+01  1.71132830e+07 -2.31324757e+02 
 1.84784980e+07  1.24453355e+01  1.84784980e+07 -2.37564395e+02 
 1.99526231e+07  1.11049348e+01  1.99526231e+07 -2.44394044e+02 
 2.15443469e+07  9.72322219e+00  2.15443469e+07 -2.52039126e+02 
 2.32630507e+07  8.30702753e+00  2.32630507e+07 -2.60822966e+02 
 2.51188643e+07  6.88469553e+00  2.51188643e+07 -2.71187498e+02 
 2.71227258e+07  5.52930936e+00  2.71227258e+07 -2.83658269e+02 
 2.92864456e+07  4.38865549e+00  2.92864456e+07 -2.98628766e+02 
 3.16227766e+07  3.68320369e+00  3.16227766e+07 -3.15833413e+02 
 3.41454887e+07  3.59902771e+00  3.41454887e+07 -3.33854530e+02 
 3.68694506e+07  4.12646095e+00  3.68694506e+07 -3.50656717e+02 
 3.98107171e+07  5.06911330e+00  3.98107171e+07 -3.64911868e+02 
 4.29866235e+07  6.20875239e+00  4.29866235e+07 -3.76432213e+02 
 4.64158883e+07  7.40314300e+00  4.64158883e+07 -3.85641422e+02 
 5.01187234e+07  8.58309513e+00  5.01187234e+07 -3.93069502e+02 
 5.41169527e+07  9.72238165e+00  5.41169527e+07 -3.99156678e+02 
 5.84341413e+07  1.08154727e+01  5.84341413e+07 -4.04225391e+02 
 6.30957344e+07  1.18656892e+01  6.30957344e+07 -4.08501886e+02 
 6.81292069e+07  1.28796300e+01  6.81292069e+07 -4.12142738e+02 
 7.35642254e+07  1.38647064e+01  7.35642254e+07 -4.15255465e+02 
 7.94328235e+07  1.48281019e+01  7.94328235e+07 -4.17912646e+02 
 8.57695899e+07  1.57763520e+01  8.57695899e+07 -4.20161107e+02 
 9.26118728e+07  1.67151673e+01  9.26118728e+07 -4.22027729e+02 
 1.00000000e+08  1.76493183e+01  1.00000000e+08 -4.23523023e+02 
 1.07977516e+08  1.85824865e+01  1.07977516e+08 -4.24643296e+02 
 1.16591440e+08  1.95170270e+01  1.16591440e+08 -4.25372051e+02 
 1.25892541e+08  2.04536031e+01  1.25892541e+08 -4.25681222e+02 
 1.35935639e+08  2.13906750e+01  1.35935639e+08 -4.25532896e+02 
 1.46779927e+08  2.23238578e+01  1.46779927e+08 -4.24882361e+02 
 1.58489319e+08  2.32452281e+01  1.58489319e+08 -4.23683452e+02 
 1.71132830e+08  2.41427714e+01  1.71132830e+08 -4.21897130e+02 
 1.84784980e+08  2.50003091e+01  1.84784980e+08 -4.19503601e+02 
 1.99526231e+08  2.57983549e+01  1.99526231e+08 -4.16516751e+02 
 2.15443469e+08  2.65162816e+01  2.15443469e+08 -4.12997086e+02 
 2.32630507e+08  2.71357398e+01  2.32630507e+08 -4.09057004e+02 
 2.51188643e+08  2.76444927e+01  2.51188643e+08 -4.04852615e+02 
 2.71227258e+08  2.80392004e+01  2.71227258e+08 -4.00561363e+02 
 2.92864456e+08  2.83258762e+01  2.92864456e+08 -3.96352519e+02 
 3.16227766e+08  2.85178656e+01  3.16227766e+08 -3.92361932e+02 
 3.41454887e+08  2.86324292e+01  3.41454887e+08 -3.88679418e+02 
 3.68694506e+08  2.86873977e+01  3.68694506e+08 -3.85349663e+02 
 3.98107171e+08  2.86988598e+01  3.98107171e+08 -3.82381731e+02 
 4.29866235e+08  2.86800715e+01  4.29866235e+08 -3.79761146e+02 
 4.64158883e+08  2.86412886e+01  4.64158883e+08 -3.77460515e+02 
 5.01187234e+08  2.85901057e+01  5.01187234e+08 -3.75447138e+02 
 5.41169527e+08  2.85319767e+01  5.41169527e+08 -3.73687702e+02 
 5.84341413e+08  2.84707316e+01  5.84341413e+08 -3.72150771e+02 
 6.30957344e+08  2.84090092e+01  6.30957344e+08 -3.70807885e+02 
 6.81292069e+08  2.83485910e+01  6.81292069e+08 -3.69633859e+02 
 7.35642254e+08  2.82906461e+01  7.35642254e+08 -3.68606675e+02 
 7.94328235e+08  2.82359079e+01  7.94328235e+08 -3.67707210e+02 
 8.57695899e+08  2.81847998e+01  8.57695899e+08 -3.66918913e+02 
 9.26118728e+08  2.81375256e+01  9.26118728e+08 -3.66227482e+02 
 1.00000000e+09  2.80941353e+01  1.00000000e+09 -3.65620564e+02 
