 1.00000000e+00  4.61764935e+01  1.00000000e+00  1.79999998e+02
 1.07977516e+00  4.61764935e+01  1.07977516e+00  1.79999998e+02
 1.16591440e+00  4.61764935e+01  1.16591440e+00  1.79999998e+02
 1.25892541e+00  4.61764935e+01  1.25892541e+00  1.79999998e+02
 1.35935639e+00  4.61764935e+01  1.35935639e+00  1.79999998e+02
 1.46779927e+00  4.61764935e+01  1.46779927e+00  1.79999997e+02
 1.58489319e+00  4.61764935e+01  1.58489319e+00  1.79999997e+02
 1.71132830e+00  4.61764935e+01  1.71132830e+00  1.79999997e+02
 1.84784980e+00  4.61764935e+01  1.84784980e+00  1.79999997e+02
 1.99526231e+00  4.61764935e+01  1.99526231e+00  1.79999996e+02
 2.15443469e+00  4.61764935e+01  2.15443469e+00  1.79999996e+02
 2.32630507e+00  4.61764935e+01  2.32630507e+00  1.79999996e+02
 2.51188643e+00  4.61764935e+01  2.51188643e+00  1.79999996e+02
 2.71227258e+00  4.61764935e+01  2.71227258e+00  1.79999995e+02
 2.92864456e+00  4.61764935e+01  2.92864456e+00  1.79999995e+02
 3.16227766e+00  4.61764935e+01  3.16227766e+00  1.79999994e+02
 3.41454887e+00  4.61764935e+01  3.41454887e+00  1.79999994e+02
 3.68694506e+00  4.61764935e+01  3.68694506e+00  1.79999993e+02
 3.98107171e+00  4.61764935e+01  3.98107171e+00  1.79999993e+02
 4.29866235e+00  4.61764935e+01  4.29866235e+00  1.79999992e+02
 4.64158883e+00  4.61764935e+01  4.64158883e+00  1.79999992e+02
 5.01187234e+00  4.61764935e+01  5.01187234e+00  1.79999991e+02
 5.41169527e+00  4.61764935e+01  5.41169527e+00  1.79999990e+02
 5.84341413e+00  4.61764935e+01  5.84341413e+00  1.79999990e+02
 6.30957344e+00  4.61764935e+01  6.30957344e+00  1.79999989e+02
 6.81292069e+00  4.61764935e+01  6.81292069e+00  1.79999988e+02
 7.35642254e+00  4.61764935e+01  7.35642254e+00  1.79999987e+02
 7.94328235e+00  4.61764935e+01  7.94328235e+00  1.79999986e+02
 8.57695899e+00  4.61764935e+01  8.57695899e+00  1.79999985e+02
 9.26118728e+00  4.61764935e+01  9.26118728e+00  1.79999984e+02
 1.00000000e+01  4.61764935e+01  1.00000000e+01  1.79999982e+02
 1.07977516e+01  4.61764935e+01  1.07977516e+01  1.79999981e+02
 1.16591440e+01  4.61764935e+01  1.16591440e+01  1.79999979e+02
 1.25892541e+01  4.61764935e+01  1.25892541e+01  1.79999978e+02
 1.35935639e+01  4.61764935e+01  1.35935639e+01  1.79999976e+02
 1.46779927e+01  4.61764935e+01  1.46779927e+01  1.79999974e+02
 1.58489319e+01  4.61764935e+01  1.58489319e+01  1.79999972e+02
 1.71132830e+01  4.61764935e+01  1.71132830e+01  1.79999970e+02
 1.84784980e+01  4.61764935e+01  1.84784980e+01  1.79999967e+02
 1.99526231e+01  4.61764935e+01  1.99526231e+01  1.79999965e+02
 2.15443469e+01  4.61764935e+01  2.15443469e+01  1.79999962e+02
 2.32630507e+01  4.61764935e+01  2.32630507e+01  1.79999959e+02
 2.51188643e+01  4.61764935e+01  2.51188643e+01  1.79999956e+02
 2.71227258e+01  4.61764935e+01  2.71227258e+01  1.79999952e+02
 2.92864456e+01  4.61764935e+01  2.92864456e+01  1.79999948e+02
 3.16227766e+01  4.61764935e+01  3.16227766e+01  1.79999944e+02
 3.41454887e+01  4.61764935e+01  3.41454887e+01  1.79999940e+02
 3.68694506e+01  4.61764935e+01  3.68694506e+01  1.79999935e+02
 3.98107171e+01  4.61764935e+01  3.98107171e+01  1.79999930e+02
 4.29866235e+01  4.61764935e+01  4.29866235e+01  1.79999924e+02
 4.64158883e+01  4.61764935e+01  4.64158883e+01  1.79999918e+02
 5.01187234e+01  4.61764935e+01  5.01187234e+01  1.79999912e+02
 5.41169527e+01  4.61764935e+01  5.41169527e+01  1.79999904e+02
 5.84341413e+01  4.61764935e+01  5.84341413e+01  1.79999897e+02
 6.30957344e+01  4.61764935e+01  6.30957344e+01  1.79999889e+02
 6.81292069e+01  4.61764935e+01  6.81292069e+01  1.79999880e+02
 7.35642254e+01  4.61764935e+01  7.35642254e+01  1.79999870e+02
 7.94328235e+01  4.61764935e+01  7.94328235e+01  1.79999860e+02
 8.57695899e+01  4.61764935e+01  8.57695899e+01  1.79999849e+02
 9.26118728e+01  4.61764935e+01  9.26118728e+01  1.79999836e+02
 1.00000000e+02  4.61764935e+01  1.00000000e+02  1.79999823e+02
 1.07977516e+02  4.61764935e+01  1.07977516e+02  1.79999809e+02
 1.16591440e+02  4.61764935e+01  1.16591440e+02  1.79999794e+02
 1.25892541e+02  4.61764935e+01  1.25892541e+02  1.79999778e+02
 1.35935639e+02  4.61764935e+01  1.35935639e+02  1.79999760e+02
 1.46779927e+02  4.61764935e+01  1.46779927e+02  1.79999741e+02
 1.58489319e+02  4.61764935e+01  1.58489319e+02  1.79999720e+02
 1.71132830e+02  4.61764935e+01  1.71132830e+02  1.79999698e+02
 1.84784980e+02  4.61764935e+01  1.84784980e+02  1.79999674e+02
 1.99526231e+02  4.61764935e+01  1.99526231e+02  1.79999648e+02
 2.15443469e+02  4.61764935e+01  2.15443469e+02  1.79999620e+02
 2.32630507e+02  4.61764935e+01  2.32630507e+02  1.79999589e+02
 2.51188643e+02  4.61764935e+01  2.51188643e+02  1.79999556e+02
 2.71227258e+02  4.61764935e+01  2.71227258e+02  1.79999521e+02
 2.92864456e+02  4.61764935e+01  2.92864456e+02  1.79999483e+02
 3.16227766e+02  4.61764935e+01  3.16227766e+02  1.79999442e+02
 3.41454887e+02  4.61764935e+01  3.41454887e+02  1.79999397e+02
 3.68694506e+02  4.61764936e+01  3.68694506e+02  1.79999349e+02
 3.98107171e+02  4.61764936e+01  3.98107171e+02  1.79999297e+02
 4.29866235e+02  4.61764936e+01  4.29866235e+02  1.79999241e+02
 4.64158883e+02  4.61764936e+01  4.64158883e+02  1.79999180e+02
 5.01187234e+02  4.61764936e+01  5.01187234e+02  1.79999115e+02
 5.41169527e+02  4.61764936e+01  5.41169527e+02  1.79999044e+02
 5.84341413e+02  4.61764937e+01  5.84341413e+02  1.79998968e+02
 6.30957344e+02  4.61764937e+01  6.30957344e+02  1.79998886e+02
 6.81292069e+02  4.61764937e+01  6.81292069e+02  1.79998797e+02
 7.35642254e+02  4.61764938e+01  7.35642254e+02  1.79998701e+02
 7.94328235e+02  4.61764938e+01  7.94328235e+02  1.79998597e+02
 8.57695899e+02  4.61764939e+01  8.57695899e+02  1.79998486e+02
 9.26118728e+02  4.61764939e+01  9.26118728e+02  1.79998365e+02
 1.00000000e+03  4.61764940e+01  1.00000000e+03  1.79998234e+02
 1.07977516e+03  4.61764941e+01  1.07977516e+03  1.79998093e+02
 1.16591440e+03  4.61764942e+01  1.16591440e+03  1.79997941e+02
 1.25892541e+03  4.61764943e+01  1.25892541e+03  1.79997777e+02
 1.35935639e+03  4.61764944e+01  1.35935639e+03  1.79997600e+02
 1.46779927e+03  4.61764946e+01  1.46779927e+03  1.79997408e+02
 1.58489319e+03  4.61764948e+01  1.58489319e+03  1.79997201e+02
 1.71132830e+03  4.61764950e+01  1.71132830e+03  1.79996978e+02
 1.84784980e+03  4.61764953e+01  1.84784980e+03  1.79996737e+02
 1.99526231e+03  4.61764956e+01  1.99526231e+03  1.79996477e+02
 2.15443469e+03  4.61764959e+01  2.15443469e+03  1.79996196e+02
 2.32630507e+03  4.61764963e+01  2.32630507e+03  1.79995892e+02
 2.51188643e+03  4.61764968e+01  2.51188643e+03  1.79995565e+02
 2.71227258e+03  4.61764973e+01  2.71227258e+03  1.79995211e+02
 2.92864456e+03  4.61764980e+01  2.92864456e+03  1.79994829e+02
 3.16227766e+03  4.61764987e+01  3.16227766e+03  1.79994416e+02
 3.41454887e+03  4.61764996e+01  3.41454887e+03  1.79993971e+02
 3.68694506e+03  4.61765006e+01  3.68694506e+03  1.79993490e+02
 3.98107171e+03  4.61765017e+01  3.98107171e+03  1.79992970e+02
 4.29866235e+03  4.61765031e+01  4.29866235e+03  1.79992410e+02
 4.64158883e+03  4.61765047e+01  4.64158883e+03  1.79991804e+02
 5.01187234e+03  4.61765066e+01  5.01187234e+03  1.79991150e+02
 5.41169527e+03  4.61765088e+01  5.41169527e+03  1.79990444e+02
 5.84341413e+03  4.61765113e+01  5.84341413e+03  1.79989682e+02
 6.30957344e+03  4.61765142e+01  6.30957344e+03  1.79988859e+02
 6.81292069e+03  4.61765177e+01  6.81292069e+03  1.79987970e+02
 7.35642254e+03  4.61765217e+01  7.35642254e+03  1.79987010e+02
 7.94328235e+03  4.61765264e+01  7.94328235e+03  1.79985974e+02
 8.57695899e+03  4.61765318e+01  8.57695899e+03  1.79984855e+02
 9.26118728e+03  4.61765382e+01  9.26118728e+03  1.79983647e+02
 1.00000000e+04  4.61765456e+01  1.00000000e+04  1.79982342e+02
 1.07977516e+04  4.61765543e+01  1.07977516e+04  1.79980934e+02
 1.16591440e+04  4.61765644e+01  1.16591440e+04  1.79979413e+02
 1.25892541e+04  4.61765761e+01  1.25892541e+04  1.79977770e+02
 1.35935639e+04  4.61765898e+01  1.35935639e+04  1.79975997e+02
 1.46779927e+04  4.61766058e+01  1.46779927e+04  1.79974082e+02
 1.58489319e+04  4.61766244e+01  1.58489319e+04  1.79972014e+02
 1.71132830e+04  4.61766462e+01  1.71132830e+04  1.79969781e+02
 1.84784980e+04  4.61766715e+01  1.84784980e+04  1.79967370e+02
 1.99526231e+04  4.61767010e+01  1.99526231e+04  1.79964767e+02
 2.15443469e+04  4.61767355e+01  2.15443469e+04  1.79961956e+02
 2.32630507e+04  4.61767756e+01  2.32630507e+04  1.79958921e+02
 2.51188643e+04  4.61768224e+01  2.51188643e+04  1.79955644e+02
 2.71227258e+04  4.61768770e+01  2.71227258e+04  1.79952105e+02
 2.92864456e+04  4.61769406e+01  2.92864456e+04  1.79948283e+02
 3.16227766e+04  4.61770148e+01  3.16227766e+04  1.79944157e+02
 3.41454887e+04  4.61771013e+01  3.41454887e+04  1.79939701e+02
 3.68694506e+04  4.61772022e+01  3.68694506e+04  1.79934889e+02
 3.98107171e+04  4.61773198e+01  3.98107171e+04  1.79929693e+02
 4.29866235e+04  4.61774569e+01  4.29866235e+04  1.79924083e+02
 4.64158883e+04  4.61776167e+01  4.64158883e+04  1.79918024e+02
 5.01187234e+04  4.61778031e+01  5.01187234e+04  1.79911481e+02
 5.41169527e+04  4.61780204e+01  5.41169527e+04  1.79904416e+02
 5.84341413e+04  4.61782738e+01  5.84341413e+04  1.79896786e+02
 6.30957344e+04  4.61785692e+01  6.30957344e+04  1.79888546e+02
 6.81292069e+04  4.61789136e+01  6.81292069e+04  1.79879647e+02
 7.35642254e+04  4.61793152e+01  7.35642254e+04  1.79870036e+02
 7.94328235e+04  4.61797834e+01  7.94328235e+04  1.79859656e+02
 8.57695899e+04  4.61803293e+01  8.57695899e+04  1.79848444e+02
 9.26118728e+04  4.61809659e+01  9.26118728e+04  1.79836335e+02
 1.00000000e+05  4.61817083e+01  1.00000000e+05  1.79823254e+02
 1.07977516e+05  4.61825737e+01  1.07977516e+05  1.79809123e+02
 1.16591440e+05  4.61835830e+01  1.16591440e+05  1.79793857e+02
 1.25892541e+05  4.61847597e+01  1.25892541e+05  1.79777364e+02
 1.35935639e+05  4.61861320e+01  1.35935639e+05  1.79759542e+02
 1.46779927e+05  4.61877321e+01  1.46779927e+05  1.79740282e+02
 1.58489319e+05  4.61895983e+01  1.58489319e+05  1.79719466e+02
 1.71132830e+05  4.61917741e+01  1.71132830e+05  1.79696964e+02
 1.84784980e+05  4.61943120e+01  1.84784980e+05  1.79672635e+02
 1.99526231e+05  4.61972718e+01  1.99526231e+05  1.79646326e+02
 2.15443469e+05  4.62007233e+01  2.15443469e+05  1.79617867e+02
 2.32630507e+05  4.62047499e+01  2.32630507e+05  1.79587075e+02
 2.51188643e+05  4.62094475e+01  2.51188643e+05  1.79553745e+02
 2.71227258e+05  4.62149265e+01  2.71227258e+05  1.79517656e+02
 2.92864456e+05  4.62213184e+01  2.92864456e+05  1.79478561e+02
 3.16227766e+05  4.62287774e+01  3.16227766e+05  1.79436186e+02
 3.41454887e+05  4.62374814e+01  3.41454887e+05  1.79390227e+02
 3.68694506e+05  4.62476408e+01  3.68694506e+05  1.79340345e+02
 3.98107171e+05  4.62594998e+01  3.98107171e+05  1.79286160e+02
 4.29866235e+05  4.62733483e+01  4.29866235e+05  1.79227243e+02
 4.64158883e+05  4.62895174e+01  4.64158883e+05  1.79163106e+02
 5.01187234e+05  4.63084061e+01  5.01187234e+05  1.79093196e+02
 5.41169527e+05  4.63304767e+01  5.41169527e+05  1.79016875e+02
 5.84341413e+05  4.63562850e+01  5.84341413e+05  1.78933407e+02
 6.30957344e+05  4.63864669e+01  6.30957344e+05  1.78841935e+02
 6.81292069e+05  4.64217831e+01  6.81292069e+05  1.78741452e+02
 7.35642254e+05  4.64631292e+01  7.35642254e+05  1.78630766e+02
 7.94328235e+05  4.65115804e+01  7.94328235e+05  1.78508455e+02
 8.57695899e+05  4.65684122e+01  8.57695899e+05  1.78372797e+02
 9.26118728e+05  4.66351030e+01  9.26118728e+05  1.78221704e+02
 1.00000000e+06  4.67135074e+01  1.00000000e+06  1.78052595e+02
 1.07977516e+06  4.68057616e+01  1.07977516e+06  1.77862269e+02
 1.16591440e+06  4.69145516e+01  1.16591440e+06  1.77646676e+02
 1.25892541e+06  4.70430228e+01  1.25892541e+06  1.77400659e+02
 1.35935639e+06  4.71951735e+01  1.35935639e+06  1.77117527e+02
 1.46779927e+06  4.73758021e+01  1.46779927e+06  1.76788489e+02
 1.58489319e+06  4.75910572e+01  1.58489319e+06  1.76401757e+02
 1.71132830e+06  4.78485567e+01  1.71132830e+06  1.75941242e+02
 1.84784980e+06  4.81581634e+01  1.84784980e+06  1.75384448e+02
 1.99526231e+06  4.85327261e+01  1.99526231e+06  1.74699028e+02
 2.15443469e+06  4.89893523e+01  2.15443469e+06  1.73837003e+02
 2.32630507e+06  4.95513676e+01  2.32630507e+06  1.72724235e+02
 2.51188643e+06  5.02512069e+01  2.51188643e+06  1.71240746e+02
 2.71227258e+06  5.11363110e+01  2.71227258e+06  1.69179771e+02
 2.92864456e+06  5.22768042e+01  2.92864456e+06  1.66156469e+02
 3.16227766e+06  5.37794132e+01  3.16227766e+06  1.61378805e+02
 3.41454887e+06  5.57925091e+01  3.41454887e+06  1.52998240e+02
 3.68694506e+06  5.83672410e+01  3.68694506e+06  1.36206202e+02
 3.98107171e+06  6.02432269e+01  3.98107171e+06  1.01897555e+02
 4.29866235e+06  5.81637302e+01  4.29866235e+06  6.19137922e+01
 4.64158883e+06  5.41932324e+01  4.64158883e+06  4.00508000e+01
 5.01187234e+06  5.06256080e+01  5.01187234e+06  2.96368043e+01
 5.41169527e+06  4.76185547e+01  5.41169527e+06  2.40636143e+01
 5.84341413e+06  4.50203041e+01  5.84341413e+06  2.07658119e+01
 6.30957344e+06  4.27083002e+01  6.30957344e+06  1.86959324e+01
 6.81292069e+06  4.06018475e+01  6.81292069e+06  1.73650740e+01
 7.35642254e+06  3.86442105e+01  7.35642254e+06  1.65228479e+01
 7.94328235e+06  3.68002568e+01  7.94328235e+06  1.60260243e+01
 8.57695899e+06  3.50426328e+01  8.57695899e+06  1.57915836e+01
 9.26118728e+06  3.33505954e+01  9.26118728e+06  1.57722206e+01
 1.00000000e+07  3.17097165e+01  1.00000000e+07  1.59294243e+01
 1.07977516e+07  3.01086644e+01  1.07977516e+07  1.62480586e+01
 1.16591440e+07  2.85387515e+01  1.16591440e+07  1.67185917e+01
 1.25892541e+07  2.69884964e+01  1.25892541e+07  1.73361472e+01
 1.35935639e+07  2.54551177e+01  1.35935639e+07  1.81041340e+01
 1.46779927e+07  2.39314376e+01  1.46779927e+07  1.90276519e+01
 1.58489319e+07  2.24104288e+01  1.58489319e+07  2.01201532e+01
 1.71132830e+07  2.08890063e+01  1.71132830e+07  2.14027371e+01
 1.84784980e+07  1.93627519e+01  1.84784980e+07  2.29112369e+01
 1.99526231e+07  1.78250047e+01  1.99526231e+07  2.46285939e+01
 2.15443469e+07  1.62635453e+01  2.15443469e+07  2.66554647e+01
 2.32630507e+07  1.46940020e+01  2.32630507e+07  2.90117902e+01
 2.51188643e+07  1.30944984e+01  2.51188643e+07  3.18105363e+01
 2.71227258e+07  1.14641964e+01  2.71227258e+07  3.51037617e+01
 2.92864456e+07  9.80865450e+00  2.92864456e+07  3.90522493e+01
 3.16227766e+07  8.11937846e+00  3.16227766e+07  4.38144752e+01
 3.41454887e+07  6.43325987e+00  3.41454887e+07  4.98352756e+01
 3.68694506e+07  4.74446214e+00  3.68694506e+07  5.69924242e+01
 3.98107171e+07  3.13795788e+00  3.98107171e+07  6.59080351e+01
 4.29866235e+07  1.65291477e+00  4.29866235e+07  7.63938671e+01
 4.64158883e+07  5.11162111e-01  4.64158883e+07  8.87452634e+01
 5.01187234e+07  -2.23872393e-01  5.01187234e+07  1.01952580e+02
 5.41169527e+07  -6.07315356e-01  5.41169527e+07  1.15103887e+02
 5.84341413e+07  -5.96893909e-01  5.84341413e+07  1.26488361e+02
 6.30957344e+07  -3.14613565e-01  6.30957344e+07  1.36291389e+02
 6.81292069e+07  -6.76603015e-02  6.81292069e+07  1.46563082e+02
 7.35642254e+07  4.68473627e-01  7.35642254e+07  1.52812772e+02
 7.94328235e+07  8.52423083e-01  7.94328235e+07  1.58860840e+02
 8.57695899e+07  1.42680520e+00  8.57695899e+07  1.63754048e+02
 9.26118728e+07  1.76184387e+00  9.26118728e+07  1.68356017e+02
 1.00000000e+08  2.21546447e+00  1.00000000e+08  1.71663497e+02
 1.07977516e+08  2.55631826e+00  1.07977516e+08  1.75044822e+02
 1.16591440e+08  2.95786626e+00  1.16591440e+08  1.77881884e+02
 1.25892541e+08  3.40765551e+00  1.25892541e+08  1.80502265e+02
 1.35935639e+08  3.64389135e+00  1.35935639e+08  1.82706032e+02
 1.46779927e+08  3.92412314e+00  1.46779927e+08  1.85112515e+02
 1.58489319e+08  4.21774629e+00  1.58489319e+08  1.86964429e+02
 1.71132830e+08  4.73066056e+00  1.71132830e+08  1.88725464e+02
 1.84784980e+08  5.25852203e+00  1.84784980e+08  1.89424070e+02
 1.99526231e+08  5.77086233e+00  1.99526231e+08  1.90199469e+02
 2.15443469e+08  5.47636536e+00  2.15443469e+08  1.91054509e+02
 2.32630507e+08  6.42536351e+00  2.32630507e+08  1.91129665e+02
 2.51188643e+08  6.34182622e+00  2.51188643e+08  1.91238827e+02
 2.71227258e+08  6.32796415e+00  2.71227258e+08  1.90612143e+02
 2.92864456e+08  7.07077560e+00  2.92864456e+08  1.90503516e+02
 3.16227766e+08  7.40341956e+00  3.16227766e+08  1.89684974e+02
 3.41454887e+08  7.99285017e+00  3.41454887e+08  1.88484509e+02
 3.68694506e+08  7.86253350e+00  3.68694506e+08  1.87913775e+02
 3.98107171e+08  6.62327227e+00  3.98107171e+08  1.87064965e+02
 4.29866235e+08  6.54071178e+00  4.29866235e+08  1.85979779e+02
 4.64158883e+08  8.18469336e+00  4.64158883e+08  1.85248495e+02
 5.01187234e+08  8.79317968e+00  5.01187234e+08  1.84100546e+02
 5.41169527e+08  7.45066865e+00  5.41169527e+08  1.83705612e+02
 5.84341413e+08  8.65356535e+00  5.84341413e+08  1.82828275e+02
 6.30957344e+08  1.08262314e+01  6.30957344e+08  1.82480978e+02
 6.81292069e+08  9.47251747e+00  6.81292069e+08  1.82455739e+02
 7.35642254e+08  8.13812334e+00  7.35642254e+08  1.81058305e+02
 7.94328235e+08  3.26466057e+00  7.94328235e+08  1.80887482e+02
 8.57695899e+08  1.14208701e+01  8.57695899e+08  1.81194335e+02
 9.26118728e+08  1.00620074e+01  9.26118728e+08  1.81974971e+02
 1.00000000e+09  8.73721252e+00  1.00000000e+09  1.80013147e+02
