 1.00000000e+00  4.68437435e+01  1.00000000e+00  1.79999999e+02
 1.07977516e+00  4.68437435e+01  1.07977516e+00  1.79999999e+02
 1.16591440e+00  4.68437435e+01  1.16591440e+00  1.79999998e+02
 1.25892541e+00  4.68437435e+01  1.25892541e+00  1.79999998e+02
 1.35935639e+00  4.68437435e+01  1.35935639e+00  1.79999998e+02
 1.46779927e+00  4.68437435e+01  1.46779927e+00  1.79999998e+02
 1.58489319e+00  4.68437435e+01  1.58489319e+00  1.79999998e+02
 1.71132830e+00  4.68437435e+01  1.71132830e+00  1.79999998e+02
 1.84784980e+00  4.68437435e+01  1.84784980e+00  1.79999997e+02
 1.99526231e+00  4.68437435e+01  1.99526231e+00  1.79999997e+02
 2.15443469e+00  4.68437435e+01  2.15443469e+00  1.79999997e+02
 2.32630507e+00  4.68437435e+01  2.32630507e+00  1.79999997e+02
 2.51188643e+00  4.68437435e+01  2.51188643e+00  1.79999997e+02
 2.71227258e+00  4.68437435e+01  2.71227258e+00  1.79999996e+02
 2.92864456e+00  4.68437435e+01  2.92864456e+00  1.79999996e+02
 3.16227766e+00  4.68437435e+01  3.16227766e+00  1.79999996e+02
 3.41454887e+00  4.68437435e+01  3.41454887e+00  1.79999995e+02
 3.68694506e+00  4.68437435e+01  3.68694506e+00  1.79999995e+02
 3.98107171e+00  4.68437435e+01  3.98107171e+00  1.79999994e+02
 4.29866235e+00  4.68437435e+01  4.29866235e+00  1.79999994e+02
 4.64158883e+00  4.68437435e+01  4.64158883e+00  1.79999994e+02
 5.01187234e+00  4.68437435e+01  5.01187234e+00  1.79999993e+02
 5.41169527e+00  4.68437435e+01  5.41169527e+00  1.79999993e+02
 5.84341413e+00  4.68437435e+01  5.84341413e+00  1.79999992e+02
 6.30957344e+00  4.68437435e+01  6.30957344e+00  1.79999991e+02
 6.81292069e+00  4.68437435e+01  6.81292069e+00  1.79999991e+02
 7.35642254e+00  4.68437435e+01  7.35642254e+00  1.79999990e+02
 7.94328235e+00  4.68437435e+01  7.94328235e+00  1.79999989e+02
 8.57695899e+00  4.68437435e+01  8.57695899e+00  1.79999988e+02
 9.26118728e+00  4.68437435e+01  9.26118728e+00  1.79999987e+02
 1.00000000e+01  4.68437435e+01  1.00000000e+01  1.79999986e+02
 1.07977516e+01  4.68437435e+01  1.07977516e+01  1.79999985e+02
 1.16591440e+01  4.68437435e+01  1.16591440e+01  1.79999984e+02
 1.25892541e+01  4.68437435e+01  1.25892541e+01  1.79999983e+02
 1.35935639e+01  4.68437435e+01  1.35935639e+01  1.79999981e+02
 1.46779927e+01  4.68437435e+01  1.46779927e+01  1.79999980e+02
 1.58489319e+01  4.68437435e+01  1.58489319e+01  1.79999978e+02
 1.71132830e+01  4.68437435e+01  1.71132830e+01  1.79999976e+02
 1.84784980e+01  4.68437435e+01  1.84784980e+01  1.79999974e+02
 1.99526231e+01  4.68437435e+01  1.99526231e+01  1.79999972e+02
 2.15443469e+01  4.68437435e+01  2.15443469e+01  1.79999970e+02
 2.32630507e+01  4.68437435e+01  2.32630507e+01  1.79999968e+02
 2.51188643e+01  4.68437435e+01  2.51188643e+01  1.79999965e+02
 2.71227258e+01  4.68437435e+01  2.71227258e+01  1.79999962e+02
 2.92864456e+01  4.68437435e+01  2.92864456e+01  1.79999959e+02
 3.16227766e+01  4.68437435e+01  3.16227766e+01  1.79999956e+02
 3.41454887e+01  4.68437435e+01  3.41454887e+01  1.79999953e+02
 3.68694506e+01  4.68437435e+01  3.68694506e+01  1.79999949e+02
 3.98107171e+01  4.68437435e+01  3.98107171e+01  1.79999945e+02
 4.29866235e+01  4.68437435e+01  4.29866235e+01  1.79999941e+02
 4.64158883e+01  4.68437435e+01  4.64158883e+01  1.79999936e+02
 5.01187234e+01  4.68437435e+01  5.01187234e+01  1.79999931e+02
 5.41169527e+01  4.68437435e+01  5.41169527e+01  1.79999925e+02
 5.84341413e+01  4.68437435e+01  5.84341413e+01  1.79999919e+02
 6.30957344e+01  4.68437435e+01  6.30957344e+01  1.79999913e+02
 6.81292069e+01  4.68437435e+01  6.81292069e+01  1.79999906e+02
 7.35642254e+01  4.68437435e+01  7.35642254e+01  1.79999898e+02
 7.94328235e+01  4.68437435e+01  7.94328235e+01  1.79999890e+02
 8.57695899e+01  4.68437435e+01  8.57695899e+01  1.79999881e+02
 9.26118728e+01  4.68437435e+01  9.26118728e+01  1.79999872e+02
 1.00000000e+02  4.68437435e+01  1.00000000e+02  1.79999862e+02
 1.07977516e+02  4.68437435e+01  1.07977516e+02  1.79999851e+02
 1.16591440e+02  4.68437435e+01  1.16591440e+02  1.79999839e+02
 1.25892541e+02  4.68437435e+01  1.25892541e+02  1.79999826e+02
 1.35935639e+02  4.68437435e+01  1.35935639e+02  1.79999812e+02
 1.46779927e+02  4.68437435e+01  1.46779927e+02  1.79999797e+02
 1.58489319e+02  4.68437435e+01  1.58489319e+02  1.79999781e+02
 1.71132830e+02  4.68437435e+01  1.71132830e+02  1.79999763e+02
 1.84784980e+02  4.68437435e+01  1.84784980e+02  1.79999744e+02
 1.99526231e+02  4.68437435e+01  1.99526231e+02  1.79999724e+02
 2.15443469e+02  4.68437435e+01  2.15443469e+02  1.79999702e+02
 2.32630507e+02  4.68437435e+01  2.32630507e+02  1.79999678e+02
 2.51188643e+02  4.68437435e+01  2.51188643e+02  1.79999653e+02
 2.71227258e+02  4.68437435e+01  2.71227258e+02  1.79999625e+02
 2.92864456e+02  4.68437435e+01  2.92864456e+02  1.79999595e+02
 3.16227766e+02  4.68437435e+01  3.16227766e+02  1.79999563e+02
 3.41454887e+02  4.68437435e+01  3.41454887e+02  1.79999528e+02
 3.68694506e+02  4.68437435e+01  3.68694506e+02  1.79999490e+02
 3.98107171e+02  4.68437436e+01  3.98107171e+02  1.79999449e+02
 4.29866235e+02  4.68437436e+01  4.29866235e+02  1.79999405e+02
 4.64158883e+02  4.68437436e+01  4.64158883e+02  1.79999358e+02
 5.01187234e+02  4.68437436e+01  5.01187234e+02  1.79999307e+02
 5.41169527e+02  4.68437436e+01  5.41169527e+02  1.79999252e+02
 5.84341413e+02  4.68437437e+01  5.84341413e+02  1.79999192e+02
 6.30957344e+02  4.68437437e+01  6.30957344e+02  1.79999127e+02
 6.81292069e+02  4.68437438e+01  6.81292069e+02  1.79999058e+02
 7.35642254e+02  4.68437438e+01  7.35642254e+02  1.79998983e+02
 7.94328235e+02  4.68437439e+01  7.94328235e+02  1.79998901e+02
 8.57695899e+02  4.68437439e+01  8.57695899e+02  1.79998814e+02
 9.26118728e+02  4.68437440e+01  9.26118728e+02  1.79998719e+02
 1.00000000e+03  4.68437441e+01  1.00000000e+03  1.79998617e+02
 1.07977516e+03  4.68437442e+01  1.07977516e+03  1.79998507e+02
 1.16591440e+03  4.68437443e+01  1.16591440e+03  1.79998388e+02
 1.25892541e+03  4.68437445e+01  1.25892541e+03  1.79998259e+02
 1.35935639e+03  4.68437446e+01  1.35935639e+03  1.79998120e+02
 1.46779927e+03  4.68437448e+01  1.46779927e+03  1.79997970e+02
 1.58489319e+03  4.68437451e+01  1.58489319e+03  1.79997808e+02
 1.71132830e+03  4.68437453e+01  1.71132830e+03  1.79997633e+02
 1.84784980e+03  4.68437456e+01  1.84784980e+03  1.79997444e+02
 1.99526231e+03  4.68437460e+01  1.99526231e+03  1.79997241e+02
 2.15443469e+03  4.68437464e+01  2.15443469e+03  1.79997020e+02
 2.32630507e+03  4.68437469e+01  2.32630507e+03  1.79996783e+02
 2.51188643e+03  4.68437475e+01  2.51188643e+03  1.79996526e+02
 2.71227258e+03  4.68437481e+01  2.71227258e+03  1.79996249e+02
 2.92864456e+03  4.68437489e+01  2.92864456e+03  1.79995950e+02
 3.16227766e+03  4.68437498e+01  3.16227766e+03  1.79995627e+02
 3.41454887e+03  4.68437509e+01  3.41454887e+03  1.79995278e+02
 3.68694506e+03  4.68437521e+01  3.68694506e+03  1.79994901e+02
 3.98107171e+03  4.68437536e+01  3.98107171e+03  1.79994494e+02
 4.29866235e+03  4.68437552e+01  4.29866235e+03  1.79994055e+02
 4.64158883e+03  4.68437572e+01  4.64158883e+03  1.79993581e+02
 5.01187234e+03  4.68437595e+01  5.01187234e+03  1.79993069e+02
 5.41169527e+03  4.68437621e+01  5.41169527e+03  1.79992516e+02
 5.84341413e+03  4.68437652e+01  5.84341413e+03  1.79991919e+02
 6.30957344e+03  4.68437688e+01  6.30957344e+03  1.79991274e+02
 6.81292069e+03  4.68437730e+01  6.81292069e+03  1.79990578e+02
 7.35642254e+03  4.68437779e+01  7.35642254e+03  1.79989826e+02
 7.94328235e+03  4.68437836e+01  7.94328235e+03  1.79989014e+02
 8.57695899e+03  4.68437903e+01  8.57695899e+03  1.79988138e+02
 9.26118728e+03  4.68437981e+01  9.26118728e+03  1.79987192e+02
 1.00000000e+04  4.68438072e+01  1.00000000e+04  1.79986170e+02
 1.07977516e+04  4.68438177e+01  1.07977516e+04  1.79985067e+02
 1.16591440e+04  4.68438300e+01  1.16591440e+04  1.79983875e+02
 1.25892541e+04  4.68438444e+01  1.25892541e+04  1.79982589e+02
 1.35935639e+04  4.68438612e+01  1.35935639e+04  1.79981200e+02
 1.46779927e+04  4.68438807e+01  1.46779927e+04  1.79979700e+02
 1.58489319e+04  4.68439035e+01  1.58489319e+04  1.79978080e+02
 1.71132830e+04  4.68439300e+01  1.71132830e+04  1.79976331e+02
 1.84784980e+04  4.68439609e+01  1.84784980e+04  1.79974443e+02
 1.99526231e+04  4.68439970e+01  1.99526231e+04  1.79972404e+02
 2.15443469e+04  4.68440391e+01  2.15443469e+04  1.79970202e+02
 2.32630507e+04  4.68440882e+01  2.32630507e+04  1.79967825e+02
 2.51188643e+04  4.68441453e+01  2.51188643e+04  1.79965258e+02
 2.71227258e+04  4.68442120e+01  2.71227258e+04  1.79962486e+02
 2.92864456e+04  4.68442898e+01  2.92864456e+04  1.79959492e+02
 3.16227766e+04  4.68443804e+01  3.16227766e+04  1.79956260e+02
 3.41454887e+04  4.68444861e+01  3.41454887e+04  1.79952770e+02
 3.68694506e+04  4.68446093e+01  3.68694506e+04  1.79949000e+02
 3.98107171e+04  4.68447530e+01  3.98107171e+04  1.79944930e+02
 4.29866235e+04  4.68449205e+01  4.29866235e+04  1.79940535e+02
 4.64158883e+04  4.68451158e+01  4.64158883e+04  1.79935788e+02
 5.01187234e+04  4.68453435e+01  5.01187234e+04  1.79930663e+02
 5.41169527e+04  4.68456090e+01  5.41169527e+04  1.79925127e+02
 5.84341413e+04  4.68459185e+01  5.84341413e+04  1.79919149e+02
 6.30957344e+04  4.68462795e+01  6.30957344e+04  1.79912692e+02
 6.81292069e+04  4.68467003e+01  6.81292069e+04  1.79905719e+02
 7.35642254e+04  4.68471909e+01  7.35642254e+04  1.79898187e+02
 7.94328235e+04  4.68477631e+01  7.94328235e+04  1.79890051e+02
 8.57695899e+04  4.68484302e+01  8.57695899e+04  1.79881263e+02
 9.26118728e+04  4.68492080e+01  9.26118728e+04  1.79871770e+02
 1.00000000e+05  4.68501149e+01  1.00000000e+05  1.79861513e+02
 1.07977516e+05  4.68511725e+01  1.07977516e+05  1.79850432e+02
 1.16591440e+05  4.68524059e+01  1.16591440e+05  1.79838458e+02
 1.25892541e+05  4.68538438e+01  1.25892541e+05  1.79825517e+02
 1.35935639e+05  4.68555207e+01  1.35935639e+05  1.79811531e+02
 1.46779927e+05  4.68574762e+01  1.46779927e+05  1.79796411e+02
 1.58489319e+05  4.68597562e+01  1.58489319e+05  1.79780064e+02
 1.71132830e+05  4.68624162e+01  1.71132830e+05  1.79762384e+02
 1.84784980e+05  4.68655184e+01  1.84784980e+05  1.79743259e+02
 1.99526231e+05  4.68691364e+01  1.99526231e+05  1.79722565e+02
 2.15443469e+05  4.68733563e+01  2.15443469e+05  1.79700164e+02
 2.32630507e+05  4.68782783e+01  2.32630507e+05  1.79675907e+02
 2.51188643e+05  4.68840217e+01  2.51188643e+05  1.79649627e+02
 2.71227258e+05  4.68907223e+01  2.71227258e+05  1.79621139e+02
 2.92864456e+05  4.68985407e+01  2.92864456e+05  1.79590238e+02
 3.16227766e+05  4.69076654e+01  3.16227766e+05  1.79556695e+02
 3.41454887e+05  4.69183150e+01  3.41454887e+05  1.79520252e+02
 3.68694506e+05  4.69307474e+01  3.68694506e+05  1.79480620e+02
 3.98107171e+05  4.69452692e+01  3.98107171e+05  1.79437469e+02
 4.29866235e+05  4.69622244e+01  4.29866235e+05  1.79390422e+02
 4.64158883e+05  4.69820352e+01  4.64158883e+05  1.79339049e+02
 5.01187234e+05  4.70051903e+01  5.01187234e+05  1.79282850e+02
 5.41169527e+05  4.70322653e+01  5.41169527e+05  1.79221243e+02
 5.84341413e+05  4.70639300e+01  5.84341413e+05  1.79153547e+02
 6.30957344e+05  4.71009953e+01  6.30957344e+05  1.79078951e+02
 6.81292069e+05  4.71444097e+01  6.81292069e+05  1.78996491e+02
 7.35642254e+05  4.71952910e+01  7.35642254e+05  1.78905004e+02
 7.94328235e+05  4.72549894e+01  7.94328235e+05  1.78803076e+02
 8.57695899e+05  4.73250903e+01  8.57695899e+05  1.78688967e+02
 9.26118728e+05  4.74075265e+01  9.26118728e+05  1.78560521e+02
 1.00000000e+06  4.75046325e+01  1.00000000e+06  1.78415019e+02
 1.07977516e+06  4.76191842e+01  1.07977516e+06  1.78249024e+02
 1.16591440e+06  4.77546208e+01  1.16591440e+06  1.78058095e+02
 1.25892541e+06  4.79151660e+01  1.25892541e+06  1.77836440e+02
 1.35935639e+06  4.81060756e+01  1.35935639e+06  1.77576356e+02
 1.46779927e+06  4.83338943e+01  1.46779927e+06  1.77267468e+02
 1.58489319e+06  4.86070083e+01  1.58489319e+06  1.76895399e+02
 1.71132830e+06  4.89362521e+01  1.71132830e+06  1.76439901e+02
 1.84784980e+06  4.93359205e+01  1.84784980e+06  1.75871422e+02
 1.99526231e+06  4.98251456e+01  1.99526231e+06  1.75145550e+02
 2.15443469e+06  5.04307076e+01  2.15443469e+06  1.74192346e+02
 2.32630507e+06  5.11906953e+01  2.32630507e+06  1.72896001e+02
 2.51188643e+06  5.21622337e+01  2.51188643e+06  1.71050628e+02
 2.71227258e+06  5.34348118e+01  2.71227258e+06  1.68255952e+02
 2.92864456e+06  5.51542569e+01  2.92864456e+06  1.63632030e+02
 3.16227766e+06  5.75565781e+01  3.16227766e+06  1.54891223e+02
 3.41454887e+06  6.08007614e+01  3.41454887e+06  1.34933713e+02
 3.68694506e+06  6.25497543e+01  3.68694506e+06  8.97137285e+01
 3.98107171e+06  5.87727959e+01  3.98107171e+06  4.87706724e+01
 4.29866235e+06  5.43016453e+01  4.29866235e+06  3.16865657e+01
 4.64158883e+06  5.06911206e+01  4.64158883e+06  2.40463367e+01
 5.01187234e+06  4.77166416e+01  5.01187234e+06  2.00064025e+01
 5.41169527e+06  4.51593330e+01  5.41169527e+06  1.76422185e+01
 5.84341413e+06  4.28830090e+01  5.84341413e+06  1.61929818e+01
 6.30957344e+06  4.08047432e+01  6.30957344e+06  1.53054960e+01
 6.81292069e+06  3.88724622e+01  6.81292069e+06  1.47929629e+01
 7.35642254e+06  3.70483675e+01  7.35642254e+06  1.45560400e+01
 7.94328235e+06  3.53063776e+01  7.94328235e+06  1.45308699e+01
 8.57695899e+06  3.36302310e+01  8.57695899e+06  1.46813214e+01
 9.26118728e+06  3.20027644e+01  9.26118728e+06  1.49866094e+01
 1.00000000e+07  3.04142151e+01  1.00000000e+07  1.54330051e+01
 1.07977516e+07  2.88546103e+01  1.07977516e+07  1.60119298e+01
 1.16591440e+07  2.73172379e+01  1.16591440e+07  1.67230396e+01
 1.25892541e+07  2.57938202e+01  1.25892541e+07  1.75740409e+01
 1.35935639e+07  2.42827254e+01  1.35935639e+07  1.85768685e+01
 1.46779927e+07  2.27763727e+01  1.46779927e+07  1.97319335e+01
 1.58489319e+07  2.12680028e+01  1.58489319e+07  2.10715910e+01
 1.71132830e+07  1.97578299e+01  1.71132830e+07  2.25984047e+01
 1.84784980e+07  1.82355063e+01  1.84784980e+07  2.43581651e+01
 1.99526231e+07  1.66994768e+01  1.99526231e+07  2.64118211e+01
 2.15443469e+07  1.51515207e+01  2.15443469e+07  2.87354394e+01
 2.32630507e+07  1.35773111e+01  2.32630507e+07  3.15278491e+01
 2.51188643e+07  1.19806915e+01  2.51188643e+07  3.47189931e+01
 2.71227258e+07  1.03615337e+01  2.71227258e+07  3.85876947e+01
 2.92864456e+07  8.71477215e+00  2.92864456e+07  4.32136619e+01
 3.16227766e+07  7.06347408e+00  3.16227766e+07  4.86970201e+01
 3.41454887e+07  5.41537658e+00  3.41454887e+07  5.55014110e+01
 3.68694506e+07  3.82450556e+00  3.68694506e+07  6.37667821e+01
 3.98107171e+07  2.35664964e+00  3.98107171e+07  7.33625870e+01
 4.29866235e+07  1.10322027e+00  4.29866235e+07  8.45619905e+01
 4.64158883e+07  2.40644661e-01  4.64158883e+07  9.71059585e+01
 5.01187234e+07  -2.78626428e-01  5.01187234e+07  1.10073067e+02
 5.41169527e+07  -4.65921432e-01  5.41169527e+07  1.21419639e+02
 5.84341413e+07  -2.83506351e-01  5.84341413e+07  1.32056879e+02
 6.30957344e+07  -6.55023671e-03  6.30957344e+07  1.42679860e+02
 6.81292069e+07  4.48233944e-01  6.81292069e+07  1.50094955e+02
 7.35642254e+07  8.35270530e-01  7.35642254e+07  1.55798551e+02
 7.94328235e+07  1.16637618e+00  7.94328235e+07  1.61106530e+02
 8.57695899e+07  1.58662373e+00  8.57695899e+07  1.65555682e+02
 9.26118728e+07  2.02829814e+00  9.26118728e+07  1.69928376e+02
 1.00000000e+08  2.32427590e+00  1.00000000e+08  1.73407362e+02
 1.07977516e+08  2.69663301e+00  1.07977516e+08  1.76641669e+02
 1.16591440e+08  3.12689529e+00  1.16591440e+08  1.79065213e+02
 1.25892541e+08  3.55721474e+00  1.25892541e+08  1.81700057e+02
 1.35935639e+08  3.63353363e+00  1.35935639e+08  1.84112035e+02
 1.46779927e+08  4.23588267e+00  1.46779927e+08  1.85909399e+02
 1.58489319e+08  4.35922163e+00  1.58489319e+08  1.87750476e+02
 1.71132830e+08  5.09896441e+00  1.71132830e+08  1.88894571e+02
 1.84784980e+08  5.13427259e+00  1.84784980e+08  1.90279272e+02
 1.99526231e+08  5.58992354e+00  1.99526231e+08  1.90465828e+02
 2.15443469e+08  5.95611560e+00  2.15443469e+08  1.91161189e+02
 2.32630507e+08  6.54420475e+00  2.32630507e+08  1.90997870e+02
 2.51188643e+08  6.44490879e+00  2.51188643e+08  1.91069303e+02
 2.71227258e+08  6.97411931e+00  2.71227258e+08  1.90421850e+02
 2.92864456e+08  7.13223044e+00  2.92864456e+08  1.89885641e+02
 3.16227766e+08  6.72238136e+00  3.16227766e+08  1.89163251e+02
 3.41454887e+08  7.12018540e+00  3.41454887e+08  1.88320468e+02
 3.68694506e+08  7.86603631e+00  3.68694506e+08  1.87345760e+02
 3.98107171e+08  7.78010501e+00  3.98107171e+08  1.86345203e+02
 4.29866235e+08  7.85276179e+00  4.29866235e+08  1.85615458e+02
 4.64158883e+08  8.14586408e+00  4.64158883e+08  1.84683603e+02
 5.01187234e+08  6.83742518e+00  5.01187234e+08  1.83819378e+02
 5.41169527e+08  7.44614543e+00  5.41169527e+08  1.83177049e+02
 5.84341413e+08  8.60053641e+00  5.84341413e+08  1.82420413e+02
 6.30957344e+08  1.67673169e+01  6.30957344e+08  1.82543367e+02
 6.81292069e+08  3.41347816e+00  6.81292069e+08  1.81385229e+02
 7.35642254e+08  8.07107570e+00  7.35642254e+08  1.81123877e+02
 7.94328235e+08  6.71632533e+00  7.94328235e+08  1.80801458e+02
 8.57695899e+08  5.35973062e+00  8.57695899e+08  1.79950149e+02
 9.26118728e+08  4.00322691e+00  9.26118728e+08  1.81049633e+02
 1.00000000e+09  5.62014974e+01  1.00000000e+09  9.14867953e+01
