 1.00000000e+00  4.71539568e+01  1.00000000e+00  1.79999999e+02
 1.07977516e+00  4.71539568e+01  1.07977516e+00  1.79999999e+02
 1.16591440e+00  4.71539568e+01  1.16591440e+00  1.79999998e+02
 1.25892541e+00  4.71539568e+01  1.25892541e+00  1.79999998e+02
 1.35935639e+00  4.71539568e+01  1.35935639e+00  1.79999998e+02
 1.46779927e+00  4.71539568e+01  1.46779927e+00  1.79999998e+02
 1.58489319e+00  4.71539568e+01  1.58489319e+00  1.79999998e+02
 1.71132830e+00  4.71539568e+01  1.71132830e+00  1.79999998e+02
 1.84784980e+00  4.71539568e+01  1.84784980e+00  1.79999997e+02
 1.99526231e+00  4.71539568e+01  1.99526231e+00  1.79999997e+02
 2.15443469e+00  4.71539568e+01  2.15443469e+00  1.79999997e+02
 2.32630507e+00  4.71539568e+01  2.32630507e+00  1.79999997e+02
 2.51188643e+00  4.71539568e+01  2.51188643e+00  1.79999997e+02
 2.71227258e+00  4.71539568e+01  2.71227258e+00  1.79999996e+02
 2.92864456e+00  4.71539568e+01  2.92864456e+00  1.79999996e+02
 3.16227766e+00  4.71539568e+01  3.16227766e+00  1.79999996e+02
 3.41454887e+00  4.71539568e+01  3.41454887e+00  1.79999995e+02
 3.68694506e+00  4.71539568e+01  3.68694506e+00  1.79999995e+02
 3.98107171e+00  4.71539568e+01  3.98107171e+00  1.79999995e+02
 4.29866235e+00  4.71539568e+01  4.29866235e+00  1.79999994e+02
 4.64158883e+00  4.71539568e+01  4.64158883e+00  1.79999994e+02
 5.01187234e+00  4.71539568e+01  5.01187234e+00  1.79999993e+02
 5.41169527e+00  4.71539568e+01  5.41169527e+00  1.79999993e+02
 5.84341413e+00  4.71539568e+01  5.84341413e+00  1.79999992e+02
 6.30957344e+00  4.71539568e+01  6.30957344e+00  1.79999991e+02
 6.81292069e+00  4.71539568e+01  6.81292069e+00  1.79999991e+02
 7.35642254e+00  4.71539568e+01  7.35642254e+00  1.79999990e+02
 7.94328235e+00  4.71539568e+01  7.94328235e+00  1.79999989e+02
 8.57695899e+00  4.71539568e+01  8.57695899e+00  1.79999988e+02
 9.26118728e+00  4.71539568e+01  9.26118728e+00  1.79999987e+02
 1.00000000e+01  4.71539568e+01  1.00000000e+01  1.79999986e+02
 1.07977516e+01  4.71539568e+01  1.07977516e+01  1.79999985e+02
 1.16591440e+01  4.71539568e+01  1.16591440e+01  1.79999984e+02
 1.25892541e+01  4.71539568e+01  1.25892541e+01  1.79999983e+02
 1.35935639e+01  4.71539568e+01  1.35935639e+01  1.79999981e+02
 1.46779927e+01  4.71539568e+01  1.46779927e+01  1.79999980e+02
 1.58489319e+01  4.71539568e+01  1.58489319e+01  1.79999978e+02
 1.71132830e+01  4.71539568e+01  1.71132830e+01  1.79999977e+02
 1.84784980e+01  4.71539568e+01  1.84784980e+01  1.79999975e+02
 1.99526231e+01  4.71539568e+01  1.99526231e+01  1.79999973e+02
 2.15443469e+01  4.71539568e+01  2.15443469e+01  1.79999971e+02
 2.32630507e+01  4.71539568e+01  2.32630507e+01  1.79999968e+02
 2.51188643e+01  4.71539568e+01  2.51188643e+01  1.79999966e+02
 2.71227258e+01  4.71539568e+01  2.71227258e+01  1.79999963e+02
 2.92864456e+01  4.71539568e+01  2.92864456e+01  1.79999960e+02
 3.16227766e+01  4.71539568e+01  3.16227766e+01  1.79999957e+02
 3.41454887e+01  4.71539568e+01  3.41454887e+01  1.79999953e+02
 3.68694506e+01  4.71539568e+01  3.68694506e+01  1.79999950e+02
 3.98107171e+01  4.71539568e+01  3.98107171e+01  1.79999945e+02
 4.29866235e+01  4.71539568e+01  4.29866235e+01  1.79999941e+02
 4.64158883e+01  4.71539568e+01  4.64158883e+01  1.79999936e+02
 5.01187234e+01  4.71539568e+01  5.01187234e+01  1.79999931e+02
 5.41169527e+01  4.71539568e+01  5.41169527e+01  1.79999926e+02
 5.84341413e+01  4.71539568e+01  5.84341413e+01  1.79999920e+02
 6.30957344e+01  4.71539568e+01  6.30957344e+01  1.79999914e+02
 6.81292069e+01  4.71539568e+01  6.81292069e+01  1.79999907e+02
 7.35642254e+01  4.71539568e+01  7.35642254e+01  1.79999899e+02
 7.94328235e+01  4.71539568e+01  7.94328235e+01  1.79999891e+02
 8.57695899e+01  4.71539568e+01  8.57695899e+01  1.79999883e+02
 9.26118728e+01  4.71539568e+01  9.26118728e+01  1.79999873e+02
 1.00000000e+02  4.71539568e+01  1.00000000e+02  1.79999863e+02
 1.07977516e+02  4.71539568e+01  1.07977516e+02  1.79999852e+02
 1.16591440e+02  4.71539568e+01  1.16591440e+02  1.79999840e+02
 1.25892541e+02  4.71539568e+01  1.25892541e+02  1.79999828e+02
 1.35935639e+02  4.71539568e+01  1.35935639e+02  1.79999814e+02
 1.46779927e+02  4.71539568e+01  1.46779927e+02  1.79999799e+02
 1.58489319e+02  4.71539568e+01  1.58489319e+02  1.79999783e+02
 1.71132830e+02  4.71539568e+01  1.71132830e+02  1.79999766e+02
 1.84784980e+02  4.71539568e+01  1.84784980e+02  1.79999747e+02
 1.99526231e+02  4.71539568e+01  1.99526231e+02  1.79999727e+02
 2.15443469e+02  4.71539568e+01  2.15443469e+02  1.79999705e+02
 2.32630507e+02  4.71539568e+01  2.32630507e+02  1.79999682e+02
 2.51188643e+02  4.71539568e+01  2.51188643e+02  1.79999656e+02
 2.71227258e+02  4.71539568e+01  2.71227258e+02  1.79999629e+02
 2.92864456e+02  4.71539568e+01  2.92864456e+02  1.79999599e+02
 3.16227766e+02  4.71539568e+01  3.16227766e+02  1.79999567e+02
 3.41454887e+02  4.71539568e+01  3.41454887e+02  1.79999533e+02
 3.68694506e+02  4.71539568e+01  3.68694506e+02  1.79999495e+02
 3.98107171e+02  4.71539569e+01  3.98107171e+02  1.79999455e+02
 4.29866235e+02  4.71539569e+01  4.29866235e+02  1.79999411e+02
 4.64158883e+02  4.71539569e+01  4.64158883e+02  1.79999365e+02
 5.01187234e+02  4.71539569e+01  5.01187234e+02  1.79999314e+02
 5.41169527e+02  4.71539570e+01  5.41169527e+02  1.79999259e+02
 5.84341413e+02  4.71539570e+01  5.84341413e+02  1.79999200e+02
 6.30957344e+02  4.71539570e+01  6.30957344e+02  1.79999136e+02
 6.81292069e+02  4.71539571e+01  6.81292069e+02  1.79999067e+02
 7.35642254e+02  4.71539571e+01  7.35642254e+02  1.79998993e+02
 7.94328235e+02  4.71539572e+01  7.94328235e+02  1.79998912e+02
 8.57695899e+02  4.71539573e+01  8.57695899e+02  1.79998826e+02
 9.26118728e+02  4.71539574e+01  9.26118728e+02  1.79998732e+02
 1.00000000e+03  4.71539575e+01  1.00000000e+03  1.79998631e+02
 1.07977516e+03  4.71539576e+01  1.07977516e+03  1.79998522e+02
 1.16591440e+03  4.71539577e+01  1.16591440e+03  1.79998404e+02
 1.25892541e+03  4.71539579e+01  1.25892541e+03  1.79998276e+02
 1.35935639e+03  4.71539581e+01  1.35935639e+03  1.79998139e+02
 1.46779927e+03  4.71539583e+01  1.46779927e+03  1.79997990e+02
 1.58489319e+03  4.71539585e+01  1.58489319e+03  1.79997830e+02
 1.71132830e+03  4.71539588e+01  1.71132830e+03  1.79997657e+02
 1.84784980e+03  4.71539592e+01  1.84784980e+03  1.79997470e+02
 1.99526231e+03  4.71539596e+01  1.99526231e+03  1.79997268e+02
 2.15443469e+03  4.71539600e+01  2.15443469e+03  1.79997050e+02
 2.32630507e+03  4.71539606e+01  2.32630507e+03  1.79996815e+02
 2.51188643e+03  4.71539612e+01  2.51188643e+03  1.79996561e+02
 2.71227258e+03  4.71539619e+01  2.71227258e+03  1.79996287e+02
 2.92864456e+03  4.71539628e+01  2.92864456e+03  1.79995990e+02
 3.16227766e+03  4.71539638e+01  3.16227766e+03  1.79995670e+02
 3.41454887e+03  4.71539650e+01  3.41454887e+03  1.79995325e+02
 3.68694506e+03  4.71539663e+01  3.68694506e+03  1.79994952e+02
 3.98107171e+03  4.71539679e+01  3.98107171e+03  1.79994549e+02
 4.29866235e+03  4.71539698e+01  4.29866235e+03  1.79994115e+02
 4.64158883e+03  4.71539719e+01  4.64158883e+03  1.79993645e+02
 5.01187234e+03  4.71539744e+01  5.01187234e+03  1.79993138e+02
 5.41169527e+03  4.71539774e+01  5.41169527e+03  1.79992591e+02
 5.84341413e+03  4.71539808e+01  5.84341413e+03  1.79992000e+02
 6.30957344e+03  4.71539848e+01  6.30957344e+03  1.79991361e+02
 6.81292069e+03  4.71539894e+01  6.81292069e+03  1.79990672e+02
 7.35642254e+03  4.71539948e+01  7.35642254e+03  1.79989928e+02
 7.94328235e+03  4.71540011e+01  7.94328235e+03  1.79989125e+02
 8.57695899e+03  4.71540085e+01  8.57695899e+03  1.79988257e+02
 9.26118728e+03  4.71540171e+01  9.26118728e+03  1.79987320e+02
 1.00000000e+04  4.71540271e+01  1.00000000e+04  1.79986309e+02
 1.07977516e+04  4.71540388e+01  1.07977516e+04  1.79985216e+02
 1.16591440e+04  4.71540524e+01  1.16591440e+04  1.79984037e+02
 1.25892541e+04  4.71540683e+01  1.25892541e+04  1.79982763e+02
 1.35935639e+04  4.71540868e+01  1.35935639e+04  1.79981388e+02
 1.46779927e+04  4.71541083e+01  1.46779927e+04  1.79979904e+02
 1.58489319e+04  4.71541335e+01  1.58489319e+04  1.79978300e+02
 1.71132830e+04  4.71541628e+01  1.71132830e+04  1.79976569e+02
 1.84784980e+04  4.71541970e+01  1.84784980e+04  1.79974700e+02
 1.99526231e+04  4.71542369e+01  1.99526231e+04  1.79972681e+02
 2.15443469e+04  4.71542833e+01  2.15443469e+04  1.79970501e+02
 2.32630507e+04  4.71543375e+01  2.32630507e+04  1.79968148e+02
 2.51188643e+04  4.71544007e+01  2.51188643e+04  1.79965606e+02
 2.71227258e+04  4.71544744e+01  2.71227258e+04  1.79962862e+02
 2.92864456e+04  4.71545603e+01  2.92864456e+04  1.79959898e+02
 3.16227766e+04  4.71546604e+01  3.16227766e+04  1.79956698e+02
 3.41454887e+04  4.71547771e+01  3.41454887e+04  1.79953243e+02
 3.68694506e+04  4.71549133e+01  3.68694506e+04  1.79949511e+02
 3.98107171e+04  4.71550720e+01  3.98107171e+04  1.79945482e+02
 4.29866235e+04  4.71552570e+01  4.29866235e+04  1.79941130e+02
 4.64158883e+04  4.71554728e+01  4.64158883e+04  1.79936431e+02
 5.01187234e+04  4.71557243e+01  5.01187234e+04  1.79931356e+02
 5.41169527e+04  4.71560176e+01  5.41169527e+04  1.79925876e+02
 5.84341413e+04  4.71563596e+01  5.84341413e+04  1.79919957e+02
 6.30957344e+04  4.71567584e+01  6.30957344e+04  1.79913564e+02
 6.81292069e+04  4.71572232e+01  6.81292069e+04  1.79906659e+02
 7.35642254e+04  4.71577653e+01  7.35642254e+04  1.79899201e+02
 7.94328235e+04  4.71583974e+01  7.94328235e+04  1.79891146e+02
 8.57695899e+04  4.71591343e+01  8.57695899e+04  1.79882444e+02
 9.26118728e+04  4.71599937e+01  9.26118728e+04  1.79873043e+02
 1.00000000e+05  4.71609957e+01  1.00000000e+05  1.79862886e+02
 1.07977516e+05  4.71621642e+01  1.07977516e+05  1.79851911e+02
 1.16591440e+05  4.71635266e+01  1.16591440e+05  1.79840051e+02
 1.25892541e+05  4.71651152e+01  1.25892541e+05  1.79827233e+02
 1.35935639e+05  4.71669680e+01  1.35935639e+05  1.79813378e+02
 1.46779927e+05  4.71691286e+01  1.46779927e+05  1.79798399e+02
 1.58489319e+05  4.71716485e+01  1.58489319e+05  1.79782200e+02
 1.71132830e+05  4.71745872e+01  1.71132830e+05  1.79764680e+02
 1.84784980e+05  4.71780145e+01  1.84784980e+05  1.79745724e+02
 1.99526231e+05  4.71820125e+01  1.99526231e+05  1.79725208e+02
 2.15443469e+05  4.71866762e+01  2.15443469e+05  1.79702996e+02
 2.32630507e+05  4.71921168e+01  2.32630507e+05  1.79678935e+02
 2.51188643e+05  4.71984637e+01  2.51188643e+05  1.79652860e+02
 2.71227258e+05  4.72058687e+01  2.71227258e+05  1.79624584e+02
 2.92864456e+05  4.72145123e+01  2.92864456e+05  1.79593900e+02
 3.16227766e+05  4.72245993e+01  3.16227766e+05  1.79560575e+02
 3.41454887e+05  4.72363739e+01  3.41454887e+05  1.79524349e+02
 3.68694506e+05  4.72501229e+01  3.68694506e+05  1.79484926e+02
 3.98107171e+05  4.72661809e+01  3.98107171e+05  1.79441968e+02
 4.29866235e+05  4.72849381e+01  4.29866235e+05  1.79395091e+02
 4.64158883e+05  4.73068589e+01  4.64158883e+05  1.79343849e+02
 5.01187234e+05  4.73324876e+01  5.01187234e+05  1.79287725e+02
 5.41169527e+05  4.73624581e+01  5.41169527e+05  1.79226115e+02
 5.84341413e+05  4.73975333e+01  5.84341413e+05  1.79158305e+02
 6.30957344e+05  4.74386021e+01  6.30957344e+05  1.79083446e+02
 6.81292069e+05  4.74867274e+01  6.81292069e+05  1.79000519e+02
 7.35642254e+05  4.75431642e+01  7.35642254e+05  1.78908287e+02
 7.94328235e+05  4.76094217e+01  7.94328235e+05  1.78805237e+02
 8.57695899e+05  4.76873054e+01  8.57695899e+05  1.78689502e+02
 9.26118728e+05  4.77789875e+01  9.26118728e+05  1.78558734e+02
 1.00000000e+06  4.78870888e+01  1.00000000e+06  1.78409985e+02
 1.07977516e+06  4.80148068e+01  1.07977516e+06  1.78239456e+02
 1.16591440e+06  4.81660671e+01  1.16591440e+06  1.78042219e+02
 1.25892541e+06  4.83457492e+01  1.25892541e+06  1.77811773e+02
 1.35935639e+06  4.85598550e+01  1.35935639e+06  1.77539403e+02
 1.46779927e+06  4.88162191e+01  1.46779927e+06  1.77213135e+02
 1.58489319e+06  4.91246260e+01  1.58489319e+06  1.76816244e+02
 1.71132830e+06  4.94981280e+01  1.71132830e+06  1.76324588e+02
 1.84784980e+06  4.99541077e+01  1.84784980e+06  1.75702295e+02
 1.99526231e+06  5.05163576e+01  1.99526231e+06  1.74893860e+02
 2.15443469e+06  5.12189004e+01  2.15443469e+06  1.73808886e+02
 2.32630507e+06  5.21117353e+01  2.32630507e+06  1.72290799e+02
 2.51188643e+06  5.32726227e+01  2.51188643e+06  1.70044498e+02
 2.71227258e+06  5.48287009e+01  2.71227258e+06  1.66447784e+02
 2.92864456e+06  5.69973286e+01  2.92864456e+06  1.59964072e+02
 3.16227766e+06  6.00935164e+01  3.16227766e+06  1.45914498e+02
 3.41454887e+06  6.33797341e+01  3.41454887e+06  1.09552339e+02
 3.68694506e+06  6.11757772e+01  3.68694506e+06  5.78919739e+01
 3.98107171e+06  5.62771794e+01  3.98107171e+06  3.41682956e+01
 4.29866235e+06  5.22871520e+01  4.29866235e+06  2.45750828e+01
 4.64158883e+06  4.90820643e+01  4.64158883e+06  1.98216673e+01
 5.01187234e+06  4.63779312e+01  5.01187234e+06  1.71327260e+01
 5.41169527e+06  4.40030362e+01  5.41169527e+06  1.55045885e+01
 5.84341413e+06  4.18554733e+01  5.84341413e+06  1.44993637e+01
 6.30957344e+06  3.98717334e+01  6.30957344e+06  1.38983979e+01
 6.81292069e+06  3.80088323e+01  6.81292069e+06  1.35826066e+01
 7.35642254e+06  3.62383327e+01  7.35642254e+06  1.34842110e+01
 7.94328235e+06  3.45376800e+01  7.94328235e+06  1.35604308e+01
 8.57695899e+06  3.28915172e+01  8.57695899e+06  1.37848405e+01
 9.26118728e+06  3.12883764e+01  9.26118728e+06  1.41443789e+01
 1.00000000e+07  2.97167175e+01  1.00000000e+07  1.46315572e+01
 1.07977516e+07  2.81705652e+01  1.07977516e+07  1.52410546e+01
 1.16591440e+07  2.66409630e+01  1.16591440e+07  1.59787113e+01
 1.25892541e+07  2.51217103e+01  1.25892541e+07  1.68471601e+01
 1.35935639e+07  2.36121970e+01  1.35935639e+07  1.78518659e+01
 1.46779927e+07  2.21003053e+01  1.46779927e+07  1.90276761e+01
 1.58489319e+07  2.05848201e+01  1.58489319e+07  2.03699264e+01
 1.71132830e+07  1.90604699e+01  1.71132830e+07  2.19359913e+01
 1.84784980e+07  1.75286767e+01  1.84784980e+07  2.37163251e+01
 1.99526231e+07  1.59743282e+01  1.99526231e+07  2.57798211e+01
 2.15443469e+07  1.43970913e+01  2.15443469e+07  2.82076647e+01
 2.32630507e+07  1.27948524e+01  2.32630507e+07  3.10338255e+01
 2.51188643e+07  1.11564853e+01  2.51188643e+07  3.43525238e+01
 2.71227258e+07  9.49247279e+00  2.71227258e+07  3.83892060e+01
 2.92864456e+07  7.79461040e+00  2.92864456e+07  4.33198597e+01
 3.16227766e+07  6.08582558e+00  3.16227766e+07  4.92074149e+01
 3.41454887e+07  4.37729446e+00  3.41454887e+07  5.65296281e+01
 3.68694506e+07  2.74703253e+00  3.68694506e+07  6.55586907e+01
 3.98107171e+07  1.28690180e+00  3.98107171e+07  7.67876148e+01
 4.29866235e+07  1.22772440e-01  4.29866235e+07  8.90532069e+01
 4.64158883e+07  -6.12167105e-01  4.64158883e+07  1.03020888e+02
 5.01187234e+07  -9.32091983e-01  5.01187234e+07  1.16191584e+02
 5.41169527e+07  -8.31080269e-01  5.41169527e+07  1.27496176e+02
 5.84341413e+07  -5.44503105e-01  5.84341413e+07  1.36870595e+02
 6.30957344e+07  -1.39220636e-01  6.30957344e+07  1.46401579e+02
 6.81292069e+07  3.54091485e-01  6.81292069e+07  1.53171210e+02
 7.35642254e+07  7.45215161e-01  7.35642254e+07  1.59483723e+02
 7.94328235e+07  1.20893836e+00  7.94328235e+07  1.64687795e+02
 8.57695899e+07  1.61491877e+00  8.57695899e+07  1.68735983e+02
 9.26118728e+07  1.99485041e+00  9.26118728e+07  1.72282410e+02
 1.00000000e+08  2.36504056e+00  1.00000000e+08  1.75288385e+02
 1.07977516e+08  2.78075304e+00  1.07977516e+08  1.78589759e+02
 1.16591440e+08  3.12986810e+00  1.16591440e+08  1.80961797e+02
 1.25892541e+08  3.59082764e+00  1.25892541e+08  1.83414127e+02
 1.35935639e+08  3.76345179e+00  1.35935639e+08  1.85486999e+02
 1.46779927e+08  4.27337442e+00  1.46779927e+08  1.86860645e+02
 1.58489319e+08  4.52327639e+00  1.58489319e+08  1.88672410e+02
 1.71132830e+08  4.96524181e+00  1.71132830e+08  1.89717954e+02
 1.84784980e+08  5.16592633e+00  1.84784980e+08  1.90884833e+02
 1.99526231e+08  5.24527702e+00  1.99526231e+08  1.91119284e+02
 2.15443469e+08  6.12445587e+00  2.15443469e+08  1.91337825e+02
 2.32630507e+08  5.85248260e+00  2.32630507e+08  1.91541244e+02
 2.51188643e+08  6.47010815e+00  2.51188643e+08  1.91059505e+02
 2.71227258e+08  6.89598089e+00  2.71227258e+08  1.90349581e+02
 2.92864456e+08  6.93336241e+00  2.92864456e+08  1.89507998e+02
 3.16227766e+08  6.43822439e+00  3.16227766e+08  1.88640632e+02
 3.41454887e+08  8.44028085e+00  3.41454887e+08  1.87632357e+02
 3.68694506e+08  8.22526172e+00  3.68694506e+08  1.86636530e+02
 3.98107171e+08  8.12909370e+00  3.98107171e+08  1.85923027e+02
 4.29866235e+08  6.85754452e+00  4.29866235e+08  1.85098662e+02
 4.64158883e+08  6.88066808e+00  4.64158883e+08  1.84195173e+02
 5.01187234e+08  7.14976058e+00  5.01187234e+08  1.83505020e+02
 5.41169527e+08  7.73971672e+00  5.41169527e+08  1.82596515e+02
 5.84341413e+08  8.88037382e+00  5.84341413e+08  1.82418818e+02
 6.30957344e+08  5.06053941e+00  6.30957344e+08  1.82070477e+02
 6.81292069e+08  9.69467151e+00  6.81292069e+08  1.81732292e+02
 7.35642254e+08  4.85173754e+00  7.35642254e+08  1.81122718e+02
 7.94328235e+08  7.00243152e+00  7.94328235e+08  1.81468001e+02
 8.57695899e+08  5.66836838e+00  8.57695899e+08  1.80841916e+02
 9.26118728e+08  1.03190615e+01  9.26118728e+08  1.81360971e+02
 1.00000000e+09  8.97154315e+00  1.00000000e+09  1.80583849e+02
