 1.00000000e+00  4.67050608e+01  1.00000000e+00  1.79999999e+02
 1.07977516e+00  4.67050608e+01  1.07977516e+00  1.79999999e+02
 1.16591440e+00  4.67050608e+01  1.16591440e+00  1.79999998e+02
 1.25892541e+00  4.67050608e+01  1.25892541e+00  1.79999998e+02
 1.35935639e+00  4.67050608e+01  1.35935639e+00  1.79999998e+02
 1.46779927e+00  4.67050608e+01  1.46779927e+00  1.79999998e+02
 1.58489319e+00  4.67050608e+01  1.58489319e+00  1.79999998e+02
 1.71132830e+00  4.67050608e+01  1.71132830e+00  1.79999998e+02
 1.84784980e+00  4.67050608e+01  1.84784980e+00  1.79999998e+02
 1.99526231e+00  4.67050608e+01  1.99526231e+00  1.79999997e+02
 2.15443469e+00  4.67050608e+01  2.15443469e+00  1.79999997e+02
 2.32630507e+00  4.67050608e+01  2.32630507e+00  1.79999997e+02
 2.51188643e+00  4.67050608e+01  2.51188643e+00  1.79999997e+02
 2.71227258e+00  4.67050608e+01  2.71227258e+00  1.79999996e+02
 2.92864456e+00  4.67050608e+01  2.92864456e+00  1.79999996e+02
 3.16227766e+00  4.67050608e+01  3.16227766e+00  1.79999996e+02
 3.41454887e+00  4.67050608e+01  3.41454887e+00  1.79999995e+02
 3.68694506e+00  4.67050608e+01  3.68694506e+00  1.79999995e+02
 3.98107171e+00  4.67050608e+01  3.98107171e+00  1.79999995e+02
 4.29866235e+00  4.67050608e+01  4.29866235e+00  1.79999994e+02
 4.64158883e+00  4.67050608e+01  4.64158883e+00  1.79999994e+02
 5.01187234e+00  4.67050608e+01  5.01187234e+00  1.79999993e+02
 5.41169527e+00  4.67050608e+01  5.41169527e+00  1.79999993e+02
 5.84341413e+00  4.67050608e+01  5.84341413e+00  1.79999992e+02
 6.30957344e+00  4.67050608e+01  6.30957344e+00  1.79999992e+02
 6.81292069e+00  4.67050608e+01  6.81292069e+00  1.79999991e+02
 7.35642254e+00  4.67050608e+01  7.35642254e+00  1.79999990e+02
 7.94328235e+00  4.67050608e+01  7.94328235e+00  1.79999989e+02
 8.57695899e+00  4.67050608e+01  8.57695899e+00  1.79999989e+02
 9.26118728e+00  4.67050608e+01  9.26118728e+00  1.79999988e+02
 1.00000000e+01  4.67050608e+01  1.00000000e+01  1.79999987e+02
 1.07977516e+01  4.67050608e+01  1.07977516e+01  1.79999986e+02
 1.16591440e+01  4.67050608e+01  1.16591440e+01  1.79999985e+02
 1.25892541e+01  4.67050608e+01  1.25892541e+01  1.79999983e+02
 1.35935639e+01  4.67050608e+01  1.35935639e+01  1.79999982e+02
 1.46779927e+01  4.67050608e+01  1.46779927e+01  1.79999981e+02
 1.58489319e+01  4.67050608e+01  1.58489319e+01  1.79999979e+02
 1.71132830e+01  4.67050608e+01  1.71132830e+01  1.79999977e+02
 1.84784980e+01  4.67050608e+01  1.84784980e+01  1.79999976e+02
 1.99526231e+01  4.67050608e+01  1.99526231e+01  1.79999974e+02
 2.15443469e+01  4.67050608e+01  2.15443469e+01  1.79999971e+02
 2.32630507e+01  4.67050608e+01  2.32630507e+01  1.79999969e+02
 2.51188643e+01  4.67050608e+01  2.51188643e+01  1.79999967e+02
 2.71227258e+01  4.67050608e+01  2.71227258e+01  1.79999964e+02
 2.92864456e+01  4.67050608e+01  2.92864456e+01  1.79999961e+02
 3.16227766e+01  4.67050608e+01  3.16227766e+01  1.79999958e+02
 3.41454887e+01  4.67050608e+01  3.41454887e+01  1.79999955e+02
 3.68694506e+01  4.67050608e+01  3.68694506e+01  1.79999951e+02
 3.98107171e+01  4.67050608e+01  3.98107171e+01  1.79999947e+02
 4.29866235e+01  4.67050608e+01  4.29866235e+01  1.79999943e+02
 4.64158883e+01  4.67050608e+01  4.64158883e+01  1.79999939e+02
 5.01187234e+01  4.67050608e+01  5.01187234e+01  1.79999934e+02
 5.41169527e+01  4.67050608e+01  5.41169527e+01  1.79999928e+02
 5.84341413e+01  4.67050608e+01  5.84341413e+01  1.79999923e+02
 6.30957344e+01  4.67050608e+01  6.30957344e+01  1.79999917e+02
 6.81292069e+01  4.67050608e+01  6.81292069e+01  1.79999910e+02
 7.35642254e+01  4.67050608e+01  7.35642254e+01  1.79999903e+02
 7.94328235e+01  4.67050608e+01  7.94328235e+01  1.79999895e+02
 8.57695899e+01  4.67050608e+01  8.57695899e+01  1.79999887e+02
 9.26118728e+01  4.67050608e+01  9.26118728e+01  1.79999877e+02
 1.00000000e+02  4.67050608e+01  1.00000000e+02  1.79999868e+02
 1.07977516e+02  4.67050608e+01  1.07977516e+02  1.79999857e+02
 1.16591440e+02  4.67050608e+01  1.16591440e+02  1.79999846e+02
 1.25892541e+02  4.67050608e+01  1.25892541e+02  1.79999833e+02
 1.35935639e+02  4.67050608e+01  1.35935639e+02  1.79999820e+02
 1.46779927e+02  4.67050608e+01  1.46779927e+02  1.79999806e+02
 1.58489319e+02  4.67050608e+01  1.58489319e+02  1.79999790e+02
 1.71132830e+02  4.67050608e+01  1.71132830e+02  1.79999774e+02
 1.84784980e+02  4.67050608e+01  1.84784980e+02  1.79999755e+02
 1.99526231e+02  4.67050608e+01  1.99526231e+02  1.79999736e+02
 2.15443469e+02  4.67050608e+01  2.15443469e+02  1.79999715e+02
 2.32630507e+02  4.67050608e+01  2.32630507e+02  1.79999692e+02
 2.51188643e+02  4.67050608e+01  2.51188643e+02  1.79999668e+02
 2.71227258e+02  4.67050608e+01  2.71227258e+02  1.79999641e+02
 2.92864456e+02  4.67050608e+01  2.92864456e+02  1.79999612e+02
 3.16227766e+02  4.67050608e+01  3.16227766e+02  1.79999582e+02
 3.41454887e+02  4.67050608e+01  3.41454887e+02  1.79999548e+02
 3.68694506e+02  4.67050608e+01  3.68694506e+02  1.79999512e+02
 3.98107171e+02  4.67050609e+01  3.98107171e+02  1.79999473e+02
 4.29866235e+02  4.67050609e+01  4.29866235e+02  1.79999431e+02
 4.64158883e+02  4.67050609e+01  4.64158883e+02  1.79999386e+02
 5.01187234e+02  4.67050609e+01  5.01187234e+02  1.79999337e+02
 5.41169527e+02  4.67050610e+01  5.41169527e+02  1.79999284e+02
 5.84341413e+02  4.67050610e+01  5.84341413e+02  1.79999227e+02
 6.30957344e+02  4.67050610e+01  6.30957344e+02  1.79999165e+02
 6.81292069e+02  4.67050611e+01  6.81292069e+02  1.79999098e+02
 7.35642254e+02  4.67050611e+01  7.35642254e+02  1.79999027e+02
 7.94328235e+02  4.67050612e+01  7.94328235e+02  1.79998949e+02
 8.57695899e+02  4.67050612e+01  8.57695899e+02  1.79998865e+02
 9.26118728e+02  4.67050613e+01  9.26118728e+02  1.79998774e+02
 1.00000000e+03  4.67050614e+01  1.00000000e+03  1.79998677e+02
 1.07977516e+03  4.67050615e+01  1.07977516e+03  1.79998571e+02
 1.16591440e+03  4.67050616e+01  1.16591440e+03  1.79998457e+02
 1.25892541e+03  4.67050618e+01  1.25892541e+03  1.79998334e+02
 1.35935639e+03  4.67050620e+01  1.35935639e+03  1.79998201e+02
 1.46779927e+03  4.67050622e+01  1.46779927e+03  1.79998058e+02
 1.58489319e+03  4.67050624e+01  1.58489319e+03  1.79997903e+02
 1.71132830e+03  4.67050627e+01  1.71132830e+03  1.79997735e+02
 1.84784980e+03  4.67050630e+01  1.84784980e+03  1.79997555e+02
 1.99526231e+03  4.67050634e+01  1.99526231e+03  1.79997360e+02
 2.15443469e+03  4.67050638e+01  2.15443469e+03  1.79997149e+02
 2.32630507e+03  4.67050643e+01  2.32630507e+03  1.79996922e+02
 2.51188643e+03  4.67050649e+01  2.51188643e+03  1.79996676e+02
 2.71227258e+03  4.67050656e+01  2.71227258e+03  1.79996411e+02
 2.92864456e+03  4.67050664e+01  2.92864456e+03  1.79996125e+02
 3.16227766e+03  4.67050673e+01  3.16227766e+03  1.79995815e+02
 3.41454887e+03  4.67050684e+01  3.41454887e+03  1.79995482e+02
 3.68694506e+03  4.67050696e+01  3.68694506e+03  1.79995121e+02
 3.98107171e+03  4.67050711e+01  3.98107171e+03  1.79994732e+02
 4.29866235e+03  4.67050728e+01  4.29866235e+03  1.79994312e+02
 4.64158883e+03  4.67050748e+01  4.64158883e+03  1.79993858e+02
 5.01187234e+03  4.67050772e+01  5.01187234e+03  1.79993368e+02
 5.41169527e+03  4.67050799e+01  5.41169527e+03  1.79992839e+02
 5.84341413e+03  4.67050831e+01  5.84341413e+03  1.79992267e+02
 6.30957344e+03  4.67050868e+01  6.30957344e+03  1.79991651e+02
 6.81292069e+03  4.67050911e+01  6.81292069e+03  1.79990985e+02
 7.35642254e+03  4.67050961e+01  7.35642254e+03  1.79990265e+02
 7.94328235e+03  4.67051020e+01  7.94328235e+03  1.79989489e+02
 8.57695899e+03  4.67051088e+01  8.57695899e+03  1.79988650e+02
 9.26118728e+03  4.67051168e+01  9.26118728e+03  1.79987745e+02
 1.00000000e+04  4.67051261e+01  1.00000000e+04  1.79986767e+02
 1.07977516e+04  4.67051369e+01  1.07977516e+04  1.79985711e+02
 1.16591440e+04  4.67051496e+01  1.16591440e+04  1.79984571e+02
 1.25892541e+04  4.67051643e+01  1.25892541e+04  1.79983341e+02
 1.35935639e+04  4.67051815e+01  1.35935639e+04  1.79982011e+02
 1.46779927e+04  4.67052015e+01  1.46779927e+04  1.79980576e+02
 1.58489319e+04  4.67052248e+01  1.58489319e+04  1.79979027e+02
 1.71132830e+04  4.67052521e+01  1.71132830e+04  1.79977353e+02
 1.84784980e+04  4.67052838e+01  1.84784980e+04  1.79975547e+02
 1.99526231e+04  4.67053208e+01  1.99526231e+04  1.79973596e+02
 2.15443469e+04  4.67053639e+01  2.15443469e+04  1.79971489e+02
 2.32630507e+04  4.67054142e+01  2.32630507e+04  1.79969214e+02
 2.51188643e+04  4.67054729e+01  2.51188643e+04  1.79966758e+02
 2.71227258e+04  4.67055413e+01  2.71227258e+04  1.79964105e+02
 2.92864456e+04  4.67056210e+01  2.92864456e+04  1.79961241e+02
 3.16227766e+04  4.67057140e+01  3.16227766e+04  1.79958148e+02
 3.41454887e+04  4.67058223e+01  3.41454887e+04  1.79954809e+02
 3.68694506e+04  4.67059487e+01  3.68694506e+04  1.79951202e+02
 3.98107171e+04  4.67060960e+01  3.98107171e+04  1.79947308e+02
 4.29866235e+04  4.67062678e+01  4.29866235e+04  1.79943102e+02
 4.64158883e+04  4.67064681e+01  4.64158883e+04  1.79938560e+02
 5.01187234e+04  4.67067016e+01  5.01187234e+04  1.79933656e+02
 5.41169527e+04  4.67069739e+01  5.41169527e+04  1.79928359e+02
 5.84341413e+04  4.67072913e+01  5.84341413e+04  1.79922638e+02
 6.30957344e+04  4.67076615e+01  6.30957344e+04  1.79916460e+02
 6.81292069e+04  4.67080931e+01  6.81292069e+04  1.79909787e+02
 7.35642254e+04  4.67085963e+01  7.35642254e+04  1.79902580e+02
 7.94328235e+04  4.67091831e+01  7.94328235e+04  1.79894795e+02
 8.57695899e+04  4.67098672e+01  8.57695899e+04  1.79886386e+02
 9.26118728e+04  4.67106648e+01  9.26118728e+04  1.79877301e+02
 1.00000000e+05  4.67115950e+01  1.00000000e+05  1.79867487e+02
 1.07977516e+05  4.67126796e+01  1.07977516e+05  1.79856882e+02
 1.16591440e+05  4.67139442e+01  1.16591440e+05  1.79845423e+02
 1.25892541e+05  4.67154190e+01  1.25892541e+05  1.79833039e+02
 1.35935639e+05  4.67171387e+01  1.35935639e+05  1.79819654e+02
 1.46779927e+05  4.67191443e+01  1.46779927e+05  1.79805183e+02
 1.58489319e+05  4.67214834e+01  1.58489319e+05  1.79789536e+02
 1.71132830e+05  4.67242108e+01  1.71132830e+05  1.79772614e+02
 1.84784980e+05  4.67273920e+01  1.84784980e+05  1.79754307e+02
 1.99526231e+05  4.67311025e+01  1.99526231e+05  1.79734496e+02
 2.15443469e+05  4.67354309e+01  2.15443469e+05  1.79713051e+02
 2.32630507e+05  4.67404797e+01  2.32630507e+05  1.79689825e+02
 2.51188643e+05  4.67463703e+01  2.51188643e+05  1.79664659e+02
 2.71227258e+05  4.67532423e+01  2.71227258e+05  1.79637377e+02
 2.92864456e+05  4.67612618e+01  2.92864456e+05  1.79607779e+02
 3.16227766e+05  4.67706211e+01  3.16227766e+05  1.79575644e+02
 3.41454887e+05  4.67815457e+01  3.41454887e+05  1.79540725e+02
 3.68694506e+05  4.67943007e+01  3.68694506e+05  1.79502741e+02
 3.98107171e+05  4.68091935e+01  3.98107171e+05  1.79461373e+02
 4.29866235e+05  4.68265893e+01  4.29866235e+05  1.79416256e+02
 4.64158883e+05  4.68469137e+01  4.64158883e+05  1.79366973e+02
 5.01187234e+05  4.68706725e+01  5.01187234e+05  1.79313038e+02
 5.41169527e+05  4.68984507e+01  5.41169527e+05  1.79253885e+02
 5.84341413e+05  4.69309508e+01  5.84341413e+05  1.79188848e+02
 6.30957344e+05  4.69689898e+01  6.30957344e+05  1.79117138e+02
 6.81292069e+05  4.70135505e+01  6.81292069e+05  1.79037813e+02
 7.35642254e+05  4.70657931e+01  7.35642254e+05  1.78949729e+02
 7.94328235e+05  4.71270879e+01  7.94328235e+05  1.78851500e+02
 8.57695899e+05  4.71990878e+01  8.57695899e+05  1.78741414e+02
 9.26118728e+05  4.72837852e+01  9.26118728e+05  1.78617343e+02
 1.00000000e+06  4.73835637e+01  1.00000000e+06  1.78476610e+02
 1.07977516e+06  4.75013306e+01  1.07977516e+06  1.78315800e+02
 1.16591440e+06  4.76406251e+01  1.16591440e+06  1.78130507e+02
 1.25892541e+06  4.78058260e+01  1.25892541e+06  1.77914969e+02
 1.35935639e+06  4.80024031e+01  1.35935639e+06  1.77661500e+02
 1.46779927e+06  4.82371514e+01  1.46779927e+06  1.77359677e+02
 1.58489319e+06  4.85188802e+01  1.58489319e+06  1.76995072e+02
 1.71132830e+06  4.88589125e+01  1.71132830e+06  1.76547186e+02
 1.84784980e+06  4.92722979e+01  1.84784980e+06  1.75985990e+02
 1.99526231e+06  4.97793589e+01  1.99526231e+06  1.75266002e+02
 2.15443469e+06  5.04084909e+01  2.15443469e+06  1.74315060e+02
 2.32630507e+06  5.12008597e+01  2.32630507e+06  1.73012161e+02
 2.51188643e+06  5.22184563e+01  2.51188643e+06  1.71139072e+02
 2.71227258e+06  5.35602734e+01  2.71227258e+06  1.68262382e+02
 2.92864456e+06  5.53913715e+01  2.92864456e+06  1.63399573e+02
 3.16227766e+06  5.79835183e+01  3.16227766e+06  1.53874138e+02
 3.41454887e+06  6.14619249e+01  3.41454887e+06  1.30899951e+02
 3.68694506e+06  6.25116914e+01  3.68694506e+06  8.06208924e+01
 3.98107171e+06  5.80504432e+01  3.98107171e+06  4.33838410e+01
 4.29866235e+06  5.36101049e+01  4.29866235e+06  2.88292340e+01
 4.64158883e+06  5.00826540e+01  4.64158883e+06  2.22250447e+01
 5.01187234e+06  4.71700647e+01  5.01187234e+06  1.86826573e+01
 5.41169527e+06  4.46550894e+01  5.41169527e+06  1.65947037e+01
 5.84341413e+06  4.24093223e+01  5.84341413e+06  1.53126656e+01
 6.30957344e+06  4.03534382e+01  6.30957344e+06  1.45334463e+01
 6.81292069e+06  3.84367780e+01  6.81292069e+06  1.40937889e+01
 7.35642254e+06  3.66237566e+01  7.35642254e+06  1.39062368e+01
 7.94328235e+06  3.48915384e+01  7.94328235e+06  1.39152238e+01
 8.57695899e+06  3.32196681e+01  8.57695899e+06  1.40881781e+01
 9.26118728e+06  3.15956292e+01  9.26118728e+06  1.44062958e+01
 1.00000000e+07  3.00073041e+01  1.00000000e+07  1.48578260e+01
 1.07977516e+07  2.84482627e+01  1.07977516e+07  1.54391014e+01
 1.16591440e+07  2.69087273e+01  1.16591440e+07  1.61531798e+01
 1.25892541e+07  2.53827562e+01  1.25892541e+07  1.69987269e+01
 1.35935639e+07  2.38645117e+01  1.35935639e+07  1.79951714e+01
 1.46779927e+07  2.23499066e+01  1.46779927e+07  1.91435105e+01
 1.58489319e+07  2.08316044e+01  1.58489319e+07  2.04728406e+01
 1.71132830e+07  1.93071010e+01  1.71132830e+07  2.20088039e+01
 1.84784980e+07  1.77741705e+01  1.84784980e+07  2.37663522e+01
 1.99526231e+07  1.62252161e+01  1.99526231e+07  2.58172292e+01
 2.15443469e+07  1.46466443e+01  2.15443469e+07  2.82165232e+01
 2.32630507e+07  1.30539754e+01  2.32630507e+07  3.09858727e+01
 2.51188643e+07  1.14250755e+01  2.51188643e+07  3.43073965e+01
 2.71227258e+07  9.77241779e+00  2.71227258e+07  3.82881044e+01
 2.92864456e+07  8.08029368e+00  2.92864456e+07  4.30774387e+01
 3.16227766e+07  6.38423988e+00  3.16227766e+07  4.89167931e+01
 3.41454887e+07  4.69004299e+00  3.41454887e+07  5.60844718e+01
 3.68694506e+07  3.06823988e+00  3.68694506e+07  6.49586018e+01
 3.98107171e+07  1.60905497e+00  3.98107171e+07  7.53386877e+01
 4.29866235e+07  4.20989300e-01  4.29866235e+07  8.79153721e+01
 4.64158883e+07  -3.80771426e-01  4.64158883e+07  1.00888682e+02
 5.01187234e+07  -7.53782375e-01  5.01187234e+07  1.14654474e+02
 5.41169527e+07  -7.43598061e-01  5.41169527e+07  1.26203181e+02
 5.84341413e+07  -4.01807621e-01  5.84341413e+07  1.36725583e+02
 6.30957344e+07  -7.93960752e-02  6.30957344e+07  1.45302681e+02
 6.81292069e+07  3.90102132e-01  6.81292069e+07  1.51410470e+02
 7.35642254e+07  7.69720773e-01  7.35642254e+07  1.57772536e+02
 7.94328235e+07  1.21311070e+00  7.94328235e+07  1.63218043e+02
 8.57695899e+07  1.69731690e+00  8.57695899e+07  1.67195327e+02
 9.26118728e+07  2.00460062e+00  9.26118728e+07  1.71123973e+02
 1.00000000e+08  2.42322410e+00  1.00000000e+08  1.74146175e+02
 1.07977516e+08  2.75966568e+00  1.07977516e+08  1.77546778e+02
 1.16591440e+08  3.20127254e+00  1.16591440e+08  1.80138498e+02
 1.25892541e+08  3.55033544e+00  1.25892541e+08  1.82300483e+02
 1.35935639e+08  3.99842817e+00  1.35935639e+08  1.84468522e+02
 1.46779927e+08  4.21089834e+00  1.46779927e+08  1.86041849e+02
 1.58489319e+08  4.45207894e+00  1.58489319e+08  1.87865130e+02
 1.71132830e+08  4.66952959e+00  1.71132830e+08  1.89037382e+02
 1.84784980e+08  5.32552902e+00  1.84784980e+08  1.89865011e+02
 1.99526231e+08  5.72924036e+00  1.99526231e+08  1.90297582e+02
 2.15443469e+08  5.69039657e+00  2.15443469e+08  1.90791032e+02
 2.32630507e+08  6.13534252e+00  2.32630507e+08  1.90932286e+02
 2.51188643e+08  6.83953925e+00  2.51188643e+08  1.90685417e+02
 2.71227258e+08  6.27448947e+00  2.71227258e+08  1.90512137e+02
 2.92864456e+08  6.26595093e+00  2.92864456e+08  1.89632508e+02
 3.16227766e+08  7.79816831e+00  3.16227766e+08  1.88384332e+02
 3.41454887e+08  8.36511454e+00  3.41454887e+08  1.87265564e+02
 3.68694506e+08  7.15121225e+00  3.68694506e+08  1.86780585e+02
 3.98107171e+08  8.07807536e+00  3.98107171e+08  1.85991554e+02
 4.29866235e+08  6.80690370e+00  4.29866235e+08  1.85395640e+02
 4.64158883e+08  8.40461705e+00  4.64158883e+08  1.84373398e+02
 5.01187234e+08  7.11509044e+00  5.01187234e+08  1.83599758e+02
 5.41169527e+08  7.71386212e+00  5.41169527e+08  1.82908964e+02
 5.84341413e+08  8.86574969e+00  5.84341413e+08  1.82795647e+02
 6.30957344e+08  7.53236121e+00  6.30957344e+08  1.82141377e+02
 6.81292069e+08  6.19554301e+00  6.81292069e+08  1.81852007e+02
 7.35642254e+08  4.83971082e+00  7.35642254e+08  1.81509660e+02
 7.94328235e+08  7.00214162e+00  7.94328235e+08  1.81225801e+02
 8.57695899e+08  1.16540294e+01  8.57695899e+08  1.81104980e+02
 9.26118728e+08  4.29744682e+00  9.26118728e+08  1.80856675e+02
 1.00000000e+09  8.96063993e+00  1.00000000e+09  1.79978429e+02
