 1.00000000e+00  4.58614384e+01  1.00000000e+00  1.79999999e+02
 1.07977516e+00  4.58614384e+01  1.07977516e+00  1.79999999e+02
 1.16591440e+00  4.58614384e+01  1.16591440e+00  1.79999999e+02
 1.25892541e+00  4.58614384e+01  1.25892541e+00  1.79999999e+02
 1.35935639e+00  4.58614384e+01  1.35935639e+00  1.79999999e+02
 1.46779927e+00  4.58614384e+01  1.46779927e+00  1.79999998e+02
 1.58489319e+00  4.58614384e+01  1.58489319e+00  1.79999998e+02
 1.71132830e+00  4.58614384e+01  1.71132830e+00  1.79999998e+02
 1.84784980e+00  4.58614384e+01  1.84784980e+00  1.79999998e+02
 1.99526231e+00  4.58614384e+01  1.99526231e+00  1.79999998e+02
 2.15443469e+00  4.58614384e+01  2.15443469e+00  1.79999998e+02
 2.32630507e+00  4.58614384e+01  2.32630507e+00  1.79999997e+02
 2.51188643e+00  4.58614384e+01  2.51188643e+00  1.79999997e+02
 2.71227258e+00  4.58614384e+01  2.71227258e+00  1.79999997e+02
 2.92864456e+00  4.58614384e+01  2.92864456e+00  1.79999997e+02
 3.16227766e+00  4.58614384e+01  3.16227766e+00  1.79999997e+02
 3.41454887e+00  4.58614384e+01  3.41454887e+00  1.79999996e+02
 3.68694506e+00  4.58614384e+01  3.68694506e+00  1.79999996e+02
 3.98107171e+00  4.58614384e+01  3.98107171e+00  1.79999996e+02
 4.29866235e+00  4.58614384e+01  4.29866235e+00  1.79999995e+02
 4.64158883e+00  4.58614384e+01  4.64158883e+00  1.79999995e+02
 5.01187234e+00  4.58614384e+01  5.01187234e+00  1.79999994e+02
 5.41169527e+00  4.58614384e+01  5.41169527e+00  1.79999994e+02
 5.84341413e+00  4.58614384e+01  5.84341413e+00  1.79999994e+02
 6.30957344e+00  4.58614384e+01  6.30957344e+00  1.79999993e+02
 6.81292069e+00  4.58614384e+01  6.81292069e+00  1.79999993e+02
 7.35642254e+00  4.58614384e+01  7.35642254e+00  1.79999992e+02
 7.94328235e+00  4.58614384e+01  7.94328235e+00  1.79999991e+02
 8.57695899e+00  4.58614384e+01  8.57695899e+00  1.79999991e+02
 9.26118728e+00  4.58614384e+01  9.26118728e+00  1.79999990e+02
 1.00000000e+01  4.58614384e+01  1.00000000e+01  1.79999989e+02
 1.07977516e+01  4.58614384e+01  1.07977516e+01  1.79999988e+02
 1.16591440e+01  4.58614384e+01  1.16591440e+01  1.79999987e+02
 1.25892541e+01  4.58614384e+01  1.25892541e+01  1.79999986e+02
 1.35935639e+01  4.58614384e+01  1.35935639e+01  1.79999985e+02
 1.46779927e+01  4.58614384e+01  1.46779927e+01  1.79999984e+02
 1.58489319e+01  4.58614384e+01  1.58489319e+01  1.79999983e+02
 1.71132830e+01  4.58614384e+01  1.71132830e+01  1.79999981e+02
 1.84784980e+01  4.58614384e+01  1.84784980e+01  1.79999980e+02
 1.99526231e+01  4.58614384e+01  1.99526231e+01  1.79999978e+02
 2.15443469e+01  4.58614384e+01  2.15443469e+01  1.79999976e+02
 2.32630507e+01  4.58614384e+01  2.32630507e+01  1.79999974e+02
 2.51188643e+01  4.58614384e+01  2.51188643e+01  1.79999972e+02
 2.71227258e+01  4.58614384e+01  2.71227258e+01  1.79999970e+02
 2.92864456e+01  4.58614384e+01  2.92864456e+01  1.79999968e+02
 3.16227766e+01  4.58614384e+01  3.16227766e+01  1.79999965e+02
 3.41454887e+01  4.58614384e+01  3.41454887e+01  1.79999962e+02
 3.68694506e+01  4.58614384e+01  3.68694506e+01  1.79999959e+02
 3.98107171e+01  4.58614384e+01  3.98107171e+01  1.79999956e+02
 4.29866235e+01  4.58614384e+01  4.29866235e+01  1.79999953e+02
 4.64158883e+01  4.58614384e+01  4.64158883e+01  1.79999949e+02
 5.01187234e+01  4.58614384e+01  5.01187234e+01  1.79999945e+02
 5.41169527e+01  4.58614384e+01  5.41169527e+01  1.79999941e+02
 5.84341413e+01  4.58614384e+01  5.84341413e+01  1.79999936e+02
 6.30957344e+01  4.58614384e+01  6.30957344e+01  1.79999931e+02
 6.81292069e+01  4.58614384e+01  6.81292069e+01  1.79999925e+02
 7.35642254e+01  4.58614384e+01  7.35642254e+01  1.79999919e+02
 7.94328235e+01  4.58614384e+01  7.94328235e+01  1.79999913e+02
 8.57695899e+01  4.58614384e+01  8.57695899e+01  1.79999906e+02
 9.26118728e+01  4.58614384e+01  9.26118728e+01  1.79999898e+02
 1.00000000e+02  4.58614385e+01  1.00000000e+02  1.79999890e+02
 1.07977516e+02  4.58614385e+01  1.07977516e+02  1.79999881e+02
 1.16591440e+02  4.58614385e+01  1.16591440e+02  1.79999872e+02
 1.25892541e+02  4.58614385e+01  1.25892541e+02  1.79999862e+02
 1.35935639e+02  4.58614385e+01  1.35935639e+02  1.79999851e+02
 1.46779927e+02  4.58614385e+01  1.46779927e+02  1.79999839e+02
 1.58489319e+02  4.58614385e+01  1.58489319e+02  1.79999826e+02
 1.71132830e+02  4.58614385e+01  1.71132830e+02  1.79999812e+02
 1.84784980e+02  4.58614385e+01  1.84784980e+02  1.79999797e+02
 1.99526231e+02  4.58614385e+01  1.99526231e+02  1.79999781e+02
 2.15443469e+02  4.58614385e+01  2.15443469e+02  1.79999763e+02
 2.32630507e+02  4.58614385e+01  2.32630507e+02  1.79999744e+02
 2.51188643e+02  4.58614385e+01  2.51188643e+02  1.79999724e+02
 2.71227258e+02  4.58614385e+01  2.71227258e+02  1.79999702e+02
 2.92864456e+02  4.58614385e+01  2.92864456e+02  1.79999678e+02
 3.16227766e+02  4.58614385e+01  3.16227766e+02  1.79999652e+02
 3.41454887e+02  4.58614385e+01  3.41454887e+02  1.79999625e+02
 3.68694506e+02  4.58614385e+01  3.68694506e+02  1.79999595e+02
 3.98107171e+02  4.58614385e+01  3.98107171e+02  1.79999562e+02
 4.29866235e+02  4.58614386e+01  4.29866235e+02  1.79999527e+02
 4.64158883e+02  4.58614386e+01  4.64158883e+02  1.79999490e+02
 5.01187234e+02  4.58614386e+01  5.01187234e+02  1.79999449e+02
 5.41169527e+02  4.58614386e+01  5.41169527e+02  1.79999405e+02
 5.84341413e+02  4.58614387e+01  5.84341413e+02  1.79999358e+02
 6.30957344e+02  4.58614387e+01  6.30957344e+02  1.79999306e+02
 6.81292069e+02  4.58614388e+01  6.81292069e+02  1.79999251e+02
 7.35642254e+02  4.58614388e+01  7.35642254e+02  1.79999191e+02
 7.94328235e+02  4.58614389e+01  7.94328235e+02  1.79999127e+02
 8.57695899e+02  4.58614389e+01  8.57695899e+02  1.79999057e+02
 9.26118728e+02  4.58614390e+01  9.26118728e+02  1.79998982e+02
 1.00000000e+03  4.58614391e+01  1.00000000e+03  1.79998901e+02
 1.07977516e+03  4.58614392e+01  1.07977516e+03  1.79998813e+02
 1.16591440e+03  4.58614393e+01  1.16591440e+03  1.79998718e+02
 1.25892541e+03  4.58614395e+01  1.25892541e+03  1.79998616e+02
 1.35935639e+03  4.58614397e+01  1.35935639e+03  1.79998506e+02
 1.46779927e+03  4.58614399e+01  1.46779927e+03  1.79998386e+02
 1.58489319e+03  4.58614401e+01  1.58489319e+03  1.79998258e+02
 1.71132830e+03  4.58614404e+01  1.71132830e+03  1.79998119e+02
 1.84784980e+03  4.58614407e+01  1.84784980e+03  1.79997969e+02
 1.99526231e+03  4.58614411e+01  1.99526231e+03  1.79997807e+02
 2.15443469e+03  4.58614415e+01  2.15443469e+03  1.79997632e+02
 2.32630507e+03  4.58614420e+01  2.32630507e+03  1.79997443e+02
 2.51188643e+03  4.58614426e+01  2.51188643e+03  1.79997239e+02
 2.71227258e+03  4.58614433e+01  2.71227258e+03  1.79997018e+02
 2.92864456e+03  4.58614441e+01  2.92864456e+03  1.79996781e+02
 3.16227766e+03  4.58614451e+01  3.16227766e+03  1.79996524e+02
 3.41454887e+03  4.58614462e+01  3.41454887e+03  1.79996246e+02
 3.68694506e+03  4.58614475e+01  3.68694506e+03  1.79995947e+02
 3.98107171e+03  4.58614490e+01  3.98107171e+03  1.79995624e+02
 4.29866235e+03  4.58614507e+01  4.29866235e+03  1.79995274e+02
 4.64158883e+03  4.58614528e+01  4.64158883e+03  1.79994897e+02
 5.01187234e+03  4.58614551e+01  5.01187234e+03  1.79994490e+02
 5.41169527e+03  4.58614579e+01  5.41169527e+03  1.79994051e+02
 5.84341413e+03  4.58614611e+01  5.84341413e+03  1.79993576e+02
 6.30957344e+03  4.58614649e+01  6.30957344e+03  1.79993064e+02
 6.81292069e+03  4.58614693e+01  6.81292069e+03  1.79992510e+02
 7.35642254e+03  4.58614744e+01  7.35642254e+03  1.79991913e+02
 7.94328235e+03  4.58614804e+01  7.94328235e+03  1.79991268e+02
 8.57695899e+03  4.58614873e+01  8.57695899e+03  1.79990571e+02
 9.26118728e+03  4.58614954e+01  9.26118728e+03  1.79989819e+02
 1.00000000e+04  4.58615049e+01  1.00000000e+04  1.79989007e+02
 1.07977516e+04  4.58615159e+01  1.07977516e+04  1.79988130e+02
 1.16591440e+04  4.58615288e+01  1.16591440e+04  1.79987183e+02
 1.25892541e+04  4.58615437e+01  1.25892541e+04  1.79986160e+02
 1.35935639e+04  4.58615612e+01  1.35935639e+04  1.79985056e+02
 1.46779927e+04  4.58615816e+01  1.46779927e+04  1.79983864e+02
 1.58489319e+04  4.58616053e+01  1.58489319e+04  1.79982576e+02
 1.71132830e+04  4.58616330e+01  1.71132830e+04  1.79981186e+02
 1.84784980e+04  4.58616653e+01  1.84784980e+04  1.79979685e+02
 1.99526231e+04  4.58617029e+01  1.99526231e+04  1.79978065e+02
 2.15443469e+04  4.58617468e+01  2.15443469e+04  1.79976314e+02
 2.32630507e+04  4.58617980e+01  2.32630507e+04  1.79974425e+02
 2.51188643e+04  4.58618576e+01  2.51188643e+04  1.79972384e+02
 2.71227258e+04  4.58619272e+01  2.71227258e+04  1.79970180e+02
 2.92864456e+04  4.58620083e+01  2.92864456e+04  1.79967801e+02
 3.16227766e+04  4.58621028e+01  3.16227766e+04  1.79965231e+02
 3.41454887e+04  4.58622130e+01  3.41454887e+04  1.79962457e+02
 3.68694506e+04  4.58623416e+01  3.68694506e+04  1.79959460e+02
 3.98107171e+04  4.58624914e+01  3.98107171e+04  1.79956225e+02
 4.29866235e+04  4.58626661e+01  4.29866235e+04  1.79952730e+02
 4.64158883e+04  4.58628698e+01  4.64158883e+04  1.79948957e+02
 5.01187234e+04  4.58631073e+01  5.01187234e+04  1.79944882e+02
 5.41169527e+04  4.58633843e+01  5.41169527e+04  1.79940481e+02
 5.84341413e+04  4.58637071e+01  5.84341413e+04  1.79935727e+02
 6.30957344e+04  4.58640836e+01  6.30957344e+04  1.79930594e+02
 6.81292069e+04  4.58645225e+01  6.81292069e+04  1.79925049e+02
 7.35642254e+04  4.58650342e+01  7.35642254e+04  1.79919059e+02
 7.94328235e+04  4.58656311e+01  7.94328235e+04  1.79912589e+02
 8.57695899e+04  4.58663270e+01  8.57695899e+04  1.79905600e+02
 9.26118728e+04  4.58671384e+01  9.26118728e+04  1.79898049e+02
 1.00000000e+05  4.58680843e+01  1.00000000e+05  1.79889890e+02
 1.07977516e+05  4.58691874e+01  1.07977516e+05  1.79881074e+02
 1.16591440e+05  4.58704737e+01  1.16591440e+05  1.79871546e+02
 1.25892541e+05  4.58719737e+01  1.25892541e+05  1.79861247e+02
 1.35935639e+05  4.58737233e+01  1.35935639e+05  1.79850114e+02
 1.46779927e+05  4.58757627e+01  1.46779927e+05  1.79838076e+02
 1.58489319e+05  4.58781420e+01  1.58489319e+05  1.79825057e+02
 1.71132830e+05  4.58809160e+01  1.71132830e+05  1.79810972e+02
 1.84784980e+05  4.58841518e+01  1.84784980e+05  1.79795730e+02
 1.99526231e+05  4.58879255e+01  1.99526231e+05  1.79779231e+02
 2.15443469e+05  4.58923279e+01  2.15443469e+05  1.79761362e+02
 2.32630507e+05  4.58974641e+01  2.32630507e+05  1.79742001e+02
 2.51188643e+05  4.59034557e+01  2.51188643e+05  1.79721011e+02
 2.71227258e+05  4.59104460e+01  2.71227258e+05  1.79698239e+02
 2.92864456e+05  4.59186029e+01  2.92864456e+05  1.79673518e+02
 3.16227766e+05  4.59281244e+01  3.16227766e+05  1.79646654e+02
 3.41454887e+05  4.59392371e+01  3.41454887e+05  1.79617434e+02
 3.68694506e+05  4.59522101e+01  3.68694506e+05  1.79585608e+02
 3.98107171e+05  4.59673627e+01  3.98107171e+05  1.79550903e+02
 4.29866235e+05  4.59850581e+01  4.29866235e+05  1.79512993e+02
 4.64158883e+05  4.60057379e+01  4.64158883e+05  1.79471510e+02
 5.01187234e+05  4.60299075e+01  5.01187234e+05  1.79426024e+02
 5.41169527e+05  4.60581748e+01  5.41169527e+05  1.79376011e+02
 5.84341413e+05  4.60912468e+01  5.84341413e+05  1.79320883e+02
 6.30957344e+05  4.61299576e+01  6.30957344e+05  1.79259917e+02
 6.81292069e+05  4.61753102e+01  6.81292069e+05  1.79192243e+02
 7.35642254e+05  4.62284851e+01  7.35642254e+05  1.79116824e+02
 7.94328235e+05  4.62908837e+01  7.94328235e+05  1.79032360e+02
 8.57695899e+05  4.63641905e+01  8.57695899e+05  1.78937227e+02
 9.26118728e+05  4.64504524e+01  9.26118728e+05  1.78829478e+02
 1.00000000e+06  4.65520946e+01  1.00000000e+06  1.78706480e+02
 1.07977516e+06  4.66720678e+01  1.07977516e+06  1.78565126e+02
 1.16591440e+06  4.68140461e+01  1.16591440e+06  1.78401181e+02
 1.25892541e+06  4.69824855e+01  1.25892541e+06  1.78209008e+02
 1.35935639e+06  4.71830194e+01  1.35935639e+06  1.77981214e+02
 1.46779927e+06  4.74226097e+01  1.46779927e+06  1.77707740e+02
 1.58489319e+06  4.77104034e+01  1.58489319e+06  1.77374610e+02
 1.71132830e+06  4.80580226e+01  1.71132830e+06  1.76961547e+02
 1.84784980e+06  4.84811520e+01  1.84784980e+06  1.76439021e+02
 1.99526231e+06  4.90008901e+01  1.99526231e+06  1.75762234e+02
 2.15443469e+06  4.96470745e+01  2.15443469e+06  1.74858804e+02
 2.32630507e+06  5.04630618e+01  2.32630507e+06  1.73607108e+02
 2.51188643e+06  5.15151230e+01  2.51188643e+06  1.71784314e+02
 2.71227258e+06  5.29099436e+01  2.71227258e+06  1.68942310e+02
 2.92864456e+06  5.48305911e+01  2.92864456e+06  1.64035985e+02
 3.16227766e+06  5.75872896e+01  3.16227766e+06  1.54102689e+02
 3.41454887e+06  6.13030418e+01  3.41454887e+06  1.28820602e+02
 3.68694506e+06  6.17906032e+01  3.68694506e+06  7.45975146e+01
 3.98107171e+06  5.68690912e+01  3.98107171e+06  4.00739037e+01
 4.29866235e+06  5.24342297e+01  4.29866235e+06  2.72131130e+01
 4.64158883e+06  4.89493295e+01  4.64158883e+06  2.13741404e+01
 5.01187234e+06  4.60707284e+01  5.01187234e+06  1.82490439e+01
 5.41169527e+06  4.35801023e+01  5.41169527e+06  1.64307179e+01
 5.84341413e+06  4.13518195e+01  5.84341413e+06  1.53436167e+01
 6.30957344e+06  3.93086474e+01  6.30957344e+06  1.47203472e+01
 6.81292069e+06  3.74016053e+01  6.81292069e+06  1.44173642e+01
 7.35642254e+06  3.55958616e+01  7.35642254e+06  1.43501141e+01
 7.94328235e+06  3.38679683e+01  7.94328235e+06  1.44784666e+01
 8.57695899e+06  3.22000568e+01  8.57695899e+06  1.47649405e+01
 9.26118728e+06  3.05766033e+01  9.26118728e+06  1.52018696e+01
 1.00000000e+07  2.89901521e+01  1.00000000e+07  1.57748457e+01
 1.07977516e+07  2.74312868e+01  1.07977516e+07  1.64812885e+01
 1.16591440e+07  2.58910373e+01  1.16591440e+07  1.73301055e+01
 1.25892541e+07  2.43612693e+01  1.25892541e+07  1.83195006e+01
 1.35935639e+07  2.28409251e+01  1.35935639e+07  1.94822168e+01
 1.46779927e+07  2.13228846e+01  1.46779927e+07  2.08174118e+01
 1.58489319e+07  1.98007482e+01  1.58489319e+07  2.23446439e+01
 1.71132830e+07  1.82710064e+01  1.71132830e+07  2.41218155e+01
 1.84784980e+07  1.67307971e+01  1.84784980e+07  2.61464369e+01
 1.99526231e+07  1.51688699e+01  1.99526231e+07  2.85312014e+01
 2.15443469e+07  1.35955638e+01  2.15443469e+07  3.12510852e+01
 2.32630507e+07  1.19988672e+01  2.32630507e+07  3.44627707e+01
 2.51188643e+07  1.03689792e+01  2.51188643e+07  3.83140881e+01
 2.71227258e+07  8.73428004e+00  2.71227258e+07  4.28995254e+01
 2.92864456e+07  7.06779294e+00  2.92864456e+07  4.84948631e+01
 3.16227766e+07  5.43022416e+00  3.16227766e+07  5.51654207e+01
 3.41454887e+07  3.83057298e+00  3.41454887e+07  6.32001266e+01
 3.68694506e+07  2.37984437e+00  3.68694506e+07  7.31685447e+01
 3.98107171e+07  1.14401191e+00  3.98107171e+07  8.44306679e+01
 4.29866235e+07  2.09715203e-01  4.29866235e+07  9.62989535e+01
 4.64158883e+07  -1.68668498e-01  4.64158883e+07  1.09702567e+02
 5.01187234e+07  -4.41052301e-01  5.01187234e+07  1.20794636e+02
 5.41169527e+07  -2.58254617e-01  5.41169527e+07  1.31768393e+02
 5.84341413e+07  -1.53235939e-01  5.84341413e+07  1.40072789e+02
 6.30957344e+07  3.89282197e-01  6.30957344e+07  1.48247781e+02
 6.81292069e+07  8.00904508e-01  6.81292069e+07  1.54982761e+02
 7.35642254e+07  1.21174706e+00  7.35642254e+07  1.59673646e+02
 7.94328235e+07  1.48154648e+00  7.94328235e+07  1.64018546e+02
 8.57695899e+07  1.84464263e+00  8.57695899e+07  1.68658770e+02
 9.26118728e+07  2.39653469e+00  9.26118728e+07  1.71771801e+02
 1.00000000e+08  2.70858154e+00  1.00000000e+08  1.75513260e+02
 1.07977516e+08  2.92986186e+00  1.07977516e+08  1.78118482e+02
 1.16591440e+08  3.26394681e+00  1.16591440e+08  1.80567232e+02
 1.25892541e+08  3.69029871e+00  1.25892541e+08  1.82467650e+02
 1.35935639e+08  3.59187629e+00  1.35935639e+08  1.85196629e+02
 1.46779927e+08  4.36848698e+00  1.46779927e+08  1.86710211e+02
 1.58489319e+08  4.76739130e+00  1.58489319e+08  1.87869804e+02
 1.71132830e+08  4.78767619e+00  1.71132830e+08  1.89178435e+02
 1.84784980e+08  5.43497054e+00  1.84784980e+08  1.90092356e+02
 1.99526231e+08  5.51997893e+00  1.99526231e+08  1.90001099e+02
 2.15443469e+08  5.75159841e+00  2.15443469e+08  1.90166626e+02
 2.32630507e+08  5.81122382e+00  2.32630507e+08  1.90250478e+02
 2.51188643e+08  6.39357676e+00  2.51188643e+08  1.89688717e+02
 2.71227258e+08  7.36309400e+00  2.71227258e+08  1.89491511e+02
 2.92864456e+08  6.25166451e+00  2.92864456e+08  1.89066370e+02
 3.16227766e+08  7.77235314e+00  3.16227766e+08  1.88196366e+02
 3.41454887e+08  7.37700527e+00  3.41454887e+08  1.87134111e+02
 3.68694506e+08  7.08562325e+00  3.68694506e+08  1.86332052e+02
 3.98107171e+08  8.01455223e+00  3.98107171e+08  1.85002357e+02
 4.29866235e+08  6.70867455e+00  4.29866235e+08  1.84561231e+02
 4.64158883e+08  6.74605235e+00  4.64158883e+08  1.83856814e+02
 5.01187234e+08  7.00074181e+00  5.01187234e+08  1.83581747e+02
 5.41169527e+08  7.63361123e+00  5.41169527e+08  1.82637778e+02
 5.84341413e+08  8.76923138e+00  5.84341413e+08  1.82204506e+02
 6.30957344e+08  7.41904303e+00  6.30957344e+08  1.81835920e+02
 6.81292069e+08  3.56803359e+00  6.81292069e+08  1.81171654e+02
 7.35642254e+08  8.25009897e+00  7.35642254e+08  1.80866178e+02
 7.94328235e+08  8.99291799e-01  7.94328235e+08  1.80749227e+02
 8.57695899e+08  5.54424882e+00  8.57695899e+08  1.79723877e+02
 9.26118728e+08  4.20494980e+00  9.26118728e+08  1.80136514e+02
 1.00000000e+09  2.83270331e+00  1.00000000e+09  1.79959328e+02
