 1.00000000e+00  4.73428204e+01  1.00000000e+00  1.79999997e+02
 1.07977516e+00  4.73428204e+01  1.07977516e+00  1.79999997e+02
 1.16591440e+00  4.73428204e+01  1.16591440e+00  1.79999997e+02
 1.25892541e+00  4.73428204e+01  1.25892541e+00  1.79999997e+02
 1.35935639e+00  4.73428204e+01  1.35935639e+00  1.79999996e+02
 1.46779927e+00  4.73428204e+01  1.46779927e+00  1.79999996e+02
 1.58489319e+00  4.73428204e+01  1.58489319e+00  1.79999996e+02
 1.71132830e+00  4.73428204e+01  1.71132830e+00  1.79999995e+02
 1.84784980e+00  4.73428204e+01  1.84784980e+00  1.79999995e+02
 1.99526231e+00  4.73428204e+01  1.99526231e+00  1.79999995e+02
 2.15443469e+00  4.73428204e+01  2.15443469e+00  1.79999994e+02
 2.32630507e+00  4.73428204e+01  2.32630507e+00  1.79999994e+02
 2.51188643e+00  4.73428204e+01  2.51188643e+00  1.79999993e+02
 2.71227258e+00  4.73428204e+01  2.71227258e+00  1.79999993e+02
 2.92864456e+00  4.73428204e+01  2.92864456e+00  1.79999992e+02
 3.16227766e+00  4.73428204e+01  3.16227766e+00  1.79999992e+02
 3.41454887e+00  4.73428204e+01  3.41454887e+00  1.79999991e+02
 3.68694506e+00  4.73428204e+01  3.68694506e+00  1.79999990e+02
 3.98107171e+00  4.73428204e+01  3.98107171e+00  1.79999989e+02
 4.29866235e+00  4.73428204e+01  4.29866235e+00  1.79999989e+02
 4.64158883e+00  4.73428204e+01  4.64158883e+00  1.79999988e+02
 5.01187234e+00  4.73428204e+01  5.01187234e+00  1.79999987e+02
 5.41169527e+00  4.73428204e+01  5.41169527e+00  1.79999986e+02
 5.84341413e+00  4.73428204e+01  5.84341413e+00  1.79999985e+02
 6.30957344e+00  4.73428204e+01  6.30957344e+00  1.79999983e+02
 6.81292069e+00  4.73428204e+01  6.81292069e+00  1.79999982e+02
 7.35642254e+00  4.73428204e+01  7.35642254e+00  1.79999981e+02
 7.94328235e+00  4.73428204e+01  7.94328235e+00  1.79999979e+02
 8.57695899e+00  4.73428204e+01  8.57695899e+00  1.79999977e+02
 9.26118728e+00  4.73428204e+01  9.26118728e+00  1.79999975e+02
 1.00000000e+01  4.73428204e+01  1.00000000e+01  1.79999974e+02
 1.07977516e+01  4.73428204e+01  1.07977516e+01  1.79999971e+02
 1.16591440e+01  4.73428204e+01  1.16591440e+01  1.79999969e+02
 1.25892541e+01  4.73428204e+01  1.25892541e+01  1.79999967e+02
 1.35935639e+01  4.73428204e+01  1.35935639e+01  1.79999964e+02
 1.46779927e+01  4.73428204e+01  1.46779927e+01  1.79999961e+02
 1.58489319e+01  4.73428204e+01  1.58489319e+01  1.79999958e+02
 1.71132830e+01  4.73428204e+01  1.71132830e+01  1.79999955e+02
 1.84784980e+01  4.73428204e+01  1.84784980e+01  1.79999951e+02
 1.99526231e+01  4.73428204e+01  1.99526231e+01  1.79999947e+02
 2.15443469e+01  4.73428204e+01  2.15443469e+01  1.79999943e+02
 2.32630507e+01  4.73428204e+01  2.32630507e+01  1.79999938e+02
 2.51188643e+01  4.73428204e+01  2.51188643e+01  1.79999933e+02
 2.71227258e+01  4.73428204e+01  2.71227258e+01  1.79999928e+02
 2.92864456e+01  4.73428204e+01  2.92864456e+01  1.79999922e+02
 3.16227766e+01  4.73428204e+01  3.16227766e+01  1.79999916e+02
 3.41454887e+01  4.73428204e+01  3.41454887e+01  1.79999910e+02
 3.68694506e+01  4.73428204e+01  3.68694506e+01  1.79999902e+02
 3.98107171e+01  4.73428204e+01  3.98107171e+01  1.79999895e+02
 4.29866235e+01  4.73428204e+01  4.29866235e+01  1.79999886e+02
 4.64158883e+01  4.73428204e+01  4.64158883e+01  1.79999877e+02
 5.01187234e+01  4.73428204e+01  5.01187234e+01  1.79999867e+02
 5.41169527e+01  4.73428204e+01  5.41169527e+01  1.79999857e+02
 5.84341413e+01  4.73428204e+01  5.84341413e+01  1.79999845e+02
 6.30957344e+01  4.73428204e+01  6.30957344e+01  1.79999833e+02
 6.81292069e+01  4.73428204e+01  6.81292069e+01  1.79999820e+02
 7.35642254e+01  4.73428204e+01  7.35642254e+01  1.79999805e+02
 7.94328235e+01  4.73428204e+01  7.94328235e+01  1.79999790e+02
 8.57695899e+01  4.73428204e+01  8.57695899e+01  1.79999773e+02
 9.26118728e+01  4.73428204e+01  9.26118728e+01  1.79999755e+02
 1.00000000e+02  4.73428204e+01  1.00000000e+02  1.79999735e+02
 1.07977516e+02  4.73428204e+01  1.07977516e+02  1.79999714e+02
 1.16591440e+02  4.73428204e+01  1.16591440e+02  1.79999691e+02
 1.25892541e+02  4.73428204e+01  1.25892541e+02  1.79999667e+02
 1.35935639e+02  4.73428204e+01  1.35935639e+02  1.79999640e+02
 1.46779927e+02  4.73428204e+01  1.46779927e+02  1.79999611e+02
 1.58489319e+02  4.73428204e+01  1.58489319e+02  1.79999580e+02
 1.71132830e+02  4.73428204e+01  1.71132830e+02  1.79999547e+02
 1.84784980e+02  4.73428204e+01  1.84784980e+02  1.79999511e+02
 1.99526231e+02  4.73428204e+01  1.99526231e+02  1.79999472e+02
 2.15443469e+02  4.73428204e+01  2.15443469e+02  1.79999429e+02
 2.32630507e+02  4.73428205e+01  2.32630507e+02  1.79999384e+02
 2.51188643e+02  4.73428205e+01  2.51188643e+02  1.79999335e+02
 2.71227258e+02  4.73428205e+01  2.71227258e+02  1.79999282e+02
 2.92864456e+02  4.73428205e+01  2.92864456e+02  1.79999224e+02
 3.16227766e+02  4.73428205e+01  3.16227766e+02  1.79999162e+02
 3.41454887e+02  4.73428205e+01  3.41454887e+02  1.79999096e+02
 3.68694506e+02  4.73428205e+01  3.68694506e+02  1.79999023e+02
 3.98107171e+02  4.73428205e+01  3.98107171e+02  1.79998946e+02
 4.29866235e+02  4.73428205e+01  4.29866235e+02  1.79998861e+02
 4.64158883e+02  4.73428206e+01  4.64158883e+02  1.79998771e+02
 5.01187234e+02  4.73428206e+01  5.01187234e+02  1.79998673e+02
 5.41169527e+02  4.73428206e+01  5.41169527e+02  1.79998567e+02
 5.84341413e+02  4.73428206e+01  5.84341413e+02  1.79998452e+02
 6.30957344e+02  4.73428207e+01  6.30957344e+02  1.79998329e+02
 6.81292069e+02  4.73428207e+01  6.81292069e+02  1.79998196e+02
 7.35642254e+02  4.73428208e+01  7.35642254e+02  1.79998052e+02
 7.94328235e+02  4.73428208e+01  7.94328235e+02  1.79997896e+02
 8.57695899e+02  4.73428209e+01  8.57695899e+02  1.79997728e+02
 9.26118728e+02  4.73428210e+01  9.26118728e+02  1.79997547e+02
 1.00000000e+03  4.73428211e+01  1.00000000e+03  1.79997351e+02
 1.07977516e+03  4.73428212e+01  1.07977516e+03  1.79997140e+02
 1.16591440e+03  4.73428213e+01  1.16591440e+03  1.79996912e+02
 1.25892541e+03  4.73428215e+01  1.25892541e+03  1.79996666e+02
 1.35935639e+03  4.73428217e+01  1.35935639e+03  1.79996400e+02
 1.46779927e+03  4.73428219e+01  1.46779927e+03  1.79996112e+02
 1.58489319e+03  4.73428221e+01  1.58489319e+03  1.79995802e+02
 1.71132830e+03  4.73428224e+01  1.71132830e+03  1.79995467e+02
 1.84784980e+03  4.73428227e+01  1.84784980e+03  1.79995106e+02
 1.99526231e+03  4.73428231e+01  1.99526231e+03  1.79994715e+02
 2.15443469e+03  4.73428235e+01  2.15443469e+03  1.79994294e+02
 2.32630507e+03  4.73428240e+01  2.32630507e+03  1.79993839e+02
 2.51188643e+03  4.73428246e+01  2.51188643e+03  1.79993347e+02
 2.71227258e+03  4.73428253e+01  2.71227258e+03  1.79992816e+02
 2.92864456e+03  4.73428261e+01  2.92864456e+03  1.79992243e+02
 3.16227766e+03  4.73428271e+01  3.16227766e+03  1.79991624e+02
 3.41454887e+03  4.73428282e+01  3.41454887e+03  1.79990956e+02
 3.68694506e+03  4.73428295e+01  3.68694506e+03  1.79990235e+02
 3.98107171e+03  4.73428310e+01  3.98107171e+03  1.79989456e+02
 4.29866235e+03  4.73428327e+01  4.29866235e+03  1.79988615e+02
 4.64158883e+03  4.73428348e+01  4.64158883e+03  1.79987706e+02
 5.01187234e+03  4.73428372e+01  5.01187234e+03  1.79986726e+02
 5.41169527e+03  4.73428400e+01  5.41169527e+03  1.79985667e+02
 5.84341413e+03  4.73428432e+01  5.84341413e+03  1.79984523e+02
 6.30957344e+03  4.73428470e+01  6.30957344e+03  1.79983288e+02
 6.81292069e+03  4.73428514e+01  6.81292069e+03  1.79981955e+02
 7.35642254e+03  4.73428565e+01  7.35642254e+03  1.79980516e+02
 7.94328235e+03  4.73428625e+01  7.94328235e+03  1.79978961e+02
 8.57695899e+03  4.73428695e+01  8.57695899e+03  1.79977283e+02
 9.26118728e+03  4.73428776e+01  9.26118728e+03  1.79975471e+02
 1.00000000e+04  4.73428871e+01  1.00000000e+04  1.79973514e+02
 1.07977516e+04  4.73428982e+01  1.07977516e+04  1.79971401e+02
 1.16591440e+04  4.73429111e+01  1.16591440e+04  1.79969119e+02
 1.25892541e+04  4.73429261e+01  1.25892541e+04  1.79966656e+02
 1.35935639e+04  4.73429437e+01  1.35935639e+04  1.79963996e+02
 1.46779927e+04  4.73429641e+01  1.46779927e+04  1.79961123e+02
 1.58489319e+04  4.73429880e+01  1.58489319e+04  1.79958022e+02
 1.71132830e+04  4.73430158e+01  1.71132830e+04  1.79954673e+02
 1.84784980e+04  4.73430482e+01  1.84784980e+04  1.79951056e+02
 1.99526231e+04  4.73430860e+01  1.99526231e+04  1.79947152e+02
 2.15443469e+04  4.73431301e+01  2.15443469e+04  1.79942935e+02
 2.32630507e+04  4.73431815e+01  2.32630507e+04  1.79938382e+02
 2.51188643e+04  4.73432414e+01  2.51188643e+04  1.79933466e+02
 2.71227258e+04  4.73433112e+01  2.71227258e+04  1.79928157e+02
 2.92864456e+04  4.73433926e+01  2.92864456e+04  1.79922425e+02
 3.16227766e+04  4.73434876e+01  3.16227766e+04  1.79916235e+02
 3.41454887e+04  4.73435983e+01  3.41454887e+04  1.79909551e+02
 3.68694506e+04  4.73437273e+01  3.68694506e+04  1.79902334e+02
 3.98107171e+04  4.73438778e+01  3.98107171e+04  1.79894540e+02
 4.29866235e+04  4.73440533e+01  4.29866235e+04  1.79886123e+02
 4.64158883e+04  4.73442578e+01  4.64158883e+04  1.79877035e+02
 5.01187234e+04  4.73444963e+01  5.01187234e+04  1.79867220e+02
 5.41169527e+04  4.73447744e+01  5.41169527e+04  1.79856621e+02
 5.84341413e+04  4.73450986e+01  5.84341413e+04  1.79845175e+02
 6.30957344e+04  4.73454767e+01  6.30957344e+04  1.79832813e+02
 6.81292069e+04  4.73459174e+01  6.81292069e+04  1.79819463e+02
 7.35642254e+04  4.73464314e+01  7.35642254e+04  1.79805044e+02
 7.94328235e+04  4.73470306e+01  7.94328235e+04  1.79789471e+02
 8.57695899e+04  4.73477294e+01  8.57695899e+04  1.79772650e+02
 9.26118728e+04  4.73485440e+01  9.26118728e+04  1.79754481e+02
 1.00000000e+05  4.73494940e+01  1.00000000e+05  1.79734854e+02
 1.07977516e+05  4.73506018e+01  1.07977516e+05  1.79713650e+02
 1.16591440e+05  4.73518936e+01  1.16591440e+05  1.79690741e+02
 1.25892541e+05  4.73533997e+01  1.25892541e+05  1.79665988e+02
 1.35935639e+05  4.73551561e+01  1.35935639e+05  1.79639239e+02
 1.46779927e+05  4.73572046e+01  1.46779927e+05  1.79610329e+02
 1.58489319e+05  4.73595931e+01  1.58489319e+05  1.79579080e+02
 1.71132830e+05  4.73623789e+01  1.71132830e+05  1.79545295e+02
 1.84784980e+05  4.73656283e+01  1.84784980e+05  1.79508761e+02
 1.99526231e+05  4.73694181e+01  1.99526231e+05  1.79469245e+02
 2.15443469e+05  4.73738383e+01  2.15443469e+05  1.79426491e+02
 2.32630507e+05  4.73789944e+01  2.32630507e+05  1.79380220e+02
 2.51188643e+05  4.73850106e+01  2.51188643e+05  1.79330122e+02
 2.71227258e+05  4.73920286e+01  2.71227258e+05  1.79275856e+02
 2.92864456e+05  4.74002198e+01  2.92864456e+05  1.79217046e+02
 3.16227766e+05  4.74097763e+01  3.16227766e+05  1.79153272e+02
 3.41454887e+05  4.74209347e+01  3.41454887e+05  1.79084066e+02
 3.68694506e+05  4.74339595e+01  3.68694506e+05  1.79008904e+02
 3.98107171e+05  4.74491688e+01  3.98107171e+05  1.78927196e+02
 4.29866235e+05  4.74669318e+01  4.29866235e+05  1.78838272e+02
 4.64158883e+05  4.74876895e+01  4.64158883e+05  1.78741371e+02
 5.01187234e+05  4.75119493e+01  5.01187234e+05  1.78635619e+02
 5.41169527e+05  4.75403147e+01  5.41169527e+05  1.78520005e+02
 5.84341413e+05  4.75734984e+01  5.84341413e+05  1.78393355e+02
 6.30957344e+05  4.76123377e+01  6.30957344e+05  1.78254291e+02
 6.81292069e+05  4.76578343e+01  6.81292069e+05  1.78101178e+02
 7.35642254e+05  4.77111613e+01  7.35642254e+05  1.77932068e+02
 7.94328235e+05  4.77737269e+01  7.94328235e+05  1.77744606e+02
 8.57695899e+05  4.78472218e+01  8.57695899e+05  1.77535921e+02
 9.26118728e+05  4.79336588e+01  9.26118728e+05  1.77302473e+02
 1.00000000e+06  4.80354642e+01  1.00000000e+06  1.77039847e+02
 1.07977516e+06  4.81556062e+01  1.07977516e+06  1.76742450e+02
 1.16591440e+06  4.82976538e+01  1.16591440e+06  1.76403132e+02
 1.25892541e+06  4.84660701e+01  1.25892541e+06  1.76012568e+02
 1.35935639e+06  4.86663755e+01  1.35935639e+06  1.75558402e+02
 1.46779927e+06  4.89054215e+01  1.46779927e+06  1.75023966e+02
 1.58489319e+06  4.91920425e+01  1.58489319e+06  1.74386245e+02
 1.71132830e+06  4.95375991e+01  1.71132830e+06  1.73612656e+02
 1.84784980e+06  4.99568740e+01  1.84784980e+06  1.72655659e+02
 1.99526231e+06  5.04699376e+01  1.99526231e+06  1.71443335e+02
 2.15443469e+06  5.11037682e+01  2.15443469e+06  1.69862226e+02
 2.32630507e+06  5.18969971e+01  2.32630507e+06  1.67723084e+02
 2.51188643e+06  5.29041092e+01  2.51188643e+06  1.64689155e+02
 2.71227258e+06  5.42031836e+01  2.71227258e+06  1.60109351e+02
 2.92864456e+06  5.58942863e+01  2.92864456e+06  1.52595879e+02
 3.16227766e+06  5.80144516e+01  3.16227766e+06  1.38946473e+02
 3.41454887e+06  5.99458387e+01  3.41454887e+06  1.12932646e+02
 3.68694506e+06  5.93625164e+01  3.68694506e+06  7.62379245e+01
 3.98107171e+06  5.61477295e+01  3.98107171e+06  4.95006213e+01
 4.29866235e+06  5.26688240e+01  4.29866235e+06  3.54874120e+01
 4.64158883e+06  4.96124949e+01  4.64158883e+06  2.78953618e+01
 5.01187234e+06  4.69521182e+01  5.01187234e+06  2.33857718e+01
 5.41169527e+06  4.45871797e+01  5.41169527e+06  2.05152823e+01
 5.84341413e+06  4.24381267e+01  5.84341413e+06  1.86103532e+01
 6.30957344e+06  4.04488237e+01  6.30957344e+06  1.73244643e+01
 6.81292069e+06  3.85788477e+01  6.81292069e+06  1.64679642e+01
 7.35642254e+06  3.68010766e+01  7.35642254e+06  1.59254227e+01
 7.94328235e+06  3.50948239e+01  7.94328235e+06  1.56268244e+01
 8.57695899e+06  3.34436781e+01  8.57695899e+06  1.55298742e+01
 9.26118728e+06  3.18351293e+01  9.26118728e+06  1.56029406e+01
 1.00000000e+07  3.02601414e+01  1.00000000e+07  1.58315704e+01
 1.07977516e+07  2.87076108e+01  1.07977516e+07  1.62067882e+01
 1.16591440e+07  2.71767324e+01  1.16591440e+07  1.67205032e+01
 1.25892541e+07  2.56553376e+01  1.25892541e+07  1.73776026e+01
 1.35935639e+07  2.41414862e+01  1.35935639e+07  1.81818043e+01
 1.46779927e+07  2.26277413e+01  1.46779927e+07  1.91532797e+01
 1.58489319e+07  2.11103971e+01  1.58489319e+07  2.02939398e+01
 1.71132830e+07  1.95844760e+01  1.71132830e+07  2.16423624e+01
 1.84784980e+07  1.80484423e+01  1.84784980e+07  2.32131358e+01
 1.99526231e+07  1.64854699e+01  1.99526231e+07  2.50591648e+01
 2.15443469e+07  1.49041610e+01  2.15443469e+07  2.72153364e+01
 2.32630507e+07  1.32970358e+01  2.32630507e+07  2.97990688e+01
 2.51188643e+07  1.16480801e+01  2.51188643e+07  3.28799846e+01
 2.71227258e+07  9.96717041e+00  2.71227258e+07  3.65484218e+01
 2.92864456e+07  8.24707043e+00  2.92864456e+07  4.10798292e+01
 3.16227766e+07  6.49174704e+00  3.16227766e+07  4.66912582e+01
 3.41454887e+07  4.72144029e+00  3.41454887e+07  5.34377308e+01
 3.68694506e+07  2.99438162e+00  3.68694506e+07  6.20434153e+01
 3.98107171e+07  1.41697418e+00  3.98107171e+07  7.29524702e+01
 4.29866235e+07  1.12377050e-01  4.29866235e+07  8.57441161e+01
 4.64158883e+07  -7.43123965e-01  4.64158883e+07  9.97206691e+01
 5.01187234e+07  -1.13317122e+00  5.01187234e+07  1.13943562e+02
 5.41169527e+07  -1.09300702e+00  5.41169527e+07  1.26815157e+02
 5.84341413e+07  -7.21414473e-01  5.84341413e+07  1.37405774e+02
 6.30957344e+07  -3.25153880e-01  6.30957344e+07  1.45914089e+02
 6.81292069e+07  1.91829185e-01  6.81292069e+07  1.53425494e+02
 7.35642254e+07  7.09199587e-01  7.35642254e+07  1.59211314e+02
 7.94328235e+07  1.17475642e+00  7.94328235e+07  1.64716265e+02
 8.57695899e+07  1.59766975e+00  8.57695899e+07  1.68927383e+02
 9.26118728e+07  2.02351337e+00  9.26118728e+07  1.72607048e+02
 1.00000000e+08  2.44273082e+00  1.00000000e+08  1.75698053e+02
 1.07977516e+08  2.83761533e+00  1.07977516e+08  1.78462097e+02
 1.16591440e+08  3.12159713e+00  1.16591440e+08  1.81204511e+02
 1.25892541e+08  3.49717872e+00  1.25892541e+08  1.83510292e+02
 1.35935639e+08  4.13587402e+00  1.35935639e+08  1.85263818e+02
 1.46779927e+08  4.41567413e+00  1.46779927e+08  1.87209698e+02
 1.58489319e+08  4.70764249e+00  1.58489319e+08  1.88373713e+02
 1.71132830e+08  4.77346046e+00  1.71132830e+08  1.89869277e+02
 1.84784980e+08  5.22402579e+00  1.84784980e+08  1.90683144e+02
 1.99526231e+08  5.63469512e+00  1.99526231e+08  1.91216174e+02
 2.15443469e+08  5.93760402e+00  2.15443469e+08  1.91461761e+02
 2.32630507e+08  6.45140991e+00  2.32630507e+08  1.91339260e+02
 2.51188643e+08  6.75833057e+00  2.51188643e+08  1.90844433e+02
 2.71227258e+08  7.25928763e+00  2.71227258e+08  1.90389904e+02
 2.92864456e+08  7.41427778e+00  2.92864456e+08  1.89571061e+02
 3.16227766e+08  7.70503082e+00  3.16227766e+08  1.88882796e+02
 3.41454887e+08  7.37049195e+00  3.41454887e+08  1.87728931e+02
 3.68694506e+08  7.05064690e+00  3.68694506e+08  1.86880439e+02
 3.98107171e+08  7.96099777e+00  3.98107171e+08  1.86004681e+02
 4.29866235e+08  6.69818157e+00  4.29866235e+08  1.85052284e+02
 4.64158883e+08  8.28918767e+00  4.64158883e+08  1.84478946e+02
 5.01187234e+08  6.98084591e+00  5.01187234e+08  1.83391618e+02
 5.41169527e+08  5.67545799e+00  5.41169527e+08  1.82746486e+02
 5.84341413e+08  6.25802993e+00  5.84341413e+08  1.82379459e+02
 6.30957344e+08  7.39746244e+00  6.30957344e+08  1.82015223e+02
 6.81292069e+08  9.54878914e+00  6.81292069e+08  1.81445842e+02
 7.35642254e+08  8.19182707e+00  7.35642254e+08  1.81993260e+02
 7.94328235e+08  3.33381556e+00  7.94328235e+08  1.80784256e+02
 8.57695899e+08  1.15093386e+01  8.57695899e+08  1.80522260e+02
 9.26118728e+08  4.14502228e+00  9.26118728e+08  1.80642330e+02
 1.00000000e+09  8.81096609e+00  1.00000000e+09  1.81220564e+02
