 1.00000000e+00  4.57851727e+01  1.00000000e+00  1.79999998e+02
 1.07977516e+00  4.57851727e+01  1.07977516e+00  1.79999997e+02
 1.16591440e+00  4.57851727e+01  1.16591440e+00  1.79999997e+02
 1.25892541e+00  4.57851727e+01  1.25892541e+00  1.79999997e+02
 1.35935639e+00  4.57851727e+01  1.35935639e+00  1.79999997e+02
 1.46779927e+00  4.57851727e+01  1.46779927e+00  1.79999997e+02
 1.58489319e+00  4.57851727e+01  1.58489319e+00  1.79999996e+02
 1.71132830e+00  4.57851727e+01  1.71132830e+00  1.79999996e+02
 1.84784980e+00  4.57851727e+01  1.84784980e+00  1.79999996e+02
 1.99526231e+00  4.57851727e+01  1.99526231e+00  1.79999995e+02
 2.15443469e+00  4.57851727e+01  2.15443469e+00  1.79999995e+02
 2.32630507e+00  4.57851727e+01  2.32630507e+00  1.79999995e+02
 2.51188643e+00  4.57851727e+01  2.51188643e+00  1.79999994e+02
 2.71227258e+00  4.57851727e+01  2.71227258e+00  1.79999994e+02
 2.92864456e+00  4.57851727e+01  2.92864456e+00  1.79999993e+02
 3.16227766e+00  4.57851727e+01  3.16227766e+00  1.79999993e+02
 3.41454887e+00  4.57851727e+01  3.41454887e+00  1.79999992e+02
 3.68694506e+00  4.57851727e+01  3.68694506e+00  1.79999991e+02
 3.98107171e+00  4.57851727e+01  3.98107171e+00  1.79999991e+02
 4.29866235e+00  4.57851727e+01  4.29866235e+00  1.79999990e+02
 4.64158883e+00  4.57851727e+01  4.64158883e+00  1.79999989e+02
 5.01187234e+00  4.57851727e+01  5.01187234e+00  1.79999988e+02
 5.41169527e+00  4.57851727e+01  5.41169527e+00  1.79999987e+02
 5.84341413e+00  4.57851727e+01  5.84341413e+00  1.79999986e+02
 6.30957344e+00  4.57851727e+01  6.30957344e+00  1.79999985e+02
 6.81292069e+00  4.57851727e+01  6.81292069e+00  1.79999984e+02
 7.35642254e+00  4.57851727e+01  7.35642254e+00  1.79999983e+02
 7.94328235e+00  4.57851727e+01  7.94328235e+00  1.79999981e+02
 8.57695899e+00  4.57851727e+01  8.57695899e+00  1.79999980e+02
 9.26118728e+00  4.57851727e+01  9.26118728e+00  1.79999978e+02
 1.00000000e+01  4.57851727e+01  1.00000000e+01  1.79999976e+02
 1.07977516e+01  4.57851727e+01  1.07977516e+01  1.79999975e+02
 1.16591440e+01  4.57851727e+01  1.16591440e+01  1.79999973e+02
 1.25892541e+01  4.57851727e+01  1.25892541e+01  1.79999970e+02
 1.35935639e+01  4.57851727e+01  1.35935639e+01  1.79999968e+02
 1.46779927e+01  4.57851727e+01  1.46779927e+01  1.79999965e+02
 1.58489319e+01  4.57851727e+01  1.58489319e+01  1.79999963e+02
 1.71132830e+01  4.57851727e+01  1.71132830e+01  1.79999960e+02
 1.84784980e+01  4.57851727e+01  1.84784980e+01  1.79999956e+02
 1.99526231e+01  4.57851727e+01  1.99526231e+01  1.79999953e+02
 2.15443469e+01  4.57851727e+01  2.15443469e+01  1.79999949e+02
 2.32630507e+01  4.57851727e+01  2.32630507e+01  1.79999945e+02
 2.51188643e+01  4.57851727e+01  2.51188643e+01  1.79999941e+02
 2.71227258e+01  4.57851727e+01  2.71227258e+01  1.79999936e+02
 2.92864456e+01  4.57851727e+01  2.92864456e+01  1.79999931e+02
 3.16227766e+01  4.57851727e+01  3.16227766e+01  1.79999926e+02
 3.41454887e+01  4.57851727e+01  3.41454887e+01  1.79999920e+02
 3.68694506e+01  4.57851727e+01  3.68694506e+01  1.79999913e+02
 3.98107171e+01  4.57851727e+01  3.98107171e+01  1.79999906e+02
 4.29866235e+01  4.57851727e+01  4.29866235e+01  1.79999899e+02
 4.64158883e+01  4.57851727e+01  4.64158883e+01  1.79999891e+02
 5.01187234e+01  4.57851727e+01  5.01187234e+01  1.79999882e+02
 5.41169527e+01  4.57851727e+01  5.41169527e+01  1.79999873e+02
 5.84341413e+01  4.57851727e+01  5.84341413e+01  1.79999862e+02
 6.30957344e+01  4.57851727e+01  6.30957344e+01  1.79999851e+02
 6.81292069e+01  4.57851727e+01  6.81292069e+01  1.79999840e+02
 7.35642254e+01  4.57851727e+01  7.35642254e+01  1.79999827e+02
 7.94328235e+01  4.57851727e+01  7.94328235e+01  1.79999813e+02
 8.57695899e+01  4.57851727e+01  8.57695899e+01  1.79999798e+02
 9.26118728e+01  4.57851727e+01  9.26118728e+01  1.79999782e+02
 1.00000000e+02  4.57851727e+01  1.00000000e+02  1.79999764e+02
 1.07977516e+02  4.57851727e+01  1.07977516e+02  1.79999746e+02
 1.16591440e+02  4.57851727e+01  1.16591440e+02  1.79999725e+02
 1.25892541e+02  4.57851727e+01  1.25892541e+02  1.79999703e+02
 1.35935639e+02  4.57851727e+01  1.35935639e+02  1.79999680e+02
 1.46779927e+02  4.57851727e+01  1.46779927e+02  1.79999654e+02
 1.58489319e+02  4.57851727e+01  1.58489319e+02  1.79999627e+02
 1.71132830e+02  4.57851727e+01  1.71132830e+02  1.79999597e+02
 1.84784980e+02  4.57851727e+01  1.84784980e+02  1.79999565e+02
 1.99526231e+02  4.57851727e+01  1.99526231e+02  1.79999530e+02
 2.15443469e+02  4.57851727e+01  2.15443469e+02  1.79999492e+02
 2.32630507e+02  4.57851727e+01  2.32630507e+02  1.79999452e+02
 2.51188643e+02  4.57851727e+01  2.51188643e+02  1.79999408e+02
 2.71227258e+02  4.57851727e+01  2.71227258e+02  1.79999361e+02
 2.92864456e+02  4.57851727e+01  2.92864456e+02  1.79999310e+02
 3.16227766e+02  4.57851727e+01  3.16227766e+02  1.79999255e+02
 3.41454887e+02  4.57851727e+01  3.41454887e+02  1.79999196e+02
 3.68694506e+02  4.57851727e+01  3.68694506e+02  1.79999131e+02
 3.98107171e+02  4.57851728e+01  3.98107171e+02  1.79999062e+02
 4.29866235e+02  4.57851728e+01  4.29866235e+02  1.79998987e+02
 4.64158883e+02  4.57851728e+01  4.64158883e+02  1.79998907e+02
 5.01187234e+02  4.57851728e+01  5.01187234e+02  1.79998819e+02
 5.41169527e+02  4.57851728e+01  5.41169527e+02  1.79998725e+02
 5.84341413e+02  4.57851729e+01  5.84341413e+02  1.79998623e+02
 6.30957344e+02  4.57851729e+01  6.30957344e+02  1.79998514e+02
 6.81292069e+02  4.57851729e+01  6.81292069e+02  1.79998395e+02
 7.35642254e+02  4.57851730e+01  7.35642254e+02  1.79998267e+02
 7.94328235e+02  4.57851730e+01  7.94328235e+02  1.79998129e+02
 8.57695899e+02  4.57851731e+01  8.57695899e+02  1.79997980e+02
 9.26118728e+02  4.57851732e+01  9.26118728e+02  1.79997818e+02
 1.00000000e+03  4.57851733e+01  1.00000000e+03  1.79997644e+02
 1.07977516e+03  4.57851734e+01  1.07977516e+03  1.79997456e+02
 1.16591440e+03  4.57851735e+01  1.16591440e+03  1.79997254e+02
 1.25892541e+03  4.57851736e+01  1.25892541e+03  1.79997034e+02
 1.35935639e+03  4.57851738e+01  1.35935639e+03  1.79996798e+02
 1.46779927e+03  4.57851739e+01  1.46779927e+03  1.79996542e+02
 1.58489319e+03  4.57851741e+01  1.58489319e+03  1.79996267e+02
 1.71132830e+03  4.57851744e+01  1.71132830e+03  1.79995969e+02
 1.84784980e+03  4.57851747e+01  1.84784980e+03  1.79995647e+02
 1.99526231e+03  4.57851750e+01  1.99526231e+03  1.79995300e+02
 2.15443469e+03  4.57851754e+01  2.15443469e+03  1.79994925e+02
 2.32630507e+03  4.57851759e+01  2.32630507e+03  1.79994520e+02
 2.51188643e+03  4.57851764e+01  2.51188643e+03  1.79994083e+02
 2.71227258e+03  4.57851770e+01  2.71227258e+03  1.79993611e+02
 2.92864456e+03  4.57851777e+01  2.92864456e+03  1.79993101e+02
 3.16227766e+03  4.57851786e+01  3.16227766e+03  1.79992551e+02
 3.41454887e+03  4.57851796e+01  3.41454887e+03  1.79991956e+02
 3.68694506e+03  4.57851807e+01  3.68694506e+03  1.79991315e+02
 3.98107171e+03  4.57851820e+01  3.98107171e+03  1.79990622e+02
 4.29866235e+03  4.57851836e+01  4.29866235e+03  1.79989874e+02
 4.64158883e+03  4.57851854e+01  4.64158883e+03  1.79989066e+02
 5.01187234e+03  4.57851875e+01  5.01187234e+03  1.79988194e+02
 5.41169527e+03  4.57851900e+01  5.41169527e+03  1.79987252e+02
 5.84341413e+03  4.57851929e+01  5.84341413e+03  1.79986235e+02
 6.30957344e+03  4.57851962e+01  6.30957344e+03  1.79985137e+02
 6.81292069e+03  4.57852001e+01  6.81292069e+03  1.79983951e+02
 7.35642254e+03  4.57852047e+01  7.35642254e+03  1.79982671e+02
 7.94328235e+03  4.57852100e+01  7.94328235e+03  1.79981288e+02
 8.57695899e+03  4.57852162e+01  8.57695899e+03  1.79979796e+02
 9.26118728e+03  4.57852234e+01  9.26118728e+03  1.79978184e+02
 1.00000000e+04  4.57852319e+01  1.00000000e+04  1.79976443e+02
 1.07977516e+04  4.57852417e+01  1.07977516e+04  1.79974564e+02
 1.16591440e+04  4.57852531e+01  1.16591440e+04  1.79972535e+02
 1.25892541e+04  4.57852665e+01  1.25892541e+04  1.79970344e+02
 1.35935639e+04  4.57852821e+01  1.35935639e+04  1.79967978e+02
 1.46779927e+04  4.57853002e+01  1.46779927e+04  1.79965423e+02
 1.58489319e+04  4.57853214e+01  1.58489319e+04  1.79962664e+02
 1.71132830e+04  4.57853460e+01  1.71132830e+04  1.79959686e+02
 1.84784980e+04  4.57853748e+01  1.84784980e+04  1.79956470e+02
 1.99526231e+04  4.57854083e+01  1.99526231e+04  1.79952997e+02
 2.15443469e+04  4.57854474e+01  2.15443469e+04  1.79949247e+02
 2.32630507e+04  4.57854930e+01  2.32630507e+04  1.79945197e+02
 2.51188643e+04  4.57855462e+01  2.51188643e+04  1.79940825e+02
 2.71227258e+04  4.57856082e+01  2.71227258e+04  1.79936103e+02
 2.92864456e+04  4.57856804e+01  2.92864456e+04  1.79931005e+02
 3.16227766e+04  4.57857647e+01  3.16227766e+04  1.79925500e+02
 3.41454887e+04  4.57858629e+01  3.41454887e+04  1.79919555e+02
 3.68694506e+04  4.57859774e+01  3.68694506e+04  1.79913136e+02
 3.98107171e+04  4.57861109e+01  3.98107171e+04  1.79906205e+02
 4.29866235e+04  4.57862666e+01  4.29866235e+04  1.79898719e+02
 4.64158883e+04  4.57864482e+01  4.64158883e+04  1.79890636e+02
 5.01187234e+04  4.57866598e+01  5.01187234e+04  1.79881907e+02
 5.41169527e+04  4.57869066e+01  5.41169527e+04  1.79872481e+02
 5.84341413e+04  4.57871943e+01  5.84341413e+04  1.79862301e+02
 6.30957344e+04  4.57875296e+01  6.30957344e+04  1.79851308e+02
 6.81292069e+04  4.57879209e+01  6.81292069e+04  1.79839435e+02
 7.35642254e+04  4.57883769e+01  7.35642254e+04  1.79826612e+02
 7.94328235e+04  4.57889085e+01  7.94328235e+04  1.79812763e+02
 8.57695899e+04  4.57895288e+01  8.57695899e+04  1.79797805e+02
 9.26118728e+04  4.57902515e+01  9.26118728e+04  1.79781647e+02
 1.00000000e+05  4.57910945e+01  1.00000000e+05  1.79764194e+02
 1.07977516e+05  4.57920773e+01  1.07977516e+05  1.79745339e+02
 1.16591440e+05  4.57932236e+01  1.16591440e+05  1.79724969e+02
 1.25892541e+05  4.57945599e+01  1.25892541e+05  1.79702960e+02
 1.35935639e+05  4.57961182e+01  1.35935639e+05  1.79679177e+02
 1.46779927e+05  4.57979357e+01  1.46779927e+05  1.79653475e+02
 1.58489319e+05  4.58000547e+01  1.58489319e+05  1.79625693e+02
 1.71132830e+05  4.58025260e+01  1.71132830e+05  1.79595661e+02
 1.84784980e+05  4.58054084e+01  1.84784980e+05  1.79563187e+02
 1.99526231e+05  4.58087707e+01  1.99526231e+05  1.79528067e+02
 2.15443469e+05  4.58126916e+01  2.15443469e+05  1.79490073e+02
 2.32630507e+05  4.58172649e+01  2.32630507e+05  1.79448959e+02
 2.51188643e+05  4.58226004e+01  2.51188643e+05  1.79404452e+02
 2.71227258e+05  4.58288261e+01  2.71227258e+05  1.79356252e+02
 2.92864456e+05  4.58360897e+01  2.92864456e+05  1.79304026e+02
 3.16227766e+05  4.58445640e+01  3.16227766e+05  1.79247406e+02
 3.41454887e+05  4.58544549e+01  3.41454887e+05  1.79185983e+02
 3.68694506e+05  4.58660016e+01  3.68694506e+05  1.79119299e+02
 3.98107171e+05  4.58794816e+01  3.98107171e+05  1.79046832e+02
 4.29866235e+05  4.58952243e+01  4.29866235e+05  1.78968009e+02
 4.64158883e+05  4.59136095e+01  4.64158883e+05  1.78882155e+02
 5.01187234e+05  4.59350978e+01  5.01187234e+05  1.78788529e+02
 5.41169527e+05  4.59602077e+01  5.41169527e+05  1.78686237e+02
 5.84341413e+05  4.59895713e+01  5.84341413e+05  1.78574288e+02
 6.30957344e+05  4.60239429e+01  6.30957344e+05  1.78451494e+02
 6.81292069e+05  4.60641563e+01  6.81292069e+05  1.78316456e+02
 7.35642254e+05  4.61112848e+01  7.35642254e+05  1.78167543e+02
 7.94328235e+05  4.61665256e+01  7.94328235e+05  1.78002728e+02
 8.57695899e+05  4.62313633e+01  8.57695899e+05  1.77819613e+02
 9.26118728e+05  4.63075369e+01  9.26118728e+05  1.77615250e+02
 1.00000000e+06  4.63971535e+01  1.00000000e+06  1.77385975e+02
 1.07977516e+06  4.65027383e+01  1.07977516e+06  1.77127210e+02
 1.16591440e+06  4.66274159e+01  1.16591440e+06  1.76833080e+02
 1.25892541e+06  4.67749201e+01  1.25892541e+06  1.76496023e+02
 1.35935639e+06  4.69498629e+01  1.35935639e+06  1.76106414e+02
 1.46779927e+06  4.71581269e+01  1.46779927e+06  1.75651035e+02
 1.58489319e+06  4.74069160e+01  1.58489319e+06  1.75112029e+02
 1.71132830e+06  4.77055464e+01  1.71132830e+06  1.74464420e+02
 1.84784980e+06  4.80659935e+01  1.84784980e+06  1.73673623e+02
 1.99526231e+06  4.85042313e+01  1.99526231e+06  1.72686900e+02
 2.15443469e+06  4.90414857e+01  2.15443469e+06  1.71425564e+02
 2.32630507e+06  4.97070275e+01  2.32630507e+06  1.69763420e+02
 2.51188643e+06  5.05423248e+01  2.51188643e+06  1.67485604e+02
 2.71227258e+06  5.16067803e+01  2.71227258e+06  1.64205521e+02
 2.92864456e+06  5.29840426e+01  2.92864456e+06  1.59158543e+02
 3.16227766e+06  5.47743638e+01  3.16227766e+06  1.50678983e+02
 3.41454887e+06  5.69547005e+01  3.41454887e+06  1.34917001e+02
 3.68694506e+06  5.85641330e+01  3.68694506e+06  1.05540801e+02
 3.98107171e+06  5.72064587e+01  3.98107171e+06  6.94355951e+01
 4.29866235e+06  5.37797659e+01  4.29866235e+06  4.61289204e+01
 4.64158883e+06  5.03813092e+01  4.64158883e+06  3.40549702e+01
 5.01187234e+06  4.74217689e+01  5.01187234e+06  2.73990571e+01
 5.41169527e+06  4.48350364e+01  5.41169527e+06  2.33982500e+01
 5.84341413e+06  4.25229280e+01  5.84341413e+06  2.08454970e+01
 6.30957344e+06  4.04120495e+01  6.30957344e+06  1.91682035e+01
 6.81292069e+06  3.84492237e+01  6.81292069e+06  1.80647588e+01
 7.35642254e+06  3.66005065e+01  7.35642254e+06  1.73606092e+01
 7.94328235e+06  3.48372518e+01  7.94328235e+06  1.69678340e+01
 8.57695899e+06  3.31408184e+01  8.57695899e+06  1.68045067e+01
 9.26118728e+06  3.14962169e+01  9.26118728e+06  1.68489332e+01
 1.00000000e+07  2.98884957e+01  1.00000000e+07  1.70790484e+01
 1.07977516e+07  2.83138793e+01  1.07977516e+07  1.74605756e+01
 1.16591440e+07  2.67598300e+01  1.16591440e+07  1.80144640e+01
 1.25892541e+07  2.52203307e+01  1.25892541e+07  1.87209693e+01
 1.35935639e+07  2.36927686e+01  1.35935639e+07  1.95859352e+01
 1.46779927e+07  2.21667798e+01  1.46779927e+07  2.06398804e+01
 1.58489319e+07  2.06408572e+01  1.58489319e+07  2.18695729e+01
 1.71132830e+07  1.91046357e+01  1.71132830e+07  2.33306893e+01
 1.84784980e+07  1.75558876e+01  1.84784980e+07  2.50492577e+01
 1.99526231e+07  1.59919446e+01  1.99526231e+07  2.70680724e+01
 2.15443469e+07  1.44069561e+01  2.15443469e+07  2.94272134e+01
 2.32630507e+07  1.27943689e+01  2.32630507e+07  3.22249577e+01
 2.51188643e+07  1.11452034e+01  2.51188643e+07  3.56295987e+01
 2.71227258e+07  9.47545893e+00  2.71227258e+07  3.96727936e+01
 2.92864456e+07  7.75937603e+00  2.92864456e+07  4.46080628e+01
 3.16227766e+07  6.05148689e+00  3.16227766e+07  5.08109406e+01
 3.41454887e+07  4.34214202e+00  3.41454887e+07  5.82111754e+01
 3.68694506e+07  2.75091286e+00  3.68694506e+07  6.73970485e+01
 3.98107171e+07  1.28687959e+00  3.98107171e+07  7.83611603e+01
 4.29866235e+07  1.10807889e-01  4.29866235e+07  9.12540992e+01
 4.64158883e+07  -4.15213139e-01  4.64158883e+07  1.04772725e+02
 5.01187234e+07  -8.71019998e-01  5.01187234e+07  1.19660596e+02
 5.41169527e+07  -4.61464240e-01  5.41169527e+07  1.29260216e+02
 5.84341413e+07  -2.22360536e-01  5.84341413e+07  1.38782936e+02
 6.30957344e+07  2.70662541e-01  6.30957344e+07  1.47595285e+02
 6.81292069e+07  3.55903814e-01  6.81292069e+07  1.54373495e+02
 7.35642254e+07  1.13675453e+00  7.35642254e+07  1.59887965e+02
 7.94328235e+07  1.56230730e+00  7.94328235e+07  1.64642885e+02
 8.57695899e+07  1.87603112e+00  8.57695899e+07  1.68741976e+02
 9.26118728e+07  2.31354687e+00  9.26118728e+07  1.72530350e+02
 1.00000000e+08  2.61153052e+00  1.00000000e+08  1.75058363e+02
 1.07977516e+08  2.70219165e+00  1.07977516e+08  1.78491548e+02
 1.16591440e+08  3.35589943e+00  1.16591440e+08  1.80327146e+02
 1.25892541e+08  3.85023384e+00  1.25892541e+08  1.82749952e+02
 1.35935639e+08  3.91336376e+00  1.35935639e+08  1.84985252e+02
 1.46779927e+08  3.99634310e+00  1.46779927e+08  1.86920625e+02
 1.58489319e+08  4.76468536e+00  1.58489319e+08  1.87737809e+02
 1.71132830e+08  5.02808472e+00  1.71132830e+08  1.89616222e+02
 1.84784980e+08  4.98929275e+00  1.84784980e+08  1.90041251e+02
 1.99526231e+08  6.24808553e+00  1.99526231e+08  1.90154984e+02
 2.15443469e+08  5.91901966e+00  2.15443469e+08  1.90631893e+02
 2.32630507e+08  6.41220172e+00  2.32630507e+08  1.90756461e+02
 2.51188643e+08  7.17170641e+00  2.51188643e+08  1.89930213e+02
 2.71227258e+08  7.78327668e+00  2.71227258e+08  1.89656501e+02
 2.92864456e+08  7.32343531e+00  2.92864456e+08  1.88764717e+02
 3.16227766e+08  7.63023461e+00  3.16227766e+08  1.88493385e+02
 3.41454887e+08  7.26454739e+00  3.41454887e+08  1.87334224e+02
 3.68694506e+08  7.97435718e+00  3.68694506e+08  1.86346235e+02
 3.98107171e+08  7.86813863e+00  3.98107171e+08  1.85738133e+02
 4.29866235e+08  1.14122815e+01  4.29866235e+08  1.84384670e+02
 4.64158883e+08  8.18345617e+00  4.64158883e+08  1.84105521e+02
 5.01187234e+08  1.13057502e+01  5.01187234e+08  1.83805709e+02
 5.41169527e+08  5.57193438e+00  5.41169527e+08  1.82660909e+02
 5.84341413e+08  2.65508886e+00  5.84341413e+08  1.81993766e+02
 6.30957344e+08  7.29352764e+00  6.30957344e+08  1.81696805e+02
 6.81292069e+08  9.45754292e+00  6.81292069e+08  1.81397641e+02
 7.35642254e+08  4.60873719e+00  7.35642254e+08  1.81371340e+02
 7.94328235e+08  -1.15467016e+00  7.94328235e+08  1.80599195e+02
 8.57695899e+08  -5.71166506e-01  8.57695899e+08  1.80079684e+02
 9.26118728e+08  4.06584045e+00  9.26118728e+08  1.80084066e+02
 1.00000000e+09  8.73403621e+00  1.00000000e+09  1.80743959e+02
