 1.00000000e+00  4.56885407e+01  1.00000000e+00  1.79999998e+02
 1.07977516e+00  4.56885407e+01  1.07977516e+00  1.79999998e+02
 1.16591440e+00  4.56885407e+01  1.16591440e+00  1.79999998e+02
 1.25892541e+00  4.56885407e+01  1.25892541e+00  1.79999998e+02
 1.35935639e+00  4.56885407e+01  1.35935639e+00  1.79999997e+02
 1.46779927e+00  4.56885407e+01  1.46779927e+00  1.79999997e+02
 1.58489319e+00  4.56885407e+01  1.58489319e+00  1.79999997e+02
 1.71132830e+00  4.56885407e+01  1.71132830e+00  1.79999997e+02
 1.84784980e+00  4.56885407e+01  1.84784980e+00  1.79999996e+02
 1.99526231e+00  4.56885407e+01  1.99526231e+00  1.79999996e+02
 2.15443469e+00  4.56885407e+01  2.15443469e+00  1.79999996e+02
 2.32630507e+00  4.56885407e+01  2.32630507e+00  1.79999995e+02
 2.51188643e+00  4.56885407e+01  2.51188643e+00  1.79999995e+02
 2.71227258e+00  4.56885407e+01  2.71227258e+00  1.79999995e+02
 2.92864456e+00  4.56885407e+01  2.92864456e+00  1.79999994e+02
 3.16227766e+00  4.56885407e+01  3.16227766e+00  1.79999994e+02
 3.41454887e+00  4.56885407e+01  3.41454887e+00  1.79999993e+02
 3.68694506e+00  4.56885407e+01  3.68694506e+00  1.79999993e+02
 3.98107171e+00  4.56885407e+01  3.98107171e+00  1.79999992e+02
 4.29866235e+00  4.56885407e+01  4.29866235e+00  1.79999992e+02
 4.64158883e+00  4.56885407e+01  4.64158883e+00  1.79999991e+02
 5.01187234e+00  4.56885407e+01  5.01187234e+00  1.79999990e+02
 5.41169527e+00  4.56885407e+01  5.41169527e+00  1.79999990e+02
 5.84341413e+00  4.56885407e+01  5.84341413e+00  1.79999989e+02
 6.30957344e+00  4.56885407e+01  6.30957344e+00  1.79999988e+02
 6.81292069e+00  4.56885407e+01  6.81292069e+00  1.79999987e+02
 7.35642254e+00  4.56885407e+01  7.35642254e+00  1.79999986e+02
 7.94328235e+00  4.56885407e+01  7.94328235e+00  1.79999985e+02
 8.57695899e+00  4.56885407e+01  8.57695899e+00  1.79999983e+02
 9.26118728e+00  4.56885407e+01  9.26118728e+00  1.79999982e+02
 1.00000000e+01  4.56885407e+01  1.00000000e+01  1.79999981e+02
 1.07977516e+01  4.56885407e+01  1.07977516e+01  1.79999979e+02
 1.16591440e+01  4.56885407e+01  1.16591440e+01  1.79999977e+02
 1.25892541e+01  4.56885407e+01  1.25892541e+01  1.79999976e+02
 1.35935639e+01  4.56885407e+01  1.35935639e+01  1.79999974e+02
 1.46779927e+01  4.56885407e+01  1.46779927e+01  1.79999972e+02
 1.58489319e+01  4.56885407e+01  1.58489319e+01  1.79999969e+02
 1.71132830e+01  4.56885407e+01  1.71132830e+01  1.79999967e+02
 1.84784980e+01  4.56885407e+01  1.84784980e+01  1.79999964e+02
 1.99526231e+01  4.56885407e+01  1.99526231e+01  1.79999961e+02
 2.15443469e+01  4.56885407e+01  2.15443469e+01  1.79999958e+02
 2.32630507e+01  4.56885407e+01  2.32630507e+01  1.79999955e+02
 2.51188643e+01  4.56885407e+01  2.51188643e+01  1.79999951e+02
 2.71227258e+01  4.56885407e+01  2.71227258e+01  1.79999947e+02
 2.92864456e+01  4.56885407e+01  2.92864456e+01  1.79999943e+02
 3.16227766e+01  4.56885407e+01  3.16227766e+01  1.79999939e+02
 3.41454887e+01  4.56885407e+01  3.41454887e+01  1.79999934e+02
 3.68694506e+01  4.56885407e+01  3.68694506e+01  1.79999929e+02
 3.98107171e+01  4.56885407e+01  3.98107171e+01  1.79999923e+02
 4.29866235e+01  4.56885407e+01  4.29866235e+01  1.79999917e+02
 4.64158883e+01  4.56885407e+01  4.64158883e+01  1.79999910e+02
 5.01187234e+01  4.56885407e+01  5.01187234e+01  1.79999903e+02
 5.41169527e+01  4.56885407e+01  5.41169527e+01  1.79999895e+02
 5.84341413e+01  4.56885407e+01  5.84341413e+01  1.79999887e+02
 6.30957344e+01  4.56885407e+01  6.30957344e+01  1.79999878e+02
 6.81292069e+01  4.56885407e+01  6.81292069e+01  1.79999868e+02
 7.35642254e+01  4.56885407e+01  7.35642254e+01  1.79999857e+02
 7.94328235e+01  4.56885407e+01  7.94328235e+01  1.79999846e+02
 8.57695899e+01  4.56885407e+01  8.57695899e+01  1.79999834e+02
 9.26118728e+01  4.56885407e+01  9.26118728e+01  1.79999820e+02
 1.00000000e+02  4.56885407e+01  1.00000000e+02  1.79999806e+02
 1.07977516e+02  4.56885407e+01  1.07977516e+02  1.79999791e+02
 1.16591440e+02  4.56885407e+01  1.16591440e+02  1.79999774e+02
 1.25892541e+02  4.56885407e+01  1.25892541e+02  1.79999756e+02
 1.35935639e+02  4.56885407e+01  1.35935639e+02  1.79999736e+02
 1.46779927e+02  4.56885407e+01  1.46779927e+02  1.79999715e+02
 1.58489319e+02  4.56885407e+01  1.58489319e+02  1.79999693e+02
 1.71132830e+02  4.56885407e+01  1.71132830e+02  1.79999668e+02
 1.84784980e+02  4.56885407e+01  1.84784980e+02  1.79999642e+02
 1.99526231e+02  4.56885407e+01  1.99526231e+02  1.79999613e+02
 2.15443469e+02  4.56885407e+01  2.15443469e+02  1.79999582e+02
 2.32630507e+02  4.56885407e+01  2.32630507e+02  1.79999549e+02
 2.51188643e+02  4.56885407e+01  2.51188643e+02  1.79999513e+02
 2.71227258e+02  4.56885407e+01  2.71227258e+02  1.79999474e+02
 2.92864456e+02  4.56885407e+01  2.92864456e+02  1.79999432e+02
 3.16227766e+02  4.56885408e+01  3.16227766e+02  1.79999387e+02
 3.41454887e+02  4.56885408e+01  3.41454887e+02  1.79999338e+02
 3.68694506e+02  4.56885408e+01  3.68694506e+02  1.79999285e+02
 3.98107171e+02  4.56885408e+01  3.98107171e+02  1.79999228e+02
 4.29866235e+02  4.56885408e+01  4.29866235e+02  1.79999167e+02
 4.64158883e+02  4.56885408e+01  4.64158883e+02  1.79999100e+02
 5.01187234e+02  4.56885408e+01  5.01187234e+02  1.79999028e+02
 5.41169527e+02  4.56885409e+01  5.41169527e+02  1.79998951e+02
 5.84341413e+02  4.56885409e+01  5.84341413e+02  1.79998867e+02
 6.30957344e+02  4.56885409e+01  6.30957344e+02  1.79998777e+02
 6.81292069e+02  4.56885410e+01  6.81292069e+02  1.79998679e+02
 7.35642254e+02  4.56885410e+01  7.35642254e+02  1.79998574e+02
 7.94328235e+02  4.56885411e+01  7.94328235e+02  1.79998460e+02
 8.57695899e+02  4.56885411e+01  8.57695899e+02  1.79998337e+02
 9.26118728e+02  4.56885412e+01  9.26118728e+02  1.79998205e+02
 1.00000000e+03  4.56885413e+01  1.00000000e+03  1.79998062e+02
 1.07977516e+03  4.56885414e+01  1.07977516e+03  1.79997907e+02
 1.16591440e+03  4.56885415e+01  1.16591440e+03  1.79997740e+02
 1.25892541e+03  4.56885416e+01  1.25892541e+03  1.79997560e+02
 1.35935639e+03  4.56885418e+01  1.35935639e+03  1.79997365e+02
 1.46779927e+03  4.56885420e+01  1.46779927e+03  1.79997155e+02
 1.58489319e+03  4.56885422e+01  1.58489319e+03  1.79996928e+02
 1.71132830e+03  4.56885424e+01  1.71132830e+03  1.79996683e+02
 1.84784980e+03  4.56885427e+01  1.84784980e+03  1.79996418e+02
 1.99526231e+03  4.56885431e+01  1.99526231e+03  1.79996132e+02
 2.15443469e+03  4.56885434e+01  2.15443469e+03  1.79995824e+02
 2.32630507e+03  4.56885439e+01  2.32630507e+03  1.79995491e+02
 2.51188643e+03  4.56885444e+01  2.51188643e+03  1.79995131e+02
 2.71227258e+03  4.56885451e+01  2.71227258e+03  1.79994742e+02
 2.92864456e+03  4.56885458e+01  2.92864456e+03  1.79994323e+02
 3.16227766e+03  4.56885466e+01  3.16227766e+03  1.79993870e+02
 3.41454887e+03  4.56885476e+01  3.41454887e+03  1.79993381e+02
 3.68694506e+03  4.56885488e+01  3.68694506e+03  1.79992853e+02
 3.98107171e+03  4.56885501e+01  3.98107171e+03  1.79992283e+02
 4.29866235e+03  4.56885516e+01  4.29866235e+03  1.79991667e+02
 4.64158883e+03  4.56885535e+01  4.64158883e+03  1.79991002e+02
 5.01187234e+03  4.56885556e+01  5.01187234e+03  1.79990285e+02
 5.41169527e+03  4.56885580e+01  5.41169527e+03  1.79989510e+02
 5.84341413e+03  4.56885609e+01  5.84341413e+03  1.79988673e+02
 6.30957344e+03  4.56885643e+01  6.30957344e+03  1.79987769e+02
 6.81292069e+03  4.56885682e+01  6.81292069e+03  1.79986793e+02
 7.35642254e+03  4.56885728e+01  7.35642254e+03  1.79985740e+02
 7.94328235e+03  4.56885781e+01  7.94328235e+03  1.79984602e+02
 8.57695899e+03  4.56885843e+01  8.57695899e+03  1.79983374e+02
 9.26118728e+03  4.56885915e+01  9.26118728e+03  1.79982047e+02
 1.00000000e+04  4.56885999e+01  1.00000000e+04  1.79980615e+02
 1.07977516e+04  4.56886098e+01  1.07977516e+04  1.79979069e+02
 1.16591440e+04  4.56886212e+01  1.16591440e+04  1.79977399e+02
 1.25892541e+04  4.56886346e+01  1.25892541e+04  1.79975596e+02
 1.35935639e+04  4.56886502e+01  1.35935639e+04  1.79973649e+02
 1.46779927e+04  4.56886683e+01  1.46779927e+04  1.79971547e+02
 1.58489319e+04  4.56886895e+01  1.58489319e+04  1.79969277e+02
 1.71132830e+04  4.56887142e+01  1.71132830e+04  1.79966826e+02
 1.84784980e+04  4.56887430e+01  1.84784980e+04  1.79964179e+02
 1.99526231e+04  4.56887765e+01  1.99526231e+04  1.79961321e+02
 2.15443469e+04  4.56888157e+01  2.15443469e+04  1.79958235e+02
 2.32630507e+04  4.56888613e+01  2.32630507e+04  1.79954903e+02
 2.51188643e+04  4.56889145e+01  2.51188643e+04  1.79951305e+02
 2.71227258e+04  4.56889765e+01  2.71227258e+04  1.79947420e+02
 2.92864456e+04  4.56890488e+01  2.92864456e+04  1.79943224e+02
 3.16227766e+04  4.56891332e+01  3.16227766e+04  1.79938694e+02
 3.41454887e+04  4.56892314e+01  3.41454887e+04  1.79933802e+02
 3.68694506e+04  4.56893461e+01  3.68694506e+04  1.79928520e+02
 3.98107171e+04  4.56894797e+01  3.98107171e+04  1.79922815e+02
 4.29866235e+04  4.56896355e+01  4.29866235e+04  1.79916656e+02
 4.64158883e+04  4.56898171e+01  4.64158883e+04  1.79910004e+02
 5.01187234e+04  4.56900289e+01  5.01187234e+04  1.79902821e+02
 5.41169527e+04  4.56902758e+01  5.41169527e+04  1.79895063e+02
 5.84341413e+04  4.56905637e+01  5.84341413e+04  1.79886686e+02
 6.30957344e+04  4.56908995e+01  6.30957344e+04  1.79877639e+02
 6.81292069e+04  4.56912909e+01  6.81292069e+04  1.79867868e+02
 7.35642254e+04  4.56917472e+01  7.35642254e+04  1.79857315e+02
 7.94328235e+04  4.56922794e+01  7.94328235e+04  1.79845917e+02
 8.57695899e+04  4.56928998e+01  8.57695899e+04  1.79833606e+02
 9.26118728e+04  4.56936234e+01  9.26118728e+04  1.79820308e+02
 1.00000000e+05  4.56944668e+01  1.00000000e+05  1.79805943e+02
 1.07977516e+05  4.56954505e+01  1.07977516e+05  1.79790424e+02
 1.16591440e+05  4.56965975e+01  1.16591440e+05  1.79773657e+02
 1.25892541e+05  4.56979346e+01  1.25892541e+05  1.79755540e+02
 1.35935639e+05  4.56994942e+01  1.35935639e+05  1.79735962e+02
 1.46779927e+05  4.57013128e+01  1.46779927e+05  1.79714802e+02
 1.58489319e+05  4.57034340e+01  1.58489319e+05  1.79691930e+02
 1.71132830e+05  4.57059072e+01  1.71132830e+05  1.79667202e+02
 1.84784980e+05  4.57087918e+01  1.84784980e+05  1.79640462e+02
 1.99526231e+05  4.57121562e+01  1.99526231e+05  1.79611539e+02
 2.15443469e+05  4.57160805e+01  2.15443469e+05  1.79580246e+02
 2.32630507e+05  4.57206582e+01  2.32630507e+05  1.79546377e+02
 2.51188643e+05  4.57259981e+01  2.51188643e+05  1.79509707e+02
 2.71227258e+05  4.57322281e+01  2.71227258e+05  1.79469986e+02
 2.92864456e+05  4.57394964e+01  2.92864456e+05  1.79426938e+02
 3.16227766e+05  4.57479764e+01  3.16227766e+05  1.79380254e+02
 3.41454887e+05  4.57578786e+01  3.41454887e+05  1.79329598e+02
 3.68694506e+05  4.57694351e+01  3.68694506e+05  1.79274576e+02
 3.98107171e+05  4.57829238e+01  3.98107171e+05  1.79214763e+02
 4.29866235e+05  4.57986797e+01  4.29866235e+05  1.79149664e+02
 4.64158883e+05  4.58170851e+01  4.64158883e+05  1.79078729e+02
 5.01187234e+05  4.58385905e+01  5.01187234e+05  1.79001314e+02
 5.41169527e+05  4.58637299e+01  5.41169527e+05  1.78916674e+02
 5.84341413e+05  4.58931292e+01  5.84341413e+05  1.78823967e+02
 6.30957344e+05  4.59275296e+01  6.30957344e+05  1.78722167e+02
 6.81292069e+05  4.59677973e+01  6.81292069e+05  1.78610096e+02
 7.35642254e+05  4.60149690e+01  7.35642254e+05  1.78486362e+02
 7.94328235e+05  4.60702952e+01  7.94328235e+05  1.78349193e+02
 8.57695899e+05  4.61352264e+01  8.57695899e+05  1.78196595e+02
 9.26118728e+05  4.62115289e+01  9.26118728e+05  1.78025930e+02
 1.00000000e+06  4.63012797e+01  1.00000000e+06  1.77834060e+02
 1.07977516e+06  4.64070847e+01  1.07977516e+06  1.77617042e+02
 1.16591440e+06  4.65319954e+01  1.16591440e+06  1.77369699e+02
 1.25892541e+06  4.66798466e+01  1.25892541e+06  1.77085542e+02
 1.35935639e+06  4.68552928e+01  1.35935639e+06  1.76756075e+02
 1.46779927e+06  4.70641944e+01  1.46779927e+06  1.76369617e+02
 1.58489319e+06  4.73139180e+01  1.58489319e+06  1.75910623e+02
 1.71132830e+06  4.76139148e+01  1.71132830e+06  1.75357347e+02
 1.84784980e+06  4.79763202e+01  1.84784980e+06  1.74678585e+02
 1.99526231e+06  4.84175097e+01  1.99526231e+06  1.73828376e+02
 2.15443469e+06  4.89593412e+01  2.15443469e+06  1.72736918e+02
 2.32630507e+06  4.96324528e+01  2.32630507e+06  1.71290275e+02
 2.51188643e+06  5.04807705e+01  2.51188643e+06  1.69297504e+02
 2.71227258e+06  5.15689960e+01  2.71227258e+06  1.66406281e+02
 2.92864456e+06  5.29946375e+01  2.92864456e+06  1.61907275e+02
 3.16227766e+06  5.48946087e+01  3.16227766e+06  1.54193464e+02
 3.41454887e+06  5.73482312e+01  3.41454887e+06  1.39187674e+02
 3.68694506e+06  5.94671304e+01  3.68694506e+06  1.08368335e+02
 3.98107171e+06  5.80818464e+01  3.98107171e+06  6.77610664e+01
 4.29866235e+06  5.42472792e+01  4.29866235e+06  4.32183526e+01
 4.64158883e+06  5.06210090e+01  4.64158883e+06  3.14642127e+01
 5.01187234e+06  4.75501881e+01  5.01187234e+06  2.52549239e+01
 5.41169527e+06  4.49033268e+01  5.41169527e+06  2.16174801e+01
 5.84341413e+06  4.25559640e+01  5.84341413e+06  1.93461904e+01
 6.30957344e+06  4.04222861e+01  6.30957344e+06  1.78845464e+01
 6.81292069e+06  3.84446497e+01  6.81292069e+06  1.69547933e+01
 7.35642254e+06  3.65837698e+01  7.35642254e+06  1.63905799e+01
 7.94328235e+06  3.48128763e+01  7.94328235e+06  1.61149687e+01
 8.57695899e+06  3.31095060e+01  8.57695899e+06  1.60533769e+01
 9.26118728e+06  3.14603555e+01  9.26118728e+06  1.61897479e+01
 1.00000000e+07  2.98504050e+01  1.00000000e+07  1.64842544e+01
 1.07977516e+07  2.82720870e+01  1.07977516e+07  1.69403338e+01
 1.16591440e+07  2.67161384e+01  1.16591440e+07  1.75540201e+01
 1.25892541e+07  2.51742792e+01  1.25892541e+07  1.83229476e+01
 1.35935639e+07  2.36448935e+01  1.35935639e+07  1.92401902e+01
 1.46779927e+07  2.21209045e+01  1.46779927e+07  2.03414227e+01
 1.58489319e+07  2.05919767e+01  1.58489319e+07  2.16281969e+01
 1.71132830e+07  1.90539135e+01  1.71132830e+07  2.31480651e+01
 1.84784980e+07  1.75093702e+01  1.84784980e+07  2.49296600e+01
 1.99526231e+07  1.59465928e+01  1.99526231e+07  2.69561394e+01
 2.15443469e+07  1.43628971e+01  2.15443469e+07  2.93980755e+01
 2.32630507e+07  1.27562366e+01  2.32630507e+07  3.22448231e+01
 2.51188643e+07  1.11106015e+01  2.51188643e+07  3.56873648e+01
 2.71227258e+07  9.44598608e+00  2.71227258e+07  3.97338467e+01
 2.92864456e+07  7.74860384e+00  2.92864456e+07  4.48041960e+01
 3.16227766e+07  6.03808270e+00  3.16227766e+07  5.07619411e+01
 3.41454887e+07  4.34733077e+00  3.41454887e+07  5.84152507e+01
 3.68694506e+07  2.73762733e+00  3.68694506e+07  6.73778625e+01
 3.98107171e+07  1.33661803e+00  3.98107171e+07  7.85839108e+01
 4.29866235e+07  2.69576629e-01  4.29866235e+07  9.14106109e+01
 4.64158883e+07  -3.63088550e-01  4.64158883e+07  1.05315956e+02
 5.01187234e+07  -5.78181817e-01  5.01187234e+07  1.17340666e+02
 5.41169527e+07  -5.36109434e-01  5.41169527e+07  1.28638290e+02
 5.84341413e+07  -8.87945452e-02  5.84341413e+07  1.37954714e+02
 6.30957344e+07  1.29406017e-01  6.30957344e+07  1.47921780e+02
 6.81292069e+07  6.08828286e-01  6.81292069e+07  1.53273043e+02
 7.35642254e+07  1.07361866e+00  7.35642254e+07  1.59880578e+02
 7.94328235e+07  1.30520384e+00  7.94328235e+07  1.64119190e+02
 8.57695899e+07  1.83133454e+00  8.57695899e+07  1.67645870e+02
 9.26118728e+07  2.30855267e+00  9.26118728e+07  1.72112925e+02
 1.00000000e+08  2.61900162e+00  1.00000000e+08  1.75161312e+02
 1.07977516e+08  2.87861745e+00  1.07977516e+08  1.78042328e+02
 1.16591440e+08  3.20405531e+00  1.16591440e+08  1.80509173e+02
 1.25892541e+08  3.56161830e+00  1.25892541e+08  1.83022744e+02
 1.35935639e+08  4.15005317e+00  1.35935639e+08  1.84711725e+02
 1.46779927e+08  4.22481672e+00  1.46779927e+08  1.86246982e+02
 1.58489319e+08  4.64516788e+00  1.58489319e+08  1.87855139e+02
 1.71132830e+08  4.88042045e+00  1.71132830e+08  1.88716793e+02
 1.84784980e+08  5.58209047e+00  1.84784980e+08  1.89315788e+02
 1.99526231e+08  5.13575021e+00  1.99526231e+08  1.90490908e+02
 2.15443469e+08  6.36733183e+00  2.15443469e+08  1.89963808e+02
 2.32630507e+08  6.92186084e+00  2.32630507e+08  1.90193033e+02
 2.51188643e+08  7.27566256e+00  2.51188643e+08  1.89719982e+02
 2.71227258e+08  6.21676956e+00  2.71227258e+08  1.89720938e+02
 2.92864456e+08  6.77709507e+00  2.92864456e+08  1.88938544e+02
 3.16227766e+08  6.96214527e+00  3.16227766e+08  1.88202972e+02
 3.41454887e+08  6.53765011e+00  3.41454887e+08  1.87276761e+02
 3.68694506e+08  7.06267817e+00  3.68694506e+08  1.86630738e+02
 3.98107171e+08  7.95969834e+00  3.98107171e+08  1.85653937e+02
 4.29866235e+08  9.60184619e+00  4.29866235e+08  1.85118275e+02
 4.64158883e+08  8.30029389e+00  4.64158883e+08  1.83965743e+02
 5.01187234e+08  8.90202129e+00  5.01187234e+08  1.83718433e+02
 5.41169527e+08  4.09909057e+00  5.41169527e+08  1.82765059e+02
 5.84341413e+08  8.74496152e+00  5.84341413e+08  1.82288763e+02
 6.30957344e+08  1.09235046e+01  6.30957344e+08  1.82111052e+02
 6.81292069e+08  6.06118015e+00  6.81292069e+08  1.81539791e+02
 7.35642254e+08  8.23151245e+00  7.35642254e+08  1.80909195e+02
 7.94328235e+08  3.34428553e+00  7.94328235e+08  1.81099761e+02
 8.57695899e+08  2.01793336e+00  8.57695899e+08  1.80205975e+02
 9.26118728e+08  4.16922877e+00  9.26118728e+08  1.80286692e+02
 1.00000000e+09  4.62243332e+01  1.00000000e+09  9.17087127e+01
