 1.00000000e+00  4.71843816e+01  1.00000000e+00  1.79999998e+02
 1.07977516e+00  4.71843816e+01  1.07977516e+00  1.79999998e+02
 1.16591440e+00  4.71843816e+01  1.16591440e+00  1.79999998e+02
 1.25892541e+00  4.71843816e+01  1.25892541e+00  1.79999997e+02
 1.35935639e+00  4.71843816e+01  1.35935639e+00  1.79999997e+02
 1.46779927e+00  4.71843816e+01  1.46779927e+00  1.79999997e+02
 1.58489319e+00  4.71843816e+01  1.58489319e+00  1.79999997e+02
 1.71132830e+00  4.71843816e+01  1.71132830e+00  1.79999997e+02
 1.84784980e+00  4.71843816e+01  1.84784980e+00  1.79999996e+02
 1.99526231e+00  4.71843816e+01  1.99526231e+00  1.79999996e+02
 2.15443469e+00  4.71843816e+01  2.15443469e+00  1.79999996e+02
 2.32630507e+00  4.71843816e+01  2.32630507e+00  1.79999995e+02
 2.51188643e+00  4.71843816e+01  2.51188643e+00  1.79999995e+02
 2.71227258e+00  4.71843816e+01  2.71227258e+00  1.79999995e+02
 2.92864456e+00  4.71843816e+01  2.92864456e+00  1.79999994e+02
 3.16227766e+00  4.71843816e+01  3.16227766e+00  1.79999994e+02
 3.41454887e+00  4.71843816e+01  3.41454887e+00  1.79999993e+02
 3.68694506e+00  4.71843816e+01  3.68694506e+00  1.79999993e+02
 3.98107171e+00  4.71843816e+01  3.98107171e+00  1.79999992e+02
 4.29866235e+00  4.71843816e+01  4.29866235e+00  1.79999991e+02
 4.64158883e+00  4.71843816e+01  4.64158883e+00  1.79999991e+02
 5.01187234e+00  4.71843816e+01  5.01187234e+00  1.79999990e+02
 5.41169527e+00  4.71843816e+01  5.41169527e+00  1.79999989e+02
 5.84341413e+00  4.71843816e+01  5.84341413e+00  1.79999988e+02
 6.30957344e+00  4.71843816e+01  6.30957344e+00  1.79999987e+02
 6.81292069e+00  4.71843816e+01  6.81292069e+00  1.79999986e+02
 7.35642254e+00  4.71843816e+01  7.35642254e+00  1.79999985e+02
 7.94328235e+00  4.71843816e+01  7.94328235e+00  1.79999984e+02
 8.57695899e+00  4.71843816e+01  8.57695899e+00  1.79999983e+02
 9.26118728e+00  4.71843816e+01  9.26118728e+00  1.79999982e+02
 1.00000000e+01  4.71843816e+01  1.00000000e+01  1.79999980e+02
 1.07977516e+01  4.71843816e+01  1.07977516e+01  1.79999979e+02
 1.16591440e+01  4.71843816e+01  1.16591440e+01  1.79999977e+02
 1.25892541e+01  4.71843816e+01  1.25892541e+01  1.79999975e+02
 1.35935639e+01  4.71843816e+01  1.35935639e+01  1.79999973e+02
 1.46779927e+01  4.71843816e+01  1.46779927e+01  1.79999971e+02
 1.58489319e+01  4.71843816e+01  1.58489319e+01  1.79999969e+02
 1.71132830e+01  4.71843816e+01  1.71132830e+01  1.79999966e+02
 1.84784980e+01  4.71843816e+01  1.84784980e+01  1.79999963e+02
 1.99526231e+01  4.71843816e+01  1.99526231e+01  1.79999960e+02
 2.15443469e+01  4.71843816e+01  2.15443469e+01  1.79999957e+02
 2.32630507e+01  4.71843816e+01  2.32630507e+01  1.79999954e+02
 2.51188643e+01  4.71843816e+01  2.51188643e+01  1.79999950e+02
 2.71227258e+01  4.71843816e+01  2.71227258e+01  1.79999946e+02
 2.92864456e+01  4.71843816e+01  2.92864456e+01  1.79999942e+02
 3.16227766e+01  4.71843816e+01  3.16227766e+01  1.79999937e+02
 3.41454887e+01  4.71843816e+01  3.41454887e+01  1.79999932e+02
 3.68694506e+01  4.71843816e+01  3.68694506e+01  1.79999927e+02
 3.98107171e+01  4.71843816e+01  3.98107171e+01  1.79999921e+02
 4.29866235e+01  4.71843816e+01  4.29866235e+01  1.79999915e+02
 4.64158883e+01  4.71843816e+01  4.64158883e+01  1.79999908e+02
 5.01187234e+01  4.71843816e+01  5.01187234e+01  1.79999900e+02
 5.41169527e+01  4.71843816e+01  5.41169527e+01  1.79999893e+02
 5.84341413e+01  4.71843816e+01  5.84341413e+01  1.79999884e+02
 6.30957344e+01  4.71843816e+01  6.30957344e+01  1.79999875e+02
 6.81292069e+01  4.71843816e+01  6.81292069e+01  1.79999865e+02
 7.35642254e+01  4.71843816e+01  7.35642254e+01  1.79999854e+02
 7.94328235e+01  4.71843816e+01  7.94328235e+01  1.79999842e+02
 8.57695899e+01  4.71843816e+01  8.57695899e+01  1.79999830e+02
 9.26118728e+01  4.71843816e+01  9.26118728e+01  1.79999816e+02
 1.00000000e+02  4.71843816e+01  1.00000000e+02  1.79999801e+02
 1.07977516e+02  4.71843816e+01  1.07977516e+02  1.79999786e+02
 1.16591440e+02  4.71843816e+01  1.16591440e+02  1.79999768e+02
 1.25892541e+02  4.71843816e+01  1.25892541e+02  1.79999750e+02
 1.35935639e+02  4.71843816e+01  1.35935639e+02  1.79999730e+02
 1.46779927e+02  4.71843816e+01  1.46779927e+02  1.79999709e+02
 1.58489319e+02  4.71843816e+01  1.58489319e+02  1.79999685e+02
 1.71132830e+02  4.71843816e+01  1.71132830e+02  1.79999660e+02
 1.84784980e+02  4.71843817e+01  1.84784980e+02  1.79999633e+02
 1.99526231e+02  4.71843817e+01  1.99526231e+02  1.79999604e+02
 2.15443469e+02  4.71843817e+01  2.15443469e+02  1.79999572e+02
 2.32630507e+02  4.71843817e+01  2.32630507e+02  1.79999538e+02
 2.51188643e+02  4.71843817e+01  2.51188643e+02  1.79999501e+02
 2.71227258e+02  4.71843817e+01  2.71227258e+02  1.79999461e+02
 2.92864456e+02  4.71843817e+01  2.92864456e+02  1.79999418e+02
 3.16227766e+02  4.71843817e+01  3.16227766e+02  1.79999372e+02
 3.41454887e+02  4.71843817e+01  3.41454887e+02  1.79999322e+02
 3.68694506e+02  4.71843817e+01  3.68694506e+02  1.79999268e+02
 3.98107171e+02  4.71843817e+01  3.98107171e+02  1.79999209e+02
 4.29866235e+02  4.71843818e+01  4.29866235e+02  1.79999146e+02
 4.64158883e+02  4.71843818e+01  4.64158883e+02  1.79999078e+02
 5.01187234e+02  4.71843818e+01  5.01187234e+02  1.79999005e+02
 5.41169527e+02  4.71843818e+01  5.41169527e+02  1.79998925e+02
 5.84341413e+02  4.71843819e+01  5.84341413e+02  1.79998840e+02
 6.30957344e+02  4.71843819e+01  6.30957344e+02  1.79998747e+02
 6.81292069e+02  4.71843820e+01  6.81292069e+02  1.79998647e+02
 7.35642254e+02  4.71843820e+01  7.35642254e+02  1.79998539e+02
 7.94328235e+02  4.71843821e+01  7.94328235e+02  1.79998423e+02
 8.57695899e+02  4.71843822e+01  8.57695899e+02  1.79998297e+02
 9.26118728e+02  4.71843823e+01  9.26118728e+02  1.79998161e+02
 1.00000000e+03  4.71843824e+01  1.00000000e+03  1.79998014e+02
 1.07977516e+03  4.71843825e+01  1.07977516e+03  1.79997856e+02
 1.16591440e+03  4.71843827e+01  1.16591440e+03  1.79997685e+02
 1.25892541e+03  4.71843828e+01  1.25892541e+03  1.79997500e+02
 1.35935639e+03  4.71843830e+01  1.35935639e+03  1.79997301e+02
 1.46779927e+03  4.71843833e+01  1.46779927e+03  1.79997085e+02
 1.58489319e+03  4.71843835e+01  1.58489319e+03  1.79996853e+02
 1.71132830e+03  4.71843838e+01  1.71132830e+03  1.79996602e+02
 1.84784980e+03  4.71843842e+01  1.84784980e+03  1.79996330e+02
 1.99526231e+03  4.71843846e+01  1.99526231e+03  1.79996038e+02
 2.15443469e+03  4.71843851e+01  2.15443469e+03  1.79995722e+02
 2.32630507e+03  4.71843857e+01  2.32630507e+03  1.79995380e+02
 2.51188643e+03  4.71843864e+01  2.51188643e+03  1.79995012e+02
 2.71227258e+03  4.71843872e+01  2.71227258e+03  1.79994614e+02
 2.92864456e+03  4.71843881e+01  2.92864456e+03  1.79994184e+02
 3.16227766e+03  4.71843892e+01  3.16227766e+03  1.79993720e+02
 3.41454887e+03  4.71843905e+01  3.41454887e+03  1.79993219e+02
 3.68694506e+03  4.71843919e+01  3.68694506e+03  1.79992678e+02
 3.98107171e+03  4.71843936e+01  3.98107171e+03  1.79992094e+02
 4.29866235e+03  4.71843956e+01  4.29866235e+03  1.79991464e+02
 4.64158883e+03  4.71843980e+01  4.64158883e+03  1.79990783e+02
 5.01187234e+03  4.71844007e+01  5.01187234e+03  1.79990047e+02
 5.41169527e+03  4.71844038e+01  5.41169527e+03  1.79989253e+02
 5.84341413e+03  4.71844075e+01  5.84341413e+03  1.79988396e+02
 6.30957344e+03  4.71844118e+01  6.30957344e+03  1.79987470e+02
 6.81292069e+03  4.71844168e+01  6.81292069e+03  1.79986471e+02
 7.35642254e+03  4.71844226e+01  7.35642254e+03  1.79985391e+02
 7.94328235e+03  4.71844294e+01  7.94328235e+03  1.79984226e+02
 8.57695899e+03  4.71844374e+01  8.57695899e+03  1.79982968e+02
 9.26118728e+03  4.71844466e+01  9.26118728e+03  1.79981609e+02
 1.00000000e+04  4.71844574e+01  1.00000000e+04  1.79980142e+02
 1.07977516e+04  4.71844700e+01  1.07977516e+04  1.79978557e+02
 1.16591440e+04  4.71844846e+01  1.16591440e+04  1.79976847e+02
 1.25892541e+04  4.71845017e+01  1.25892541e+04  1.79974999e+02
 1.35935639e+04  4.71845216e+01  1.35935639e+04  1.79973005e+02
 1.46779927e+04  4.71845449e+01  1.46779927e+04  1.79970851e+02
 1.58489319e+04  4.71845719e+01  1.58489319e+04  1.79968526e+02
 1.71132830e+04  4.71846035e+01  1.71132830e+04  1.79966015e+02
 1.84784980e+04  4.71846403e+01  1.84784980e+04  1.79963303e+02
 1.99526231e+04  4.71846833e+01  1.99526231e+04  1.79960375e+02
 2.15443469e+04  4.71847333e+01  2.15443469e+04  1.79957214e+02
 2.32630507e+04  4.71847917e+01  2.32630507e+04  1.79953800e+02
 2.51188643e+04  4.71848597e+01  2.51188643e+04  1.79950114e+02
 2.71227258e+04  4.71849390e+01  2.71227258e+04  1.79946134e+02
 2.92864456e+04  4.71850315e+01  2.92864456e+04  1.79941835e+02
 3.16227766e+04  4.71851394e+01  3.16227766e+04  1.79937194e+02
 3.41454887e+04  4.71852651e+01  3.41454887e+04  1.79932182e+02
 3.68694506e+04  4.71854117e+01  3.68694506e+04  1.79926770e+02
 3.98107171e+04  4.71855825e+01  3.98107171e+04  1.79920926e+02
 4.29866235e+04  4.71857818e+01  4.29866235e+04  1.79914614e+02
 4.64158883e+04  4.71860142e+01  4.64158883e+04  1.79907799e+02
 5.01187234e+04  4.71862851e+01  5.01187234e+04  1.79900439e+02
 5.41169527e+04  4.71866009e+01  5.41169527e+04  1.79892490e+02
 5.84341413e+04  4.71869692e+01  5.84341413e+04  1.79883905e+02
 6.30957344e+04  4.71873985e+01  6.30957344e+04  1.79874634e+02
 6.81292069e+04  4.71878992e+01  6.81292069e+04  1.79864621e+02
 7.35642254e+04  4.71884829e+01  7.35642254e+04  1.79853805e+02
 7.94328235e+04  4.71891636e+01  7.94328235e+04  1.79842123e+02
 8.57695899e+04  4.71899572e+01  8.57695899e+04  1.79829504e+02
 9.26118728e+04  4.71908826e+01  9.26118728e+04  1.79815871e+02
 1.00000000e+05  4.71919617e+01  1.00000000e+05  1.79801143e+02
 1.07977516e+05  4.71932199e+01  1.07977516e+05  1.79785230e+02
 1.16591440e+05  4.71946871e+01  1.16591440e+05  1.79768035e+02
 1.25892541e+05  4.71963982e+01  1.25892541e+05  1.79749451e+02
 1.35935639e+05  4.71983937e+01  1.35935639e+05  1.79729365e+02
 1.46779927e+05  4.72007206e+01  1.46779927e+05  1.79707652e+02
 1.58489319e+05  4.72034341e+01  1.58489319e+05  1.79684173e+02
 1.71132830e+05  4.72065992e+01  1.71132830e+05  1.79658782e+02
 1.84784980e+05  4.72102907e+01  1.84784980e+05  1.79631313e+02
 1.99526231e+05  4.72145966e+01  1.99526231e+05  1.79601589e+02
 2.15443469e+05  4.72196190e+01  2.15443469e+05  1.79569412e+02
 2.32630507e+05  4.72254793e+01  2.32630507e+05  1.79534565e+02
 2.51188643e+05  4.72323168e+01  2.51188643e+05  1.79496810e+02
 2.71227258e+05  4.72402948e+01  2.71227258e+05  1.79455879e+02
 2.92864456e+05  4.72496054e+01  2.92864456e+05  1.79411477e+02
 3.16227766e+05  4.72604738e+01  3.16227766e+05  1.79363272e+02
 3.41454887e+05  4.72731610e+01  3.41454887e+05  1.79310892e+02
 3.68694506e+05  4.72879768e+01  3.68694506e+05  1.79253917e+02
 3.98107171e+05  4.73052812e+01  3.98107171e+05  1.79191870e+02
 4.29866235e+05  4.73254989e+01  4.29866235e+05  1.79124204e+02
 4.64158883e+05  4.73491252e+01  4.64158883e+05  1.79050292e+02
 5.01187234e+05  4.73767581e+01  5.01187234e+05  1.78969406e+02
 5.41169527e+05  4.74090784e+01  5.41169527e+05  1.78880696e+02
 5.84341413e+05  4.74469103e+01  5.84341413e+05  1.78783163e+02
 6.30957344e+05  4.74912202e+01  6.30957344e+05  1.78675617e+02
 6.81292069e+05  4.75431654e+01  6.81292069e+05  1.78556632e+02
 7.35642254e+05  4.76041087e+01  7.35642254e+05  1.78424486e+02
 7.94328235e+05  4.76756798e+01  7.94328235e+05  1.78277069e+02
 8.57695899e+05  4.77598702e+01  8.57695899e+05  1.78111769e+02
 9.26118728e+05  4.78590179e+01  9.26118728e+05  1.77925331e+02
 1.00000000e+06  4.79760183e+01  1.00000000e+06  1.77713616e+02
 1.07977516e+06  4.81143848e+01  1.07977516e+06  1.77471319e+02
 1.16591440e+06  4.82784277e+01  1.16591440e+06  1.77191523e+02
 1.25892541e+06  4.84735127e+01  1.25892541e+06  1.76865069e+02
 1.35935639e+06  4.87064282e+01  1.35935639e+06  1.76479565e+02
 1.46779927e+06  4.89856863e+01  1.46779927e+06  1.76017961e+02
 1.58489319e+06  4.93225055e+01  1.58489319e+06  1.75456085e+02
 1.71132830e+06  4.97314280e+01  1.71132830e+06  1.74758769e+02
 1.84784980e+06  5.02322992e+01  1.84784980e+06  1.73872862e+02
 1.99526231e+06  5.08524207e+01  1.99526231e+06  1.72714602e+02
 2.15443469e+06  5.16309014e+01  2.15443469e+06  1.71144504e+02
 2.32630507e+06  5.26257422e+01  2.32630507e+06  1.68913577e+02
 2.51188643e+06  5.39259945e+01  2.51188643e+06  1.65535552e+02
 2.71227258e+06  5.56718152e+01  2.71227258e+06  1.59939513e+02
 2.92864456e+06  5.80542392e+01  2.92864456e+06  1.49387070e+02
 3.16227766e+06  6.09566300e+01  3.16227766e+06  1.26229074e+02
 3.41454887e+06  6.16087624e+01  3.41454887e+06  8.24646936e+01
 3.68694506e+06  5.79042712e+01  3.68694506e+06  4.78932230e+01
 3.98107171e+06  5.38191981e+01  3.98107171e+06  3.23058270e+01
 4.29866235e+06  5.04219051e+01  4.29866235e+06  2.47825286e+01
 4.64158883e+06  4.75666942e+01  4.64158883e+06  2.06116122e+01
 5.01187234e+06  4.50813650e+01  5.01187234e+06  1.80802625e+01
 5.41169527e+06  4.28525867e+01  5.41169527e+06  1.64683770e+01
 5.84341413e+06  4.08071777e+01  5.84341413e+06  1.54290792e+01
 6.30957344e+06  3.88978291e+01  6.30957344e+06  1.47773683e+01
 6.81292069e+06  3.70901769e+01  6.81292069e+06  1.44078251e+01
 7.35642254e+06  3.53604155e+01  7.35642254e+06  1.42566211e+01
 7.94328235e+06  3.36925516e+01  7.94328235e+06  1.42845266e+01
 8.57695899e+06  3.20697670e+01  8.57695899e+06  1.44684134e+01
 9.26118728e+06  3.04844490e+01  9.26118728e+06  1.47912555e+01
 1.00000000e+07  2.89257696e+01  1.00000000e+07  1.52496616e+01
 1.07977516e+07  2.73872364e+01  1.07977516e+07  1.58373476e+01
 1.16591440e+07  2.58617906e+01  1.16591440e+07  1.65604157e+01
 1.25892541e+07  2.43462466e+01  1.25892541e+07  1.74209416e+01
 1.35935639e+07  2.28324651e+01  1.35935639e+07  1.84427842e+01
 1.46779927e+07  2.13143799e+01  1.46779927e+07  1.96320290e+01
 1.58489319e+07  1.97935191e+01  1.58489319e+07  2.10138376e+01
 1.71132830e+07  1.82576152e+01  1.71132830e+07  2.26097020e+01
 1.84784980e+07  1.67043555e+01  1.84784980e+07  2.44736830e+01
 1.99526231e+07  1.51307479e+01  1.99526231e+07  2.66387143e+01
 2.15443469e+07  1.35315175e+01  2.15443469e+07  2.91972432e+01
 2.32630507e+07  1.18934445e+01  2.32630507e+07  3.22640889e+01
 2.51188643e+07  1.02282806e+01  2.51188643e+07  3.58767446e+01
 2.71227258e+07  8.52049396e+00  2.71227258e+07  4.02810951e+01
 2.92864456e+07  6.79528808e+00  2.92864456e+07  4.56975792e+01
 3.16227766e+07  5.06503217e+00  3.16227766e+07  5.23967818e+01
 3.41454887e+07  3.34141026e+00  3.41454887e+07  6.06332512e+01
 3.68694506e+07  1.76684708e+00  3.68694506e+07  7.09223744e+01
 3.98107171e+07  4.11562692e-01  3.98107171e+07  8.30184286e+01
 4.29866235e+07  -4.70082522e-01  4.29866235e+07  9.66137934e+01
 4.64158883e+07  -9.46188903e-01  4.64158883e+07  1.10717619e+02
 5.01187234e+07  -1.02091069e+00  5.01187234e+07  1.23391321e+02
 5.41169527e+07  -7.62240021e-01  5.41169527e+07  1.33672298e+02
 5.84341413e+07  -3.56727825e-01  5.84341413e+07  1.43473360e+02
 6.30957344e+07  9.47875793e-02  6.30957344e+07  1.50959899e+02
 6.81292069e+07  5.89827136e-01  6.81292069e+07  1.56772086e+02
 7.35642254e+07  1.09918894e+00  7.35642254e+07  1.61968654e+02
 7.94328235e+07  1.46733318e+00  7.94328235e+07  1.66793131e+02
 8.57695899e+07  1.83344209e+00  8.57695899e+07  1.70516404e+02
 9.26118728e+07  2.30696682e+00  9.26118728e+07  1.73757683e+02
 1.00000000e+08  2.62432703e+00  1.00000000e+08  1.76590372e+02
 1.07977516e+08  2.89785418e+00  1.07977516e+08  1.79318098e+02
 1.16591440e+08  3.29700373e+00  1.16591440e+08  1.81752556e+02
 1.25892541e+08  3.58457030e+00  1.25892541e+08  1.83474210e+02
 1.35935639e+08  3.97076931e+00  1.35935639e+08  1.85598805e+02
 1.46779927e+08  4.44141814e+00  1.46779927e+08  1.87316726e+02
 1.58489319e+08  4.64697466e+00  1.58489319e+08  1.88453439e+02
 1.71132830e+08  5.04163984e+00  1.71132830e+08  1.89577797e+02
 1.84784980e+08  5.42988502e+00  1.84784980e+08  1.90001085e+02
 1.99526231e+08  5.77622126e+00  1.99526231e+08  1.90409459e+02
 2.15443469e+08  6.01118685e+00  2.15443469e+08  1.90449399e+02
 2.32630507e+08  6.04572902e+00  2.32630507e+08  1.90432812e+02
 2.51188643e+08  6.63882085e+00  2.51188643e+08  1.89916917e+02
 2.71227258e+08  6.51115646e+00  2.71227258e+08  1.89507555e+02
 2.92864456e+08  7.06135622e+00  2.92864456e+08  1.88652724e+02
 3.16227766e+08  7.22515488e+00  3.16227766e+08  1.88028016e+02
 3.41454887e+08  8.51619609e+00  3.41454887e+08  1.86941506e+02
 3.68694506e+08  7.28211709e+00  3.68694506e+08  1.86053105e+02
 3.98107171e+08  8.18039769e+00  3.98107171e+08  1.85208287e+02
 4.29866235e+08  5.74324993e+00  4.29866235e+08  1.84497532e+02
 4.64158883e+08  8.50072810e+00  4.64158883e+08  1.84023790e+02
 5.01187234e+08  7.16956065e+00  5.01187234e+08  1.83185438e+02
 5.41169527e+08  7.79347800e+00  5.41169527e+08  1.82529929e+02
 5.84341413e+08  6.44396259e+00  5.84341413e+08  1.82100385e+02
 6.30957344e+08  7.58680961e+00  6.30957344e+08  1.81707603e+02
 6.81292069e+08  3.73831056e+00  6.81292069e+08  1.81143086e+02
 7.35642254e+08  8.40006699e+00  7.35642254e+08  1.81636781e+02
 7.94328235e+08  1.30739314e+01  7.94328235e+08  1.80579024e+02
 8.57695899e+08  5.71059591e+00  8.57695899e+08  1.80232577e+02
 9.26118728e+08  1.03694463e+01  9.26118728e+08  1.80768103e+02
 1.00000000e+09  9.01938980e+00  1.00000000e+09  1.79973597e+02
