 1.00000000e+00  4.72876813e+01  1.00000000e+00  1.79999996e+02 
 1.07977516e+00  4.72876813e+01  1.07977516e+00  1.79999996e+02 
 1.16591440e+00  4.72876813e+01  1.16591440e+00  1.79999996e+02 
 1.25892541e+00  4.72876813e+01  1.25892541e+00  1.79999995e+02 
 1.35935639e+00  4.72876813e+01  1.35935639e+00  1.79999995e+02 
 1.46779927e+00  4.72876813e+01  1.46779927e+00  1.79999994e+02 
 1.58489319e+00  4.72876813e+01  1.58489319e+00  1.79999994e+02 
 1.71132830e+00  4.72876813e+01  1.71132830e+00  1.79999994e+02 
 1.84784980e+00  4.72876813e+01  1.84784980e+00  1.79999993e+02 
 1.99526231e+00  4.72876813e+01  1.99526231e+00  1.79999992e+02 
 2.15443469e+00  4.72876813e+01  2.15443469e+00  1.79999992e+02 
 2.32630507e+00  4.72876813e+01  2.32630507e+00  1.79999991e+02 
 2.51188643e+00  4.72876813e+01  2.51188643e+00  1.79999990e+02 
 2.71227258e+00  4.72876813e+01  2.71227258e+00  1.79999990e+02 
 2.92864456e+00  4.72876813e+01  2.92864456e+00  1.79999989e+02 
 3.16227766e+00  4.72876813e+01  3.16227766e+00  1.79999988e+02 
 3.41454887e+00  4.72876813e+01  3.41454887e+00  1.79999987e+02 
 3.68694506e+00  4.72876813e+01  3.68694506e+00  1.79999986e+02 
 3.98107171e+00  4.72876813e+01  3.98107171e+00  1.79999985e+02 
 4.29866235e+00  4.72876813e+01  4.29866235e+00  1.79999984e+02 
 4.64158883e+00  4.72876813e+01  4.64158883e+00  1.79999982e+02 
 5.01187234e+00  4.72876813e+01  5.01187234e+00  1.79999981e+02 
 5.41169527e+00  4.72876813e+01  5.41169527e+00  1.79999979e+02 
 5.84341413e+00  4.72876813e+01  5.84341413e+00  1.79999978e+02 
 6.30957344e+00  4.72876813e+01  6.30957344e+00  1.79999976e+02 
 6.81292069e+00  4.72876813e+01  6.81292069e+00  1.79999974e+02 
 7.35642254e+00  4.72876813e+01  7.35642254e+00  1.79999972e+02 
 7.94328235e+00  4.72876813e+01  7.94328235e+00  1.79999970e+02 
 8.57695899e+00  4.72876813e+01  8.57695899e+00  1.79999967e+02 
 9.26118728e+00  4.72876813e+01  9.26118728e+00  1.79999965e+02 
 1.00000000e+01  4.72876813e+01  1.00000000e+01  1.79999962e+02 
 1.07977516e+01  4.72876813e+01  1.07977516e+01  1.79999959e+02 
 1.16591440e+01  4.72876813e+01  1.16591440e+01  1.79999956e+02 
 1.25892541e+01  4.72876813e+01  1.25892541e+01  1.79999952e+02 
 1.35935639e+01  4.72876813e+01  1.35935639e+01  1.79999948e+02 
 1.46779927e+01  4.72876813e+01  1.46779927e+01  1.79999944e+02 
 1.58489319e+01  4.72876813e+01  1.58489319e+01  1.79999940e+02 
 1.71132830e+01  4.72876813e+01  1.71132830e+01  1.79999935e+02 
 1.84784980e+01  4.72876813e+01  1.84784980e+01  1.79999930e+02 
 1.99526231e+01  4.72876813e+01  1.99526231e+01  1.79999924e+02 
 2.15443469e+01  4.72876813e+01  2.15443469e+01  1.79999918e+02 
 2.32630507e+01  4.72876813e+01  2.32630507e+01  1.79999912e+02 
 2.51188643e+01  4.72876813e+01  2.51188643e+01  1.79999905e+02 
 2.71227258e+01  4.72876813e+01  2.71227258e+01  1.79999897e+02 
 2.92864456e+01  4.72876813e+01  2.92864456e+01  1.79999889e+02 
 3.16227766e+01  4.72876813e+01  3.16227766e+01  1.79999880e+02 
 3.41454887e+01  4.72876813e+01  3.41454887e+01  1.79999870e+02 
 3.68694506e+01  4.72876813e+01  3.68694506e+01  1.79999860e+02 
 3.98107171e+01  4.72876813e+01  3.98107171e+01  1.79999849e+02 
 4.29866235e+01  4.72876813e+01  4.29866235e+01  1.79999837e+02 
 4.64158883e+01  4.72876813e+01  4.64158883e+01  1.79999824e+02 
 5.01187234e+01  4.72876813e+01  5.01187234e+01  1.79999810e+02 
 5.41169527e+01  4.72876813e+01  5.41169527e+01  1.79999795e+02 
 5.84341413e+01  4.72876813e+01  5.84341413e+01  1.79999778e+02 
 6.30957344e+01  4.72876813e+01  6.30957344e+01  1.79999760e+02 
 6.81292069e+01  4.72876813e+01  6.81292069e+01  1.79999741e+02 
 7.35642254e+01  4.72876813e+01  7.35642254e+01  1.79999721e+02 
 7.94328235e+01  4.72876813e+01  7.94328235e+01  1.79999698e+02 
 8.57695899e+01  4.72876813e+01  8.57695899e+01  1.79999674e+02 
 9.26118728e+01  4.72876813e+01  9.26118728e+01  1.79999648e+02 
 1.00000000e+02  4.72876813e+01  1.00000000e+02  1.79999620e+02 
 1.07977516e+02  4.72876813e+01  1.07977516e+02  1.79999590e+02 
 1.16591440e+02  4.72876813e+01  1.16591440e+02  1.79999557e+02 
 1.25892541e+02  4.72876813e+01  1.25892541e+02  1.79999522e+02 
 1.35935639e+02  4.72876813e+01  1.35935639e+02  1.79999484e+02 
 1.46779927e+02  4.72876813e+01  1.46779927e+02  1.79999443e+02 
 1.58489319e+02  4.72876813e+01  1.58489319e+02  1.79999398e+02 
 1.71132830e+02  4.72876813e+01  1.71132830e+02  1.79999350e+02 
 1.84784980e+02  4.72876813e+01  1.84784980e+02  1.79999298e+02 
 1.99526231e+02  4.72876813e+01  1.99526231e+02  1.79999242e+02 
 2.15443469e+02  4.72876813e+01  2.15443469e+02  1.79999182e+02 
 2.32630507e+02  4.72876813e+01  2.32630507e+02  1.79999117e+02 
 2.51188643e+02  4.72876813e+01  2.51188643e+02  1.79999046e+02 
 2.71227258e+02  4.72876813e+01  2.71227258e+02  1.79998970e+02 
 2.92864456e+02  4.72876813e+01  2.92864456e+02  1.79998888e+02 
 3.16227766e+02  4.72876813e+01  3.16227766e+02  1.79998799e+02 
 3.41454887e+02  4.72876813e+01  3.41454887e+02  1.79998704e+02 
 3.68694506e+02  4.72876813e+01  3.68694506e+02  1.79998600e+02 
 3.98107171e+02  4.72876814e+01  3.98107171e+02  1.79998489e+02 
 4.29866235e+02  4.72876814e+01  4.29866235e+02  1.79998368e+02 
 4.64158883e+02  4.72876814e+01  4.64158883e+02  1.79998238e+02 
 5.01187234e+02  4.72876814e+01  5.01187234e+02  1.79998097e+02 
 5.41169527e+02  4.72876814e+01  5.41169527e+02  1.79997945e+02 
 5.84341413e+02  4.72876815e+01  5.84341413e+02  1.79997781e+02 
 6.30957344e+02  4.72876815e+01  6.30957344e+02  1.79997604e+02 
 6.81292069e+02  4.72876815e+01  6.81292069e+02  1.79997413e+02 
 7.35642254e+02  4.72876816e+01  7.35642254e+02  1.79997207e+02 
 7.94328235e+02  4.72876817e+01  7.94328235e+02  1.79996984e+02 
 8.57695899e+02  4.72876817e+01  8.57695899e+02  1.79996744e+02 
 9.26118728e+02  4.72876818e+01  9.26118728e+02  1.79996484e+02 
 1.00000000e+03  4.72876819e+01  1.00000000e+03  1.79996203e+02 
 1.07977516e+03  4.72876820e+01  1.07977516e+03  1.79995900e+02 
 1.16591440e+03  4.72876821e+01  1.16591440e+03  1.79995573e+02 
 1.25892541e+03  4.72876822e+01  1.25892541e+03  1.79995220e+02 
 1.35935639e+03  4.72876824e+01  1.35935639e+03  1.79994839e+02 
 1.46779927e+03  4.72876826e+01  1.46779927e+03  1.79994427e+02 
 1.58489319e+03  4.72876828e+01  1.58489319e+03  1.79993983e+02 
 1.71132830e+03  4.72876831e+01  1.71132830e+03  1.79993503e+02 
 1.84784980e+03  4.72876834e+01  1.84784980e+03  1.79992984e+02 
 1.99526231e+03  4.72876837e+01  1.99526231e+03  1.79992425e+02 
 2.15443469e+03  4.72876842e+01  2.15443469e+03  1.79991820e+02 
 2.32630507e+03  4.72876846e+01  2.32630507e+03  1.79991168e+02 
 2.51188643e+03  4.72876852e+01  2.51188643e+03  1.79990463e+02 
 2.71227258e+03  4.72876859e+01  2.71227258e+03  1.79989702e+02 
 2.92864456e+03  4.72876866e+01  2.92864456e+03  1.79988881e+02 
 3.16227766e+03  4.72876875e+01  3.16227766e+03  1.79987994e+02 
 3.41454887e+03  4.72876886e+01  3.41454887e+03  1.79987036e+02 
 3.68694506e+03  4.72876898e+01  3.68694506e+03  1.79986002e+02 
 3.98107171e+03  4.72876912e+01  3.98107171e+03  1.79984885e+02 
 4.29866235e+03  4.72876928e+01  4.29866235e+03  1.79983679e+02 
 4.64158883e+03  4.72876947e+01  4.64158883e+03  1.79982377e+02 
 5.01187234e+03  4.72876970e+01  5.01187234e+03  1.79980972e+02 
 5.41169527e+03  4.72876996e+01  5.41169527e+03  1.79979454e+02 
 5.84341413e+03  4.72877026e+01  5.84341413e+03  1.79977815e+02 
 6.30957344e+03  4.72877062e+01  6.30957344e+03  1.79976045e+02 
 6.81292069e+03  4.72877103e+01  6.81292069e+03  1.79974134e+02 
 7.35642254e+03  4.72877151e+01  7.35642254e+03  1.79972070e+02 
 7.94328235e+03  4.72877207e+01  7.94328235e+03  1.79969842e+02 
 8.57695899e+03  4.72877273e+01  8.57695899e+03  1.79967436e+02 
 9.26118728e+03  4.72877349e+01  9.26118728e+03  1.79964838e+02 
 1.00000000e+04  4.72877438e+01  1.00000000e+04  1.79962033e+02 
 1.07977516e+04  4.72877542e+01  1.07977516e+04  1.79959004e+02 
 1.16591440e+04  4.72877663e+01  1.16591440e+04  1.79955734e+02 
 1.25892541e+04  4.72877804e+01  1.25892541e+04  1.79952202e+02 
 1.35935639e+04  4.72877969e+01  1.35935639e+04  1.79948389e+02 
 1.46779927e+04  4.72878161e+01  1.46779927e+04  1.79944272e+02 
 1.58489319e+04  4.72878384e+01  1.58489319e+04  1.79939826e+02 
 1.71132830e+04  4.72878645e+01  1.71132830e+04  1.79935025e+02 
 1.84784980e+04  4.72878949e+01  1.84784980e+04  1.79929841e+02 
 1.99526231e+04  4.72879304e+01  1.99526231e+04  1.79924244e+02 
 2.15443469e+04  4.72879717e+01  2.15443469e+04  1.79918200e+02 
 2.32630507e+04  4.72880199e+01  2.32630507e+04  1.79911674e+02 
 2.51188643e+04  4.72880761e+01  2.51188643e+04  1.79904627e+02 
 2.71227258e+04  4.72881416e+01  2.71227258e+04  1.79897017e+02 
 2.92864456e+04  4.72882179e+01  2.92864456e+04  1.79888801e+02 
 3.16227766e+04  4.72883070e+01  3.16227766e+04  1.79879928e+02 
 3.41454887e+04  4.72884108e+01  3.41454887e+04  1.79870347e+02 
 3.68694506e+04  4.72885319e+01  3.68694506e+04  1.79860002e+02 
 3.98107171e+04  4.72886730e+01  3.98107171e+04  1.79848830e+02 
 4.29866235e+04  4.72888375e+01  4.29866235e+04  1.79836767e+02 
 4.64158883e+04  4.72890294e+01  4.64158883e+04  1.79823740e+02 
 5.01187234e+04  4.72892531e+01  5.01187234e+04  1.79809672e+02 
 5.41169527e+04  4.72895140e+01  5.41169527e+04  1.79794481e+02 
 5.84341413e+04  4.72898180e+01  5.84341413e+04  1.79778075e+02 
 6.30957344e+04  4.72901726e+01  6.30957344e+04  1.79760359e+02 
 6.81292069e+04  4.72905860e+01  6.81292069e+04  1.79741225e+02 
 7.35642254e+04  4.72910680e+01  7.35642254e+04  1.79720561e+02 
 7.94328235e+04  4.72916300e+01  7.94328235e+04  1.79698244e+02 
 8.57695899e+04  4.72922854e+01  8.57695899e+04  1.79674140e+02 
 9.26118728e+04  4.72930495e+01  9.26118728e+04  1.79648104e+02 
 1.00000000e+05  4.72939405e+01  1.00000000e+05  1.79619981e+02 
 1.07977516e+05  4.72949793e+01  1.07977516e+05  1.79589601e+02 
 1.16591440e+05  4.72961907e+01  1.16591440e+05  1.79556782e+02 
 1.25892541e+05  4.72976035e+01  1.25892541e+05  1.79521323e+02 
 1.35935639e+05  4.72992506e+01  1.35935639e+05  1.79483010e+02 
 1.46779927e+05  4.73011713e+01  1.46779927e+05  1.79441608e+02 
 1.58489319e+05  4.73034112e+01  1.58489319e+05  1.79396861e+02 
 1.71132830e+05  4.73060239e+01  1.71132830e+05  1.79348492e+02 
 1.84784980e+05  4.73090701e+01  1.84784980e+05  1.79296199e+02 
 1.99526231e+05  4.73126243e+01  1.99526231e+05  1.79239651e+02 
 2.15443469e+05  4.73167684e+01  2.15443469e+05  1.79178488e+02 
 2.32630507e+05  4.73216033e+01  2.32630507e+05  1.79112314e+02 
 2.51188643e+05  4.73272428e+01  2.51188643e+05  1.79040694e+02 
 2.71227258e+05  4.73338223e+01  2.71227258e+05  1.78963151e+02 
 2.92864456e+05  4.73415001e+01  2.92864456e+05  1.78879158e+02 
 3.16227766e+05  4.73504572e+01  3.16227766e+05  1.78788130e+02 
 3.41454887e+05  4.73609140e+01  3.41454887e+05  1.78689418e+02 
 3.68694506e+05  4.73731177e+01  3.68694506e+05  1.78582297e+02 
 3.98107171e+05  4.73873671e+01  3.98107171e+05  1.78465957e+02 
 4.29866235e+05  4.74040072e+01  4.29866235e+05  1.78339481e+02 
 4.64158883e+05  4.74234449e+01  4.64158883e+05  1.78201834e+02 
 5.01187234e+05  4.74461545e+01  5.01187234e+05  1.78051834e+02 
 5.41169527e+05  4.74727048e+01  5.41169527e+05  1.77888124e+02 
 5.84341413e+05  4.75037489e+01  5.84341413e+05  1.77709139e+02 
 6.30957344e+05  4.75400705e+01  6.30957344e+05  1.77513052e+02 
 6.81292069e+05  4.75825967e+01  6.81292069e+05  1.77297718e+02 
 7.35642254e+05  4.76324100e+01  7.35642254e+05  1.77060596e+02 
 7.94328235e+05  4.76908282e+01  7.94328235e+05  1.76798640e+02 
 8.57695899e+05  4.77593622e+01  8.57695899e+05  1.76508178e+02 
 9.26118728e+05  4.78398998e+01  9.26118728e+05  1.76184705e+02 
 1.00000000e+06  4.79346527e+01  1.00000000e+06  1.75822658e+02 
 1.07977516e+06  4.80462881e+01  1.07977516e+06  1.75415076e+02 
 1.16591440e+06  4.81780695e+01  1.16591440e+06  1.74953110e+02 
 1.25892541e+06  4.83339845e+01  1.25892541e+06  1.74425358e+02 
 1.35935639e+06  4.85188975e+01  1.35935639e+06  1.73816900e+02 
 1.46779927e+06  4.87389027e+01  1.46779927e+06  1.73107814e+02 
 1.58489319e+06  4.90015970e+01  1.58489319e+06  1.72271008e+02 
 1.71132830e+06  4.93166906e+01  1.71132830e+06  1.71268715e+02 
 1.84784980e+06  4.96964997e+01  1.84784980e+06  1.70046920e+02 
 1.99526231e+06  5.01571308e+01  1.99526231e+06  1.68525816e+02 
 2.15443469e+06  5.07197147e+01  2.15443469e+06  1.66583174e+02 
 2.32630507e+06  5.14122003e+01  2.32630507e+06  1.64023532e+02 
 2.51188643e+06  5.22705755e+01  2.51188643e+06  1.60518181e+02 
 2.71227258e+06  5.33386279e+01  2.71227258e+06  1.55481951e+02 
 2.92864456e+06  5.46523208e+01  2.92864456e+06  1.47818501e+02 
 3.16227766e+06  5.61625092e+01  3.16227766e+06  1.35465894e+02 
 3.41454887e+06  5.74521224e+01  3.41454887e+06  1.15389606e+02 
 3.68694506e+06  5.73869359e+01  3.68694506e+06  8.79694776e+01 
 3.98107171e+06  5.54018475e+01  3.98107171e+06  6.28633363e+01 
 4.29866235e+06  5.25830889e+01  4.29866235e+06  4.63187399e+01 
 4.64158883e+06  4.97878953e+01  4.64158883e+06  3.63080942e+01 
 5.01187234e+06  4.72290676e+01  5.01187234e+06  3.00528797e+01 
 5.41169527e+06  4.49034105e+01  5.41169527e+06  2.59444582e+01 
 5.84341413e+06  4.27681243e+01  5.84341413e+06  2.31374987e+01 
 6.30957344e+06  4.07812457e+01  6.30957344e+06  2.11734962e+01 
 6.81292069e+06  3.89095114e+01  6.81292069e+06  1.97893761e+01 
 7.35642254e+06  3.71275539e+01  7.35642254e+06  1.88283735e+01 
 7.94328235e+06  3.54171489e+01  7.94328235e+06  1.81907003e+01 
 8.57695899e+06  3.37608745e+01  8.57695899e+06  1.78143544e+01 
 9.26118728e+06  3.21482157e+01  9.26118728e+06  1.76566803e+01 
 1.00000000e+07  3.05697713e+01  1.00000000e+07  1.76874371e+01 
 1.07977516e+07  2.90162632e+01  1.07977516e+07  1.78965508e+01 
 1.16591440e+07  2.74826390e+01  1.16591440e+07  1.82709771e+01 
 1.25892541e+07  2.59619914e+01  1.25892541e+07  1.88059765e+01 
 1.35935639e+07  2.44495673e+01  1.35935639e+07  1.95125708e+01 
 1.46779927e+07  2.29392908e+01  1.46779927e+07  2.03943289e+01 
 1.58489319e+07  2.14262970e+01  1.58489319e+07  2.14626610e+01 
 1.71132830e+07  1.99078727e+01  1.71132830e+07  2.27265985e+01 
 1.84784980e+07  1.83797651e+01  1.84784980e+07  2.42367229e+01 
 1.99526231e+07  1.68355059e+01  1.99526231e+07  2.60110403e+01 
 2.15443469e+07  1.52689843e+01  2.15443469e+07  2.80921417e+01 
 2.32630507e+07  1.36747602e+01  2.32630507e+07  3.05384823e+01 
 2.51188643e+07  1.20568983e+01  2.51188643e+07  3.34994771e+01 
 2.71227258e+07  1.03975583e+01  2.71227258e+07  3.70743358e+01 
 2.92864456e+07  8.71857660e+00  2.92864456e+07  4.13699136e+01 
 3.16227766e+07  6.99516495e+00  3.16227766e+07  4.66593546e+01 
 3.41454887e+07  5.26540717e+00  3.41454887e+07  5.33157700e+01 
 3.68694506e+07  3.57818631e+00  3.68694506e+07  6.13713069e+01 
 3.98107171e+07  1.97369149e+00  3.98107171e+07  7.11420205e+01 
 4.29866235e+07  6.23061729e-01  4.29866235e+07  8.34296010e+01 
 4.64158883e+07 -3.56329788e-01  4.64158883e+07  9.68416429e+01 
 5.01187234e+07 -8.99482889e-01  5.01187234e+07  1.10359740e+02 
 5.41169527e+07 -8.93052861e-01  5.41169527e+07  1.22468905e+02 
 5.84341413e+07 -7.86970663e-01  5.84341413e+07  1.34648853e+02 
 6.30957344e+07 -3.60949629e-01  6.30957344e+07  1.43833399e+02 
 6.81292069e+07  1.12751665e-01  6.81292069e+07  1.51165981e+02 
 7.35642254e+07  5.72493611e-01  7.35642254e+07  1.58066852e+02 
 7.94328235e+07  9.90818789e-01  7.94328235e+07  1.63132266e+02 
 8.57695899e+07  1.49257748e+00  8.57695899e+07  1.67769600e+02 
 9.26118728e+07  1.92844305e+00  9.26118728e+07  1.70971740e+02 
 1.00000000e+08  2.38125777e+00  1.00000000e+08  1.74390336e+02 
 1.07977516e+08  2.75418542e+00  1.07977516e+08  1.77096055e+02 
 1.16591440e+08  2.92822654e+00  1.16591440e+08  1.80230840e+02 
 1.25892541e+08  3.55524409e+00  1.25892541e+08  1.82352099e+02 
 1.35935639e+08  3.90569970e+00  1.35935639e+08  1.84470793e+02 
 1.46779927e+08  4.33495269e+00  1.46779927e+08  1.86066153e+02 
 1.58489319e+08  4.63198603e+00  1.58489319e+08  1.87695181e+02 
 1.71132830e+08  4.91724393e+00  1.71132830e+08  1.89095953e+02 
 1.84784980e+08  5.40308669e+00  1.84784980e+08  1.89752161e+02 
 1.99526231e+08  5.86426728e+00  1.99526231e+08  1.90565081e+02 
 2.15443469e+08  6.21938453e+00  2.15443469e+08  1.91082693e+02 
 2.32630507e+08  6.38101849e+00  2.32630507e+08  1.91274992e+02 
 2.51188643e+08  6.22730180e+00  2.51188643e+08  1.90854589e+02 
 2.71227258e+08  6.14440338e+00  2.71227258e+08  1.90532602e+02 
 2.92864456e+08  6.71338023e+00  2.92864456e+08  1.89544441e+02 
 3.16227766e+08  6.90979824e+00  3.16227766e+08  1.88551139e+02 
 3.41454887e+08  8.22490216e+00  3.41454887e+08  1.87935902e+02 
 3.68694506e+08  8.04247877e+00  3.68694506e+08  1.86736369e+02 
 3.98107171e+08  7.93251363e+00  3.98107171e+08  1.86103803e+02 
 4.29866235e+08  6.67342125e+00  4.29866235e+08  1.85196675e+02 
 4.64158883e+08  8.26946390e+00  4.64158883e+08  1.84574167e+02 
 5.01187234e+08  6.97021842e+00  5.01187234e+08  1.83721259e+02 
 5.41169527e+08  7.58706582e+00  5.41169527e+08  1.82886329e+02 
 5.84341413e+08  4.31979770e+00  5.84341413e+08  1.82360151e+02 
 6.30957344e+08  7.39795414e+00  6.30957344e+08  1.82099753e+02 
 6.81292069e+08  6.02620349e+00  6.81292069e+08  1.81258589e+02 
 7.35642254e+08  1.41990431e+01  7.35642254e+08  1.81397887e+02 
 7.94328235e+08  6.84872165e+00  7.94328235e+08  1.81053376e+02 
 8.57695899e+08  1.15009037e+01  8.57695899e+08  1.80610941e+02 
 9.26118728e+08  4.13524865e+00  9.26118728e+08  1.80804507e+02 
 1.00000000e+09  4.69659860e+01  1.00000000e+09  9.16255525e+01 
