 1.00000000e+00  4.63085639e+01  1.00000000e+00  1.79999997e+02 
 1.07977516e+00  4.63085639e+01  1.07977516e+00  1.79999997e+02 
 1.16591440e+00  4.63085639e+01  1.16591440e+00  1.79999997e+02 
 1.25892541e+00  4.63085639e+01  1.25892541e+00  1.79999997e+02 
 1.35935639e+00  4.63085639e+01  1.35935639e+00  1.79999997e+02 
 1.46779927e+00  4.63085639e+01  1.46779927e+00  1.79999996e+02 
 1.58489319e+00  4.63085639e+01  1.58489319e+00  1.79999996e+02 
 1.71132830e+00  4.63085639e+01  1.71132830e+00  1.79999996e+02 
 1.84784980e+00  4.63085639e+01  1.84784980e+00  1.79999995e+02 
 1.99526231e+00  4.63085639e+01  1.99526231e+00  1.79999995e+02 
 2.15443469e+00  4.63085639e+01  2.15443469e+00  1.79999994e+02 
 2.32630507e+00  4.63085639e+01  2.32630507e+00  1.79999994e+02 
 2.51188643e+00  4.63085639e+01  2.51188643e+00  1.79999994e+02 
 2.71227258e+00  4.63085639e+01  2.71227258e+00  1.79999993e+02 
 2.92864456e+00  4.63085639e+01  2.92864456e+00  1.79999993e+02 
 3.16227766e+00  4.63085639e+01  3.16227766e+00  1.79999992e+02 
 3.41454887e+00  4.63085639e+01  3.41454887e+00  1.79999991e+02 
 3.68694506e+00  4.63085639e+01  3.68694506e+00  1.79999991e+02 
 3.98107171e+00  4.63085639e+01  3.98107171e+00  1.79999990e+02 
 4.29866235e+00  4.63085639e+01  4.29866235e+00  1.79999989e+02 
 4.64158883e+00  4.63085639e+01  4.64158883e+00  1.79999988e+02 
 5.01187234e+00  4.63085639e+01  5.01187234e+00  1.79999987e+02 
 5.41169527e+00  4.63085639e+01  5.41169527e+00  1.79999986e+02 
 5.84341413e+00  4.63085639e+01  5.84341413e+00  1.79999985e+02 
 6.30957344e+00  4.63085639e+01  6.30957344e+00  1.79999984e+02 
 6.81292069e+00  4.63085639e+01  6.81292069e+00  1.79999983e+02 
 7.35642254e+00  4.63085639e+01  7.35642254e+00  1.79999981e+02 
 7.94328235e+00  4.63085639e+01  7.94328235e+00  1.79999980e+02 
 8.57695899e+00  4.63085639e+01  8.57695899e+00  1.79999978e+02 
 9.26118728e+00  4.63085639e+01  9.26118728e+00  1.79999976e+02 
 1.00000000e+01  4.63085639e+01  1.00000000e+01  1.79999974e+02 
 1.07977516e+01  4.63085639e+01  1.07977516e+01  1.79999972e+02 
 1.16591440e+01  4.63085639e+01  1.16591440e+01  1.79999970e+02 
 1.25892541e+01  4.63085639e+01  1.25892541e+01  1.79999968e+02 
 1.35935639e+01  4.63085639e+01  1.35935639e+01  1.79999965e+02 
 1.46779927e+01  4.63085639e+01  1.46779927e+01  1.79999962e+02 
 1.58489319e+01  4.63085639e+01  1.58489319e+01  1.79999959e+02 
 1.71132830e+01  4.63085639e+01  1.71132830e+01  1.79999956e+02 
 1.84784980e+01  4.63085639e+01  1.84784980e+01  1.79999953e+02 
 1.99526231e+01  4.63085639e+01  1.99526231e+01  1.79999949e+02 
 2.15443469e+01  4.63085639e+01  2.15443469e+01  1.79999945e+02 
 2.32630507e+01  4.63085639e+01  2.32630507e+01  1.79999940e+02 
 2.51188643e+01  4.63085639e+01  2.51188643e+01  1.79999936e+02 
 2.71227258e+01  4.63085639e+01  2.71227258e+01  1.79999931e+02 
 2.92864456e+01  4.63085639e+01  2.92864456e+01  1.79999925e+02 
 3.16227766e+01  4.63085639e+01  3.16227766e+01  1.79999919e+02 
 3.41454887e+01  4.63085639e+01  3.41454887e+01  1.79999913e+02 
 3.68694506e+01  4.63085639e+01  3.68694506e+01  1.79999906e+02 
 3.98107171e+01  4.63085639e+01  3.98107171e+01  1.79999898e+02 
 4.29866235e+01  4.63085639e+01  4.29866235e+01  1.79999890e+02 
 4.64158883e+01  4.63085639e+01  4.64158883e+01  1.79999881e+02 
 5.01187234e+01  4.63085639e+01  5.01187234e+01  1.79999872e+02 
 5.41169527e+01  4.63085639e+01  5.41169527e+01  1.79999861e+02 
 5.84341413e+01  4.63085639e+01  5.84341413e+01  1.79999850e+02 
 6.30957344e+01  4.63085639e+01  6.30957344e+01  1.79999839e+02 
 6.81292069e+01  4.63085639e+01  6.81292069e+01  1.79999826e+02 
 7.35642254e+01  4.63085639e+01  7.35642254e+01  1.79999812e+02 
 7.94328235e+01  4.63085639e+01  7.94328235e+01  1.79999797e+02 
 8.57695899e+01  4.63085639e+01  8.57695899e+01  1.79999780e+02 
 9.26118728e+01  4.63085639e+01  9.26118728e+01  1.79999763e+02 
 1.00000000e+02  4.63085639e+01  1.00000000e+02  1.79999744e+02 
 1.07977516e+02  4.63085639e+01  1.07977516e+02  1.79999724e+02 
 1.16591440e+02  4.63085639e+01  1.16591440e+02  1.79999702e+02 
 1.25892541e+02  4.63085639e+01  1.25892541e+02  1.79999678e+02 
 1.35935639e+02  4.63085639e+01  1.35935639e+02  1.79999652e+02 
 1.46779927e+02  4.63085639e+01  1.46779927e+02  1.79999624e+02 
 1.58489319e+02  4.63085639e+01  1.58489319e+02  1.79999594e+02 
 1.71132830e+02  4.63085639e+01  1.71132830e+02  1.79999562e+02 
 1.84784980e+02  4.63085639e+01  1.84784980e+02  1.79999527e+02 
 1.99526231e+02  4.63085639e+01  1.99526231e+02  1.79999489e+02 
 2.15443469e+02  4.63085639e+01  2.15443469e+02  1.79999449e+02 
 2.32630507e+02  4.63085639e+01  2.32630507e+02  1.79999405e+02 
 2.51188643e+02  4.63085639e+01  2.51188643e+02  1.79999357e+02 
 2.71227258e+02  4.63085639e+01  2.71227258e+02  1.79999306e+02 
 2.92864456e+02  4.63085639e+01  2.92864456e+02  1.79999250e+02 
 3.16227766e+02  4.63085639e+01  3.16227766e+02  1.79999191e+02 
 3.41454887e+02  4.63085639e+01  3.41454887e+02  1.79999126e+02 
 3.68694506e+02  4.63085639e+01  3.68694506e+02  1.79999056e+02 
 3.98107171e+02  4.63085640e+01  3.98107171e+02  1.79998981e+02 
 4.29866235e+02  4.63085640e+01  4.29866235e+02  1.79998900e+02 
 4.64158883e+02  4.63085640e+01  4.64158883e+02  1.79998812e+02 
 5.01187234e+02  4.63085640e+01  5.01187234e+02  1.79998717e+02 
 5.41169527e+02  4.63085640e+01  5.41169527e+02  1.79998615e+02 
 5.84341413e+02  4.63085641e+01  5.84341413e+02  1.79998504e+02 
 6.30957344e+02  4.63085641e+01  6.30957344e+02  1.79998385e+02 
 6.81292069e+02  4.63085641e+01  6.81292069e+02  1.79998256e+02 
 7.35642254e+02  4.63085642e+01  7.35642254e+02  1.79998117e+02 
 7.94328235e+02  4.63085643e+01  7.94328235e+02  1.79997967e+02 
 8.57695899e+02  4.63085643e+01  8.57695899e+02  1.79997805e+02 
 9.26118728e+02  4.63085644e+01  9.26118728e+02  1.79997630e+02 
 1.00000000e+03  4.63085645e+01  1.00000000e+03  1.79997441e+02 
 1.07977516e+03  4.63085646e+01  1.07977516e+03  1.79997236e+02 
 1.16591440e+03  4.63085647e+01  1.16591440e+03  1.79997016e+02 
 1.25892541e+03  4.63085649e+01  1.25892541e+03  1.79996778e+02 
 1.35935639e+03  4.63085650e+01  1.35935639e+03  1.79996521e+02 
 1.46779927e+03  4.63085652e+01  1.46779927e+03  1.79996243e+02 
 1.58489319e+03  4.63085655e+01  1.58489319e+03  1.79995944e+02 
 1.71132830e+03  4.63085657e+01  1.71132830e+03  1.79995620e+02 
 1.84784980e+03  4.63085660e+01  1.84784980e+03  1.79995271e+02 
 1.99526231e+03  4.63085664e+01  1.99526231e+03  1.79994893e+02 
 2.15443469e+03  4.63085668e+01  2.15443469e+03  1.79994486e+02 
 2.32630507e+03  4.63085673e+01  2.32630507e+03  1.79994046e+02 
 2.51188643e+03  4.63085679e+01  2.51188643e+03  1.79993571e+02 
 2.71227258e+03  4.63085686e+01  2.71227258e+03  1.79993058e+02 
 2.92864456e+03  4.63085693e+01  2.92864456e+03  1.79992504e+02 
 3.16227766e+03  4.63085702e+01  3.16227766e+03  1.79991907e+02 
 3.41454887e+03  4.63085713e+01  3.41454887e+03  1.79991261e+02 
 3.68694506e+03  4.63085725e+01  3.68694506e+03  1.79990564e+02 
 3.98107171e+03  4.63085740e+01  3.98107171e+03  1.79989811e+02 
 4.29866235e+03  4.63085757e+01  4.29866235e+03  1.79988998e+02 
 4.64158883e+03  4.63085776e+01  4.64158883e+03  1.79988120e+02 
 5.01187234e+03  4.63085799e+01  5.01187234e+03  1.79987173e+02 
 5.41169527e+03  4.63085826e+01  5.41169527e+03  1.79986149e+02 
 5.84341413e+03  4.63085857e+01  5.84341413e+03  1.79985044e+02 
 6.30957344e+03  4.63085893e+01  6.30957344e+03  1.79983851e+02 
 6.81292069e+03  4.63085935e+01  6.81292069e+03  1.79982563e+02 
 7.35642254e+03  4.63085984e+01  7.35642254e+03  1.79981172e+02 
 7.94328235e+03  4.63086042e+01  7.94328235e+03  1.79979670e+02 
 8.57695899e+03  4.63086109e+01  8.57695899e+03  1.79978048e+02 
 9.26118728e+03  4.63086187e+01  9.26118728e+03  1.79976297e+02 
 1.00000000e+04  4.63086278e+01  1.00000000e+04  1.79974406e+02 
 1.07977516e+04  4.63086384e+01  1.07977516e+04  1.79972364e+02 
 1.16591440e+04  4.63086507e+01  1.16591440e+04  1.79970159e+02 
 1.25892541e+04  4.63086651e+01  1.25892541e+04  1.79967779e+02 
 1.35935639e+04  4.63086819e+01  1.35935639e+04  1.79965208e+02 
 1.46779927e+04  4.63087015e+01  1.46779927e+04  1.79962433e+02 
 1.58489319e+04  4.63087244e+01  1.58489319e+04  1.79959435e+02 
 1.71132830e+04  4.63087510e+01  1.71132830e+04  1.79956199e+02 
 1.84784980e+04  4.63087821e+01  1.84784980e+04  1.79952705e+02 
 1.99526231e+04  4.63088183e+01  1.99526231e+04  1.79948931e+02 
 2.15443469e+04  4.63088605e+01  2.15443469e+04  1.79944857e+02 
 2.32630507e+04  4.63089097e+01  2.32630507e+04  1.79940458e+02 
 2.51188643e+04  4.63089671e+01  2.51188643e+04  1.79935707e+02 
 2.71227258e+04  4.63090340e+01  2.71227258e+04  1.79930577e+02 
 2.92864456e+04  4.63091120e+01  2.92864456e+04  1.79925038e+02 
 3.16227766e+04  4.63092029e+01  3.16227766e+04  1.79919057e+02 
 3.41454887e+04  4.63093089e+01  3.41454887e+04  1.79912598e+02 
 3.68694506e+04  4.63094326e+01  3.68694506e+04  1.79905623e+02 
 3.98107171e+04  4.63095767e+01  3.98107171e+04  1.79898092e+02 
 4.29866235e+04  4.63097448e+01  4.29866235e+04  1.79889959e+02 
 4.64158883e+04  4.63099407e+01  4.64158883e+04  1.79881176e+02 
 5.01187234e+04  4.63101691e+01  5.01187234e+04  1.79871692e+02 
 5.41169527e+04  4.63104355e+01  5.41169527e+04  1.79861450e+02 
 5.84341413e+04  4.63107461e+01  5.84341413e+04  1.79850390e+02 
 6.30957344e+04  4.63111082e+01  6.30957344e+04  1.79838445e+02 
 6.81292069e+04  4.63115305e+01  6.81292069e+04  1.79825544e+02 
 7.35642254e+04  4.63120227e+01  7.35642254e+04  1.79811611e+02 
 7.94328235e+04  4.63125968e+01  7.94328235e+04  1.79796563e+02 
 8.57695899e+04  4.63132660e+01  8.57695899e+04  1.79780309e+02 
 9.26118728e+04  4.63140464e+01  9.26118728e+04  1.79762751e+02 
 1.00000000e+05  4.63149563e+01  1.00000000e+05  1.79743785e+02 
 1.07977516e+05  4.63160175e+01  1.07977516e+05  1.79723296e+02 
 1.16591440e+05  4.63172547e+01  1.16591440e+05  1.79701160e+02 
 1.25892541e+05  4.63186973e+01  1.25892541e+05  1.79677241e+02 
 1.35935639e+05  4.63203798e+01  1.35935639e+05  1.79651394e+02 
 1.46779927e+05  4.63223415e+01  1.46779927e+05  1.79623459e+02 
 1.58489319e+05  4.63246297e+01  1.58489319e+05  1.79593264e+02 
 1.71132830e+05  4.63272978e+01  1.71132830e+05  1.79560618e+02 
 1.84784980e+05  4.63304100e+01  1.84784980e+05  1.79525317e+02 
 1.99526231e+05  4.63340395e+01  1.99526231e+05  1.79487135e+02 
 2.15443469e+05  4.63382736e+01  2.15443469e+05  1.79445826e+02 
 2.32630507e+05  4.63432116e+01  2.32630507e+05  1.79401118e+02 
 2.51188643e+05  4.63489723e+01  2.51188643e+05  1.79352714e+02 
 2.71227258e+05  4.63556955e+01  2.71227258e+05  1.79300284e+02 
 2.92864456e+05  4.63635382e+01  2.92864456e+05  1.79243465e+02 
 3.16227766e+05  4.63726914e+01  3.16227766e+05  1.79181852e+02 
 3.41454887e+05  4.63833742e+01  3.41454887e+05  1.79114993e+02 
 3.68694506e+05  4.63958460e+01  3.68694506e+05  1.79042384e+02 
 3.98107171e+05  4.64104096e+01  3.98107171e+05  1.78963455e+02 
 4.29866235e+05  4.64274155e+01  4.29866235e+05  1.78877562e+02 
 4.64158883e+05  4.64472856e+01  4.64158883e+05  1.78783970e+02 
 5.01187234e+05  4.64705084e+01  5.01187234e+05  1.78681838e+02 
 5.41169527e+05  4.64976556e+01  5.41169527e+05  1.78570194e+02 
 5.84341413e+05  4.65294076e+01  5.84341413e+05  1.78447909e+02 
 6.30957344e+05  4.65665683e+01  6.30957344e+05  1.78313658e+02 
 6.81292069e+05  4.66100873e+01  6.81292069e+05  1.78165873e+02 
 7.35642254e+05  4.66610856e+01  7.35642254e+05  1.78002685e+02 
 7.94328235e+05  4.67209071e+01  7.94328235e+05  1.77821840e+02 
 8.57695899e+05  4.67911600e+01  8.57695899e+05  1.77620590e+02 
 9.26118728e+05  4.68737291e+01  9.26118728e+05  1.77395560e+02 
 1.00000000e+06  4.69709541e+01  1.00000000e+06  1.77142536e+02 
 1.07977516e+06  4.70856003e+01  1.07977516e+06  1.76856213e+02 
 1.16591440e+06  4.72211115e+01  1.16591440e+06  1.76529797e+02 
 1.25892541e+06  4.73816160e+01  1.25892541e+06  1.76154484e+02 
 1.35935639e+06  4.75723319e+01  1.35935639e+06  1.75718643e+02 
 1.46779927e+06  4.77997180e+01  1.46779927e+06  1.75206668e+02 
 1.58489319e+06  4.80719334e+01  1.58489319e+06  1.74597108e+02 
 1.71132830e+06  4.83995372e+01  1.71132830e+06  1.73859802e+02 
 1.84784980e+06  4.87962145e+01  1.84784980e+06  1.72951149e+02 
 1.99526231e+06  4.92803045e+01  1.99526231e+06  1.71805803e+02 
 2.15443469e+06  4.98764331e+01  2.15443469e+06  1.70322030e+02 
 2.32630507e+06  5.06191585e+01  2.32630507e+06  1.68332921e+02 
 2.51188643e+06  5.15573594e+01  2.51188643e+06  1.65547610e+02 
 2.71227258e+06  5.27601956e+01  2.71227258e+06  1.61418607e+02 
 2.92864456e+06  5.43195237e+01  2.92864456e+06  1.54816888e+02 
 3.16227766e+06  5.63000704e+01  3.16227766e+06  1.43205182e+02 
 3.41454887e+06  5.83628830e+01  3.41454887e+06  1.21240389e+02 
 3.68694506e+06  5.86353674e+01  3.68694506e+06  8.63994707e+01 
 3.98107171e+06  5.59259393e+01  3.98107171e+06  5.61821708e+01 
 4.29866235e+06  5.24430005e+01  4.29866235e+06  3.95071743e+01 
 4.64158883e+06  4.92933463e+01  4.64158883e+06  3.06069798e+01 
 5.01187234e+06  4.65497676e+01  5.01187234e+06  2.54390523e+01 
 5.41169527e+06  4.41206547e+01  5.41169527e+06  2.22147447e+01 
 5.84341413e+06  4.19227706e+01  5.84341413e+06  2.01138318e+01 
 6.30957344e+06  3.98953369e+01  6.30957344e+06  1.87241995e+01 
 6.81292069e+06  3.79967313e+01  6.81292069e+06  1.78196182e+01 
 7.35642254e+06  3.61950191e+01  7.35642254e+06  1.72701265e+01 
 7.94328235e+06  3.44704494e+01  7.94328235e+06  1.69937438e+01 
 8.57695899e+06  3.28023888e+01  8.57695899e+06  1.69442940e+01 
 9.26118728e+06  3.11808278e+01  9.26118728e+06  1.70870303e+01 
 1.00000000e+07  2.95949781e+01  1.00000000e+07  1.74076717e+01 
 1.07977516e+07  2.80361702e+01  1.07977516e+07  1.78903963e+01 
 1.16591440e+07  2.64976193e+01  1.16591440e+07  1.85308187e+01 
 1.25892541e+07  2.49715373e+01  1.25892541e+07  1.93389195e+01 
 1.35935639e+07  2.34546446e+01  1.35935639e+07  2.03155168e+01 
 1.46779927e+07  2.19405682e+01  1.46779927e+07  2.14827777e+01 
 1.58489319e+07  2.04261012e+01  1.58489319e+07  2.28431151e+01 
 1.71132830e+07  1.89052730e+01  1.71132830e+07  2.44430021e+01 
 1.84784980e+07  1.73736188e+01  1.84784980e+07  2.62986052e+01 
 1.99526231e+07  1.58279461e+01  1.99526231e+07  2.84330460e+01 
 2.15443469e+07  1.42639797e+01  2.15443469e+07  3.09562922e+01 
 2.32630507e+07  1.26760355e+01  2.32630507e+07  3.39319879e+01 
 2.51188643e+07  1.10648043e+01  2.51188643e+07  3.74994015e+01 
 2.71227258e+07  9.42698856e+00  2.71227258e+07  4.16952524e+01 
 2.92864456e+07  7.78077670e+00  2.92864456e+07  4.67698822e+01 
 3.16227766e+07  6.12219543e+00  3.16227766e+07  5.29238490e+01 
 3.41454887e+07  4.51807345e+00  3.41454887e+07  6.05069464e+01 
 3.68694506e+07  2.95663770e+00  3.68694506e+07  6.94431214e+01 
 3.98107171e+07  1.60794260e+00  3.98107171e+07  8.03692544e+01 
 4.29866235e+07  5.78096039e-01  4.29866235e+07  9.21098838e+01 
 4.64158883e+07 -1.06109748e-01  4.64158883e+07  1.05125282e+02 
 5.01187234e+07 -3.36214356e-01  5.01187234e+07  1.17577871e+02 
 5.41169527e+07 -2.87743023e-01  5.41169527e+07  1.28583972e+02 
 5.84341413e+07 -1.34363735e-01  5.84341413e+07  1.37632599e+02 
 6.30957344e+07  3.72077603e-01  6.30957344e+07  1.45833853e+02 
 6.81292069e+07  7.68672827e-01  6.81292069e+07  1.52746533e+02 
 7.35642254e+07  1.09880768e+00  7.35642254e+07  1.58954074e+02 
 7.94328235e+07  1.47070399e+00  7.94328235e+07  1.63394780e+02 
 8.57695899e+07  1.83412839e+00  8.57695899e+07  1.67601460e+02 
 9.26118728e+07  2.30086899e+00  9.26118728e+07  1.71368799e+02 
 1.00000000e+08  2.53685467e+00  1.00000000e+08  1.74342059e+02 
 1.07977516e+08  2.96406043e+00  1.07977516e+08  1.77000870e+02 
 1.16591440e+08  3.33915510e+00  1.16591440e+08  1.79533347e+02 
 1.25892541e+08  3.60032665e+00  1.25892541e+08  1.82319986e+02 
 1.35935639e+08  4.05388840e+00  1.35935639e+08  1.84018333e+02 
 1.46779927e+08  4.45953522e+00  1.46779927e+08  1.85508342e+02 
 1.58489319e+08  4.54893688e+00  1.58489319e+08  1.87581671e+02 
 1.71132830e+08  4.77625867e+00  1.71132830e+08  1.88141238e+02 
 1.84784980e+08  5.20646252e+00  1.84784980e+08  1.88914157e+02 
 1.99526231e+08  5.60018678e+00  1.99526231e+08  1.89896165e+02 
 2.15443469e+08  5.88234463e+00  2.15443469e+08  1.90067076e+02 
 2.32630507e+08  6.37609325e+00  2.32630507e+08  1.90145033e+02 
 2.51188643e+08  6.19615044e+00  2.51188643e+08  1.90006301e+02 
 2.71227258e+08  7.15971507e+00  2.71227258e+08  1.89349475e+02 
 2.92864456e+08  7.28596603e+00  2.92864456e+08  1.88600177e+02 
 3.16227766e+08  7.57949594e+00  3.16227766e+08  1.87900256e+02 
 3.41454887e+08  8.12714590e+00  3.41454887e+08  1.87246223e+02 
 3.68694506e+08  6.92016578e+00  3.68694506e+08  1.86493970e+02 
 3.98107171e+08  7.82907613e+00  3.98107171e+08  1.85428958e+02 
 4.29866235e+08  6.56666216e+00  4.29866235e+08  1.84694125e+02 
 4.64158883e+08  6.59632511e+00  4.64158883e+08  1.83907604e+02 
 5.01187234e+08  6.84459611e+00  5.01187234e+08  1.83417105e+02 
 5.41169527e+08  7.44916326e+00  5.41169527e+08  1.82559904e+02 
 5.84341413e+08  8.60602790e+00  5.84341413e+08  1.82173512e+02 
 6.30957344e+08  1.68025020e+01  6.30957344e+08  1.81507945e+02 
 6.81292069e+08  9.43413178e+00  6.81292069e+08  1.81294239e+02 
 7.35642254e+08  8.07823961e+00  7.35642254e+08  1.81346588e+02 
 7.94328235e+08  6.73210237e+00  7.94328235e+08  1.81113157e+02 
 8.57695899e+08  1.14021980e+01  8.57695899e+08  1.81153187e+02 
 9.26118728e+08  1.00448331e+01  9.26118728e+08  1.80824941e+02 
 1.00000000e+09  8.70039296e+00  1.00000000e+09  1.80932137e+02 
