 1.00000000e+00  4.61464724e+01  1.00000000e+00  1.79999998e+02 
 1.07977516e+00  4.61464724e+01  1.07977516e+00  1.79999998e+02 
 1.16591440e+00  4.61464724e+01  1.16591440e+00  1.79999998e+02 
 1.25892541e+00  4.61464724e+01  1.25892541e+00  1.79999997e+02 
 1.35935639e+00  4.61464724e+01  1.35935639e+00  1.79999997e+02 
 1.46779927e+00  4.61464724e+01  1.46779927e+00  1.79999997e+02 
 1.58489319e+00  4.61464724e+01  1.58489319e+00  1.79999997e+02 
 1.71132830e+00  4.61464724e+01  1.71132830e+00  1.79999996e+02 
 1.84784980e+00  4.61464724e+01  1.84784980e+00  1.79999996e+02 
 1.99526231e+00  4.61464724e+01  1.99526231e+00  1.79999996e+02 
 2.15443469e+00  4.61464724e+01  2.15443469e+00  1.79999996e+02 
 2.32630507e+00  4.61464724e+01  2.32630507e+00  1.79999995e+02 
 2.51188643e+00  4.61464724e+01  2.51188643e+00  1.79999995e+02 
 2.71227258e+00  4.61464724e+01  2.71227258e+00  1.79999994e+02 
 2.92864456e+00  4.61464724e+01  2.92864456e+00  1.79999994e+02 
 3.16227766e+00  4.61464724e+01  3.16227766e+00  1.79999993e+02 
 3.41454887e+00  4.61464724e+01  3.41454887e+00  1.79999993e+02 
 3.68694506e+00  4.61464724e+01  3.68694506e+00  1.79999992e+02 
 3.98107171e+00  4.61464724e+01  3.98107171e+00  1.79999992e+02 
 4.29866235e+00  4.61464724e+01  4.29866235e+00  1.79999991e+02 
 4.64158883e+00  4.61464724e+01  4.64158883e+00  1.79999990e+02 
 5.01187234e+00  4.61464724e+01  5.01187234e+00  1.79999990e+02 
 5.41169527e+00  4.61464724e+01  5.41169527e+00  1.79999989e+02 
 5.84341413e+00  4.61464724e+01  5.84341413e+00  1.79999988e+02 
 6.30957344e+00  4.61464724e+01  6.30957344e+00  1.79999987e+02 
 6.81292069e+00  4.61464724e+01  6.81292069e+00  1.79999986e+02 
 7.35642254e+00  4.61464724e+01  7.35642254e+00  1.79999985e+02 
 7.94328235e+00  4.61464724e+01  7.94328235e+00  1.79999983e+02 
 8.57695899e+00  4.61464724e+01  8.57695899e+00  1.79999982e+02 
 9.26118728e+00  4.61464724e+01  9.26118728e+00  1.79999981e+02 
 1.00000000e+01  4.61464724e+01  1.00000000e+01  1.79999979e+02 
 1.07977516e+01  4.61464724e+01  1.07977516e+01  1.79999978e+02 
 1.16591440e+01  4.61464724e+01  1.16591440e+01  1.79999976e+02 
 1.25892541e+01  4.61464724e+01  1.25892541e+01  1.79999974e+02 
 1.35935639e+01  4.61464724e+01  1.35935639e+01  1.79999972e+02 
 1.46779927e+01  4.61464724e+01  1.46779927e+01  1.79999969e+02 
 1.58489319e+01  4.61464724e+01  1.58489319e+01  1.79999967e+02 
 1.71132830e+01  4.61464724e+01  1.71132830e+01  1.79999964e+02 
 1.84784980e+01  4.61464724e+01  1.84784980e+01  1.79999962e+02 
 1.99526231e+01  4.61464724e+01  1.99526231e+01  1.79999958e+02 
 2.15443469e+01  4.61464724e+01  2.15443469e+01  1.79999955e+02 
 2.32630507e+01  4.61464724e+01  2.32630507e+01  1.79999952e+02 
 2.51188643e+01  4.61464724e+01  2.51188643e+01  1.79999948e+02 
 2.71227258e+01  4.61464724e+01  2.71227258e+01  1.79999944e+02 
 2.92864456e+01  4.61464724e+01  2.92864456e+01  1.79999939e+02 
 3.16227766e+01  4.61464724e+01  3.16227766e+01  1.79999934e+02 
 3.41454887e+01  4.61464724e+01  3.41454887e+01  1.79999929e+02 
 3.68694506e+01  4.61464724e+01  3.68694506e+01  1.79999923e+02 
 3.98107171e+01  4.61464724e+01  3.98107171e+01  1.79999917e+02 
 4.29866235e+01  4.61464724e+01  4.29866235e+01  1.79999911e+02 
 4.64158883e+01  4.61464724e+01  4.64158883e+01  1.79999903e+02 
 5.01187234e+01  4.61464724e+01  5.01187234e+01  1.79999896e+02 
 5.41169527e+01  4.61464724e+01  5.41169527e+01  1.79999887e+02 
 5.84341413e+01  4.61464724e+01  5.84341413e+01  1.79999878e+02 
 6.30957344e+01  4.61464724e+01  6.30957344e+01  1.79999869e+02 
 6.81292069e+01  4.61464724e+01  6.81292069e+01  1.79999858e+02 
 7.35642254e+01  4.61464724e+01  7.35642254e+01  1.79999847e+02 
 7.94328235e+01  4.61464724e+01  7.94328235e+01  1.79999835e+02 
 8.57695899e+01  4.61464724e+01  8.57695899e+01  1.79999822e+02 
 9.26118728e+01  4.61464724e+01  9.26118728e+01  1.79999807e+02 
 1.00000000e+02  4.61464724e+01  1.00000000e+02  1.79999792e+02 
 1.07977516e+02  4.61464724e+01  1.07977516e+02  1.79999775e+02 
 1.16591440e+02  4.61464724e+01  1.16591440e+02  1.79999757e+02 
 1.25892541e+02  4.61464724e+01  1.25892541e+02  1.79999738e+02 
 1.35935639e+02  4.61464724e+01  1.35935639e+02  1.79999717e+02 
 1.46779927e+02  4.61464724e+01  1.46779927e+02  1.79999695e+02 
 1.58489319e+02  4.61464724e+01  1.58489319e+02  1.79999670e+02 
 1.71132830e+02  4.61464724e+01  1.71132830e+02  1.79999644e+02 
 1.84784980e+02  4.61464724e+01  1.84784980e+02  1.79999616e+02 
 1.99526231e+02  4.61464724e+01  1.99526231e+02  1.79999585e+02 
 2.15443469e+02  4.61464724e+01  2.15443469e+02  1.79999552e+02 
 2.32630507e+02  4.61464725e+01  2.32630507e+02  1.79999516e+02 
 2.51188643e+02  4.61464725e+01  2.51188643e+02  1.79999477e+02 
 2.71227258e+02  4.61464725e+01  2.71227258e+02  1.79999436e+02 
 2.92864456e+02  4.61464725e+01  2.92864456e+02  1.79999391e+02 
 3.16227766e+02  4.61464725e+01  3.16227766e+02  1.79999342e+02 
 3.41454887e+02  4.61464725e+01  3.41454887e+02  1.79999290e+02 
 3.68694506e+02  4.61464725e+01  3.68694506e+02  1.79999233e+02 
 3.98107171e+02  4.61464725e+01  3.98107171e+02  1.79999172e+02 
 4.29866235e+02  4.61464725e+01  4.29866235e+02  1.79999106e+02 
 4.64158883e+02  4.61464726e+01  4.64158883e+02  1.79999034e+02 
 5.01187234e+02  4.61464726e+01  5.01187234e+02  1.79998957e+02 
 5.41169527e+02  4.61464726e+01  5.41169527e+02  1.79998874e+02 
 5.84341413e+02  4.61464726e+01  5.84341413e+02  1.79998784e+02 
 6.30957344e+02  4.61464727e+01  6.30957344e+02  1.79998688e+02 
 6.81292069e+02  4.61464727e+01  6.81292069e+02  1.79998583e+02 
 7.35642254e+02  4.61464728e+01  7.35642254e+02  1.79998470e+02 
 7.94328235e+02  4.61464728e+01  7.94328235e+02  1.79998348e+02 
 8.57695899e+02  4.61464729e+01  8.57695899e+02  1.79998216e+02 
 9.26118728e+02  4.61464730e+01  9.26118728e+02  1.79998074e+02 
 1.00000000e+03  4.61464731e+01  1.00000000e+03  1.79997920e+02 
 1.07977516e+03  4.61464732e+01  1.07977516e+03  1.79997754e+02 
 1.16591440e+03  4.61464733e+01  1.16591440e+03  1.79997575e+02 
 1.25892541e+03  4.61464734e+01  1.25892541e+03  1.79997381e+02 
 1.35935639e+03  4.61464736e+01  1.35935639e+03  1.79997172e+02 
 1.46779927e+03  4.61464738e+01  1.46779927e+03  1.79996947e+02 
 1.58489319e+03  4.61464740e+01  1.58489319e+03  1.79996703e+02 
 1.71132830e+03  4.61464743e+01  1.71132830e+03  1.79996440e+02 
 1.84784980e+03  4.61464746e+01  1.84784980e+03  1.79996156e+02 
 1.99526231e+03  4.61464750e+01  1.99526231e+03  1.79995850e+02 
 2.15443469e+03  4.61464754e+01  2.15443469e+03  1.79995518e+02 
 2.32630507e+03  4.61464759e+01  2.32630507e+03  1.79995161e+02 
 2.51188643e+03  4.61464764e+01  2.51188643e+03  1.79994775e+02 
 2.71227258e+03  4.61464771e+01  2.71227258e+03  1.79994358e+02 
 2.92864456e+03  4.61464779e+01  2.92864456e+03  1.79993908e+02 
 3.16227766e+03  4.61464788e+01  3.16227766e+03  1.79993422e+02 
 3.41454887e+03  4.61464798e+01  3.41454887e+03  1.79992897e+02 
 3.68694506e+03  4.61464811e+01  3.68694506e+03  1.79992331e+02 
 3.98107171e+03  4.61464825e+01  3.98107171e+03  1.79991719e+02 
 4.29866235e+03  4.61464842e+01  4.29866235e+03  1.79991058e+02 
 4.64158883e+03  4.61464861e+01  4.64158883e+03  1.79990345e+02 
 5.01187234e+03  4.61464884e+01  5.01187234e+03  1.79989575e+02 
 5.41169527e+03  4.61464911e+01  5.41169527e+03  1.79988743e+02 
 5.84341413e+03  4.61464942e+01  5.84341413e+03  1.79987845e+02 
 6.30957344e+03  4.61464978e+01  6.30957344e+03  1.79986875e+02 
 6.81292069e+03  4.61465020e+01  6.81292069e+03  1.79985828e+02 
 7.35642254e+03  4.61465069e+01  7.35642254e+03  1.79984697e+02 
 7.94328235e+03  4.61465126e+01  7.94328235e+03  1.79983477e+02 
 8.57695899e+03  4.61465193e+01  8.57695899e+03  1.79982159e+02 
 9.26118728e+03  4.61465270e+01  9.26118728e+03  1.79980735e+02 
 1.00000000e+04  4.61465361e+01  1.00000000e+04  1.79979198e+02 
 1.07977516e+04  4.61465467e+01  1.07977516e+04  1.79977539e+02 
 1.16591440e+04  4.61465590e+01  1.16591440e+04  1.79975747e+02 
 1.25892541e+04  4.61465733e+01  1.25892541e+04  1.79973812e+02 
 1.35935639e+04  4.61465901e+01  1.35935639e+04  1.79971723e+02 
 1.46779927e+04  4.61466096e+01  1.46779927e+04  1.79969467e+02 
 1.58489319e+04  4.61466324e+01  1.58489319e+04  1.79967031e+02 
 1.71132830e+04  4.61466589e+01  1.71132830e+04  1.79964401e+02 
 1.84784980e+04  4.61466898e+01  1.84784980e+04  1.79961561e+02 
 1.99526231e+04  4.61467259e+01  1.99526231e+04  1.79958494e+02 
 2.15443469e+04  4.61467680e+01  2.15443469e+04  1.79955182e+02 
 2.32630507e+04  4.61468170e+01  2.32630507e+04  1.79951606e+02 
 2.51188643e+04  4.61468742e+01  2.51188643e+04  1.79947745e+02 
 2.71227258e+04  4.61469409e+01  2.71227258e+04  1.79943576e+02 
 2.92864456e+04  4.61470186e+01  2.92864456e+04  1.79939074e+02 
 3.16227766e+04  4.61471092e+01  3.16227766e+04  1.79934212e+02 
 3.41454887e+04  4.61472149e+01  3.41454887e+04  1.79928963e+02 
 3.68694506e+04  4.61473380e+01  3.68694506e+04  1.79923294e+02 
 3.98107171e+04  4.61474817e+01  3.98107171e+04  1.79917173e+02 
 4.29866235e+04  4.61476491e+01  4.29866235e+04  1.79910562e+02 
 4.64158883e+04  4.61478444e+01  4.64158883e+04  1.79903424e+02 
 5.01187234e+04  4.61480720e+01  5.01187234e+04  1.79895716e+02 
 5.41169527e+04  4.61483375e+01  5.41169527e+04  1.79887391e+02 
 5.84341413e+04  4.61486469e+01  5.84341413e+04  1.79878401e+02 
 6.30957344e+04  4.61490078e+01  6.30957344e+04  1.79868691e+02 
 6.81292069e+04  4.61494285e+01  6.81292069e+04  1.79858205e+02 
 7.35642254e+04  4.61499190e+01  7.35642254e+04  1.79846880e+02 
 7.94328235e+04  4.61504910e+01  7.94328235e+04  1.79834648e+02 
 8.57695899e+04  4.61511578e+01  8.57695899e+04  1.79821435e+02 
 9.26118728e+04  4.61519355e+01  9.26118728e+04  1.79807163e+02 
 1.00000000e+05  4.61528423e+01  1.00000000e+05  1.79791745e+02 
 1.07977516e+05  4.61538995e+01  1.07977516e+05  1.79775089e+02 
 1.16591440e+05  4.61551324e+01  1.16591440e+05  1.79757092e+02 
 1.25892541e+05  4.61565701e+01  1.25892541e+05  1.79737646e+02 
 1.35935639e+05  4.61582465e+01  1.35935639e+05  1.79716631e+02 
 1.46779927e+05  4.61602014e+01  1.46779927e+05  1.79693917e+02 
 1.58489319e+05  4.61624812e+01  1.58489319e+05  1.79669363e+02 
 1.71132830e+05  4.61651405e+01  1.71132830e+05  1.79642815e+02 
 1.84784980e+05  4.61682412e+01  1.84784980e+05  1.79614104e+02 
 1.99526231e+05  4.61718581e+01  1.99526231e+05  1.79583046e+02 
 2.15443469e+05  4.61760768e+01  2.15443469e+05  1.79549441e+02 
 2.32630507e+05  4.61809985e+01  2.32630507e+05  1.79513064e+02 
 2.51188643e+05  4.61867387e+01  2.51188643e+05  1.79473674e+02 
 2.71227258e+05  4.61934375e+01  2.71227258e+05  1.79430999e+02 
 2.92864456e+05  4.62012522e+01  2.92864456e+05  1.79384739e+02 
 3.16227766e+05  4.62103747e+01  3.16227766e+05  1.79334563e+02 
 3.41454887e+05  4.62210212e+01  3.41454887e+05  1.79280098e+02 
 3.68694506e+05  4.62334489e+01  3.68694506e+05  1.79220926e+02 
 3.98107171e+05  4.62479606e+01  3.98107171e+05  1.79156576e+02 
 4.29866235e+05  4.62649095e+01  4.29866235e+05  1.79086512e+02 
 4.64158883e+05  4.62847118e+01  4.64158883e+05  1.79010125e+02 
 5.01187234e+05  4.63078562e+01  5.01187234e+05  1.78926712e+02 
 5.41169527e+05  4.63349135e+01  5.41169527e+05  1.78835462e+02 
 5.84341413e+05  4.63665609e+01  5.84341413e+05  1.78735427e+02 
 6.30957344e+05  4.64036014e+01  6.30957344e+05  1.78625494e+02 
 6.81292069e+05  4.64469832e+01  6.81292069e+05  1.78504341e+02 
 7.35642254e+05  4.64978242e+01  7.35642254e+05  1.78370387e+02 
 7.94328235e+05  4.65574650e+01  7.94328235e+05  1.78221721e+02 
 8.57695899e+05  4.66275016e+01  8.57695899e+05  1.78056011e+02 
 9.26118728e+05  4.67098401e+01  9.26118728e+05  1.77870377e+02 
 1.00000000e+06  4.68067961e+01  1.00000000e+06  1.77661225e+02 
 1.07977516e+06  4.69211724e+01  1.07977516e+06  1.77424002e+02 
 1.16591440e+06  4.70563489e+01  1.16591440e+06  1.77152897e+02 
 1.25892541e+06  4.72165213e+01  1.25892541e+06  1.76840323e+02 
 1.35935639e+06  4.74069163e+01  1.35935639e+06  1.76476270e+02 
 1.46779927e+06  4.76339758e+01  1.46779927e+06  1.76047277e+02 
 1.58489319e+06  4.79060195e+01  1.58489319e+06  1.75534792e+02 
 1.71132830e+06  4.82335898e+01  1.71132830e+06  1.74912734e+02 
 1.84784980e+06  4.86307358e+01  1.84784980e+06  1.74143243e+02 
 1.99526231e+06  4.91159369e+01  1.99526231e+06  1.73169553e+02 
 2.15443469e+06  4.97149023e+01  2.15443469e+06  1.71902880e+02 
 2.32630507e+06  5.04635064e+01  2.32630507e+06  1.70197042e+02 
 2.51188643e+06  5.14140099e+01  2.51188643e+06  1.67795274e+02 
 2.71227258e+06  5.26443152e+01  2.71227258e+06  1.64207559e+02 
 2.92864456e+06  5.42687385e+01  2.92864456e+06  1.58395239e+02 
 3.16227766e+06  5.64204758e+01  3.16227766e+06  1.47873025e+02 
 3.41454887e+06  5.89276214e+01  3.41454887e+06  1.26470980e+02 
 3.68694506e+06  5.96851028e+01  3.68694506e+06  8.80883716e+01 
 3.98107171e+06  5.66801233e+01  3.98107171e+06  5.40960771e+01 
 4.29866235e+06  5.28495707e+01  4.29866235e+06  3.68988196e+01 
 4.64158883e+06  4.95153741e+01  4.64158883e+06  2.82990245e+01 
 5.01187234e+06  4.66732228e+01  5.01187234e+06  2.34887607e+01 
 5.41169527e+06  4.41865182e+01  5.41169527e+06  2.05647585e+01 
 5.84341413e+06  4.19518764e+01  5.84341413e+06  1.87039297e+01 
 6.30957344e+06  3.99007102e+01  6.30957344e+06  1.75061511e+01 
 6.81292069e+06  3.79833209e+01  6.81292069e+06  1.67597987e+01 
 7.35642254e+06  3.61694911e+01  7.35642254e+06  1.63402012e+01 
 7.94328235e+06  3.44342901e+01  7.94328235e+06  1.61770255e+01 
 8.57695899e+06  3.27605030e+01  8.57695899e+06  1.62231664e+01 
 9.26118728e+06  3.11327936e+01  9.26118728e+06  1.64521475e+01 
 1.00000000e+07  2.95422366e+01  1.00000000e+07  1.68444315e+01 
 1.07977516e+07  2.79787901e+01  1.07977516e+07  1.73968878e+01 
 1.16591440e+07  2.64376983e+01  1.16591440e+07  1.81030355e+01 
 1.25892541e+07  2.49099231e+01  1.25892541e+07  1.89680999e+01 
 1.35935639e+07  2.33915302e+01  1.35935639e+07  1.99992372e+01 
 1.46779927e+07  2.18753216e+01  1.46779927e+07  2.12214910e+01 
 1.58489319e+07  2.03622848e+01  1.58489319e+07  2.26287841e+01 
 1.71132830e+07  1.88374341e+01  1.71132830e+07  2.42617038e+01 
 1.84784980e+07  1.73076965e+01  1.84784980e+07  2.61802106e+01 
 1.99526231e+07  1.57627133e+01  1.99526231e+07  2.83642738e+01 
 2.15443469e+07  1.41968358e+01  2.15443469e+07  3.09462289e+01 
 2.32630507e+07  1.26102026e+01  2.32630507e+07  3.40047648e+01 
 2.51188643e+07  1.10093213e+01  2.51188643e+07  3.75605340e+01 
 2.71227258e+07  9.37836639e+00  2.71227258e+07  4.17898729e+01 
 2.92864456e+07  7.72449895e+00  2.92864456e+07  4.69365797e+01 
 3.16227766e+07  6.08774971e+00  3.16227766e+07  5.31027811e+01 
 3.41454887e+07  4.47305107e+00  3.41454887e+07  6.06532252e+01 
 3.68694506e+07  2.95689604e+00  3.68694506e+07  6.98515321e+01 
 3.98107171e+07  1.62049439e+00  3.98107171e+07  8.03786393e+01 
 4.29866235e+07  5.88548467e-01  4.29866235e+07  9.25987112e+01 
 4.64158883e+07 -1.59087228e-01  4.64158883e+07  1.04997193e+02 
 5.01187234e+07 -3.65722953e-01  5.01187234e+07  1.17517609e+02 
 5.41169527e+07 -3.00149851e-01  5.41169527e+07  1.27956656e+02 
 5.84341413e+07 -7.12174110e-02  5.84341413e+07  1.37016511e+02 
 6.30957344e+07  2.79332445e-01  6.30957344e+07  1.45651477e+02 
 6.81292069e+07  6.62634742e-01  6.81292069e+07  1.52498954e+02 
 7.35642254e+07  1.14069389e+00  7.35642254e+07  1.58487498e+02 
 7.94328235e+07  1.39162059e+00  7.94328235e+07  1.63579994e+02 
 8.57695899e+07  1.87035203e+00  8.57695899e+07  1.67485543e+02 
 9.26118728e+07  2.17033059e+00  9.26118728e+07  1.71291884e+02 
 1.00000000e+08  2.54633740e+00  1.00000000e+08  1.74530929e+02 
 1.07977516e+08  2.86745463e+00  1.07977516e+08  1.77428624e+02 
 1.16591440e+08  3.21337389e+00  1.16591440e+08  1.79813899e+02 
 1.25892541e+08  3.67048417e+00  1.25892541e+08  1.81988294e+02 
 1.35935639e+08  4.13747994e+00  1.35935639e+08  1.84138093e+02 
 1.46779927e+08  4.21048193e+00  1.46779927e+08  1.85619251e+02 
 1.58489319e+08  4.62958799e+00  1.58489319e+08  1.87219369e+02 
 1.71132830e+08  5.08401513e+00  1.71132830e+08  1.88166920e+02 
 1.84784980e+08  5.55889826e+00  1.84784980e+08  1.89358098e+02 
 1.99526231e+08  5.39844040e+00  1.99526231e+08  1.89853970e+02 
 2.15443469e+08  5.98259991e+00  2.15443469e+08  1.90297621e+02 
 2.32630507e+08  6.46045786e+00  2.32630507e+08  1.89925209e+02 
 2.51188643e+08  6.74843310e+00  2.51188643e+08  1.89714830e+02 
 2.71227258e+08  7.25587190e+00  2.71227258e+08  1.89400634e+02 
 2.92864456e+08  7.38233248e+00  2.92864456e+08  1.88546269e+02 
 3.16227766e+08  6.22988698e+00  3.16227766e+08  1.88203337e+02 
 3.41454887e+08  8.21623182e+00  3.41454887e+08  1.87255865e+02 
 3.68694506e+08  8.03152044e+00  3.68694506e+08  1.86283691e+02 
 3.98107171e+08  7.92409072e+00  3.98107171e+08  1.85630541e+02 
 4.29866235e+08  7.98778235e+00  4.29866235e+08  1.84641092e+02 
 4.64158883e+08  6.68107826e+00  4.64158883e+08  1.83892195e+02 
 5.01187234e+08  6.94363713e+00  5.01187234e+08  1.83631371e+02 
 5.41169527e+08  7.55687860e+00  5.41169527e+08  1.82847364e+02 
 5.84341413e+08  8.69961312e+00  5.84341413e+08  1.82635611e+02 
 6.30957344e+08  4.88715333e+00  6.30957344e+08  1.81673187e+02 
 6.81292069e+08  6.00409282e+00  6.81292069e+08  1.81924704e+02 
 7.35642254e+08  8.17799275e+00  7.35642254e+08  1.81323384e+02 
 7.94328235e+08  1.28394845e+01  7.94328235e+08  1.81659613e+02 
 8.57695899e+08  1.14933865e+01  8.57695899e+08  1.79827704e+02 
 9.26118728e+08  4.12908570e+00  9.26118728e+08  1.80381830e+02 
 1.00000000e+09  2.77812927e+00  1.00000000e+09  1.80570018e+02 
