 1.00000000e+00  4.60653245e+01  1.00000000e+00  1.79999998e+02 
 1.07977516e+00  4.60653245e+01  1.07977516e+00  1.79999998e+02 
 1.16591440e+00  4.60653245e+01  1.16591440e+00  1.79999998e+02 
 1.25892541e+00  4.60653245e+01  1.25892541e+00  1.79999998e+02 
 1.35935639e+00  4.60653245e+01  1.35935639e+00  1.79999997e+02 
 1.46779927e+00  4.60653245e+01  1.46779927e+00  1.79999997e+02 
 1.58489319e+00  4.60653245e+01  1.58489319e+00  1.79999997e+02 
 1.71132830e+00  4.60653245e+01  1.71132830e+00  1.79999997e+02 
 1.84784980e+00  4.60653245e+01  1.84784980e+00  1.79999996e+02 
 1.99526231e+00  4.60653245e+01  1.99526231e+00  1.79999996e+02 
 2.15443469e+00  4.60653245e+01  2.15443469e+00  1.79999996e+02 
 2.32630507e+00  4.60653245e+01  2.32630507e+00  1.79999996e+02 
 2.51188643e+00  4.60653245e+01  2.51188643e+00  1.79999995e+02 
 2.71227258e+00  4.60653245e+01  2.71227258e+00  1.79999995e+02 
 2.92864456e+00  4.60653245e+01  2.92864456e+00  1.79999994e+02 
 3.16227766e+00  4.60653245e+01  3.16227766e+00  1.79999994e+02 
 3.41454887e+00  4.60653245e+01  3.41454887e+00  1.79999993e+02 
 3.68694506e+00  4.60653245e+01  3.68694506e+00  1.79999993e+02 
 3.98107171e+00  4.60653245e+01  3.98107171e+00  1.79999992e+02 
 4.29866235e+00  4.60653245e+01  4.29866235e+00  1.79999992e+02 
 4.64158883e+00  4.60653245e+01  4.64158883e+00  1.79999991e+02 
 5.01187234e+00  4.60653245e+01  5.01187234e+00  1.79999990e+02 
 5.41169527e+00  4.60653245e+01  5.41169527e+00  1.79999990e+02 
 5.84341413e+00  4.60653245e+01  5.84341413e+00  1.79999989e+02 
 6.30957344e+00  4.60653245e+01  6.30957344e+00  1.79999988e+02 
 6.81292069e+00  4.60653245e+01  6.81292069e+00  1.79999987e+02 
 7.35642254e+00  4.60653245e+01  7.35642254e+00  1.79999986e+02 
 7.94328235e+00  4.60653245e+01  7.94328235e+00  1.79999985e+02 
 8.57695899e+00  4.60653245e+01  8.57695899e+00  1.79999984e+02 
 9.26118728e+00  4.60653245e+01  9.26118728e+00  1.79999982e+02 
 1.00000000e+01  4.60653245e+01  1.00000000e+01  1.79999981e+02 
 1.07977516e+01  4.60653245e+01  1.07977516e+01  1.79999979e+02 
 1.16591440e+01  4.60653245e+01  1.16591440e+01  1.79999978e+02 
 1.25892541e+01  4.60653245e+01  1.25892541e+01  1.79999976e+02 
 1.35935639e+01  4.60653245e+01  1.35935639e+01  1.79999974e+02 
 1.46779927e+01  4.60653245e+01  1.46779927e+01  1.79999972e+02 
 1.58489319e+01  4.60653245e+01  1.58489319e+01  1.79999970e+02 
 1.71132830e+01  4.60653245e+01  1.71132830e+01  1.79999967e+02 
 1.84784980e+01  4.60653245e+01  1.84784980e+01  1.79999965e+02 
 1.99526231e+01  4.60653245e+01  1.99526231e+01  1.79999962e+02 
 2.15443469e+01  4.60653245e+01  2.15443469e+01  1.79999959e+02 
 2.32630507e+01  4.60653245e+01  2.32630507e+01  1.79999955e+02 
 2.51188643e+01  4.60653245e+01  2.51188643e+01  1.79999952e+02 
 2.71227258e+01  4.60653245e+01  2.71227258e+01  1.79999948e+02 
 2.92864456e+01  4.60653245e+01  2.92864456e+01  1.79999944e+02 
 3.16227766e+01  4.60653245e+01  3.16227766e+01  1.79999939e+02 
 3.41454887e+01  4.60653245e+01  3.41454887e+01  1.79999934e+02 
 3.68694506e+01  4.60653245e+01  3.68694506e+01  1.79999929e+02 
 3.98107171e+01  4.60653245e+01  3.98107171e+01  1.79999924e+02 
 4.29866235e+01  4.60653245e+01  4.29866235e+01  1.79999917e+02 
 4.64158883e+01  4.60653245e+01  4.64158883e+01  1.79999911e+02 
 5.01187234e+01  4.60653245e+01  5.01187234e+01  1.79999904e+02 
 5.41169527e+01  4.60653245e+01  5.41169527e+01  1.79999896e+02 
 5.84341413e+01  4.60653245e+01  5.84341413e+01  1.79999888e+02 
 6.30957344e+01  4.60653245e+01  6.30957344e+01  1.79999879e+02 
 6.81292069e+01  4.60653245e+01  6.81292069e+01  1.79999869e+02 
 7.35642254e+01  4.60653245e+01  7.35642254e+01  1.79999859e+02 
 7.94328235e+01  4.60653245e+01  7.94328235e+01  1.79999848e+02 
 8.57695899e+01  4.60653245e+01  8.57695899e+01  1.79999835e+02 
 9.26118728e+01  4.60653245e+01  9.26118728e+01  1.79999822e+02 
 1.00000000e+02  4.60653245e+01  1.00000000e+02  1.79999808e+02 
 1.07977516e+02  4.60653245e+01  1.07977516e+02  1.79999793e+02 
 1.16591440e+02  4.60653245e+01  1.16591440e+02  1.79999776e+02 
 1.25892541e+02  4.60653245e+01  1.25892541e+02  1.79999758e+02 
 1.35935639e+02  4.60653245e+01  1.35935639e+02  1.79999739e+02 
 1.46779927e+02  4.60653245e+01  1.46779927e+02  1.79999718e+02 
 1.58489319e+02  4.60653245e+01  1.58489319e+02  1.79999696e+02 
 1.71132830e+02  4.60653245e+01  1.71132830e+02  1.79999672e+02 
 1.84784980e+02  4.60653245e+01  1.84784980e+02  1.79999645e+02 
 1.99526231e+02  4.60653245e+01  1.99526231e+02  1.79999617e+02 
 2.15443469e+02  4.60653245e+01  2.15443469e+02  1.79999586e+02 
 2.32630507e+02  4.60653245e+01  2.32630507e+02  1.79999554e+02 
 2.51188643e+02  4.60653245e+01  2.51188643e+02  1.79999518e+02 
 2.71227258e+02  4.60653245e+01  2.71227258e+02  1.79999479e+02 
 2.92864456e+02  4.60653245e+01  2.92864456e+02  1.79999438e+02 
 3.16227766e+02  4.60653245e+01  3.16227766e+02  1.79999393e+02 
 3.41454887e+02  4.60653246e+01  3.41454887e+02  1.79999345e+02 
 3.68694506e+02  4.60653246e+01  3.68694506e+02  1.79999292e+02 
 3.98107171e+02  4.60653246e+01  3.98107171e+02  1.79999236e+02 
 4.29866235e+02  4.60653246e+01  4.29866235e+02  1.79999175e+02 
 4.64158883e+02  4.60653246e+01  4.64158883e+02  1.79999109e+02 
 5.01187234e+02  4.60653246e+01  5.01187234e+02  1.79999038e+02 
 5.41169527e+02  4.60653247e+01  5.41169527e+02  1.79998961e+02 
 5.84341413e+02  4.60653247e+01  5.84341413e+02  1.79998878e+02 
 6.30957344e+02  4.60653247e+01  6.30957344e+02  1.79998789e+02 
 6.81292069e+02  4.60653248e+01  6.81292069e+02  1.79998692e+02 
 7.35642254e+02  4.60653248e+01  7.35642254e+02  1.79998588e+02 
 7.94328235e+02  4.60653249e+01  7.94328235e+02  1.79998475e+02 
 8.57695899e+02  4.60653250e+01  8.57695899e+02  1.79998354e+02 
 9.26118728e+02  4.60653250e+01  9.26118728e+02  1.79998222e+02 
 1.00000000e+03  4.60653251e+01  1.00000000e+03  1.79998081e+02 
 1.07977516e+03  4.60653252e+01  1.07977516e+03  1.79997928e+02 
 1.16591440e+03  4.60653254e+01  1.16591440e+03  1.79997762e+02 
 1.25892541e+03  4.60653255e+01  1.25892541e+03  1.79997584e+02 
 1.35935639e+03  4.60653257e+01  1.35935639e+03  1.79997391e+02 
 1.46779927e+03  4.60653259e+01  1.46779927e+03  1.79997183e+02 
 1.58489319e+03  4.60653261e+01  1.58489319e+03  1.79996958e+02 
 1.71132830e+03  4.60653264e+01  1.71132830e+03  1.79996715e+02 
 1.84784980e+03  4.60653267e+01  1.84784980e+03  1.79996453e+02 
 1.99526231e+03  4.60653271e+01  1.99526231e+03  1.79996170e+02 
 2.15443469e+03  4.60653275e+01  2.15443469e+03  1.79995865e+02 
 2.32630507e+03  4.60653280e+01  2.32630507e+03  1.79995535e+02 
 2.51188643e+03  4.60653286e+01  2.51188643e+03  1.79995179e+02 
 2.71227258e+03  4.60653293e+01  2.71227258e+03  1.79994794e+02 
 2.92864456e+03  4.60653301e+01  2.92864456e+03  1.79994379e+02 
 3.16227766e+03  4.60653311e+01  3.16227766e+03  1.79993931e+02 
 3.41454887e+03  4.60653321e+01  3.41454887e+03  1.79993446e+02 
 3.68694506e+03  4.60653334e+01  3.68694506e+03  1.79992924e+02 
 3.98107171e+03  4.60653349e+01  3.98107171e+03  1.79992359e+02 
 4.29866235e+03  4.60653366e+01  4.29866235e+03  1.79991750e+02 
 4.64158883e+03  4.60653386e+01  4.64158883e+03  1.79991091e+02 
 5.01187234e+03  4.60653410e+01  5.01187234e+03  1.79990381e+02 
 5.41169527e+03  4.60653437e+01  5.41169527e+03  1.79989613e+02 
 5.84341413e+03  4.60653469e+01  5.84341413e+03  1.79988785e+02 
 6.30957344e+03  4.60653506e+01  6.30957344e+03  1.79987890e+02 
 6.81292069e+03  4.60653550e+01  6.81292069e+03  1.79986924e+02 
 7.35642254e+03  4.60653600e+01  7.35642254e+03  1.79985881e+02 
 7.94328235e+03  4.60653659e+01  7.94328235e+03  1.79984754e+02 
 8.57695899e+03  4.60653728e+01  8.57695899e+03  1.79983538e+02 
 9.26118728e+03  4.60653808e+01  9.26118728e+03  1.79982225e+02 
 1.00000000e+04  4.60653902e+01  1.00000000e+04  1.79980807e+02 
 1.07977516e+04  4.60654011e+01  1.07977516e+04  1.79979276e+02 
 1.16591440e+04  4.60654138e+01  1.16591440e+04  1.79977622e+02 
 1.25892541e+04  4.60654286e+01  1.25892541e+04  1.79975837e+02 
 1.35935639e+04  4.60654459e+01  1.35935639e+04  1.79973909e+02 
 1.46779927e+04  4.60654660e+01  1.46779927e+04  1.79971828e+02 
 1.58489319e+04  4.60654895e+01  1.58489319e+04  1.79969580e+02 
 1.71132830e+04  4.60655169e+01  1.71132830e+04  1.79967153e+02 
 1.84784980e+04  4.60655488e+01  1.84784980e+04  1.79964533e+02 
 1.99526231e+04  4.60655860e+01  1.99526231e+04  1.79961703e+02 
 2.15443469e+04  4.60656294e+01  2.15443469e+04  1.79958647e+02 
 2.32630507e+04  4.60656800e+01  2.32630507e+04  1.79955348e+02 
 2.51188643e+04  4.60657389e+01  2.51188643e+04  1.79951786e+02 
 2.71227258e+04  4.60658077e+01  2.71227258e+04  1.79947939e+02 
 2.92864456e+04  4.60658879e+01  2.92864456e+04  1.79943784e+02 
 3.16227766e+04  4.60659814e+01  3.16227766e+04  1.79939299e+02 
 3.41454887e+04  4.60660904e+01  3.41454887e+04  1.79934455e+02 
 3.68694506e+04  4.60662174e+01  3.68694506e+04  1.79929224e+02 
 3.98107171e+04  4.60663656e+01  3.98107171e+04  1.79923576e+02 
 4.29866235e+04  4.60665384e+01  4.29866235e+04  1.79917477e+02 
 4.64158883e+04  4.60667398e+01  4.64158883e+04  1.79910890e+02 
 5.01187234e+04  4.60669746e+01  5.01187234e+04  1.79903777e+02 
 5.41169527e+04  4.60672484e+01  5.41169527e+04  1.79896095e+02 
 5.84341413e+04  4.60675676e+01  5.84341413e+04  1.79887800e+02 
 6.30957344e+04  4.60679398e+01  6.30957344e+04  1.79878840e+02 
 6.81292069e+04  4.60683739e+01  6.81292069e+04  1.79869164e+02 
 7.35642254e+04  4.60688799e+01  7.35642254e+04  1.79858713e+02 
 7.94328235e+04  4.60694699e+01  7.94328235e+04  1.79847425e+02 
 8.57695899e+04  4.60701579e+01  8.57695899e+04  1.79835232e+02 
 9.26118728e+04  4.60709601e+01  9.26118728e+04  1.79822061e+02 
 1.00000000e+05  4.60718956e+01  1.00000000e+05  1.79807832e+02 
 1.07977516e+05  4.60729861e+01  1.07977516e+05  1.79792459e+02 
 1.16591440e+05  4.60742581e+01  1.16591440e+05  1.79775848e+02 
 1.25892541e+05  4.60757412e+01  1.25892541e+05  1.79757899e+02 
 1.35935639e+05  4.60774705e+01  1.35935639e+05  1.79738500e+02 
 1.46779927e+05  4.60794875e+01  1.46779927e+05  1.79717531e+02 
 1.58489319e+05  4.60818393e+01  1.58489319e+05  1.79694862e+02 
 1.71132830e+05  4.60845824e+01  1.71132830e+05  1.79670349e+02 
 1.84784980e+05  4.60877812e+01  1.84784980e+05  1.79643836e+02 
 1.99526231e+05  4.60915129e+01  1.99526231e+05  1.79615153e+02 
 2.15443469e+05  4.60958651e+01  2.15443469e+05  1.79584111e+02 
 2.32630507e+05  4.61009426e+01  2.32630507e+05  1.79550504e+02 
 2.51188643e+05  4.61068658e+01  2.51188643e+05  1.79514103e+02 
 2.71227258e+05  4.61137766e+01  2.71227258e+05  1.79474658e+02 
 2.92864456e+05  4.61218409e+01  2.92864456e+05  1.79431888e+02 
 3.16227766e+05  4.61312535e+01  3.16227766e+05  1.79385481e+02 
 3.41454887e+05  4.61422372e+01  3.41454887e+05  1.79335087e+02 
 3.68694506e+05  4.61550623e+01  3.68694506e+05  1.79280314e+02 
 3.98107171e+05  4.61700393e+01  3.98107171e+05  1.79220716e+02 
 4.29866235e+05  4.61875315e+01  4.29866235e+05  1.79155788e+02 
 4.64158883e+05  4.62079702e+01  4.64158883e+05  1.79084950e+02 
 5.01187234e+05  4.62318572e+01  5.01187234e+05  1.79007534e+02 
 5.41169527e+05  4.62597894e+01  5.41169527e+05  1.78922766e+02 
 5.84341413e+05  4.62924660e+01  5.84341413e+05  1.78829737e+02 
 6.30957344e+05  4.63307111e+01  6.30957344e+05  1.78727378e+02 
 6.81292069e+05  4.63755130e+01  6.81292069e+05  1.78614414e+02 
 7.35642254e+05  4.64280278e+01  7.35642254e+05  1.78489315e+02 
 7.94328235e+05  4.64896502e+01  7.94328235e+05  1.78350221e+02 
 8.57695899e+05  4.65620267e+01  8.57695899e+05  1.78194858e+02 
 9.26118728e+05  4.66471516e+01  9.26118728e+05  1.78020405e+02 
 1.00000000e+06  4.67474291e+01  1.00000000e+06  1.77823326e+02 
 1.07977516e+06  4.68657618e+01  1.07977516e+06  1.77599130e+02 
 1.16591440e+06  4.70057119e+01  1.16591440e+06  1.77342044e+02 
 1.25892541e+06  4.71716669e+01  1.25892541e+06  1.77044527e+02 
 1.35935639e+06  4.73690547e+01  1.35935639e+06  1.76696555e+02 
 1.46779927e+06  4.76047072e+01  1.46779927e+06  1.76284578e+02 
 1.58489319e+06  4.78873793e+01  1.58489319e+06  1.75789835e+02 
 1.71132830e+06  4.82282693e+01  1.71132830e+06  1.75185776e+02 
 1.84784980e+06  4.86423434e+01  1.84784980e+06  1.74433521e+02 
 1.99526231e+06  4.91494266e+01  1.99526231e+06  1.73474414e+02 
 2.15443469e+06  4.97773608e+01  2.15443469e+06  1.72215391e+02 
 2.32630507e+06  5.05655174e+01  2.32630507e+06  1.70501328e+02 
 2.51188643e+06  5.15718263e+01  2.51188643e+06  1.68054562e+02 
 2.71227258e+06  5.28844619e+01  2.71227258e+06  1.64331689e+02 
 2.92864456e+06  5.46356664e+01  2.92864456e+06  1.58139133e+02 
 3.16227766e+06  5.69769143e+01  3.16227766e+06  1.46482574e+02 
 3.41454887e+06  5.96015117e+01  3.41454887e+06  1.21732992e+02 
 3.68694506e+06  5.96926988e+01  3.68694506e+06  7.97535611e+01 
 3.98107171e+06  5.60851605e+01  3.98107171e+06  4.84219243e+01 
 4.29866235e+06  5.22060678e+01  4.29866235e+06  3.36717445e+01 
 4.64158883e+06  4.89267133e+01  4.64158883e+06  2.62956055e+01 
 5.01187234e+06  4.61384724e+01  5.01187234e+06  2.21407701e+01 
 5.41169527e+06  4.36939571e+01  5.41169527e+06  1.96107147e+01 
 5.84341413e+06  4.14912116e+01  5.84341413e+06  1.80120558e+01 
 6.30957344e+06  3.94636097e+01  6.30957344e+06  1.70029959e+01 
 6.81292069e+06  3.75657675e+01  6.81292069e+06  1.64001770e+01 
 7.35642254e+06  3.57665253e+01  7.35642254e+06  1.60983469e+01 
 7.94328235e+06  3.40423434e+01  7.94328235e+06  1.60350936e+01 
 8.57695899e+06  3.23776004e+01  8.57695899e+06  1.61683323e+01 
 9.26118728e+06  3.07574389e+01  9.26118728e+06  1.64764395e+01 
 1.00000000e+07  2.91719383e+01  1.00000000e+07  1.69480958e+01 
 1.07977516e+07  2.76153973e+01  1.07977516e+07  1.75696886e+01 
 1.16591440e+07  2.60776579e+01  1.16591440e+07  1.83527229e+01 
 1.25892541e+07  2.45517898e+01  1.25892541e+07  1.92928542e+01 
 1.35935639e+07  2.30351927e+01  1.35935639e+07  2.04007726e+01 
 1.46779927e+07  2.15232004e+01  1.46779927e+07  2.16908356e+01 
 1.58489319e+07  2.00074346e+01  1.58489319e+07  2.31931780e+01 
 1.71132830e+07  1.84896481e+01  1.71132830e+07  2.49441800e+01 
 1.84784980e+07  1.69595723e+01  1.84784980e+07  2.69402256e+01 
 1.99526231e+07  1.54163599e+01  1.99526231e+07  2.92877060e+01 
 2.15443469e+07  1.38485505e+01  2.15443469e+07  3.19902646e+01 
 2.32630507e+07  1.22725672e+01  2.32630507e+07  3.51969793e+01 
 2.51188643e+07  1.06705552e+01  2.51188643e+07  3.89157294e+01 
 2.71227258e+07  9.04797798e+00  2.71227258e+07  4.34029840e+01 
 2.92864456e+07  7.41615611e+00  2.92864456e+07  4.87121663e+01 
 3.16227766e+07  5.80383028e+00  3.16227766e+07  5.52490771e+01 
 3.41454887e+07  4.23144978e+00  3.41454887e+07  6.28993303e+01 
 3.68694506e+07  2.76943044e+00  3.68694506e+07  7.24186014e+01 
 3.98107171e+07  1.52711686e+00  3.98107171e+07  8.30404021e+01 
 4.29866235e+07  5.71707810e-01  4.29866235e+07  9.50579765e+01 
 4.64158883e+07  4.11139281e-02  4.64158883e+07  1.07543212e+02 
 5.01187234e+07 -2.77690417e-01  5.01187234e+07  1.19778938e+02 
 5.41169527e+07 -1.61457224e-01  5.41169527e+07  1.29477182e+02 
 5.84341413e+07  6.58479171e-02  5.84341413e+07  1.38846223e+02 
 6.30957344e+07  4.04219743e-01  6.30957344e+07  1.46743870e+02 
 6.81292069e+07  8.73630379e-01  6.81292069e+07  1.52983764e+02 
 7.35642254e+07  1.19089325e+00  7.35642254e+07  1.58280386e+02 
 7.94328235e+07  1.53236737e+00  7.94328235e+07  1.62953640e+02 
 8.57695899e+07  1.87120253e+00  8.57695899e+07  1.67730115e+02 
 9.26118728e+07  2.24264459e+00  9.26118728e+07  1.71218996e+02 
 1.00000000e+08  2.66358153e+00  1.00000000e+08  1.74399242e+02 
 1.07977516e+08  2.90268494e+00  1.07977516e+08  1.77308799e+02 
 1.16591440e+08  3.24417858e+00  1.16591440e+08  1.79808748e+02 
 1.25892541e+08  3.58077156e+00  1.25892541e+08  1.82026979e+02 
 1.35935639e+08  3.87293701e+00  1.35935639e+08  1.84211648e+02 
 1.46779927e+08  4.23496168e+00  1.46779927e+08  1.86026283e+02 
 1.58489319e+08  4.64497010e+00  1.58489319e+08  1.87203754e+02 
 1.71132830e+08  4.87995677e+00  1.71132830e+08  1.88499412e+02 
 1.84784980e+08  5.56337840e+00  1.84784980e+08  1.89075645e+02 
 1.99526231e+08  5.69546865e+00  1.99526231e+08  1.89826729e+02 
 2.15443469e+08  5.98057326e+00  2.15443469e+08  1.90034812e+02 
 2.32630507e+08  6.05664024e+00  2.32630507e+08  1.89739502e+02 
 2.51188643e+08  6.28071319e+00  2.51188643e+08  1.90015543e+02 
 2.71227258e+08  7.24153022e+00  2.71227258e+08  1.88905237e+02 
 2.92864456e+08  6.73226927e+00  2.92864456e+08  1.88558762e+02 
 3.16227766e+08  6.21976089e+00  3.16227766e+08  1.87833342e+02 
 3.41454887e+08  8.20037960e+00  3.41454887e+08  1.86831763e+02 
 3.68694506e+08  7.98805590e+00  3.68694506e+08  1.86141781e+02 
 3.98107171e+08  6.73809970e+00  3.98107171e+08  1.85173148e+02 
 4.29866235e+08  6.62033421e+00  4.29866235e+08  1.84669861e+02 
 4.64158883e+08  8.23178986e+00  4.64158883e+08  1.83771768e+02 
 5.01187234e+08  6.90507279e+00  5.01187234e+08  1.83194055e+02 
 5.41169527e+08  7.49958976e+00  5.41169527e+08  1.82875917e+02 
 5.84341413e+08  6.19117726e+00  5.84341413e+08  1.82425365e+02 
 6.30957344e+08  7.33884768e+00  6.30957344e+08  1.82119745e+02 
 6.81292069e+08  3.48120668e+00  6.81292069e+08  1.81306045e+02 
 7.35642254e+08  8.14520844e+00  7.35642254e+08  1.81555357e+02 
 7.94328235e+08  1.28007309e+01  7.94328235e+08  1.81667833e+02 
 8.57695899e+08  5.44396092e+00  8.57695899e+08  1.80720857e+02 
 9.26118728e+08  4.09978333e+00  9.26118728e+08  1.81395959e+02 
 1.00000000e+09  5.75975896e+01  1.00000000e+09  2.71632498e+02 
