 1.00000000e+00  4.72583515e+01  1.00000000e+00  1.79999997e+02 
 1.07977516e+00  4.72583515e+01  1.07977516e+00  1.79999997e+02 
 1.16591440e+00  4.72583515e+01  1.16591440e+00  1.79999997e+02 
 1.25892541e+00  4.72583515e+01  1.25892541e+00  1.79999996e+02 
 1.35935639e+00  4.72583515e+01  1.35935639e+00  1.79999996e+02 
 1.46779927e+00  4.72583515e+01  1.46779927e+00  1.79999996e+02 
 1.58489319e+00  4.72583515e+01  1.58489319e+00  1.79999995e+02 
 1.71132830e+00  4.72583515e+01  1.71132830e+00  1.79999995e+02 
 1.84784980e+00  4.72583515e+01  1.84784980e+00  1.79999995e+02 
 1.99526231e+00  4.72583515e+01  1.99526231e+00  1.79999994e+02 
 2.15443469e+00  4.72583515e+01  2.15443469e+00  1.79999994e+02 
 2.32630507e+00  4.72583515e+01  2.32630507e+00  1.79999993e+02 
 2.51188643e+00  4.72583515e+01  2.51188643e+00  1.79999993e+02 
 2.71227258e+00  4.72583515e+01  2.71227258e+00  1.79999992e+02 
 2.92864456e+00  4.72583515e+01  2.92864456e+00  1.79999991e+02 
 3.16227766e+00  4.72583515e+01  3.16227766e+00  1.79999991e+02 
 3.41454887e+00  4.72583515e+01  3.41454887e+00  1.79999990e+02 
 3.68694506e+00  4.72583515e+01  3.68694506e+00  1.79999989e+02 
 3.98107171e+00  4.72583515e+01  3.98107171e+00  1.79999988e+02 
 4.29866235e+00  4.72583515e+01  4.29866235e+00  1.79999988e+02 
 4.64158883e+00  4.72583515e+01  4.64158883e+00  1.79999987e+02 
 5.01187234e+00  4.72583515e+01  5.01187234e+00  1.79999985e+02 
 5.41169527e+00  4.72583515e+01  5.41169527e+00  1.79999984e+02 
 5.84341413e+00  4.72583515e+01  5.84341413e+00  1.79999983e+02 
 6.30957344e+00  4.72583515e+01  6.30957344e+00  1.79999982e+02 
 6.81292069e+00  4.72583515e+01  6.81292069e+00  1.79999980e+02 
 7.35642254e+00  4.72583515e+01  7.35642254e+00  1.79999979e+02 
 7.94328235e+00  4.72583515e+01  7.94328235e+00  1.79999977e+02 
 8.57695899e+00  4.72583515e+01  8.57695899e+00  1.79999975e+02 
 9.26118728e+00  4.72583515e+01  9.26118728e+00  1.79999973e+02 
 1.00000000e+01  4.72583515e+01  1.00000000e+01  1.79999971e+02 
 1.07977516e+01  4.72583515e+01  1.07977516e+01  1.79999969e+02 
 1.16591440e+01  4.72583515e+01  1.16591440e+01  1.79999966e+02 
 1.25892541e+01  4.72583515e+01  1.25892541e+01  1.79999963e+02 
 1.35935639e+01  4.72583515e+01  1.35935639e+01  1.79999961e+02 
 1.46779927e+01  4.72583515e+01  1.46779927e+01  1.79999957e+02 
 1.58489319e+01  4.72583515e+01  1.58489319e+01  1.79999954e+02 
 1.71132830e+01  4.72583515e+01  1.71132830e+01  1.79999950e+02 
 1.84784980e+01  4.72583515e+01  1.84784980e+01  1.79999946e+02 
 1.99526231e+01  4.72583515e+01  1.99526231e+01  1.79999942e+02 
 2.15443469e+01  4.72583515e+01  2.15443469e+01  1.79999937e+02 
 2.32630507e+01  4.72583515e+01  2.32630507e+01  1.79999932e+02 
 2.51188643e+01  4.72583515e+01  2.51188643e+01  1.79999927e+02 
 2.71227258e+01  4.72583515e+01  2.71227258e+01  1.79999921e+02 
 2.92864456e+01  4.72583515e+01  2.92864456e+01  1.79999915e+02 
 3.16227766e+01  4.72583515e+01  3.16227766e+01  1.79999908e+02 
 3.41454887e+01  4.72583515e+01  3.41454887e+01  1.79999901e+02 
 3.68694506e+01  4.72583515e+01  3.68694506e+01  1.79999893e+02 
 3.98107171e+01  4.72583515e+01  3.98107171e+01  1.79999884e+02 
 4.29866235e+01  4.72583515e+01  4.29866235e+01  1.79999875e+02 
 4.64158883e+01  4.72583515e+01  4.64158883e+01  1.79999865e+02 
 5.01187234e+01  4.72583515e+01  5.01187234e+01  1.79999854e+02 
 5.41169527e+01  4.72583515e+01  5.41169527e+01  1.79999843e+02 
 5.84341413e+01  4.72583515e+01  5.84341413e+01  1.79999830e+02 
 6.30957344e+01  4.72583515e+01  6.30957344e+01  1.79999817e+02 
 6.81292069e+01  4.72583515e+01  6.81292069e+01  1.79999802e+02 
 7.35642254e+01  4.72583515e+01  7.35642254e+01  1.79999786e+02 
 7.94328235e+01  4.72583515e+01  7.94328235e+01  1.79999769e+02 
 8.57695899e+01  4.72583515e+01  8.57695899e+01  1.79999751e+02 
 9.26118728e+01  4.72583515e+01  9.26118728e+01  1.79999731e+02 
 1.00000000e+02  4.72583515e+01  1.00000000e+02  1.79999709e+02 
 1.07977516e+02  4.72583515e+01  1.07977516e+02  1.79999686e+02 
 1.16591440e+02  4.72583516e+01  1.16591440e+02  1.79999661e+02 
 1.25892541e+02  4.72583516e+01  1.25892541e+02  1.79999634e+02 
 1.35935639e+02  4.72583516e+01  1.35935639e+02  1.79999605e+02 
 1.46779927e+02  4.72583516e+01  1.46779927e+02  1.79999574e+02 
 1.58489319e+02  4.72583516e+01  1.58489319e+02  1.79999540e+02 
 1.71132830e+02  4.72583516e+01  1.71132830e+02  1.79999503e+02 
 1.84784980e+02  4.72583516e+01  1.84784980e+02  1.79999463e+02 
 1.99526231e+02  4.72583516e+01  1.99526231e+02  1.79999420e+02 
 2.15443469e+02  4.72583516e+01  2.15443469e+02  1.79999374e+02 
 2.32630507e+02  4.72583516e+01  2.32630507e+02  1.79999324e+02 
 2.51188643e+02  4.72583516e+01  2.51188643e+02  1.79999270e+02 
 2.71227258e+02  4.72583516e+01  2.71227258e+02  1.79999212e+02 
 2.92864456e+02  4.72583516e+01  2.92864456e+02  1.79999149e+02 
 3.16227766e+02  4.72583516e+01  3.16227766e+02  1.79999081e+02 
 3.41454887e+02  4.72583516e+01  3.41454887e+02  1.79999008e+02 
 3.68694506e+02  4.72583516e+01  3.68694506e+02  1.79998929e+02 
 3.98107171e+02  4.72583517e+01  3.98107171e+02  1.79998843e+02 
 4.29866235e+02  4.72583517e+01  4.29866235e+02  1.79998751e+02 
 4.64158883e+02  4.72583517e+01  4.64158883e+02  1.79998651e+02 
 5.01187234e+02  4.72583517e+01  5.01187234e+02  1.79998544e+02 
 5.41169527e+02  4.72583518e+01  5.41169527e+02  1.79998428e+02 
 5.84341413e+02  4.72583518e+01  5.84341413e+02  1.79998302e+02 
 6.30957344e+02  4.72583519e+01  6.30957344e+02  1.79998167e+02 
 6.81292069e+02  4.72583519e+01  6.81292069e+02  1.79998021e+02 
 7.35642254e+02  4.72583520e+01  7.35642254e+02  1.79997863e+02 
 7.94328235e+02  4.72583520e+01  7.94328235e+02  1.79997692e+02 
 8.57695899e+02  4.72583521e+01  8.57695899e+02  1.79997508e+02 
 9.26118728e+02  4.72583522e+01  9.26118728e+02  1.79997309e+02 
 1.00000000e+03  4.72583523e+01  1.00000000e+03  1.79997095e+02 
 1.07977516e+03  4.72583525e+01  1.07977516e+03  1.79996863e+02 
 1.16591440e+03  4.72583526e+01  1.16591440e+03  1.79996612e+02 
 1.25892541e+03  4.72583528e+01  1.25892541e+03  1.79996342e+02 
 1.35935639e+03  4.72583530e+01  1.35935639e+03  1.79996050e+02 
 1.46779927e+03  4.72583533e+01  1.46779927e+03  1.79995735e+02 
 1.58489319e+03  4.72583535e+01  1.58489319e+03  1.79995395e+02 
 1.71132830e+03  4.72583539e+01  1.71132830e+03  1.79995028e+02 
 1.84784980e+03  4.72583543e+01  1.84784980e+03  1.79994631e+02 
 1.99526231e+03  4.72583547e+01  1.99526231e+03  1.79994203e+02 
 2.15443469e+03  4.72583552e+01  2.15443469e+03  1.79993740e+02 
 2.32630507e+03  4.72583558e+01  2.32630507e+03  1.79993241e+02 
 2.51188643e+03  4.72583566e+01  2.51188643e+03  1.79992702e+02 
 2.71227258e+03  4.72583574e+01  2.71227258e+03  1.79992120e+02 
 2.92864456e+03  4.72583584e+01  2.92864456e+03  1.79991491e+02 
 3.16227766e+03  4.72583595e+01  3.16227766e+03  1.79990812e+02 
 3.41454887e+03  4.72583608e+01  3.41454887e+03  1.79990079e+02 
 3.68694506e+03  4.72583624e+01  3.68694506e+03  1.79989288e+02 
 3.98107171e+03  4.72583642e+01  3.98107171e+03  1.79988433e+02 
 4.29866235e+03  4.72583662e+01  4.29866235e+03  1.79987510e+02 
 4.64158883e+03  4.72583687e+01  4.64158883e+03  1.79986514e+02 
 5.01187234e+03  4.72583715e+01  5.01187234e+03  1.79985438e+02 
 5.41169527e+03  4.72583749e+01  5.41169527e+03  1.79984276e+02 
 5.84341413e+03  4.72583787e+01  5.84341413e+03  1.79983022e+02 
 6.30957344e+03  4.72583832e+01  6.30957344e+03  1.79981668e+02 
 6.81292069e+03  4.72583885e+01  6.81292069e+03  1.79980205e+02 
 7.35642254e+03  4.72583946e+01  7.35642254e+03  1.79978626e+02 
 7.94328235e+03  4.72584018e+01  7.94328235e+03  1.79976921e+02 
 8.57695899e+03  4.72584101e+01  8.57695899e+03  1.79975080e+02 
 9.26118728e+03  4.72584198e+01  9.26118728e+03  1.79973092e+02 
 1.00000000e+04  4.72584311e+01  1.00000000e+04  1.79970945e+02 
 1.07977516e+04  4.72584443e+01  1.07977516e+04  1.79968627e+02 
 1.16591440e+04  4.72584597e+01  1.16591440e+04  1.79966124e+02 
 1.25892541e+04  4.72584777e+01  1.25892541e+04  1.79963421e+02 
 1.35935639e+04  4.72584986e+01  1.35935639e+04  1.79960503e+02 
 1.46779927e+04  4.72585230e+01  1.46779927e+04  1.79957352e+02 
 1.58489319e+04  4.72585515e+01  1.58489319e+04  1.79953950e+02 
 1.71132830e+04  4.72585847e+01  1.71132830e+04  1.79950276e+02 
 1.84784980e+04  4.72586234e+01  1.84784980e+04  1.79946309e+02 
 1.99526231e+04  4.72586684e+01  1.99526231e+04  1.79942025e+02 
 2.15443469e+04  4.72587210e+01  2.15443469e+04  1.79937400e+02 
 2.32630507e+04  4.72587823e+01  2.32630507e+04  1.79932405e+02 
 2.51188643e+04  4.72588538e+01  2.51188643e+04  1.79927012e+02 
 2.71227258e+04  4.72589371e+01  2.71227258e+04  1.79921188e+02 
 2.92864456e+04  4.72590343e+01  2.92864456e+04  1.79914899e+02 
 3.16227766e+04  4.72591476e+01  3.16227766e+04  1.79908109e+02 
 3.41454887e+04  4.72592797e+01  3.41454887e+04  1.79900776e+02 
 3.68694506e+04  4.72594337e+01  3.68694506e+04  1.79892858e+02 
 3.98107171e+04  4.72596132e+01  3.98107171e+04  1.79884307e+02 
 4.29866235e+04  4.72598226e+01  4.29866235e+04  1.79875073e+02 
 4.64158883e+04  4.72600667e+01  4.64158883e+04  1.79865102e+02 
 5.01187234e+04  4.72603513e+01  5.01187234e+04  1.79854334e+02 
 5.41169527e+04  4.72606831e+01  5.41169527e+04  1.79842705e+02 
 5.84341413e+04  4.72610700e+01  5.84341413e+04  1.79830146e+02 
 6.30957344e+04  4.72615211e+01  6.30957344e+04  1.79816582e+02 
 6.81292069e+04  4.72620471e+01  6.81292069e+04  1.79801933e+02 
 7.35642254e+04  4.72626604e+01  7.35642254e+04  1.79786110e+02 
 7.94328235e+04  4.72633755e+01  7.94328235e+04  1.79769020e+02 
 8.57695899e+04  4.72642092e+01  8.57695899e+04  1.79750560e+02 
 9.26118728e+04  4.72651815e+01  9.26118728e+04  1.79730618e+02 
 1.00000000e+05  4.72663153e+01  1.00000000e+05  1.79709074e+02 
 1.07977516e+05  4.72676372e+01  1.07977516e+05  1.79685798e+02 
 1.16591440e+05  4.72691787e+01  1.16591440e+05  1.79660647e+02 
 1.25892541e+05  4.72709761e+01  1.25892541e+05  1.79633467e+02 
 1.35935639e+05  4.72730725e+01  1.35935639e+05  1.79604091e+02 
 1.46779927e+05  4.72755174e+01  1.46779927e+05  1.79572337e+02 
 1.58489319e+05  4.72783685e+01  1.58489319e+05  1.79538005e+02 
 1.71132830e+05  4.72816941e+01  1.71132830e+05  1.79500878e+02 
 1.84784980e+05  4.72855726e+01  1.84784980e+05  1.79460719e+02 
 1.99526231e+05  4.72900969e+01  1.99526231e+05  1.79417268e+02 
 2.15443469e+05  4.72953746e+01  2.15443469e+05  1.79370238e+02 
 2.32630507e+05  4.73015315e+01  2.32630507e+05  1.79319315e+02 
 2.51188643e+05  4.73087155e+01  2.51188643e+05  1.79264152e+02 
 2.71227258e+05  4.73170990e+01  2.71227258e+05  1.79204362e+02 
 2.92864456e+05  4.73268824e+01  2.92864456e+05  1.79139519e+02 
 3.16227766e+05  4.73383023e+01  3.16227766e+05  1.79069144e+02 
 3.41454887e+05  4.73516358e+01  3.41454887e+05  1.78992700e+02 
 3.68694506e+05  4.73672049e+01  3.68694506e+05  1.78909583e+02 
 3.98107171e+05  4.73853918e+01  3.98107171e+05  1.78819108e+02 
 4.29866235e+05  4.74066418e+01  4.29866235e+05  1.78720492e+02 
 4.64158883e+05  4.74314777e+01  4.64158883e+05  1.78612837e+02 
 5.01187234e+05  4.74605249e+01  5.01187234e+05  1.78495106e+02 
 5.41169527e+05  4.74945013e+01  5.41169527e+05  1.78366087e+02 
 5.84341413e+05  4.75342782e+01  5.84341413e+05  1.78224359e+02 
 6.30957344e+05  4.75808750e+01  6.30957344e+05  1.78068235e+02 
 6.81292069e+05  4.76355009e+01  6.81292069e+05  1.77895697e+02 
 7.35642254e+05  4.76996062e+01  7.35642254e+05  1.77704303e+02 
 7.94328235e+05  4.77749108e+01  7.94328235e+05  1.77491075e+02 
 8.57695899e+05  4.78635038e+01  8.57695899e+05  1.77252328e+02 
 9.26118728e+05  4.79678781e+01  9.26118728e+05  1.76983454e+02 
 1.00000000e+06  4.80910753e+01  1.00000000e+06  1.76678618e+02 
 1.07977516e+06  4.82368139e+01  1.07977516e+06  1.76330319e+02 
 1.16591440e+06  4.84096621e+01  1.16591440e+06  1.75928756e+02 
 1.25892541e+06  4.86153422e+01  1.25892541e+06  1.75460930e+02 
 1.35935639e+06  4.88609978e+01  1.35935639e+06  1.74909201e+02 
 1.46779927e+06  4.91557450e+01  1.46779927e+06  1.74249161e+02 
 1.58489319e+06  4.95113942e+01  1.58489319e+06  1.73446062e+02 
 1.71132830e+06  4.99434334e+01  1.71132830e+06  1.72448963e+02 
 1.84784980e+06  5.04727142e+01  1.84784980e+06  1.71180340e+02 
 1.99526231e+06  5.11278910e+01  1.99526231e+06  1.69516858e+02 
 2.15443469e+06  5.19491836e+01  2.15443469e+06  1.67251164e+02 
 2.32630507e+06  5.29941543e+01  2.32630507e+06  1.64009830e+02 
 2.51188643e+06  5.43440558e+01  2.51188643e+06  1.59061481e+02 
 2.71227258e+06  5.60972405e+01  2.71227258e+06  1.50826771e+02 
 2.92864456e+06  5.82461050e+01  2.92864456e+06  1.35674677e+02 
 3.16227766e+06  5.99376518e+01  3.16227766e+06  1.07355844e+02 
 3.41454887e+06  5.88056368e+01  3.41454887e+06  7.11740651e+01 
 3.68694506e+06  5.54523491e+01  3.68694506e+06  4.69329275e+01 
 3.98107171e+06  5.20421738e+01  3.98107171e+06  3.42812868e+01 
 4.29866235e+06  4.90610243e+01  4.29866235e+06  2.73147248e+01 
 4.64158883e+06  4.64560381e+01  4.64158883e+06  2.31253000e+01 
 5.01187234e+06  4.41312476e+01  5.01187234e+06  2.04418622e+01 
 5.41169527e+06  4.20107637e+01  5.41169527e+06  1.86617720e+01 
 5.84341413e+06  4.00417184e+01  5.84341413e+06  1.74703132e+01 
 6.30957344e+06  3.81882420e+01  6.30957344e+06  1.66912656e+01 
 6.81292069e+06  3.64222391e+01  6.81292069e+06  1.62200141e+01 
 7.35642254e+06  3.47249961e+01  7.35642254e+06  1.59902374e+01 
 7.94328235e+06  3.30806910e+01  7.94328235e+06  1.59627539e+01 
 8.57695899e+06  3.14784703e+01  8.57695899e+06  1.61130484e+01 
 9.26118728e+06  2.99086942e+01  9.26118728e+06  1.64180343e+01 
 1.00000000e+07  2.83627101e+01  1.00000000e+07  1.68800451e+01 
 1.07977516e+07  2.68344410e+01  1.07977516e+07  1.74877372e+01 
 1.16591440e+07  2.53196133e+01  1.16591440e+07  1.82448309e+01 
 1.25892541e+07  2.38113579e+01  1.25892541e+07  1.91585750e+01 
 1.35935639e+07  2.23063931e+01  1.35935639e+07  2.02546581e+01 
 1.46779927e+07  2.07979462e+01  1.46779927e+07  2.15308953e+01 
 1.58489319e+07  1.92815374e+01  1.58489319e+07  2.30134148e+01 
 1.71132830e+07  1.77576650e+01  1.71132830e+07  2.47389859e+01 
 1.84784980e+07  1.62170818e+01  1.84784980e+07  2.67655062e+01 
 1.99526231e+07  1.46550548e+01  1.99526231e+07  2.91158361e+01 
 2.15443469e+07  1.30699126e+01  2.15443469e+07  3.18681343e+01 
 2.32630507e+07  1.14571168e+01  2.32630507e+07  3.51360109e+01 
 2.51188643e+07  9.82248966e+00  2.51188643e+07  3.90356519e+01 
 2.71227258e+07  8.16127573e+00  2.71227258e+07  4.36969540e+01 
 2.92864456e+07  6.48016819e+00  2.92864456e+07  4.94584938e+01 
 3.16227766e+07  4.79504040e+00  3.16227766e+07  5.63852134e+01 
 3.41454887e+07  3.20065284e+00  3.41454887e+07  6.49130134e+01 
 3.68694506e+07  1.72863589e+00  3.68694506e+07  7.52186114e+01 
 3.98107171e+07  5.24646051e-01  3.98107171e+07  8.73048832e+01 
 4.29866235e+07 -2.52523911e-01  4.29866235e+07  9.99489241e+01 
 4.64158883e+07 -7.02676544e-01  4.64158883e+07  1.13195749e+02 
 5.01187234e+07 -6.47092064e-01  5.01187234e+07  1.25227571e+02 
 5.41169527e+07 -4.65011844e-01  5.41169527e+07  1.35215879e+02 
 5.84341413e+07 -1.51039041e-01  5.84341413e+07  1.44209838e+02 
 6.30957344e+07  2.46306772e-01  6.30957344e+07  1.51482878e+02 
 6.81292069e+07  6.93831294e-01  6.81292069e+07  1.57202611e+02 
 7.35642254e+07  1.19862043e+00  7.35642254e+07  1.62565649e+02 
 7.94328235e+07  1.54920230e+00  7.94328235e+07  1.66810305e+02 
 8.57695899e+07  1.94551978e+00  8.57695899e+07  1.70438110e+02 
 9.26118728e+07  2.34853775e+00  9.26118728e+07  1.73653357e+02 
 1.00000000e+08  2.74203795e+00  1.00000000e+08  1.76685610e+02 
 1.07977516e+08  2.93844730e+00  1.07977516e+08  1.79391661e+02 
 1.16591440e+08  3.33366718e+00  1.16591440e+08  1.81728523e+02 
 1.25892541e+08  3.62578474e+00  1.25892541e+08  1.84026770e+02 
 1.35935639e+08  4.01463786e+00  1.35935639e+08  1.85715588e+02 
 1.46779927e+08  4.33301865e+00  1.46779927e+08  1.87195690e+02 
 1.58489319e+08  4.52003545e+00  1.58489319e+08  1.88450934e+02 
 1.71132830e+08  4.88632878e+00  1.71132830e+08  1.89497084e+02 
 1.84784980e+08  5.73892341e+00  1.84784980e+08  1.90120468e+02 
 1.99526231e+08  5.83154038e+00  1.99526231e+08  1.90464513e+02 
 2.15443469e+08  6.06446087e+00  2.15443469e+08  1.90411472e+02 
 2.32630507e+08  6.47568443e+00  2.32630507e+08  1.90246203e+02 
 2.51188643e+08  6.68001945e+00  2.51188643e+08  1.89476599e+02 
 2.71227258e+08  6.55405297e+00  2.71227258e+08  1.89300744e+02 
 2.92864456e+08  6.49864394e+00  2.92864456e+08  1.88487813e+02 
 3.16227766e+08  6.55032017e+00  3.16227766e+08  1.87657465e+02 
 3.41454887e+08  7.61922142e+00  3.41454887e+08  1.86627012e+02 
 3.68694506e+08  7.27145317e+00  3.68694506e+08  1.85711164e+02 
 3.98107171e+08  7.02489231e+00  3.98107171e+08  1.84978462e+02 
 4.29866235e+08  5.72302453e+00  4.29866235e+08  1.84241925e+02 
 4.64158883e+08  5.57466008e+00  4.64158883e+08  1.83435493e+02 
 5.01187234e+08  7.15625133e+00  5.01187234e+08  1.82984572e+02 
 5.41169527e+08  7.76462057e+00  5.41169527e+08  1.82569762e+02 
 5.84341413e+08  8.90148981e+00  5.84341413e+08  1.81976751e+02 
 6.30957344e+08  5.07672847e+00  6.30957344e+08  1.81404555e+02 
 6.81292069e+08  3.71624347e+00  6.81292069e+08  1.81274867e+02 
 7.35642254e+08  8.36777598e+00  7.35642254e+08  1.81643757e+02 
 7.94328235e+08  7.00907866e+00  7.94328235e+08  1.81021729e+02 
 8.57695899e+08  1.16848865e+01  8.57695899e+08  1.81581119e+02 
 9.26118728e+08  4.31449894e+00  9.26118728e+08  1.80557261e+02 
 1.00000000e+09  8.98643090e+00  1.00000000e+09  1.80886372e+02 
