 1.00000000e+00  8.78009203e+01  1.00000000e+00 -1.79997488e+02 
 1.07977516e+00  8.78009203e+01  1.07977516e+00 -1.79997288e+02 
 1.16591440e+00  8.78009203e+01  1.16591440e+00 -1.79997072e+02 
 1.25892541e+00  8.78009203e+01  1.25892541e+00 -1.79996838e+02 
 1.35935639e+00  8.78009203e+01  1.35935639e+00 -1.79996586e+02 
 1.46779927e+00  8.78009203e+01  1.46779927e+00 -1.79996313e+02 
 1.58489319e+00  8.78009203e+01  1.58489319e+00 -1.79996019e+02 
 1.71132830e+00  8.78009203e+01  1.71132830e+00 -1.79995702e+02 
 1.84784980e+00  8.78009203e+01  1.84784980e+00 -1.79995359e+02 
 1.99526231e+00  8.78009203e+01  1.99526231e+00 -1.79994988e+02 
 2.15443469e+00  8.78009203e+01  2.15443469e+00 -1.79994589e+02 
 2.32630507e+00  8.78009203e+01  2.32630507e+00 -1.79994157e+02 
 2.51188643e+00  8.78009203e+01  2.51188643e+00 -1.79993691e+02 
 2.71227258e+00  8.78009203e+01  2.71227258e+00 -1.79993188e+02 
 2.92864456e+00  8.78009203e+01  2.92864456e+00 -1.79992644e+02 
 3.16227766e+00  8.78009203e+01  3.16227766e+00 -1.79992057e+02 
 3.41454887e+00  8.78009203e+01  3.41454887e+00 -1.79991424e+02 
 3.68694506e+00  8.78009202e+01  3.68694506e+00 -1.79990739e+02 
 3.98107171e+00  8.78009202e+01  3.98107171e+00 -1.79990001e+02 
 4.29866235e+00  8.78009202e+01  4.29866235e+00 -1.79989203e+02 
 4.64158883e+00  8.78009202e+01  4.64158883e+00 -1.79988342e+02 
 5.01187234e+00  8.78009201e+01  5.01187234e+00 -1.79987412e+02 
 5.41169527e+00  8.78009201e+01  5.41169527e+00 -1.79986407e+02 
 5.84341413e+00  8.78009201e+01  5.84341413e+00 -1.79985323e+02 
 6.30957344e+00  8.78009200e+01  6.30957344e+00 -1.79984152e+02 
 6.81292069e+00  8.78009200e+01  6.81292069e+00 -1.79982888e+02 
 7.35642254e+00  8.78009199e+01  7.35642254e+00 -1.79981523e+02 
 7.94328235e+00  8.78009198e+01  7.94328235e+00 -1.79980049e+02 
 8.57695899e+00  8.78009197e+01  8.57695899e+00 -1.79978457e+02 
 9.26118728e+00  8.78009196e+01  9.26118728e+00 -1.79976739e+02 
 1.00000000e+01  8.78009195e+01  1.00000000e+01 -1.79974883e+02 
 1.07977516e+01  8.78009194e+01  1.07977516e+01 -1.79972879e+02 
 1.16591440e+01  8.78009192e+01  1.16591440e+01 -1.79970716e+02 
 1.25892541e+01  8.78009190e+01  1.25892541e+01 -1.79968379e+02 
 1.35935639e+01  8.78009188e+01  1.35935639e+01 -1.79965857e+02 
 1.46779927e+01  8.78009185e+01  1.46779927e+01 -1.79963133e+02 
 1.58489319e+01  8.78009182e+01  1.58489319e+01 -1.79960192e+02 
 1.71132830e+01  8.78009179e+01  1.71132830e+01 -1.79957016e+02 
 1.84784980e+01  8.78009175e+01  1.84784980e+01 -1.79953587e+02 
 1.99526231e+01  8.78009170e+01  1.99526231e+01 -1.79949885e+02 
 2.15443469e+01  8.78009164e+01  2.15443469e+01 -1.79945887e+02 
 2.32630507e+01  8.78009158e+01  2.32630507e+01 -1.79941570e+02 
 2.51188643e+01  8.78009150e+01  2.51188643e+01 -1.79936909e+02 
 2.71227258e+01  8.78009141e+01  2.71227258e+01 -1.79931876e+02 
 2.92864456e+01  8.78009131e+01  2.92864456e+01 -1.79926441e+02 
 3.16227766e+01  8.78009119e+01  3.16227766e+01 -1.79920573e+02 
 3.41454887e+01  8.78009105e+01  3.41454887e+01 -1.79914236e+02 
 3.68694506e+01  8.78009088e+01  3.68694506e+01 -1.79907395e+02 
 3.98107171e+01  8.78009069e+01  3.98107171e+01 -1.79900007e+02 
 4.29866235e+01  8.78009047e+01  4.29866235e+01 -1.79892030e+02 
 4.64158883e+01  8.78009021e+01  4.64158883e+01 -1.79883417e+02 
 5.01187234e+01  8.78008991e+01  5.01187234e+01 -1.79874116e+02 
 5.41169527e+01  8.78008956e+01  5.41169527e+01 -1.79864074e+02 
 5.84341413e+01  8.78008914e+01  5.84341413e+01 -1.79853231e+02 
 6.30957344e+01  8.78008866e+01  6.30957344e+01 -1.79841522e+02 
 6.81292069e+01  8.78008811e+01  6.81292069e+01 -1.79828880e+02 
 7.35642254e+01  8.78008745e+01  7.35642254e+01 -1.79815229e+02 
 7.94328235e+01  8.78008669e+01  7.94328235e+01 -1.79800488e+02 
 8.57695899e+01  8.78008581e+01  8.57695899e+01 -1.79784573e+02 
 9.26118728e+01  8.78008477e+01  9.26118728e+01 -1.79767387e+02 
 1.00000000e+02  8.78008357e+01  1.00000000e+02 -1.79748830e+02 
 1.07977516e+02  8.78008217e+01  1.07977516e+02 -1.79728794e+02 
 1.16591440e+02  8.78008053e+01  1.16591440e+02 -1.79707158e+02 
 1.25892541e+02  8.78007862e+01  1.25892541e+02 -1.79683797e+02 
 1.35935639e+02  8.78007639e+01  1.35935639e+02 -1.79658573e+02 
 1.46779927e+02  8.78007380e+01  1.46779927e+02 -1.79631336e+02 
 1.58489319e+02  8.78007077e+01  1.58489319e+02 -1.79601927e+02 
 1.71132830e+02  8.78006724e+01  1.71132830e+02 -1.79570172e+02 
 1.84784980e+02  8.78006313e+01  1.84784980e+02 -1.79535884e+02 
 1.99526231e+02  8.78005834e+01  1.99526231e+02 -1.79498861e+02 
 2.15443469e+02  8.78005274e+01  2.15443469e+02 -1.79458884e+02 
 2.32630507e+02  8.78004623e+01  2.32630507e+02 -1.79415720e+02 
 2.51188643e+02  8.78003863e+01  2.51188643e+02 -1.79369112e+02 
 2.71227258e+02  8.78002977e+01  2.71227258e+02 -1.79318788e+02 
 2.92864456e+02  8.78001944e+01  2.92864456e+02 -1.79264450e+02 
 3.16227766e+02  8.78000739e+01  3.16227766e+02 -1.79205779e+02 
 3.41454887e+02  8.77999343e+01  3.41454887e+02 -1.79142429e+02 
 3.68694506e+02  8.77997705e+01  3.68694506e+02 -1.79074028e+02 
 3.98107171e+02  8.77995797e+01  3.98107171e+02 -1.79000173e+02 
 4.29866235e+02  8.77993571e+01  4.29866235e+02 -1.78920430e+02 
 4.64158883e+02  8.77990976e+01  4.64158883e+02 -1.78834331e+02 
 5.01187234e+02  8.77987952e+01  5.01187234e+02 -1.78741369e+02 
 5.41169527e+02  8.77984425e+01  5.41169527e+02 -1.78640998e+02 
 5.84341413e+02  8.77980322e+01  5.84341413e+02 -1.78532630e+02 
 6.30957344e+02  8.77975530e+01  6.30957344e+02 -1.78415629e+02 
 6.81292069e+02  8.77969943e+01  6.81292069e+02 -1.78289310e+02 
 7.35642254e+02  8.77963431e+01  7.35642254e+02 -1.78152932e+02 
 7.94328235e+02  8.77955846e+01  7.94328235e+02 -1.78005699e+02 
 8.57695899e+02  8.77946996e+01  8.57695899e+02 -1.77846750e+02 
 9.26118728e+02  8.77936686e+01  9.26118728e+02 -1.77675160e+02 
 1.00000000e+03  8.77924661e+01  1.00000000e+03 -1.77489929e+02 
 1.07977516e+03  8.77910653e+01  1.07977516e+03 -1.77289981e+02 
 1.16591440e+03  8.77894326e+01  1.16591440e+03 -1.77074158e+02 
 1.25892541e+03  8.77875296e+01  1.25892541e+03 -1.76841213e+02 
 1.35935639e+03  8.77853118e+01  1.35935639e+03 -1.76589805e+02 
 1.46779927e+03  8.77827281e+01  1.46779927e+03 -1.76318492e+02 
 1.58489319e+03  8.77797170e+01  1.58489319e+03 -1.76025724e+02 
 1.71132830e+03  8.77762093e+01  1.71132830e+03 -1.75709840e+02 
 1.84784980e+03  8.77721235e+01  1.84784980e+03 -1.75369055e+02 
 1.99526231e+03  8.77673650e+01  1.99526231e+03 -1.75001461e+02 
 2.15443469e+03  8.77618225e+01  2.15443469e+03 -1.74605016e+02 
 2.32630507e+03  8.77553689e+01  2.32630507e+03 -1.74177538e+02 
 2.51188643e+03  8.77478569e+01  2.51188643e+03 -1.73716705e+02 
 2.71227258e+03  8.77391151e+01  2.71227258e+03 -1.73220044e+02 
 2.92864456e+03  8.77289444e+01  2.92864456e+03 -1.72684936e+02 
 3.16227766e+03  8.77171175e+01  3.16227766e+03 -1.72108609e+02 
 3.41454887e+03  8.77033676e+01  3.41454887e+03 -1.71488147e+02 
 3.68694506e+03  8.76873934e+01  3.68694506e+03 -1.70820489e+02 
 3.98107171e+03  8.76688417e+01  3.98107171e+03 -1.70102447e+02 
 4.29866235e+03  8.76473105e+01  4.29866235e+03 -1.69330715e+02 
 4.64158883e+03  8.76223412e+01  4.64158883e+03 -1.68501895e+02 
 5.01187234e+03  8.75934108e+01  5.01187234e+03 -1.67612525e+02 
 5.41169527e+03  8.75599200e+01  5.41169527e+03 -1.66659128e+02 
 5.84341413e+03  8.75211973e+01  5.84341413e+03 -1.65638250e+02 
 6.30957344e+03  8.74764811e+01  6.30957344e+03 -1.64546538e+02 
 6.81292069e+03  8.74249201e+01  6.81292069e+03 -1.63380816e+02 
 7.35642254e+03  8.73655688e+01  7.35642254e+03 -1.62138173e+02 
 7.94328235e+03  8.72973772e+01  7.94328235e+03 -1.60816093e+02 
 8.57695899e+03  8.72192013e+01  8.57695899e+03 -1.59412564e+02 
 9.26118728e+03  8.71297963e+01  9.26118728e+03 -1.57926235e+02 
 1.00000000e+04  8.70278309e+01  1.00000000e+04 -1.56356561e+02 
 1.07977516e+04  8.69118935e+01  1.07977516e+04 -1.54703976e+02 
 1.16591440e+04  8.67805148e+01  1.16591440e+04 -1.52970043e+02 
 1.25892541e+04  8.66321945e+01  1.25892541e+04 -1.51157595e+02 
 1.35935639e+04  8.64654279e+01  1.35935639e+04 -1.49270870e+02 
 1.46779927e+04  8.62787494e+01  1.46779927e+04 -1.47315580e+02 
 1.58489319e+04  8.60707679e+01  1.58489319e+04 -1.45298969e+02 
 1.71132830e+04  8.58402224e+01  1.71132830e+04 -1.43229739e+02 
 1.84784980e+04  8.55860228e+01  1.84784980e+04 -1.41117966e+02 
 1.99526231e+04  8.53072920e+01  1.99526231e+04 -1.38974927e+02 
 2.15443469e+04  8.50034070e+01  2.15443469e+04 -1.36812823e+02 
 2.32630507e+04  8.46740255e+01  2.32630507e+04 -1.34644471e+02 
 2.51188643e+04  8.43190994e+01  2.51188643e+04 -1.32482952e+02 
 2.71227258e+04  8.39388820e+01  2.71227258e+04 -1.30341218e+02 
 2.92864456e+04  8.35339105e+01  2.92864456e+04 -1.28231748e+02 
 3.16227766e+04  8.31049843e+01  3.16227766e+04 -1.26166220e+02 
 3.41454887e+04  8.26531327e+01  3.41454887e+04 -1.24155205e+02 
 3.68694506e+04  8.21795688e+01  3.68694506e+04 -1.22207986e+02 
 3.98107171e+04  8.16856451e+01  3.98107171e+04 -1.20332436e+02 
 4.29866235e+04  8.11728088e+01  4.29866235e+04 -1.18534925e+02 
 4.64158883e+04  8.06425546e+01  4.64158883e+04 -1.16820377e+02 
 5.01187234e+04  8.00963882e+01  5.01187234e+04 -1.15192304e+02 
 5.41169527e+04  7.95357897e+01  5.41169527e+04 -1.13652946e+02 
 5.84341413e+04  7.89621881e+01  5.84341413e+04 -1.12203400e+02 
 6.30957344e+04  7.83769398e+01  6.30957344e+04 -1.10843774e+02 
 6.81292069e+04  7.77813144e+01  6.81292069e+04 -1.09573357e+02 
 7.35642254e+04  7.71764860e+01  7.35642254e+04 -1.08390785e+02 
 7.94328235e+04  7.65635294e+01  7.94328235e+04 -1.07294176e+02 
 8.57695899e+04  7.59434186e+01  8.57695899e+04 -1.06281273e+02 
 9.26118728e+04  7.53170301e+01  9.26118728e+04 -1.05349571e+02 
 1.00000000e+05  7.46851460e+01  1.00000000e+05 -1.04496413e+02 
 1.07977516e+05  7.40484611e+01  1.07977516e+05 -1.03719079e+02 
 1.16591440e+05  7.34075887e+01  1.16591440e+05 -1.03014863e+02 
 1.25892541e+05  7.27630643e+01  1.25892541e+05 -1.02381136e+02 
 1.35935639e+05  7.21153603e+01  1.35935639e+05 -1.01815389e+02 
 1.46779927e+05  7.14648825e+01  1.46779927e+05 -1.01315272e+02 
 1.58489319e+05  7.08119848e+01  1.58489319e+05 -1.00878631e+02 
 1.71132830e+05  7.01569704e+01  1.71132830e+05 -1.00503523e+02 
 1.84784980e+05  6.95000963e+01  1.84784980e+05 -1.00188241e+02 
 1.99526231e+05  6.88415853e+01  1.99526231e+05 -9.99313254e+01 
 2.15443469e+05  6.81816189e+01  2.15443469e+05 -9.97315773e+01 
 2.32630507e+05  6.75203487e+01  2.32630507e+05 -9.95880625e+01 
 2.51188643e+05  6.68578980e+01  2.51188643e+05 -9.95001206e+01 
 2.71227258e+05  6.61943633e+01  2.71227258e+05 -9.94673707e+01 
 2.92864456e+05  6.55298156e+01  2.92864456e+05 -9.94897151e+01 
 3.16227766e+05  6.48643047e+01  3.16227766e+05 -9.95673437e+01 
 3.41454887e+05  6.41978567e+01  3.41454887e+05 -9.97007407e+01 
 3.68694506e+05  6.35304761e+01  3.68694506e+05 -9.98906832e+01 
 3.98107171e+05  6.28621485e+01  3.98107171e+05 -1.00138249e+02 
 4.29866235e+05  6.21928356e+01  4.29866235e+05 -1.00444823e+02 
 4.64158883e+05  6.15224762e+01  4.64158883e+05 -1.00812098e+02 
 5.01187234e+05  6.08509868e+01  5.01187234e+05 -1.01242077e+02 
 5.41169527e+05  6.01782599e+01  5.41169527e+05 -1.01737084e+02 
 5.84341413e+05  5.95041592e+01  5.84341413e+05 -1.02299759e+02 
 6.30957344e+05  5.88285162e+01  6.30957344e+05 -1.02933066e+02 
 6.81292069e+05  5.81511346e+01  6.81292069e+05 -1.03640292e+02 
 7.35642254e+05  5.74717769e+01  7.35642254e+05 -1.04425040e+02 
 7.94328235e+05  5.67901672e+01  7.94328235e+05 -1.05291228e+02 
 8.57695899e+05  5.61059841e+01  8.57695899e+05 -1.06243081e+02 
 9.26118728e+05  5.54188569e+01  9.26118728e+05 -1.07285105e+02 
 1.00000000e+06  5.47283583e+01  1.00000000e+06 -1.08422076e+02 
 1.07977516e+06  5.40340022e+01  1.07977516e+06 -1.09659001e+02 
 1.16591440e+06  5.33352340e+01  1.16591440e+06 -1.11001079e+02 
 1.25892541e+06  5.26314320e+01  1.25892541e+06 -1.12453643e+02 
 1.35935639e+06  5.19218974e+01  1.35935639e+06 -1.14022095e+02 
 1.46779927e+06  5.12058532e+01  1.46779927e+06 -1.15711820e+02 
 1.58489319e+06  5.04824437e+01  1.58489319e+06 -1.17528081e+02 
 1.71132830e+06  4.97507354e+01  1.71132830e+06 -1.19475904e+02 
 1.84784980e+06  4.90097195e+01  1.84784980e+06 -1.21559939e+02 
 1.99526231e+06  4.82583248e+01  1.99526231e+06 -1.23784310e+02 
 2.15443469e+06  4.74954271e+01  2.15443469e+06 -1.26152448e+02 
 2.32630507e+06  4.67198738e+01  2.32630507e+06 -1.28666923e+02 
 2.51188643e+06  4.59305063e+01  2.51188643e+06 -1.31329280e+02 
 2.71227258e+06  4.51261946e+01  2.71227258e+06 -1.34139886e+02 
 2.92864456e+06  4.43058817e+01  2.92864456e+06 -1.37097792e+02 
 3.16227766e+06  4.34686198e+01  3.16227766e+06 -1.40200659e+02 
 3.41454887e+06  4.26136231e+01  3.41454887e+06 -1.43444709e+02 
 3.68694506e+06  4.17403205e+01  3.68694506e+06 -1.46824740e+02 
 3.98107171e+06  4.08483935e+01  3.98107171e+06 -1.50334220e+02 
 4.29866235e+06  3.99378186e+01  4.29866235e+06 -1.53965428e+02 
 4.64158883e+06  3.90088951e+01  4.64158883e+06 -1.57709652e+02 
 5.01187234e+06  3.80622505e+01  5.01187234e+06 -1.61557452e+02 
 5.41169527e+06  3.70988446e+01  5.41169527e+06 -1.65498889e+02 
 5.84341413e+06  3.61199300e+01  5.84341413e+06 -1.69523837e+02 
 6.30957344e+06  3.51270127e+01  6.30957344e+06 -1.73622213e+02 
 6.81292069e+06  3.41217771e+01  6.81292069e+06 -1.77784232e+02 
 7.35642254e+06  3.31060018e+01  7.35642254e+06 -1.82000616e+02 
 7.94328235e+06  3.20814550e+01  7.94328235e+06 -1.86262815e+02 
 8.57695899e+06  3.10497809e+01  8.57695899e+06 -1.90563218e+02 
 9.26118728e+06  3.00123765e+01  9.26118728e+06 -1.94895426e+02 
 1.00000000e+07  2.89702619e+01  1.00000000e+07 -1.99254632e+02 
 1.07977516e+07  2.79239528e+01  1.07977516e+07 -2.03638119e+02 
 1.16591440e+07  2.68733364e+01  1.16591440e+07 -2.08045961e+02 
 1.25892541e+07  2.58175451e+01  1.25892541e+07 -2.12482047e+02 
 1.35935639e+07  2.47548499e+01  1.35935639e+07 -2.16955416e+02 
 1.46779927e+07  2.36825598e+01  1.46779927e+07 -2.21482141e+02 
 1.58489319e+07  2.25969435e+01  1.58489319e+07 -2.26087957e+02 
 1.71132830e+07  2.14931959e+01  1.71132830e+07 -2.30811910e+02 
 1.84784980e+07  2.03654917e+01  1.84784980e+07 -2.35711586e+02 
 1.99526231e+07  1.92072234e+01  1.99526231e+07 -2.40870753e+02 
 2.15443469e+07  1.80116569e+01  2.15443469e+07 -2.46410417e+02 
 2.32630507e+07  1.67734725e+01  2.32630507e+07 -2.52504826e+02 
 2.51188643e+07  1.54922161e+01  2.51188643e+07 -2.59402885e+02 
 2.71227258e+07  1.41796430e+01  2.71227258e+07 -2.67451409e+02 
 2.92864456e+07  1.28742077e+01  2.92864456e+07 -2.77100202e+02 
 3.16227766e+07  1.16649105e+01  3.16227766e+07 -2.88825932e+02 
 3.41454887e+07  1.07134201e+01  3.41454887e+07 -3.02849080e+02 
 3.68694506e+07  1.02270730e+01  3.68694506e+07 -3.18611939e+02 
 3.98107171e+07  1.03348728e+01  3.98107171e+07 -3.34542801e+02 
 4.29866235e+07  1.09710317e+01  4.29866235e+07 -3.48844179e+02 
 4.64158883e+07  1.19359580e+01  4.64158883e+07 -3.60567172e+02 
 5.01187234e+07  1.30406690e+01  5.01187234e+07 -3.69712918e+02 
 5.41169527e+07  1.41684768e+01  5.41169527e+07 -3.76715004e+02 
 5.84341413e+07  1.52632503e+01  5.84341413e+07 -3.82053865e+02 
 6.30957344e+07  1.63035086e+01  6.30957344e+07 -3.86121075e+02 
 6.81292069e+07  1.72845269e+01  6.81292069e+07 -3.89205271e+02 
 7.35642254e+07  1.82088542e+01  7.35642254e+07 -3.91512397e+02 
 7.94328235e+07  1.90817974e+01  7.94328235e+07 -3.93188477e+02 
 8.57695899e+07  1.99093995e+01  8.57695899e+07 -3.94337194e+02 
 9.26118728e+07  2.06975869e+01  9.26118728e+07 -3.95032017e+02 
 1.00000000e+08  2.14518381e+01  1.00000000e+08 -3.95324136e+02 
 1.07977516e+08  2.21770625e+01  1.07977516e+08 -3.95247463e+02 
 1.16591440e+08  2.28775333e+01  1.16591440e+08 -3.94821635e+02 
 1.25892541e+08  2.35567923e+01  1.25892541e+08 -3.94053725e+02 
 1.35935639e+08  2.42174756e+01  1.35935639e+08 -3.92939194e+02 
 1.46779927e+08  2.48610270e+01  1.46779927e+08 -3.91462566e+02 
 1.58489319e+08  2.54872777e+01  1.58489319e+08 -3.89598366e+02 
 1.71132830e+08  2.60938963e+01  1.71132830e+08 -3.87312946e+02 
 1.84784980e+08  2.66757495e+01  1.84784980e+08 -3.84567961e+02 
 1.99526231e+08  2.72242910e+01  1.99526231e+08 -3.81326316e+02 
 2.15443469e+08  2.77271908e+01  2.15443469e+08 -3.77561108e+02 
 2.32630507e+08  2.81685351e+01  2.32630507e+08 -3.73267371e+02 
 2.51188643e+08  2.85299576e+01  2.51188643e+08 -3.68474767e+02 
 2.71227258e+08  2.87929119e+01  2.71227258e+08 -3.63257347e+02 
 2.92864456e+08  2.89418415e+01  2.92864456e+08 -3.57735194e+02 
 3.16227766e+08  2.89673914e+01  3.16227766e+08 -3.52064148e+02 
 3.41454887e+08  2.88684549e+01  3.41454887e+08 -3.46414629e+02 
 3.68694506e+08  2.86521952e+01  3.68694506e+08 -3.40946342e+02 
 3.98107171e+08  2.83321282e+01  3.98107171e+08 -3.35787821e+02 
 4.29866235e+08  2.79252073e+01  4.29866235e+08 -3.31026616e+02 
 4.64158883e+08  2.74490354e+01  4.64158883e+08 -3.26710159e+02 
 5.01187234e+08  2.69199042e+01  5.01187234e+08 -3.22853387e+02 
 5.41169527e+08  2.63517919e+01  5.41169527e+08 -3.19448542e+02 
 5.84341413e+08  2.57561035e+01  5.84341413e+08 -3.16474074e+02 
 6.30957344e+08  2.51418442e+01  6.30957344e+08 -3.13901362e+02 
 6.81292069e+08  2.45159795e+01  6.81292069e+08 -3.11699217e+02 
 7.35642254e+08  2.38838295e+01  7.35642254e+08 -3.09836611e+02 
 7.94328235e+08  2.32494281e+01  7.94328235e+08 -3.08284198e+02 
 8.57695899e+08  2.26158206e+01  8.57695899e+08 -3.07015076e+02 
 9.26118728e+08  2.19853032e+01  9.26118728e+08 -3.06005102e+02 
 1.00000000e+09  2.13596121e+01  1.00000000e+09 -3.05232955e+02 
