 1.00000000e+00  6.18712415e+01  1.00000000e+00 -1.43861597e-04 
 1.07977516e+00  6.18712415e+01  1.07977516e+00 -1.55338179e-04 
 1.16591440e+00  6.18712415e+01  1.16591440e+00 -1.67730307e-04 
 1.25892541e+00  6.18712415e+01  1.25892541e+00 -1.81111020e-04 
 1.35935639e+00  6.18712415e+01  1.35935639e+00 -1.95559181e-04 
 1.46779927e+00  6.18712415e+01  1.46779927e+00 -2.11159946e-04 
 1.58489319e+00  6.18712415e+01  1.58489319e+00 -2.28005265e-04 
 1.71132830e+00  6.18712415e+01  1.71132830e+00 -2.46194422e-04 
 1.84784980e+00  6.18712415e+01  1.84784980e+00 -2.65834622e-04 
 1.99526231e+00  6.18712415e+01  1.99526231e+00 -2.87041623e-04 
 2.15443469e+00  6.18712415e+01  2.15443469e+00 -3.09940415e-04 
 2.32630507e+00  6.18712415e+01  2.32630507e+00 -3.34665962e-04 
 2.51188643e+00  6.18712415e+01  2.51188643e+00 -3.61363993e-04 
 2.71227258e+00  6.18712415e+01  2.71227258e+00 -3.90191864e-04 
 2.92864456e+00  6.18712415e+01  2.92864456e+00 -4.21319484e-04 
 3.16227766e+00  6.18712415e+01  3.16227766e+00 -4.54930314e-04 
 3.41454887e+00  6.18712415e+01  3.41454887e+00 -4.91222453e-04 
 3.68694506e+00  6.18712415e+01  3.68694506e+00 -5.30409804e-04 
 3.98107171e+00  6.18712415e+01  3.98107171e+00 -5.72723332e-04 
 4.29866235e+00  6.18712415e+01  4.29866235e+00 -6.18412429e-04 
 4.64158883e+00  6.18712415e+01  4.64158883e+00 -6.67746381e-04 
 5.01187234e+00  6.18712415e+01  5.01187234e+00 -7.21015957e-04 
 5.41169527e+00  6.18712415e+01  5.41169527e+00 -7.78535122e-04 
 5.84341413e+00  6.18712415e+01  5.84341413e+00 -8.40642888e-04 
 6.30957344e+00  6.18712415e+01  6.30957344e+00 -9.07705311e-04 
 6.81292069e+00  6.18712415e+01  6.81292069e+00 -9.80117649e-04 
 7.35642254e+00  6.18712415e+01  7.35642254e+00 -1.05830669e-03 
 7.94328235e+00  6.18712415e+01  7.94328235e+00 -1.14273328e-03 
 8.57695899e+00  6.18712415e+01  8.57695899e+00 -1.23389502e-03 
 9.26118728e+00  6.18712415e+01  9.26118728e+00 -1.33232919e-03 
 1.00000000e+01  6.18712415e+01  1.00000000e+01 -1.43861597e-03 
 1.07977516e+01  6.18712415e+01  1.07977516e+01 -1.55338179e-03 
 1.16591440e+01  6.18712415e+01  1.16591440e+01 -1.67730307e-03 
 1.25892541e+01  6.18712415e+01  1.25892541e+01 -1.81111020e-03 
 1.35935639e+01  6.18712415e+01  1.35935639e+01 -1.95559181e-03 
 1.46779927e+01  6.18712415e+01  1.46779927e+01 -2.11159946e-03 
 1.58489319e+01  6.18712415e+01  1.58489319e+01 -2.28005265e-03 
 1.71132830e+01  6.18712415e+01  1.71132830e+01 -2.46194422e-03 
 1.84784980e+01  6.18712415e+01  1.84784980e+01 -2.65834622e-03 
 1.99526231e+01  6.18712415e+01  1.99526231e+01 -2.87041622e-03 
 2.15443469e+01  6.18712415e+01  2.15443469e+01 -3.09940414e-03 
 2.32630507e+01  6.18712415e+01  2.32630507e+01 -3.34665961e-03 
 2.51188643e+01  6.18712415e+01  2.51188643e+01 -3.61363993e-03 
 2.71227258e+01  6.18712415e+01  2.71227258e+01 -3.90191864e-03 
 2.92864456e+01  6.18712415e+01  2.92864456e+01 -4.21319483e-03 
 3.16227766e+01  6.18712415e+01  3.16227766e+01 -4.54930313e-03 
 3.41454887e+01  6.18712415e+01  3.41454887e+01 -4.91222453e-03 
 3.68694506e+01  6.18712415e+01  3.68694506e+01 -5.30409803e-03 
 3.98107171e+01  6.18712415e+01  3.98107171e+01 -5.72723331e-03 
 4.29866235e+01  6.18712415e+01  4.29866235e+01 -6.18412428e-03 
 4.64158883e+01  6.18712414e+01  4.64158883e+01 -6.67746379e-03 
 5.01187234e+01  6.18712414e+01  5.01187234e+01 -7.21015955e-03 
 5.41169527e+01  6.18712414e+01  5.41169527e+01 -7.78535119e-03 
 5.84341413e+01  6.18712414e+01  5.84341413e+01 -8.40642884e-03 
 6.30957344e+01  6.18712414e+01  6.30957344e+01 -9.07705306e-03 
 6.81292069e+01  6.18712414e+01  6.81292069e+01 -9.80117643e-03 
 7.35642254e+01  6.18712414e+01  7.35642254e+01 -1.05830669e-02 
 7.94328235e+01  6.18712414e+01  7.94328235e+01 -1.14273327e-02 
 8.57695899e+01  6.18712413e+01  8.57695899e+01 -1.23389500e-02 
 9.26118728e+01  6.18712413e+01  9.26118728e+01 -1.33232917e-02 
 1.00000000e+02  6.18712413e+01  1.00000000e+02 -1.43861595e-02 
 1.07977516e+02  6.18712412e+01  1.07977516e+02 -1.55338176e-02 
 1.16591440e+02  6.18712412e+01  1.16591440e+02 -1.67730304e-02 
 1.25892541e+02  6.18712412e+01  1.25892541e+02 -1.81111016e-02 
 1.35935639e+02  6.18712411e+01  1.35935639e+02 -1.95559176e-02 
 1.46779927e+02  6.18712410e+01  1.46779927e+02 -2.11159940e-02 
 1.58489319e+02  6.18712410e+01  1.58489319e+02 -2.28005257e-02 
 1.71132830e+02  6.18712409e+01  1.71132830e+02 -2.46194413e-02 
 1.84784980e+02  6.18712408e+01  1.84784980e+02 -2.65834610e-02 
 1.99526231e+02  6.18712407e+01  1.99526231e+02 -2.87041607e-02 
 2.15443469e+02  6.18712405e+01  2.15443469e+02 -3.09940395e-02 
 2.32630507e+02  6.18712404e+01  2.32630507e+02 -3.34665937e-02 
 2.51188643e+02  6.18712402e+01  2.51188643e+02 -3.61363962e-02 
 2.71227258e+02  6.18712400e+01  2.71227258e+02 -3.90191825e-02 
 2.92864456e+02  6.18712397e+01  2.92864456e+02 -4.21319434e-02 
 3.16227766e+02  6.18712394e+01  3.16227766e+02 -4.54930251e-02 
 3.41454887e+02  6.18712391e+01  3.41454887e+02 -4.91222375e-02 
 3.68694506e+02  6.18712387e+01  3.68694506e+02 -5.30409705e-02 
 3.98107171e+02  6.18712382e+01  3.98107171e+02 -5.72723208e-02 
 4.29866235e+02  6.18712377e+01  4.29866235e+02 -6.18412273e-02 
 4.64158883e+02  6.18712370e+01  4.64158883e+02 -6.67746184e-02 
 5.01187234e+02  6.18712363e+01  5.01187234e+02 -7.21015709e-02 
 5.41169527e+02  6.18712354e+01  5.41169527e+02 -7.78534810e-02 
 5.84341413e+02  6.18712344e+01  5.84341413e+02 -8.40642495e-02 
 6.30957344e+02  6.18712332e+01  6.30957344e+02 -9.07704816e-02 
 6.81292069e+02  6.18712318e+01  6.81292069e+02 -9.80117026e-02 
 7.35642254e+02  6.18712302e+01  7.35642254e+02 -1.05830591e-01 
 7.94328235e+02  6.18712284e+01  7.94328235e+02 -1.14273229e-01 
 8.57695899e+02  6.18712262e+01  8.57695899e+02 -1.23389377e-01 
 9.26118728e+02  6.18712237e+01  9.26118728e+02 -1.33232763e-01 
 1.00000000e+03  6.18712207e+01  1.00000000e+03 -1.43861400e-01 
 1.07977516e+03  6.18712172e+01  1.07977516e+03 -1.55337931e-01 
 1.16591440e+03  6.18712132e+01  1.16591440e+03 -1.67729995e-01 
 1.25892541e+03  6.18712085e+01  1.25892541e+03 -1.81110627e-01 
 1.35935639e+03  6.18712031e+01  1.35935639e+03 -1.95558686e-01 
 1.46779927e+03  6.18711967e+01  1.46779927e+03 -2.11159324e-01 
 1.58489319e+03  6.18711892e+01  1.58489319e+03 -2.28004480e-01 
 1.71132830e+03  6.18711805e+01  1.71132830e+03 -2.46193433e-01 
 1.84784980e+03  6.18711704e+01  1.84784980e+03 -2.65833376e-01 
 1.99526231e+03  6.18711586e+01  1.99526231e+03 -2.87040054e-01 
 2.15443469e+03  6.18711448e+01  2.15443469e+03 -3.09938441e-01 
 2.32630507e+03  6.18711288e+01  2.32630507e+03 -3.34663478e-01 
 2.51188643e+03  6.18711101e+01  2.51188643e+03 -3.61360867e-01 
 2.71227258e+03  6.18710885e+01  2.71227258e+03 -3.90187929e-01 
 2.92864456e+03  6.18710631e+01  2.92864456e+03 -4.21314530e-01 
 3.16227766e+03  6.18710335e+01  3.16227766e+03 -4.54924079e-01 
 3.41454887e+03  6.18709990e+01  3.41454887e+03 -4.91214606e-01 
 3.68694506e+03  6.18709587e+01  3.68694506e+03 -5.30399921e-01 
 3.98107171e+03  6.18709117e+01  3.98107171e+03 -5.72710890e-01 
 4.29866235e+03  6.18708571e+01  4.29866235e+03 -6.18396768e-01 
 4.64158883e+03  6.18707932e+01  4.64158883e+03 -6.67726665e-01 
 5.01187234e+03  6.18707189e+01  5.01187234e+03 -7.20991137e-01 
 5.41169527e+03  6.18706323e+01  5.41169527e+03 -7.78503877e-01 
 5.84341413e+03  6.18705311e+01  5.84341413e+03 -8.40603552e-01 
 6.30957344e+03  6.18704134e+01  6.30957344e+03 -9.07655793e-01 
 6.81292069e+03  6.18702760e+01  6.81292069e+03 -9.80055311e-01 
 7.35642254e+03  6.18701155e+01  7.35642254e+03 -1.05822821e+00 
 7.94328235e+03  6.18699288e+01  7.94328235e+03 -1.14263448e+00 
 8.57695899e+03  6.18697111e+01  8.57695899e+03 -1.23377064e+00 
 9.26118728e+03  6.18694573e+01  9.26118728e+03 -1.33217262e+00 
 1.00000000e+04  6.18691611e+01  1.00000000e+04 -1.43841887e+00 
 1.07977516e+04  6.18688160e+01  1.07977516e+04 -1.55313366e+00 
 1.16591440e+04  6.18684138e+01  1.16591440e+04 -1.67699072e+00 
 1.25892541e+04  6.18679448e+01  1.25892541e+04 -1.81071698e+00 
 1.35935639e+04  6.18673980e+01  1.35935639e+04 -1.95509683e+00 
 1.46779927e+04  6.18667606e+01  1.46779927e+04 -2.11097638e+00 
 1.58489319e+04  6.18660175e+01  1.58489319e+04 -2.27926831e+00 
 1.71132830e+04  6.18651513e+01  1.71132830e+04 -2.46095693e+00 
 1.84784980e+04  6.18641414e+01  1.84784980e+04 -2.65710345e+00 
 1.99526231e+04  6.18629648e+01  1.99526231e+04 -2.86885187e+00 
 2.15443469e+04  6.18615926e+01  2.15443469e+04 -3.09743511e+00 
 2.32630507e+04  6.18599940e+01  2.32630507e+04 -3.34418131e+00 
 2.51188643e+04  6.18581307e+01  2.51188643e+04 -3.61052074e+00 
 2.71227258e+04  6.18559586e+01  2.71227258e+04 -3.89799298e+00 
 2.92864456e+04  6.18534283e+01  2.92864456e+04 -4.20825435e+00 
 3.16227766e+04  6.18504797e+01  3.16227766e+04 -4.54308595e+00 
 3.41454887e+04  6.18470441e+01  3.41454887e+04 -4.90440126e+00 
 3.68694506e+04  6.18430422e+01  3.68694506e+04 -5.29425451e+00 
 3.98107171e+04  6.18383804e+01  3.98107171e+04 -5.71484894e+00 
 4.29866235e+04  6.18329515e+01  4.29866235e+04 -6.16854486e+00 
 4.64158883e+04  6.18266306e+01  4.64158883e+04 -6.65786733e+00 
 5.01187234e+04  6.18192727e+01  5.01187234e+04 -7.18551384e+00 
 5.41169527e+04  6.18107088e+01  5.41169527e+04 -7.75436033e+00 
 5.84341413e+04  6.18007442e+01  5.84341413e+04 -8.36746676e+00 
 6.30957344e+04  6.17891552e+01  6.30957344e+04 -9.02808044e+00 
 6.81292069e+04  6.17756814e+01  6.81292069e+04 -9.73963703e+00 
 7.35642254e+04  6.17600240e+01  7.35642254e+04 -1.05057592e+01 
 7.94328235e+04  6.17418372e+01  7.94328235e+04 -1.13302503e+01 
 8.57695899e+04  6.17207260e+01  8.57695899e+04 -1.22170837e+01 
 9.26118728e+04  6.16962390e+01  9.26118728e+04 -1.31703855e+01 
 1.00000000e+05  6.16678581e+01  1.00000000e+05 -1.41944105e+01 
 1.07977516e+05  6.16349956e+01  1.07977516e+05 -1.52935079e+01 
 1.16591440e+05  6.15969843e+01  1.16591440e+05 -1.64720768e+01 
 1.25892541e+05  6.15530729e+01  1.25892541e+05 -1.77345092e+01 
 1.35935639e+05  6.15024162e+01  1.35935639e+05 -1.90851199e+01 
 1.46779927e+05  6.14440746e+01  1.46779927e+05 -2.05280584e+01 
 1.58489319e+05  6.13770030e+01  1.58489319e+05 -2.20672083e+01 
 1.71132830e+05  6.13000570e+01  1.71132830e+05 -2.37060683e+01 
 1.84784980e+05  6.12119908e+01  1.84784980e+05 -2.54476195e+01 
 1.99526231e+05  6.11114607e+01  1.99526231e+05 -2.72941805e+01 
 2.15443469e+05  6.09970402e+01  2.15443469e+05 -2.92472555e+01 
 2.32630507e+05  6.08672358e+01  2.32630507e+05 -3.13073837e+01 
 2.51188643e+05  6.07205049e+01  2.51188643e+05 -3.34740004e+01 
 2.71227258e+05  6.05552924e+01  2.71227258e+05 -3.57453151e+01 
 2.92864456e+05  6.03700616e+01  2.92864456e+05 -3.81182327e+01 
 3.16227766e+05  6.01633346e+01  3.16227766e+05 -4.05883181e+01 
 3.41454887e+05  5.99337416e+01  3.41454887e+05 -4.31498274e+01 
 3.68694506e+05  5.96800574e+01  3.68694506e+05 -4.57958118e+01 
 3.98107171e+05  5.94012522e+01  3.98107171e+05 -4.85182940e+01 
 4.29866235e+05  5.90965232e+01  4.29866235e+05 -5.13085203e+01 
 4.64158883e+05  5.87653225e+01  4.64158883e+05 -5.41572774e+01 
 5.01187234e+05  5.84073753e+01  5.01187234e+05 -5.70552523e+01 
 5.41169527e+05  5.80226802e+01  5.41169527e+05 -5.99934100e+01 
 5.84341413e+05  5.76114952e+01  5.84341413e+05 -6.29633763e+01 
 6.30957344e+05  5.71743123e+01  6.30957344e+05 -6.59577775e+01 
 6.81292069e+05  5.67118235e+01  6.81292069e+05 -6.89705303e+01 
 7.35642254e+05  5.62248720e+01  7.35642254e+05 -7.19970611e+01 
 7.94328235e+05  5.57144025e+01  7.94328235e+05 -7.50344445e+01 
 8.57695899e+05  5.51814069e+01  8.57695899e+05 -7.80814570e+01 
 9.26118728e+05  5.46268779e+01  9.26118728e+05 -8.11385529e+01 
 1.00000000e+06  5.40517582e+01  1.00000000e+06 -8.42077729e+01 
 1.07977516e+06  5.34569021e+01  1.07977516e+06 -8.72925919e+01 
 1.16591440e+06  5.28430409e+01  1.16591440e+06 -9.03977245e+01 
 1.25892541e+06  5.22107565e+01  1.25892541e+06 -9.35288932e+01 
 1.35935639e+06  5.15604649e+01  1.35935639e+06 -9.66925761e+01 
 1.46779927e+06  5.08924038e+01  1.46779927e+06 -9.98957378e+01 
 1.58489319e+06  5.02066335e+01  1.58489319e+06 -1.03145553e+02 
 1.71132830e+06  4.95030415e+01  1.71132830e+06 -1.06449125e+02 
 1.84784980e+06  4.87813533e+01  1.84784980e+06 -1.09813220e+02 
 1.99526231e+06  4.80411593e+01  1.99526231e+06 -1.13243993e+02 
 2.15443469e+06  4.72819414e+01  2.15443469e+06 -1.16746750e+02 
 2.32630507e+06  4.65031107e+01  2.32630507e+06 -1.20325725e+02 
 2.51188643e+06  4.57040541e+01  2.51188643e+06 -1.23983907e+02 
 2.71227258e+06  4.48841845e+01  2.71227258e+06 -1.27722905e+02 
 2.92864456e+06  4.40429925e+01  2.92864456e+06 -1.31542885e+02 
 3.16227766e+06  4.31801116e+01  3.16227766e+06 -1.35442558e+02 
 3.41454887e+06  4.22953599e+01  3.41454887e+06 -1.39419277e+02 
 3.68694506e+06  4.13888038e+01  3.68694506e+06 -1.43469150e+02 
 3.98107171e+06  4.04607843e+01  3.98107171e+06 -1.47587277e+02 
 4.29866235e+06  3.95119533e+01  4.29866235e+06 -1.51767983e+02 
 4.64158883e+06  3.85432761e+01  4.64158883e+06 -1.56005115e+02 
 5.01187234e+06  3.75560272e+01  5.01187234e+06 -1.60292314e+02 
 5.41169527e+06  3.65517574e+01  5.41169527e+06 -1.64623295e+02 
 5.84341413e+06  3.55322488e+01  5.84341413e+06 -1.68992069e+02 
 6.30957344e+06  3.44994517e+01  6.30957344e+06 -1.73393122e+02 
 6.81292069e+06  3.34553993e+01  6.81292069e+06 -1.77821575e+02 
 7.35642254e+06  3.24021142e+01  7.35642254e+06 -1.82273300e+02 
 7.94328235e+06  3.13415078e+01  7.94328235e+06 -1.86745028e+02 
 8.57695899e+06  3.02752665e+01  8.57695899e+06 -1.91234511e+02 
 9.26118728e+06  2.92047348e+01  9.26118728e+06 -1.95740769e+02 
 1.00000000e+07  2.81307995e+01  1.00000000e+07 -2.00264445e+02 
 1.07977516e+07  2.70537661e+01  1.07977516e+07 -2.04808426e+02 
 1.16591440e+07  2.59732526e+01  1.16591440e+07 -2.09378632e+02 
 1.25892541e+07  2.48880749e+01  1.25892541e+07 -2.13985283e+02 
 1.35935639e+07  2.37961577e+01  1.35935639e+07 -2.18644554e+02 
 1.46779927e+07  2.26944605e+01  1.46779927e+07 -2.23380959e+02 
 1.58489319e+07  2.15789488e+01  1.58489319e+07 -2.28230643e+02 
 1.71132830e+07  2.04446490e+01  1.71132830e+07 -2.33246019e+02 
 1.84784980e+07  1.92858699e+01  1.84784980e+07 -2.38502427e+02 
 1.99526231e+07  1.80967812e+01  1.99526231e+07 -2.44107599e+02 
 2.15443469e+07  1.68727267e+01  2.15443469e+07 -2.50215047e+02 
 2.32630507e+07  1.56130629e+01  2.32630507e+07 -2.57041740e+02 
 2.51188643e+07  1.43270212e+01  2.51188643e+07 -2.64887451e+02 
 2.71227258e+07  1.30450530e+01  2.71227258e+07 -2.74141614e+02 
 2.92864456e+07  1.18376954e+01  2.92864456e+07 -2.85233692e+02 
 3.16227766e+07  1.08359122e+01  3.16227766e+07 -2.98434454e+02 
 3.41454887e+07  1.02216084e+01  3.41454887e+07 -3.13446863e+02 
 3.68694506e+07  1.01421393e+01  3.68694506e+07 -3.29081536e+02 
 3.98107171e+07  1.05934549e+01  3.98107171e+07 -3.43676296e+02 
 4.29866235e+07  1.14225770e+01  4.29866235e+07 -3.56068577e+02 
 4.64158883e+07  1.24457266e+01  4.64158883e+07 -3.65987366e+02 
 5.01187234e+07  1.35313948e+01  5.01187234e+07 -3.73716335e+02 
 5.41169527e+07  1.46082017e+01  5.41169527e+07 -3.79689645e+02 
 5.84341413e+07  1.56443602e+01  5.84341413e+07 -3.84299338e+02 
 6.30957344e+07  1.66290847e+01  6.30957344e+07 -3.87848482e+02 
 6.81292069e+07  1.75615181e+01  6.81292069e+07 -3.90558734e+02 
 7.35642254e+07  1.84450591e+01  7.35642254e+07 -3.92589444e+02 
 7.94328235e+07  1.92846552e+01  7.94328235e+07 -3.94054864e+02 
 8.57695899e+07  2.00855760e+01  8.57695899e+07 -3.95036809e+02 
 9.26118728e+07  2.08528858e+01  9.26118728e+07 -3.95593272e+02 
 1.00000000e+08  2.15912285e+01  1.00000000e+08 -3.95764050e+02 
 1.07977516e+08  2.23047264e+01  1.07977516e+08 -3.95574228e+02 
 1.16591440e+08  2.29968914e+01  1.16591440e+08 -3.95036239e+02 
 1.25892541e+08  2.36704844e+01  1.25892541e+08 -3.94151007e+02 
 1.35935639e+08  2.43272851e+01  1.35935639e+08 -3.92908630e+02 
 1.46779927e+08  2.49677422e+01  1.46779927e+08 -3.91289080e+02 
 1.58489319e+08  2.55904969e+01  1.58489319e+08 -3.89263465e+02 
 1.71132830e+08  2.61917960e+01  1.71132830e+08 -3.86796522e+02 
 1.84784980e+08  2.67648715e+01  1.84784980e+08 -3.83851107e+02 
 1.99526231e+08  2.72994401e+01  1.99526231e+08 -3.80395358e+02 
 2.15443469e+08  2.77815861e+01  2.15443469e+08 -3.76412755e+02 
 2.32630507e+08  2.81943652e+01  2.32630507e+08 -3.71914133e+02 
 2.51188643e+08  2.85194275e+01  2.51188643e+08 -3.66948972e+02 
 2.71227258e+08  2.87396690e+01  2.71227258e+08 -3.61611481e+02 
 2.92864456e+08  2.88424021e+01  2.92864456e+08 -3.56036895e+02 
 3.16227766e+08  2.88220215e+01  3.16227766e+08 -3.50386300e+02 
 3.41454887e+08  2.86811069e+01  3.41454887e+08 -3.44823658e+02 
 3.68694506e+08  2.84295381e+01  3.68694506e+08 -3.39492938e+02 
 3.98107171e+08  2.80821239e+01  3.98107171e+08 -3.34502853e+02 
 4.29866235e+08  2.76557822e+01  4.29866235e+08 -3.29922227e+02 
 4.64158883e+08  2.71671887e+01  4.64158883e+08 -3.25784030e+02 
 5.01187234e+08  2.66313046e+01  5.01187234e+08 -3.22093849e+02 
 5.41169527e+08  2.60607401e+01  5.41169527e+08 -3.18839008e+02 
 5.84341413e+08  2.54656931e+01  5.84341413e+08 -3.15996213e+02 
 6.30957344e+08  2.48541941e+01  6.30957344e+08 -3.13537077e+02 
 6.81292069e+08  2.42324634e+01  6.81292069e+08 -3.11431709e+02 
 7.35642254e+08  2.36052714e+01  7.35642254e+08 -3.09650862e+02 
 7.94328235e+08  2.29762568e+01  7.94328235e+08 -3.08167109e+02 
 8.57695899e+08  2.23481879e+01  8.57695899e+08 -3.06955419e+02 
 9.26118728e+08  2.17231725e+01  9.26118728e+08 -3.05993381e+02 
 1.00000000e+09  2.11028242e+01  1.00000000e+09 -3.05261231e+02 
