 1.00000000e+00  6.39597114e+01  1.00000000e+00 -2.27000960e-04 
 1.07977516e+00  6.39597114e+01  1.07977516e+00 -2.45109999e-04 
 1.16591440e+00  6.39597114e+01  1.16591440e+00 -2.64663689e-04 
 1.25892541e+00  6.39597114e+01  1.25892541e+00 -2.85777278e-04 
 1.35935639e+00  6.39597114e+01  1.35935639e+00 -3.08575206e-04 
 1.46779927e+00  6.39597114e+01  1.46779927e+00 -3.33191843e-04 
 1.58489319e+00  6.39597114e+01  1.58489319e+00 -3.59772277e-04 
 1.71132830e+00  6.39597114e+01  1.71132830e+00 -3.88473169e-04 
 1.84784980e+00  6.39597114e+01  1.84784980e+00 -4.19463679e-04 
 1.99526231e+00  6.39597114e+01  1.99526231e+00 -4.52926462e-04 
 2.15443469e+00  6.39597114e+01  2.15443469e+00 -4.89058744e-04 
 2.32630507e+00  6.39597114e+01  2.32630507e+00 -5.28073484e-04 
 2.51188643e+00  6.39597114e+01  2.51188643e+00 -5.70200632e-04 
 2.71227258e+00  6.39597114e+01  2.71227258e+00 -6.15688480e-04 
 2.92864456e+00  6.39597114e+01  2.92864456e+00 -6.64805129e-04 
 3.16227766e+00  6.39597114e+01  3.16227766e+00 -7.17840066e-04 
 3.41454887e+00  6.39597114e+01  3.41454887e+00 -7.75105874e-04 
 3.68694506e+00  6.39597114e+01  3.68694506e+00 -8.36940071e-04 
 3.98107171e+00  6.39597114e+01  3.98107171e+00 -9.03707101e-04 
 4.29866235e+00  6.39597114e+01  4.29866235e+00 -9.75800482e-04 
 4.64158883e+00  6.39597114e+01  4.64158883e+00 -1.05364512e-03 
 5.01187234e+00  6.39597114e+01  5.01187234e+00 -1.13769983e-03 
 5.41169527e+00  6.39597114e+01  5.41169527e+00 -1.22846002e-03 
 5.84341413e+00  6.39597114e+01  5.84341413e+00 -1.32646062e-03 
 6.30957344e+00  6.39597114e+01  6.30957344e+00 -1.43227923e-03 
 6.81292069e+00  6.39597114e+01  6.81292069e+00 -1.54653954e-03 
 7.35642254e+00  6.39597114e+01  7.35642254e+00 -1.66991498e-03 
 7.94328235e+00  6.39597114e+01  7.94328235e+00 -1.80313272e-03 
 8.57695899e+00  6.39597114e+01  8.57695899e+00 -1.94697793e-03 
 9.26118728e+00  6.39597114e+01  9.26118728e+00 -2.10229841e-03 
 1.00000000e+01  6.39597114e+01  1.00000000e+01 -2.27000960e-03 
 1.07977516e+01  6.39597114e+01  1.07977516e+01 -2.45109999e-03 
 1.16591440e+01  6.39597114e+01  1.16591440e+01 -2.64663689e-03 
 1.25892541e+01  6.39597114e+01  1.25892541e+01 -2.85777277e-03 
 1.35935639e+01  6.39597114e+01  1.35935639e+01 -3.08575206e-03 
 1.46779927e+01  6.39597114e+01  1.46779927e+01 -3.33191843e-03 
 1.58489319e+01  6.39597114e+01  1.58489319e+01 -3.59772276e-03 
 1.71132830e+01  6.39597114e+01  1.71132830e+01 -3.88473168e-03 
 1.84784980e+01  6.39597114e+01  1.84784980e+01 -4.19463678e-03 
 1.99526231e+01  6.39597114e+01  1.99526231e+01 -4.52926461e-03 
 2.15443469e+01  6.39597114e+01  2.15443469e+01 -4.89058743e-03 
 2.32630507e+01  6.39597114e+01  2.32630507e+01 -5.28073483e-03 
 2.51188643e+01  6.39597114e+01  2.51188643e+01 -5.70200631e-03 
 2.71227258e+01  6.39597114e+01  2.71227258e+01 -6.15688478e-03 
 2.92864456e+01  6.39597114e+01  2.92864456e+01 -6.64805127e-03 
 3.16227766e+01  6.39597114e+01  3.16227766e+01 -7.17840063e-03 
 3.41454887e+01  6.39597113e+01  3.41454887e+01 -7.75105870e-03 
 3.68694506e+01  6.39597113e+01  3.68694506e+01 -8.36940066e-03 
 3.98107171e+01  6.39597113e+01  3.98107171e+01 -9.03707095e-03 
 4.29866235e+01  6.39597113e+01  4.29866235e+01 -9.75800474e-03 
 4.64158883e+01  6.39597113e+01  4.64158883e+01 -1.05364511e-02 
 5.01187234e+01  6.39597113e+01  5.01187234e+01 -1.13769982e-02 
 5.41169527e+01  6.39597112e+01  5.41169527e+01 -1.22846001e-02 
 5.84341413e+01  6.39597112e+01  5.84341413e+01 -1.32646060e-02 
 6.30957344e+01  6.39597112e+01  6.30957344e+01 -1.43227921e-02 
 6.81292069e+01  6.39597111e+01  6.81292069e+01 -1.54653951e-02 
 7.35642254e+01  6.39597111e+01  7.35642254e+01 -1.66991495e-02 
 7.94328235e+01  6.39597110e+01  7.94328235e+01 -1.80313267e-02 
 8.57695899e+01  6.39597110e+01  8.57695899e+01 -1.94697787e-02 
 9.26118728e+01  6.39597109e+01  9.26118728e+01 -2.10229833e-02 
 1.00000000e+02  6.39597108e+01  1.00000000e+02 -2.27000951e-02 
 1.07977516e+02  6.39597107e+01  1.07977516e+02 -2.45109987e-02 
 1.16591440e+02  6.39597106e+01  1.16591440e+02 -2.64663674e-02 
 1.25892541e+02  6.39597105e+01  1.25892541e+02 -2.85777259e-02 
 1.35935639e+02  6.39597103e+01  1.35935639e+02 -3.08575183e-02 
 1.46779927e+02  6.39597102e+01  1.46779927e+02 -3.33191814e-02 
 1.58489319e+02  6.39597100e+01  1.58489319e+02 -3.59772240e-02 
 1.71132830e+02  6.39597097e+01  1.71132830e+02 -3.88473122e-02 
 1.84784980e+02  6.39597094e+01  1.84784980e+02 -4.19463620e-02 
 1.99526231e+02  6.39597091e+01  1.99526231e+02 -4.52926388e-02 
 2.15443469e+02  6.39597087e+01  2.15443469e+02 -4.89058650e-02 
 2.32630507e+02  6.39597083e+01  2.32630507e+02 -5.28073367e-02 
 2.51188643e+02  6.39597077e+01  2.51188643e+02 -5.70200484e-02 
 2.71227258e+02  6.39597071e+01  2.71227258e+02 -6.15688294e-02 
 2.92864456e+02  6.39597064e+01  2.92864456e+02 -6.64804894e-02 
 3.16227766e+02  6.39597056e+01  3.16227766e+02 -7.17839770e-02 
 3.41454887e+02  6.39597046e+01  3.41454887e+02 -7.75105502e-02 
 3.68694506e+02  6.39597035e+01  3.68694506e+02 -8.36939602e-02 
 3.98107171e+02  6.39597022e+01  3.98107171e+02 -9.03706511e-02 
 4.29866235e+02  6.39597007e+01  4.29866235e+02 -9.75799739e-02 
 4.64158883e+02  6.39596989e+01  4.64158883e+02 -1.05364419e-01 
 5.01187234e+02  6.39596968e+01  5.01187234e+02 -1.13769866e-01 
 5.41169527e+02  6.39596944e+01  5.41169527e+02 -1.22845854e-01 
 5.84341413e+02  6.39596915e+01  5.84341413e+02 -1.32645876e-01 
 6.30957344e+02  6.39596882e+01  6.30957344e+02 -1.43227689e-01 
 6.81292069e+02  6.39596844e+01  6.81292069e+02 -1.54653659e-01 
 7.35642254e+02  6.39596799e+01  7.35642254e+02 -1.66991126e-01 
 7.94328235e+02  6.39596747e+01  7.94328235e+02 -1.80312804e-01 
 8.57695899e+02  6.39596686e+01  8.57695899e+02 -1.94697203e-01 
 9.26118728e+02  6.39596615e+01  9.26118728e+02 -2.10229099e-01 
 1.00000000e+03  6.39596532e+01  1.00000000e+03 -2.27000026e-01 
 1.07977516e+03  6.39596435e+01  1.07977516e+03 -2.45108823e-01 
 1.16591440e+03  6.39596322e+01  1.16591440e+03 -2.64662208e-01 
 1.25892541e+03  6.39596191e+01  1.25892541e+03 -2.85775414e-01 
 1.35935639e+03  6.39596038e+01  1.35935639e+03 -3.08572860e-01 
 1.46779927e+03  6.39595859e+01  1.46779927e+03 -3.33188889e-01 
 1.58489319e+03  6.39595651e+01  1.58489319e+03 -3.59768558e-01 
 1.71132830e+03  6.39595408e+01  1.71132830e+03 -3.88468483e-01 
 1.84784980e+03  6.39595125e+01  1.84784980e+03 -4.19457780e-01 
 1.99526231e+03  6.39594794e+01  1.99526231e+03 -4.52919034e-01 
 2.15443469e+03  6.39594410e+01  2.15443469e+03 -4.89049395e-01 
 2.32630507e+03  6.39593961e+01  2.32630507e+03 -5.28061716e-01 
 2.51188643e+03  6.39593438e+01  2.51188643e+03 -5.70185818e-01 
 2.71227258e+03  6.39592829e+01  2.71227258e+03 -6.15669832e-01 
 2.92864456e+03  6.39592119e+01  2.92864456e+03 -6.64781654e-01 
 3.16227766e+03  6.39591290e+01  3.16227766e+03 -7.17810514e-01 
 3.41454887e+03  6.39590322e+01  3.41454887e+03 -7.75068673e-01 
 3.68694506e+03  6.39589196e+01  3.68694506e+03 -8.36893239e-01 
 3.98107171e+03  6.39587882e+01  3.98107171e+03 -9.03648140e-01 
 4.29866235e+03  6.39586350e+01  4.29866235e+03 -9.75726256e-01 
 4.64158883e+03  6.39584565e+01  4.64158883e+03 -1.05355169e+00 
 5.01187234e+03  6.39582483e+01  5.01187234e+03 -1.13758221e+00 
 5.41169527e+03  6.39580057e+01  5.41169527e+03 -1.22831195e+00 
 5.84341413e+03  6.39577227e+01  5.84341413e+03 -1.32627422e+00 
 6.30957344e+03  6.39573929e+01  6.30957344e+03 -1.43204458e+00 
 6.81292069e+03  6.39570081e+01  6.81292069e+03 -1.54624413e+00 
 7.35642254e+03  6.39565600e+01  7.35642254e+03 -1.66954311e+00 
 7.94328235e+03  6.39560373e+01  7.94328235e+03 -1.80266459e+00 
 8.57695899e+03  6.39554281e+01  8.57695899e+03 -1.94638864e+00 
 9.26118728e+03  6.39547177e+01  9.26118728e+03 -2.10155661e+00 
 1.00000000e+04  6.39538897e+01  1.00000000e+04 -2.26907581e+00 
 1.07977516e+04  6.39529247e+01  1.07977516e+04 -2.44992461e+00 
 1.16591440e+04  6.39517997e+01  1.16591440e+04 -2.64515740e+00 
 1.25892541e+04  6.39504882e+01  1.25892541e+04 -2.85591052e+00 
 1.35935639e+04  6.39489598e+01  1.35935639e+04 -3.08340812e+00 
 1.46779927e+04  6.39471784e+01  1.46779927e+04 -3.32896832e+00 
 1.58489319e+04  6.39451025e+01  1.58489319e+04 -3.59400986e+00 
 1.71132830e+04  6.39426834e+01  1.71132830e+04 -3.88005895e+00 
 1.84784980e+04  6.39398647e+01  1.84784980e+04 -4.18875650e+00 
 1.99526231e+04  6.39365808e+01  1.99526231e+04 -4.52186506e+00 
 2.15443469e+04  6.39327554e+01  2.15443469e+04 -4.88127681e+00 
 2.32630507e+04  6.39282990e+01  2.32630507e+04 -5.26902073e+00 
 2.51188643e+04  6.39231092e+01  2.51188643e+04 -5.68726972e+00 
 2.71227258e+04  6.39170657e+01  2.71227258e+04 -6.13834785e+00 
 2.92864456e+04  6.39100299e+01  2.92864456e+04 -6.62473731e+00 
 3.16227766e+04  6.39018410e+01  3.16227766e+04 -7.14908334e+00 
 3.41454887e+04  6.38923136e+01  3.41454887e+04 -7.71419893e+00 
 3.68694506e+04  6.38812313e+01  3.68694506e+04 -8.32306787e+00 
 3.98107171e+04  6.38683451e+01  3.98107171e+04 -8.97884528e+00 
 4.29866235e+04  6.38533698e+01  4.29866235e+04 -9.68485480e+00 
 4.64158883e+04  6.38359741e+01  4.64158883e+04 -1.04445820e+01 
 5.01187234e+04  6.38157789e+01  5.01187234e+04 -1.12616646e+01 
 5.41169527e+04  6.37923502e+01  5.41169527e+04 -1.21398745e+01 
 5.84341413e+04  6.37651925e+01  5.84341413e+04 -1.30830924e+01 
 6.30957344e+04  6.37337407e+01  6.30957344e+04 -1.40952759e+01 
 6.81292069e+04  6.36973544e+01  6.81292069e+04 -1.51804145e+01 
 7.35642254e+04  6.36553101e+01  7.35642254e+04 -1.63424743e+01 
 7.94328235e+04  6.36067952e+01  7.94328235e+04 -1.75853277e+01 
 8.57695899e+04  6.35509026e+01  8.57695899e+04 -1.89126685e+01 
 9.26118728e+04  6.34866269e+01  9.26118728e+04 -2.03279102e+01 
 1.00000000e+05  6.34128617e+01  1.00000000e+05 -2.18340690e+01 
 1.07977516e+05  6.33284009e+01  1.07977516e+05 -2.34336312e+01 
 1.16591440e+05  6.32319434e+01  1.16591440e+05 -2.51284090e+01 
 1.25892541e+05  6.31221070e+01  1.25892541e+05 -2.69193836e+01 
 1.35935639e+05  6.29974358e+01  1.35935639e+05 -2.88065545e+01 
 1.46779927e+05  6.28564298e+01  1.46779927e+05 -3.07887868e+01 
 1.58489319e+05  6.26975709e+01  1.58489319e+05 -3.28636881e+01 
 1.71132830e+05  6.25193545e+01  1.71132830e+05 -3.50275097e+01 
 1.84784980e+05  6.23203380e+01  1.84784980e+05 -3.72750976e+01 
 1.99526231e+05  6.20991771e+01  1.99526231e+05 -3.95999061e+01 
 2.15443469e+05  6.18546763e+01  2.15443469e+05 -4.19940775e+01 
 2.32630507e+05  6.15858341e+01  2.32630507e+05 -4.44486005e+01 
 2.51188643e+05  6.12918777e+01  2.51188643e+05 -4.69535449e+01 
 2.71227258e+05  6.09723052e+01  2.71227258e+05 -4.94983611e+01 
 2.92864456e+05  6.06268937e+01  2.92864456e+05 -5.20722333e+01 
 3.16227766e+05  6.02557162e+01  3.16227766e+05 -5.46644604e+01 
 3.41454887e+05  5.98591299e+01  3.41454887e+05 -5.72648408e+01 
 3.68694506e+05  5.94377593e+01  3.68694506e+05 -5.98640317e+01 
 3.98107171e+05  5.89924641e+01  3.98107171e+05 -6.24538661e+01 
 4.29866235e+05  5.85242934e+01  4.29866235e+05 -6.50276054e+01 
 4.64158883e+05  5.80344485e+01  4.64158883e+05 -6.75801126e+01 
 5.01187234e+05  5.75242274e+01  5.01187234e+05 -7.01079574e+01 
 5.41169527e+05  5.69949779e+01  5.41169527e+05 -7.26094449e+01 
 5.84341413e+05  5.64480537e+01  5.84341413e+05 -7.50845779e+01 
 6.30957344e+05  5.58847764e+01  6.30957344e+05 -7.75349753e+01 
 6.81292069e+05  5.53063996e+01  6.81292069e+05 -7.99637494e+01 
 7.35642254e+05  5.47140861e+01  7.35642254e+05 -8.23753595e+01 
 7.94328235e+05  5.41088753e+01  7.94328235e+05 -8.47754562e+01 
 8.57695899e+05  5.34916822e+01  8.57695899e+05 -8.71707141e+01 
 9.26118728e+05  5.28632790e+01  9.26118728e+05 -8.95686734e+01 
 1.00000000e+06  5.22242867e+01  1.00000000e+06 -9.19775837e+01 
 1.07977516e+06  5.15751710e+01  1.07977516e+06 -9.44062569e+01 
 1.16591440e+06  5.09162465e+01  1.16591440e+06 -9.68639190e+01 
 1.25892541e+06  5.02476722e+01  1.25892541e+06 -9.93600750e+01 
 1.35935639e+06  4.95694532e+01  1.35935639e+06 -1.01904370e+02 
 1.46779927e+06  4.88814451e+01  1.46779927e+06 -1.04506452e+02 
 1.58489319e+06  4.81833608e+01  1.58489319e+06 -1.07175824e+02 
 1.71132830e+06  4.74747763e+01  1.71132830e+06 -1.09921694e+02 
 1.84784980e+06  4.67551409e+01  1.84784980e+06 -1.12752817e+02 
 1.99526231e+06  4.60237922e+01  1.99526231e+06 -1.15677319e+02 
 2.15443469e+06  4.52799752e+01  2.15443469e+06 -1.18702521e+02 
 2.32630507e+06  4.45228635e+01  2.32630507e+06 -1.21834753e+02 
 2.51188643e+06  4.37515848e+01  2.51188643e+06 -1.25079183e+02 
 2.71227258e+06  4.29652679e+01  2.71227258e+06 -1.28439626e+02 
 2.92864456e+06  4.21630704e+01  2.92864456e+06 -1.31918409e+02 
 3.16227766e+06  4.13442300e+01  3.16227766e+06 -1.35516250e+02 
 3.41454887e+06  4.05081162e+01  3.41454887e+06 -1.39232179e+02 
 3.68694506e+06  3.96542720e+01  3.68694506e+06 -1.43063532e+02 
 3.98107171e+06  3.87824639e+01  3.98107171e+06 -1.47005995e+02 
 4.29866235e+06  3.78927230e+01  4.29866235e+06 -1.51053706e+02 
 4.64158883e+06  3.69853632e+01  4.64158883e+06 -1.55199453e+02 
 5.01187234e+06  3.60610004e+01  5.01187234e+06 -1.59434879e+02 
 5.41169527e+06  3.51205378e+01  5.41169527e+06 -1.63750767e+02 
 5.84341413e+06  3.41651414e+01  5.84341413e+06 -1.68137316e+02 
 6.30957344e+06  3.31961749e+01  6.30957344e+06 -1.72584478e+02 
 6.81292069e+06  3.22151339e+01  6.81292069e+06 -1.77082248e+02 
 7.35642254e+06  3.12235459e+01  7.35642254e+06 -1.81620996e+02 
 7.94328235e+06  3.02228539e+01  7.94328235e+06 -1.86191827e+02 
 8.57695899e+06  2.92142931e+01  8.57695899e+06 -1.90786973e+02 
 9.26118728e+06  2.81987581e+01  9.26118728e+06 -1.95400263e+02 
 1.00000000e+07  2.71766645e+01  1.00000000e+07 -2.00027739e+02 
 1.07977516e+07  2.61478075e+01  1.07977516e+07 -2.04668486e+02 
 1.16591440e+07  2.51112364e+01  1.16591440e+07 -2.09325658e+02 
 1.25892541e+07  2.40651250e+01  1.25892541e+07 -2.14007948e+02 
 1.35935639e+07  2.30066623e+01  1.35935639e+07 -2.18731512e+02 
 1.46779927e+07  2.19319572e+01  1.46779927e+07 -2.23522713e+02 
 1.58489319e+07  2.08359885e+01  1.58489319e+07 -2.28421923e+02 
 1.71132830e+07  1.97126372e+01  1.71132830e+07 -2.33489060e+02 
 1.84784980e+07  1.85549139e+01  1.84784980e+07 -2.38811665e+02 
 1.99526231e+07  1.73556146e+01  1.99526231e+07 -2.44516877e+02 
 2.15443469e+07  1.61089316e+01  2.15443469e+07 -2.50788882e+02 
 2.32630507e+07  1.48141526e+01  2.32630507e+07 -2.57892756e+02 
 2.51188643e+07  1.34837193e+01  2.51188643e+07 -2.66200825e+02 
 2.71227258e+07  1.21594409e+01  2.71227258e+07 -2.76198911e+02 
 2.92864456e+07  1.09394544e+01  2.92864456e+07 -2.88398402e+02 
 3.16227766e+07  1.00022082e+01  3.16227766e+07 -3.03006315e+02 
 3.41454887e+07  9.57012782e+00  3.41454887e+07 -3.19334421e+02 
 3.68694506e+07  9.76380519e+00  3.68694506e+07 -3.35611610e+02 
 3.98107171e+07  1.04868718e+01  3.98107171e+07 -3.49973165e+02 
 4.29866235e+07  1.15179446e+01  4.29866235e+07 -3.61573204e+02 
 4.64158883e+07  1.26658691e+01  4.64158883e+07 -3.70535974e+02 
 5.01187234e+07  1.38203488e+01  5.01187234e+07 -3.77361107e+02 
 5.41169527e+07  1.49317106e+01  5.41169527e+07 -3.82550458e+02 
 5.84341413e+07  1.59828971e+01  5.84341413e+07 -3.86497114e+02 
 6.30957344e+07  1.69718872e+01  6.30957344e+07 -3.89484818e+02 
 6.81292069e+07  1.79028475e+01  6.81292069e+07 -3.91713456e+02 
 7.35642254e+07  1.87820752e+01  7.35642254e+07 -3.93323382e+02 
 7.94328235e+07  1.96162467e+01  7.94328235e+07 -3.94413230e+02 
 8.57695899e+07  2.04117119e+01  8.57695899e+07 -3.95051857e+02 
 9.26118728e+07  2.11742340e+01  9.26118728e+07 -3.95285971e+02 
 1.00000000e+08  2.19088924e+01  1.00000000e+08 -3.95144849e+02 
 1.07977516e+08  2.26200060e+01  1.07977516e+08 -3.94643102e+02 
 1.16591440e+08  2.33110001e+01  1.16591440e+08 -3.93782212e+02 
 1.25892541e+08  2.39841687e+01  1.25892541e+08 -3.92551456e+02 
 1.35935639e+08  2.46402970e+01  1.35935639e+08 -3.90928727e+02 
 1.46779927e+08  2.52781327e+01  1.46779927e+08 -3.88881971e+02 
 1.58489319e+08  2.58937221e+01  1.58489319e+08 -3.86372004e+02 
 1.71132830e+08  2.64796987e+01  1.71132830e+08 -3.83357660e+02 
 1.84784980e+08  2.70247107e+01  1.84784980e+08 -3.79804152e+02 
 1.99526231e+08  2.75133156e+01  1.99526231e+08 -3.75694901e+02 
 2.15443469e+08  2.79267703e+01  2.15443469e+08 -3.71045645e+02 
 2.32630507e+08  2.82450760e+01  2.32630507e+08 -3.65917243e+02 
 2.51188643e+08  2.84502382e+01  2.51188643e+08 -3.60421392e+02 
 2.71227258e+08  2.85299840e+01  2.71227258e+08 -3.54713714e+02 
 2.92864456e+08  2.84805775e+01  2.92864456e+08 -3.48973187e+02 
 3.16227766e+08  2.83074999e+01  3.16227766e+08 -3.43374088e+02 
 3.41454887e+08  2.80237569e+01  3.41454887e+08 -3.38060957e+02 
 3.68694506e+08  2.76467367e+01  3.68694506e+08 -3.33134855e+02 
 3.98107171e+08  2.71949781e+01  3.98107171e+08 -3.28652432e+02 
 4.29866235e+08  2.66858078e+01  4.29866235e+08 -3.24633736e+02 
 4.64158883e+08  2.61341034e+01  4.64158883e+08 -3.21073196e+02 
 5.01187234e+08  2.55519549e+01  5.01187234e+08 -3.17949812e+02 
 5.41169527e+08  2.49488563e+01  5.41169527e+08 -3.15234821e+02 
 5.84341413e+08  2.43321174e+01  5.84341413e+08 -3.12896729e+02 
 6.30957344e+08  2.37073120e+01  6.30957344e+08 -3.10904266e+02 
 6.81292069e+08  2.30786770e+01  6.81292069e+08 -3.09227951e+02 
 7.35642254e+08  2.24494350e+01  7.35642254e+08 -3.07840808e+02 
 7.94328235e+08  2.18220452e+01  7.94328235e+08 -3.06718625e+02 
 8.57695899e+08  2.11983968e+01  8.57695899e+08 -3.05839958e+02 
 9.26118728e+08  2.05799577e+01  9.26118728e+08 -3.05186027e+02 
 1.00000000e+09  1.99678925e+01  1.00000000e+09 -3.04740544e+02 
