 1.00000000e+00  6.07604757e+01  1.00000000e+00 -1.56616159e-04 
 1.07977516e+00  6.07604757e+01  1.07977516e+00 -1.69110239e-04 
 1.16591440e+00  6.07604757e+01  1.16591440e+00 -1.82601035e-04 
 1.25892541e+00  6.07604757e+01  1.25892541e+00 -1.97168063e-04 
 1.35935639e+00  6.07604757e+01  1.35935639e+00 -2.12897177e-04 
 1.46779927e+00  6.07604757e+01  1.46779927e+00 -2.29881084e-04 
 1.58489319e+00  6.07604757e+01  1.58489319e+00 -2.48219884e-04 
 1.71132830e+00  6.07604757e+01  1.71132830e+00 -2.68021666e-04 
 1.84784980e+00  6.07604757e+01  1.84784980e+00 -2.89403138e-04 
 1.99526231e+00  6.07604757e+01  1.99526231e+00 -3.12490320e-04 
 2.15443469e+00  6.07604757e+01  2.15443469e+00 -3.37419286e-04 
 2.32630507e+00  6.07604757e+01  2.32630507e+00 -3.64336965e-04 
 2.51188643e+00  6.07604757e+01  2.51188643e+00 -3.93402005e-04 
 2.71227258e+00  6.07604757e+01  2.71227258e+00 -4.24785714e-04 
 2.92864456e+00  6.07604757e+01  2.92864456e+00 -4.58673063e-04 
 3.16227766e+00  6.07604757e+01  3.16227766e+00 -4.95263781e-04 
 3.41454887e+00  6.07604757e+01  3.41454887e+00 -5.34773530e-04 
 3.68694506e+00  6.07604757e+01  3.68694506e+00 -5.77435175e-04 
 3.98107171e+00  6.07604757e+01  3.98107171e+00 -6.23500160e-04 
 4.29866235e+00  6.07604757e+01  4.29866235e+00 -6.73239986e-04 
 4.64158883e+00  6.07604757e+01  4.64158883e+00 -7.26947816e-04 
 5.01187234e+00  6.07604757e+01  5.01187234e+00 -7.84940195e-04 
 5.41169527e+00  6.07604757e+01  5.41169527e+00 -8.47558927e-04 
 5.84341413e+00  6.07604757e+01  5.84341413e+00 -9.15173078e-04 
 6.30957344e+00  6.07604757e+01  6.30957344e+00 -9.88181159e-04 
 6.81292069e+00  6.07604757e+01  6.81292069e+00 -1.06701347e-03 
 7.35642254e+00  6.07604757e+01  7.35642254e+00 -1.15213464e-03 
 7.94328235e+00  6.07604757e+01  7.94328235e+00 -1.24404637e-03 
 8.57695899e+00  6.07604757e+01  8.57695899e+00 -1.34329037e-03 
 9.26118728e+00  6.07604757e+01  9.26118728e+00 -1.45045158e-03 
 1.00000000e+01  6.07604757e+01  1.00000000e+01 -1.56616159e-03 
 1.07977516e+01  6.07604757e+01  1.07977516e+01 -1.69110239e-03 
 1.16591440e+01  6.07604757e+01  1.16591440e+01 -1.82601035e-03 
 1.25892541e+01  6.07604757e+01  1.25892541e+01 -1.97168063e-03 
 1.35935639e+01  6.07604757e+01  1.35935639e+01 -2.12897177e-03 
 1.46779927e+01  6.07604757e+01  1.46779927e+01 -2.29881084e-03 
 1.58489319e+01  6.07604757e+01  1.58489319e+01 -2.48219884e-03 
 1.71132830e+01  6.07604757e+01  1.71132830e+01 -2.68021666e-03 
 1.84784980e+01  6.07604757e+01  1.84784980e+01 -2.89403138e-03 
 1.99526231e+01  6.07604757e+01  1.99526231e+01 -3.12490320e-03 
 2.15443469e+01  6.07604757e+01  2.15443469e+01 -3.37419286e-03 
 2.32630507e+01  6.07604757e+01  2.32630507e+01 -3.64336964e-03 
 2.51188643e+01  6.07604757e+01  2.51188643e+01 -3.93402005e-03 
 2.71227258e+01  6.07604757e+01  2.71227258e+01 -4.24785713e-03 
 2.92864456e+01  6.07604757e+01  2.92864456e+01 -4.58673063e-03 
 3.16227766e+01  6.07604757e+01  3.16227766e+01 -4.95263781e-03 
 3.41454887e+01  6.07604756e+01  3.41454887e+01 -5.34773529e-03 
 3.68694506e+01  6.07604756e+01  3.68694506e+01 -5.77435174e-03 
 3.98107171e+01  6.07604756e+01  3.98107171e+01 -6.23500158e-03 
 4.29866235e+01  6.07604756e+01  4.29866235e+01 -6.73239984e-03 
 4.64158883e+01  6.07604756e+01  4.64158883e+01 -7.26947813e-03 
 5.01187234e+01  6.07604756e+01  5.01187234e+01 -7.84940192e-03 
 5.41169527e+01  6.07604756e+01  5.41169527e+01 -8.47558923e-03 
 5.84341413e+01  6.07604756e+01  5.84341413e+01 -9.15173073e-03 
 6.30957344e+01  6.07604756e+01  6.30957344e+01 -9.88181152e-03 
 6.81292069e+01  6.07604756e+01  6.81292069e+01 -1.06701346e-02 
 7.35642254e+01  6.07604755e+01  7.35642254e+01 -1.15213463e-02 
 7.94328235e+01  6.07604755e+01  7.94328235e+01 -1.24404636e-02 
 8.57695899e+01  6.07604755e+01  8.57695899e+01 -1.34329036e-02 
 9.26118728e+01  6.07604755e+01  9.26118728e+01 -1.45045156e-02 
 1.00000000e+02  6.07604754e+01  1.00000000e+02 -1.56616157e-02 
 1.07977516e+02  6.07604754e+01  1.07977516e+02 -1.69110235e-02 
 1.16591440e+02  6.07604753e+01  1.16591440e+02 -1.82601031e-02 
 1.25892541e+02  6.07604753e+01  1.25892541e+02 -1.97168057e-02 
 1.35935639e+02  6.07604752e+01  1.35935639e+02 -2.12897170e-02 
 1.46779927e+02  6.07604751e+01  1.46779927e+02 -2.29881075e-02 
 1.58489319e+02  6.07604750e+01  1.58489319e+02 -2.48219874e-02 
 1.71132830e+02  6.07604749e+01  1.71132830e+02 -2.68021653e-02 
 1.84784980e+02  6.07604748e+01  1.84784980e+02 -2.89403121e-02 
 1.99526231e+02  6.07604747e+01  1.99526231e+02 -3.12490300e-02 
 2.15443469e+02  6.07604745e+01  2.15443469e+02 -3.37419260e-02 
 2.32630507e+02  6.07604743e+01  2.32630507e+02 -3.64336932e-02 
 2.51188643e+02  6.07604741e+01  2.51188643e+02 -3.93401964e-02 
 2.71227258e+02  6.07604738e+01  2.71227258e+02 -4.24785662e-02 
 2.92864456e+02  6.07604735e+01  2.92864456e+02 -4.58672998e-02 
 3.16227766e+02  6.07604732e+01  3.16227766e+02 -4.95263699e-02 
 3.41454887e+02  6.07604728e+01  3.41454887e+02 -5.34773426e-02 
 3.68694506e+02  6.07604723e+01  3.68694506e+02 -5.77435044e-02 
 3.98107171e+02  6.07604717e+01  3.98107171e+02 -6.23499995e-02 
 4.29866235e+02  6.07604710e+01  4.29866235e+02 -6.73239779e-02 
 4.64158883e+02  6.07604703e+01  4.64158883e+02 -7.26947554e-02 
 5.01187234e+02  6.07604694e+01  5.01187234e+02 -7.84939866e-02 
 5.41169527e+02  6.07604683e+01  5.41169527e+02 -8.47558512e-02 
 5.84341413e+02  6.07604671e+01  5.84341413e+02 -9.15172556e-02 
 6.30957344e+02  6.07604657e+01  6.30957344e+02 -9.88180502e-02 
 6.81292069e+02  6.07604640e+01  6.81292069e+02 -1.06701264e-01 
 7.35642254e+02  6.07604621e+01  7.35642254e+02 -1.15213360e-01 
 7.94328235e+02  6.07604599e+01  7.94328235e+02 -1.24404506e-01 
 8.57695899e+02  6.07604572e+01  8.57695899e+02 -1.34328872e-01 
 9.26118728e+02  6.07604542e+01  9.26118728e+02 -1.45044950e-01 
 1.00000000e+03  6.07604506e+01  1.00000000e+03 -1.56615898e-01 
 1.07977516e+03  6.07604464e+01  1.07977516e+03 -1.69109909e-01 
 1.16591440e+03  6.07604416e+01  1.16591440e+03 -1.82600621e-01 
 1.25892541e+03  6.07604359e+01  1.25892541e+03 -1.97167541e-01 
 1.35935639e+03  6.07604293e+01  1.35935639e+03 -2.12896520e-01 
 1.46779927e+03  6.07604217e+01  1.46779927e+03 -2.29880257e-01 
 1.58489319e+03  6.07604127e+01  1.58489319e+03 -2.48218843e-01 
 1.71132830e+03  6.07604022e+01  1.71132830e+03 -2.68020354e-01 
 1.84784980e+03  6.07603900e+01  1.84784980e+03 -2.89401487e-01 
 1.99526231e+03  6.07603758e+01  1.99526231e+03 -3.12488241e-01 
 2.15443469e+03  6.07603593e+01  2.15443469e+03 -3.37416669e-01 
 2.32630507e+03  6.07603400e+01  2.32630507e+03 -3.64333671e-01 
 2.51188643e+03  6.07603175e+01  2.51188643e+03 -3.93397858e-01 
 2.71227258e+03  6.07602912e+01  2.71227258e+03 -4.24780494e-01 
 2.92864456e+03  6.07602606e+01  2.92864456e+03 -4.58666490e-01 
 3.16227766e+03  6.07602249e+01  3.16227766e+03 -4.95255506e-01 
 3.41454887e+03  6.07601833e+01  3.41454887e+03 -5.34763111e-01 
 3.68694506e+03  6.07601347e+01  3.68694506e+03 -5.77422057e-01 
 3.98107171e+03  6.07600782e+01  3.98107171e+03 -6.23483648e-01 
 4.29866235e+03  6.07600123e+01  4.29866235e+03 -6.73219199e-01 
 4.64158883e+03  6.07599354e+01  4.64158883e+03 -7.26921648e-01 
 5.01187234e+03  6.07598458e+01  5.01187234e+03 -7.84907252e-01 
 5.41169527e+03  6.07597412e+01  5.41169527e+03 -8.47517450e-01 
 5.84341413e+03  6.07596194e+01  5.84341413e+03 -9.15120862e-01 
 6.30957344e+03  6.07594773e+01  6.30957344e+03 -9.88115427e-01 
 6.81292069e+03  6.07593117e+01  6.81292069e+03 -1.06693072e+00 
 7.35642254e+03  6.07591186e+01  7.35642254e+03 -1.15203047e+00 
 7.94328235e+03  6.07588935e+01  7.94328235e+03 -1.24391523e+00 
 8.57695899e+03  6.07586310e+01  8.57695899e+03 -1.34312528e+00 
 9.26118728e+03  6.07583249e+01  9.26118728e+03 -1.45024374e+00 
 1.00000000e+04  6.07579681e+01  1.00000000e+04 -1.56589995e+00 
 1.07977516e+04  6.07575522e+01  1.07977516e+04 -1.69077302e+00 
 1.16591440e+04  6.07570675e+01  1.16591440e+04 -1.82559574e+00 
 1.25892541e+04  6.07565022e+01  1.25892541e+04 -1.97115870e+00 
 1.35935639e+04  6.07558433e+01  1.35935639e+04 -2.12831475e+00 
 1.46779927e+04  6.07550749e+01  1.46779927e+04 -2.29798380e+00 
 1.58489319e+04  6.07541795e+01  1.58489319e+04 -2.48115779e+00 
 1.71132830e+04  6.07531362e+01  1.71132830e+04 -2.67890622e+00 
 1.84784980e+04  6.07519198e+01  1.84784980e+04 -2.89238190e+00 
 1.99526231e+04  6.07505020e+01  1.99526231e+04 -3.12282701e+00 
 2.15443469e+04  6.07488493e+01  2.15443469e+04 -3.37157970e+00 
 2.32630507e+04  6.07469232e+01  2.32630507e+04 -3.64008074e+00 
 2.51188643e+04  6.07446784e+01  2.51188643e+04 -3.92988078e+00 
 2.71227258e+04  6.07420633e+01  2.71227258e+04 -4.24264799e+00 
 2.92864456e+04  6.07390158e+01  2.92864456e+04 -4.58017546e+00 
 3.16227766e+04  6.07354654e+01  3.16227766e+04 -4.94438929e+00 
 3.41454887e+04  6.07313295e+01  3.41454887e+04 -5.33735695e+00 
 3.68694506e+04  6.07265127e+01  3.68694506e+04 -5.76129479e+00 
 3.98107171e+04  6.07209024e+01  3.98107171e+04 -6.21857649e+00 
 4.29866235e+04  6.07143712e+01  4.29866235e+04 -6.71174033e+00 
 4.64158883e+04  6.07067679e+01  4.64158883e+04 -7.24349646e+00 
 5.01187234e+04  6.06979199e+01  5.01187234e+04 -7.81673257e+00 
 5.41169527e+04  6.06876261e+01  5.41169527e+04 -8.43451889e+00 
 5.84341413e+04  6.06756544e+01  5.84341413e+04 -9.10011104e+00 
 6.30957344e+04  6.06617375e+01  6.30957344e+04 -9.81695017e+00 
 6.81292069e+04  6.06455678e+01  6.81292069e+04 -1.05886601e+01 
 7.35642254e+04  6.06267875e+01  7.35642254e+04 -1.14190402e+01 
 7.94328235e+04  6.06049931e+01  7.94328235e+04 -1.23120532e+01 
 8.57695899e+04  6.05797160e+01  8.57695899e+04 -1.32718059e+01 
 9.26118728e+04  6.05504270e+01  9.26118728e+04 -1.43025221e+01 
 1.00000000e+05  6.05165223e+01  1.00000000e+05 -1.54085070e+01 
 1.07977516e+05  6.04773165e+01  1.07977516e+05 -1.65940991e+01 
 1.16591440e+05  6.04320401e+01  1.16591440e+05 -1.78636092e+01 
 1.25892541e+05  6.03798288e+01  1.25892541e+05 -1.92212468e+01 
 1.35935639e+05  6.03197226e+01  1.35935639e+05 -2.06710294e+01 
 1.46779927e+05  6.02506589e+01  1.46779927e+05 -2.22166748e+01 
 1.58489319e+05  6.01714711e+01  1.58489319e+05 -2.38614809e+01 
 1.71132830e+05  6.00808958e+01  1.71132830e+05 -2.56081883e+01 
 1.84784980e+05  5.99775777e+01  1.84784980e+05 -2.74588326e+01 
 1.99526231e+05  5.98600768e+01  1.99526231e+05 -2.94145933e+01 
 2.15443469e+05  5.97268962e+01  2.15443469e+05 -3.14756423e+01 
 2.32630507e+05  5.95764972e+01  2.32630507e+05 -3.36410085e+01 
 2.51188643e+05  5.94073352e+01  2.51188643e+05 -3.59084653e+01 
 2.71227258e+05  5.92178977e+01  2.71227258e+05 -3.82744589e+01 
 2.92864456e+05  5.90067433e+01  2.92864456e+05 -4.07340888e+01 
 3.16227766e+05  5.87725463e+01  3.16227766e+05 -4.32811547e+01 
 3.41454887e+05  5.85141482e+01  3.41454887e+05 -4.59082752e+01 
 3.68694506e+05  5.82305884e+01  3.68694506e+05 -4.86070869e+01 
 3.98107171e+05  5.79211483e+01  3.98107171e+05 -5.13685110e+01 
 4.29866235e+05  5.75853770e+01  4.29866235e+05 -5.41830821e+01 
 4.64158883e+05  5.72230971e+01  4.64158883e+05 -5.70413193e+01 
 5.01187234e+05  5.68344091e+01  5.01187234e+05 -5.99341097e+01 
 5.41169527e+05  5.64196752e+01  5.41169527e+05 -6.28530828e+01 
 5.84341413e+05  5.59794937e+01  5.84341413e+05 -6.57909480e+01 
 6.30957344e+05  5.55146555e+01  6.30957344e+05 -6.87417755e+01 
 6.81292069e+05  5.50261001e+01  6.81292069e+05 -7.17012024e+01 
 7.35642254e+05  5.45148715e+01  7.35642254e+05 -7.46665577e+01 
 7.94328235e+05  5.39820471e+01  7.94328235e+05 -7.76369150e+01 
 8.57695899e+05  5.34287169e+01  8.57695899e+05 -8.06130531e+01 
 9.26118728e+05  5.28559106e+01  9.26118728e+05 -8.35973763e+01 
 1.00000000e+06  5.22645749e+01  1.00000000e+06 -8.65937596e+01 
 1.07977516e+06  5.16555404e+01  1.07977516e+06 -8.96073637e+01 
 1.16591440e+06  5.10294881e+01  1.16591440e+06 -9.26444243e+01 
 1.25892541e+06  5.03869359e+01  1.25892541e+06 -9.57120145e+01 
 1.35935639e+06  4.97282318e+01  1.35935639e+06 -9.88177938e+01 
 1.46779927e+06  4.90535405e+01  1.46779927e+06 -1.01969758e+02 
 1.58489319e+06  4.83628551e+01  1.58489319e+06 -1.05175973e+02 
 1.71132830e+06  4.76560020e+01  1.71132830e+06 -1.08444317e+02 
 1.84784980e+06  4.69326537e+01  1.84784980e+06 -1.11782231e+02 
 1.99526231e+06  4.61923597e+01  1.99526231e+06 -1.15196454e+02 
 2.15443469e+06  4.54345696e+01  2.15443469e+06 -1.18692802e+02 
 2.32630507e+06  4.46586737e+01  2.32630507e+06 -1.22275951e+02 
 2.51188643e+06  4.38640490e+01  2.51188643e+06 -1.25949250e+02 
 2.71227258e+06  4.30501031e+01  2.71227258e+06 -1.29714593e+02 
 2.92864456e+06  4.22163311e+01  2.92864456e+06 -1.33572333e+02 
 3.16227766e+06  4.13623744e+01  3.16227766e+06 -1.37521252e+02 
 3.41454887e+06  4.04880666e+01  3.41454887e+06 -1.41558623e+02 
 3.68694506e+06  3.95934838e+01  3.68694506e+06 -1.45680324e+02 
 3.98107171e+06  3.86789843e+01  3.98107171e+06 -1.49881012e+02 
 4.29866235e+06  3.77452260e+01  4.29866235e+06 -1.54154364e+02 
 4.64158883e+06  3.67931735e+01  4.64158883e+06 -1.58493344e+02 
 5.01187234e+06  3.58240895e+01  5.01187234e+06 -1.62890463e+02 
 5.41169527e+06  3.48394882e+01  5.41169527e+06 -1.67338080e+02 
 5.84341413e+06  3.38410835e+01  5.84341413e+06 -1.71828648e+02 
 6.30957344e+06  3.28307128e+01  6.30957344e+06 -1.76354949e+02 
 6.81292069e+06  3.18102398e+01  6.81292069e+06 -1.80910326e+02 
 7.35642254e+06  3.07814532e+01  7.35642254e+06 -1.85488883e+02 
 7.94328235e+06  2.97459425e+01  7.94328235e+06 -1.90085778e+02 
 8.57695899e+06  2.87049747e+01  8.57695899e+06 -1.94697552e+02 
 9.26118728e+06  2.76593775e+01  9.26118728e+06 -1.99322550e+02 
 1.00000000e+07  2.66093997e+01  1.00000000e+07 -2.03961645e+02 
 1.07977516e+07  2.55546069e+01  1.07977516e+07 -2.08619060e+02 
 1.16591440e+07  2.44937616e+01  1.16591440e+07 -2.13303666e+02 
 1.25892541e+07  2.34247351e+01  1.25892541e+07 -2.18030658e+02 
 1.35935639e+07  2.23444326e+01  1.35935639e+07 -2.22823938e+02 
 1.46779927e+07  2.12487691e+01  1.46779927e+07 -2.27719368e+02 
 1.58489319e+07  2.01327205e+01  1.58489319e+07 -2.32769429e+02 
 1.71132830e+07  1.89905521e+01  1.71132830e+07 -2.38049792e+02 
 1.84784980e+07  1.78163929e+01  1.84784980e+07 -2.43668810e+02 
 1.99526231e+07  1.66055510e+01  1.99526231e+07 -2.49780886e+02 
 2.15443469e+07  1.53573519e+01  2.15443469e+07 -2.56604266e+02 
 2.32630507e+07  1.40810216e+01  2.32630507e+07 -2.64440480e+02 
 2.51188643e+07  1.28070842e+01  2.51188643e+07 -2.73681449e+02 
 2.71227258e+07  1.16063632e+01  2.71227258e+07 -2.84759803e+02 
 2.92864456e+07  1.06105232e+01  2.92864456e+07 -2.97948937e+02 
 3.16227766e+07  1.00025525e+01  3.16227766e+07 -3.12950475e+02 
 3.41454887e+07  9.93047842e+00  3.41454887e+07 -3.28567285e+02 
 3.68694506e+07  1.03896262e+01  3.68694506e+07 -3.43128652e+02 
 3.98107171e+07  1.12257366e+01  3.98107171e+07 -3.55470781e+02 
 4.29866235e+07  1.22542938e+01  4.29866235e+07 -3.65327181e+02 
 4.64158883e+07  1.33437421e+01  4.64158883e+07 -3.72986206e+02 
 5.01187234e+07  1.44229507e+01  5.01187234e+07 -3.78884743e+02 
 5.41169527e+07  1.54604186e+01  5.41169527e+07 -3.83415969e+02 
 5.84341413e+07  1.64456057e+01  5.84341413e+07 -3.86883210e+02 
 6.30957344e+07  1.73778571e+01  6.30957344e+07 -3.89507858e+02 
 6.81292069e+07  1.82607423e+01  6.81292069e+07 -3.91448684e+02 
 7.35642254e+07  1.90993580e+01  7.35642254e+07 -3.92819028e+02 
 7.94328235e+07  1.98991024e+01  7.94328235e+07 -3.93699424e+02 
 8.57695899e+07  2.06651425e+01  8.57695899e+07 -3.94146145e+02 
 9.26118728e+07  2.14021810e+01  9.26118728e+07 -3.94196710e+02 
 1.00000000e+08  2.21143277e+01  1.00000000e+08 -3.93873287e+02 
 1.07977516e+08  2.28049682e+01  1.07977516e+08 -3.93184687e+02 
 1.16591440e+08  2.34765647e+01  1.16591440e+08 -3.92127511e+02 
 1.25892541e+08  2.41303479e+01  1.25892541e+08 -3.90686972e+02 
 1.35935639e+08  2.47658720e+01  1.35935639e+08 -3.88837958e+02 
 1.46779927e+08  2.53804327e+01  1.46779927e+08 -3.86547020e+02 
 1.58489319e+08  2.59683897e+01  1.58489319e+08 -3.83776142e+02 
 1.71132830e+08  2.65205199e+01  1.71132830e+08 -3.80489180e+02 
 1.84784980e+08  2.70236447e+01  1.84784980e+08 -3.76661646e+02 
 1.99526231e+08  2.74609050e+01  1.99526231e+08 -3.72293507e+02 
 2.15443469e+08  2.78131008e+01  2.15443469e+08 -3.67422830e+02 
 2.32630507e+08  2.80613047e+01  2.32630507e+08 -3.62135624e+02 
 2.51188643e+08  2.81903990e+01  2.51188643e+08 -3.56565876e+02 
 2.71227258e+08  2.81924653e+01  2.71227258e+08 -3.50881955e+02 
 2.92864456e+08  2.80686320e+01  2.92864456e+08 -3.45261658e+02 
 3.16227766e+08  2.78285521e+01  3.16227766e+08 -3.39864679e+02 
 3.41454887e+08  2.74878617e+01  3.41454887e+08 -3.34812651e+02 
 3.68694506e+08  2.70648516e+01  3.68694506e+08 -3.30181993e+02 
 3.98107171e+08  2.65775952e+01  3.98107171e+08 -3.26008019e+02 
 4.29866235e+08  2.60421512e+01  4.29866235e+08 -3.22295038e+02 
 4.64158883e+08  2.54718262e+01  4.64158883e+08 -3.19027396e+02 
 5.01187234e+08  2.48771633e+01  5.01187234e+08 -3.16178584e+02 
 5.41169527e+08  2.42662966e+01  5.41169527e+08 -3.13717561e+02 
 5.84341413e+08  2.36454175e+01  5.84341413e+08 -3.11612620e+02 
 6.30957344e+08  2.30192180e+01  6.30957344e+08 -3.09833481e+02 
 6.81292069e+08  2.23912593e+01  6.81292069e+08 -3.08352270e+02 
 7.35642254e+08  2.17642574e+01  7.35642254e+08 -3.07143880e+02 
 7.94328235e+08  2.11402994e+01  7.94328235e+08 -3.06186009e+02 
 8.57695899e+08  2.05210073e+01  8.57695899e+08 -3.05459043e+02 
 9.26118728e+08  1.99076632e+01  9.26118728e+08 -3.04945891e+02 
 1.00000000e+09  1.93013092e+01  1.00000000e+09 -3.04631784e+02 
