 1.00000000e+00  6.53904023e+01  1.00000000e+00 -2.63713967e-04 
 1.07977516e+00  6.53904023e+01  1.07977516e+00 -2.84751791e-04 
 1.16591440e+00  6.53904023e+01  1.16591440e+00 -3.07467912e-04 
 1.25892541e+00  6.53904023e+01  1.25892541e+00 -3.31996214e-04 
 1.35935639e+00  6.53904023e+01  1.35935639e+00 -3.58481266e-04 
 1.46779927e+00  6.53904023e+01  1.46779927e+00 -3.87079167e-04 
 1.58489319e+00  6.53904023e+01  1.58489319e+00 -4.17958471e-04 
 1.71132830e+00  6.53904023e+01  1.71132830e+00 -4.51301176e-04 
 1.84784980e+00  6.53904023e+01  1.84784980e+00 -4.87303800e-04 
 1.99526231e+00  6.53904023e+01  1.99526231e+00 -5.26178540e-04 
 2.15443469e+00  6.53904023e+01  2.15443469e+00 -5.68154519e-04 
 2.32630507e+00  6.53904023e+01  2.32630507e+00 -6.13479137e-04 
 2.51188643e+00  6.53904023e+01  2.51188643e+00 -6.62419535e-04 
 2.71227258e+00  6.53904023e+01  2.71227258e+00 -7.15264161e-04 
 2.92864456e+00  6.53904023e+01  2.92864456e+00 -7.72324476e-04 
 3.16227766e+00  6.53904023e+01  3.16227766e+00 -8.33936786e-04 
 3.41454887e+00  6.53904023e+01  3.41454887e+00 -9.00464229e-04 
 3.68694506e+00  6.53904023e+01  3.68694506e+00 -9.72298909e-04 
 3.98107171e+00  6.53904023e+01  3.98107171e+00 -1.04986421e-03 
 4.29866235e+00  6.53904023e+01  4.29866235e+00 -1.13361730e-03 
 4.64158883e+00  6.53904023e+01  4.64158883e+00 -1.22405180e-03 
 5.01187234e+00  6.53904023e+01  5.01187234e+00 -1.32170074e-03 
 5.41169527e+00  6.53904023e+01  5.41169527e+00 -1.42713963e-03 
 5.84341413e+00  6.53904023e+01  5.84341413e+00 -1.54098992e-03 
 6.30957344e+00  6.53904023e+01  6.30957344e+00 -1.66392264e-03 
 6.81292069e+00  6.53904023e+01  6.81292069e+00 -1.79666234e-03 
 7.35642254e+00  6.53904023e+01  7.35642254e+00 -1.93999137e-03 
 7.94328235e+00  6.53904023e+01  7.94328235e+00 -2.09475450e-03 
 8.57695899e+00  6.53904023e+01  8.57695899e+00 -2.26186388e-03 
 9.26118728e+00  6.53904023e+01  9.26118728e+00 -2.44230443e-03 
 1.00000000e+01  6.53904023e+01  1.00000000e+01 -2.63713967e-03 
 1.07977516e+01  6.53904023e+01  1.07977516e+01 -2.84751791e-03 
 1.16591440e+01  6.53904023e+01  1.16591440e+01 -3.07467912e-03 
 1.25892541e+01  6.53904023e+01  1.25892541e+01 -3.31996214e-03 
 1.35935639e+01  6.53904023e+01  1.35935639e+01 -3.58481266e-03 
 1.46779927e+01  6.53904023e+01  1.46779927e+01 -3.87079167e-03 
 1.58489319e+01  6.53904023e+01  1.58489319e+01 -4.17958470e-03 
 1.71132830e+01  6.53904023e+01  1.71132830e+01 -4.51301175e-03 
 1.84784980e+01  6.53904023e+01  1.84784980e+01 -4.87303799e-03 
 1.99526231e+01  6.53904023e+01  1.99526231e+01 -5.26178539e-03 
 2.15443469e+01  6.53904023e+01  2.15443469e+01 -5.68154517e-03 
 2.32630507e+01  6.53904023e+01  2.32630507e+01 -6.13479136e-03 
 2.51188643e+01  6.53904023e+01  2.51188643e+01 -6.62419533e-03 
 2.71227258e+01  6.53904023e+01  2.71227258e+01 -7.15264158e-03 
 2.92864456e+01  6.53904023e+01  2.92864456e+01 -7.72324472e-03 
 3.16227766e+01  6.53904022e+01  3.16227766e+01 -8.33936781e-03 
 3.41454887e+01  6.53904022e+01  3.41454887e+01 -9.00464223e-03 
 3.68694506e+01  6.53904022e+01  3.68694506e+01 -9.72298901e-03 
 3.98107171e+01  6.53904022e+01  3.98107171e+01 -1.04986420e-02 
 4.29866235e+01  6.53904022e+01  4.29866235e+01 -1.13361729e-02 
 4.64158883e+01  6.53904021e+01  4.64158883e+01 -1.22405179e-02 
 5.01187234e+01  6.53904021e+01  5.01187234e+01 -1.32170072e-02 
 5.41169527e+01  6.53904021e+01  5.41169527e+01 -1.42713960e-02 
 5.84341413e+01  6.53904020e+01  5.84341413e+01 -1.54098989e-02 
 6.30957344e+01  6.53904020e+01  6.30957344e+01 -1.66392260e-02 
 6.81292069e+01  6.53904019e+01  6.81292069e+01 -1.79666229e-02 
 7.35642254e+01  6.53904019e+01  7.35642254e+01 -1.93999131e-02 
 7.94328235e+01  6.53904018e+01  7.94328235e+01 -2.09475442e-02 
 8.57695899e+01  6.53904017e+01  8.57695899e+01 -2.26186378e-02 
 9.26118728e+01  6.53904016e+01  9.26118728e+01 -2.44230432e-02 
 1.00000000e+02  6.53904015e+01  1.00000000e+02 -2.63713952e-02 
 1.07977516e+02  6.53904014e+01  1.07977516e+02 -2.84751772e-02 
 1.16591440e+02  6.53904012e+01  1.16591440e+02 -3.07467888e-02 
 1.25892541e+02  6.53904011e+01  1.25892541e+02 -3.31996184e-02 
 1.35935639e+02  6.53904008e+01  1.35935639e+02 -3.58481228e-02 
 1.46779927e+02  6.53904006e+01  1.46779927e+02 -3.87079120e-02 
 1.58489319e+02  6.53904003e+01  1.58489319e+02 -4.17958411e-02 
 1.71132830e+02  6.53904000e+01  1.71132830e+02 -4.51301100e-02 
 1.84784980e+02  6.53903996e+01  1.84784980e+02 -4.87303705e-02 
 1.99526231e+02  6.53903991e+01  1.99526231e+02 -5.26178420e-02 
 2.15443469e+02  6.53903986e+01  2.15443469e+02 -5.68154368e-02 
 2.32630507e+02  6.53903980e+01  2.32630507e+02 -6.13478948e-02 
 2.51188643e+02  6.53903973e+01  2.51188643e+02 -6.62419296e-02 
 2.71227258e+02  6.53903964e+01  2.71227258e+02 -7.15263860e-02 
 2.92864456e+02  6.53903955e+01  2.92864456e+02 -7.72324097e-02 
 3.16227766e+02  6.53903943e+01  3.16227766e+02 -8.33936309e-02 
 3.41454887e+02  6.53903929e+01  3.41454887e+02 -9.00463622e-02 
 3.68694506e+02  6.53903914e+01  3.68694506e+02 -9.72298146e-02 
 3.98107171e+02  6.53903896e+01  3.98107171e+02 -1.04986325e-01 
 4.29866235e+02  6.53903875e+01  4.29866235e+02 -1.13361609e-01 
 4.64158883e+02  6.53903850e+01  4.64158883e+02 -1.22405029e-01 
 5.01187234e+02  6.53903821e+01  5.01187234e+02 -1.32169883e-01 
 5.41169527e+02  6.53903788e+01  5.41169527e+02 -1.42713723e-01 
 5.84341413e+02  6.53903748e+01  5.84341413e+02 -1.54098689e-01 
 6.30957344e+02  6.53903703e+01  6.30957344e+02 -1.66391883e-01 
 6.81292069e+02  6.53903650e+01  6.81292069e+02 -1.79665755e-01 
 7.35642254e+02  6.53903589e+01  7.35642254e+02 -1.93998534e-01 
 7.94328235e+02  6.53903516e+01  7.94328235e+02 -2.09474690e-01 
 8.57695899e+02  6.53903432e+01  8.57695899e+02 -2.26185432e-01 
 9.26118728e+02  6.53903334e+01  9.26118728e+02 -2.44229239e-01 
 1.00000000e+03  6.53903219e+01  1.00000000e+03 -2.63712450e-01 
 1.07977516e+03  6.53903086e+01  1.07977516e+03 -2.84749884e-01 
 1.16591440e+03  6.53902931e+01  1.16591440e+03 -3.07465510e-01 
 1.25892541e+03  6.53902750e+01  1.25892541e+03 -3.31993190e-01 
 1.35935639e+03  6.53902538e+01  1.35935639e+03 -3.58477459e-01 
 1.46779927e+03  6.53902291e+01  1.46779927e+03 -3.87074373e-01 
 1.58489319e+03  6.53902004e+01  1.58489319e+03 -4.17952435e-01 
 1.71132830e+03  6.53901669e+01  1.71132830e+03 -4.51293577e-01 
 1.84784980e+03  6.53901278e+01  1.84784980e+03 -4.87294230e-01 
 1.99526231e+03  6.53900823e+01  1.99526231e+03 -5.26166492e-01 
 2.15443469e+03  6.53900291e+01  2.15443469e+03 -5.68139348e-01 
 2.32630507e+03  6.53899672e+01  2.32630507e+03 -6.13460037e-01 
 2.51188643e+03  6.53898950e+01  2.51188643e+03 -6.62395492e-01 
 2.71227258e+03  6.53898109e+01  2.71227258e+03 -7.15233897e-01 
 2.92864456e+03  6.53897128e+01  2.92864456e+03 -7.72286381e-01 
 3.16227766e+03  6.53895984e+01  3.16227766e+03 -8.33888826e-01 
 3.41454887e+03  6.53894651e+01  3.41454887e+03 -9.00403860e-01 
 3.68694506e+03  6.53893096e+01  3.68694506e+03 -9.72222908e-01 
 3.98107171e+03  6.53891282e+01  3.98107171e+03 -1.04976852e+00 
 4.29866235e+03  6.53889169e+01  4.29866235e+03 -1.13349684e+00 
 4.64158883e+03  6.53886707e+01  4.64158883e+03 -1.22390018e+00 
 5.01187234e+03  6.53883833e+01  5.01187234e+03 -1.32150984e+00 
 5.41169527e+03  6.53880486e+01  5.41169527e+03 -1.42689934e+00 
 5.84341413e+03  6.53876581e+01  5.84341413e+03 -1.54068742e+00 
 6.30957344e+03  6.53872028e+01  6.30957344e+03 -1.66354183e+00 
 6.81292069e+03  6.53866723e+01  6.81292069e+03 -1.79618296e+00 
 7.35642254e+03  6.53860538e+01  7.35642254e+03 -1.93938793e+00 
 7.94328235e+03  6.53853328e+01  7.94328235e+03 -2.09399491e+00 
 8.57695899e+03  6.53844923e+01  8.57695899e+03 -2.26090772e+00 
 9.26118728e+03  6.53835124e+01  9.26118728e+03 -2.44110082e+00 
 1.00000000e+04  6.53823701e+01  1.00000000e+04 -2.63562464e+00 
 1.07977516e+04  6.53810391e+01  1.07977516e+04 -2.84561098e+00 
 1.16591440e+04  6.53794876e+01  1.16591440e+04 -3.07227894e+00 
 1.25892541e+04  6.53776795e+01  1.25892541e+04 -3.31694128e+00 
 1.35935639e+04  6.53755722e+01  1.35935639e+04 -3.58101069e+00 
 1.46779927e+04  6.53731163e+01  1.46779927e+04 -3.86600691e+00 
 1.58489319e+04  6.53702551e+01  1.58489319e+04 -4.17356344e+00 
 1.71132830e+04  6.53669214e+01  1.71132830e+04 -4.50543493e+00 
 1.84784980e+04  6.53630377e+01  1.84784980e+04 -4.86350445e+00 
 1.99526231e+04  6.53585137e+01  1.99526231e+04 -5.24979079e+00 
 2.15443469e+04  6.53532452e+01  2.15443469e+04 -5.66645572e+00 
 2.32630507e+04  6.53471110e+01  2.32630507e+04 -6.11581105e+00 
 2.51188643e+04  6.53399704e+01  2.51188643e+04 -6.60032413e+00 
 2.71227258e+04  6.53316595e+01  2.71227258e+04 -7.12262382e+00 
 2.92864456e+04  6.53219891e+01  2.92864456e+04 -7.68550510e+00 
 3.16227766e+04  6.53107415e+01  3.16227766e+04 -8.29193042e+00 
 3.41454887e+04  6.52976639e+01  3.41454887e+04 -8.94502991e+00 
 3.68694506e+04  6.52824664e+01  3.68694506e+04 -9.64809939e+00 
 3.98107171e+04  6.52648134e+01  3.98107171e+04 -1.04045917e+01 
 4.29866235e+04  6.52443218e+01  4.29866235e+04 -1.12181063e+01 
 4.64158883e+04  6.52205511e+01  4.64158883e+04 -1.20923701e+01 
 5.01187234e+04  6.51929995e+01  5.01187234e+04 -1.30312119e+01 
 5.41169527e+04  6.51610949e+01  5.41169527e+04 -1.40385292e+01 
 5.84341413e+04  6.51241883e+01  5.84341413e+04 -1.51182387e+01 
 6.30957344e+04  6.50815505e+01  6.30957344e+04 -1.62742236e+01 
 6.81292069e+04  6.50323581e+01  6.81292069e+04 -1.75102581e+01 
 7.35642254e+04  6.49756958e+01  7.35642254e+04 -1.88299211e+01 
 7.94328235e+04  6.49105487e+01  7.94328235e+04 -2.02364936e+01 
 8.57695899e+04  6.48358013e+01  8.57695899e+04 -2.17328385e+01 
 9.26118728e+04  6.47502383e+01  9.26118728e+04 -2.33212659e+01 
 1.00000000e+05  6.46525536e+01  1.00000000e+05 -2.50033856e+01 
 1.07977516e+05  6.45413556e+01  1.07977516e+05 -2.67799548e+01 
 1.16591440e+05  6.44151874e+01  1.16591440e+05 -2.86507177e+01 
 1.25892541e+05  6.42725468e+01  1.25892541e+05 -3.06142630e+01 
 1.35935639e+05  6.41119214e+01  1.35935639e+05 -3.26678969e+01 
 1.46779927e+05  6.39318143e+01  1.46779927e+05 -3.48075476e+01 
 1.58489319e+05  6.37307927e+01  1.58489319e+05 -3.70277250e+01 
 1.71132830e+05  6.35075342e+01  1.71132830e+05 -3.93215356e+01 
 1.84784980e+05  6.32608649e+01  1.84784980e+05 -4.16807725e+01 
 1.99526231e+05  6.29898138e+01  1.99526231e+05 -4.40960798e+01 
 2.15443469e+05  6.26936445e+01  2.15443469e+05 -4.65571910e+01 
 2.32630507e+05  6.23718897e+01  2.32630507e+05 -4.90532389e+01 
 2.51188643e+05  6.20243690e+01  2.51188643e+05 -5.15731075e+01 
 2.71227258e+05  6.16512004e+01  2.71227258e+05 -5.41058139e+01 
 2.92864456e+05  6.12527835e+01  2.92864456e+05 -5.66408944e+01 
 3.16227766e+05  6.08297871e+01  3.16227766e+05 -5.91687534e+01 
 3.41454887e+05  6.03831121e+01  3.41454887e+05 -6.16809813e+01 
 3.68694506e+05  5.99138500e+01  3.68694506e+05 -6.41705905e+01 
 3.98107171e+05  5.94232413e+01  3.98107171e+05 -6.66321896e+01 
 4.29866235e+05  5.89126222e+01  4.29866235e+05 -6.90620745e+01 
 4.64158883e+05  5.83833792e+01  4.64158883e+05 -7.14582514e+01 
 5.01187234e+05  5.78369076e+01  5.01187234e+05 -7.38203992e+01 
 5.41169527e+05  5.72745703e+01  5.41169527e+05 -7.61497816e+01 
 5.84341413e+05  5.66976701e+01  5.84341413e+05 -7.84491233e+01 
 6.30957344e+05  5.61074142e+01  6.30957344e+05 -8.07224749e+01 
 6.81292069e+05  5.55049063e+01  6.81292069e+05 -8.29750498e+01 
 7.35642254e+05  5.48911278e+01  7.35642254e+05 -8.52130765e+01 
 7.94328235e+05  5.42669225e+01  7.94328235e+05 -8.74436481e+01 
 8.57695899e+05  5.36329978e+01  8.57695899e+05 -8.96745782e+01 
 9.26118728e+05  5.29899205e+01  9.26118728e+05 -9.19142687e+01 
 1.00000000e+06  5.23381093e+01  1.00000000e+06 -9.41715926e+01 
 1.07977516e+06  5.16778430e+01  1.07977516e+06 -9.64557728e+01 
 1.16591440e+06  5.10092551e+01  1.16591440e+06 -9.87762791e+01 
 1.25892541e+06  5.03323417e+01  1.25892541e+06 -1.01142715e+02 
 1.35935639e+06  4.96469574e+01  1.35935639e+06 -1.03564715e+02 
 1.46779927e+06  4.89528271e+01  1.46779927e+06 -1.06051823e+02 
 1.58489319e+06  4.82495431e+01  1.58489319e+06 -1.08613376e+02 
 1.71132830e+06  4.75365764e+01  1.71132830e+06 -1.11258370e+02 
 1.84784980e+06  4.68132852e+01  1.84784980e+06 -1.13995310e+02 
 1.99526231e+06  4.60789276e+01  1.99526231e+06 -1.16832056e+02 
 2.15443469e+06  4.53326790e+01  2.15443469e+06 -1.19775648e+02 
 2.32630507e+06  4.45736519e+01  2.32630507e+06 -1.22832140e+02 
 2.51188643e+06  4.38009302e+01  2.51188643e+06 -1.26006409e+02 
 2.71227258e+06  4.30135940e+01  2.71227258e+06 -1.29302000e+02 
 2.92864456e+06  4.22107675e+01  2.92864456e+06 -1.32720967e+02 
 3.16227766e+06  4.13916588e+01  3.16227766e+06 -1.36263762e+02 
 3.41454887e+06  4.05556093e+01  3.41454887e+06 -1.39929161e+02 
 3.68694506e+06  3.97021434e+01  3.68694506e+06 -1.43714240e+02 
 3.98107171e+06  3.88310106e+01  3.98107171e+06 -1.47614426e+02 
 4.29866235e+06  3.79422264e+01  4.29866235e+06 -1.51623603e+02 
 4.64158883e+06  3.70360986e+01  4.64158883e+06 -1.55734283e+02 
 5.01187234e+06  3.61132326e+01  5.01187234e+06 -1.59937839e+02 
 5.41169527e+06  3.51745314e+01  5.41169527e+06 -1.64224758e+02 
 5.84341413e+06  3.42211562e+01  5.84341413e+06 -1.68584947e+02 
 6.30957344e+06  3.32544780e+01  6.30957344e+06 -1.73008032e+02 
 6.81292069e+06  3.22759998e+01  6.81292069e+06 -1.77483674e+02 
 7.35642254e+06  3.12872598e+01  7.35642254e+06 -1.82001900e+02 
 7.94328235e+06  3.02897187e+01  7.94328235e+06 -1.86553455e+02 
 8.57695899e+06  2.92846351e+01  8.57695899e+06 -1.91130193e+02 
 9.26118728e+06  2.82729365e+01  9.26118728e+06 -1.95725541e+02 
 1.00000000e+07  2.72550769e+01  1.00000000e+07 -2.00335132e+02 
 1.07977516e+07  2.62309080e+01  1.07977516e+07 -2.04957575e+02 
 1.16591440e+07  2.51995497e+01  1.16591440e+07 -2.09595490e+02 
 1.25892541e+07  2.41592700e+01  1.25892541e+07 -2.14256907e+02 
 1.35935639e+07  2.31073786e+01  1.35935639e+07 -2.18957149e+02 
 1.46779927e+07  2.20401412e+01  1.46779927e+07 -2.23721431e+02 
 1.58489319e+07  2.09527352e+01  1.58489319e+07 -2.28588491e+02 
 1.71132830e+07  1.98392866e+01  1.71132830e+07 -2.33615824e+02 
 1.84784980e+07  1.86930912e+01  1.84784980e+07 -2.38887276e+02 
 1.99526231e+07  1.75072324e+01  1.99526231e+07 -2.44524247e+02 
 2.15443469e+07  1.62760820e+01  2.15443469e+07 -2.50701874e+02 
 2.32630507e+07  1.49986925e+01  2.32630507e+07 -2.57671144e+02 
 2.51188643e+07  1.36861179e+01  2.51188643e+07 -2.65783548e+02 
 2.71227258e+07  1.23760679e+01  2.71227258e+07 -2.75498880e+02 
 2.92864456e+07  1.11575225e+01  2.92864456e+07 -2.87312384e+02 
 3.16227766e+07  1.01946890e+01  3.16227766e+07 -3.01469210e+02 
 3.41454887e+07  9.70138489e+00  3.41454887e+07 -3.17420610e+02 
 3.68694506e+07  9.81298975e+00  3.68694506e+07 -3.33559624e+02 
 3.98107171e+07  1.04628629e+01  3.98107171e+07 -3.48032568e+02 
 4.29866235e+07  1.14451854e+01  4.29866235e+07 -3.59867092e+02 
 4.64158883e+07  1.25661696e+01  4.64158883e+07 -3.69075276e+02 
 5.01187234e+07  1.37074778e+01  5.01187234e+07 -3.76109256e+02 
 5.41169527e+07  1.48130448e+01  5.41169527e+07 -3.81462787e+02 
 5.84341413e+07  1.58619711e+01  5.84341413e+07 -3.85534855e+02 
 6.30957344e+07  1.68501462e+01  6.30957344e+07 -3.88617730e+02 
 6.81292069e+07  1.77806393e+01  6.81292069e+07 -3.90918878e+02 
 7.35642254e+07  1.86591778e+01  7.35642254e+07 -3.92584644e+02 
 7.94328235e+07  1.94921440e+01  7.94328235e+07 -3.93718269e+02 
 8.57695899e+07  2.02857392e+01  8.57695899e+07 -3.94392191e+02 
 9.26118728e+07  2.10456577e+01  9.26118728e+07 -3.94656011e+02 
 1.00000000e+08  2.17769597e+01  1.00000000e+08 -3.94541459e+02 
 1.07977516e+08  2.24839841e+01  1.07977516e+08 -3.94065347e+02 
 1.16591440e+08  2.31702185e+01  1.16591440e+08 -3.93231250e+02 
 1.25892541e+08  2.38380730e+01  1.25892541e+08 -3.92030471e+02 
 1.35935639e+08  2.44885240e+01  1.35935639e+08 -3.90442874e+02 
 1.46779927e+08  2.51206071e+01  1.46779927e+08 -3.88438188e+02 
 1.58489319e+08  2.57307753e+01  1.58489319e+08 -3.85978585e+02 
 1.71132830e+08  2.63121904e+01  1.71132830e+08 -3.83023404e+02 
 1.84784980e+08  2.68541182e+01  1.84784980e+08 -3.79536975e+02 
 1.99526231e+08  2.73417316e+01  1.99526231e+08 -3.75499914e+02 
 2.15443469e+08  2.77567387e+01  2.15443469e+08 -3.70923008e+02 
 2.32630507e+08  2.80792287e+01  2.32630507e+08 -3.65860526e+02 
 2.51188643e+08  2.82907804e+01  2.51188643e+08 -3.60417372e+02 
 2.71227258e+08  2.83781944e+01  2.71227258e+08 -3.54744250e+02 
 2.92864456e+08  2.83365419e+01  2.92864456e+08 -3.49018824e+02 
 3.16227766e+08  2.81702039e+01  3.16227766e+08 -3.43417994e+02 
 3.41454887e+08  2.78914768e+01  3.41454887e+08 -3.38091626e+02 
 3.68694506e+08  2.75175263e+01  3.68694506e+08 -3.33146819e+02 
 3.98107171e+08  2.70670618e+01  3.98107171e+08 -3.28645329e+02 
 4.29866235e+08  2.65577948e+01  4.29866235e+08 -3.24610617e+02 
 4.64158883e+08  2.60050409e+01  4.64158883e+08 -3.21038865e+02 
 5.01187234e+08  2.54212816e+01  5.01187234e+08 -3.17909575e+02 
 5.41169527e+08  2.48163163e+01  5.41169527e+08 -3.15193741e+02 
 5.84341413e+08  2.41976717e+01  5.84341413e+08 -3.12859258e+02 
 6.30957344e+08  2.35710660e+01  6.30957344e+08 -3.10874133e+02 
 6.81292069e+08  2.29408259e+01  6.81292069e+08 -3.09208181e+02 
 7.35642254e+08  2.23102268e+01  7.35642254e+08 -3.07833801e+02 
 7.94328235e+08  2.16817561e+01  7.94328235e+08 -3.06726247e+02 
 8.57695899e+08  2.10573151e+01  8.57695899e+08 -3.05863637e+02 
 9.26118728e+08  2.04383740e+01  9.26118728e+08 -3.05226832e+02 
 1.00000000e+09  1.98260939e+01  1.00000000e+09 -3.04799258e+02 
