 1.00000000e+00  6.21577840e+01  1.00000000e+00 -1.79868289e-04 
 1.07977516e+00  6.21577840e+01  1.07977516e+00 -1.94217311e-04 
 1.16591440e+00  6.21577840e+01  1.16591440e+00 -2.09711028e-04 
 1.25892541e+00  6.21577840e+01  1.25892541e+00 -2.26440760e-04 
 1.35935639e+00  6.21577840e+01  1.35935639e+00 -2.44505108e-04 
 1.46779927e+00  6.21577840e+01  1.46779927e+00 -2.64010543e-04 
 1.58489319e+00  6.21577840e+01  1.58489319e+00 -2.85072027e-04 
 1.71132830e+00  6.21577840e+01  1.71132830e+00 -3.07813694e-04 
 1.84784980e+00  6.21577840e+01  1.84784980e+00 -3.32369581e-04 
 1.99526231e+00  6.21577840e+01  1.99526231e+00 -3.58884419e-04 
 2.15443469e+00  6.21577840e+01  2.15443469e+00 -3.87514481e-04 
 2.32630507e+00  6.21577840e+01  2.32630507e+00 -4.18428512e-04 
 2.51188643e+00  6.21577840e+01  2.51188643e+00 -4.51808715e-04 
 2.71227258e+00  6.21577840e+01  2.71227258e+00 -4.87851828e-04 
 2.92864456e+00  6.21577840e+01  2.92864456e+00 -5.26770287e-04 
 3.16227766e+00  6.21577840e+01  3.16227766e+00 -5.68793472e-04 
 3.41454887e+00  6.21577840e+01  3.41454887e+00 -6.14169064e-04 
 3.68694506e+00  6.21577840e+01  3.68694506e+00 -6.63164500e-04 
 3.98107171e+00  6.21577840e+01  3.98107171e+00 -7.16068556e-04 
 4.29866235e+00  6.21577840e+01  4.29866235e+00 -7.73193041e-04 
 4.64158883e+00  6.21577840e+01  4.64158883e+00 -8.34874642e-04 
 5.01187234e+00  6.21577840e+01  5.01187234e+00 -9.01476902e-04 
 5.41169527e+00  6.21577840e+01  5.41169527e+00 -9.73392368e-04 
 5.84341413e+00  6.21577840e+01  5.84341413e+00 -1.05104490e-03 
 6.30957344e+00  6.21577840e+01  6.30957344e+00 -1.13489218e-03 
 6.81292069e+00  6.21577840e+01  6.81292069e+00 -1.22542839e-03 
 7.35642254e+00  6.21577840e+01  7.35642254e+00 -1.32318714e-03 
 7.94328235e+00  6.21577840e+01  7.94328235e+00 -1.42874460e-03 
 8.57695899e+00  6.21577840e+01  8.57695899e+00 -1.54272294e-03 
 9.26118728e+00  6.21577840e+01  9.26118728e+00 -1.66579391e-03 
 1.00000000e+01  6.21577840e+01  1.00000000e+01 -1.79868289e-03 
 1.07977516e+01  6.21577840e+01  1.07977516e+01 -1.94217311e-03 
 1.16591440e+01  6.21577840e+01  1.16591440e+01 -2.09711028e-03 
 1.25892541e+01  6.21577840e+01  1.25892541e+01 -2.26440760e-03 
 1.35935639e+01  6.21577840e+01  1.35935639e+01 -2.44505108e-03 
 1.46779927e+01  6.21577840e+01  1.46779927e+01 -2.64010543e-03 
 1.58489319e+01  6.21577840e+01  1.58489319e+01 -2.85072027e-03 
 1.71132830e+01  6.21577840e+01  1.71132830e+01 -3.07813694e-03 
 1.84784980e+01  6.21577840e+01  1.84784980e+01 -3.32369581e-03 
 1.99526231e+01  6.21577840e+01  1.99526231e+01 -3.58884418e-03 
 2.15443469e+01  6.21577840e+01  2.15443469e+01 -3.87514481e-03 
 2.32630507e+01  6.21577840e+01  2.32630507e+01 -4.18428512e-03 
 2.51188643e+01  6.21577840e+01  2.51188643e+01 -4.51808714e-03 
 2.71227258e+01  6.21577840e+01  2.71227258e+01 -4.87851828e-03 
 2.92864456e+01  6.21577840e+01  2.92864456e+01 -5.26770286e-03 
 3.16227766e+01  6.21577840e+01  3.16227766e+01 -5.68793471e-03 
 3.41454887e+01  6.21577840e+01  3.41454887e+01 -6.14169062e-03 
 3.68694506e+01  6.21577839e+01  3.68694506e+01 -6.63164498e-03 
 3.98107171e+01  6.21577839e+01  3.98107171e+01 -7.16068553e-03 
 4.29866235e+01  6.21577839e+01  4.29866235e+01 -7.73193038e-03 
 4.64158883e+01  6.21577839e+01  4.64158883e+01 -8.34874638e-03 
 5.01187234e+01  6.21577839e+01  5.01187234e+01 -9.01476897e-03 
 5.41169527e+01  6.21577839e+01  5.41169527e+01 -9.73392361e-03 
 5.84341413e+01  6.21577839e+01  5.84341413e+01 -1.05104489e-02 
 6.30957344e+01  6.21577839e+01  6.30957344e+01 -1.13489217e-02 
 6.81292069e+01  6.21577838e+01  6.81292069e+01 -1.22542837e-02 
 7.35642254e+01  6.21577838e+01  7.35642254e+01 -1.32318712e-02 
 7.94328235e+01  6.21577838e+01  7.94328235e+01 -1.42874458e-02 
 8.57695899e+01  6.21577837e+01  8.57695899e+01 -1.54272291e-02 
 9.26118728e+01  6.21577837e+01  9.26118728e+01 -1.66579388e-02 
 1.00000000e+02  6.21577836e+01  1.00000000e+02 -1.79868285e-02 
 1.07977516e+02  6.21577836e+01  1.07977516e+02 -1.94217306e-02 
 1.16591440e+02  6.21577835e+01  1.16591440e+02 -2.09711022e-02 
 1.25892541e+02  6.21577834e+01  1.25892541e+02 -2.26440751e-02 
 1.35935639e+02  6.21577834e+01  1.35935639e+02 -2.44505098e-02 
 1.46779927e+02  6.21577833e+01  1.46779927e+02 -2.64010529e-02 
 1.58489319e+02  6.21577831e+01  1.58489319e+02 -2.85072010e-02 
 1.71132830e+02  6.21577830e+01  1.71132830e+02 -3.07813673e-02 
 1.84784980e+02  6.21577828e+01  1.84784980e+02 -3.32369555e-02 
 1.99526231e+02  6.21577826e+01  1.99526231e+02 -3.58884385e-02 
 2.15443469e+02  6.21577824e+01  2.15443469e+02 -3.87514439e-02 
 2.32630507e+02  6.21577821e+01  2.32630507e+02 -4.18428459e-02 
 2.51188643e+02  6.21577818e+01  2.51188643e+02 -4.51808647e-02 
 2.71227258e+02  6.21577815e+01  2.71227258e+02 -4.87851743e-02 
 2.92864456e+02  6.21577810e+01  2.92864456e+02 -5.26770180e-02 
 3.16227766e+02  6.21577805e+01  3.16227766e+02 -5.68793338e-02 
 3.41454887e+02  6.21577800e+01  3.41454887e+02 -6.14168895e-02 
 3.68694506e+02  6.21577793e+01  3.68694506e+02 -6.63164288e-02 
 3.98107171e+02  6.21577785e+01  3.98107171e+02 -7.16068288e-02 
 4.29866235e+02  6.21577776e+01  4.29866235e+02 -7.73192704e-02 
 4.64158883e+02  6.21577766e+01  4.64158883e+02 -8.34874217e-02 
 5.01187234e+02  6.21577753e+01  5.01187234e+02 -9.01476367e-02 
 5.41169527e+02  6.21577739e+01  5.41169527e+02 -9.73391695e-02 
 5.84341413e+02  6.21577722e+01  5.84341413e+02 -1.05104406e-01 
 6.30957344e+02  6.21577702e+01  6.30957344e+02 -1.13489111e-01 
 6.81292069e+02  6.21577680e+01  6.81292069e+02 -1.22542704e-01 
 7.35642254e+02  6.21577653e+01  7.35642254e+02 -1.32318545e-01 
 7.94328235e+02  6.21577622e+01  7.94328235e+02 -1.42874248e-01 
 8.57695899e+02  6.21577586e+01  8.57695899e+02 -1.54272026e-01 
 9.26118728e+02  6.21577544e+01  9.26118728e+02 -1.66579054e-01 
 1.00000000e+03  6.21577495e+01  1.00000000e+03 -1.79867865e-01 
 1.07977516e+03  6.21577437e+01  1.07977516e+03 -1.94216777e-01 
 1.16591440e+03  6.21577371e+01  1.16591440e+03 -2.09710356e-01 
 1.25892541e+03  6.21577293e+01  1.25892541e+03 -2.26439913e-01 
 1.35935639e+03  6.21577202e+01  1.35935639e+03 -2.44504042e-01 
 1.46779927e+03  6.21577096e+01  1.46779927e+03 -2.64009201e-01 
 1.58489319e+03  6.21576972e+01  1.58489319e+03 -2.85070335e-01 
 1.71132830e+03  6.21576828e+01  1.71132830e+03 -3.07811564e-01 
 1.84784980e+03  6.21576660e+01  1.84784980e+03 -3.32366899e-01 
 1.99526231e+03  6.21576464e+01  1.99526231e+03 -3.58881042e-01 
 2.15443469e+03  6.21576236e+01  2.15443469e+03 -3.87510232e-01 
 2.32630507e+03  6.21575970e+01  2.32630507e+03 -4.18423163e-01 
 2.51188643e+03  6.21575660e+01  2.51188643e+03 -4.51801982e-01 
 2.71227258e+03  6.21575299e+01  2.71227258e+03 -4.87843353e-01 
 2.92864456e+03  6.21574878e+01  2.92864456e+03 -5.26759619e-01 
 3.16227766e+03  6.21574386e+01  3.16227766e+03 -5.68780043e-01 
 3.41454887e+03  6.21573814e+01  3.41454887e+03 -6.14152159e-01 
 3.68694506e+03  6.21573145e+01  3.68694506e+03 -6.63143217e-01 
 3.98107171e+03  6.21572368e+01  3.98107171e+03 -7.16041759e-01 
 4.29866235e+03  6.21571459e+01  4.29866235e+03 -7.73159309e-01 
 4.64158883e+03  6.21570400e+01  4.64158883e+03 -8.34832180e-01 
 5.01187234e+03  6.21569166e+01  5.01187234e+03 -9.01423441e-01 
 5.41169527e+03  6.21567727e+01  5.41169527e+03 -9.73325067e-01 
 5.84341413e+03  6.21566049e+01  5.84341413e+03 -1.05096018e+00 
 6.30957344e+03  6.21564093e+01  6.30957344e+03 -1.13478553e+00 
 6.81292069e+03  6.21561812e+01  6.81292069e+03 -1.22529412e+00 
 7.35642254e+03  6.21559153e+01  7.35642254e+03 -1.32301810e+00 
 7.94328235e+03  6.21556054e+01  7.94328235e+03 -1.42853182e+00 
 8.57695899e+03  6.21552440e+01  8.57695899e+03 -1.54245507e+00 
 9.26118728e+03  6.21548225e+01  9.26118728e+03 -1.66545671e+00 
 1.00000000e+04  6.21543315e+01  1.00000000e+04 -1.79825842e+00 
 1.07977516e+04  6.21537587e+01  1.07977516e+04 -1.94163876e+00 
 1.16591440e+04  6.21530915e+01  1.16591440e+04 -2.09643763e+00 
 1.25892541e+04  6.21523136e+01  1.25892541e+04 -2.26356088e+00 
 1.35935639e+04  6.21514067e+01  1.35935639e+04 -2.44398526e+00 
 1.46779927e+04  6.21503500e+01  1.46779927e+04 -2.63876383e+00 
 1.58489319e+04  6.21491178e+01  1.58489319e+04 -2.84903159e+00 
 1.71132830e+04  6.21476816e+01  1.71132830e+04 -3.07601146e+00 
 1.84784980e+04  6.21460075e+01  1.84784980e+04 -3.32102059e+00 
 1.99526231e+04  6.21440564e+01  1.99526231e+04 -3.58547711e+00 
 2.15443469e+04  6.21417829e+01  2.15443469e+04 -3.87090727e+00 
 2.32630507e+04  6.21391335e+01  2.32630507e+04 -4.17895233e+00 
 2.51188643e+04  6.21360472e+01  2.51188643e+04 -4.51137640e+00 
 2.71227258e+04  6.21324511e+01  2.71227258e+04 -4.87007403e+00 
 2.92864456e+04  6.21282623e+01  2.92864456e+04 -5.25707834e+00 
 3.16227766e+04  6.21233839e+01  3.16227766e+04 -5.67456822e+00 
 3.41454887e+04  6.21177023e+01  3.41454887e+04 -6.12487638e+00 
 3.68694506e+04  6.21110872e+01  3.68694506e+04 -6.61049635e+00 
 3.98107171e+04  6.21033879e+01  3.98107171e+04 -7.13408913e+00 
 4.29866235e+04  6.20944274e+01  4.29866235e+04 -7.69848876e+00 
 4.64158883e+04  6.20840030e+01  4.64158883e+04 -8.30670609e+00 
 5.01187234e+04  6.20718811e+01  5.01187234e+04 -8.96193175e+00 
 5.41169527e+04  6.20577897e+01  5.41169527e+04 -9.66753459e+00 
 5.84341413e+04  6.20414169e+01  5.84341413e+04 -1.04270583e+01 
 6.30957344e+04  6.20224049e+01  6.30957344e+04 -1.12442141e+01 
 6.81292069e+04  6.20003415e+01  6.81292069e+04 -1.21228655e+01 
 7.35642254e+04  6.19747557e+01  7.35642254e+04 -1.30670090e+01 
 7.94328235e+04  6.19451116e+01  7.94328235e+04 -1.40807459e+01 
 8.57695899e+04  6.19108006e+01  8.57695899e+04 -1.51682423e+01 
 9.26118728e+04  6.18711316e+01  9.26118728e+04 -1.63336819e+01 
 1.00000000e+05  6.18253287e+01  1.00000000e+05 -1.75812012e+01 
 1.07977516e+05  6.17725208e+01  1.07977516e+05 -1.89148136e+01 
 1.16591440e+05  6.17117419e+01  1.16591440e+05 -2.03383156e+01 
 1.25892541e+05  6.16419225e+01  1.25892541e+05 -2.18551785e+01 
 1.35935639e+05  6.15618926e+01  1.35935639e+05 -2.34684227e+01 
 1.46779927e+05  6.14703865e+01  1.46779927e+05 -2.51804792e+01 
 1.58489319e+05  6.13660432e+01  1.58489319e+05 -2.69930409e+01 
 1.71132830e+05  6.12474302e+01  1.71132830e+05 -2.89069082e+01 
 1.84784980e+05  6.11130517e+01  1.84784980e+05 -3.09218385e+01 
 1.99526231e+05  6.09613797e+01  1.99526231e+05 -3.30364111e+01 
 2.15443469e+05  6.07908861e+01  2.15443469e+05 -3.52479175e+01 
 2.32630507e+05  6.06000803e+01  2.32630507e+05 -3.75522917e+01 
 2.51188643e+05  6.03875488e+01  2.51188643e+05 -3.99440979e+01 
 2.71227258e+05  6.01520051e+01  2.71227258e+05 -4.24165824e+01 
 2.92864456e+05  5.98923329e+01  2.92864456e+05 -4.49618011e+01 
 3.16227766e+05  5.96076281e+01  3.16227766e+05 -4.75708231e+01 
 3.41454887e+05  5.92972324e+01  3.41454887e+05 -5.02340061e+01 
 3.68694506e+05  5.89607609e+01  3.68694506e+05 -5.29413309e+01 
 3.98107171e+05  5.85981131e+01  3.98107171e+05 -5.56827752e+01 
 4.29866235e+05  5.82094713e+01  4.29866235e+05 -5.84486979e+01 
 4.64158883e+05  5.77952850e+01  4.64158883e+05 -6.12302161e+01 
 5.01187234e+05  5.73562427e+01  5.01187234e+05 -6.40195379e+01 
 5.41169527e+05  5.68932340e+01  5.41169527e+05 -6.68102461e+01 
 5.84341413e+05  5.64073020e+01  5.84341413e+05 -6.95974985e+01 
 6.30957344e+05  5.58995974e+01  6.30957344e+05 -7.23781594e+01 
 6.81292069e+05  5.53713222e+01  6.81292069e+05 -7.51508491e+01 
 7.35642254e+05  5.48236875e+01  7.35642254e+05 -7.79159235e+01 
 7.94328235e+05  5.42578650e+01  7.94328235e+05 -8.06753970e+01 
 8.57695899e+05  5.36749516e+01  8.57695899e+05 -8.34328132e+01 
 9.26118728e+05  5.30759366e+01  9.26118728e+05 -8.61930855e+01 
 1.00000000e+06  5.24616783e+01  1.00000000e+06 -8.89623111e+01 
 1.07977516e+06  5.18328805e+01  1.07977516e+06 -9.17475749e+01 
 1.16591440e+06  5.11900835e+01  1.16591440e+06 -9.45567399e+01 
 1.25892541e+06  5.05336556e+01  1.25892541e+06 -9.73982362e+01 
 1.35935639e+06  4.98637866e+01  1.35935639e+06 -1.00280851e+02 
 1.46779927e+06  4.91804927e+01  1.46779927e+06 -1.03213511e+02 
 1.58489319e+06  4.84836193e+01  1.58489319e+06 -1.06205070e+02 
 1.71132830e+06  4.77728550e+01  1.71132830e+06 -1.09264089e+02 
 1.84784980e+06  4.70477423e+01  1.84784980e+06 -1.12398621e+02 
 1.99526231e+06  4.63077032e+01  1.99526231e+06 -1.15615988e+02 
 2.15443469e+06  4.55520597e+01  2.15443469e+06 -1.18922585e+02 
 2.32630507e+06  4.47800747e+01  2.32630507e+06 -1.22323662e+02 
 2.51188643e+06  4.39909829e+01  2.51188643e+06 -1.25823166e+02 
 2.71227258e+06  4.31840430e+01  2.71227258e+06 -1.29423578e+02 
 2.92864456e+06  4.23585891e+01  2.92864456e+06 -1.33125813e+02 
 3.16227766e+06  4.15140710e+01  3.16227766e+06 -1.36929188e+02 
 3.41454887e+06  4.06501233e+01  3.41454887e+06 -1.40831408e+02 
 3.68694506e+06  3.97666034e+01  3.68694506e+06 -1.44828668e+02 
 3.98107171e+06  3.88636357e+01  3.98107171e+06 -1.48915790e+02 
 4.29866235e+06  3.79416426e+01  4.29866235e+06 -1.53086425e+02 
 4.64158883e+06  3.70013551e+01  4.64158883e+06 -1.57333305e+02 
 5.01187234e+06  3.60438059e+01  5.01187234e+06 -1.61648522e+02 
 5.41169527e+06  3.50703075e+01  5.41169527e+06 -1.66023796e+02 
 5.84341413e+06  3.40824009e+01  5.84341413e+06 -1.70450759e+02 
 6.30957344e+06  3.30817820e+01  6.30957344e+06 -1.74921222e+02 
 6.81292069e+06  3.20702168e+01  6.81292069e+06 -1.79427417e+02 
 7.35642254e+06  3.10494377e+01  7.35642254e+06 -1.83962232e+02 
 7.94328235e+06  3.00210225e+01  7.94328235e+06 -1.88519494e+02 
 8.57695899e+06  2.89862710e+01  8.57695899e+06 -1.93094292e+02 
 9.26118728e+06  2.79460749e+01  9.26118728e+06 -1.97683412e+02 
 1.00000000e+07  2.69007863e+01  1.00000000e+07 -2.02285928e+02 
 1.07977516e+07  2.58500895e+01  1.07977516e+07 -2.06904031e+02 
 1.16591440e+07  2.47928793e+01  1.16591440e+07 -2.11544158e+02 
 1.25892541e+07  2.37271485e+01  1.25892541e+07 -2.16218560e+02 
 1.35935639e+07  2.26498946e+01  1.35935639e+07 -2.20947423e+02 
 1.46779927e+07  2.15570470e+01  1.46779927e+07 -2.25761925e+02 
 1.58489319e+07  2.04434642e+01  1.58489319e+07 -2.30708418e+02 
 1.71132830e+07  1.93030376e+01  1.71132830e+07 -2.35854591e+02 
 1.84784980e+07  1.81290649e+01  1.84784980e+07 -2.41298375e+02 
 1.99526231e+07  1.69151903e+01  1.99526231e+07 -2.47180904e+02 
 2.15443469e+07  1.56575670e+01  2.15443469e+07 -2.53704856e+02 
 2.32630507e+07  1.43596076e+01  2.32630507e+07 -2.61157672e+02 
 2.51188643e+07  1.30418546e+01  2.51188643e+07 -2.69931466e+02 
 2.71227258e+07  1.17604176e+01  2.71227258e+07 -2.80506008e+02 
 2.92864456e+07  1.06331262e+01  2.92864456e+07 -2.93304059e+02 
 3.16227766e+07  9.84952429e+00  3.16227766e+07 -3.08292086e+02 
 3.41454887e+07  9.60434837e+00  3.41454887e+07 -3.24468615e+02 
 3.68694506e+07  9.95176476e+00  3.68694506e+07 -3.40014791e+02 
 3.98107171e+07  1.07527453e+01  3.98107171e+07 -3.53395185e+02 
 4.29866235e+07  1.17971339e+01  4.29866235e+07 -3.64101362e+02 
 4.64158883e+07  1.29240938e+01  4.64158883e+07 -3.72380225e+02 
 5.01187234e+07  1.40452550e+01  5.01187234e+07 -3.78716037e+02 
 5.41169527e+07  1.51217359e+01  5.41169527e+07 -3.83559677e+02 
 5.84341413e+07  1.61406738e+01  5.84341413e+07 -3.87258820e+02 
 6.30957344e+07  1.71011944e+01  6.30957344e+07 -3.90064887e+02 
 6.81292069e+07  1.80073750e+01  6.81292069e+07 -3.92156340e+02 
 7.35642254e+07  1.88649881e+01  7.35642254e+07 -3.93659630e+02 
 7.94328235e+07  1.96800741e+01  7.94328235e+07 -3.94664429e+02 
 8.57695899e+07  2.04583579e+01  8.57695899e+07 -3.95233876e+02 
 9.26118728e+07  2.12050270e+01  9.26118728e+07 -3.95411178e+02 
 1.00000000e+08  2.19246425e+01  1.00000000e+08 -3.95223714e+02 
 1.07977516e+08  2.26210633e+01  1.07977516e+08 -3.94685482e+02 
 1.16591440e+08  2.32973187e+01  1.16591440e+08 -3.93798502e+02 
 1.25892541e+08  2.39553880e+01  1.25892541e+08 -3.92553688e+02 
 1.35935639e+08  2.45958606e+01  1.35935639e+08 -3.90931706e+02 
 1.46779927e+08  2.52174685e+01  1.46779927e+08 -3.88904365e+02 
 1.58489319e+08  2.58165133e+01  1.58489319e+08 -3.86437255e+02 
 1.71132830e+08  2.63862646e+01  1.71132830e+08 -3.83494349e+02 
 1.84784980e+08  2.69164886e+01  1.84784980e+08 -3.80045276e+02 
 1.99526231e+08  2.73933727e+01  1.99526231e+08 -3.76075389e+02 
 2.15443469e+08  2.78001806e+01  2.15443469e+08 -3.71597658e+02 
 2.32630507e+08  2.81189194e+01  2.32630507e+08 -3.66663580e+02 
 2.51188643e+08  2.83330021e+01  2.51188643e+08 -3.61368661e+02 
 2.71227258e+08  2.84303631e+01  2.71227258e+08 -3.55848042e+02 
 2.92864456e+08  2.84060023e+01  2.92864456e+08 -3.50260934e+02 
 3.16227766e+08  2.82629411e+01  3.16227766e+08 -3.44767846e+02 
 3.41454887e+08  2.80112352e+01  3.41454887e+08 -3.39508471e+02 
 3.68694506e+08  2.76655903e+01  3.68694506e+08 -3.34587406e+02 
 3.98107171e+08  2.72426101e+01  3.98107171e+08 -3.30070289e+02 
 4.29866235e+08  2.67585481e+01  4.29866235e+08 -3.25988183e+02 
 4.64158883e+08  2.62279319e+01  4.64158883e+08 -3.22346005e+02 
 5.01187234e+08  2.56629907e+01  5.01187234e+08 -3.19131374e+02 
 5.41169527e+08  2.50736265e+01  5.41169527e+08 -3.16321917e+02 
 5.84341413e+08  2.44676660e+01  5.84341413e+08 -3.13890492e+02 
 6.30957344e+08  2.38512082e+01  6.30957344e+08 -3.11808539e+02 
 6.81292069e+08  2.32289699e+01  6.81292069e+08 -3.10048079e+02 
 7.35642254e+08  2.26045857e+01  7.35642254e+08 -3.08582801e+02 
 7.94328235e+08  2.19808542e+01  7.94328235e+08 -3.07388607e+02 
 8.57695899e+08  2.13599349e+01  8.57695899e+08 -3.06443836e+02 
 9.26118728e+08  2.07435064e+01  9.26118728e+08 -3.05729304e+02 
 1.00000000e+09  2.01328934e+01  1.00000000e+09 -3.05228237e+02 
