 1.00000000e+00  6.99341746e+01  1.00000000e+00 -4.13251626e-04 
 1.07977516e+00  6.99341746e+01  1.07977516e+00 -4.46218842e-04 
 1.16591440e+00  6.99341746e+01  1.16591440e+00 -4.81816022e-04 
 1.25892541e+00  6.99341746e+01  1.25892541e+00 -5.20252974e-04 
 1.35935639e+00  6.99341746e+01  1.35935639e+00 -5.61756239e-04 
 1.46779927e+00  6.99341746e+01  1.46779927e+00 -6.06570435e-04 
 1.58489319e+00  6.99341746e+01  1.58489319e+00 -6.54959689e-04 
 1.71132830e+00  6.99341746e+01  1.71132830e+00 -7.07209205e-04 
 1.84784980e+00  6.99341746e+01  1.84784980e+00 -7.63626934e-04 
 1.99526231e+00  6.99341746e+01  1.99526231e+00 -8.24545396e-04 
 2.15443469e+00  6.99341746e+01  2.15443469e+00 -8.90323640e-04 
 2.32630507e+00  6.99341746e+01  2.32630507e+00 -9.61349352e-04 
 2.51188643e+00  6.99341746e+01  2.51188643e+00 -1.03804115e-03 
 2.71227258e+00  6.99341746e+01  2.71227258e+00 -1.12085105e-03 
 2.92864456e+00  6.99341746e+01  2.92864456e+00 -1.21026713e-03 
 3.16227766e+00  6.99341746e+01  3.16227766e+00 -1.30681639e-03 
 3.41454887e+00  6.99341746e+01  3.41454887e+00 -1.41106788e-03 
 3.68694506e+00  6.99341746e+01  3.68694506e+00 -1.52363604e-03 
 3.98107171e+00  6.99341746e+01  3.98107171e+00 -1.64518436e-03 
 4.29866235e+00  6.99341746e+01  4.29866235e+00 -1.77642921e-03 
 4.64158883e+00  6.99341746e+01  4.64158883e+00 -1.91814413e-03 
 5.01187234e+00  6.99341746e+01  5.01187234e+00 -2.07116439e-03 
 5.41169527e+00  6.99341746e+01  5.41169527e+00 -2.23639187e-03 
 5.84341413e+00  6.99341746e+01  5.84341413e+00 -2.41480039e-03 
 6.30957344e+00  6.99341746e+01  6.30957344e+00 -2.60744149e-03 
 6.81292069e+00  6.99341746e+01  6.81292069e+00 -2.81545055e-03 
 7.35642254e+00  6.99341746e+01  7.35642254e+00 -3.04005358e-03 
 7.94328235e+00  6.99341746e+01  7.94328235e+00 -3.28257435e-03 
 8.57695899e+00  6.99341746e+01  8.57695899e+00 -3.54444224e-03 
 9.26118728e+00  6.99341746e+01  9.26118728e+00 -3.82720070e-03 
 1.00000000e+01  6.99341746e+01  1.00000000e+01 -4.13251625e-03 
 1.07977516e+01  6.99341746e+01  1.07977516e+01 -4.46218841e-03 
 1.16591440e+01  6.99341746e+01  1.16591440e+01 -4.81816021e-03 
 1.25892541e+01  6.99341746e+01  1.25892541e+01 -5.20252973e-03 
 1.35935639e+01  6.99341746e+01  1.35935639e+01 -5.61756238e-03 
 1.46779927e+01  6.99341746e+01  1.46779927e+01 -6.06570432e-03 
 1.58489319e+01  6.99341746e+01  1.58489319e+01 -6.54959687e-03 
 1.71132830e+01  6.99341745e+01  1.71132830e+01 -7.07209201e-03 
 1.84784980e+01  6.99341745e+01  1.84784980e+01 -7.63626930e-03 
 1.99526231e+01  6.99341745e+01  1.99526231e+01 -8.24545391e-03 
 2.15443469e+01  6.99341745e+01  2.15443469e+01 -8.90323632e-03 
 2.32630507e+01  6.99341745e+01  2.32630507e+01 -9.61349343e-03 
 2.51188643e+01  6.99341745e+01  2.51188643e+01 -1.03804114e-02 
 2.71227258e+01  6.99341745e+01  2.71227258e+01 -1.12085104e-02 
 2.92864456e+01  6.99341744e+01  2.92864456e+01 -1.21026711e-02 
 3.16227766e+01  6.99341744e+01  3.16227766e+01 -1.30681637e-02 
 3.41454887e+01  6.99341744e+01  3.41454887e+01 -1.41106785e-02 
 3.68694506e+01  6.99341743e+01  3.68694506e+01 -1.52363601e-02 
 3.98107171e+01  6.99341743e+01  3.98107171e+01 -1.64518432e-02 
 4.29866235e+01  6.99341742e+01  4.29866235e+01 -1.77642916e-02 
 4.64158883e+01  6.99341742e+01  4.64158883e+01 -1.91814407e-02 
 5.01187234e+01  6.99341741e+01  5.01187234e+01 -2.07116431e-02 
 5.41169527e+01  6.99341740e+01  5.41169527e+01 -2.23639177e-02 
 5.84341413e+01  6.99341739e+01  5.84341413e+01 -2.41480027e-02 
 6.30957344e+01  6.99341738e+01  6.30957344e+01 -2.60744133e-02 
 6.81292069e+01  6.99341737e+01  6.81292069e+01 -2.81545036e-02 
 7.35642254e+01  6.99341735e+01  7.35642254e+01 -3.04005333e-02 
 7.94328235e+01  6.99341733e+01  7.94328235e+01 -3.28257403e-02 
 8.57695899e+01  6.99341731e+01  8.57695899e+01 -3.54444185e-02 
 9.26118728e+01  6.99341728e+01  9.26118728e+01 -3.82720020e-02 
 1.00000000e+02  6.99341725e+01  1.00000000e+02 -4.13251563e-02 
 1.07977516e+02  6.99341722e+01  1.07977516e+02 -4.46218763e-02 
 1.16591440e+02  6.99341718e+01  1.16591440e+02 -4.81815923e-02 
 1.25892541e+02  6.99341713e+01  1.25892541e+02 -5.20252848e-02 
 1.35935639e+02  6.99341708e+01  1.35935639e+02 -5.61756081e-02 
 1.46779927e+02  6.99341701e+01  1.46779927e+02 -6.06570235e-02 
 1.58489319e+02  6.99341694e+01  1.58489319e+02 -6.54959438e-02 
 1.71132830e+02  6.99341685e+01  1.71132830e+02 -7.07208889e-02 
 1.84784980e+02  6.99341675e+01  1.84784980e+02 -7.63626536e-02 
 1.99526231e+02  6.99341663e+01  1.99526231e+02 -8.24544895e-02 
 2.15443469e+02  6.99341650e+01  2.15443469e+02 -8.90323009e-02 
 2.32630507e+02  6.99341634e+01  2.32630507e+02 -9.61348558e-02 
 2.51188643e+02  6.99341615e+01  2.51188643e+02 -1.03804015e-01 
 2.71227258e+02  6.99341593e+01  2.71227258e+02 -1.12084980e-01 
 2.92864456e+02  6.99341568e+01  2.92864456e+02 -1.21026555e-01 
 3.16227766e+02  6.99341539e+01  3.16227766e+02 -1.30681439e-01 
 3.41454887e+02  6.99341504e+01  3.41454887e+02 -1.41106537e-01 
 3.68694506e+02  6.99341464e+01  3.68694506e+02 -1.52363288e-01 
 3.98107171e+02  6.99341417e+01  3.98107171e+02 -1.64518038e-01 
 4.29866235e+02  6.99341363e+01  4.29866235e+02 -1.77642420e-01 
 4.64158883e+02  6.99341299e+01  4.64158883e+02 -1.91813783e-01 
 5.01187234e+02  6.99341225e+01  5.01187234e+02 -2.07115646e-01 
 5.41169527e+02  6.99341138e+01  5.41169527e+02 -2.23638188e-01 
 5.84341413e+02  6.99341037e+01  5.84341413e+02 -2.41478782e-01 
 6.30957344e+02  6.99340920e+01  6.30957344e+02 -2.60742565e-01 
 6.81292069e+02  6.99340783e+01  6.81292069e+02 -2.81543062e-01 
 7.35642254e+02  6.99340623e+01  7.35642254e+02 -3.04002848e-01 
 7.94328235e+02  6.99340436e+01  7.94328235e+02 -3.28254276e-01 
 8.57695899e+02  6.99340219e+01  8.57695899e+02 -3.54440247e-01 
 9.26118728e+02  6.99339966e+01  9.26118728e+02 -3.82715063e-01 
 1.00000000e+03  6.99339671e+01  1.00000000e+03 -4.13245324e-01 
 1.07977516e+03  6.99339326e+01  1.07977516e+03 -4.46210907e-01 
 1.16591440e+03  6.99338925e+01  1.16591440e+03 -4.81806033e-01 
 1.25892541e+03  6.99338457e+01  1.25892541e+03 -5.20240398e-01 
 1.35935639e+03  6.99337911e+01  1.35935639e+03 -5.61740407e-01 
 1.46779927e+03  6.99337274e+01  1.46779927e+03 -6.06550503e-01 
 1.58489319e+03  6.99336531e+01  1.58489319e+03 -6.54934585e-01 
 1.71132830e+03  6.99335666e+01  1.71132830e+03 -7.07177603e-01 
 1.84784980e+03  6.99334656e+01  1.84784980e+03 -7.63587141e-01 
 1.99526231e+03  6.99333481e+01  1.99526231e+03 -8.24495305e-01 
 2.15443469e+03  6.99332110e+01  2.15443469e+03 -8.90260587e-01 
 2.32630507e+03  6.99330512e+01  2.32630507e+03 -9.61269980e-01 
 2.51188643e+03  6.99328649e+01  2.51188643e+03 -1.03794124e+00 
 2.71227258e+03  6.99326476e+01  2.71227258e+03 -1.12072527e+00 
 2.92864456e+03  6.99323944e+01  2.92864456e+03 -1.21010880e+00 
 3.16227766e+03  6.99320991e+01  3.16227766e+03 -1.30661707e+00 
 3.41454887e+03  6.99317549e+01  3.41454887e+03 -1.41081697e+00 
 3.68694506e+03  6.99313534e+01  3.68694506e+03 -1.52332016e+00 
 3.98107171e+03  6.99308855e+01  3.98107171e+03 -1.64478671e+00 
 4.29866235e+03  6.99303402e+01  4.29866235e+03 -1.77592866e+00 
 4.64158883e+03  6.99297046e+01  4.64158883e+03 -1.91751406e+00 
 5.01187234e+03  6.99289632e+01  5.01187234e+03 -2.07037124e+00 
 5.41169527e+03  6.99280992e+01  5.41169527e+03 -2.23539347e+00 
 5.84341413e+03  6.99270920e+01  5.84341413e+03 -2.41354366e+00 
 6.30957344e+03  6.99259181e+01  6.30957344e+03 -2.60585965e+00 
 6.81292069e+03  6.99245496e+01  6.81292069e+03 -2.81345948e+00 
 7.35642254e+03  6.99229547e+01  7.35642254e+03 -3.03754750e+00 
 7.94328235e+03  6.99210960e+01  7.94328235e+03 -3.27942020e+00 
 8.57695899e+03  6.99189301e+01  8.57695899e+03 -3.54047263e+00 
 9.26118728e+03  6.99164059e+01  9.26118728e+03 -3.82220498e+00 
 1.00000000e+04  6.99134647e+01  1.00000000e+04 -4.12622965e+00 
 1.07977516e+04  6.99100382e+01  1.07977516e+04 -4.45427773e+00 
 1.16591440e+04  6.99060464e+01  1.16591440e+04 -4.80820669e+00 
 1.25892541e+04  6.99013970e+01  1.25892541e+04 -5.19000705e+00 
 1.35935639e+04  6.98959826e+01  1.35935639e+04 -5.60180913e+00 
 1.46779927e+04  6.98896781e+01  1.46779927e+04 -6.04588948e+00 
 1.58489319e+04  6.98823394e+01  1.58489319e+04 -6.52467685e+00 
 1.71132830e+04  6.98737983e+01  1.71132830e+04 -7.04075657e+00 
 1.84784980e+04  6.98638616e+01  1.84784980e+04 -7.59687454e+00 
 1.99526231e+04  6.98523044e+01  1.99526231e+04 -8.19593772e+00 
 2.15443469e+04  6.98388689e+01  2.15443469e+04 -8.84101513e+00 
 2.32630507e+04  6.98232564e+01  2.32630507e+04 -9.53533096e+00 
 2.51188643e+04  6.98051243e+01  2.51188643e+04 -1.02822581e+01 
 2.71227258e+04  6.97840780e+01  2.71227258e+04 -1.10853028e+01 
 2.92864456e+04  6.97596686e+01  2.92864456e+04 -1.19480871e+01 
 3.16227766e+04  6.97313804e+01  3.16227766e+04 -1.28743177e+01 
 3.41454887e+04  6.96986304e+01  3.41454887e+04 -1.38677514e+01 
 3.68694506e+04  6.96607553e+01  3.68694506e+04 -1.49321438e+01 
 3.98107171e+04  6.96170077e+01  3.98107171e+04 -1.60711898e+01 
 4.29866235e+04  6.95665518e+01  4.29866235e+04 -1.72884486e+01 
 4.64158883e+04  6.95084532e+01  4.64158883e+04 -1.85872484e+01 
 5.01187234e+04  6.94416818e+01  5.01187234e+04 -1.99705864e+01 
 5.41169527e+04  6.93651039e+01  5.41169527e+04 -2.14409958e+01 
 5.84341413e+04  6.92774896e+01  5.84341413e+04 -2.30004135e+01 
 6.30957344e+04  6.91775186e+01  6.30957344e+04 -2.46500300e+01 
 6.81292069e+04  6.90637891e+01  6.81292069e+04 -2.63901260e+01 
 7.35642254e+04  6.89348376e+01  7.35642254e+04 -2.82199232e+01 
 7.94328235e+04  6.87891633e+01  7.94328235e+04 -3.01374354e+01 
 8.57695899e+04  6.86252572e+01  8.57695899e+04 -3.21393430e+01 
 9.26118728e+04  6.84416394e+01  9.26118728e+04 -3.42209141e+01 
 1.00000000e+05  6.82369009e+01  1.00000000e+05 -3.63759584e+01 
 1.07977516e+05  6.80097519e+01  1.07977516e+05 -3.85968659e+01 
 1.16591440e+05  6.77590653e+01  1.16591440e+05 -4.08746989e+01 
 1.25892541e+05  6.74839196e+01  1.25892541e+05 -4.31993707e+01 
 1.35935639e+05  6.71836439e+01  1.35935639e+05 -4.55599001e+01 
 1.46779927e+05  6.68578391e+01  1.46779927e+05 -4.79447225e+01 
 1.58489319e+05  6.65063984e+01  1.58489319e+05 -5.03420467e+01 
 1.71132830e+05  6.61295154e+01  1.71132830e+05 -5.27402420e+01 
 1.84784980e+05  6.57276673e+01  1.84784980e+05 -5.51282076e+01 
 1.99526231e+05  6.53015985e+01  1.99526231e+05 -5.74957241e+01 
 2.15443469e+05  6.48522826e+01  2.15443469e+05 -5.98337434e+01 
 2.32630507e+05  6.43808814e+01  2.32630507e+05 -6.21346200e+01 
 2.51188643e+05  6.38887030e+01  2.51188643e+05 -6.43922625e+01 
 2.71227258e+05  6.33771499e+01  2.71227258e+05 -6.66022075e+01 
 2.92864456e+05  6.28476724e+01  2.92864456e+05 -6.87616318e+01 
 3.16227766e+05  6.23017350e+01  3.16227766e+05 -7.08693000e+01 
 3.41454887e+05  6.17407723e+01  3.41454887e+05 -7.29254724e+01 
 3.68694506e+05  6.11661627e+01  3.68694506e+05 -7.49317764e+01 
 3.98107171e+05  6.05792070e+01  3.98107171e+05 -7.68910663e+01 
 4.29866235e+05  5.99811097e+01  4.29866235e+05 -7.88072737e+01 
 4.64158883e+05  5.93729663e+01  4.64158883e+05 -8.06852611e+01 
 5.01187234e+05  5.87557602e+01  5.01187234e+05 -8.25306814e+01 
 5.41169527e+05  5.81303581e+01  5.41169527e+05 -8.43498583e+01 
 5.84341413e+05  5.74975059e+01  5.84341413e+05 -8.61496725e+01 
 6.30957344e+05  5.68578329e+01  6.30957344e+05 -8.79374679e+01 
 6.81292069e+05  5.62118568e+01  6.81292069e+05 -8.97209732e+01 
 7.35642254e+05  5.55599800e+01  7.35642254e+05 -9.15082323e+01 
 7.94328235e+05  5.49024967e+01  7.94328235e+05 -9.33075500e+01 
 8.57695899e+05  5.42395958e+01  8.57695899e+05 -9.51274420e+01 
 9.26118728e+05  5.35713603e+01  9.26118728e+05 -9.69765916e+01 
 1.00000000e+06  5.28977705e+01  1.00000000e+06 -9.88638097e+01 
 1.07977516e+06  5.22187046e+01  1.07977516e+06 -1.00797990e+02 
 1.16591440e+06  5.15339400e+01  1.16591440e+06 -1.02788066e+02 
 1.25892541e+06  5.08431521e+01  1.25892541e+06 -1.04842953e+02 
 1.35935639e+06  5.01459163e+01  1.35935639e+06 -1.06971488e+02 
 1.46779927e+06  4.94417035e+01  1.46779927e+06 -1.09182353e+02 
 1.58489319e+06  4.87298921e+01  1.58489319e+06 -1.11483979e+02 
 1.71132830e+06  4.80097622e+01  1.71132830e+06 -1.13884442e+02 
 1.84784980e+06  4.72805076e+01  1.84784980e+06 -1.16391333e+02 
 1.99526231e+06  4.65412393e+01  1.99526231e+06 -1.19011621e+02 
 2.15443469e+06  4.57910081e+01  2.15443469e+06 -1.21751483e+02 
 2.32630507e+06  4.50288149e+01  2.32630507e+06 -1.24616150e+02 
 2.51188643e+06  4.42536455e+01  2.51188643e+06 -1.27609721e+02 
 2.71227258e+06  4.34644913e+01  2.71227258e+06 -1.30735010e+02 
 2.92864456e+06  4.26603952e+01  2.92864456e+06 -1.33993382e+02 
 3.16227766e+06  4.18404895e+01  3.16227766e+06 -1.37384647e+02 
 3.41454887e+06  4.10040458e+01  3.41454887e+06 -1.40906964e+02 
 3.68694506e+06  4.01505185e+01  3.68694506e+06 -1.44556832e+02 
 3.98107171e+06  3.92795909e+01  3.98107171e+06 -1.48329115e+02 
 4.29866235e+06  3.83912154e+01  4.29866235e+06 -1.52217141e+02 
 4.64158883e+06  3.74856353e+01  4.64158883e+06 -1.56212875e+02 
 5.01187234e+06  3.65634006e+01  5.01187234e+06 -1.60307121e+02 
 5.41169527e+06  3.56253570e+01  5.41169527e+06 -1.64489791e+02 
 5.84341413e+06  3.46726179e+01  5.84341413e+06 -1.68750185e+02 
 6.30957344e+06  3.37065111e+01  6.30957344e+06 -1.73077293e+02 
 6.81292069e+06  3.27285022e+01  6.81292069e+06 -1.77460107e+02 
 7.35642254e+06  3.17401042e+01  7.35642254e+06 -1.81887919e+02 
 7.94328235e+06  3.07427600e+01  7.94328235e+06 -1.86350673e+02 
 8.57695899e+06  2.97377159e+01  8.57695899e+06 -1.90839345e+02 
 9.26118728e+06  2.87258923e+01  9.26118728e+06 -1.95346372e+02 
 1.00000000e+07  2.77077389e+01  1.00000000e+07 -1.99866246e+02 
 1.07977516e+07  2.66831004e+01  1.07977516e+07 -2.04396230e+02 
 1.16591440e+07  2.56510787e+01  1.16591440e+07 -2.08937338e+02 
 1.25892541e+07  2.46099000e+01  1.25892541e+07 -2.13495653e+02 
 1.35935639e+07  2.35567936e+01  1.35935639e+07 -2.18084071e+02 
 1.46779927e+07  2.24878740e+01  1.46779927e+07 -2.22724783e+02 
 1.58489319e+07  2.13980555e+01  1.58489319e+07 -2.27452673e+02 
 1.71132830e+07  2.02810074e+01  1.71132830e+07 -2.32320344e+02 
 1.84784980e+07  1.91292452e+01  1.84784980e+07 -2.37405443e+02 
 1.99526231e+07  1.79345170e+01  1.99526231e+07 -2.42821734e+02 
 2.15443469e+07  1.66888989e+01  2.15443469e+07 -2.48735715e+02 
 2.32630507e+07  1.53875116e+01  2.32630507e+07 -2.55390832e+02 
 2.51188643e+07  1.40348396e+01  2.51188643e+07 -2.63139097e+02 
 2.71227258e+07  1.26585286e+01  2.71227258e+07 -2.72467448e+02 
 2.92864456e+07  1.13358272e+01  2.92864456e+07 -2.83963608e+02 
 3.16227766e+07  1.02288135e+01  3.16227766e+07 -2.98071483e+02 
 3.41454887e+07  9.58153481e+00  3.41454887e+07 -3.14473155e+02 
 3.68694506e+07  9.59015917e+00  3.68694506e+07 -3.31536874e+02 
 3.98107171e+07  1.02202086e+01  3.98107171e+07 -3.47035915e+02 
 4.29866235e+07  1.12414400e+01  4.29866235e+07 -3.59669097e+02 
 4.64158883e+07  1.24220462e+01  4.64158883e+07 -3.69385436e+02 
 5.01187234e+07  1.36217820e+01  5.01187234e+07 -3.76710589e+02 
 5.41169527e+07  1.47770529e+01  5.41169527e+07 -3.82221517e+02 
 5.84341413e+07  1.58660221e+01  5.84341413e+07 -3.86374841e+02 
 6.30957344e+07  1.68857694e+01  6.30957344e+07 -3.89497490e+02 
 6.81292069e+07  1.78409249e+01  6.81292069e+07 -3.91816990e+02 
 7.35642254e+07  1.87385988e+01  7.35642254e+07 -3.93491370e+02 
 7.94328235e+07  1.95862679e+01  7.94328235e+07 -3.94630949e+02 
 8.57695899e+07  2.03909663e+01  8.57695899e+07 -3.95312773e+02 
 9.26118728e+07  2.11590202e+01  9.26118728e+07 -3.95589809e+02 
 1.00000000e+08  2.18959827e+01  1.00000000e+08 -3.95496625e+02 
 1.07977516e+08  2.26066060e+01  1.07977516e+08 -3.95052781e+02 
 1.16591440e+08  2.32947692e+01  1.16591440e+08 -3.94264774e+02 
 1.25892541e+08  2.39633134e+01  1.25892541e+08 -3.93127146e+02 
 1.35935639e+08  2.46137537e+01  1.35935639e+08 -3.91623335e+02 
 1.46779927e+08  2.52458529e+01  1.46779927e+08 -3.89726821e+02 
 1.58489319e+08  2.58570648e+01  1.58489319e+08 -3.87403260e+02 
 1.71132830e+08  2.64419039e+01  1.71132830e+08 -3.84614391e+02 
 1.84784980e+08  2.69913718e+01  1.84784980e+08 -3.81324502e+02 
 1.99526231e+08  2.74926793e+01  1.99526231e+08 -3.77509911e+02 
 2.15443469e+08  2.79296023e+01  2.15443469e+08 -3.73170962e+02 
 2.32630507e+08  2.82838179e+01  2.32630507e+08 -3.68344342e+02 
 2.51188643e+08  2.85373550e+01  2.51188643e+08 -3.63111505e+02 
 2.71227258e+08  2.86758002e+01  2.71227258e+08 -3.57598157e+02 
 2.92864456e+08  2.86913115e+01  2.92864456e+08 -3.51961810e+02 
 3.16227766e+08  2.85842724e+01  3.16227766e+08 -3.46369656e+02 
 3.41454887e+08  2.83629086e+01  3.41454887e+08 -3.40974177e+02 
 3.68694506e+08  2.80411510e+01  3.68694506e+08 -3.35894972e+02 
 3.98107171e+08  2.76357559e+01  3.98107171e+08 -3.31211362e+02 
 4.29866235e+08  2.71637238e+01  4.29866235e+08 -3.26964787e+02 
 4.64158883e+08  2.66405805e+01  4.64158883e+08 -3.23166845e+02 
 5.01187234e+08  2.60795618e+01  5.01187234e+08 -3.19808721e+02 
 5.41169527e+08  2.54914558e+01  5.41169527e+08 -3.16869391e+02 
 5.84341413e+08  2.48848099e+01  5.84341413e+08 -3.14321671e+02 
 6.30957344e+08  2.42662829e+01  6.30957344e+08 -3.12136191e+02 
 6.81292069e+08  2.36410132e+01  6.81292069e+08 -3.10283790e+02 
 7.35642254e+08  2.30129457e+01  7.35642254e+08 -3.08736845e+02 
 7.94328235e+08  2.23851034e+01  7.94328235e+08 -3.07469954e+02 
 8.57695899e+08  2.17598041e+01  8.57695899e+08 -3.06460226e+02 
 9.26118728e+08  2.11388343e+01  9.26118728e+08 -3.05687352e+02 
 1.00000000e+09  2.05235889e+01  1.00000000e+09 -3.05133559e+02 
