 1.00000000e+00  6.18341659e+01  1.00000000e+00 -1.69667009e-04 
 1.07977516e+00  6.18341659e+01  1.07977516e+00 -1.83202222e-04 
 1.16591440e+00  6.18341659e+01  1.16591440e+00 -1.97817209e-04 
 1.25892541e+00  6.18341659e+01  1.25892541e+00 -2.13598109e-04 
 1.35935639e+00  6.18341659e+01  1.35935639e+00 -2.30637933e-04 
 1.46779927e+00  6.18341659e+01  1.46779927e+00 -2.49037111e-04 
 1.58489319e+00  6.18341659e+01  1.58489319e+00 -2.68904087e-04 
 1.71132830e+00  6.18341659e+01  1.71132830e+00 -2.90355954e-04 
 1.84784980e+00  6.18341659e+01  1.84784980e+00 -3.13519148e-04 
 1.99526231e+00  6.18341659e+01  1.99526231e+00 -3.38530188e-04 
 2.15443469e+00  6.18341659e+01  2.15443469e+00 -3.65536489e-04 
 2.32630507e+00  6.18341659e+01  2.32630507e+00 -3.94697222e-04 
 2.51188643e+00  6.18341659e+01  2.51188643e+00 -4.26184257e-04 
 2.71227258e+00  6.18341659e+01  2.71227258e+00 -4.60183175e-04 
 2.92864456e+00  6.18341659e+01  2.92864456e+00 -4.96894363e-04 
 3.16227766e+00  6.18341659e+01  3.16227766e+00 -5.36534191e-04 
 3.41454887e+00  6.18341659e+01  3.41454887e+00 -5.79336293e-04 
 3.68694506e+00  6.18341659e+01  3.68694506e+00 -6.25552940e-04 
 3.98107171e+00  6.18341659e+01  3.98107171e+00 -6.75456527e-04 
 4.29866235e+00  6.18341659e+01  4.29866235e+00 -7.29341182e-04 
 4.64158883e+00  6.18341659e+01  4.64158883e+00 -7.87524493e-04 
 5.01187234e+00  6.18341659e+01  5.01187234e+00 -8.50349387e-04 
 5.41169527e+00  6.18341659e+01  5.41169527e+00 -9.18186147e-04 
 5.84341413e+00  6.18341659e+01  5.84341413e+00 -9.91434596e-04 
 6.30957344e+00  6.18341659e+01  6.30957344e+00 -1.07052645e-03 
 6.81292069e+00  6.18341659e+01  6.81292069e+00 -1.15592787e-03 
 7.35642254e+00  6.18341659e+01  7.35642254e+00 -1.24814221e-03 
 7.94328235e+00  6.18341659e+01  7.94328235e+00 -1.34771295e-03 
 8.57695899e+00  6.18341659e+01  8.57695899e+00 -1.45522697e-03 
 9.26118728e+00  6.18341659e+01  9.26118728e+00 -1.57131794e-03 
 1.00000000e+01  6.18341659e+01  1.00000000e+01 -1.69667009e-03 
 1.07977516e+01  6.18341659e+01  1.07977516e+01 -1.83202222e-03 
 1.16591440e+01  6.18341659e+01  1.16591440e+01 -1.97817209e-03 
 1.25892541e+01  6.18341659e+01  1.25892541e+01 -2.13598109e-03 
 1.35935639e+01  6.18341659e+01  1.35935639e+01 -2.30637932e-03 
 1.46779927e+01  6.18341659e+01  1.46779927e+01 -2.49037111e-03 
 1.58489319e+01  6.18341659e+01  1.58489319e+01 -2.68904087e-03 
 1.71132830e+01  6.18341659e+01  1.71132830e+01 -2.90355954e-03 
 1.84784980e+01  6.18341659e+01  1.84784980e+01 -3.13519147e-03 
 1.99526231e+01  6.18341659e+01  1.99526231e+01 -3.38530188e-03 
 2.15443469e+01  6.18341659e+01  2.15443469e+01 -3.65536489e-03 
 2.32630507e+01  6.18341659e+01  2.32630507e+01 -3.94697222e-03 
 2.51188643e+01  6.18341659e+01  2.51188643e+01 -4.26184256e-03 
 2.71227258e+01  6.18341659e+01  2.71227258e+01 -4.60183174e-03 
 2.92864456e+01  6.18341659e+01  2.92864456e+01 -4.96894362e-03 
 3.16227766e+01  6.18341659e+01  3.16227766e+01 -5.36534190e-03 
 3.41454887e+01  6.18341659e+01  3.41454887e+01 -5.79336292e-03 
 3.68694506e+01  6.18341659e+01  3.68694506e+01 -6.25552938e-03 
 3.98107171e+01  6.18341659e+01  3.98107171e+01 -6.75456525e-03 
 4.29866235e+01  6.18341659e+01  4.29866235e+01 -7.29341179e-03 
 4.64158883e+01  6.18341659e+01  4.64158883e+01 -7.87524489e-03 
 5.01187234e+01  6.18341659e+01  5.01187234e+01 -8.50349383e-03 
 5.41169527e+01  6.18341659e+01  5.41169527e+01 -9.18186142e-03 
 5.84341413e+01  6.18341658e+01  5.84341413e+01 -9.91434590e-03 
 6.30957344e+01  6.18341658e+01  6.30957344e+01 -1.07052644e-02 
 6.81292069e+01  6.18341658e+01  6.81292069e+01 -1.15592786e-02 
 7.35642254e+01  6.18341658e+01  7.35642254e+01 -1.24814219e-02 
 7.94328235e+01  6.18341658e+01  7.94328235e+01 -1.34771294e-02 
 8.57695899e+01  6.18341657e+01  8.57695899e+01 -1.45522695e-02 
 9.26118728e+01  6.18341657e+01  9.26118728e+01 -1.57131792e-02 
 1.00000000e+02  6.18341656e+01  1.00000000e+02 -1.69667005e-02 
 1.07977516e+02  6.18341656e+01  1.07977516e+02 -1.83202217e-02 
 1.16591440e+02  6.18341655e+01  1.16591440e+02 -1.97817203e-02 
 1.25892541e+02  6.18341655e+01  1.25892541e+02 -2.13598102e-02 
 1.35935639e+02  6.18341654e+01  1.35935639e+02 -2.30637924e-02 
 1.46779927e+02  6.18341653e+01  1.46779927e+02 -2.49037100e-02 
 1.58489319e+02  6.18341652e+01  1.58489319e+02 -2.68904073e-02 
 1.71132830e+02  6.18341651e+01  1.71132830e+02 -2.90355937e-02 
 1.84784980e+02  6.18341649e+01  1.84784980e+02 -3.13519126e-02 
 1.99526231e+02  6.18341647e+01  1.99526231e+02 -3.38530161e-02 
 2.15443469e+02  6.18341646e+01  2.15443469e+02 -3.65536455e-02 
 2.32630507e+02  6.18341643e+01  2.32630507e+02 -3.94697179e-02 
 2.51188643e+02  6.18341641e+01  2.51188643e+02 -4.26184203e-02 
 2.71227258e+02  6.18341637e+01  2.71227258e+02 -4.60183107e-02 
 2.92864456e+02  6.18341634e+01  2.92864456e+02 -4.96894277e-02 
 3.16227766e+02  6.18341629e+01  3.16227766e+02 -5.36534083e-02 
 3.41454887e+02  6.18341625e+01  3.41454887e+02 -5.79336157e-02 
 3.68694506e+02  6.18341619e+01  3.68694506e+02 -6.25552769e-02 
 3.98107171e+02  6.18341612e+01  3.98107171e+02 -6.75456312e-02 
 4.29866235e+02  6.18341604e+01  4.29866235e+02 -7.29340910e-02 
 4.64158883e+02  6.18341595e+01  4.64158883e+02 -7.87524151e-02 
 5.01187234e+02  6.18341584e+01  5.01187234e+02 -8.50348957e-02 
 5.41169527e+02  6.18341572e+01  5.41169527e+02 -9.18185605e-02 
 5.84341413e+02  6.18341557e+01  5.84341413e+02 -9.91433914e-02 
 6.30957344e+02  6.18341540e+01  6.30957344e+02 -1.07052559e-01 
 6.81292069e+02  6.18341520e+01  6.81292069e+02 -1.15592679e-01 
 7.35642254e+02  6.18341497e+01  7.35642254e+02 -1.24814085e-01 
 7.94328235e+02  6.18341470e+01  7.94328235e+02 -1.34771124e-01 
 8.57695899e+02  6.18341439e+01  8.57695899e+02 -1.45522482e-01 
 9.26118728e+02  6.18341403e+01  9.26118728e+02 -1.57131523e-01 
 1.00000000e+03  6.18341360e+01  1.00000000e+03 -1.69666667e-01 
 1.07977516e+03  6.18341310e+01  1.07977516e+03 -1.83201791e-01 
 1.16591440e+03  6.18341252e+01  1.16591440e+03 -1.97816667e-01 
 1.25892541e+03  6.18341185e+01  1.25892541e+03 -2.13597427e-01 
 1.35935639e+03  6.18341106e+01  1.35935639e+03 -2.30637074e-01 
 1.46779927e+03  6.18341015e+01  1.46779927e+03 -2.49036030e-01 
 1.58489319e+03  6.18340907e+01  1.58489319e+03 -2.68902725e-01 
 1.71132830e+03  6.18340782e+01  1.71132830e+03 -2.90354240e-01 
 1.84784980e+03  6.18340637e+01  1.84784980e+03 -3.13516989e-01 
 1.99526231e+03  6.18340467e+01  1.99526231e+03 -3.38527472e-01 
 2.15443469e+03  6.18340269e+01  2.15443469e+03 -3.65533069e-01 
 2.32630507e+03  6.18340039e+01  2.32630507e+03 -3.94692917e-01 
 2.51188643e+03  6.18339770e+01  2.51188643e+03 -4.26178838e-01 
 2.71227258e+03  6.18339456e+01  2.71227258e+03 -4.60176352e-01 
 2.92864456e+03  6.18339091e+01  2.92864456e+03 -4.96885772e-01 
 3.16227766e+03  6.18338665e+01  3.16227766e+03 -5.36523376e-01 
 3.41454887e+03  6.18338168e+01  3.41454887e+03 -5.79322678e-01 
 3.68694506e+03  6.18337588e+01  3.68694506e+03 -6.25535797e-01 
 3.98107171e+03  6.18336913e+01  3.98107171e+03 -6.75434948e-01 
 4.29866235e+03  6.18336126e+01  4.29866235e+03 -7.29314015e-01 
 4.64158883e+03  6.18335209e+01  4.64158883e+03 -7.87490293e-01 
 5.01187234e+03  6.18334139e+01  5.01187234e+03 -8.50306329e-01 
 5.41169527e+03  6.18332891e+01  5.41169527e+03 -9.18131943e-01 
 5.84341413e+03  6.18331436e+01  5.84341413e+03 -9.91366360e-01 
 6.30957344e+03  6.18329740e+01  6.30957344e+03 -1.07044055e+00 
 6.81292069e+03  6.18327762e+01  6.81292069e+03 -1.15581973e+00 
 7.35642254e+03  6.18325457e+01  7.35642254e+03 -1.24800606e+00 
 7.94328235e+03  6.18322769e+01  7.94328235e+03 -1.34754157e+00 
 8.57695899e+03  6.18319636e+01  8.57695899e+03 -1.45501123e+00 
 9.26118728e+03  6.18315983e+01  9.26118728e+03 -1.57104635e+00 
 1.00000000e+04  6.18311725e+01  1.00000000e+04 -1.69632817e+00 
 1.07977516e+04  6.18306759e+01  1.07977516e+04 -1.83159181e+00 
 1.16591440e+04  6.18300970e+01  1.16591440e+04 -1.97763027e+00 
 1.25892541e+04  6.18294224e+01  1.25892541e+04 -2.13529905e+00 
 1.35935639e+04  6.18286358e+01  1.35935639e+04 -2.30552080e+00 
 1.46779927e+04  6.18277188e+01  1.46779927e+04 -2.48929043e+00 
 1.58489319e+04  6.18266499e+01  1.58489319e+04 -2.68768057e+00 
 1.71132830e+04  6.18254040e+01  1.71132830e+04 -2.90184732e+00 
 1.84784980e+04  6.18239518e+01  1.84784980e+04 -3.13303630e+00 
 1.99526231e+04  6.18222593e+01  1.99526231e+04 -3.38258930e+00 
 2.15443469e+04  6.18202869e+01  2.15443469e+04 -3.65195088e+00 
 2.32630507e+04  6.18179885e+01  2.32630507e+04 -3.94267561e+00 
 2.51188643e+04  6.18153104e+01  2.51188643e+04 -4.25643537e+00 
 2.71227258e+04  6.18121897e+01  2.71227258e+04 -4.59502742e+00 
 2.92864456e+04  6.18085538e+01  2.92864456e+04 -4.96038179e+00 
 3.16227766e+04  6.18043184e+01  3.16227766e+04 -5.35456940e+00 
 3.41454887e+04  6.17993859e+01  3.41454887e+04 -5.77981029e+00 
 3.68694506e+04  6.17936408e+01  3.68694506e+04 -6.23848115e+00 
 3.98107171e+04  6.17869529e+01  3.98107171e+04 -6.73312253e+00 
 4.29866235e+04  6.17791680e+01  4.29866235e+04 -7.26644573e+00 
 4.64158883e+04  6.17701094e+01  4.64158883e+04 -7.84133880e+00 
 5.01187234e+04  6.17595710e+01  5.01187234e+04 -8.46087032e+00 
 5.41169527e+04  6.17473151e+01  5.41169527e+04 -9.12829189e+00 
 5.84341413e+04  6.17330697e+01  5.84341413e+04 -9.84703773e+00 
 6.30957344e+04  6.17165176e+01  6.30957344e+04 -1.06207211e+01 
 6.81292069e+04  6.16972980e+01  6.81292069e+04 -1.14531259e+01 
 7.35642254e+04  6.16749951e+01  7.35642254e+04 -1.23481934e+01 
 7.94328235e+04  6.16491318e+01  7.94328235e+04 -1.33100013e+01 
 8.57695899e+04  6.16191700e+01  8.57695899e+04 -1.43427356e+01 
 9.26118728e+04  6.15844899e+01  9.26118728e+04 -1.54506521e+01 
 1.00000000e+05  6.15443963e+01  1.00000000e+05 -1.66380262e+01 
 1.07977516e+05  6.14981066e+01  1.07977516e+05 -1.79090904e+01 
 1.16591440e+05  6.14447420e+01  1.16591440e+05 -1.92679554e+01 
 1.25892541e+05  6.13833263e+01  1.25892541e+05 -2.07185196e+01 
 1.35935639e+05  6.13127825e+01  1.35935639e+05 -2.22643557e+01 
 1.46779927e+05  6.12319308e+01  1.46779927e+05 -2.39085895e+01 
 1.58489319e+05  6.11394924e+01  1.58489319e+05 -2.56537583e+01 
 1.71132830e+05  6.10341024e+01  1.71132830e+05 -2.75016627e+01 
 1.84784980e+05  6.09143133e+01  1.84784980e+05 -2.94532143e+01 
 1.99526231e+05  6.07786209e+01  1.99526231e+05 -3.15082857e+01 
 2.15443469e+05  6.06254912e+01  2.15443469e+05 -3.36655766e+01 
 2.32630507e+05  6.04533840e+01  2.32630507e+05 -3.59225075e+01 
 2.51188643e+05  6.02608033e+01  2.51188643e+05 -3.82751544e+01 
 2.71227258e+05  6.00463330e+01  2.71227258e+05 -4.07182393e+01 
 2.92864456e+05  5.98086747e+01  2.92864456e+05 -4.32451885e+01 
 3.16227766e+05  5.95467116e+01  3.16227766e+05 -4.58482630e+01 
 3.41454887e+05  5.92595317e+01  3.41454887e+05 -4.85187687e+01 
 3.68694506e+05  5.89464720e+01  3.68694506e+05 -5.12473359e+01 
 3.98107171e+05  5.86071359e+01  3.98107171e+05 -5.40242562e+01 
 4.29866235e+05  5.82414132e+01  4.29866235e+05 -5.68398547e+01 
 4.64158883e+05  5.78494655e+01  4.64158883e+05 -5.96848790e+01 
 5.01187234e+05  5.74317204e+01  5.01187234e+05 -6.25508669e+01 
 5.41169527e+05  5.69888333e+01  5.41169527e+05 -6.54304809e+01 
 5.84341413e+05  5.65216514e+01  5.84341413e+05 -6.83177765e+01 
 6.30957344e+05  5.60311684e+01  6.30957344e+05 -7.12084000e+01 
 6.81292069e+05  5.55184720e+01  6.81292069e+05 -7.40997064e+01 
 7.35642254e+05  5.49846889e+01  7.35642254e+05 -7.69907988e+01 
 7.94328235e+05  5.44309445e+01  7.94328235e+05 -7.98824932e+01 
 8.57695899e+05  5.38583102e+01  8.57695899e+05 -8.27772259e+01 
 9.26118728e+05  5.32677733e+01  9.26118728e+05 -8.56789071e+01 
 1.00000000e+06  5.26601958e+01  1.00000000e+06 -8.85927461e+01 
 1.07977516e+06  5.20363030e+01  1.07977516e+06 -9.15250360e+01 
 1.16591440e+06  5.13966470e+01  1.16591440e+06 -9.44829426e+01 
 1.25892541e+06  5.07416152e+01  1.25892541e+06 -9.74742569e+01 
 1.35935639e+06  5.00714108e+01  1.35935639e+06 -1.00507165e+02 
 1.46779927e+06  4.93860587e+01  1.46779927e+06 -1.03589999e+02 
 1.58489319e+06  4.86854159e+01  1.58489319e+06 -1.06730990e+02 
 1.71132830e+06  4.79691749e+01  1.71132830e+06 -1.09938033e+02 
 1.84784980e+06  4.72368900e+01  1.84784980e+06 -1.13218435e+02 
 1.99526231e+06  4.64879961e+01  1.99526231e+06 -1.16578698e+02 
 2.15443469e+06  4.57218531e+01  2.15443469e+06 -1.20024280e+02 
 2.32630507e+06  4.49377717e+01  2.32630507e+06 -1.23559423e+02 
 2.51188643e+06  4.41350618e+01  2.51188643e+06 -1.27186984e+02 
 2.71227258e+06  4.33130903e+01  2.71227258e+06 -1.30908318e+02 
 2.92864456e+06  4.24713299e+01  2.92864456e+06 -1.34723215e+02 
 3.16227766e+06  4.16094082e+01  3.16227766e+06 -1.38629923e+02 
 3.41454887e+06  4.07271716e+01  3.41454887e+06 -1.42625195e+02 
 3.68694506e+06  3.98247223e+01  3.68694506e+06 -1.46704448e+02 
 3.98107171e+06  3.89024534e+01  3.98107171e+06 -1.50861958e+02 
 4.29866235e+06  3.79610724e+01  4.29866235e+06 -1.55091097e+02 
 4.64158883e+06  3.70015933e+01  4.64158883e+06 -1.59384627e+02 
 5.01187234e+06  3.60253288e+01  5.01187234e+06 -1.63734955e+02 
 5.41169527e+06  3.50338430e+01  5.41169527e+06 -1.68134414e+02 
 5.84341413e+06  3.40288951e+01  5.84341413e+06 -1.72575498e+02 
 6.30957344e+06  3.30123554e+01  6.30957344e+06 -1.77051093e+02 
 6.81292069e+06  3.19861147e+01  6.81292069e+06 -1.81554664e+02 
 7.35642254e+06  3.09519755e+01  7.35642254e+06 -1.86080455e+02 
 7.94328235e+06  2.99115312e+01  7.94328235e+06 -1.90623739e+02 
 8.57695899e+06  2.88660443e+01  8.57695899e+06 -1.95181132e+02 
 9.26118728e+06  2.78163234e+01  9.26118728e+06 -1.99751015e+02 
 1.00000000e+07  2.67625945e+01  1.00000000e+07 -2.04334194e+02 
 1.07977516e+07  2.57043887e+01  1.07977516e+07 -2.08934731e+02 
 1.16591440e+07  2.46404254e+01  1.16591440e+07 -2.13561212e+02 
 1.25892541e+07  2.35685160e+01  1.25892541e+07 -2.18228417e+02 
 1.35935639e+07  2.24854920e+01  1.35935639e+07 -2.22959618e+02 
 1.46779927e+07  2.13871623e+01  1.46779927e+07 -2.27789849e+02 
 1.58489319e+07  2.02683510e+01  1.58489319e+07 -2.32770488e+02 
 1.71132830e+07  1.91230954e+01  1.71132830e+07 -2.37975777e+02 
 1.84784980e+07  1.79451649e+01  1.84784980e+07 -2.43512323e+02 
 1.99526231e+07  1.67292894e+01  1.99526231e+07 -2.49532567e+02 
 2.15443469e+07  1.54738502e+01  2.15443469e+07 -2.56253116e+02 
 2.32630507e+07  1.41865609e+01  2.32630507e+07 -2.63975698e+02 
 2.51188643e+07  1.28957027e+01  2.51188643e+07 -2.73098126e+02 
 2.71227258e+07  1.16694867e+01  2.71227258e+07 -2.84072161e+02 
 2.92864456e+07  1.06386591e+01  2.92864456e+07 -2.97211976e+02 
 3.16227766e+07  9.99134313e+00  3.16227766e+07 -3.12271089e+02 
 3.41454887e+07  9.88791443e+00  3.41454887e+07 -3.28063846e+02 
 3.68694506e+07  1.03334379e+01  3.68694506e+07 -3.42854764e+02 
 3.98107171e+07  1.11718051e+01  3.98107171e+07 -3.55398272e+02 
 4.29866235e+07  1.22105152e+01  4.29866235e+07 -3.65394134e+02 
 4.64158883e+07  1.33117612e+01  4.64158883e+07 -3.73137127e+02 
 5.01187234e+07  1.44014746e+01  5.01187234e+07 -3.79081695e+02 
 5.41169527e+07  1.54472377e+01  5.41169527e+07 -3.83636017e+02 
 5.84341413e+07  1.64384455e+01  5.84341413e+07 -3.87113547e+02 
 6.30957344e+07  1.73746457e+01  6.30957344e+07 -3.89742099e+02 
 6.81292069e+07  1.82596470e+01  6.81292069e+07 -3.91684543e+02 
 7.35642254e+07  1.90987470e+01  7.35642254e+07 -3.93057033e+02 
 7.94328235e+07  1.98974937e+01  7.94328235e+07 -3.93942274e+02 
 8.57695899e+07  2.06611600e+01  8.57695899e+07 -3.94398469e+02 
 9.26118728e+07  2.13945295e+01  9.26118728e+07 -3.94465116e+02 
 1.00000000e+08  2.21017911e+01  1.00000000e+08 -3.94166598e+02 
 1.07977516e+08  2.27864380e+01  1.07977516e+08 -3.93514334e+02 
 1.16591440e+08  2.34511085e+01  1.16591440e+08 -3.92508002e+02 
 1.25892541e+08  2.40973303e+01  1.25892541e+08 -3.91136393e+02 
 1.35935639e+08  2.47251437e+01  1.35935639e+08 -3.89378351e+02 
 1.46779927e+08  2.53325993e+01  1.46779927e+08 -3.87204428e+02 
 1.58489319e+08  2.59151604e+01  1.58489319e+08 -3.84579953e+02 
 1.71132830e+08  2.64651057e+01  1.71132830e+08 -3.81470309e+02 
 1.84784980e+08  2.69711193e+01  1.84784980e+08 -3.77849044e+02 
 1.99526231e+08  2.74183649e+01  1.99526231e+08 -3.73708776e+02 
 2.15443469e+08  2.77894019e+01  2.15443469e+08 -3.69073491e+02 
 2.32630507e+08  2.80661932e+01  2.32630507e+08 -3.64008794e+02 
 2.51188643e+08  2.82330659e+01  2.51188643e+08 -3.58625175e+02 
 2.71227258e+08  2.82798964e+01  2.71227258e+08 -3.53070102e+02 
 2.92864456e+08  2.82043621e+01  2.92864456e+08 -3.47508907e+02 
 3.16227766e+08  2.80123095e+01  3.16227766e+08 -3.42100238e+02 
 3.41454887e+08  2.77161445e+01  3.41454887e+08 -3.36974851e+02 
 3.68694506e+08  2.73320594e+01  3.68694506e+08 -3.32224238e+02 
 3.98107171e+08  2.68772251e+01  3.98107171e+08 -3.27900100e+02 
 4.29866235e+08  2.63677287e+01  4.29866235e+08 -3.24021187e+02 
 4.64158883e+08  2.58174702e+01  4.64158883e+08 -3.20582910e+02 
 5.01187234e+08  2.52378388e+01  5.01187234e+08 -3.17566350e+02 
 5.41169527e+08  2.46378587e+01  5.41169527e+08 -3.14945162e+02 
 5.84341413e+08  2.40245433e+01  5.84341413e+08 -3.12690187e+02 
 6.30957344e+08  2.34032913e+01  6.30957344e+08 -3.10772234e+02 
 6.81292069e+08  2.27782456e+01  6.81292069e+08 -3.09163581e+02 
 7.35642254e+08  2.21525881e+01  7.35642254e+08 -3.07838715e+02 
 7.94328235e+08  2.15287719e+01  7.94328235e+08 -3.06774610e+02 
 8.57695899e+08  2.09087016e+01  8.57695899e+08 -3.05950784e+02 
 9.26118728e+08  2.02938744e+01  9.26118728e+08 -3.05349226e+02 
 1.00000000e+09  1.96854934e+01  1.00000000e+09 -3.04954267e+02 
