 1.00000000e+00  6.00403349e+01  1.00000000e+00 -1.79999890e+02 
 1.07977516e+00  6.00403349e+01  1.07977516e+00 -1.79999881e+02 
 1.16591440e+00  6.00403349e+01  1.16591440e+00 -1.79999871e+02 
 1.25892541e+00  6.00403349e+01  1.25892541e+00 -1.79999861e+02 
 1.35935639e+00  6.00403349e+01  1.35935639e+00 -1.79999850e+02 
 1.46779927e+00  6.00403349e+01  1.46779927e+00 -1.79999838e+02 
 1.58489319e+00  6.00403349e+01  1.58489319e+00 -1.79999825e+02 
 1.71132830e+00  6.00403349e+01  1.71132830e+00 -1.79999811e+02 
 1.84784980e+00  6.00403349e+01  1.84784980e+00 -1.79999796e+02 
 1.99526231e+00  6.00403349e+01  1.99526231e+00 -1.79999780e+02 
 2.15443469e+00  6.00403349e+01  2.15443469e+00 -1.79999762e+02 
 2.32630507e+00  6.00403349e+01  2.32630507e+00 -1.79999743e+02 
 2.51188643e+00  6.00403349e+01  2.51188643e+00 -1.79999723e+02 
 2.71227258e+00  6.00403349e+01  2.71227258e+00 -1.79999700e+02 
 2.92864456e+00  6.00403349e+01  2.92864456e+00 -1.79999677e+02 
 3.16227766e+00  6.00403349e+01  3.16227766e+00 -1.79999651e+02 
 3.41454887e+00  6.00403349e+01  3.41454887e+00 -1.79999623e+02 
 3.68694506e+00  6.00403349e+01  3.68694506e+00 -1.79999593e+02 
 3.98107171e+00  6.00403349e+01  3.98107171e+00 -1.79999560e+02 
 4.29866235e+00  6.00403349e+01  4.29866235e+00 -1.79999525e+02 
 4.64158883e+00  6.00403349e+01  4.64158883e+00 -1.79999487e+02 
 5.01187234e+00  6.00403349e+01  5.01187234e+00 -1.79999447e+02 
 5.41169527e+00  6.00403349e+01  5.41169527e+00 -1.79999402e+02 
 5.84341413e+00  6.00403349e+01  5.84341413e+00 -1.79999355e+02 
 6.30957344e+00  6.00403349e+01  6.30957344e+00 -1.79999303e+02 
 6.81292069e+00  6.00403349e+01  6.81292069e+00 -1.79999248e+02 
 7.35642254e+00  6.00403349e+01  7.35642254e+00 -1.79999188e+02 
 7.94328235e+00  6.00403349e+01  7.94328235e+00 -1.79999123e+02 
 8.57695899e+00  6.00403349e+01  8.57695899e+00 -1.79999053e+02 
 9.26118728e+00  6.00403349e+01  9.26118728e+00 -1.79998977e+02 
 1.00000000e+01  6.00403349e+01  1.00000000e+01 -1.79998896e+02 
 1.07977516e+01  6.00403349e+01  1.07977516e+01 -1.79998808e+02 
 1.16591440e+01  6.00403349e+01  1.16591440e+01 -1.79998712e+02 
 1.25892541e+01  6.00403349e+01  1.25892541e+01 -1.79998610e+02 
 1.35935639e+01  6.00403349e+01  1.35935639e+01 -1.79998499e+02 
 1.46779927e+01  6.00403349e+01  1.46779927e+01 -1.79998379e+02 
 1.58489319e+01  6.00403349e+01  1.58489319e+01 -1.79998250e+02 
 1.71132830e+01  6.00403349e+01  1.71132830e+01 -1.79998110e+02 
 1.84784980e+01  6.00403349e+01  1.84784980e+01 -1.79997959e+02 
 1.99526231e+01  6.00403349e+01  1.99526231e+01 -1.79997796e+02 
 2.15443469e+01  6.00403348e+01  2.15443469e+01 -1.79997621e+02 
 2.32630507e+01  6.00403348e+01  2.32630507e+01 -1.79997431e+02 
 2.51188643e+01  6.00403348e+01  2.51188643e+01 -1.79997226e+02 
 2.71227258e+01  6.00403348e+01  2.71227258e+01 -1.79997005e+02 
 2.92864456e+01  6.00403348e+01  2.92864456e+01 -1.79996766e+02 
 3.16227766e+01  6.00403348e+01  3.16227766e+01 -1.79996508e+02 
 3.41454887e+01  6.00403348e+01  3.41454887e+01 -1.79996229e+02 
 3.68694506e+01  6.00403348e+01  3.68694506e+01 -1.79995928e+02 
 3.98107171e+01  6.00403348e+01  3.98107171e+01 -1.79995603e+02 
 4.29866235e+01  6.00403348e+01  4.29866235e+01 -1.79995253e+02 
 4.64158883e+01  6.00403348e+01  4.64158883e+01 -1.79994874e+02 
 5.01187234e+01  6.00403348e+01  5.01187234e+01 -1.79994465e+02 
 5.41169527e+01  6.00403348e+01  5.41169527e+01 -1.79994023e+02 
 5.84341413e+01  6.00403348e+01  5.84341413e+01 -1.79993547e+02 
 6.30957344e+01  6.00403348e+01  6.30957344e+01 -1.79993032e+02 
 6.81292069e+01  6.00403348e+01  6.81292069e+01 -1.79992476e+02 
 7.35642254e+01  6.00403347e+01  7.35642254e+01 -1.79991876e+02 
 7.94328235e+01  6.00403347e+01  7.94328235e+01 -1.79991228e+02 
 8.57695899e+01  6.00403347e+01  8.57695899e+01 -1.79990528e+02 
 9.26118728e+01  6.00403347e+01  9.26118728e+01 -1.79989772e+02 
 1.00000000e+02  6.00403346e+01  1.00000000e+02 -1.79988956e+02 
 1.07977516e+02  6.00403346e+01  1.07977516e+02 -1.79988075e+02 
 1.16591440e+02  6.00403346e+01  1.16591440e+02 -1.79987124e+02 
 1.25892541e+02  6.00403345e+01  1.25892541e+02 -1.79986097e+02 
 1.35935639e+02  6.00403345e+01  1.35935639e+02 -1.79984988e+02 
 1.46779927e+02  6.00403344e+01  1.46779927e+02 -1.79983790e+02 
 1.58489319e+02  6.00403343e+01  1.58489319e+02 -1.79982497e+02 
 1.71132830e+02  6.00403342e+01  1.71132830e+02 -1.79981101e+02 
 1.84784980e+02  6.00403341e+01  1.84784980e+02 -1.79979593e+02 
 1.99526231e+02  6.00403340e+01  1.99526231e+02 -1.79977965e+02 
 2.15443469e+02  6.00403338e+01  2.15443469e+02 -1.79976207e+02 
 2.32630507e+02  6.00403337e+01  2.32630507e+02 -1.79974309e+02 
 2.51188643e+02  6.00403335e+01  2.51188643e+02 -1.79972259e+02 
 2.71227258e+02  6.00403332e+01  2.71227258e+02 -1.79970046e+02 
 2.92864456e+02  6.00403330e+01  2.92864456e+02 -1.79967657e+02 
 3.16227766e+02  6.00403327e+01  3.16227766e+02 -1.79965077e+02 
 3.41454887e+02  6.00403323e+01  3.41454887e+02 -1.79962291e+02 
 3.68694506e+02  6.00403319e+01  3.68694506e+02 -1.79959282e+02 
 3.98107171e+02  6.00403314e+01  3.98107171e+02 -1.79956034e+02 
 4.29866235e+02  6.00403308e+01  4.29866235e+02 -1.79952527e+02 
 4.64158883e+02  6.00403301e+01  4.64158883e+02 -1.79948740e+02 
 5.01187234e+02  6.00403293e+01  5.01187234e+02 -1.79944650e+02 
 5.41169527e+02  6.00403284e+01  5.41169527e+02 -1.79940235e+02 
 5.84341413e+02  6.00403274e+01  5.84341413e+02 -1.79935467e+02 
 6.30957344e+02  6.00403261e+01  6.30957344e+02 -1.79930319e+02 
 6.81292069e+02  6.00403247e+01  6.81292069e+02 -1.79924760e+02 
 7.35642254e+02  6.00403230e+01  7.35642254e+02 -1.79918758e+02 
 7.94328235e+02  6.00403210e+01  7.94328235e+02 -1.79912277e+02 
 8.57695899e+02  6.00403187e+01  8.57695899e+02 -1.79905279e+02 
 9.26118728e+02  6.00403160e+01  9.26118728e+02 -1.79897722e+02 
 1.00000000e+03  6.00403129e+01  1.00000000e+03 -1.79889563e+02 
 1.07977516e+03  6.00403093e+01  1.07977516e+03 -1.79880753e+02 
 1.16591440e+03  6.00403050e+01  1.16591440e+03 -1.79871240e+02 
 1.25892541e+03  6.00403001e+01  1.25892541e+03 -1.79860968e+02 
 1.35935639e+03  6.00402943e+01  1.35935639e+03 -1.79849877e+02 
 1.46779927e+03  6.00402877e+01  1.46779927e+03 -1.79837901e+02 
 1.58489319e+03  6.00402799e+01  1.58489319e+03 -1.79824970e+02 
 1.71132830e+03  6.00402707e+01  1.71132830e+03 -1.79811007e+02 
 1.84784980e+03  6.00402601e+01  1.84784980e+03 -1.79795930e+02 
 1.99526231e+03  6.00402476e+01  1.99526231e+03 -1.79779650e+02 
 2.15443469e+03  6.00402331e+01  2.15443469e+03 -1.79762072e+02 
 2.32630507e+03  6.00402164e+01  2.32630507e+03 -1.79743092e+02 
 2.51188643e+03  6.00401967e+01  2.51188643e+03 -1.79722597e+02 
 2.71227258e+03  6.00401738e+01  2.71227258e+03 -1.79700468e+02 
 2.92864456e+03  6.00401470e+01  2.92864456e+03 -1.79676574e+02 
 3.16227766e+03  6.00401158e+01  3.16227766e+03 -1.79650773e+02 
 3.41454887e+03  6.00400794e+01  3.41454887e+03 -1.79622915e+02 
 3.68694506e+03  6.00400370e+01  3.68694506e+03 -1.79592834e+02 
 3.98107171e+03  6.00399875e+01  3.98107171e+03 -1.79560355e+02 
 4.29866235e+03  6.00399298e+01  4.29866235e+03 -1.79525284e+02 
 4.64158883e+03  6.00398625e+01  4.64158883e+03 -1.79487417e+02 
 5.01187234e+03  6.00397841e+01  5.01187234e+03 -1.79446529e+02 
 5.41169527e+03  6.00396926e+01  5.41169527e+03 -1.79402381e+02 
 5.84341413e+03  6.00395860e+01  5.84341413e+03 -1.79354712e+02 
 6.30957344e+03  6.00394617e+01  6.30957344e+03 -1.79303242e+02 
 6.81292069e+03  6.00393169e+01  6.81292069e+03 -1.79247667e+02 
 7.35642254e+03  6.00391481e+01  7.35642254e+03 -1.79187662e+02 
 7.94328235e+03  6.00389511e+01  7.94328235e+03 -1.79122873e+02 
 8.57695899e+03  6.00387215e+01  8.57695899e+03 -1.79052919e+02 
 9.26118728e+03  6.00384539e+01  9.26118728e+03 -1.78977390e+02 
 1.00000000e+04  6.00381418e+01  1.00000000e+04 -1.78895841e+02 
 1.07977516e+04  6.00377780e+01  1.07977516e+04 -1.78807795e+02 
 1.16591440e+04  6.00373539e+01  1.16591440e+04 -1.78712735e+02 
 1.25892541e+04  6.00368595e+01  1.25892541e+04 -1.78610104e+02 
 1.35935639e+04  6.00362830e+01  1.35935639e+04 -1.78499301e+02 
 1.46779927e+04  6.00356110e+01  1.46779927e+04 -1.78379679e+02 
 1.58489319e+04  6.00348275e+01  1.58489319e+04 -1.78250539e+02 
 1.71132830e+04  6.00339146e+01  1.71132830e+04 -1.78111127e+02 
 1.84784980e+04  6.00328505e+01  1.84784980e+04 -1.77960634e+02 
 1.99526231e+04  6.00316099e+01  1.99526231e+04 -1.77798185e+02 
 2.15443469e+04  6.00301641e+01  2.15443469e+04 -1.77622839e+02 
 2.32630507e+04  6.00284789e+01  2.32630507e+04 -1.77433583e+02 
 2.51188643e+04  6.00265148e+01  2.51188643e+04 -1.77229327e+02 
 2.71227258e+04  6.00242259e+01  2.71227258e+04 -1.77008902e+02 
 2.92864456e+04  6.00215585e+01  2.92864456e+04 -1.76771048e+02 
 3.16227766e+04  6.00184507e+01  3.16227766e+04 -1.76514416e+02 
 3.41454887e+04  6.00148302e+01  3.41454887e+04 -1.76237558e+02 
 3.68694506e+04  6.00106125e+01  3.68694506e+04 -1.75938924e+02 
 3.98107171e+04  6.00057003e+01  3.98107171e+04 -1.75616857e+02 
 4.29866235e+04  5.99999803e+01  4.29866235e+04 -1.75269586e+02 
 4.64158883e+04  5.99933208e+01  4.64158883e+04 -1.74895227e+02 
 5.01187234e+04  5.99855685e+01  5.01187234e+04 -1.74491776e+02 
 5.41169527e+04  5.99765471e+01  5.41169527e+04 -1.74057107e+02 
 5.84341413e+04  5.99660531e+01  5.84341413e+04 -1.73588977e+02 
 6.30957344e+04  5.99538479e+01  6.30957344e+04 -1.73085022e+02 
 6.81292069e+04  5.99396620e+01  6.81292069e+04 -1.72542769e+02 
 7.35642254e+04  5.99231794e+01  7.35642254e+04 -1.71959639e+02 
 7.94328235e+04  5.99040387e+01  7.94328235e+04 -1.71332966e+02 
 8.57695899e+04  5.98818268e+01  8.57695899e+04 -1.70660013e+02 
 9.26118728e+04  5.98560698e+01  9.26118728e+04 -1.69938002e+02 
 1.00000000e+05  5.98262275e+01  1.00000000e+05 -1.69164150e+02 
 1.07977516e+05  5.97916874e+01  1.07977516e+05 -1.68335711e+02 
 1.16591440e+05  5.97517552e+01  1.16591440e+05 -1.67450042e+02 
 1.25892541e+05  5.97056490e+01  1.25892541e+05 -1.66504667e+02 
 1.35935639e+05  5.96524937e+01  1.35935639e+05 -1.65497368e+02 
 1.46779927e+05  5.95913165e+01  1.46779927e+05 -1.64426289e+02 
 1.58489319e+05  5.95210415e+01  1.58489319e+05 -1.63290057e+02 
 1.71132830e+05  5.94404941e+01  1.71132830e+05 -1.62087917e+02 
 1.84784980e+05  5.93483980e+01  1.84784980e+05 -1.60819883e+02 
 1.99526231e+05  5.92433888e+01  1.99526231e+05 -1.59486907e+02 
 2.15443469e+05  5.91240235e+01  2.15443469e+05 -1.58091038e+02 
 2.32630507e+05  5.89887979e+01  2.32630507e+05 -1.56635598e+02 
 2.51188643e+05  5.88361790e+01  2.51188643e+05 -1.55125322e+02 
 2.71227258e+05  5.86646316e+01  2.71227258e+05 -1.53566494e+02 
 2.92864456e+05  5.84726508e+01  2.92864456e+05 -1.51967026e+02 
 3.16227766e+05  5.82588214e+01  3.16227766e+05 -1.50336489e+02 
 3.41454887e+05  5.80218460e+01  3.41454887e+05 -1.48686083e+02 
 3.68694506e+05  5.77605990e+01  3.68694506e+05 -1.47028524e+02 
 3.98107171e+05  5.74741645e+01  3.98107171e+05 -1.45377858e+02 
 4.29866235e+05  5.71618746e+01  4.29866235e+05 -1.43749210e+02 
 4.64158883e+05  5.68233281e+01  4.64158883e+05 -1.42158466e+02 
 5.01187234e+05  5.64584053e+01  5.01187234e+05 -1.40621924e+02 
 5.41169527e+05  5.60672686e+01  5.41169527e+05 -1.39155927e+02 
 5.84341413e+05  5.56503353e+01  5.84341413e+05 -1.37776512e+02 
 6.30957344e+05  5.52082619e+01  6.30957344e+05 -1.36499089e+02 
 6.81292069e+05  5.47418960e+01  6.81292069e+05 -1.35338183e+02 
 7.35642254e+05  5.42522304e+01  7.35642254e+05 -1.34307244e+02 
 7.94328235e+05  5.37403562e+01  7.94328235e+05 -1.33418518e+02 
 8.57695899e+05  5.32074096e+01  8.57695899e+05 -1.32683007e+02 
 9.26118728e+05  5.26545224e+01  9.26118728e+05 -1.32110469e+02 
 1.00000000e+06  5.20827781e+01  1.00000000e+06 -1.31709483e+02 
 1.07977516e+06  5.14931786e+01  1.07977516e+06 -1.31487529e+02 
 1.16591440e+06  5.08866048e+01  1.16591440e+06 -1.31451103e+02 
 1.25892541e+06  5.02637983e+01  1.25892541e+06 -1.31605810e+02 
 1.35935639e+06  4.96253441e+01  1.35935639e+06 -1.31956467e+02 
 1.46779927e+06  4.89716528e+01  1.46779927e+06 -1.32507173e+02 
 1.58489319e+06  4.83029681e+01  1.58489319e+06 -1.33261347e+02 
 1.71132830e+06  4.76193567e+01  1.71132830e+06 -1.34221751e+02 
 1.84784980e+06  4.69207209e+01  1.84784980e+06 -1.35390455e+02 
 1.99526231e+06  4.62068095e+01  1.99526231e+06 -1.36768792e+02 
 2.15443469e+06  4.54772498e+01  2.15443469e+06 -1.38357251e+02 
 2.32630507e+06  4.47315551e+01  2.32630507e+06 -1.40155395e+02 
 2.51188643e+06  4.39691709e+01  2.51188643e+06 -1.42161723e+02 
 2.71227258e+06  4.31895146e+01  2.71227258e+06 -1.44373548e+02 
 2.92864456e+06  4.23920166e+01  2.92864456e+06 -1.46786891e+02 
 3.16227766e+06  4.15761677e+01  3.16227766e+06 -1.49396409e+02 
 3.41454887e+06  4.07415841e+01  3.41454887e+06 -1.52195324e+02 
 3.68694506e+06  3.98880448e+01  3.68694506e+06 -1.55175469e+02 
 3.98107171e+06  3.90155485e+01  3.98107171e+06 -1.58327330e+02 
 4.29866235e+06  3.81243473e+01  4.29866235e+06 -1.61640189e+02 
 4.64158883e+06  3.72149731e+01  4.64158883e+06 -1.65102310e+02 
 5.01187234e+06  3.62882433e+01  5.01187234e+06 -1.68701175e+02 
 5.41169527e+06  3.53452481e+01  5.41169527e+06 -1.72423748e+02 
 5.84341413e+06  3.43873211e+01  5.84341413e+06 -1.76256744e+02 
 6.30957344e+06  3.34159704e+01  6.30957344e+06 -1.80186949e+02 
 6.81292069e+06  3.24328060e+01  6.81292069e+06 -1.84201494e+02 
 7.35642254e+06  3.14394381e+01  7.35642254e+06 -1.88288167e+02 
 7.94328235e+06  3.04373596e+01  7.94328235e+06 -1.92435755e+02 
 8.57695899e+06  2.94278262e+01  8.57695899e+06 -1.96634399e+02 
 9.26118728e+06  2.84117205e+01  9.26118728e+06 -2.00876075e+02 
 1.00000000e+07  2.73894110e+01  1.00000000e+07 -2.05155253e+02 
 1.07977516e+07  2.63606324e+01  1.07977516e+07 -2.09469627e+02 
 1.16591440e+07  2.53243506e+01  1.16591440e+07 -2.13821245e+02 
 1.25892541e+07  2.42786422e+01  1.25892541e+07 -2.18217997e+02 
 1.35935639e+07  2.32205999e+01  1.35935639e+07 -2.22675531e+02 
 1.46779927e+07  2.21462423e+01  1.46779927e+07 -2.27220083e+02 
 1.58489319e+07  2.10504764e+01  1.58489319e+07 -2.31892383e+02 
 1.71132830e+07  1.99271593e+01  1.71132830e+07 -2.36753241e+02 
 1.84784980e+07  1.87693564e+01  1.84784980e+07 -2.41891864e+02 
 1.99526231e+07  1.75700730e+01  1.99526231e+07 -2.47437983e+02 
 2.15443469e+07  1.63239993e+01  2.15443469e+07 -2.53579481e+02 
 2.32630507e+07  1.50314637e+01  2.32630507e+07 -2.60585999e+02 
 2.51188643e+07  1.37069238e+01  2.51188643e+07 -2.68833707e+02 
 2.71227258e+07  1.23957198e+01  2.71227258e+07 -2.78805844e+02 
 2.92864456e+07  1.12008724e+01  2.92864456e+07 -2.90990937e+02 
 3.16227766e+07  1.03037041e+01  3.16227766e+07 -3.05534863e+02 
 3.41454887e+07  9.91972471e+00  3.41454887e+07 -3.21667267e+02 
 3.68694506e+07  1.01520068e+01  3.68694506e+07 -3.37601612e+02 
 3.98107171e+07  1.08924753e+01  3.98107171e+07 -3.51560919e+02 
 4.29866235e+07  1.19228881e+01  4.29866235e+07 -3.62791650e+02 
 4.64158883e+07  1.30606066e+01  4.64158883e+07 -3.71450357e+02 
 5.01187234e+07  1.42013638e+01  5.01187234e+07 -3.78030373e+02 
 5.41169527e+07  1.52983121e+01  5.41169527e+07 -3.83018067e+02 
 5.84341413e+07  1.63353767e+01  5.84341413e+07 -3.86793356e+02 
 6.30957344e+07  1.73107014e+01  6.30957344e+07 -3.89630890e+02 
 6.81292069e+07  1.82283043e+01  6.81292069e+07 -3.91724735e+02 
 7.35642254e+07  1.90942338e+01  7.35642254e+07 -3.93211653e+02 
 7.94328235e+07  1.99148999e+01  7.94328235e+07 -3.94188181e+02 
 8.57695899e+07  2.06963956e+01  8.57695899e+07 -3.94722102e+02 
 9.26118728e+07  2.14442466e+01  9.26118728e+07 -3.94859823e+02 
 1.00000000e+08  2.21633157e+01  1.00000000e+08 -3.94630971e+02 
 1.07977516e+08  2.28577327e+01  1.07977516e+08 -3.94051133e+02 
 1.16591440e+08  2.35307731e+01  1.16591440e+08 -3.93123422e+02 
 1.25892541e+08  2.41846447e+01  1.25892541e+08 -3.91839448e+02 
 1.35935639e+08  2.48201504e+01  1.35935639e+08 -3.90180189e+02 
 1.46779927e+08  2.54362178e+01  1.46779927e+08 -3.88117369e+02 
 1.58489319e+08  2.60293127e+01  1.58489319e+08 -3.85616028e+02 
 1.71132830e+08  2.65928083e+01  1.71132830e+08 -3.82639119e+02 
 1.84784980e+08  2.71164707e+01  1.84784980e+08 -3.79154847e+02 
 1.99526231e+08  2.75863312e+01  1.99526231e+08 -3.75147044e+02 
 2.15443469e+08  2.79853116e+01  2.15443469e+08 -3.70627665e+02 
 2.32630507e+08  2.82949220e+01  2.32630507e+08 -3.65648536e+02 
 2.51188643e+08  2.84980518e+01  2.51188643e+08 -3.60307587e+02 
 2.71227258e+08  2.85822958e+01  2.71227258e+08 -3.54744558e+02 
 2.92864456e+08  2.85426976e+01  2.92864456e+08 -3.49124517e+02 
 3.16227766e+08  2.83827766e+01  3.16227766e+08 -3.43613386e+02 
 3.41454887e+08  2.81134265e+01  3.41454887e+08 -3.38354190e+02 
 3.68694506e+08  2.77502963e+01  3.68694506e+08 -3.33452024e+02 
 3.98107171e+08  2.73108099e+01  3.98107171e+08 -3.28970502e+02 
 4.29866235e+08  2.68117821e+01  4.29866235e+08 -3.24937116e+02 
 4.64158883e+08  2.62680174e+01  4.64158883e+08 -3.21352729e+02 
 5.01187234e+08  2.56917862e+01  5.01187234e+08 -3.18201218e+02 
 5.41169527e+08  2.50928737e+01  5.41169527e+08 -3.15457195e+02 
 5.84341413e+08  2.44789053e+01  5.84341413e+08 -3.13091349e+02 
 6.30957344e+08  2.38557515e+01  6.30957344e+08 -3.11073725e+02 
 6.81292069e+08  2.32279097e+01  6.81292069e+08 -3.09375566e+02 
 7.35642254e+08  2.25988232e+01  7.35642254e+08 -3.07970227e+02 
 7.94328235e+08  2.19711346e+01  7.94328235e+08 -3.06833574e+02 
 8.57695899e+08  2.13468832e+01  8.57695899e+08 -3.05944077e+02 
 9.26118728e+08  2.07276591e+01  9.26118728e+08 -3.05282777e+02 
 1.00000000e+09  2.01147255e+01  1.00000000e+09 -3.04833151e+02 
