 1.00000000e+00  6.67807860e+01  1.00000000e+00 -2.94577504e-04 
 1.07977516e+00  6.67807860e+01  1.07977516e+00 -3.18077473e-04 
 1.16591440e+00  6.67807860e+01  1.16591440e+00 -3.43452155e-04 
 1.25892541e+00  6.67807860e+01  1.25892541e+00 -3.70851106e-04 
 1.35935639e+00  6.67807860e+01  1.35935639e+00 -4.00435813e-04 
 1.46779927e+00  6.67807860e+01  1.46779927e+00 -4.32380645e-04 
 1.58489319e+00  6.67807860e+01  1.58489319e+00 -4.66873881e-04 
 1.71132830e+00  6.67807860e+01  1.71132830e+00 -5.04118821e-04 
 1.84784980e+00  6.67807860e+01  1.84784980e+00 -5.44334982e-04 
 1.99526231e+00  6.67807860e+01  1.99526231e+00 -5.87759393e-04 
 2.15443469e+00  6.67807860e+01  2.15443469e+00 -6.34647994e-04 
 2.32630507e+00  6.67807860e+01  2.32630507e+00 -6.85277141e-04 
 2.51188643e+00  6.67807860e+01  2.51188643e+00 -7.39945236e-04 
 2.71227258e+00  6.67807860e+01  2.71227258e+00 -7.98974488e-04 
 2.92864456e+00  6.67807860e+01  2.92864456e+00 -8.62712807e-04 
 3.16227766e+00  6.67807860e+01  3.16227766e+00 -9.31535861e-04 
 3.41454887e+00  6.67807860e+01  3.41454887e+00 -1.00584929e-03 
 3.68694506e+00  6.67807860e+01  3.68694506e+00 -1.08609108e-03 
 3.98107171e+00  6.67807860e+01  3.98107171e+00 -1.17273417e-03 
 4.29866235e+00  6.67807860e+01  4.29866235e+00 -1.26628923e-03 
 4.64158883e+00  6.67807860e+01  4.64158883e+00 -1.36730765e-03 
 5.01187234e+00  6.67807860e+01  5.01187234e+00 -1.47638484e-03 
 5.41169527e+00  6.67807860e+01  5.41169527e+00 -1.59416369e-03 
 5.84341413e+00  6.67807860e+01  5.84341413e+00 -1.72133835e-03 
 6.30957344e+00  6.67807860e+01  6.30957344e+00 -1.85865840e-03 
 6.81292069e+00  6.67807860e+01  6.81292069e+00 -2.00693317e-03 
 7.35642254e+00  6.67807860e+01  7.35642254e+00 -2.16703659e-03 
 7.94328235e+00  6.67807860e+01  7.94328235e+00 -2.33991229e-03 
 8.57695899e+00  6.67807860e+01  8.57695899e+00 -2.52657917e-03 
 9.26118728e+00  6.67807860e+01  9.26118728e+00 -2.72813744e-03 
 1.00000000e+01  6.67807860e+01  1.00000000e+01 -2.94577504e-03 
 1.07977516e+01  6.67807860e+01  1.07977516e+01 -3.18077472e-03 
 1.16591440e+01  6.67807860e+01  1.16591440e+01 -3.43452154e-03 
 1.25892541e+01  6.67807860e+01  1.25892541e+01 -3.70851106e-03 
 1.35935639e+01  6.67807860e+01  1.35935639e+01 -4.00435813e-03 
 1.46779927e+01  6.67807860e+01  1.46779927e+01 -4.32380645e-03 
 1.58489319e+01  6.67807860e+01  1.58489319e+01 -4.66873881e-03 
 1.71132830e+01  6.67807860e+01  1.71132830e+01 -5.04118820e-03 
 1.84784980e+01  6.67807860e+01  1.84784980e+01 -5.44334980e-03 
 1.99526231e+01  6.67807860e+01  1.99526231e+01 -5.87759392e-03 
 2.15443469e+01  6.67807859e+01  2.15443469e+01 -6.34647992e-03 
 2.32630507e+01  6.67807859e+01  2.32630507e+01 -6.85277138e-03 
 2.51188643e+01  6.67807859e+01  2.51188643e+01 -7.39945233e-03 
 2.71227258e+01  6.67807859e+01  2.71227258e+01 -7.98974483e-03 
 2.92864456e+01  6.67807859e+01  2.92864456e+01 -8.62712802e-03 
 3.16227766e+01  6.67807859e+01  3.16227766e+01 -9.31535855e-03 
 3.41454887e+01  6.67807859e+01  3.41454887e+01 -1.00584928e-02 
 3.68694506e+01  6.67807859e+01  3.68694506e+01 -1.08609107e-02 
 3.98107171e+01  6.67807858e+01  3.98107171e+01 -1.17273415e-02 
 4.29866235e+01  6.67807858e+01  4.29866235e+01 -1.26628921e-02 
 4.64158883e+01  6.67807858e+01  4.64158883e+01 -1.36730763e-02 
 5.01187234e+01  6.67807857e+01  5.01187234e+01 -1.47638482e-02 
 5.41169527e+01  6.67807857e+01  5.41169527e+01 -1.59416365e-02 
 5.84341413e+01  6.67807856e+01  5.84341413e+01 -1.72133831e-02 
 6.30957344e+01  6.67807856e+01  6.30957344e+01 -1.85865835e-02 
 6.81292069e+01  6.67807855e+01  6.81292069e+01 -2.00693311e-02 
 7.35642254e+01  6.67807854e+01  7.35642254e+01 -2.16703651e-02 
 7.94328235e+01  6.67807854e+01  7.94328235e+01 -2.33991218e-02 
 8.57695899e+01  6.67807853e+01  8.57695899e+01 -2.52657904e-02 
 9.26118728e+01  6.67807851e+01  9.26118728e+01 -2.72813727e-02 
 1.00000000e+02  6.67807850e+01  1.00000000e+02 -2.94577483e-02 
 1.07977516e+02  6.67807848e+01  1.07977516e+02 -3.18077446e-02 
 1.16591440e+02  6.67807846e+01  1.16591440e+02 -3.43452121e-02 
 1.25892541e+02  6.67807844e+01  1.25892541e+02 -3.70851063e-02 
 1.35935639e+02  6.67807841e+01  1.35935639e+02 -4.00435759e-02 
 1.46779927e+02  6.67807838e+01  1.46779927e+02 -4.32380578e-02 
 1.58489319e+02  6.67807835e+01  1.58489319e+02 -4.66873796e-02 
 1.71132830e+02  6.67807830e+01  1.71132830e+02 -5.04118714e-02 
 1.84784980e+02  6.67807825e+01  1.84784980e+02 -5.44334847e-02 
 1.99526231e+02  6.67807820e+01  1.99526231e+02 -5.87759223e-02 
 2.15443469e+02  6.67807813e+01  2.15443469e+02 -6.34647780e-02 
 2.32630507e+02  6.67807805e+01  2.32630507e+02 -6.85276872e-02 
 2.51188643e+02  6.67807796e+01  2.51188643e+02 -7.39944897e-02 
 2.71227258e+02  6.67807786e+01  2.71227258e+02 -7.98974061e-02 
 2.92864456e+02  6.67807773e+01  2.92864456e+02 -8.62712270e-02 
 3.16227766e+02  6.67807759e+01  3.16227766e+02 -9.31535185e-02 
 3.41454887e+02  6.67807741e+01  3.41454887e+02 -1.00584843e-01 
 3.68694506e+02  6.67807722e+01  3.68694506e+02 -1.08608999e-01 
 3.98107171e+02  6.67807699e+01  3.98107171e+02 -1.17273281e-01 
 4.29866235e+02  6.67807672e+01  4.29866235e+02 -1.26628752e-01 
 4.64158883e+02  6.67807641e+01  4.64158883e+02 -1.36730550e-01 
 5.01187234e+02  6.67807605e+01  5.01187234e+02 -1.47638214e-01 
 5.41169527e+02  6.67807563e+01  5.41169527e+02 -1.59416028e-01 
 5.84341413e+02  6.67807513e+01  5.84341413e+02 -1.72133405e-01 
 6.30957344e+02  6.67807456e+01  6.30957344e+02 -1.85865299e-01 
 6.81292069e+02  6.67807389e+01  6.81292069e+02 -2.00692637e-01 
 7.35642254e+02  6.67807310e+01  7.35642254e+02 -2.16702802e-01 
 7.94328235e+02  6.67807220e+01  7.94328235e+02 -2.33990151e-01 
 8.57695899e+02  6.67807113e+01  8.57695899e+02 -2.52656559e-01 
 9.26118728e+02  6.67806990e+01  9.26118728e+02 -2.72812035e-01 
 1.00000000e+03  6.67806845e+01  1.00000000e+03 -2.94575353e-01 
 1.07977516e+03  6.67806677e+01  1.07977516e+03 -3.18074763e-01 
 1.16591440e+03  6.67806480e+01  1.16591440e+03 -3.43448743e-01 
 1.25892541e+03  6.67806251e+01  1.25892541e+03 -3.70846812e-01 
 1.35935639e+03  6.67805985e+01  1.35935639e+03 -4.00430408e-01 
 1.46779927e+03  6.67805674e+01  1.46779927e+03 -4.32373842e-01 
 1.58489319e+03  6.67805311e+01  1.58489319e+03 -4.66865314e-01 
 1.71132830e+03  6.67804888e+01  1.71132830e+03 -5.04108035e-01 
 1.84784980e+03  6.67804394e+01  1.84784980e+03 -5.44321400e-01 
 1.99526231e+03  6.67803819e+01  1.99526231e+03 -5.87742295e-01 
 2.15443469e+03  6.67803148e+01  2.15443469e+03 -6.34626465e-01 
 2.32630507e+03  6.67802366e+01  2.32630507e+03 -6.85250038e-01 
 2.51188643e+03  6.67801456e+01  2.51188643e+03 -7.39911120e-01 
 2.71227258e+03  6.67800394e+01  2.71227258e+03 -7.98931544e-01 
 2.92864456e+03  6.67799155e+01  2.92864456e+03 -8.62658746e-01 
 3.16227766e+03  6.67797711e+01  3.16227766e+03 -9.31467806e-01 
 3.41454887e+03  6.67796028e+01  3.41454887e+03 -1.00576362e+00 
 3.68694506e+03  6.67794065e+01  3.68694506e+03 -1.08598322e+00 
 3.98107171e+03  6.67791777e+01  3.98107171e+03 -1.17259839e+00 
 4.29866235e+03  6.67789108e+01  4.29866235e+03 -1.26611829e+00 
 4.64158883e+03  6.67785999e+01  4.64158883e+03 -1.36709248e+00 
 5.01187234e+03  6.67782372e+01  5.01187234e+03 -1.47611396e+00 
 5.41169527e+03  6.67778145e+01  5.41169527e+03 -1.59382269e+00 
 5.84341413e+03  6.67773218e+01  5.84341413e+03 -1.72090909e+00 
 6.30957344e+03  6.67767475e+01  6.30957344e+03 -1.85811805e+00 
 6.81292069e+03  6.67760778e+01  6.81292069e+03 -2.00625297e+00 
 7.35642254e+03  6.67752971e+01  7.35642254e+03 -2.16618034e+00 
 7.94328235e+03  6.67743871e+01  7.94328235e+03 -2.33883447e+00 
 8.57695899e+03  6.67733261e+01  8.57695899e+03 -2.52522248e+00 
 9.26118728e+03  6.67720898e+01  9.26118728e+03 -2.72642977e+00 
 1.00000000e+04  6.67706484e+01  1.00000000e+04 -2.94362563e+00 
 1.07977516e+04  6.67689687e+01  1.07977516e+04 -3.17806942e+00 
 1.16591440e+04  6.67670111e+01  1.16591440e+04 -3.43111663e+00 
 1.25892541e+04  6.67647299e+01  1.25892541e+04 -3.70422594e+00 
 1.35935639e+04  6.67620717e+01  1.35935639e+04 -3.99896545e+00 
 1.46779927e+04  6.67589745e+01  1.46779927e+04 -4.31702040e+00 
 1.58489319e+04  6.67553655e+01  1.58489319e+04 -4.66019987e+00 
 1.71132830e+04  6.67511620e+01  1.71132830e+04 -5.03044452e+00 
 1.84784980e+04  6.67462664e+01  1.84784980e+04 -5.42983346e+00 
 1.99526231e+04  6.67405652e+01  1.99526231e+04 -5.86059116e+00 
 2.15443469e+04  6.67339274e+01  2.15443469e+04 -6.32509437e+00 
 2.32630507e+04  6.67262017e+01  2.32630507e+04 -6.82587733e+00 
 2.51188643e+04  6.67172112e+01  2.51188643e+04 -7.36563679e+00 
 2.71227258e+04  6.67067522e+01  2.71227258e+04 -7.94723488e+00 
 2.92864456e+04  6.66945898e+01  2.92864456e+04 -8.57370129e+00 
 3.16227766e+04  6.66804518e+01  3.16227766e+04 -9.24822978e+00 
 3.41454887e+04  6.66640260e+01  3.41454887e+04 -9.97417467e+00 
 3.68694506e+04  6.66449529e+01  3.68694506e+04 -1.07550405e+01 
 3.98107171e+04  6.66228206e+01  3.98107171e+04 -1.15944680e+01 
 4.29866235e+04  6.65971575e+01  4.29866235e+04 -1.24962088e+01 
 4.64158883e+04  6.65674249e+01  4.64158883e+04 -1.34640996e+01 
 5.01187234e+04  6.65330148e+01  5.01187234e+04 -1.45020189e+01 
 5.41169527e+04  6.64932344e+01  5.41169527e+04 -1.56138349e+01 
 5.84341413e+04  6.64473077e+01  5.84341413e+04 -1.68033421e+01 
 6.30957344e+04  6.63943661e+01  6.30957344e+04 -1.80741799e+01 
 6.81292069e+04  6.63334402e+01  6.81292069e+04 -1.94297379e+01 
 7.35642254e+04  6.62634651e+01  7.35642254e+04 -2.08730415e+01 
 7.94328235e+04  6.61832736e+01  7.94328235e+04 -2.24066288e+01 
 8.57695899e+04  6.60916016e+01  8.57695899e+04 -2.40324017e+01 
 9.26118728e+04  6.59870991e+01  9.26118728e+04 -2.57514803e+01 
 1.00000000e+05  6.58683371e+01  1.00000000e+05 -2.75640428e+01 
 1.07977516e+05  6.57338347e+01  1.07977516e+05 -2.94691721e+01 
 1.16591440e+05  6.55820805e+01  1.16591440e+05 -3.14647206e+01 
 1.25892541e+05  6.54115664e+01  1.25892541e+05 -3.35471966e+01 
 1.35935639e+05  6.52208261e+01  1.35935639e+05 -3.57116969e+01 
 1.46779927e+05  6.50084795e+01  1.46779927e+05 -3.79518898e+01 
 1.58489319e+05  6.47732786e+01  1.58489319e+05 -4.02600722e+01 
 1.71132830e+05  6.45141507e+01  1.71132830e+05 -4.26272908e+01 
 1.84784980e+05  6.42302469e+01  1.84784980e+05 -4.50435552e+01 
 1.99526231e+05  6.39209697e+01  1.99526231e+05 -4.74981041e+01 
 2.15443469e+05  6.35860055e+01  2.15443469e+05 -4.99797442e+01 
 2.32630507e+05  6.32253325e+01  2.32630507e+05 -5.24772206e+01 
 2.51188643e+05  6.28392212e+01  2.51188643e+05 -5.49796021e+01 
 2.71227258e+05  6.24282237e+01  2.71227258e+05 -5.74766493e+01 
 2.92864456e+05  6.19931379e+01  2.92864456e+05 -5.99591539e+01 
 3.16227766e+05  6.15349805e+01  3.16227766e+05 -6.24192076e+01 
 3.41454887e+05  6.10549346e+01  3.41454887e+05 -6.48504132e+01 
 3.68694506e+05  6.05543080e+01  3.68694506e+05 -6.72480118e+01 
 3.98107171e+05  6.00344821e+01  3.98107171e+05 -6.96089361e+01 
 4.29866235e+05  5.94968675e+01  4.29866235e+05 -7.19318030e+01 
 4.64158883e+05  5.89428633e+01  4.64158883e+05 -7.42168444e+01 
 5.01187234e+05  5.83738253e+01  5.01187234e+05 -7.64658060e+01 
 5.41169527e+05  5.77910299e+01  5.41169527e+05 -7.86818103e+01 
 5.84341413e+05  5.71956622e+01  5.84341413e+05 -8.08692087e+01 
 6.30957344e+05  5.65887902e+01  6.30957344e+05 -8.30334318e+01 
 6.81292069e+05  5.59713573e+01  6.81292069e+05 -8.51808379e+01 
 7.35642254e+05  5.53441764e+01  7.35642254e+05 -8.73185707e+01 
 7.94328235e+05  5.47079218e+01  7.94328235e+05 -8.94544292e+01 
 8.57695899e+05  5.40631323e+01  8.57695899e+05 -9.15967453e+01 
 9.26118728e+05  5.34102039e+01  9.26118728e+05 -9.37542791e+01 
 1.00000000e+06  5.27494004e+01  1.00000000e+06 -9.59361103e+01 
 1.07977516e+06  5.20808413e+01  1.07977516e+06 -9.81515522e+01 
 1.16591440e+06  5.14045187e+01  1.16591440e+06 -1.00410048e+02 
 1.25892541e+06  5.07202862e+01  1.25892541e+06 -1.02721087e+02 
 1.35935639e+06  5.00278711e+01  1.35935639e+06 -1.05094095e+02 
 1.46779927e+06  4.93268708e+01  1.46779927e+06 -1.07538338e+02 
 1.58489319e+06  4.86167655e+01  1.58489319e+06 -1.10062791e+02 
 1.71132830e+06  4.78969190e+01  1.71132830e+06 -1.12676016e+02 
 1.84784980e+06  4.71665914e+01  1.84784980e+06 -1.15386016e+02 
 1.99526231e+06  4.64249506e+01  1.99526231e+06 -1.18200074e+02 
 2.15443469e+06  4.56710973e+01  2.15443469e+06 -1.21124584e+02 
 2.32630507e+06  4.49040790e+01  2.32630507e+06 -1.24164889e+02 
 2.51188643e+06  4.41229308e+01  2.51188643e+06 -1.27325095e+02 
 2.71227258e+06  4.33267028e+01  2.71227258e+06 -1.30607928e+02 
 2.92864456e+06  4.25145067e+01  2.92864456e+06 -1.34014598e+02 
 3.16227766e+06  4.16855603e+01  3.16227766e+06 -1.37544701e+02 
 3.41454887e+06  4.08392402e+01  3.41454887e+06 -1.41196172e+02 
 3.68694506e+06  3.99751221e+01  3.68694506e+06 -1.44965312e+02 
 3.98107171e+06  3.90930316e+01  3.98107171e+06 -1.48846845e+02 
 4.29866235e+06  3.81930794e+01  4.29866235e+06 -1.52834066e+02 
 4.64158883e+06  3.72756783e+01  4.64158883e+06 -1.56919045e+02 
 5.01187234e+06  3.63415509e+01  5.01187234e+06 -1.61092865e+02 
 5.41169527e+06  3.53917183e+01  5.41169527e+06 -1.65345886e+02 
 5.84341413e+06  3.44274553e+01  5.84341413e+06 -1.69668058e+02 
 6.30957344e+06  3.34502397e+01  6.30957344e+06 -1.74049183e+02 
 6.81292069e+06  3.24616658e+01  6.81292069e+06 -1.78479226e+02 
 7.35642254e+06  3.14633454e+01  7.35642254e+06 -1.82948609e+02 
 7.94328235e+06  3.04567952e+01  7.94328235e+06 -1.87448514e+02 
 8.57695899e+06  2.94433098e+01  8.57695899e+06 -1.91971251e+02 
 9.26118728e+06  2.84238287e+01  9.26118728e+06 -1.96510706e+02 
 1.00000000e+07  2.73988055e+01  1.00000000e+07 -2.01062893e+02 
 1.07977516e+07  2.63680693e+01  1.07977516e+07 -2.05626753e+02 
 1.16591440e+07  2.53307048e+01  1.16591440e+07 -2.10205124e+02 
 1.25892541e+07  2.42849282e+01  1.25892541e+07 -2.14806148e+02 
 1.35935639e+07  2.32279809e+01  1.35935639e+07 -2.19445127e+02 
 1.46779927e+07  2.21560429e+01  1.46779927e+07 -2.24147093e+02 
 1.58489319e+07  2.10641792e+01  1.58489319e+07 -2.28950440e+02 
 1.71132830e+07  1.99463656e+01  1.71132830e+07 -2.33912127e+02 
 1.84784980e+07  1.87956867e+01  1.84784980e+07 -2.39115274e+02 
 1.99526231e+07  1.76049158e+01  1.99526231e+07 -2.44680413e+02 
 2.15443469e+07  1.63679514e+01  2.15443469e+07 -2.50781836e+02 
 2.32630507e+07  1.50831089e+01  2.32630507e+07 -2.57670274e+02 
 2.51188643e+07  1.37603223e+01  2.51188643e+07 -2.65698979e+02 
 2.71227258e+07  1.24357827e+01  2.71227258e+07 -2.75334802e+02 
 2.92864456e+07  1.11971189e+01  2.92864456e+07 -2.87091080e+02 
 3.16227766e+07  1.02094338e+01  3.16227766e+07 -3.01244986e+02 
 3.41454887e+07  9.69265014e+00  3.41454887e+07 -3.17275133e+02 
 3.68694506e+07  9.79115934e+00  3.68694506e+07 -3.33554778e+02 
 3.98107171e+07  1.04409977e+01  3.98107171e+07 -3.48166924e+02 
 4.29866235e+07  1.14310657e+01  4.29866235e+07 -3.60095864e+02 
 4.64158883e+07  1.25616146e+01  4.64158883e+07 -3.69351598e+02 
 5.01187234e+07  1.37112669e+01  5.01187234e+07 -3.76401107e+02 
 5.41169527e+07  1.48230706e+01  5.41169527e+07 -3.81752070e+02 
 5.84341413e+07  1.58761302e+01  5.84341413e+07 -3.85812596e+02 
 6.30957344e+07  1.68665770e+01  6.30957344e+07 -3.88880353e+02 
 6.81292069e+07  1.77977233e+01  6.81292069e+07 -3.91166009e+02 
 7.35642254e+07  1.86754774e+01  7.35642254e+07 -3.92817962e+02 
 7.94328235e+07  1.95063365e+01  7.94328235e+07 -3.93940995e+02 
 8.57695899e+07  2.02965641e+01  8.57695899e+07 -3.94608964e+02 
 9.26118728e+07  2.10518836e+01  9.26118728e+07 -3.94872988e+02 
 1.00000000e+08  2.17773715e+01  1.00000000e+08 -3.94766610e+02 
 1.07977516e+08  2.24773961e+01  1.07977516e+08 -3.94308871e+02 
 1.16591440e+08  2.31555208e+01  1.16591440e+08 -3.93506111e+02 
 1.25892541e+08  2.38143220e+01  1.25892541e+08 -3.92352987e+02 
 1.35935639e+08  2.44550922e+01  1.35935639e+08 -3.90833302e+02 
 1.46779927e+08  2.50774098e+01  1.46779927e+08 -3.88921121e+02 
 1.58489319e+08  2.56785842e+01  1.58489319e+08 -3.86582901e+02 
 1.71132830e+08  2.62530302e+01  1.71132830e+08 -3.83781358e+02 
 1.84784980e+08  2.67916995e+01  1.84784980e+08 -3.80481876e+02 
 1.99526231e+08  2.72818043e+01  1.99526231e+08 -3.76661909e+02 
 2.15443469e+08  2.77071707e+01  2.15443469e+08 -3.72322900e+02 
 2.32630507e+08  2.80495692e+01  2.32630507e+08 -3.67502544e+02 
 2.51188643e+08  2.82911630e+01  2.51188643e+08 -3.62283195e+02 
 2.71227258e+08  2.84177157e+01  2.71227258e+08 -3.56791301e+02 
 2.92864456e+08  2.84216100e+01  2.92864456e+08 -3.51184868e+02 
 3.16227766e+08  2.83034953e+01  3.16227766e+08 -3.45631157e+02 
 3.41454887e+08  2.80718763e+01  3.41454887e+08 -3.40282129e+02 
 3.68694506e+08  2.77409348e+01  3.68694506e+08 -3.35256247e+02 
 3.98107171e+08  2.73276081e+01  3.98107171e+08 -3.30631205e+02 
 4.29866235e+08  2.68489863e+01  4.29866235e+08 -3.26446585e+02 
 4.64158883e+08  2.63205936e+01  4.64158883e+08 -3.22712163e+02 
 5.01187234e+08  2.57555909e+01  5.01187234e+08 -3.19417541e+02 
 5.41169527e+08  2.51646433e+01  5.41169527e+08 -3.16540462e+02 
 5.84341413e+08  2.45561517e+01  5.84341413e+08 -3.14052884e+02 
 6.30957344e+08  2.39366247e+01  6.30957344e+08 -3.11924919e+02 
 6.81292069e+08  2.33110596e+01  6.81292069e+08 -3.10127170e+02 
 7.35642254e+08  2.26832783e+01  7.35642254e+08 -3.08631994e+02 
 7.94328235e+08  2.20562014e+01  7.94328235e+08 -3.07414113e+02 
 8.57695899e+08  2.14320660e+01  8.57695899e+08 -3.06450853e+02 
 9.26118728e+08  2.08125984e+01  9.26118728e+08 -3.05722172e+02 
 1.00000000e+09  2.01991511e+01  1.00000000e+09 -3.05210578e+02 
