 1.00000000e+00  8.69397990e+01  1.00000000e+00 -1.79997191e+02 
 1.07977516e+00  8.69397990e+01  1.07977516e+00 -1.79996967e+02 
 1.16591440e+00  8.69397990e+01  1.16591440e+00 -1.79996725e+02 
 1.25892541e+00  8.69397989e+01  1.25892541e+00 -1.79996464e+02 
 1.35935639e+00  8.69397989e+01  1.35935639e+00 -1.79996182e+02 
 1.46779927e+00  8.69397989e+01  1.46779927e+00 -1.79995877e+02 
 1.58489319e+00  8.69397989e+01  1.58489319e+00 -1.79995548e+02 
 1.71132830e+00  8.69397989e+01  1.71132830e+00 -1.79995193e+02 
 1.84784980e+00  8.69397989e+01  1.84784980e+00 -1.79994809e+02 
 1.99526231e+00  8.69397989e+01  1.99526231e+00 -1.79994395e+02 
 2.15443469e+00  8.69397989e+01  2.15443469e+00 -1.79993948e+02 
 2.32630507e+00  8.69397989e+01  2.32630507e+00 -1.79993466e+02 
 2.51188643e+00  8.69397989e+01  2.51188643e+00 -1.79992944e+02 
 2.71227258e+00  8.69397989e+01  2.71227258e+00 -1.79992381e+02 
 2.92864456e+00  8.69397989e+01  2.92864456e+00 -1.79991774e+02 
 3.16227766e+00  8.69397989e+01  3.16227766e+00 -1.79991117e+02 
 3.41454887e+00  8.69397988e+01  3.41454887e+00 -1.79990409e+02 
 3.68694506e+00  8.69397988e+01  3.68694506e+00 -1.79989644e+02 
 3.98107171e+00  8.69397988e+01  3.98107171e+00 -1.79988817e+02 
 4.29866235e+00  8.69397988e+01  4.29866235e+00 -1.79987925e+02 
 4.64158883e+00  8.69397987e+01  4.64158883e+00 -1.79986962e+02 
 5.01187234e+00  8.69397987e+01  5.01187234e+00 -1.79985922e+02 
 5.41169527e+00  8.69397987e+01  5.41169527e+00 -1.79984799e+02 
 5.84341413e+00  8.69397986e+01  5.84341413e+00 -1.79983586e+02 
 6.30957344e+00  8.69397985e+01  6.30957344e+00 -1.79982277e+02 
 6.81292069e+00  8.69397985e+01  6.81292069e+00 -1.79980863e+02 
 7.35642254e+00  8.69397984e+01  7.35642254e+00 -1.79979336e+02 
 7.94328235e+00  8.69397983e+01  7.94328235e+00 -1.79977688e+02 
 8.57695899e+00  8.69397982e+01  8.57695899e+00 -1.79975908e+02 
 9.26118728e+00  8.69397981e+01  9.26118728e+00 -1.79973986e+02 
 1.00000000e+01  8.69397979e+01  1.00000000e+01 -1.79971911e+02 
 1.07977516e+01  8.69397977e+01  1.07977516e+01 -1.79969670e+02 
 1.16591440e+01  8.69397975e+01  1.16591440e+01 -1.79967250e+02 
 1.25892541e+01  8.69397973e+01  1.25892541e+01 -1.79964637e+02 
 1.35935639e+01  8.69397970e+01  1.35935639e+01 -1.79961816e+02 
 1.46779927e+01  8.69397967e+01  1.46779927e+01 -1.79958770e+02 
 1.58489319e+01  8.69397963e+01  1.58489319e+01 -1.79955481e+02 
 1.71132830e+01  8.69397959e+01  1.71132830e+01 -1.79951930e+02 
 1.84784980e+01  8.69397954e+01  1.84784980e+01 -1.79948095e+02 
 1.99526231e+01  8.69397948e+01  1.99526231e+01 -1.79943954e+02 
 2.15443469e+01  8.69397941e+01  2.15443469e+01 -1.79939483e+02 
 2.32630507e+01  8.69397932e+01  2.32630507e+01 -1.79934655e+02 
 2.51188643e+01  8.69397923e+01  2.51188643e+01 -1.79929443e+02 
 2.71227258e+01  8.69397912e+01  2.71227258e+01 -1.79923814e+02 
 2.92864456e+01  8.69397899e+01  2.92864456e+01 -1.79917736e+02 
 3.16227766e+01  8.69397884e+01  3.16227766e+01 -1.79911173e+02 
 3.41454887e+01  8.69397866e+01  3.41454887e+01 -1.79904087e+02 
 3.68694506e+01  8.69397846e+01  3.68694506e+01 -1.79896436e+02 
 3.98107171e+01  8.69397822e+01  3.98107171e+01 -1.79888174e+02 
 4.29866235e+01  8.69397794e+01  4.29866235e+01 -1.79879253e+02 
 4.64158883e+01  8.69397762e+01  4.64158883e+01 -1.79869621e+02 
 5.01187234e+01  8.69397724e+01  5.01187234e+01 -1.79859220e+02 
 5.41169527e+01  8.69397680e+01  5.41169527e+01 -1.79847989e+02 
 5.84341413e+01  8.69397629e+01  5.84341413e+01 -1.79835862e+02 
 6.30957344e+01  8.69397569e+01  6.30957344e+01 -1.79822768e+02 
 6.81292069e+01  8.69397499e+01  6.81292069e+01 -1.79808630e+02 
 7.35642254e+01  8.69397418e+01  7.35642254e+01 -1.79793363e+02 
 7.94328235e+01  8.69397323e+01  7.94328235e+01 -1.79776879e+02 
 8.57695899e+01  8.69397212e+01  8.57695899e+01 -1.79759079e+02 
 9.26118728e+01  8.69397083e+01  9.26118728e+01 -1.79739860e+02 
 1.00000000e+02  8.69396933e+01  1.00000000e+02 -1.79719108e+02 
 1.07977516e+02  8.69396757e+01  1.07977516e+02 -1.79696700e+02 
 1.16591440e+02  8.69396553e+01  1.16591440e+02 -1.79672505e+02 
 1.25892541e+02  8.69396314e+01  1.25892541e+02 -1.79646379e+02 
 1.35935639e+02  8.69396037e+01  1.35935639e+02 -1.79618170e+02 
 1.46779927e+02  8.69395712e+01  1.46779927e+02 -1.79587711e+02 
 1.58489319e+02  8.69395335e+01  1.58489319e+02 -1.79554822e+02 
 1.71132830e+02  8.69394894e+01  1.71132830e+02 -1.79519309e+02 
 1.84784980e+02  8.69394381e+01  1.84784980e+02 -1.79480964e+02 
 1.99526231e+02  8.69393782e+01  1.99526231e+02 -1.79439560e+02 
 2.15443469e+02  8.69393084e+01  2.15443469e+02 -1.79394854e+02 
 2.32630507e+02  8.69392270e+01  2.32630507e+02 -1.79346583e+02 
 2.51188643e+02  8.69391321e+01  2.51188643e+02 -1.79294462e+02 
 2.71227258e+02  8.69390215e+01  2.71227258e+02 -1.79238184e+02 
 2.92864456e+02  8.69388925e+01  2.92864456e+02 -1.79177418e+02 
 3.16227766e+02  8.69387421e+01  3.16227766e+02 -1.79111806e+02 
 3.41454887e+02  8.69385675e+01  3.41454887e+02 -1.79040964e+02 
 3.68694506e+02  8.69383631e+01  3.68694506e+02 -1.78964473e+02 
 3.98107171e+02  8.69381248e+01  3.98107171e+02 -1.78881884e+02 
 4.29866235e+02  8.69378470e+01  4.29866235e+02 -1.78792712e+02 
 4.64158883e+02  8.69375231e+01  4.64158883e+02 -1.78696433e+02 
 5.01187234e+02  8.69371455e+01  5.01187234e+02 -1.78592482e+02 
 5.41169527e+02  8.69367052e+01  5.41169527e+02 -1.78480248e+02 
 5.84341413e+02  8.69361928e+01  5.84341413e+02 -1.78359075e+02 
 6.30957344e+02  8.69355945e+01  6.30957344e+02 -1.78228252e+02 
 6.81292069e+02  8.69348971e+01  6.81292069e+02 -1.78087013e+02 
 7.35642254e+02  8.69340848e+01  7.35642254e+02 -1.77934534e+02 
 7.94328235e+02  8.69331371e+01  7.94328235e+02 -1.77769924e+02 
 8.57695899e+02  8.69320324e+01  8.57695899e+02 -1.77592225e+02 
 9.26118728e+02  8.69307456e+01  9.26118728e+02 -1.77400403e+02 
 1.00000000e+03  8.69292454e+01  1.00000000e+03 -1.77193345e+02 
 1.07977516e+03  8.69274963e+01  1.07977516e+03 -1.76969853e+02 
 1.16591440e+03  8.69254586e+01  1.16591440e+03 -1.76728637e+02 
 1.25892541e+03  8.69230840e+01  1.25892541e+03 -1.76468312e+02 
 1.35935639e+03  8.69203176e+01  1.35935639e+03 -1.76187386e+02 
 1.46779927e+03  8.69170934e+01  1.46779927e+03 -1.75884259e+02 
 1.58489319e+03  8.69133384e+01  1.58489319e+03 -1.75557215e+02 
 1.71132830e+03  8.69089637e+01  1.71132830e+03 -1.75204413e+02 
 1.84784980e+03  8.69038693e+01  1.84784980e+03 -1.74823883e+02 
 1.99526231e+03  8.68979367e+01  1.99526231e+03 -1.74413520e+02 
 2.15443469e+03  8.68910305e+01  2.15443469e+03 -1.73971078e+02 
 2.32630507e+03  8.68829911e+01  2.32630507e+03 -1.73494167e+02 
 2.51188643e+03  8.68736377e+01  2.51188643e+03 -1.72980244e+02 
 2.71227258e+03  8.68627568e+01  2.71227258e+03 -1.72426623e+02 
 2.92864456e+03  8.68501047e+01  2.92864456e+03 -1.71830462e+02 
 3.16227766e+03  8.68354006e+01  3.16227766e+03 -1.71188776e+02 
 3.41454887e+03  8.68183192e+01  3.41454887e+03 -1.70498445e+02 
 3.68694506e+03  8.67984891e+01  3.68694506e+03 -1.69756220e+02 
 3.98107171e+03  8.67754821e+01  3.98107171e+03 -1.68958747e+02 
 4.29866235e+03  8.67488112e+01  4.29866235e+03 -1.68102594e+02 
 4.64158883e+03  8.67179191e+01  4.64158883e+03 -1.67184282e+02 
 5.01187234e+03  8.66821791e+01  5.01187234e+03 -1.66200329e+02 
 5.41169527e+03  8.66408758e+01  5.41169527e+03 -1.65147318e+02 
 5.84341413e+03  8.65932113e+01  5.84341413e+03 -1.64021954e+02 
 6.30957344e+03  8.65382898e+01  6.30957344e+03 -1.62821166e+02 
 6.81292069e+03  8.64751223e+01  6.81292069e+03 -1.61542195e+02 
 7.35642254e+03  8.64026163e+01  7.35642254e+03 -1.60182725e+02 
 7.94328235e+03  8.63195790e+01  7.94328235e+03 -1.58741023e+02 
 8.57695899e+03  8.62247293e+01  8.57695899e+03 -1.57216063e+02 
 9.26118728e+03  8.61166957e+01  9.26118728e+03 -1.55607714e+02 
 1.00000000e+04  8.59940402e+01  1.00000000e+04 -1.53916882e+02 
 1.07977516e+04  8.58552761e+01  1.07977516e+04 -1.52145672e+02 
 1.16591440e+04  8.56988956e+01  1.16591440e+04 -1.50297524e+02 
 1.25892541e+04  8.55234058e+01  1.25892541e+04 -1.48377320e+02 
 1.35935639e+04  8.53273693e+01  1.35935639e+04 -1.46391444e+02 
 1.46779927e+04  8.51094494e+01  1.46779927e+04 -1.44347779e+02 
 1.58489319e+04  8.48684545e+01  1.58489319e+04 -1.42255653e+02 
 1.71132830e+04  8.46033840e+01  1.71132830e+04 -1.40125689e+02 
 1.84784980e+04  8.43134711e+01  1.84784980e+04 -1.37969597e+02 
 1.99526231e+04  8.39982166e+01  1.99526231e+04 -1.35799872e+02 
 2.15443469e+04  8.36574070e+01  2.15443469e+04 -1.33629484e+02 
 2.32630507e+04  8.32911305e+01  2.32630507e+04 -1.31471479e+02 
 2.51188643e+04  8.28997684e+01  2.51188643e+04 -1.29338628e+02 
 2.71227258e+04  8.24839828e+01  2.71227258e+04 -1.27243037e+02 
 2.92864456e+04  8.20446760e+01  2.92864456e+04 -1.25195929e+02 
 3.16227766e+04  8.15829670e+01  3.16227766e+04 -1.23207278e+02 
 3.41454887e+04  8.11001376e+01  3.41454887e+04 -1.21285715e+02 
 3.68694506e+04  8.05975901e+01  3.68694506e+04 -1.19438406e+02 
 3.98107171e+04  8.00767952e+01  3.98107171e+04 -1.17671057e+02 
 4.29866235e+04  7.95392607e+01  4.29866235e+04 -1.15987881e+02 
 4.64158883e+04  7.89864826e+01  4.64158883e+04 -1.14391785e+02 
 5.01187234e+04  7.84199216e+01  5.01187234e+04 -1.12884430e+02 
 5.41169527e+04  7.78409785e+01  5.41169527e+04 -1.11466404e+02 
 5.84341413e+04  7.72509727e+01  5.84341413e+04 -1.10137374e+02 
 6.30957344e+04  7.66511315e+01  6.30957344e+04 -1.08896268e+02 
 6.81292069e+04  7.60425874e+01  6.81292069e+04 -1.07741408e+02 
 7.35642254e+04  7.54263694e+01  7.35642254e+04 -1.06670667e+02 
 7.94328235e+04  7.48034107e+01  7.94328235e+04 -1.05681597e+02 
 8.57695899e+04  7.41745447e+01  8.57695899e+04 -1.04771531e+02 
 9.26118728e+04  7.35405162e+01  9.26118728e+04 -1.03937694e+02 
 1.00000000e+05  7.29019843e+01  1.00000000e+05 -1.03177283e+02 
 1.07977516e+05  7.22595295e+01  1.07977516e+05 -1.02487519e+02 
 1.16591440e+05  7.16136603e+01  1.16591440e+05 -1.01865724e+02 
 1.25892541e+05  7.09648222e+01  1.25892541e+05 -1.01309345e+02 
 1.35935639e+05  7.03134001e+01  1.35935639e+05 -1.00816000e+02 
 1.46779927e+05  6.96597288e+01  1.46779927e+05 -1.00383502e+02 
 1.58489319e+05  6.90040948e+01  1.58489319e+05 -1.00009870e+02 
 1.71132830e+05  6.83467458e+01  1.71132830e+05 -9.96933656e+01 
 1.84784980e+05  6.76878922e+01  1.84784980e+05 -9.94324818e+01 
 1.99526231e+05  6.70277079e+01  1.99526231e+05 -9.92259749e+01 
 2.15443469e+05  6.63663432e+01  2.15443469e+05 -9.90728470e+01 
 2.32630507e+05  6.57039173e+01  2.32630507e+05 -9.89723695e+01 
 2.51188643e+05  6.50405264e+01  2.51188643e+05 -9.89240807e+01 
 2.71227258e+05  6.43762488e+01  2.71227258e+05 -9.89277890e+01 
 2.92864456e+05  6.37111393e+01  2.92864456e+05 -9.89835778e+01 
 3.16227766e+05  6.30452307e+01  3.16227766e+05 -9.90918137e+01 
 3.41454887e+05  6.23785432e+01  3.41454887e+05 -9.92531378e+01 
 3.68694506e+05  6.17110757e+01  3.68694506e+05 -9.94684862e+01 
 3.98107171e+05  6.10428113e+01  3.98107171e+05 -9.97390816e+01 
 4.29866235e+05  6.03737118e+01  4.29866235e+05 -1.00066444e+02 
 4.64158883e+05  5.97037224e+01  4.64158883e+05 -1.00452396e+02 
 5.01187234e+05  5.90327688e+01  5.01187234e+05 -1.00899066e+02 
 5.41169527e+05  5.83607520e+01  5.41169527e+05 -1.01408894e+02 
 5.84341413e+05  5.76875522e+01  5.84341413e+05 -1.01984636e+02 
 6.30957344e+05  5.70130231e+01  6.30957344e+05 -1.02629370e+02 
 6.81292069e+05  5.63369894e+01  6.81292069e+05 -1.03346495e+02 
 7.35642254e+05  5.56592434e+01  7.35642254e+05 -1.04139734e+02 
 7.94328235e+05  5.49795430e+01  7.94328235e+05 -1.05013131e+02 
 8.57695899e+05  5.42976056e+01  8.57695899e+05 -1.05971043e+02 
 9.26118728e+05  5.36131057e+01  9.26118728e+05 -1.07018132e+02 
 1.00000000e+06  5.29256680e+01  1.00000000e+06 -1.08159342e+02 
 1.07977516e+06  5.22348648e+01  1.07977516e+06 -1.09399881e+02 
 1.16591440e+06  5.15402084e+01  1.16591440e+06 -1.10745176e+02 
 1.25892541e+06  5.08411486e+01  1.25892541e+06 -1.12200836e+02 
 1.35935639e+06  5.01370676e+01  1.35935639e+06 -1.13772582e+02 
 1.46779927e+06  4.94272771e+01  1.46779927e+06 -1.15466178e+02 
 1.58489319e+06  4.87110123e+01  1.58489319e+06 -1.17287334e+02 
 1.71132830e+06  4.79874413e+01  1.71132830e+06 -1.19241594e+02 
 1.84784980e+06  4.72556578e+01  1.84784980e+06 -1.21334206e+02 
 1.99526231e+06  4.65146942e+01  1.99526231e+06 -1.23569976e+02 
 2.15443469e+06  4.57635324e+01  2.15443469e+06 -1.25953093e+02 
 2.32630507e+06  4.50011147e+01  2.32630507e+06 -1.28486968e+02 
 2.51188643e+06  4.42263788e+01  2.51188643e+06 -1.31174032e+02 
 2.71227258e+06  4.34382694e+01  2.71227258e+06 -1.34015583e+02 
 2.92864456e+06  4.26357904e+01  2.92864456e+06 -1.37011599e+02 
 3.16227766e+06  4.18180345e+01  3.16227766e+06 -1.40160616e+02 
 3.41454887e+06  4.09842351e+01  3.41454887e+06 -1.43459624e+02 
 3.68694506e+06  4.01338044e+01  3.68694506e+06 -1.46904034e+02 
 3.98107171e+06  3.92663869e+01  3.98107171e+06 -1.50487680e+02 
 4.29866235e+06  3.83818928e+01  4.29866235e+06 -1.54202903e+02 
 4.64158883e+06  3.74805196e+01  4.64158883e+06 -1.58040716e+02 
 5.01187234e+06  3.65627754e+01  5.01187234e+06 -1.61990978e+02 
 5.41169527e+06  3.56294671e+01  5.41169527e+06 -1.66042652e+02 
 5.84341413e+06  3.46816708e+01  5.84341413e+06 -1.70184092e+02 
 6.30957344e+06  3.37206825e+01  6.30957344e+06 -1.74403335e+02 
 6.81292069e+06  3.27479456e+01  6.81292069e+06 -1.78688411e+02 
 7.35642254e+06  3.17649572e+01  7.35642254e+06 -1.83027660e+02 
 7.94328235e+06  3.07731542e+01  7.94328235e+06 -1.87410084e+02 
 8.57695899e+06  2.97737910e+01  8.57695899e+06 -1.91825724e+02 
 9.26118728e+06  2.87678049e+01  9.26118728e+06 -1.96266124e+02 
 1.00000000e+07  2.77556814e+01  1.00000000e+07 -2.00724884e+02 
 1.07977516e+07  2.67373144e+01  1.07977516e+07 -2.05198411e+02 
 1.16591440e+07  2.57118771e+01  1.16591440e+07 -2.09686857e+02 
 1.25892541e+07  2.46776915e+01  1.25892541e+07 -2.14195415e+02 
 1.35935639e+07  2.36321138e+01  1.35935639e+07 -2.18736011e+02 
 1.46779927e+07  2.25714259e+01  1.46779927e+07 -2.23329683e+02 
 1.58489319e+07  2.14907571e+01  1.58489319e+07 -2.28009859e+02 
 1.71132830e+07  2.03840545e+01  1.71132830e+07 -2.32827113e+02 
 1.84784980e+07  1.92441807e+01  1.84784980e+07 -2.37856111e+02 
 1.99526231e+07  1.80632966e+01  1.99526231e+07 -2.43206000e+02 
 2.15443469e+07  1.68339108e+01  2.15443469e+07 -2.49035869e+02 
 2.32630507e+07  1.55514228e+01  2.32630507e+07 -2.55577155e+02 
 2.51188643e+07  1.42199505e+01  2.51188643e+07 -2.63162616e+02 
 2.71227258e+07  1.28648776e+01  2.71227258e+07 -2.72250808e+02 
 2.92864456e+07  1.15567563e+01  2.92864456e+07 -2.83397987e+02 
 3.16227766e+07  1.04438711e+01  3.16227766e+07 -2.97047086e+02 
 3.41454887e+07  9.75454230e+00  3.41454887e+07 -3.12978556e+02 
 3.68694506e+07  9.68803555e+00  3.68694506e+07 -3.29754284e+02 
 3.98107171e+07  1.02390561e+01  3.98107171e+07 -3.45243610e+02 
 4.29866235e+07  1.12019701e+01  4.29866235e+07 -3.58049659e+02 
 4.64158883e+07  1.23478269e+01  4.64158883e+07 -3.67987846e+02 
 5.01187234e+07  1.35290739e+01  5.01187234e+07 -3.75514185e+02 
 5.41169527e+07  1.46750352e+01  5.41169527e+07 -3.81187012e+02 
 5.84341413e+07  1.57593675e+01  5.84341413e+07 -3.85465064e+02 
 6.30957344e+07  1.67766382e+01  6.30957344e+07 -3.88682640e+02 
 6.81292069e+07  1.77301352e+01  6.81292069e+07 -3.91074571e+02 
 7.35642254e+07  1.86262593e+01  7.35642254e+07 -3.92804858e+02 
 7.94328235e+07  1.94721135e+01  7.94328235e+07 -3.93988461e+02 
 8.57695899e+07  2.02745381e+01  8.57695899e+07 -3.94706041e+02 
 9.26118728e+07  2.10397669e+01  9.26118728e+07 -3.95013452e+02 
 1.00000000e+08  2.17733236e+01  1.00000000e+08 -3.94947674e+02 
 1.07977516e+08  2.24799783e+01  1.07977516e+08 -3.94530386e+02 
 1.16591440e+08  2.31636743e+01  1.16591440e+08 -3.93770023e+02 
 1.25892541e+08  2.38273701e+01  1.25892541e+08 -3.92662946e+02 
 1.35935639e+08  2.44727671e+01  1.35935639e+08 -3.91194281e+02 
 1.46779927e+08  2.50998983e+01  1.46779927e+08 -3.89338954e+02 
 1.58489319e+08  2.57065859e+01  1.58489319e+08 -3.87063610e+02 
 1.71132830e+08  2.62878080e+01  1.71132830e+08 -3.84330176e+02 
 1.84784980e+08  2.68350931e+01  1.84784980e+08 -3.81101893e+02 
 1.99526231e+08  2.73361601e+01  1.99526231e+08 -3.77352378e+02 
 2.15443469e+08  2.77751404e+01  2.15443469e+08 -3.73077482e+02 
 2.32630507e+08  2.81337469e+01  2.32630507e+08 -3.68308039e+02 
 2.51188643e+08  2.83935967e+01  2.51188643e+08 -3.63119500e+02 
 2.71227258e+08  2.85394194e+01  2.71227258e+08 -3.57633190e+02 
 2.92864456e+08  2.85622607e+01  2.92864456e+08 -3.52005457e+02 
 3.16227766e+08  2.84614573e+01  3.16227766e+08 -3.46406013e+02 
 3.41454887e+08  2.82445445e+01  3.41454887e+08 -3.40992553e+02 
 3.68694506e+08  2.79252405e+01  3.68694506e+08 -3.35890734e+02 
 3.98107171e+08  2.75204942e+01  3.98107171e+08 -3.31185062e+02 
 4.29866235e+08  2.70477285e+01  4.29866235e+08 -3.26920416e+02 
 4.64158883e+08  2.65229473e+01  4.64158883e+08 -3.23110039e+02 
 5.01187234e+08  2.59598079e+01  5.01187234e+08 -3.19745405e+02 
 5.41169527e+08  2.53694160e+01  5.41169527e+08 -3.16804979e+02 
 5.84341413e+08  2.47605315e+01  5.84341413e+08 -3.14260717e+02 
 6.30957344e+08  2.41399406e+01  6.30957344e+08 -3.12082330e+02 
 6.81292069e+08  2.35128483e+01  6.81292069e+08 -3.10239831e+02 
 7.35642254e+08  2.28832280e+01  7.35642254e+08 -3.08704924e+02 
 7.94328235e+08  2.22541090e+01  7.94328235e+08 -3.07451687e+02 
 8.57695899e+08  2.16278047e+01  8.57695899e+08 -3.06456838e+02 
 9.26118728e+08  2.10060928e+01  9.26118728e+08 -3.05699787e+02 
 1.00000000e+09  2.03903591e+01  1.00000000e+09 -3.05162557e+02 
