 1.00000000e+00  6.04651758e+01  1.00000000e+00 -1.79999880e+02 
 1.07977516e+00  6.04651758e+01  1.07977516e+00 -1.79999870e+02 
 1.16591440e+00  6.04651758e+01  1.16591440e+00 -1.79999860e+02 
 1.25892541e+00  6.04651758e+01  1.25892541e+00 -1.79999848e+02 
 1.35935639e+00  6.04651758e+01  1.35935639e+00 -1.79999836e+02 
 1.46779927e+00  6.04651758e+01  1.46779927e+00 -1.79999823e+02 
 1.58489319e+00  6.04651758e+01  1.58489319e+00 -1.79999809e+02 
 1.71132830e+00  6.04651758e+01  1.71132830e+00 -1.79999794e+02 
 1.84784980e+00  6.04651758e+01  1.84784980e+00 -1.79999777e+02 
 1.99526231e+00  6.04651758e+01  1.99526231e+00 -1.79999760e+02 
 2.15443469e+00  6.04651758e+01  2.15443469e+00 -1.79999741e+02 
 2.32630507e+00  6.04651758e+01  2.32630507e+00 -1.79999720e+02 
 2.51188643e+00  6.04651758e+01  2.51188643e+00 -1.79999698e+02 
 2.71227258e+00  6.04651758e+01  2.71227258e+00 -1.79999673e+02 
 2.92864456e+00  6.04651758e+01  2.92864456e+00 -1.79999647e+02 
 3.16227766e+00  6.04651758e+01  3.16227766e+00 -1.79999619e+02 
 3.41454887e+00  6.04651758e+01  3.41454887e+00 -1.79999589e+02 
 3.68694506e+00  6.04651758e+01  3.68694506e+00 -1.79999556e+02 
 3.98107171e+00  6.04651758e+01  3.98107171e+00 -1.79999521e+02 
 4.29866235e+00  6.04651758e+01  4.29866235e+00 -1.79999482e+02 
 4.64158883e+00  6.04651758e+01  4.64158883e+00 -1.79999441e+02 
 5.01187234e+00  6.04651758e+01  5.01187234e+00 -1.79999396e+02 
 5.41169527e+00  6.04651758e+01  5.41169527e+00 -1.79999348e+02 
 5.84341413e+00  6.04651758e+01  5.84341413e+00 -1.79999296e+02 
 6.30957344e+00  6.04651758e+01  6.30957344e+00 -1.79999240e+02 
 6.81292069e+00  6.04651758e+01  6.81292069e+00 -1.79999180e+02 
 7.35642254e+00  6.04651758e+01  7.35642254e+00 -1.79999114e+02 
 7.94328235e+00  6.04651758e+01  7.94328235e+00 -1.79999043e+02 
 8.57695899e+00  6.04651758e+01  8.57695899e+00 -1.79998967e+02 
 9.26118728e+00  6.04651758e+01  9.26118728e+00 -1.79998885e+02 
 1.00000000e+01  6.04651758e+01  1.00000000e+01 -1.79998796e+02 
 1.07977516e+01  6.04651758e+01  1.07977516e+01 -1.79998700e+02 
 1.16591440e+01  6.04651758e+01  1.16591440e+01 -1.79998596e+02 
 1.25892541e+01  6.04651758e+01  1.25892541e+01 -1.79998484e+02 
 1.35935639e+01  6.04651758e+01  1.35935639e+01 -1.79998363e+02 
 1.46779927e+01  6.04651758e+01  1.46779927e+01 -1.79998232e+02 
 1.58489319e+01  6.04651758e+01  1.58489319e+01 -1.79998091e+02 
 1.71132830e+01  6.04651758e+01  1.71132830e+01 -1.79997939e+02 
 1.84784980e+01  6.04651758e+01  1.84784980e+01 -1.79997775e+02 
 1.99526231e+01  6.04651758e+01  1.99526231e+01 -1.79997597e+02 
 2.15443469e+01  6.04651758e+01  2.15443469e+01 -1.79997406e+02 
 2.32630507e+01  6.04651758e+01  2.32630507e+01 -1.79997199e+02 
 2.51188643e+01  6.04651758e+01  2.51188643e+01 -1.79996975e+02 
 2.71227258e+01  6.04651758e+01  2.71227258e+01 -1.79996734e+02 
 2.92864456e+01  6.04651758e+01  2.92864456e+01 -1.79996473e+02 
 3.16227766e+01  6.04651758e+01  3.16227766e+01 -1.79996192e+02 
 3.41454887e+01  6.04651758e+01  3.41454887e+01 -1.79995888e+02 
 3.68694506e+01  6.04651758e+01  3.68694506e+01 -1.79995560e+02 
 3.98107171e+01  6.04651758e+01  3.98107171e+01 -1.79995206e+02 
 4.29866235e+01  6.04651757e+01  4.29866235e+01 -1.79994823e+02 
 4.64158883e+01  6.04651757e+01  4.64158883e+01 -1.79994410e+02 
 5.01187234e+01  6.04651757e+01  5.01187234e+01 -1.79993964e+02 
 5.41169527e+01  6.04651757e+01  5.41169527e+01 -1.79993483e+02 
 5.84341413e+01  6.04651757e+01  5.84341413e+01 -1.79992963e+02 
 6.30957344e+01  6.04651757e+01  6.30957344e+01 -1.79992402e+02 
 6.81292069e+01  6.04651757e+01  6.81292069e+01 -1.79991796e+02 
 7.35642254e+01  6.04651757e+01  7.35642254e+01 -1.79991141e+02 
 7.94328235e+01  6.04651756e+01  7.94328235e+01 -1.79990434e+02 
 8.57695899e+01  6.04651756e+01  8.57695899e+01 -1.79989671e+02 
 9.26118728e+01  6.04651756e+01  9.26118728e+01 -1.79988847e+02 
 1.00000000e+02  6.04651755e+01  1.00000000e+02 -1.79987957e+02 
 1.07977516e+02  6.04651755e+01  1.07977516e+02 -1.79986997e+02 
 1.16591440e+02  6.04651755e+01  1.16591440e+02 -1.79985959e+02 
 1.25892541e+02  6.04651754e+01  1.25892541e+02 -1.79984839e+02 
 1.35935639e+02  6.04651753e+01  1.35935639e+02 -1.79983630e+02 
 1.46779927e+02  6.04651752e+01  1.46779927e+02 -1.79982324e+02 
 1.58489319e+02  6.04651752e+01  1.58489319e+02 -1.79980914e+02 
 1.71132830e+02  6.04651751e+01  1.71132830e+02 -1.79979391e+02 
 1.84784980e+02  6.04651749e+01  1.84784980e+02 -1.79977747e+02 
 1.99526231e+02  6.04651748e+01  1.99526231e+02 -1.79975972e+02 
 2.15443469e+02  6.04651746e+01  2.15443469e+02 -1.79974055e+02 
 2.32630507e+02  6.04651744e+01  2.32630507e+02 -1.79971985e+02 
 2.51188643e+02  6.04651742e+01  2.51188643e+02 -1.79969751e+02 
 2.71227258e+02  6.04651739e+01  2.71227258e+02 -1.79967337e+02 
 2.92864456e+02  6.04651736e+01  2.92864456e+02 -1.79964732e+02 
 3.16227766e+02  6.04651733e+01  3.16227766e+02 -1.79961918e+02 
 3.41454887e+02  6.04651728e+01  3.41454887e+02 -1.79958880e+02 
 3.68694506e+02  6.04651723e+01  3.68694506e+02 -1.79955600e+02 
 3.98107171e+02  6.04651718e+01  3.98107171e+02 -1.79952058e+02 
 4.29866235e+02  6.04651711e+01  4.29866235e+02 -1.79948233e+02 
 4.64158883e+02  6.04651703e+01  4.64158883e+02 -1.79944104e+02 
 5.01187234e+02  6.04651694e+01  5.01187234e+02 -1.79939645e+02 
 5.41169527e+02  6.04651684e+01  5.41169527e+02 -1.79934830e+02 
 5.84341413e+02  6.04651671e+01  5.84341413e+02 -1.79929631e+02 
 6.30957344e+02  6.04651657e+01  6.30957344e+02 -1.79924017e+02 
 6.81292069e+02  6.04651640e+01  6.81292069e+02 -1.79917955e+02 
 7.35642254e+02  6.04651621e+01  7.35642254e+02 -1.79911410e+02 
 7.94328235e+02  6.04651598e+01  7.94328235e+02 -1.79904343e+02 
 8.57695899e+02  6.04651571e+01  8.57695899e+02 -1.79896712e+02 
 9.26118728e+02  6.04651540e+01  9.26118728e+02 -1.79888472e+02 
 1.00000000e+03  6.04651504e+01  1.00000000e+03 -1.79879575e+02 
 1.07977516e+03  6.04651462e+01  1.07977516e+03 -1.79869968e+02 
 1.16591440e+03  6.04651413e+01  1.16591440e+03 -1.79859595e+02 
 1.25892541e+03  6.04651356e+01  1.25892541e+03 -1.79848394e+02 
 1.35935639e+03  6.04651289e+01  1.35935639e+03 -1.79836300e+02 
 1.46779927e+03  6.04651211e+01  1.46779927e+03 -1.79823241e+02 
 1.58489319e+03  6.04651120e+01  1.58489319e+03 -1.79809140e+02 
 1.71132830e+03  6.04651015e+01  1.71132830e+03 -1.79793915e+02 
 1.84784980e+03  6.04650891e+01  1.84784980e+03 -1.79777474e+02 
 1.99526231e+03  6.04650747e+01  1.99526231e+03 -1.79759723e+02 
 2.15443469e+03  6.04650580e+01  2.15443469e+03 -1.79740555e+02 
 2.32630507e+03  6.04650384e+01  2.32630507e+03 -1.79719858e+02 
 2.51188643e+03  6.04650156e+01  2.51188643e+03 -1.79697510e+02 
 2.71227258e+03  6.04649890e+01  2.71227258e+03 -1.79673380e+02 
 2.92864456e+03  6.04649581e+01  2.92864456e+03 -1.79647325e+02 
 3.16227766e+03  6.04649220e+01  3.16227766e+03 -1.79619191e+02 
 3.41454887e+03  6.04648799e+01  3.41454887e+03 -1.79588813e+02 
 3.68694506e+03  6.04648308e+01  3.68694506e+03 -1.79556013e+02 
 3.98107171e+03  6.04647735e+01  3.98107171e+03 -1.79520596e+02 
 4.29866235e+03  6.04647067e+01  4.29866235e+03 -1.79482355e+02 
 4.64158883e+03  6.04646289e+01  4.64158883e+03 -1.79441063e+02 
 5.01187234e+03  6.04645382e+01  5.01187234e+03 -1.79396479e+02 
 5.41169527e+03  6.04644324e+01  5.41169527e+03 -1.79348339e+02 
 5.84341413e+03  6.04643091e+01  5.84341413e+03 -1.79296360e+02 
 6.30957344e+03  6.04641653e+01  6.30957344e+03 -1.79240236e+02 
 6.81292069e+03  6.04639977e+01  6.81292069e+03 -1.79179638e+02 
 7.35642254e+03  6.04638023e+01  7.35642254e+03 -1.79114209e+02 
 7.94328235e+03  6.04635744e+01  7.94328235e+03 -1.79043564e+02 
 8.57695899e+03  6.04633088e+01  8.57695899e+03 -1.78967288e+02 
 9.26118728e+03  6.04629992e+01  9.26118728e+03 -1.78884933e+02 
 1.00000000e+04  6.04626383e+01  1.00000000e+04 -1.78796016e+02 
 1.07977516e+04  6.04622174e+01  1.07977516e+04 -1.78700016e+02 
 1.16591440e+04  6.04617267e+01  1.16591440e+04 -1.78596370e+02 
 1.25892541e+04  6.04611547e+01  1.25892541e+04 -1.78484471e+02 
 1.35935639e+04  6.04604878e+01  1.35935639e+04 -1.78363665e+02 
 1.46779927e+04  6.04597104e+01  1.46779927e+04 -1.78233246e+02 
 1.58489319e+04  6.04588042e+01  1.58489319e+04 -1.78092454e+02 
 1.71132830e+04  6.04577483e+01  1.71132830e+04 -1.77940469e+02 
 1.84784980e+04  6.04565168e+01  1.84784980e+04 -1.77776409e+02 
 1.99526231e+04  6.04550818e+01  1.99526231e+04 -1.77599323e+02 
 2.15443469e+04  6.04534094e+01  2.15443469e+04 -1.77408187e+02 
 2.32630507e+04  6.04514599e+01  2.32630507e+04 -1.77201902e+02 
 2.51188643e+04  6.04491886e+01  2.51188643e+04 -1.76979283e+02 
 2.71227258e+04  6.04465420e+01  2.71227258e+04 -1.76739059e+02 
 2.92864456e+04  6.04434577e+01  2.92864456e+04 -1.76479866e+02 
 3.16227766e+04  6.04398648e+01  3.16227766e+04 -1.76200241e+02 
 3.41454887e+04  6.04356794e+01  3.41454887e+04 -1.75898616e+02 
 3.68694506e+04  6.04308050e+01  3.68694506e+04 -1.75573316e+02 
 3.98107171e+04  6.04251284e+01  3.98107171e+04 -1.75222550e+02 
 4.29866235e+04  6.04185184e+01  4.29866235e+04 -1.74844411e+02 
 4.64158883e+04  6.04108248e+01  4.64158883e+04 -1.74436871e+02 
 5.01187234e+04  6.04018716e+01  5.01187234e+04 -1.73997780e+02 
 5.41169527e+04  6.03914559e+01  5.41169527e+04 -1.73524862e+02 
 5.84341413e+04  6.03793438e+01  5.84341413e+04 -1.73015726e+02 
 6.30957344e+04  6.03652635e+01  6.30957344e+04 -1.72467860e+02 
 6.81292069e+04  6.03489034e+01  6.81292069e+04 -1.71878648e+02 
 7.35642254e+04  6.03299060e+01  7.35642254e+04 -1.71245381e+02 
 7.94328235e+04  6.03078590e+01  7.94328235e+04 -1.70565277e+02 
 8.57695899e+04  6.02822929e+01  8.57695899e+04 -1.69835503e+02 
 9.26118728e+04  6.02526716e+01  9.26118728e+04 -1.69053219e+02 
 1.00000000e+05  6.02183859e+01  1.00000000e+05 -1.68215616e+02 
 1.07977516e+05  6.01787457e+01  1.07977516e+05 -1.67319975e+02 
 1.16591440e+05  6.01329746e+01  1.16591440e+05 -1.66363741e+02 
 1.25892541e+05  6.00802028e+01  1.25892541e+05 -1.65344606e+02 
 1.35935639e+05  6.00194628e+01  1.35935639e+05 -1.64260614e+02 
 1.46779927e+05  5.99496870e+01  1.46779927e+05 -1.63110278e+02 
 1.58489319e+05  5.98697064e+01  1.58489319e+05 -1.61892717e+02 
 1.71132830e+05  5.97782513e+01  1.71132830e+05 -1.60607807e+02 
 1.84784980e+05  5.96739630e+01  1.84784980e+05 -1.59256345e+02 
 1.99526231e+05  5.95554058e+01  1.99526231e+05 -1.57840213e+02 
 2.15443469e+05  5.94210837e+01  2.15443469e+05 -1.56362544e+02 
 2.32630507e+05  5.92694695e+01  2.32630507e+05 -1.54827876e+02 
 2.51188643e+05  5.90990284e+01  2.51188643e+05 -1.53242278e+02 
 2.71227258e+05  5.89082680e+01  2.71227258e+05 -1.51613432e+02 
 2.92864456e+05  5.86957701e+01  2.92864456e+05 -1.49950675e+02 
 3.16227766e+05  5.84602455e+01  3.16227766e+05 -1.48264955e+02 
 3.41454887e+05  5.82005689e+01  3.41454887e+05 -1.46568738e+02 
 3.68694506e+05  5.79158289e+01  3.68694506e+05 -1.44875813e+02 
 3.98107171e+05  5.76053613e+01  3.98107171e+05 -1.43201048e+02 
 4.29866235e+05  5.72687701e+01  4.29866235e+05 -1.41560076e+02 
 4.64158883e+05  5.69059465e+01  4.64158883e+05 -1.39968943e+02 
 5.01187234e+05  5.65170587e+01  5.01187234e+05 -1.38443746e+02 
 5.41169527e+05  5.61025441e+01  5.41169527e+05 -1.37000276e+02 
 5.84341413e+05  5.56630784e+01  5.84341413e+05 -1.35653706e+02 
 6.30957344e+05  5.51995364e+01  6.30957344e+05 -1.34418326e+02 
 6.81292069e+05  5.47129458e+01  6.81292069e+05 -1.33307353e+02 
 7.35642254e+05  5.42044362e+01  7.35642254e+05 -1.32332810e+02 
 7.94328235e+05  5.36751937e+01  7.94328235e+05 -1.31505479e+02 
 8.57695899e+05  5.31264062e+01  8.57695899e+05 -1.30834916e+02 
 9.26118728e+05  5.25592208e+01  9.26118728e+05 -1.30329514e+02 
 1.00000000e+06  5.19747136e+01  1.00000000e+06 -1.29996600e+02 
 1.07977516e+06  5.13738455e+01  1.07977516e+06 -1.29842556e+02 
 1.16591440e+06  5.07574455e+01  1.16591440e+06 -1.29872932e+02 
 1.25892541e+06  5.01261899e+01  1.25892541e+06 -1.30092564e+02 
 1.35935639e+06  4.94805912e+01  1.35935639e+06 -1.30505665e+02 
 1.46779927e+06  4.88209880e+01  1.46779927e+06 -1.31115889e+02 
 1.58489319e+06  4.81475469e+01  1.58489319e+06 -1.31926368e+02 
 1.71132830e+06  4.74602697e+01  1.71132830e+06 -1.32939702e+02 
 1.84784980e+06  4.67589884e+01  1.84784980e+06 -1.34157942e+02 
 1.99526231e+06  4.60433943e+01  1.99526231e+06 -1.35582501e+02 
 2.15443469e+06  4.53130495e+01  2.15443469e+06 -1.37214066e+02 
 2.32630507e+06  4.45674164e+01  2.32630507e+06 -1.39052471e+02 
 2.51188643e+06  4.38058829e+01  2.51188643e+06 -1.41096570e+02 
 2.71227258e+06  4.30278131e+01  2.71227258e+06 -1.43344083e+02 
 2.92864456e+06  4.22325787e+01  2.92864456e+06 -1.45791490e+02 
 3.16227766e+06  4.14196136e+01  3.16227766e+06 -1.48433918e+02 
 3.41454887e+06  4.05884680e+01  3.41454887e+06 -1.51265078e+02 
 3.68694506e+06  3.97388509e+01  3.68694506e+06 -1.54277264e+02 
 3.98107171e+06  3.88706819e+01  3.98107171e+06 -1.57461406e+02 
 4.29866235e+06  3.79841363e+01  4.29866235e+06 -1.60807157e+02 
 4.64158883e+06  3.70796638e+01  4.64158883e+06 -1.64303089e+02 
 5.01187234e+06  3.61579959e+01  5.01187234e+06 -1.67936918e+02 
 5.41169527e+06  3.52201476e+01  5.41169527e+06 -1.71695736e+02 
 5.84341413e+06  3.42673727e+01  5.84341413e+06 -1.75566329e+02 
 6.30957344e+06  3.33011131e+01  6.30957344e+06 -1.79535461e+02 
 6.81292069e+06  3.23229217e+01  6.81292069e+06 -1.83590177e+02 
 7.35642254e+06  3.13343608e+01  7.35642254e+06 -1.87718143e+02 
 7.94328235e+06  3.03368917e+01  7.94328235e+06 -1.91907975e+02 
 8.57695899e+06  2.93317472e+01  8.57695899e+06 -1.96149648e+02 
 9.26118728e+06  2.83197971e+01  9.26118728e+06 -2.00435000e+02 
 1.00000000e+07  2.73014148e+01  1.00000000e+07 -2.04758351e+02 
 1.07977516e+07  2.62763458e+01  1.07977516e+07 -2.09117319e+02 
 1.16591440e+07  2.52435784e+01  1.16591440e+07 -2.13513929e+02 
 1.25892541e+07  2.42012228e+01  1.25892541e+07 -2.17956120e+02 
 1.35935639e+07  2.31464190e+01  1.35935639e+07 -2.22459677e+02 
 1.46779927e+07  2.20752465e+01  1.46779927e+07 -2.27051108e+02 
 1.58489319e+07  2.09827024e+01  1.58489319e+07 -2.31771498e+02 
 1.71132830e+07  1.98627673e+01  1.71132830e+07 -2.36682202e+02 
 1.84784980e+07  1.87086950e+01  1.84784980e+07 -2.41873070e+02 
 1.99526231e+07  1.75137789e+01  1.99526231e+07 -2.47474562e+02 
 2.15443469e+07  1.62731620e+01  2.15443469e+07 -2.53675128e+02 
 2.32630507e+07  1.49878829e+01  2.32630507e+07 -2.60744168e+02 
 2.51188643e+07  1.36734597e+01  2.51188643e+07 -2.69055154e+02 
 2.71227258e+07  1.23765639e+01  2.71227258e+07 -2.79082752e+02 
 2.92864456e+07  1.12010378e+01  2.92864456e+07 -2.91295911e+02 
 3.16227766e+07  1.03262798e+01  3.16227766e+07 -3.05810524e+02 
 3.41454887e+07  9.96105770e+00  3.41454887e+07 -3.21839922e+02 
 3.68694506e+07  1.02010469e+01  3.68694506e+07 -3.37629661e+02 
 3.98107171e+07  1.09380401e+01  3.98107171e+07 -3.51461034e+02 
 4.29866235e+07  1.19594469e+01  4.29866235e+07 -3.62609313e+02 
 4.64158883e+07  1.30874689e+01  4.64158883e+07 -3.71226192e+02 
 5.01187234e+07  1.42199440e+01  5.01187234e+07 -3.77790434e+02 
 5.41169527e+07  1.53104789e+01  5.41169527e+07 -3.82776695e+02 
 5.84341413e+07  1.63428459e+01  5.84341413e+07 -3.86557630e+02 
 6.30957344e+07  1.73149057e+01  6.30957344e+07 -3.89403777e+02 
 6.81292069e+07  1.82304217e+01  6.81292069e+07 -3.91506880e+02 
 7.35642254e+07  1.90952512e+01  7.35642254e+07 -3.93002305e+02 
 7.94328235e+07  1.99156722e+01  7.94328235e+07 -3.93985637e+02 
 8.57695899e+07  2.06976916e+01  8.57695899e+07 -3.94523871e+02 
 9.26118728e+07  2.14467787e+01  9.26118728e+07 -3.94662618e+02 
 1.00000000e+08  2.21677550e+01  1.00000000e+08 -3.94430591e+02 
 1.07977516e+08  2.28647070e+01  1.07977516e+08 -3.93842260e+02 
 1.16591440e+08  2.35408458e+01  1.16591440e+08 -3.92899373e+02 
 1.25892541e+08  2.41982692e+01  1.25892541e+08 -3.91591897e+02 
 1.35935639e+08  2.48375932e+01  1.35935639e+08 -3.89898910e+02 
 1.46779927e+08  2.54574429e+01  1.46779927e+08 -3.87790090e+02 
 1.58489319e+08  2.60538244e+01  1.58489319e+08 -3.85228553e+02 
 1.71132830e+08  2.66194577e+01  1.71132830e+08 -3.82175906e+02 
 1.84784980e+08  2.71432554e+01  1.84784980e+08 -3.78600320e+02 
 1.99526231e+08  2.76102525e+01  1.99526231e+08 -3.74487842e+02 
 2.15443469e+08  2.80023888e+01  2.15443469e+08 -3.69855760e+02 
 2.32630507e+08  2.83004751e+01  2.32630507e+08 -3.64764651e+02 
 2.51188643e+08  2.84872982e+01  2.51188643e+08 -3.59323673e+02 
 2.71227258e+08  2.85511542e+01  2.71227258e+08 -3.53683948e+02 
 2.92864456e+08  2.84885366e+01  2.92864456e+08 -3.48019014e+02 
 3.16227766e+08  2.83048138e+01  3.16227766e+08 -3.42498081e+02 
 3.41454887e+08  2.80126485e+01  3.41454887e+08 -3.37261938e+02 
 3.68694506e+08  2.76290051e+01  3.68694506e+08 -3.32409455e+02 
 3.98107171e+08  2.71720284e+01  3.98107171e+08 -3.27996341e+02 
 4.29866235e+08  2.66587286e+01  4.29866235e+08 -3.24042462e+02 
 4.64158883e+08  2.61037445e+01  4.64158883e+08 -3.20542436e+02 
 5.01187234e+08  2.55189887e+01  5.01187234e+08 -3.17475595e+02 
 5.41169527e+08  2.49138204e+01  5.41169527e+08 -3.14813562e+02 
 5.84341413e+08  2.42954468e+01  5.84341413e+08 -3.12525242e+02 
 6.30957344e+08  2.36693644e+01  6.30957344e+08 -3.10579770e+02 
 6.81292069e+08  2.30397533e+01  6.81292069e+08 -3.08948057e+02 
 7.35642254e+08  2.24097970e+01  7.35642254e+08 -3.07603497e+02 
 7.94328235e+08  2.17819297e+01  7.94328235e+08 -3.06522211e+02 
 8.57695899e+08  2.11580266e+01  8.57695899e+08 -3.05683052e+02 
 9.26118728e+08  2.05395502e+01  9.26118728e+08 -3.05067496e+02 
 1.00000000e+09  1.99276665e+01  1.00000000e+09 -3.04659473e+02 
