 1.00000000e+00  6.12933070e+01  1.00000000e+00 -1.63301868e-04 
 1.07977516e+00  6.12933070e+01  1.07977516e+00 -1.76329301e-04 
 1.16591440e+00  6.12933070e+01  1.16591440e+00 -1.90395999e-04 
 1.25892541e+00  6.12933070e+01  1.25892541e+00 -2.05584871e-04 
 1.35935639e+00  6.12933070e+01  1.35935639e+00 -2.21985438e-04 
 1.46779927e+00  6.12933070e+01  1.46779927e+00 -2.39694362e-04 
 1.58489319e+00  6.12933070e+01  1.58489319e+00 -2.58816019e-04 
 1.71132830e+00  6.12933070e+01  1.71132830e+00 -2.79463108e-04 
 1.84784980e+00  6.12933070e+01  1.84784980e+00 -3.01757323e-04 
 1.99526231e+00  6.12933070e+01  1.99526231e+00 -3.25830063e-04 
 2.15443469e+00  6.12933070e+01  2.15443469e+00 -3.51823209e-04 
 2.32630507e+00  6.12933070e+01  2.32630507e+00 -3.79889963e-04 
 2.51188643e+00  6.12933070e+01  2.51188643e+00 -4.10195746e-04 
 2.71227258e+00  6.12933070e+01  2.71227258e+00 -4.42919178e-04 
 2.92864456e+00  6.12933070e+01  2.92864456e+00 -4.78253128e-04 
 3.16227766e+00  6.12933070e+01  3.16227766e+00 -5.16405848e-04 
 3.41454887e+00  6.12933070e+01  3.41454887e+00 -5.57602209e-04 
 3.68694506e+00  6.12933070e+01  3.68694506e+00 -6.02085016e-04 
 3.98107171e+00  6.12933070e+01  3.98107171e+00 -6.50116445e-04 
 4.29866235e+00  6.12933070e+01  4.29866235e+00 -7.01979590e-04 
 4.64158883e+00  6.12933070e+01  4.64158883e+00 -7.57980126e-04 
 5.01187234e+00  6.12933070e+01  5.01187234e+00 -8.18448114e-04 
 5.41169527e+00  6.12933070e+01  5.41169527e+00 -8.83739945e-04 
 5.84341413e+00  6.12933070e+01  5.84341413e+00 -9.54240442e-04 
 6.30957344e+00  6.12933070e+01  6.30957344e+00 -1.03036513e-03 
 6.81292069e+00  6.12933070e+01  6.81292069e+00 -1.11256267e-03 
 7.35642254e+00  6.12933070e+01  7.35642254e+00 -1.20131754e-03 
 7.94328235e+00  6.12933070e+01  7.94328235e+00 -1.29715284e-03 
 8.57695899e+00  6.12933070e+01  8.57695899e+00 -1.40063342e-03 
 9.26118728e+00  6.12933070e+01  9.26118728e+00 -1.51236918e-03 
 1.00000000e+01  6.12933070e+01  1.00000000e+01 -1.63301868e-03 
 1.07977516e+01  6.12933070e+01  1.07977516e+01 -1.76329301e-03 
 1.16591440e+01  6.12933070e+01  1.16591440e+01 -1.90395999e-03 
 1.25892541e+01  6.12933070e+01  1.25892541e+01 -2.05584871e-03 
 1.35935639e+01  6.12933070e+01  1.35935639e+01 -2.21985438e-03 
 1.46779927e+01  6.12933070e+01  1.46779927e+01 -2.39694362e-03 
 1.58489319e+01  6.12933070e+01  1.58489319e+01 -2.58816018e-03 
 1.71132830e+01  6.12933070e+01  1.71132830e+01 -2.79463108e-03 
 1.84784980e+01  6.12933070e+01  1.84784980e+01 -3.01757323e-03 
 1.99526231e+01  6.12933070e+01  1.99526231e+01 -3.25830063e-03 
 2.15443469e+01  6.12933070e+01  2.15443469e+01 -3.51823209e-03 
 2.32630507e+01  6.12933070e+01  2.32630507e+01 -3.79889962e-03 
 2.51188643e+01  6.12933070e+01  2.51188643e+01 -4.10195746e-03 
 2.71227258e+01  6.12933070e+01  2.71227258e+01 -4.42919178e-03 
 2.92864456e+01  6.12933069e+01  2.92864456e+01 -4.78253127e-03 
 3.16227766e+01  6.12933069e+01  3.16227766e+01 -5.16405847e-03 
 3.41454887e+01  6.12933069e+01  3.41454887e+01 -5.57602208e-03 
 3.68694506e+01  6.12933069e+01  3.68694506e+01 -6.02085014e-03 
 3.98107171e+01  6.12933069e+01  3.98107171e+01 -6.50116443e-03 
 4.29866235e+01  6.12933069e+01  4.29866235e+01 -7.01979588e-03 
 4.64158883e+01  6.12933069e+01  4.64158883e+01 -7.57980123e-03 
 5.01187234e+01  6.12933069e+01  5.01187234e+01 -8.18448110e-03 
 5.41169527e+01  6.12933069e+01  5.41169527e+01 -8.83739940e-03 
 5.84341413e+01  6.12933069e+01  5.84341413e+01 -9.54240436e-03 
 6.30957344e+01  6.12933069e+01  6.30957344e+01 -1.03036512e-02 
 6.81292069e+01  6.12933068e+01  6.81292069e+01 -1.11256266e-02 
 7.35642254e+01  6.12933068e+01  7.35642254e+01 -1.20131753e-02 
 7.94328235e+01  6.12933068e+01  7.94328235e+01 -1.29715283e-02 
 8.57695899e+01  6.12933068e+01  8.57695899e+01 -1.40063340e-02 
 9.26118728e+01  6.12933067e+01  9.26118728e+01 -1.51236916e-02 
 1.00000000e+02  6.12933067e+01  1.00000000e+02 -1.63301865e-02 
 1.07977516e+02  6.12933067e+01  1.07977516e+02 -1.76329297e-02 
 1.16591440e+02  6.12933066e+01  1.16591440e+02 -1.90395995e-02 
 1.25892541e+02  6.12933065e+01  1.25892541e+02 -2.05584865e-02 
 1.35935639e+02  6.12933065e+01  1.35935639e+02 -2.21985430e-02 
 1.46779927e+02  6.12933064e+01  1.46779927e+02 -2.39694352e-02 
 1.58489319e+02  6.12933063e+01  1.58489319e+02 -2.58816007e-02 
 1.71132830e+02  6.12933062e+01  1.71132830e+02 -2.79463093e-02 
 1.84784980e+02  6.12933060e+01  1.84784980e+02 -3.01757304e-02 
 1.99526231e+02  6.12933059e+01  1.99526231e+02 -3.25830039e-02 
 2.15443469e+02  6.12933057e+01  2.15443469e+02 -3.51823179e-02 
 2.32630507e+02  6.12933055e+01  2.32630507e+02 -3.79889925e-02 
 2.51188643e+02  6.12933052e+01  2.51188643e+02 -4.10195698e-02 
 2.71227258e+02  6.12933049e+01  2.71227258e+02 -4.42919118e-02 
 2.92864456e+02  6.12933046e+01  2.92864456e+02 -4.78253052e-02 
 3.16227766e+02  6.12933042e+01  3.16227766e+02 -5.16405753e-02 
 3.41454887e+02  6.12933038e+01  3.41454887e+02 -5.57602089e-02 
 3.68694506e+02  6.12933032e+01  3.68694506e+02 -6.02084864e-02 
 3.98107171e+02  6.12933026e+01  3.98107171e+02 -6.50116256e-02 
 4.29866235e+02  6.12933019e+01  4.29866235e+02 -7.01979351e-02 
 4.64158883e+02  6.12933010e+01  4.64158883e+02 -7.57979825e-02 
 5.01187234e+02  6.12933001e+01  5.01187234e+02 -8.18447735e-02 
 5.41169527e+02  6.12932989e+01  5.41169527e+02 -8.83739468e-02 
 5.84341413e+02  6.12932976e+01  5.84341413e+02 -9.54239841e-02 
 6.30957344e+02  6.12932960e+01  6.30957344e+02 -1.03036437e-01 
 6.81292069e+02  6.12932942e+01  6.81292069e+02 -1.11256172e-01 
 7.35642254e+02  6.12932921e+01  7.35642254e+02 -1.20131634e-01 
 7.94328235e+02  6.12932896e+01  7.94328235e+02 -1.29715133e-01 
 8.57695899e+02  6.12932867e+01  8.57695899e+02 -1.40063152e-01 
 9.26118728e+02  6.12932833e+01  9.26118728e+02 -1.51236678e-01 
 1.00000000e+03  6.12932794e+01  1.00000000e+03 -1.63301566e-01 
 1.07977516e+03  6.12932748e+01  1.07977516e+03 -1.76328921e-01 
 1.16591440e+03  6.12932695e+01  1.16591440e+03 -1.90395521e-01 
 1.25892541e+03  6.12932633e+01  1.25892541e+03 -2.05584269e-01 
 1.35935639e+03  6.12932561e+01  1.35935639e+03 -2.21984680e-01 
 1.46779927e+03  6.12932476e+01  1.46779927e+03 -2.39693408e-01 
 1.58489319e+03  6.12932378e+01  1.58489319e+03 -2.58814818e-01 
 1.71132830e+03  6.12932263e+01  1.71132830e+03 -2.79461597e-01 
 1.84784980e+03  6.12932129e+01  1.84784980e+03 -3.01755421e-01 
 1.99526231e+03  6.12931973e+01  1.99526231e+03 -3.25827668e-01 
 2.15443469e+03  6.12931792e+01  2.15443469e+03 -3.51820195e-01 
 2.32630507e+03  6.12931580e+01  2.32630507e+03 -3.79886169e-01 
 2.51188643e+03  6.12931332e+01  2.51188643e+03 -4.10190969e-01 
 2.71227258e+03  6.12931044e+01  2.71227258e+03 -4.42913166e-01 
 2.92864456e+03  6.12930708e+01  2.92864456e+03 -4.78245557e-01 
 3.16227766e+03  6.12930316e+01  3.16227766e+03 -5.16396317e-01 
 3.41454887e+03  6.12929859e+01  3.41454887e+03 -5.57590208e-01 
 3.68694506e+03  6.12929327e+01  3.68694506e+03 -6.02069911e-01 
 3.98107171e+03  6.12928706e+01  3.98107171e+03 -6.50097428e-01 
 4.29866235e+03  6.12927983e+01  4.29866235e+03 -7.01955653e-01 
 4.64158883e+03  6.12927139e+01  4.64158883e+03 -7.57949989e-01 
 5.01187234e+03  6.12926155e+01  5.01187234e+03 -8.18410178e-01 
 5.41169527e+03  6.12925007e+01  5.41169527e+03 -8.83692186e-01 
 5.84341413e+03  6.12923668e+01  5.84341413e+03 -9.54180313e-01 
 6.30957344e+03  6.12922109e+01  6.30957344e+03 -1.03028944e+00 
 6.81292069e+03  6.12920291e+01  6.81292069e+03 -1.11246739e+00 
 7.35642254e+03  6.12918172e+01  7.35642254e+03 -1.20119759e+00 
 7.94328235e+03  6.12915700e+01  7.94328235e+03 -1.29700183e+00 
 8.57695899e+03  6.12912818e+01  8.57695899e+03 -1.40044332e+00 
 9.26118728e+03  6.12909459e+01  9.26118728e+03 -1.51212986e+00 
 1.00000000e+04  6.12905542e+01  1.00000000e+04 -1.63271740e+00 
 1.07977516e+04  6.12900977e+01  1.07977516e+04 -1.76291376e+00 
 1.16591440e+04  6.12895655e+01  1.16591440e+04 -1.90348258e+00 
 1.25892541e+04  6.12889451e+01  1.25892541e+04 -2.05524776e+00 
 1.35935639e+04  6.12882218e+01  1.35935639e+04 -2.21909790e+00 
 1.46779927e+04  6.12873785e+01  1.46779927e+04 -2.39599135e+00 
 1.58489319e+04  6.12863956e+01  1.58489319e+04 -2.58696152e+00 
 1.71132830e+04  6.12852502e+01  1.71132830e+04 -2.79312230e+00 
 1.84784980e+04  6.12839148e+01  1.84784980e+04 -3.01567413e+00 
 1.99526231e+04  6.12823585e+01  1.99526231e+04 -3.25591030e+00 
 2.15443469e+04  6.12805444e+01  2.15443469e+04 -3.51522357e+00 
 2.32630507e+04  6.12784305e+01  2.32630507e+04 -3.79511324e+00 
 2.51188643e+04  6.12759667e+01  2.51188643e+04 -4.09719223e+00 
 2.71227258e+04  6.12730964e+01  2.71227258e+04 -4.42319510e+00 
 2.92864456e+04  6.12697529e+01  2.92864456e+04 -4.77498538e+00 
 3.16227766e+04  6.12658569e+01  3.16227766e+04 -5.15456380e+00 
 3.41454887e+04  6.12613191e+01  3.41454887e+04 -5.56407649e+00 
 3.68694506e+04  6.12560340e+01  3.68694506e+04 -6.00582240e+00 
 3.98107171e+04  6.12498800e+01  3.98107171e+04 -6.48226158e+00 
 4.29866235e+04  6.12427157e+01  4.29866235e+04 -6.99602190e+00 
 4.64158883e+04  6.12343777e+01  4.64158883e+04 -7.54990586e+00 
 5.01187234e+04  6.12246758e+01  5.01187234e+04 -8.14689503e+00 
 5.41169527e+04  6.12133908e+01  5.41169527e+04 -8.79015463e+00 
 5.84341413e+04  6.12002705e+01  5.84341413e+04 -9.48303378e+00 
 6.30957344e+04  6.11850221e+01  6.30957344e+04 -1.02290644e+01 
 6.81292069e+04  6.11673104e+01  6.81292069e+04 -1.10319558e+01 
 7.35642254e+04  6.11467486e+01  7.35642254e+04 -1.18955838e+01 
 7.94328235e+04  6.11228958e+01  7.94328235e+04 -1.28239747e+01 
 8.57695899e+04  6.10952467e+01  8.57695899e+04 -1.38212815e+01 
 9.26118728e+04  6.10632278e+01  9.26118728e+04 -1.48917511e+01 
 1.00000000e+05  6.10261859e+01  1.00000000e+05 -1.60396807e+01 
 1.07977516e+05  6.09833873e+01  1.07977516e+05 -1.72693635e+01 
 1.16591440e+05  6.09340047e+01  1.16591440e+05 -1.85850179e+01 
 1.25892541e+05  6.08771175e+01  1.25892541e+05 -1.99907040e+01 
 1.35935639e+05  6.08117021e+01  1.35935639e+05 -2.14902234e+01 
 1.46779927e+05  6.07366341e+01  1.46779927e+05 -2.30870021e+01 
 1.58489319e+05  6.06506901e+01  1.58489319e+05 -2.47839594e+01 
 1.71132830e+05  6.05525485e+01  1.71132830e+05 -2.65833643e+01 
 1.84784980e+05  6.04408024e+01  1.84784980e+05 -2.84866836e+01 
 1.99526231e+05  6.03139777e+01  1.99526231e+05 -3.04944291e+01 
 2.15443469e+05  6.01705496e+01  2.15443469e+05 -3.26060161e+01 
 2.32630507e+05  6.00089763e+01  2.32630507e+05 -3.48196380e+01 
 2.51188643e+05  5.98277308e+01  2.51188643e+05 -3.71321783e+01 
 2.71227258e+05  5.96253412e+01  2.71227258e+05 -3.95391683e+01 
 2.92864456e+05  5.94004396e+01  2.92864456e+05 -4.20348066e+01 
 3.16227766e+05  5.91517989e+01  3.16227766e+05 -4.46120507e+01 
 3.41454887e+05  5.88783855e+01  3.41454887e+05 -4.72627835e+01 
 3.68694506e+05  5.85793909e+01  3.68694506e+05 -4.99780544e+01 
 3.98107171e+05  5.82542657e+01  3.98107171e+05 -5.27483873e+01 
 4.29866235e+05  5.79027352e+01  4.29866235e+05 -5.55641381e+01 
 4.64158883e+05  5.75248045e+01  4.64158883e+05 -5.84158763e+01 
 5.01187234e+05  5.71207492e+01  5.01187234e+05 -6.12947660e+01 
 5.41169527e+05  5.66910959e+01  5.41169527e+05 -6.41929225e+01 
 5.84341413e+05  5.62365800e+01  5.84341413e+05 -6.71037188e+01 
 6.30957344e+05  5.57581100e+01  6.30957344e+05 -7.00220222e+01 
 6.81292069e+05  5.52567123e+01  6.81292069e+05 -7.29443545e+01 
 7.35642254e+05  5.47334843e+01  7.35642254e+05 -7.58689726e+01 
 7.94328235e+05  5.41895414e+01  7.94328235e+05 -7.87958708e+01 
 8.57695899e+05  5.36259697e+01  8.57695899e+05 -8.17267172e+01 
 9.26118728e+05  5.30437861e+01  9.26118728e+05 -8.46647295e+01 
 1.00000000e+06  5.24439014e+01  1.00000000e+06 -8.76145130e+01 
 1.07977516e+06  5.18270951e+01  1.07977516e+06 -9.05818576e+01 
 1.16591440e+06  5.11939878e+01  1.16591440e+06 -9.35735243e+01 
 1.25892541e+06  5.05450327e+01  1.25892541e+06 -9.65970037e+01 
 1.35935639e+06  4.98805103e+01  1.35935639e+06 -9.96602711e+01 
 1.46779927e+06  4.92005120e+01  1.46779927e+06 -1.02771548e+02 
 1.58489319e+06  4.85049660e+01  1.58489319e+06 -1.05939034e+02 
 1.71132830e+06  4.77936276e+01  1.71132830e+06 -1.09170672e+02 
 1.84784980e+06  4.70661146e+01  1.84784980e+06 -1.12473888e+02 
 1.99526231e+06  4.63219148e+01  1.99526231e+06 -1.15855360e+02 
 2.15443469e+06  4.55604309e+01  2.15443469e+06 -1.19320787e+02 
 2.32630507e+06  4.47810136e+01  2.32630507e+06 -1.22874681e+02 
 2.51188643e+06  4.39829970e+01  2.51188643e+06 -1.26520216e+02 
 2.71227258e+06  4.31657660e+01  2.71227258e+06 -1.30259070e+02 
 2.92864456e+06  4.23287965e+01  2.92864456e+06 -1.34091376e+02 
 3.16227766e+06  4.14717143e+01  3.16227766e+06 -1.38015699e+02 
 3.41454887e+06  4.05943488e+01  3.41454887e+06 -1.42029098e+02 
 3.68694506e+06  3.96967783e+01  3.68694506e+06 -1.46127251e+02 
 3.98107171e+06  3.87793647e+01  3.98107171e+06 -1.50304647e+02 
 4.29866235e+06  3.78427773e+01  4.29866235e+06 -1.54554820e+02 
 4.64158883e+06  3.68879960e+01  4.64158883e+06 -1.58870613e+02 
 5.01187234e+06  3.59162954e+01  5.01187234e+06 -1.63244463e+02 
 5.41169527e+06  3.49291992e+01  5.41169527e+06 -1.67668691e+02 
 5.84341413e+06  3.39284381e+01  5.84341413e+06 -1.72135712e+02 
 6.30957344e+06  3.29158592e+01  6.30957344e+06 -1.76638300e+02 
 6.81292069e+06  3.18933348e+01  6.81292069e+06 -1.81169795e+02 
 7.35642254e+06  3.08626556e+01  7.35642254e+06 -1.85724309e+02 
 7.94328235e+06  2.98254117e+01  7.94328235e+06 -1.90296994e+02 
 8.57695899e+06  2.87828690e+01  8.57695899e+06 -1.94884363e+02 
 9.26118728e+06  2.77358475e+01  9.26118728e+06 -1.99484723e+02 
 1.00000000e+07  2.66845908e+01  1.00000000e+07 -2.04098842e+02 
 1.07977516e+07  2.56286494e+01  1.07977516e+07 -2.08730828e+02 
 1.16591440e+07  2.45667718e+01  1.16591440e+07 -2.13389354e+02 
 1.25892541e+07  2.34968059e+01  1.25892541e+07 -2.18089364e+02 
 1.35935639e+07  2.24156290e+01  1.35935639e+07 -2.22854394e+02 
 1.46779927e+07  2.13191110e+01  1.46779927e+07 -2.27719850e+02 
 1.58489319e+07  2.02021635e+01  1.58489319e+07 -2.32737585e+02 
 1.71132830e+07  1.90589473e+01  1.71132830e+07 -2.37982490e+02 
 1.84784980e+07  1.78834240e+01  1.84784980e+07 -2.43561919e+02 
 1.99526231e+07  1.66706226e+01  1.99526231e+07 -2.49629134e+02 
 2.15443469e+07  1.54194024e+01  2.15443469e+07 -2.56401291e+02 
 2.32630507e+07  1.41382229e+01  2.32630507e+07 -2.64179641e+02 
 2.51188643e+07  1.28564405e+01  2.51188643e+07 -2.73358514e+02 
 2.71227258e+07  1.16434491e+01  2.71227258e+07 -2.84379575e+02 
 2.92864456e+07  1.06302223e+01  2.92864456e+07 -2.97536572e+02 
 3.16227766e+07  1.00020422e+01  3.16227766e+07 -3.12558461e+02 
 3.41454887e+07  9.91305707e+00  3.41454887e+07 -3.28256884e+02 
 3.68694506e+07  1.03638279e+01  3.68694506e+07 -3.42931234e+02 
 3.98107171e+07  1.11996630e+01  3.98107171e+07 -3.55376501e+02 
 4.29866235e+07  1.22322797e+01  4.29866235e+07 -3.65307253e+02 
 4.64158883e+07  1.33269648e+01  4.64158883e+07 -3.73013297e+02 
 5.01187234e+07  1.44110043e+01  5.01187234e+07 -3.78939476e+02 
 5.41169527e+07  1.54523385e+01  5.41169527e+07 -3.83486246e+02 
 5.84341413e+07  1.64403277e+01  5.84341413e+07 -3.86962021e+02 
 6.30957344e+07  1.73743784e+01  6.30957344e+07 -3.89591537e+02 
 6.81292069e+07  1.82581572e+01  6.81292069e+07 -3.91535743e+02 
 7.35642254e+07  1.90968502e+01  7.35642254e+07 -3.92909508e+02 
 7.94328235e+07  1.98959260e+01  7.94328235e+07 -3.93794556e+02 
 8.57695899e+07  2.06606045e+01  8.57695899e+07 -3.94248209e+02 
 9.26118728e+07  2.13956317e+01  9.26118728e+07 -3.94309050e+02 
 1.00000000e+08  2.21051622e+01  1.00000000e+08 -3.94000416e+02 
 1.07977516e+08  2.27926424e+01  1.07977516e+08 -3.93332468e+02 
 1.16591440e+08  2.34606318e+01  1.16591440e+08 -3.92303389e+02 
 1.25892541e+08  2.41105213e+01  1.25892541e+08 -3.90900210e+02 
 1.35935639e+08  2.47421233e+01  1.35935639e+08 -3.89099812e+02 
 1.46779927e+08  2.53531297e+01  1.46779927e+08 -3.86870735e+02 
 1.58489319e+08  2.59384749e+01  1.58489319e+08 -3.84176578e+02 
 1.71132830e+08  2.64897120e+01  1.71132830e+08 -3.80981829e+02 
 1.84784980e+08  2.69946157e+01  1.84784980e+08 -3.77260782e+02 
 1.99526231e+08  2.74373470e+01  1.99526231e+08 -3.73009374e+02 
 2.15443469e+08  2.77995668e+01  2.15443469e+08 -3.68258195e+02 
 2.32630507e+08  2.80627350e+01  2.32630507e+08 -3.63082646e+02 
 2.51188643e+08  2.82113623e+01  2.51188643e+08 -3.57604776e+02 
 2.71227258e+08  2.82363221e+01  2.71227258e+08 -3.51982673e+02 
 2.92864456e+08  2.81369385e+01  2.92864456e+08 -3.46388438e+02 
 3.16227766e+08  2.79209379e+01  3.16227766e+08 -3.40981951e+02 
 3.41454887e+08  2.76023741e+01  3.41454887e+08 -3.35890040e+02 
 3.68694506e+08  2.71985554e+01  3.68694506e+08 -3.31197043e+02 
 3.98107171e+08  2.67271756e+01  3.98107171e+08 -3.26946578e+02 
 4.29866235e+08  2.62043657e+01  4.29866235e+08 -3.23150088e+02 
 4.64158883e+08  2.56437668e+01  4.64158883e+08 -3.19797267e+02 
 5.01187234e+08  2.50563645e+01  5.01187234e+08 -3.16865197e+02 
 5.41169527e+08  2.44507443e+01  5.41169527e+08 -3.14325002e+02 
 5.84341413e+08  2.38335067e+01  5.84341413e+08 -3.12146105e+02 
 6.30957344e+08  2.32096911e+01  6.30957344e+08 -3.10298663e+02 
 6.81292069e+08  2.25831415e+01  6.81292069e+08 -3.08754805e+02 
 7.35642254e+08  2.19567988e+01  7.35642254e+08 -3.07489173e+02 
 7.94328235e+08  2.13329253e+01  7.94328235e+08 -3.06479074e+02 
 8.57695899e+08  2.07132773e+01  8.57695899e+08 -3.05704449e+02 
 9.26118728e+08  2.00992385e+01  9.26118728e+08 -3.05147742e+02 
 1.00000000e+09  1.94919265e+01  1.00000000e+09 -3.04793738e+02 
