 1.00000000e+00  6.92302582e+01  1.00000000e+00 -3.93025783e-04 
 1.07977516e+00  6.92302582e+01  1.07977516e+00 -4.24379478e-04 
 1.16591440e+00  6.92302582e+01  1.16591440e+00 -4.58234420e-04 
 1.25892541e+00  6.92302582e+01  1.25892541e+00 -4.94790146e-04 
 1.35935639e+00  6.92302582e+01  1.35935639e+00 -5.34262109e-04 
 1.46779927e+00  6.92302582e+01  1.46779927e+00 -5.76882956e-04 
 1.58489319e+00  6.92302582e+01  1.58489319e+00 -6.22903887e-04 
 1.71132830e+00  6.92302582e+01  1.71132830e+00 -6.72596146e-04 
 1.84784980e+00  6.92302582e+01  1.84784980e+00 -7.26252612e-04 
 1.99526231e+00  6.92302582e+01  1.99526231e+00 -7.84189533e-04 
 2.15443469e+00  6.92302582e+01  2.15443469e+00 -8.46748380e-04 
 2.32630507e+00  6.92302582e+01  2.32630507e+00 -9.14297870e-04 
 2.51188643e+00  6.92302582e+01  2.51188643e+00 -9.87236130e-04 
 2.71227258e+00  6.92302582e+01  2.71227258e+00 -1.06599305e-03 
 2.92864456e+00  6.92302582e+01  2.92864456e+00 -1.15103282e-03 
 3.16227766e+00  6.92302582e+01  3.16227766e+00 -1.24285665e-03 
 3.41454887e+00  6.92302582e+01  3.41454887e+00 -1.34200574e-03 
 3.68694506e+00  6.92302582e+01  3.68694506e+00 -1.44906447e-03 
 3.98107171e+00  6.92302582e+01  3.98107171e+00 -1.56466382e-03 
 4.29866235e+00  6.92302582e+01  4.29866235e+00 -1.68948513e-03 
 4.64158883e+00  6.92302582e+01  4.64158883e+00 -1.82426408e-03 
 5.01187234e+00  6.92302582e+01  5.01187234e+00 -1.96979505e-03 
 5.41169527e+00  6.92302582e+01  5.41169527e+00 -2.12693577e-03 
 5.84341413e+00  6.92302582e+01  5.84341413e+00 -2.29661241e-03 
 6.30957344e+00  6.92302582e+01  6.30957344e+00 -2.47982504e-03 
 6.81292069e+00  6.92302582e+01  6.81292069e+00 -2.67765349e-03 
 7.35642254e+00  6.92302582e+01  7.35642254e+00 -2.89126373e-03 
 7.94328235e+00  6.92302582e+01  7.94328235e+00 -3.12191476e-03 
 8.57695899e+00  6.92302582e+01  8.57695899e+00 -3.37096601e-03 
 9.26118728e+00  6.92302582e+01  9.26118728e+00 -3.63988538e-03 
 1.00000000e+01  6.92302582e+01  1.00000000e+01 -3.93025782e-03 
 1.07977516e+01  6.92302582e+01  1.07977516e+01 -4.24379478e-03 
 1.16591440e+01  6.92302582e+01  1.16591440e+01 -4.58234419e-03 
 1.25892541e+01  6.92302582e+01  1.25892541e+01 -4.94790144e-03 
 1.35935639e+01  6.92302582e+01  1.35935639e+01 -5.34262108e-03 
 1.46779927e+01  6.92302582e+01  1.46779927e+01 -5.76882954e-03 
 1.58489319e+01  6.92302582e+01  1.58489319e+01 -6.22903885e-03 
 1.71132830e+01  6.92302582e+01  1.71132830e+01 -6.72596143e-03 
 1.84784980e+01  6.92302582e+01  1.84784980e+01 -7.26252609e-03 
 1.99526231e+01  6.92302582e+01  1.99526231e+01 -7.84189528e-03 
 2.15443469e+01  6.92302582e+01  2.15443469e+01 -8.46748375e-03 
 2.32630507e+01  6.92302581e+01  2.32630507e+01 -9.14297863e-03 
 2.51188643e+01  6.92302581e+01  2.51188643e+01 -9.87236122e-03 
 2.71227258e+01  6.92302581e+01  2.71227258e+01 -1.06599304e-02 
 2.92864456e+01  6.92302581e+01  2.92864456e+01 -1.15103281e-02 
 3.16227766e+01  6.92302581e+01  3.16227766e+01 -1.24285663e-02 
 3.41454887e+01  6.92302580e+01  3.41454887e+01 -1.34200572e-02 
 3.68694506e+01  6.92302580e+01  3.68694506e+01 -1.44906444e-02 
 3.98107171e+01  6.92302579e+01  3.98107171e+01 -1.56466379e-02 
 4.29866235e+01  6.92302579e+01  4.29866235e+01 -1.68948509e-02 
 4.64158883e+01  6.92302578e+01  4.64158883e+01 -1.82426403e-02 
 5.01187234e+01  6.92302578e+01  5.01187234e+01 -1.96979498e-02 
 5.41169527e+01  6.92302577e+01  5.41169527e+01 -2.12693568e-02 
 5.84341413e+01  6.92302576e+01  5.84341413e+01 -2.29661231e-02 
 6.30957344e+01  6.92302575e+01  6.30957344e+01 -2.47982491e-02 
 6.81292069e+01  6.92302574e+01  6.81292069e+01 -2.67765332e-02 
 7.35642254e+01  6.92302572e+01  7.35642254e+01 -2.89126351e-02 
 7.94328235e+01  6.92302571e+01  7.94328235e+01 -3.12191449e-02 
 8.57695899e+01  6.92302569e+01  8.57695899e+01 -3.37096568e-02 
 9.26118728e+01  6.92302566e+01  9.26118728e+01 -3.63988495e-02 
 1.00000000e+02  6.92302564e+01  1.00000000e+02 -3.93025729e-02 
 1.07977516e+02  6.92302561e+01  1.07977516e+02 -4.24379410e-02 
 1.16591440e+02  6.92302557e+01  1.16591440e+02 -4.58234335e-02 
 1.25892541e+02  6.92302553e+01  1.25892541e+02 -4.94790038e-02 
 1.35935639e+02  6.92302548e+01  1.35935639e+02 -5.34261974e-02 
 1.46779927e+02  6.92302542e+01  1.46779927e+02 -5.76882785e-02 
 1.58489319e+02  6.92302535e+01  1.58489319e+02 -6.22903672e-02 
 1.71132830e+02  6.92302528e+01  1.71132830e+02 -6.72595876e-02 
 1.84784980e+02  6.92302519e+01  1.84784980e+02 -7.26252272e-02 
 1.99526231e+02  6.92302508e+01  1.99526231e+02 -7.84189104e-02 
 2.15443469e+02  6.92302496e+01  2.15443469e+02 -8.46747840e-02 
 2.32630507e+02  6.92302481e+01  2.32630507e+02 -9.14297191e-02 
 2.51188643e+02  6.92302464e+01  2.51188643e+02 -9.87235275e-02 
 2.71227258e+02  6.92302445e+01  2.71227258e+02 -1.06599198e-01 
 2.92864456e+02  6.92302422e+01  2.92864456e+02 -1.15103147e-01 
 3.16227766e+02  6.92302395e+01  3.16227766e+02 -1.24285494e-01 
 3.41454887e+02  6.92302364e+01  3.41454887e+02 -1.34200359e-01 
 3.68694506e+02  6.92302328e+01  3.68694506e+02 -1.44906176e-01 
 3.98107171e+02  6.92302286e+01  3.98107171e+02 -1.56466042e-01 
 4.29866235e+02  6.92302236e+01  4.29866235e+02 -1.68948084e-01 
 4.64158883e+02  6.92302179e+01  4.64158883e+02 -1.82425869e-01 
 5.01187234e+02  6.92302112e+01  5.01187234e+02 -1.96978825e-01 
 5.41169527e+02  6.92302034e+01  5.41169527e+02 -2.12692721e-01 
 5.84341413e+02  6.92301943e+01  5.84341413e+02 -2.29660164e-01 
 6.30957344e+02  6.92301837e+01  6.30957344e+02 -2.47981148e-01 
 6.81292069e+02  6.92301713e+01  6.81292069e+02 -2.67763641e-01 
 7.35642254e+02  6.92301569e+01  7.35642254e+02 -2.89124223e-01 
 7.94328235e+02  6.92301401e+01  7.94328235e+02 -3.12188770e-01 
 8.57695899e+02  6.92301205e+01  8.57695899e+02 -3.37093195e-01 
 9.26118728e+02  6.92300977e+01  9.26118728e+02 -3.63984249e-01 
 1.00000000e+03  6.92300710e+01  1.00000000e+03 -3.93020384e-01 
 1.07977516e+03  6.92300400e+01  1.07977516e+03 -4.24372682e-01 
 1.16591440e+03  6.92300038e+01  1.16591440e+03 -4.58225864e-01 
 1.25892541e+03  6.92299615e+01  1.25892541e+03 -4.94779374e-01 
 1.35935639e+03  6.92299123e+01  1.35935639e+03 -5.34248549e-01 
 1.46779927e+03  6.92298549e+01  1.46779927e+03 -5.76865884e-01 
 1.58489319e+03  6.92297880e+01  1.58489319e+03 -6.22882395e-01 
 1.71132830e+03  6.92297098e+01  1.71132830e+03 -6.72569078e-01 
 1.84784980e+03  6.92296188e+01  1.84784980e+03 -7.26218528e-01 
 1.99526231e+03  6.92295127e+01  1.99526231e+03 -7.84146627e-01 
 2.15443469e+03  6.92293891e+01  2.15443469e+03 -8.46694373e-01 
 2.32630507e+03  6.92292450e+01  2.32630507e+03 -9.14229883e-01 
 2.51188643e+03  6.92290769e+01  2.51188643e+03 -9.87150546e-01 
 2.71227258e+03  6.92288810e+01  2.71227258e+03 -1.06588531e+00 
 2.92864456e+03  6.92286526e+01  2.92864456e+03 -1.15089720e+00 
 3.16227766e+03  6.92283862e+01  3.16227766e+03 -1.24268593e+00 
 3.41454887e+03  6.92280758e+01  3.41454887e+03 -1.34179083e+00 
 3.68694506e+03  6.92277138e+01  3.68694506e+03 -1.44879392e+00 
 3.98107171e+03  6.92272916e+01  3.98107171e+03 -1.56432322e+00 
 4.29866235e+03  6.92267997e+01  4.29866235e+03 -1.68905637e+00 
 4.64158883e+03  6.92262262e+01  4.64158883e+03 -1.82372437e+00 
 5.01187234e+03  6.92255575e+01  5.01187234e+03 -1.96911563e+00 
 5.41169527e+03  6.92247782e+01  5.41169527e+03 -2.12608055e+00 
 5.84341413e+03  6.92238696e+01  5.84341413e+03 -2.29553590e+00 
 6.30957344e+03  6.92228105e+01  6.30957344e+03 -2.47847001e+00 
 6.81292069e+03  6.92215759e+01  6.81292069e+03 -2.67594785e+00 
 7.35642254e+03  6.92201370e+01  7.35642254e+03 -2.88911685e+00 
 7.94328235e+03  6.92184603e+01  7.94328235e+03 -3.11921270e+00 
 8.57695899e+03  6.92165059e+01  8.57695899e+03 -3.36756524e+00 
 9.26118728e+03  6.92142284e+01  9.26118728e+03 -3.63560535e+00 
 1.00000000e+04  6.92115745e+01  1.00000000e+04 -3.92487152e+00 
 1.07977516e+04  6.92084826e+01  1.07977516e+04 -4.23701682e+00 
 1.16591440e+04  6.92048806e+01  1.16591440e+04 -4.57381548e+00 
 1.25892541e+04  6.92006841e+01  1.25892541e+04 -4.93717057e+00 
 1.35935639e+04  6.91957968e+01  1.35935639e+04 -5.32912091e+00 
 1.46779927e+04  6.91901053e+01  1.46779927e+04 -5.75184728e+00 
 1.58489319e+04  6.91834786e+01  1.58489319e+04 -6.20767894e+00 
 1.71132830e+04  6.91757656e+01  1.71132830e+04 -6.69909955e+00 
 1.84784980e+04  6.91667906e+01  1.84784980e+04 -7.22875103e+00 
 1.99526231e+04  6.91563483e+01  1.99526231e+04 -7.79943608e+00 
 2.15443469e+04  6.91442063e+01  2.15443469e+04 -8.41412059e+00 
 2.32630507e+04  6.91300931e+01  2.32630507e+04 -9.07592971e+00 
 2.51188643e+04  6.91136957e+01  2.51188643e+04 -9.78814378e+00 
 2.71227258e+04  6.90946541e+01  2.71227258e+04 -1.05541858e+01 
 2.92864456e+04  6.90725589e+01  2.92864456e+04 -1.13776113e+01 
 3.16227766e+04  6.90469381e+01  3.16227766e+04 -1.22620799e+01 
 3.41454887e+04  6.90172554e+01  3.41454887e+04 -1.32113271e+01 
 3.68694506e+04  6.89829024e+01  3.68694506e+04 -1.42291229e+01 
 3.98107171e+04  6.89431894e+01  3.98107171e+04 -1.53192206e+01 
 4.29866235e+04  6.88973412e+01  4.29866235e+04 -1.64852894e+01 
 4.64158883e+04  6.88444880e+01  4.64158883e+04 -1.77308329e+01 
 5.01187234e+04  6.87836662e+01  5.01187234e+04 -1.90590975e+01 
 5.41169527e+04  6.87138103e+01  5.41169527e+04 -2.04729527e+01 
 5.84341413e+04  6.86337562e+01  5.84341413e+04 -2.19747674e+01 
 6.30957344e+04  6.85422421e+01  6.30957344e+04 -2.35662642e+01 
 6.81292069e+04  6.84379190e+01  6.81292069e+04 -2.52483696e+01 
 7.35642254e+04  6.83193640e+01  7.35642254e+04 -2.70210497e+01 
 7.94328235e+04  6.81850981e+01  7.94328235e+04 -2.88831660e+01 
 8.57695899e+04  6.80336130e+01  8.57695899e+04 -3.08323250e+01 
 9.26118728e+04  6.78634049e+01  9.26118728e+04 -3.28647759e+01 
 1.00000000e+05  6.76730127e+01  1.00000000e+05 -3.49753294e+01 
 1.07977516e+05  6.74610613e+01  1.07977516e+05 -3.71573521e+01 
 1.16591440e+05  6.72263079e+01  1.16591440e+05 -3.94028077e+01 
 1.25892541e+05  6.69676888e+01  1.25892541e+05 -4.17023894e+01 
 1.35935639e+05  6.66843605e+01  1.35935639e+05 -4.40457168e+01 
 1.46779927e+05  6.63757356e+01  1.46779927e+05 -4.64216134e+01 
 1.58489319e+05  6.60415115e+01  1.58489319e+05 -4.88184349e+01 
 1.71132830e+05  6.56816791e+01  1.71132830e+05 -5.12244401e+01 
 1.84784980e+05  6.52965265e+01  1.84784980e+05 -5.36281714e+01 
 1.99526231e+05  6.48866194e+01  1.99526231e+05 -5.60188249e+01 
 2.15443469e+05  6.44527809e+01  2.15443469e+05 -5.83865836e+01 
 2.32630507e+05  6.39960507e+01  2.32630507e+05 -6.07228904e+01 
 2.51188643e+05  6.35176424e+01  2.51188643e+05 -6.30206503e+01 
 2.71227258e+05  6.30188993e+01  2.71227258e+05 -6.52743585e+01 
 2.92864456e+05  6.25012418e+01  2.92864456e+05 -6.74801552e+01 
 3.16227766e+05  6.19661297e+01  3.16227766e+05 -6.96358139e+01 
 3.41454887e+05  6.14150160e+01  3.41454887e+05 -7.17406752e+01 
 3.68694506e+05  6.08493196e+01  3.68694506e+05 -7.37955388e+01 
 3.98107171e+05  6.02703941e+01  3.98107171e+05 -7.58025359e+01 
 4.29866235e+05  5.96795041e+01  4.29866235e+05 -7.77649778e+01 
 4.64158883e+05  5.90778203e+01  4.64158883e+05 -7.96872110e+01 
 5.01187234e+05  5.84663940e+01  5.01187234e+05 -8.15744743e+01 
 5.41169527e+05  5.78461693e+01  5.41169527e+05 -8.34327567e+01 
 5.84341413e+05  5.72179645e+01  5.84341413e+05 -8.52686884e+01 
 6.30957344e+05  5.65824836e+01  6.30957344e+05 -8.70894288e+01 
 6.81292069e+05  5.59403121e+01  6.81292069e+05 -8.89025771e+01 
 7.35642254e+05  5.52919202e+01  7.35642254e+05 -9.07160972e+01 
 7.94328235e+05  5.46376670e+01  7.94328235e+05 -9.25382540e+01 
 8.57695899e+05  5.39778017e+01  8.57695899e+05 -9.43775563e+01 
 9.26118728e+05  5.33124665e+01  9.26118728e+05 -9.62427106e+01 
 1.00000000e+06  5.26416996e+01  1.00000000e+06 -9.81425740e+01 
 1.07977516e+06  5.19654328e+01  1.07977516e+06 -1.00086115e+02 
 1.16591440e+06  5.12834979e+01  1.16591440e+06 -1.02082360e+02 
 1.25892541e+06  5.05956238e+01  1.25892541e+06 -1.04140344e+02 
 1.35935639e+06  4.99014360e+01  1.35935639e+06 -1.06269051e+02 
 1.46779927e+06  4.92004610e+01  1.46779927e+06 -1.08477338e+02 
 1.58489319e+06  4.84921234e+01  1.58489319e+06 -1.10773848e+02 
 1.71132830e+06  4.77757524e+01  1.71132830e+06 -1.13166907e+02 
 1.84784980e+06  4.70505888e+01  1.84784980e+06 -1.15664398e+02 
 1.99526231e+06  4.63157885e+01  1.99526231e+06 -1.18273627e+02 
 2.15443469e+06  4.55704394e+01  2.15443469e+06 -1.21001165e+02 
 2.32630507e+06  4.48135767e+01  2.32630507e+06 -1.23852682e+02 
 2.51188643e+06  4.40442076e+01  2.51188643e+06 -1.26832769e+02 
 2.71227258e+06  4.32613386e+01  2.71227258e+06 -1.29944772e+02 
 2.92864456e+06  4.24640133e+01  2.92864456e+06 -1.33190623e+02 
 3.16227766e+06  4.16513504e+01  3.16227766e+06 -1.36570712e+02 
 3.41454887e+06  4.08225921e+01  3.41454887e+06 -1.40083782e+02 
 3.68694506e+06  3.99771479e+01  3.68694506e+06 -1.43726884e+02 
 3.98107171e+06  3.91146382e+01  3.98107171e+06 -1.47495385e+02 
 4.29866235e+06  3.82349388e+01  4.29866235e+06 -1.51383040e+02 
 4.64158883e+06  3.73382074e+01  4.64158883e+06 -1.55382129e+02 
 5.01187234e+06  3.64248950e+01  5.01187234e+06 -1.59483670e+02 
 5.41169527e+06  3.54957485e+01  5.41169527e+06 -1.63677648e+02 
 5.84341413e+06  3.45517828e+01  5.84341413e+06 -1.67953306e+02 
 6.30957344e+06  3.35942335e+01  6.30957344e+06 -1.72299454e+02 
 6.81292069e+06  3.26244855e+01  6.81292069e+06 -1.76704790e+02 
 7.35642254e+06  3.16439828e+01  7.35642254e+06 -1.81158229e+02 
 7.94328235e+06  3.06541135e+01  7.94328235e+06 -1.85649287e+02 
 8.57695899e+06  2.96560890e+01  8.57695899e+06 -1.90168461e+02 
 9.26118728e+06  2.86508100e+01  9.26118728e+06 -1.94707705e+02 
 1.00000000e+07  2.76387218e+01  1.00000000e+07 -1.99261044e+02 
 1.07977516e+07  2.66196801e+01  1.07977516e+07 -2.03825300e+02 
 1.16591440e+07  2.55928104e+01  1.16591440e+07 -2.08401087e+02 
 1.25892541e+07  2.45563727e+01  1.25892541e+07 -2.12994146e+02 
 1.35935639e+07  2.35076416e+01  1.35935639e+07 -2.17617074e+02 
 1.46779927e+07  2.24427864e+01  1.46779927e+07 -2.22291809e+02 
 1.58489319e+07  2.13567866e+01  1.58489319e+07 -2.27053017e+02 
 1.71132830e+07  2.02433879e+01  1.71132830e+07 -2.31953102e+02 
 1.84784980e+07  1.90951989e+01  1.84784980e+07 -2.37069476e+02 
 1.99526231e+07  1.79040792e+01  1.99526231e+07 -2.42515587e+02 
 2.15443469e+07  1.66622434e+01  2.15443469e+07 -2.48457374e+02 
 2.32630507e+07  1.53649747e+01  2.32630507e+07 -2.55137259e+02 
 2.51188643e+07  1.40169210e+01  2.51188643e+07 -2.62905322e+02 
 2.71227258e+07  1.26457900e+01  2.71227258e+07 -2.72244975e+02 
 2.92864456e+07  1.13284904e+01  2.92864456e+07 -2.83738444e+02 
 3.16227766e+07  1.02258060e+01  3.16227766e+07 -2.97824443e+02 
 3.41454887e+07  9.57945909e+00  3.41454887e+07 -3.14188864e+02 
 3.68694506e+07  9.58435428e+00  3.68694506e+07 -3.31219883e+02 
 3.98107171e+07  1.02080817e+01  3.98107171e+07 -3.46710228e+02 
 4.29866235e+07  1.12235195e+01  4.29866235e+07 -3.59358064e+02 
 4.64158883e+07  1.24001977e+01  4.64158883e+07 -3.69100846e+02 
 5.01187234e+07  1.35977666e+01  5.01187234e+07 -3.76455310e+02 
 5.41169527e+07  1.47521609e+01  5.41169527e+07 -3.81994286e+02 
 5.84341413e+07  1.58411535e+01  5.84341413e+07 -3.86172993e+02 
 6.30957344e+07  1.68615789e+01  6.30957344e+07 -3.89318081e+02 
 6.81292069e+07  1.78179341e+01  6.81292069e+07 -3.91657132e+02 
 7.35642254e+07  1.87172690e+01  7.35642254e+07 -3.93348252e+02 
 7.94328235e+07  1.95670462e+01  7.94328235e+07 -3.94501732e+02 
 8.57695899e+07  2.03743137e+01  8.57695899e+07 -3.95194424e+02 
 9.26118728e+07  2.11454274e+01  9.26118728e+07 -3.95478900e+02 
 1.00000000e+08  2.18859755e+01  1.00000000e+08 -3.95389090e+02 
 1.07977516e+08  2.26007392e+01  1.07977516e+08 -3.94943637e+02 
 1.16591440e+08  2.32936061e+01  1.16591440e+08 -3.94147789e+02 
 1.25892541e+08  2.39673846e+01  1.25892541e+08 -3.92994481e+02 
 1.35935639e+08  2.46234875e+01  1.35935639e+08 -3.91465168e+02 
 1.46779927e+08  2.52614670e+01  1.46779927e+08 -3.89531036e+02 
 1.58489319e+08  2.58784111e+01  1.58489319e+08 -3.87155317e+02 
 1.71132830e+08  2.64682637e+01  1.71132830e+08 -3.84297583e+02 
 1.84784980e+08  2.70212196e+01  1.84784980e+08 -3.80920877e+02 
 1.99526231e+08  2.75234628e+01  1.99526231e+08 -3.77002163e+02 
 2.15443469e+08  2.79576351e+01  2.15443469e+08 -3.72545413e+02 
 2.32630507e+08  2.83044106e+01  2.32630507e+08 -3.67594697e+02 
 2.51188643e+08  2.85452845e+01  2.51188643e+08 -3.62242348e+02 
 2.71227258e+08  2.86660891e+01  2.71227258e+08 -3.56626639e+02 
 2.92864456e+08  2.86601055e+01  2.92864456e+08 -3.50916255e+02 
 3.16227766e+08  2.85294888e+01  3.16227766e+08 -3.45285120e+02 
 3.41454887e+08  2.82844173e+01  3.41454887e+08 -3.39886553e+02 
 3.68694506e+08  2.79404835e+01  3.68694506e+08 -3.34835822e+02 
 3.98107171e+08  2.75155412e+01  3.98107171e+08 -3.30204869e+02 
 4.29866235e+08  2.70270931e+01  4.29866235e+08 -3.26027018e+02 
 4.64158883e+08  2.64906995e+01  4.64158883e+08 -3.22306614e+02 
 5.01187234e+08  2.59193382e+01  5.01187234e+08 -3.19029186e+02 
 5.41169527e+08  2.53233987e+01  5.41169527e+08 -3.16169745e+02 
 5.84341413e+08  2.47109945e+01  5.84341413e+08 -3.13698586e+02 
 6.30957344e+08  2.40883737e+01  6.30957344e+08 -3.11584925e+02 
 6.81292069e+08  2.34603160e+01  6.81292069e+08 -3.09798962e+02 
 7.35642254e+08  2.28304685e+01  7.35642254e+08 -3.08312952e+02 
 7.94328235e+08  2.22016153e+01  7.94328235e+08 -3.07101684e+02 
 8.57695899e+08  2.15758880e+01  8.57695899e+08 -3.06142637e+02 
 9.26118728e+08  2.09549312e+01  9.26118728e+08 -3.05415958e+02 
 1.00000000e+09  2.03400341e+01  1.00000000e+09 -3.04904350e+02 
