 1.00000000e+00  6.44074010e+01  1.00000000e+00 -2.33197472e-04 
 1.07977516e+00  6.44074010e+01  1.07977516e+00 -2.51800838e-04 
 1.16591440e+00  6.44074010e+01  1.16591440e+00 -2.71888291e-04 
 1.25892541e+00  6.44074010e+01  1.25892541e+00 -2.93578224e-04 
 1.35935639e+00  6.44074010e+01  1.35935639e+00 -3.16998474e-04 
 1.46779927e+00  6.44074010e+01  1.46779927e+00 -3.42287079e-04 
 1.58489319e+00  6.44074010e+01  1.58489319e+00 -3.69593086e-04 
 1.71132830e+00  6.44074010e+01  1.71132830e+00 -3.99077435e-04 
 1.84784980e+00  6.44074010e+01  1.84784980e+00 -4.30913902e-04 
 1.99526231e+00  6.44074010e+01  1.99526231e+00 -4.65290128e-04 
 2.15443469e+00  6.44074010e+01  2.15443469e+00 -5.02408724e-04 
 2.32630507e+00  6.44074010e+01  2.32630507e+00 -5.42488461e-04 
 2.51188643e+00  6.44074010e+01  2.51188643e+00 -5.85765566e-04 
 2.71227258e+00  6.44074010e+01  2.71227258e+00 -6.32495110e-04 
 2.92864456e+00  6.44074010e+01  2.92864456e+00 -6.82952509e-04 
 3.16227766e+00  6.44074010e+01  3.16227766e+00 -7.37435157e-04 
 3.41454887e+00  6.44074010e+01  3.41454887e+00 -7.96264166e-04 
 3.68694506e+00  6.44074010e+01  3.68694506e+00 -8.59786269e-04 
 3.98107171e+00  6.44074010e+01  3.98107171e+00 -9.28375858e-04 
 4.29866235e+00  6.44074010e+01  4.29866235e+00 -1.00243719e-03 
 4.64158883e+00  6.44074010e+01  4.64158883e+00 -1.08240678e-03 
 5.01187234e+00  6.44074010e+01  5.01187234e+00 -1.16875596e-03 
 5.41169527e+00  6.44074010e+01  5.41169527e+00 -1.26199366e-03 
 5.84341413e+00  6.44074010e+01  5.84341413e+00 -1.36266941e-03 
 6.30957344e+00  6.44074010e+01  6.30957344e+00 -1.47137658e-03 
 6.81292069e+00  6.44074010e+01  6.81292069e+00 -1.58875588e-03 
 7.35642254e+00  6.44074010e+01  7.35642254e+00 -1.71549914e-03 
 7.94328235e+00  6.44074010e+01  7.94328235e+00 -1.85235336e-03 
 8.57695899e+00  6.44074010e+01  8.57695899e+00 -2.00012515e-03 
 9.26118728e+00  6.44074010e+01  9.26118728e+00 -2.15968546e-03 
 1.00000000e+01  6.44074010e+01  1.00000000e+01 -2.33197472e-03 
 1.07977516e+01  6.44074010e+01  1.07977516e+01 -2.51800838e-03 
 1.16591440e+01  6.44074010e+01  1.16591440e+01 -2.71888291e-03 
 1.25892541e+01  6.44074010e+01  1.25892541e+01 -2.93578224e-03 
 1.35935639e+01  6.44074010e+01  1.35935639e+01 -3.16998474e-03 
 1.46779927e+01  6.44074010e+01  1.46779927e+01 -3.42287079e-03 
 1.58489319e+01  6.44074009e+01  1.58489319e+01 -3.69593086e-03 
 1.71132830e+01  6.44074009e+01  1.71132830e+01 -3.99077434e-03 
 1.84784980e+01  6.44074009e+01  1.84784980e+01 -4.30913901e-03 
 1.99526231e+01  6.44074009e+01  1.99526231e+01 -4.65290127e-03 
 2.15443469e+01  6.44074009e+01  2.15443469e+01 -5.02408723e-03 
 2.32630507e+01  6.44074009e+01  2.32630507e+01 -5.42488460e-03 
 2.51188643e+01  6.44074009e+01  2.51188643e+01 -5.85765565e-03 
 2.71227258e+01  6.44074009e+01  2.71227258e+01 -6.32495107e-03 
 2.92864456e+01  6.44074009e+01  2.92864456e+01 -6.82952507e-03 
 3.16227766e+01  6.44074009e+01  3.16227766e+01 -7.37435154e-03 
 3.41454887e+01  6.44074009e+01  3.41454887e+01 -7.96264162e-03 
 3.68694506e+01  6.44074009e+01  3.68694506e+01 -8.59786264e-03 
 3.98107171e+01  6.44074009e+01  3.98107171e+01 -9.28375852e-03 
 4.29866235e+01  6.44074009e+01  4.29866235e+01 -1.00243719e-02 
 4.64158883e+01  6.44074008e+01  4.64158883e+01 -1.08240677e-02 
 5.01187234e+01  6.44074008e+01  5.01187234e+01 -1.16875595e-02 
 5.41169527e+01  6.44074008e+01  5.41169527e+01 -1.26199364e-02 
 5.84341413e+01  6.44074008e+01  5.84341413e+01 -1.36266939e-02 
 6.30957344e+01  6.44074007e+01  6.30957344e+01 -1.47137655e-02 
 6.81292069e+01  6.44074007e+01  6.81292069e+01 -1.58875585e-02 
 7.35642254e+01  6.44074006e+01  7.35642254e+01 -1.71549910e-02 
 7.94328235e+01  6.44074006e+01  7.94328235e+01 -1.85235331e-02 
 8.57695899e+01  6.44074005e+01  8.57695899e+01 -2.00012509e-02 
 9.26118728e+01  6.44074004e+01  9.26118728e+01 -2.15968538e-02 
 1.00000000e+02  6.44074004e+01  1.00000000e+02 -2.33197462e-02 
 1.07977516e+02  6.44074002e+01  1.07977516e+02 -2.51800826e-02 
 1.16591440e+02  6.44074001e+01  1.16591440e+02 -2.71888275e-02 
 1.25892541e+02  6.44074000e+01  1.25892541e+02 -2.93578203e-02 
 1.35935639e+02  6.44073998e+01  1.35935639e+02 -3.16998449e-02 
 1.46779927e+02  6.44073996e+01  1.46779927e+02 -3.42287047e-02 
 1.58489319e+02  6.44073994e+01  1.58489319e+02 -3.69593046e-02 
 1.71132830e+02  6.44073992e+01  1.71132830e+02 -3.99077384e-02 
 1.84784980e+02  6.44073989e+01  1.84784980e+02 -4.30913838e-02 
 1.99526231e+02  6.44073985e+01  1.99526231e+02 -4.65290048e-02 
 2.15443469e+02  6.44073981e+01  2.15443469e+02 -5.02408622e-02 
 2.32630507e+02  6.44073976e+01  2.32630507e+02 -5.42488333e-02 
 2.51188643e+02  6.44073971e+01  2.51188643e+02 -5.85765405e-02 
 2.71227258e+02  6.44073964e+01  2.71227258e+02 -6.32494907e-02 
 2.92864456e+02  6.44073957e+01  2.92864456e+02 -6.82952254e-02 
 3.16227766e+02  6.44073948e+01  3.16227766e+02 -7.37434835e-02 
 3.41454887e+02  6.44073938e+01  3.41454887e+02 -7.96263762e-02 
 3.68694506e+02  6.44073926e+01  3.68694506e+02 -8.59785759e-02 
 3.98107171e+02  6.44073912e+01  3.98107171e+02 -9.28375217e-02 
 4.29866235e+02  6.44073896e+01  4.29866235e+02 -1.00243639e-01 
 4.64158883e+02  6.44073877e+01  4.64158883e+02 -1.08240577e-01 
 5.01187234e+02  6.44073855e+01  5.01187234e+02 -1.16875468e-01 
 5.41169527e+02  6.44073829e+01  5.41169527e+02 -1.26199205e-01 
 5.84341413e+02  6.44073799e+01  5.84341413e+02 -1.36266738e-01 
 6.30957344e+02  6.44073764e+01  6.30957344e+02 -1.47137402e-01 
 6.81292069e+02  6.44073724e+01  6.81292069e+02 -1.58875267e-01 
 7.35642254e+02  6.44073676e+01  7.35642254e+02 -1.71549509e-01 
 7.94328235e+02  6.44073621e+01  7.94328235e+02 -1.85234827e-01 
 8.57695899e+02  6.44073556e+01  8.57695899e+02 -2.00011874e-01 
 9.26118728e+02  6.44073481e+01  9.26118728e+02 -2.15967739e-01 
 1.00000000e+03  6.44073394e+01  1.00000000e+03 -2.33196456e-01 
 1.07977516e+03  6.44073291e+01  1.07977516e+03 -2.51799559e-01 
 1.16591440e+03  6.44073172e+01  1.16591440e+03 -2.71886680e-01 
 1.25892541e+03  6.44073033e+01  1.25892541e+03 -2.93576196e-01 
 1.35935639e+03  6.44072871e+01  1.35935639e+03 -3.16995921e-01 
 1.46779927e+03  6.44072682e+01  1.46779927e+03 -3.42283865e-01 
 1.58489319e+03  6.44072462e+01  1.58489319e+03 -3.69589041e-01 
 1.71132830e+03  6.44072204e+01  1.71132830e+03 -3.99072336e-01 
 1.84784980e+03  6.44071904e+01  1.84784980e+03 -4.30907481e-01 
 1.99526231e+03  6.44071555e+01  1.99526231e+03 -4.65282046e-01 
 2.15443469e+03  6.44071149e+01  2.15443469e+03 -5.02398551e-01 
 2.32630507e+03  6.44070674e+01  2.32630507e+03 -5.42475656e-01 
 2.51188643e+03  6.44070121e+01  2.51188643e+03 -5.85749447e-01 
 2.71227258e+03  6.44069476e+01  2.71227258e+03 -6.32474819e-01 
 2.92864456e+03  6.44068724e+01  2.92864456e+03 -6.82926967e-01 
 3.16227766e+03  6.44067847e+01  3.16227766e+03 -7.37403004e-01 
 3.41454887e+03  6.44066825e+01  3.41454887e+03 -7.96223691e-01 
 3.68694506e+03  6.44065633e+01  3.68694506e+03 -8.59735314e-01 
 3.98107171e+03  6.44064243e+01  3.98107171e+03 -9.28311703e-01 
 4.29866235e+03  6.44062623e+01  4.29866235e+03 -1.00235643e+00 
 4.64158883e+03  6.44060735e+01  4.64158883e+03 -1.08230512e+00 
 5.01187234e+03  6.44058532e+01  5.01187234e+03 -1.16862797e+00 
 5.41169527e+03  6.44055969e+01  5.41169527e+03 -1.26183254e+00 
 5.84341413e+03  6.44052974e+01  5.84341413e+03 -1.36246658e+00 
 6.30957344e+03  6.44049484e+01  6.30957344e+03 -1.47112126e+00 
 6.81292069e+03  6.44045416e+01  6.81292069e+03 -1.58843446e+00 
 7.35642254e+03  6.44040673e+01  7.35642254e+03 -1.71509451e+00 
 7.94328235e+03  6.44035145e+01  7.94328235e+03 -1.85184402e+00 
 8.57695899e+03  6.44028702e+01  8.57695899e+03 -1.99948399e+00 
 9.26118728e+03  6.44021186e+01  9.26118728e+03 -2.15887835e+00 
 1.00000000e+04  6.44012427e+01  1.00000000e+04 -2.33095873e+00 
 1.07977516e+04  6.44002219e+01  1.07977516e+04 -2.51672954e+00 
 1.16591440e+04  6.43990318e+01  1.16591440e+04 -2.71727318e+00 
 1.25892541e+04  6.43976450e+01  1.25892541e+04 -2.93375609e+00 
 1.35935639e+04  6.43960280e+01  1.35935639e+04 -3.16743457e+00 
 1.46779927e+04  6.43941445e+01  1.46779927e+04 -3.41966114e+00 
 1.58489319e+04  6.43919486e+01  1.58489319e+04 -3.69189138e+00 
 1.71132830e+04  6.43893898e+01  1.71132830e+04 -3.98569066e+00 
 1.84784980e+04  6.43864092e+01  1.84784980e+04 -4.30274176e+00 
 1.99526231e+04  6.43829359e+01  1.99526231e+04 -4.64485135e+00 
 2.15443469e+04  6.43788896e+01  2.15443469e+04 -5.01395866e+00 
 2.32630507e+04  6.43741771e+01  2.32630507e+04 -5.41214177e+00 
 2.51188643e+04  6.43686892e+01  2.51188643e+04 -5.84162567e+00 
 2.71227258e+04  6.43622999e+01  2.71227258e+04 -6.30478814e+00 
 2.92864456e+04  6.43548613e+01  2.92864456e+04 -6.80416741e+00 
 3.16227766e+04  6.43462057e+01  3.16227766e+04 -7.34246631e+00 
 3.41454887e+04  6.43361350e+01  3.41454887e+04 -7.92255635e+00 
 3.68694506e+04  6.43244222e+01  3.68694506e+04 -8.54747984e+00 
 3.98107171e+04  6.43108064e+01  3.98107171e+04 -9.22044960e+00 
 4.29866235e+04  6.42949849e+01  4.29866235e+04 -9.94484484e+00 
 4.64158883e+04  6.42766097e+01  4.64158883e+04 -1.07242034e+01 
 5.01187234e+04  6.42552839e+01  5.01187234e+04 -1.15622086e+01 
 5.41169527e+04  6.42305502e+01  5.41169527e+04 -1.24626691e+01 
 5.84341413e+04  6.42018880e+01  5.84341413e+04 -1.34294920e+01 
 6.30957344e+04  6.41687064e+01  6.30957344e+04 -1.44666449e+01 
 6.81292069e+04  6.41303362e+01  6.81292069e+04 -1.55781088e+01 
 7.35642254e+04  6.40860200e+01  7.35642254e+04 -1.67678147e+01 
 7.94328235e+04  6.40349122e+01  7.94328235e+04 -1.80395725e+01 
 8.57695899e+04  6.39760709e+01  8.57695899e+04 -1.93969748e+01 
 9.26118728e+04  6.39084522e+01  9.26118728e+04 -2.08432938e+01 
 1.00000000e+05  6.38309140e+01  1.00000000e+05 -2.23813572e+01 
 1.07977516e+05  6.37422136e+01  1.07977516e+05 -2.40134082e+01 
 1.16591440e+05  6.36410198e+01  1.16591440e+05 -2.57409597e+01 
 1.25892541e+05  6.35259206e+01  1.25892541e+05 -2.75646364e+01 
 1.35935639e+05  6.33954417e+01  1.35935639e+05 -2.94840224e+01 
 1.46779927e+05  6.32480730e+01  1.46779927e+05 -3.14975194e+01 
 1.58489319e+05  6.30822965e+01  1.58489319e+05 -3.36022278e+01 
 1.71132830e+05  6.28966264e+01  1.71132830e+05 -3.57938683e+01 
 1.84784980e+05  6.26896513e+01  1.84784980e+05 -3.80667509e+01 
 1.99526231e+05  6.24600748e+01  1.99526231e+05 -4.04138120e+01 
 2.15443469e+05  6.22067690e+01  2.15443469e+05 -4.28267254e+01 
 2.32630507e+05  6.19288120e+01  2.32630507e+05 -4.52960851e+01 
 2.51188643e+05  6.16255288e+01  2.51188643e+05 -4.78116686e+01 
 2.71227258e+05  6.12965154e+01  2.71227258e+05 -5.03627562e+01 
 2.92864456e+05  6.09416609e+01  2.92864456e+05 -5.29384965e+01 
 3.16227766e+05  6.05611430e+01  3.16227766e+05 -5.55282941e+01 
 3.41454887e+05  6.01554212e+01  3.41454887e+05 -5.81221847e+01 
 3.68694506e+05  5.97252123e+01  3.68694506e+05 -6.07111836e+01 
 3.98107171e+05  5.92714496e+01  3.98107171e+05 -6.32875818e+01 
 4.29866235e+05  5.87952464e+01  4.29866235e+05 -6.58451647e+01 
 4.64158883e+05  5.82978460e+01  4.64158883e+05 -6.83793674e+01 
 5.01187234e+05  5.77805701e+01  5.01187234e+05 -7.08873456e+01 
 5.41169527e+05  5.72447783e+01  5.41169527e+05 -7.33679796e+01 
 5.84341413e+05  5.66918159e+01  5.84341413e+05 -7.58218221e+01 
 6.30957344e+05  5.61229877e+01  6.30957344e+05 -7.82509957e+01 
 6.81292069e+05  5.55395178e+01  6.81292069e+05 -8.06590638e+01 
 7.35642254e+05  5.49425280e+01  7.35642254e+05 -8.30508781e+01 
 7.94328235e+05  5.43330202e+01  7.94328235e+05 -8.54324178e+01 
 8.57695899e+05  5.37118590e+01  8.57695899e+05 -8.78106285e+01 
 9.26118728e+05  5.30797655e+01  9.26118728e+05 -9.01932614e+01 
 1.00000000e+06  5.24373072e+01  1.00000000e+06 -9.25887249e+01 
 1.07977516e+06  5.17849026e+01  1.07977516e+06 -9.50059337e+01 
 1.16591440e+06  5.11228124e+01  1.16591440e+06 -9.74541733e+01 
 1.25892541e+06  5.04511419e+01  1.25892541e+06 -9.99429620e+01 
 1.35935639e+06  4.97698460e+01  1.35935639e+06 -1.02481916e+02 
 1.46779927e+06  4.90787317e+01  1.46779927e+06 -1.05080610e+02 
 1.58489319e+06  4.83774625e+01  1.58489319e+06 -1.07748436e+02 
 1.71132830e+06  4.76655714e+01  1.71132830e+06 -1.10494445e+02 
 1.84784980e+06  4.69424631e+01  1.84784980e+06 -1.13327195e+02 
 1.99526231e+06  4.62074388e+01  1.99526231e+06 -1.16254571e+02 
 2.15443469e+06  4.54597046e+01  2.15443469e+06 -1.19283613e+02 
 2.32630507e+06  4.46984098e+01  2.32630507e+06 -1.22420327e+02 
 2.51188643e+06  4.39226638e+01  2.51188643e+06 -1.25669513e+02 
 2.71227258e+06  4.31315756e+01  2.71227258e+06 -1.29034606e+02 
 2.92864456e+06  4.23243087e+01  2.92864456e+06 -1.32517510e+02 
 3.16227766e+06  4.15001061e+01  3.16227766e+06 -1.36118527e+02 
 3.41454887e+06  4.06583593e+01  3.41454887e+06 -1.39836271e+02 
 3.68694506e+06  3.97986451e+01  3.68694506e+06 -1.43667688e+02 
 3.98107171e+06  3.89207752e+01  3.98107171e+06 -1.47608115e+02 
 4.29866235e+06  3.80248344e+01  4.29866235e+06 -1.51651404e+02 
 4.64158883e+06  3.71112000e+01  4.64158883e+06 -1.55790129e+02 
 5.01187234e+06  3.61805535e+01  5.01187234e+06 -1.60015811e+02 
 5.41169527e+06  3.52338695e+01  5.41169527e+06 -1.64319190e+02 
 5.84341413e+06  3.42723753e+01  5.84341413e+06 -1.68690531e+02 
 6.30957344e+06  3.32974998e+01  6.30957344e+06 -1.73119911e+02 
 6.81292069e+06  3.23107901e+01  6.81292069e+06 -1.77597535e+02 
 7.35642254e+06  3.13138191e+01  7.35642254e+06 -1.82114015e+02 
 7.94328235e+06  3.03080612e+01  7.94328235e+06 -1.86660748e+02 
 8.57695899e+06  2.92947736e+01  8.57695899e+06 -1.91230255e+02 
 9.26118728e+06  2.82748608e+01  9.26118728e+06 -1.95816652e+02 
 1.00000000e+07  2.72487380e+01  1.00000000e+07 -2.00416247e+02 
 1.07977516e+07  2.62161907e+01  1.07977516e+07 -2.05028346e+02 
 1.16591440e+07  2.51762501e+01  1.16591440e+07 -2.09656275e+02 
 1.25892541e+07  2.41270642e+01  1.25892541e+07 -2.14308832e+02 
 1.35935639e+07  2.30657871e+01  1.35935639e+07 -2.19002223e+02 
 1.46779927e+07  2.19884835e+01  1.46779927e+07 -2.23762781e+02 
 1.58489319e+07  2.08900766e+01  1.58489319e+07 -2.28630761e+02 
 1.71132830e+07  1.97643744e+01  1.71132830e+07 -2.33665867e+02 
 1.84784980e+07  1.86042863e+01  1.84784980e+07 -2.38955344e+02 
 1.99526231e+07  1.74024606e+01  1.99526231e+07 -2.44625969e+02 
 2.15443469e+07  1.61528668e+01  2.15443469e+07 -2.50861592e+02 
 2.32630507e+07  1.48544486e+01  2.32630507e+07 -2.57927244e+02 
 2.51188643e+07  1.35191293e+01  2.51188643e+07 -2.66196201e+02 
 2.71227258e+07  1.21880315e+01  2.71227258e+07 -2.76157844e+02 
 2.92864456e+07  1.09587464e+01  2.92864456e+07 -2.88332331e+02 
 3.16227766e+07  1.00103517e+01  3.16227766e+07 -3.02941432e+02 
 3.41454887e+07  9.56832564e+00  3.41454887e+07 -3.19307349e+02 
 3.68694506e+07  9.75714387e+00  3.68694506e+07 -3.35646245e+02 
 3.98107171e+07  1.04809708e+01  3.98107171e+07 -3.50064408e+02 
 4.29866235e+07  1.15157482e+01  4.29866235e+07 -3.61699706e+02 
 4.64158883e+07  1.26678181e+01  4.64158883e+07 -3.70677759e+02 
 5.01187234e+07  1.38257424e+01  5.01187234e+07 -3.77505263e+02 
 5.41169527e+07  1.49395685e+01  5.41169527e+07 -3.82689973e+02 
 5.84341413e+07  1.59922817e+01  5.84341413e+07 -3.86628679e+02 
 6.30957344e+07  1.69819752e+01  6.30957344e+07 -3.89607263e+02 
 6.81292069e+07  1.79129166e+01  6.81292069e+07 -3.91826876e+02 
 7.35642254e+07  1.87914710e+01  7.35642254e+07 -3.93428693e+02 
 7.94328235e+07  1.96243510e+01  7.94328235e+07 -3.94511998e+02 
 8.57695899e+07  2.04179178e+01  8.57695899e+07 -3.95146271e+02 
 9.26118728e+07  2.11779300e+01  9.26118728e+07 -3.95378942e+02 
 1.00000000e+08  2.19094555e+01  1.00000000e+08 -3.95240174e+02 
 1.07977516e+08  2.26168076e+01  1.07977516e+08 -3.94745703e+02 
 1.16591440e+08  2.33034284e+01  1.16591440e+08 -3.93898453e+02 
 1.25892541e+08  2.39716735e+01  1.25892541e+08 -3.92689479e+02 
 1.35935639e+08  2.46224682e+01  1.35935639e+08 -3.91098814e+02 
 1.46779927e+08  2.52548201e+01  1.46779927e+08 -3.89096815e+02 
 1.58489319e+08  2.58652067e+01  1.58489319e+08 -3.86646755e+02 
 1.71132830e+08  2.64469131e+01  1.71132830e+08 -3.83709505e+02 
 1.84784980e+08  2.69894840e+01  1.84784980e+08 -3.80251114e+02 
 1.99526231e+08  2.74785786e+01  1.99526231e+08 -3.76253567e+02 
 2.15443469e+08  2.78966084e+01  2.15443469e+08 -3.71727790e+02 
 2.32630507e+08  2.82244956e+01  2.32630507e+08 -3.66725875e+02 
 2.51188643e+08  2.84445690e+01  2.51188643e+08 -3.61347522e+02 
 2.71227258e+08  2.85440053e+01  2.71227258e+08 -3.55735524e+02 
 2.92864456e+08  2.85176480e+01  2.92864456e+08 -3.50058605e+02 
 3.16227766e+08  2.83690300e+01  3.16227766e+08 -3.44486152e+02 
 3.41454887e+08  2.81092044e+01  3.41454887e+08 -3.39163911e+02 
 3.68694506e+08  2.77540397e+01  3.68694506e+08 -3.34198836e+02 
 3.98107171e+08  2.73211780e+01  3.98107171e+08 -3.29655703e+02 
 4.29866235e+08  2.68276298e+01  4.29866235e+08 -3.25562727e+02 
 4.64158883e+08  2.62883718e+01  4.64158883e+08 -3.21921223e+02 
 5.01187234e+08  2.57158296e+01  5.01187234e+08 -3.18715326e+02 
 5.41169527e+08  2.51199287e+01  5.41169527e+08 -3.15919745e+02 
 5.84341413e+08  2.45084190e+01  5.84341413e+08 -3.13505106e+02 
 6.30957344e+08  2.38872766e+01  6.30957344e+08 -3.11441266e+02 
 6.81292069e+08  2.32610832e+01  6.81292069e+08 -3.09699189e+02 
 7.35642254e+08  2.26333446e+01  7.35642254e+08 -3.08251900e+02 
 7.94328235e+08  2.20067467e+01  7.94328235e+08 -3.07074916e+02 
 8.57695899e+08  2.13833543e+01  8.57695899e+08 -3.06146376e+02 
 9.26118728e+08  2.07647686e+01  9.26118728e+08 -3.05447012e+02 
 1.00000000e+09  2.01522527e+01  1.00000000e+09 -3.04960036e+02 
