 1.00000000e+00  6.18146079e+01  1.00000000e+00 -1.77532326e-04 
 1.07977516e+00  6.18146079e+01  1.07977516e+00 -1.91694997e-04 
 1.16591440e+00  6.18146079e+01  1.16591440e+00 -2.06987496e-04 
 1.25892541e+00  6.18146079e+01  1.25892541e+00 -2.23499957e-04 
 1.35935639e+00  6.18146079e+01  1.35935639e+00 -2.41329703e-04 
 1.46779927e+00  6.18146079e+01  1.46779927e+00 -2.60581819e-04 
 1.58489319e+00  6.18146079e+01  1.58489319e+00 -2.81369776e-04 
 1.71132830e+00  6.18146079e+01  1.71132830e+00 -3.03816095e-04 
 1.84784980e+00  6.18146079e+01  1.84784980e+00 -3.28053074e-04 
 1.99526231e+00  6.18146079e+01  1.99526231e+00 -3.54223561e-04 
 2.15443469e+00  6.18146079e+01  2.15443469e+00 -3.82481803e-04 
 2.32630507e+00  6.18146079e+01  2.32630507e+00 -4.12994351e-04 
 2.51188643e+00  6.18146079e+01  2.51188643e+00 -4.45941042e-04 
 2.71227258e+00  6.18146079e+01  2.71227258e+00 -4.81516061e-04 
 2.92864456e+00  6.18146079e+01  2.92864456e+00 -5.19929083e-04 
 3.16227766e+00  6.18146079e+01  3.16227766e+00 -5.61406510e-04 
 3.41454887e+00  6.18146079e+01  3.41454887e+00 -6.06192805e-04 
 3.68694506e+00  6.18146079e+01  3.68694506e+00 -6.54551935e-04 
 3.98107171e+00  6.18146079e+01  3.98107171e+00 -7.06768922e-04 
 4.29866235e+00  6.18146079e+01  4.29866235e+00 -7.63151527e-04 
 4.64158883e+00  6.18146079e+01  4.64158883e+00 -8.24032064e-04 
 5.01187234e+00  6.18146079e+01  5.01187234e+00 -8.89769356e-04 
 5.41169527e+00  6.18146079e+01  5.41169527e+00 -9.60750850e-04 
 5.84341413e+00  6.18146079e+01  5.84341413e+00 -1.03739491e-03 
 6.30957344e+00  6.18146079e+01  6.30957344e+00 -1.12015325e-03 
 6.81292069e+00  6.18146079e+01  6.81292069e+00 -1.20951366e-03 
 7.35642254e+00  6.18146079e+01  7.35642254e+00 -1.30600281e-03 
 7.94328235e+00  6.18146079e+01  7.94328235e+00 -1.41018939e-03 
 8.57695899e+00  6.18146079e+01  8.57695899e+00 -1.52268748e-03 
 9.26118728e+00  6.18146079e+01  9.26118728e+00 -1.64416012e-03 
 1.00000000e+01  6.18146079e+01  1.00000000e+01 -1.77532326e-03 
 1.07977516e+01  6.18146079e+01  1.07977516e+01 -1.91694997e-03 
 1.16591440e+01  6.18146079e+01  1.16591440e+01 -2.06987496e-03 
 1.25892541e+01  6.18146079e+01  1.25892541e+01 -2.23499957e-03 
 1.35935639e+01  6.18146079e+01  1.35935639e+01 -2.41329702e-03 
 1.46779927e+01  6.18146079e+01  1.46779927e+01 -2.60581819e-03 
 1.58489319e+01  6.18146079e+01  1.58489319e+01 -2.81369775e-03 
 1.71132830e+01  6.18146079e+01  1.71132830e+01 -3.03816095e-03 
 1.84784980e+01  6.18146079e+01  1.84784980e+01 -3.28053073e-03 
 1.99526231e+01  6.18146079e+01  1.99526231e+01 -3.54223560e-03 
 2.15443469e+01  6.18146079e+01  2.15443469e+01 -3.82481802e-03 
 2.32630507e+01  6.18146079e+01  2.32630507e+01 -4.12994350e-03 
 2.51188643e+01  6.18146079e+01  2.51188643e+01 -4.45941041e-03 
 2.71227258e+01  6.18146079e+01  2.71227258e+01 -4.81516060e-03 
 2.92864456e+01  6.18146079e+01  2.92864456e+01 -5.19929082e-03 
 3.16227766e+01  6.18146079e+01  3.16227766e+01 -5.61406509e-03 
 3.41454887e+01  6.18146079e+01  3.41454887e+01 -6.06192804e-03 
 3.68694506e+01  6.18146079e+01  3.68694506e+01 -6.54551933e-03 
 3.98107171e+01  6.18146079e+01  3.98107171e+01 -7.06768919e-03 
 4.29866235e+01  6.18146079e+01  4.29866235e+01 -7.63151524e-03 
 4.64158883e+01  6.18146079e+01  4.64158883e+01 -8.24032060e-03 
 5.01187234e+01  6.18146078e+01  5.01187234e+01 -8.89769351e-03 
 5.41169527e+01  6.18146078e+01  5.41169527e+01 -9.60750844e-03 
 5.84341413e+01  6.18146078e+01  5.84341413e+01 -1.03739490e-02 
 6.30957344e+01  6.18146078e+01  6.30957344e+01 -1.12015324e-02 
 6.81292069e+01  6.18146078e+01  6.81292069e+01 -1.20951365e-02 
 7.35642254e+01  6.18146077e+01  7.35642254e+01 -1.30600279e-02 
 7.94328235e+01  6.18146077e+01  7.94328235e+01 -1.41018937e-02 
 8.57695899e+01  6.18146077e+01  8.57695899e+01 -1.52268746e-02 
 9.26118728e+01  6.18146076e+01  9.26118728e+01 -1.64416009e-02 
 1.00000000e+02  6.18146076e+01  1.00000000e+02 -1.77532322e-02 
 1.07977516e+02  6.18146075e+01  1.07977516e+02 -1.91694992e-02 
 1.16591440e+02  6.18146075e+01  1.16591440e+02 -2.06987490e-02 
 1.25892541e+02  6.18146074e+01  1.25892541e+02 -2.23499949e-02 
 1.35935639e+02  6.18146073e+01  1.35935639e+02 -2.41329692e-02 
 1.46779927e+02  6.18146072e+01  1.46779927e+02 -2.60581806e-02 
 1.58489319e+02  6.18146071e+01  1.58489319e+02 -2.81369759e-02 
 1.71132830e+02  6.18146069e+01  1.71132830e+02 -3.03816075e-02 
 1.84784980e+02  6.18146068e+01  1.84784980e+02 -3.28053048e-02 
 1.99526231e+02  6.18146066e+01  1.99526231e+02 -3.54223528e-02 
 2.15443469e+02  6.18146064e+01  2.15443469e+02 -3.82481762e-02 
 2.32630507e+02  6.18146061e+01  2.32630507e+02 -4.12994299e-02 
 2.51188643e+02  6.18146058e+01  2.51188643e+02 -4.45940977e-02 
 2.71227258e+02  6.18146055e+01  2.71227258e+02 -4.81515980e-02 
 2.92864456e+02  6.18146050e+01  2.92864456e+02 -5.19928980e-02 
 3.16227766e+02  6.18146046e+01  3.16227766e+02 -5.61406381e-02 
 3.41454887e+02  6.18146040e+01  3.41454887e+02 -6.06192643e-02 
 3.68694506e+02  6.18146034e+01  3.68694506e+02 -6.54551730e-02 
 3.98107171e+02  6.18146026e+01  3.98107171e+02 -7.06768664e-02 
 4.29866235e+02  6.18146017e+01  4.29866235e+02 -7.63151203e-02 
 4.64158883e+02  6.18146007e+01  4.64158883e+02 -8.24031656e-02 
 5.01187234e+02  6.18145995e+01  5.01187234e+02 -8.89768841e-02 
 5.41169527e+02  6.18145981e+01  5.41169527e+02 -9.60750203e-02 
 5.84341413e+02  6.18145964e+01  5.84341413e+02 -1.03739409e-01 
 6.30957344e+02  6.18145945e+01  6.30957344e+02 -1.12015223e-01 
 6.81292069e+02  6.18145923e+01  6.81292069e+02 -1.20951237e-01 
 7.35642254e+02  6.18145897e+01  7.35642254e+02 -1.30600118e-01 
 7.94328235e+02  6.18145867e+01  7.94328235e+02 -1.41018735e-01 
 8.57695899e+02  6.18145832e+01  8.57695899e+02 -1.52268491e-01 
 9.26118728e+02  6.18145791e+01  9.26118728e+02 -1.64415688e-01 
 1.00000000e+03  6.18145743e+01  1.00000000e+03 -1.77531918e-01 
 1.07977516e+03  6.18145687e+01  1.07977516e+03 -1.91694483e-01 
 1.16591440e+03  6.18145622e+01  1.16591440e+03 -2.06986849e-01 
 1.25892541e+03  6.18145546e+01  1.25892541e+03 -2.23499142e-01 
 1.35935639e+03  6.18145458e+01  1.35935639e+03 -2.41328677e-01 
 1.46779927e+03  6.18145354e+01  1.46779927e+03 -2.60580527e-01 
 1.58489319e+03  6.18145234e+01  1.58489319e+03 -2.81368150e-01 
 1.71132830e+03  6.18145093e+01  1.71132830e+03 -3.03814046e-01 
 1.84784980e+03  6.18144929e+01  1.84784980e+03 -3.28050492e-01 
 1.99526231e+03  6.18144739e+01  1.99526231e+03 -3.54220311e-01 
 2.15443469e+03  6.18144516e+01  2.15443469e+03 -3.82477713e-01 
 2.32630507e+03  6.18144257e+01  2.32630507e+03 -4.12989203e-01 
 2.51188643e+03  6.18143955e+01  2.51188643e+03 -4.45934563e-01 
 2.71227258e+03  6.18143603e+01  2.71227258e+03 -4.81507906e-01 
 2.92864456e+03  6.18143192e+01  2.92864456e+03 -5.19918817e-01 
 3.16227766e+03  6.18142714e+01  3.16227766e+03 -5.61393587e-01 
 3.41454887e+03  6.18142155e+01  3.41454887e+03 -6.06176536e-01 
 3.68694506e+03  6.18141505e+01  3.68694506e+03 -6.54531458e-01 
 3.98107171e+03  6.18140744e+01  3.98107171e+03 -7.06743131e-01 
 4.29866235e+03  6.18139860e+01  4.29866235e+03 -7.63119064e-01 
 4.64158883e+03  6.18138830e+01  4.64158883e+03 -8.23991201e-01 
 5.01187234e+03  6.18137627e+01  5.01187234e+03 -8.89717908e-01 
 5.41169527e+03  6.18136223e+01  5.41169527e+03 -9.60686084e-01 
 5.84341413e+03  6.18134589e+01  5.84341413e+03 -1.03731338e+00 
 6.30957344e+03  6.18132682e+01  6.30957344e+03 -1.12005062e+00 
 6.81292069e+03  6.18130459e+01  6.81292069e+03 -1.20938445e+00 
 7.35642254e+03  6.18127869e+01  7.35642254e+03 -1.30584015e+00 
 7.94328235e+03  6.18124848e+01  7.94328235e+03 -1.40998463e+00 
 8.57695899e+03  6.18121327e+01  8.57695899e+03 -1.52242972e+00 
 9.26118728e+03  6.18117220e+01  9.26118728e+03 -1.64383562e+00 
 1.00000000e+04  6.18112434e+01  1.00000000e+04 -1.77491477e+00 
 1.07977516e+04  6.18106854e+01  1.07977516e+04 -1.91643573e+00 
 1.16591440e+04  6.18100351e+01  1.16591440e+04 -2.06922765e+00 
 1.25892541e+04  6.18092767e+01  1.25892541e+04 -2.23418473e+00 
 1.35935639e+04  6.18083928e+01  1.35935639e+04 -2.41227134e+00 
 1.46779927e+04  6.18073624e+01  1.46779927e+04 -2.60452711e+00 
 1.58489319e+04  6.18061615e+01  1.58489319e+04 -2.81207265e+00 
 1.71132830e+04  6.18047616e+01  1.71132830e+04 -3.03611544e+00 
 1.84784980e+04  6.18031304e+01  1.84784980e+04 -3.27795621e+00 
 1.99526231e+04  6.18012295e+01  1.99526231e+04 -3.53899523e+00 
 2.15443469e+04  6.17990137e+01  2.15443469e+04 -3.82073991e+00 
 2.32630507e+04  6.17964315e+01  2.32630507e+04 -4.12481130e+00 
 2.51188643e+04  6.17934232e+01  2.51188643e+04 -4.45295207e+00 
 2.71227258e+04  6.17899179e+01  2.71227258e+04 -4.80703387e+00 
 2.92864456e+04  6.17858346e+01  2.92864456e+04 -5.18906559e+00 
 3.16227766e+04  6.17810786e+01  3.16227766e+04 -5.60120073e+00 
 3.41454887e+04  6.17755405e+01  3.41454887e+04 -6.04574511e+00 
 3.68694506e+04  6.17690922e+01  3.68694506e+04 -6.52516429e+00 
 3.98107171e+04  6.17615858e+01  3.98107171e+04 -7.04209021e+00 
 4.29866235e+04  6.17528505e+01  4.29866235e+04 -7.59932671e+00 
 4.64158883e+04  6.17426874e+01  4.64158883e+04 -8.19985418e+00 
 5.01187234e+04  6.17308680e+01  5.01187234e+04 -8.84683224e+00 
 5.41169527e+04  6.17171268e+01  5.41169527e+04 -9.54359899e+00 
 5.84341413e+04  6.17011608e+01  5.84341413e+04 -1.02936686e+01 
 6.30957344e+04  6.16826188e+01  6.30957344e+04 -1.11007234e+01 
 6.81292069e+04  6.16610986e+01  6.81292069e+04 -1.19686020e+01 
 7.35642254e+04  6.16361394e+01  7.35642254e+04 -1.29012787e+01 
 7.94328235e+04  6.16072173e+01  7.94328235e+04 -1.39028379e+01 
 8.57695899e+04  6.15737347e+01  8.57695899e+04 -1.49774369e+01 
 9.26118728e+04  6.15350168e+01  9.26118728e+04 -1.61292586e+01 
 1.00000000e+05  6.14903017e+01  1.00000000e+05 -1.73624500e+01 
 1.07977516e+05  6.14387347e+01  1.07977516e+05 -1.86810495e+01 
 1.16591440e+05  6.13793654e+01  1.16591440e+05 -2.00888943e+01 
 1.25892541e+05  6.13111441e+01  1.25892541e+05 -2.15895162e+01 
 1.35935639e+05  6.12329156e+01  1.35935639e+05 -2.31860173e+01 
 1.46779927e+05  6.11434297e+01  1.46779927e+05 -2.48809341e+01 
 1.58489319e+05  6.10413440e+01  1.58489319e+05 -2.66760907e+01 
 1.71132830e+05  6.09252329e+01  1.71132830e+05 -2.85724439e+01 
 1.84784980e+05  6.07936125e+01  1.84784980e+05 -3.05699315e+01 
 1.99526231e+05  6.06449592e+01  1.99526231e+05 -3.26673347e+01 
 2.15443469e+05  6.04777419e+01  2.15443469e+05 -3.48621610e+01 
 2.32630507e+05  6.02904618e+01  2.32630507e+05 -3.71505701e+01 
 2.51188643e+05  6.00816899e+01  2.51188643e+05 -3.95273491e+01 
 2.71227258e+05  5.98501175e+01  2.71227258e+05 -4.19859529e+01 
 2.92864456e+05  5.95945979e+01  2.92864456e+05 -4.45186189e+01 
 3.16227766e+05  5.93141898e+01  3.16227766e+05 -4.71165585e+01 
 3.41454887e+05  5.90081934e+01  3.41454887e+05 -4.97702224e+01 
 3.68694506e+05  5.86761793e+01  3.68694506e+05 -5.24696244e+01 
 3.98107171e+05  5.83180024e+01  3.98107171e+05 -5.52047105e+01 
 4.29866235e+05  5.79337987e+01  4.29866235e+05 -5.79657454e+01 
 4.64158883e+05  5.75239786e+01  4.64158883e+05 -6.07436906e+01 
 5.01187234e+05  5.70891976e+01  5.01187234e+05 -6.35305483e+01 
 5.41169527e+05  5.66303183e+01  5.41169527e+05 -6.63196517e+01 
 5.84341413e+05  5.61483654e+01  5.84341413e+05 -6.91058847e+01 
 6.30957344e+05  5.56444788e+01  6.30957344e+05 -7.18858199e+01 
 6.81292069e+05  5.51198649e+01  6.81292069e+05 -7.46577858e+01 
 7.35642254e+05  5.45757399e+01  7.35642254e+05 -7.74218587e+01 
 7.94328235e+05  5.40132937e+01  7.94328235e+05 -8.01797903e+01 
 8.57695899e+05  5.34336465e+01  8.57695899e+05 -8.29348909e+01 
 9.26118728e+05  5.28378161e+01  9.26118728e+05 -8.56918750e+01 
 1.00000000e+06  5.22266954e+01  1.00000000e+06 -8.84566784e+01 
 1.07977516e+06  5.16010256e+01  1.07977516e+06 -9.12362673e+01 
 1.16591440e+06  5.09613920e+01  1.16591440e+06 -9.40384265e+01 
 1.25892541e+06  5.03082013e+01  1.25892541e+06 -9.68715600e+01 
 1.35935639e+06  4.96416906e+01  1.35935639e+06 -9.97444731e+01 
 1.46779927e+06  4.89619186e+01  1.46779927e+06 -1.02666164e+02 
 1.58489319e+06  4.82687787e+01  1.58489319e+06 -1.05645607e+02 
 1.71132830e+06  4.75619996e+01  1.71132830e+06 -1.08691540e+02 
 1.84784980e+06  4.68411641e+01  1.84784980e+06 -1.11812248e+02 
 1.99526231e+06  4.61057277e+01  1.99526231e+06 -1.15015343e+02 
 2.15443469e+06  4.53550419e+01  2.15443469e+06 -1.18307558e+02 
 2.32630507e+06  4.45883897e+01  2.32630507e+06 -1.21694534e+02 
 2.51188643e+06  4.38050170e+01  2.51188643e+06 -1.25180642e+02 
 2.71227258e+06  4.30041800e+01  2.71227258e+06 -1.28768823e+02 
 2.92864456e+06  4.21851971e+01  2.92864456e+06 -1.32460462e+02 
 3.16227766e+06  4.13474921e+01  3.16227766e+06 -1.36255332e+02 
 3.41454887e+06  4.04906519e+01  3.41454887e+06 -1.40151582e+02 
 3.68694506e+06  3.96144806e+01  3.68694506e+06 -1.44145780e+02 
 3.98107171e+06  3.87190331e+01  3.98107171e+06 -1.48233059e+02 
 4.29866235e+06  3.78046532e+01  4.29866235e+06 -1.52407292e+02 
 4.64158883e+06  3.68719916e+01  4.64158883e+06 -1.56661319e+02 
 5.01187234e+06  3.59219989e+01  5.01187234e+06 -1.60987231e+02 
 5.41169527e+06  3.49559044e+01  5.41169527e+06 -1.65376652e+02 
 5.84341413e+06  3.39751755e+01  5.84341413e+06 -1.69821007e+02 
 6.30957344e+06  3.29814442e+01  6.30957344e+06 -1.74311825e+02 
 6.81292069e+06  3.19764252e+01  6.81292069e+06 -1.78840989e+02 
 7.35642254e+06  3.09618119e+01  7.35642254e+06 -1.83401002e+02 
 7.94328235e+06  2.99391588e+01  7.94328235e+06 -1.87985289e+02 
 8.57695899e+06  2.89097548e+01  8.57695899e+06 -1.92588542e+02 
 9.26118728e+06  2.78744926e+01  9.26118728e+06 -1.97207174e+02 
 1.00000000e+07  2.68337390e+01  1.00000000e+07 -2.01839915e+02 
 1.07977516e+07  2.57872001e+01  1.07977516e+07 -2.06488670e+02 
 1.16591440e+07  2.47338027e+01  1.16591440e+07 -2.11159638e+02 
 1.25892541e+07  2.36715804e+01  1.25892541e+07 -2.15864875e+02 
 1.35935639e+07  2.25975770e+01  1.35935639e+07 -2.20624453e+02 
 1.46779927e+07  2.15077805e+01  1.46779927e+07 -2.25469454e+02 
 1.58489319e+07  2.03971167e+01  1.58489319e+07 -2.30446197e+02 
 1.71132830e+07  1.92595607e+01  1.71132830e+07 -2.35622362e+02 
 1.84784980e+07  1.80885193e+01  1.84784980e+07 -2.41095832e+02 
 1.99526231e+07  1.68777782e+01  1.99526231e+07 -2.47007612e+02 
 2.15443469e+07  1.56236808e+01  2.15443469e+07 -2.53559974e+02 
 2.32630507e+07  1.43298878e+01  2.32630507e+07 -2.61039304e+02 
 2.51188643e+07  1.30172183e+01  2.51188643e+07 -2.69835369e+02 
 2.71227258e+07  1.17419361e+01  2.71227258e+07 -2.80423275e+02 
 2.92864456e+07  1.06214631e+01  2.92864456e+07 -2.93218491e+02 
 3.16227766e+07  9.84373244e+00  3.16227766e+07 -3.08181587e+02 
 3.41454887e+07  9.60103510e+00  3.41454887e+07 -3.24316778e+02 
 3.68694506e+07  9.94665585e+00  3.68694506e+07 -3.39824585e+02 
 3.98107171e+07  1.07433849e+01  3.98107171e+07 -3.53184812e+02 
 4.29866235e+07  1.17833665e+01  4.29866235e+07 -3.63889174e+02 
 4.64158883e+07  1.29068918e+01  4.64158883e+07 -3.72177582e+02 
 5.01187234e+07  1.40257853e+01  5.01187234e+07 -3.78528130e+02 
 5.41169527e+07  1.51010182e+01  5.41169527e+07 -3.83388054e+02 
 5.84341413e+07  1.61195361e+01  5.84341413e+07 -3.87103176e+02 
 6.30957344e+07  1.70803170e+01  6.30957344e+07 -3.89924013e+02 
 6.81292069e+07  1.79873458e+01  6.81292069e+07 -3.92028535e+02 
 7.35642254e+07  1.88463463e+01  7.35642254e+07 -3.93542843e+02 
 7.94328235e+07  1.96633428e+01  7.94328235e+07 -3.94556256e+02 
 8.57695899e+07  2.04440651e+01  8.57695899e+07 -3.95131453e+02 
 9.26118728e+07  2.11937171e+01  9.26118728e+07 -3.95311024e+02 
 1.00000000e+08  2.19168776e+01  1.00000000e+08 -3.95121514e+02 
 1.07977516e+08  2.26174115e+01  1.07977516e+08 -3.94575815e+02 
 1.16591440e+08  2.32983257e+01  1.16591440e+08 -3.93674529e+02 
 1.25892541e+08  2.39615253e+01  1.25892541e+08 -3.92406811e+02 
 1.35935639e+08  2.46074412e+01  1.35935639e+08 -3.90751245e+02 
 1.46779927e+08  2.52345226e+01  1.46779927e+08 -3.88677352e+02 
 1.58489319e+08  2.58386171e+01  1.58489319e+08 -3.86148476e+02 
 1.71132830e+08  2.64123274e+01  1.71132830e+08 -3.83126881e+02 
 1.84784980e+08  2.69445288e+01  1.84784980e+08 -3.79581794e+02 
 1.99526231e+08  2.74203463e+01  1.99526231e+08 -3.75500472e+02 
 2.15443469e+08  2.78219690e+01  2.15443469e+08 -3.70901065e+02 
 2.32630507e+08  2.81305951e+01  2.32630507e+08 -3.65843907e+02 
 2.51188643e+08  2.83294247e+01  2.51188643e+08 -3.60436149e+02 
 2.71227258e+08  2.84070100e+01  2.71227258e+08 -3.54825045e+02 
 2.92864456e+08  2.83597680e+01  2.92864456e+08 -3.49179243e+02 
 3.16227766e+08  2.81926035e+01  3.16227766e+08 -3.43663530e+02 
 3.41454887e+08  2.79174366e+01  3.41454887e+08 -3.38416144e+02 
 3.68694506e+08  2.75504162e+01  3.68694506e+08 -3.33535852e+02 
 3.98107171e+08  2.71089940e+01  3.98107171e+08 -3.29080381e+02 
 4.29866235e+08  2.66097167e+01  4.29866235e+08 -3.25072863e+02 
 4.64158883e+08  2.60670052e+01  4.64158883e+08 -3.21511527e+02 
 5.01187234e+08  2.54927531e+01  5.01187234e+08 -3.18378999e+02 
 5.41169527e+08  2.48964333e+01  5.41169527e+08 -3.15649547e+02 
 5.84341413e+08  2.42854358e+01  5.84341413e+08 -3.13293994e+02 
 6.30957344e+08  2.36654625e+01  6.30957344e+08 -3.11282727e+02 
 6.81292069e+08  2.30408916e+01  6.81292069e+08 -3.09587385e+02 
 7.35642254e+08  2.24150818e+01  7.35642254e+08 -3.08181700e+02 
 7.94328235e+08  2.17906136e+01  7.94328235e+08 -3.07041876e+02 
 8.57695899e+08  2.11694788e+01  8.57695899e+08 -3.06146684e+02 
 9.26118728e+08  2.05532300e+01  9.26118728e+08 -3.05477423e+02 
 1.00000000e+09  1.99430998e+01  1.00000000e+09 -3.05017806e+02 
