 1.00000000e+00  6.08665771e+01  1.00000000e+00 -1.86202101e-04 
 1.07977516e+00  6.08665771e+01  1.07977516e+00 -2.01056404e-04 
 1.16591440e+00  6.08665771e+01  1.16591440e+00 -2.17095711e-04 
 1.25892541e+00  6.08665771e+01  1.25892541e+00 -2.34414556e-04 
 1.35935639e+00  6.08665771e+01  1.35935639e+00 -2.53115016e-04 
 1.46779927e+00  6.08665771e+01  1.46779927e+00 -2.73307307e-04 
 1.58489319e+00  6.08665771e+01  1.58489319e+00 -2.95110442e-04 
 1.71132830e+00  6.08665771e+01  1.71132830e+00 -3.18652925e-04 
 1.84784980e+00  6.08665771e+01  1.84784980e+00 -3.44073514e-04 
 1.99526231e+00  6.08665771e+01  1.99526231e+00 -3.71522034e-04 
 2.15443469e+00  6.08665771e+01  2.15443469e+00 -4.01160265e-04 
 2.32630507e+00  6.08665771e+01  2.32630507e+00 -4.33162890e-04 
 2.51188643e+00  6.08665771e+01  2.51188643e+00 -4.67718530e-04 
 2.71227258e+00  6.08665771e+01  2.71227258e+00 -5.05030852e-04 
 2.92864456e+00  6.08665771e+01  2.92864456e+00 -5.45319770e-04 
 3.16227766e+00  6.08665771e+01  3.16227766e+00 -5.88822743e-04 
 3.41454887e+00  6.08665771e+01  3.41454887e+00 -6.35796173e-04 
 3.68694506e+00  6.08665771e+01  3.68694506e+00 -6.86516916e-04 
 3.98107171e+00  6.08665771e+01  3.98107171e+00 -7.41283915e-04 
 4.29866235e+00  6.08665771e+01  4.29866235e+00 -8.00419959e-04 
 4.64158883e+00  6.08665771e+01  4.64158883e+00 -8.64273591e-04 
 5.01187234e+00  6.08665771e+01  5.01187234e+00 -9.33221157e-04 
 5.41169527e+00  6.08665771e+01  5.41169527e+00 -1.00766903e-03 
 5.84341413e+00  6.08665771e+01  5.84341413e+00 -1.08805599e-03 
 6.30957344e+00  6.08665771e+01  6.30957344e+00 -1.17485583e-03 
 6.81292069e+00  6.08665771e+01  6.81292069e+00 -1.26858014e-03 
 7.35642254e+00  6.08665771e+01  7.35642254e+00 -1.36978133e-03 
 7.94328235e+00  6.08665771e+01  7.94328235e+00 -1.47905586e-03 
 8.57695899e+00  6.08665771e+01  8.57695899e+00 -1.59704778e-03 
 9.26118728e+00  6.08665771e+01  9.26118728e+00 -1.72445253e-03 
 1.00000000e+01  6.08665771e+01  1.00000000e+01 -1.86202101e-03 
 1.07977516e+01  6.08665771e+01  1.07977516e+01 -2.01056403e-03 
 1.16591440e+01  6.08665771e+01  1.16591440e+01 -2.17095711e-03 
 1.25892541e+01  6.08665771e+01  1.25892541e+01 -2.34414556e-03 
 1.35935639e+01  6.08665771e+01  1.35935639e+01 -2.53115015e-03 
 1.46779927e+01  6.08665771e+01  1.46779927e+01 -2.73307307e-03 
 1.58489319e+01  6.08665771e+01  1.58489319e+01 -2.95110442e-03 
 1.71132830e+01  6.08665771e+01  1.71132830e+01 -3.18652925e-03 
 1.84784980e+01  6.08665771e+01  1.84784980e+01 -3.44073514e-03 
 1.99526231e+01  6.08665771e+01  1.99526231e+01 -3.71522034e-03 
 2.15443469e+01  6.08665771e+01  2.15443469e+01 -4.01160265e-03 
 2.32630507e+01  6.08665771e+01  2.32630507e+01 -4.33162890e-03 
 2.51188643e+01  6.08665771e+01  2.51188643e+01 -4.67718530e-03 
 2.71227258e+01  6.08665771e+01  2.71227258e+01 -5.05030851e-03 
 2.92864456e+01  6.08665771e+01  2.92864456e+01 -5.45319769e-03 
 3.16227766e+01  6.08665771e+01  3.16227766e+01 -5.88822742e-03 
 3.41454887e+01  6.08665771e+01  3.41454887e+01 -6.35796171e-03 
 3.68694506e+01  6.08665771e+01  3.68694506e+01 -6.86516914e-03 
 3.98107171e+01  6.08665771e+01  3.98107171e+01 -7.41283912e-03 
 4.29866235e+01  6.08665771e+01  4.29866235e+01 -8.00419955e-03 
 4.64158883e+01  6.08665771e+01  4.64158883e+01 -8.64273587e-03 
 5.01187234e+01  6.08665770e+01  5.01187234e+01 -9.33221152e-03 
 5.41169527e+01  6.08665770e+01  5.41169527e+01 -1.00766902e-02 
 5.84341413e+01  6.08665770e+01  5.84341413e+01 -1.08805598e-02 
 6.30957344e+01  6.08665770e+01  6.30957344e+01 -1.17485582e-02 
 6.81292069e+01  6.08665770e+01  6.81292069e+01 -1.26858013e-02 
 7.35642254e+01  6.08665769e+01  7.35642254e+01 -1.36978131e-02 
 7.94328235e+01  6.08665769e+01  7.94328235e+01 -1.47905584e-02 
 8.57695899e+01  6.08665769e+01  8.57695899e+01 -1.59704775e-02 
 9.26118728e+01  6.08665768e+01  9.26118728e+01 -1.72445249e-02 
 1.00000000e+02  6.08665768e+01  1.00000000e+02 -1.86202096e-02 
 1.07977516e+02  6.08665767e+01  1.07977516e+02 -2.01056398e-02 
 1.16591440e+02  6.08665766e+01  1.16591440e+02 -2.17095703e-02 
 1.25892541e+02  6.08665765e+01  1.25892541e+02 -2.34414547e-02 
 1.35935639e+02  6.08665765e+01  1.35935639e+02 -2.53115004e-02 
 1.46779927e+02  6.08665763e+01  1.46779927e+02 -2.73307292e-02 
 1.58489319e+02  6.08665762e+01  1.58489319e+02 -2.95110423e-02 
 1.71132830e+02  6.08665761e+01  1.71132830e+02 -3.18652902e-02 
 1.84784980e+02  6.08665759e+01  1.84784980e+02 -3.44073484e-02 
 1.99526231e+02  6.08665757e+01  1.99526231e+02 -3.71521997e-02 
 2.15443469e+02  6.08665754e+01  2.15443469e+02 -4.01160218e-02 
 2.32630507e+02  6.08665751e+01  2.32630507e+02 -4.33162831e-02 
 2.51188643e+02  6.08665748e+01  2.51188643e+02 -4.67718456e-02 
 2.71227258e+02  6.08665744e+01  2.71227258e+02 -5.05030758e-02 
 2.92864456e+02  6.08665740e+01  2.92864456e+02 -5.45319652e-02 
 3.16227766e+02  6.08665734e+01  3.16227766e+02 -5.88822595e-02 
 3.41454887e+02  6.08665728e+01  3.41454887e+02 -6.35795986e-02 
 3.68694506e+02  6.08665721e+01  3.68694506e+02 -6.86516680e-02 
 3.98107171e+02  6.08665713e+01  3.98107171e+02 -7.41283618e-02 
 4.29866235e+02  6.08665703e+01  4.29866235e+02 -8.00419586e-02 
 4.64158883e+02  6.08665692e+01  4.64158883e+02 -8.64273121e-02 
 5.01187234e+02  6.08665679e+01  5.01187234e+02 -9.33220566e-02 
 5.41169527e+02  6.08665663e+01  5.41169527e+02 -1.00766828e-01 
 5.84341413e+02  6.08665645e+01  5.84341413e+02 -1.08805505e-01 
 6.30957344e+02  6.08665624e+01  6.30957344e+02 -1.17485465e-01 
 6.81292069e+02  6.08665600e+01  6.81292069e+02 -1.26857866e-01 
 7.35642254e+02  6.08665571e+01  7.35642254e+02 -1.36977946e-01 
 7.94328235e+02  6.08665538e+01  7.94328235e+02 -1.47905350e-01 
 8.57695899e+02  6.08665500e+01  8.57695899e+02 -1.59704481e-01 
 9.26118728e+02  6.08665454e+01  9.26118728e+02 -1.72444879e-01 
 1.00000000e+03  6.08665402e+01  1.00000000e+03 -1.86201630e-01 
 1.07977516e+03  6.08665340e+01  1.07977516e+03 -2.01055811e-01 
 1.16591440e+03  6.08665269e+01  1.16591440e+03 -2.17094965e-01 
 1.25892541e+03  6.08665185e+01  1.25892541e+03 -2.34413617e-01 
 1.35935639e+03  6.08665089e+01  1.35935639e+03 -2.53113833e-01 
 1.46779927e+03  6.08664976e+01  1.46779927e+03 -2.73305820e-01 
 1.58489319e+03  6.08664844e+01  1.58489319e+03 -2.95108569e-01 
 1.71132830e+03  6.08664690e+01  1.71132830e+03 -3.18650568e-01 
 1.84784980e+03  6.08664511e+01  1.84784980e+03 -3.44070546e-01 
 1.99526231e+03  6.08664301e+01  1.99526231e+03 -3.71518298e-01 
 2.15443469e+03  6.08664057e+01  2.15443469e+03 -4.01155561e-01 
 2.32630507e+03  6.08663772e+01  2.32630507e+03 -4.33156968e-01 
 2.51188643e+03  6.08663441e+01  2.51188643e+03 -4.67711075e-01 
 2.71227258e+03  6.08663054e+01  2.71227258e+03 -5.05021468e-01 
 2.92864456e+03  6.08662603e+01  2.92864456e+03 -5.45307955e-01 
 3.16227766e+03  6.08662077e+01  3.16227766e+03 -5.88807870e-01 
 3.41454887e+03  6.08661464e+01  3.41454887e+03 -6.35777450e-01 
 3.68694506e+03  6.08660749e+01  3.68694506e+03 -6.86493344e-01 
 3.98107171e+03  6.08659916e+01  3.98107171e+03 -7.41254238e-01 
 4.29866235e+03  6.08658944e+01  4.29866235e+03 -8.00382602e-01 
 4.64158883e+03  6.08657812e+01  4.64158883e+03 -8.64226565e-01 
 5.01187234e+03  6.08656491e+01  5.01187234e+03 -9.33161955e-01 
 5.41169527e+03  6.08654954e+01  5.41169527e+03 -1.00759450e+00 
 5.84341413e+03  6.08653159e+01  5.84341413e+03 -1.08796216e+00 
 6.30957344e+03  6.08651066e+01  6.30957344e+03 -1.17473771e+00 
 6.81292069e+03  6.08648625e+01  6.81292069e+03 -1.26843145e+00 
 7.35642254e+03  6.08645781e+01  7.35642254e+03 -1.36959414e+00 
 7.94328235e+03  6.08642465e+01  7.94328235e+03 -1.47882021e+00 
 8.57695899e+03  6.08638598e+01  8.57695899e+03 -1.59675112e+00 
 9.26118728e+03  6.08634090e+01  9.26118728e+03 -1.72407908e+00 
 1.00000000e+04  6.08628836e+01  1.00000000e+04 -1.86155090e+00 
 1.07977516e+04  6.08622711e+01  1.07977516e+04 -2.00997227e+00 
 1.16591440e+04  6.08615570e+01  1.16591440e+04 -2.17021219e+00 
 1.25892541e+04  6.08607247e+01  1.25892541e+04 -2.34320790e+00 
 1.35935639e+04  6.08597544e+01  1.35935639e+04 -2.52996985e+00 
 1.46779927e+04  6.08586235e+01  1.46779927e+04 -2.73158737e+00 
 1.58489319e+04  6.08573052e+01  1.58489319e+04 -2.94923438e+00 
 1.71132830e+04  6.08557687e+01  1.71132830e+04 -3.18417553e+00 
 1.84784980e+04  6.08539782e+01  1.84784980e+04 -3.43777266e+00 
 1.99526231e+04  6.08518911e+01  1.99526231e+04 -3.71149189e+00 
 2.15443469e+04  6.08494592e+01  2.15443469e+04 -4.00691038e+00 
 2.32630507e+04  6.08466253e+01  2.32630507e+04 -4.32572397e+00 
 2.51188643e+04  6.08433238e+01  2.51188643e+04 -4.66975477e+00 
 2.71227258e+04  6.08394774e+01  2.71227258e+04 -5.04095898e+00 
 2.92864456e+04  6.08349970e+01  2.92864456e+04 -5.44143462e+00 
 3.16227766e+04  6.08297792e+01  3.16227766e+04 -5.87342918e+00 
 3.41454887e+04  6.08237037e+01  3.41454887e+04 -6.33934747e+00 
 3.68694506e+04  6.08166308e+01  3.68694506e+04 -6.84175790e+00 
 3.98107171e+04  6.08083984e+01  3.98107171e+04 -7.38339952e+00 
 4.29866235e+04  6.07988195e+01  4.29866235e+04 -7.96718606e+00 
 4.64158883e+04  6.07876775e+01  4.64158883e+04 -8.59621020e+00 
 5.01187234e+04  6.07747228e+01  5.01187234e+04 -9.27374359e+00 
 5.41169527e+04  6.07596671e+01  5.41169527e+04 -1.00032360e+01 
 5.84341413e+04  6.07421781e+01  5.84341413e+04 -1.07883091e+01 
 6.30957344e+04  6.07218749e+01  6.30957344e+04 -1.16327466e+01 
 6.81292069e+04  6.06983207e+01  6.81292069e+04 -1.25404766e+01 
 7.35642254e+04  6.06710183e+01  7.35642254e+04 -1.35155495e+01 
 7.94328235e+04  6.06393970e+01  7.94328235e+04 -1.45621042e+01 
 8.57695899e+04  6.06028157e+01  8.57695899e+04 -1.56843250e+01 
 9.26118728e+04  6.05605460e+01  9.26118728e+04 -1.68863876e+01 
 1.00000000e+05  6.05117701e+01  1.00000000e+05 -1.81723885e+01 
 1.07977516e+05  6.04555773e+01  1.07977516e+05 -1.95462621e+01 
 1.16591440e+05  6.03909553e+01  1.16591440e+05 -2.10116804e+01 
 1.25892541e+05  6.03167915e+01  1.25892541e+05 -2.25719362e+01 
 1.35935639e+05  6.02318734e+01  1.35935639e+05 -2.42298130e+01 
 1.46779927e+05  6.01348905e+01  1.46779927e+05 -2.59874400e+01 
 1.58489319e+05  6.00244533e+01  1.58489319e+05 -2.78461396e+01 
 1.71132830e+05  5.98990960e+01  1.71132830e+05 -2.98062764e+01 
 1.84784980e+05  5.97573089e+01  1.84784980e+05 -3.18671090e+01 
 1.99526231e+05  5.95975605e+01  1.99526231e+05 -3.40266663e+01 
 2.15443469e+05  5.94183358e+01  2.15443469e+05 -3.62816538e+01 
 2.32630507e+05  5.92181765e+01  2.32630507e+05 -3.86274068e+01 
 2.51188643e+05  5.89957203e+01  2.51188643e+05 -4.10579079e+01 
 2.71227258e+05  5.87497564e+01  2.71227258e+05 -4.35658671e+01 
 2.92864456e+05  5.84792589e+01  2.92864456e+05 -4.61428894e+01 
 3.16227766e+05  5.81834338e+01  3.16227766e+05 -4.87797070e+01 
 3.41454887e+05  5.78617469e+01  3.41454887e+05 -5.14664850e+01 
 3.68694506e+05  5.75139438e+01  3.68694506e+05 -5.41931772e+01 
 3.98107171e+05  5.71400573e+01  3.98107171e+05 -5.69499046e+01 
 4.29866235e+05  5.67403980e+01  4.29866235e+05 -5.97273452e+01 
 4.64158883e+05  5.63155335e+01  4.64158883e+05 -6.25170912e+01 
 5.01187234e+05  5.58662581e+01  5.01187234e+05 -6.53119647e+01 
 5.41169527e+05  5.53935481e+01  5.41169527e+05 -6.81062635e+01 
 5.84341413e+05  5.48985103e+01  5.84341413e+05 -7.08959369e+01 
 6.30957344e+05  5.43823414e+01  6.30957344e+05 -7.36786761e+01 
 6.81292069e+05  5.38462718e+01  6.81292069e+05 -7.64539364e+01 
 7.35642254e+05  5.32915171e+01  7.35642254e+05 -7.92228917e+01 
 7.94328235e+05  5.27192470e+01  7.94328235e+05 -8.19883294e+01 
 8.57695899e+05  5.21305345e+01  8.57695899e+05 -8.47545171e+01 
 9.26118728e+05  5.15263479e+01  9.26118728e+05 -8.75270218e+01 
 1.00000000e+06  5.09075096e+01  1.00000000e+06 -9.03125297e+01 
 1.07977516e+06  5.02746860e+01  1.07977516e+06 -9.31186440e+01 
 1.16591440e+06  4.96283877e+01  1.16591440e+06 -9.59536706e+01 
 1.25892541e+06  4.89689453e+01  1.25892541e+06 -9.88264216e+01 
 1.35935639e+06  4.82965226e+01  1.35935639e+06 -1.01745995e+02 
 1.46779927e+06  4.76111086e+01  1.46779927e+06 -1.04721570e+02 
 1.58489319e+06  4.69125342e+01  1.58489319e+06 -1.07762187e+02 
 1.71132830e+06  4.62004808e+01  1.71132830e+06 -1.10876530e+02 
 1.84784980e+06  4.54744944e+01  1.84784980e+06 -1.14072711e+02 
 1.99526231e+06  4.47340119e+01  1.99526231e+06 -1.17358050e+02 
 2.15443469e+06  4.39783841e+01  2.15443469e+06 -1.20738863e+02 
 2.32630507e+06  4.32069155e+01  2.32630507e+06 -1.24220252e+02 
 2.51188643e+06  4.24189023e+01  2.51188643e+06 -1.27805932e+02 
 2.71227258e+06  4.16136765e+01  2.71227258e+06 -1.31498076e+02 
 2.92864456e+06  4.07906572e+01  2.92864456e+06 -1.35297212e+02 
 3.16227766e+06  3.99494025e+01  3.16227766e+06 -1.39202161e+02 
 3.41454887e+06  3.90896596e+01  3.41454887e+06 -1.43210055e+02 
 3.68694506e+06  3.82114070e+01  3.68694506e+06 -1.47316412e+02 
 3.98107171e+06  3.73148968e+01  3.98107171e+06 -1.51515265e+02 
 4.29866235e+06  3.64006648e+01  4.29866235e+06 -1.55799388e+02 
 4.64158883e+06  3.54695418e+01  4.64158883e+06 -1.60160524e+02 
 5.01187234e+06  3.45226371e+01  5.01187234e+06 -1.64589662e+02 
 5.41169527e+06  3.35612861e+01  5.41169527e+06 -1.69077373e+02 
 5.84341413e+06  3.25870054e+01  5.84341413e+06 -1.73614058e+02 
 6.30957344e+06  3.16013947e+01  6.30957344e+06 -1.78190300e+02 
 6.81292069e+06  3.06060399e+01  6.81292069e+06 -1.82797172e+02 
 7.35642254e+06  2.96023942e+01  7.35642254e+06 -1.87426588e+02 
 7.94328235e+06  2.85916503e+01  7.94328235e+06 -1.92071719e+02 
 8.57695899e+06  2.75746064e+01  8.57695899e+06 -1.96727508e+02 
 9.26118728e+06  2.65515411e+01  9.26118728e+06 -2.01391273e+02 
 1.00000000e+07  2.55220674e+01  1.00000000e+07 -2.06063669e+02 
 1.07977516e+07  2.44850233e+01  1.07977516e+07 -2.10749743e+02 
 1.16591440e+07  2.34383501e+01  1.16591440e+07 -2.15460548e+02 
 1.25892541e+07  2.23789967e+01  1.25892541e+07 -2.20215250e+02 
 1.35935639e+07  2.13028505e+01  1.35935639e+07 -2.25044043e+02 
 1.46779927e+07  2.02047167e+01  1.46779927e+07 -2.29992331e+02 
 1.58489319e+07  1.90784145e+01  1.58489319e+07 -2.35126697e+02 
 1.71132830e+07  1.79171154e+01  1.71132830e+07 -2.40543693e+02 
 1.84784980e+07  1.67142248e+01  1.84784980e+07 -2.46382649e+02 
 1.99526231e+07  1.54654365e+01  1.99526231e+07 -2.52843980e+02 
 2.15443469e+07  1.41732931e+01  2.15443469e+07 -2.60212799e+02 
 2.32630507e+07  1.28567660e+01  2.32630507e+07 -2.68880619e+02 
 2.51188643e+07  1.15694709e+01  2.51188643e+07 -2.79333367e+02 
 2.71227258e+07  1.04264522e+01  2.71227258e+07 -2.92016691e+02 
 2.92864456e+07  9.61730046e+00  2.92864456e+07 -3.06943567e+02 
 3.16227766e+07  9.34412667e+00  3.16227766e+07 -3.23156481e+02 
 3.41454887e+07  9.67257502e+00  3.41454887e+07 -3.38821241e+02 
 3.68694506e+07  1.04680260e+01  3.68694506e+07 -3.52334937e+02 
 3.98107171e+07  1.15161707e+01  3.98107171e+07 -3.63139051e+02 
 4.29866235e+07  1.26506207e+01  4.29866235e+07 -3.71469815e+02 
 4.64158883e+07  1.37796704e+01  4.64158883e+07 -3.77819738e+02 
 5.01187234e+07  1.48630585e+01  5.01187234e+07 -3.82650501e+02 
 5.41169527e+07  1.58875557e+01  5.41169527e+07 -3.86317984e+02 
 5.84341413e+07  1.68523432e+01  5.84341413e+07 -3.89078910e+02 
 6.30957344e+07  1.77617035e+01  6.30957344e+07 -3.91114831e+02 
 6.81292069e+07  1.86216516e+01  6.81292069e+07 -3.92553747e+02 
 7.35642254e+07  1.94384642e+01  7.35642254e+07 -3.93485753e+02 
 7.94328235e+07  2.02180743e+01  7.94328235e+07 -3.93973492e+02 
 8.57695899e+07  2.09658327e+01  8.57695899e+07 -3.94058847e+02 
 9.26118728e+07  2.16863961e+01  9.26118728e+07 -3.93767070e+02 
 1.00000000e+08  2.23836173e+01  1.00000000e+08 -3.93109209e+02 
 1.07977516e+08  2.30603695e+01  1.07977516e+08 -3.92083524e+02 
 1.16591440e+08  2.37182576e+01  1.16591440e+08 -3.90676461e+02 
 1.25892541e+08  2.43571912e+01  1.25892541e+08 -3.88863766e+02 
 1.35935639e+08  2.49748136e+01  1.35935639e+08 -3.86612459e+02 
 1.46779927e+08  2.55658279e+01  1.46779927e+08 -3.83884520e+02 
 1.58489319e+08  2.61213379e+01  1.58489319e+08 -3.80643218e+02 
 1.71132830e+08  2.66284454e+01  1.71132830e+08 -3.76862809e+02 
 1.84784980e+08  2.70704769e+01  1.84784980e+08 -3.72541368e+02 
 1.99526231e+08  2.74282728e+01  1.99526231e+08 -3.67714716e+02 
 2.15443469e+08  2.76827746e+01  2.15443469e+08 -3.62466771e+02 
 2.32630507e+08  2.78185953e+01  2.32630507e+08 -3.56930212e+02 
 2.51188643e+08  2.78275024e+01  2.51188643e+08 -3.51273268e+02 
 2.71227258e+08  2.77103791e+01  2.71227258e+08 -3.45674630e+02 
 2.92864456e+08  2.74767700e+01  2.92864456e+08 -3.40295347e+02 
 3.16227766e+08  2.71423281e+01  3.16227766e+08 -3.35258202e+02 
 3.41454887e+08  2.67254215e+01  3.41454887e+08 -3.30640189e+02 
 3.68694506e+08  2.62441898e+01  3.68694506e+08 -3.26476655e+02 
 3.98107171e+08  2.57147071e+01  3.98107171e+08 -3.22771648e+02 
 4.29866235e+08  2.51502402e+01  4.29866235e+08 -3.19509260e+02 
 4.64158883e+08  2.45612556e+01  4.64158883e+08 -3.16662925e+02 
 5.01187234e+08  2.39557995e+01  5.01187234e+08 -3.14201814e+02 
 5.41169527e+08  2.33399860e+01  5.41169527e+08 -3.12094682e+02 
 5.84341413e+08  2.27184544e+01  5.84341413e+08 -3.10311879e+02 
 6.30957344e+08  2.20947441e+01  6.30957344e+08 -3.08826245e+02 
 6.81292069e+08  2.14715795e+01  6.81292069e+08 -3.07613394e+02 
 7.35642254e+08  2.08510837e+01  7.35642254e+08 -3.06651680e+02 
 7.94328235e+08  2.02349348e+01  7.94328235e+08 -3.05922052e+02 
 8.57695899e+08  1.96244867e+01  8.57695899e+08 -3.05407861e+02 
 9.26118728e+08  1.90208624e+01  9.26118728e+08 -3.05094649e+02 
 1.00000000e+09  1.84250310e+01  1.00000000e+09 -3.04969936e+02 
