 1.00000000e+00  6.55591398e+01  1.00000000e+00 -3.14607072e-04 
 1.07977516e+00  6.55591398e+01  1.07977516e+00 -3.39704902e-04 
 1.16591440e+00  6.55591398e+01  1.16591440e+00 -3.66804916e-04 
 1.25892541e+00  6.55591398e+01  1.25892541e+00 -3.96066837e-04 
 1.35935639e+00  6.55591398e+01  1.35935639e+00 -4.27663134e-04 
 1.46779927e+00  6.55591398e+01  1.46779927e+00 -4.61780029e-04 
 1.58489319e+00  6.55591398e+01  1.58489319e+00 -4.98618606e-04 
 1.71132830e+00  6.55591398e+01  1.71132830e+00 -5.38395986e-04 
 1.84784980e+00  6.55591398e+01  1.84784980e+00 -5.81346614e-04 
 1.99526231e+00  6.55591398e+01  1.99526231e+00 -6.27723634e-04 
 2.15443469e+00  6.55591398e+01  2.15443469e+00 -6.77800389e-04 
 2.32630507e+00  6.55591398e+01  2.32630507e+00 -7.31872025e-04 
 2.51188643e+00  6.55591398e+01  2.51188643e+00 -7.90257235e-04 
 2.71227258e+00  6.55591398e+01  2.71227258e+00 -8.53300134e-04 
 2.92864456e+00  6.55591398e+01  2.92864456e+00 -9.21372290e-04 
 3.16227766e+00  6.55591398e+01  3.16227766e+00 -9.94874914e-04 
 3.41454887e+00  6.55591398e+01  3.41454887e+00 -1.07424122e-03 
 3.68694506e+00  6.55591398e+01  3.68694506e+00 -1.15993899e-03 
 3.98107171e+00  6.55591398e+01  3.98107171e+00 -1.25247331e-03 
 4.29866235e+00  6.55591398e+01  4.29866235e+00 -1.35238957e-03 
 4.64158883e+00  6.55591398e+01  4.64158883e+00 -1.46027667e-03 
 5.01187234e+00  6.55591398e+01  5.01187234e+00 -1.57677048e-03 
 5.41169527e+00  6.55591398e+01  5.41169527e+00 -1.70255760e-03 
 5.84341413e+00  6.55591398e+01  5.84341413e+00 -1.83837941e-03 
 6.30957344e+00  6.55591398e+01  6.30957344e+00 -1.98503642e-03 
 6.81292069e+00  6.55591398e+01  6.81292069e+00 -2.14339303e-03 
 7.35642254e+00  6.55591398e+01  7.35642254e+00 -2.31438255e-03 
 7.94328235e+00  6.55591398e+01  7.94328235e+00 -2.49901280e-03 
 8.57695899e+00  6.55591398e+01  8.57695899e+00 -2.69837195e-03 
 9.26118728e+00  6.55591398e+01  9.26118728e+00 -2.91363501e-03 
 1.00000000e+01  6.55591398e+01  1.00000000e+01 -3.14607071e-03 
 1.07977516e+01  6.55591398e+01  1.07977516e+01 -3.39704902e-03 
 1.16591440e+01  6.55591398e+01  1.16591440e+01 -3.66804915e-03 
 1.25892541e+01  6.55591397e+01  1.25892541e+01 -3.96066837e-03 
 1.35935639e+01  6.55591397e+01  1.35935639e+01 -4.27663133e-03 
 1.46779927e+01  6.55591397e+01  1.46779927e+01 -4.61780029e-03 
 1.58489319e+01  6.55591397e+01  1.58489319e+01 -4.98618605e-03 
 1.71132830e+01  6.55591397e+01  1.71132830e+01 -5.38395985e-03 
 1.84784980e+01  6.55591397e+01  1.84784980e+01 -5.81346612e-03 
 1.99526231e+01  6.55591397e+01  1.99526231e+01 -6.27723632e-03 
 2.15443469e+01  6.55591397e+01  2.15443469e+01 -6.77800386e-03 
 2.32630507e+01  6.55591397e+01  2.32630507e+01 -7.31872022e-03 
 2.51188643e+01  6.55591397e+01  2.51188643e+01 -7.90257230e-03 
 2.71227258e+01  6.55591397e+01  2.71227258e+01 -8.53300129e-03 
 2.92864456e+01  6.55591397e+01  2.92864456e+01 -9.21372284e-03 
 3.16227766e+01  6.55591397e+01  3.16227766e+01 -9.94874906e-03 
 3.41454887e+01  6.55591396e+01  3.41454887e+01 -1.07424121e-02 
 3.68694506e+01  6.55591396e+01  3.68694506e+01 -1.15993898e-02 
 3.98107171e+01  6.55591396e+01  3.98107171e+01 -1.25247329e-02 
 4.29866235e+01  6.55591396e+01  4.29866235e+01 -1.35238955e-02 
 4.64158883e+01  6.55591395e+01  4.64158883e+01 -1.46027664e-02 
 5.01187234e+01  6.55591395e+01  5.01187234e+01 -1.57677045e-02 
 5.41169527e+01  6.55591394e+01  5.41169527e+01 -1.70255756e-02 
 5.84341413e+01  6.55591394e+01  5.84341413e+01 -1.83837936e-02 
 6.30957344e+01  6.55591393e+01  6.30957344e+01 -1.98503636e-02 
 6.81292069e+01  6.55591392e+01  6.81292069e+01 -2.14339294e-02 
 7.35642254e+01  6.55591391e+01  7.35642254e+01 -2.31438245e-02 
 7.94328235e+01  6.55591390e+01  7.94328235e+01 -2.49901267e-02 
 8.57695899e+01  6.55591389e+01  8.57695899e+01 -2.69837178e-02 
 9.26118728e+01  6.55591388e+01  9.26118728e+01 -2.91363480e-02 
 1.00000000e+02  6.55591386e+01  1.00000000e+02 -3.14607045e-02 
 1.07977516e+02  6.55591384e+01  1.07977516e+02 -3.39704869e-02 
 1.16591440e+02  6.55591382e+01  1.16591440e+02 -3.66804874e-02 
 1.25892541e+02  6.55591379e+01  1.25892541e+02 -3.96066785e-02 
 1.35935639e+02  6.55591376e+01  1.35935639e+02 -4.27663067e-02 
 1.46779927e+02  6.55591373e+01  1.46779927e+02 -4.61779946e-02 
 1.58489319e+02  6.55591368e+01  1.58489319e+02 -4.98618501e-02 
 1.71132830e+02  6.55591364e+01  1.71132830e+02 -5.38395854e-02 
 1.84784980e+02  6.55591358e+01  1.84784980e+02 -5.81346447e-02 
 1.99526231e+02  6.55591351e+01  1.99526231e+02 -6.27723424e-02 
 2.15443469e+02  6.55591344e+01  2.15443469e+02 -6.77800125e-02 
 2.32630507e+02  6.55591335e+01  2.32630507e+02 -7.31871692e-02 
 2.51188643e+02  6.55591324e+01  2.51188643e+02 -7.90256815e-02 
 2.71227258e+02  6.55591312e+01  2.71227258e+02 -8.53299606e-02 
 2.92864456e+02  6.55591298e+01  2.92864456e+02 -9.21371626e-02 
 3.16227766e+02  6.55591281e+01  3.16227766e+02 -9.94874078e-02 
 3.41454887e+02  6.55591261e+01  3.41454887e+02 -1.07424016e-01 
 3.68694506e+02  6.55591239e+01  3.68694506e+02 -1.15993766e-01 
 3.98107171e+02  6.55591212e+01  3.98107171e+02 -1.25247163e-01 
 4.29866235e+02  6.55591182e+01  4.29866235e+02 -1.35238746e-01 
 4.64158883e+02  6.55591146e+01  4.64158883e+02 -1.46027401e-01 
 5.01187234e+02  6.55591105e+01  5.01187234e+02 -1.57676714e-01 
 5.41169527e+02  6.55591056e+01  5.41169527e+02 -1.70255339e-01 
 5.84341413e+02  6.55590999e+01  5.84341413e+02 -1.83837410e-01 
 6.30957344e+02  6.55590933e+01  6.30957344e+02 -1.98502975e-01 
 6.81292069e+02  6.55590856e+01  6.81292069e+02 -2.14338463e-01 
 7.35642254e+02  6.55590766e+01  7.35642254e+02 -2.31437197e-01 
 7.94328235e+02  6.55590661e+01  7.94328235e+02 -2.49899948e-01 
 8.57695899e+02  6.55590538e+01  8.57695899e+02 -2.69835517e-01 
 9.26118728e+02  6.55590396e+01  9.26118728e+02 -2.91361391e-01 
 1.00000000e+03  6.55590230e+01  1.00000000e+03 -3.14604415e-01 
 1.07977516e+03  6.55590036e+01  1.07977516e+03 -3.39701556e-01 
 1.16591440e+03  6.55589810e+01  1.16591440e+03 -3.66800704e-01 
 1.25892541e+03  6.55589547e+01  1.25892541e+03 -3.96061535e-01 
 1.35935639e+03  6.55589240e+01  1.35935639e+03 -4.27656459e-01 
 1.46779927e+03  6.55588883e+01  1.46779927e+03 -4.61771629e-01 
 1.58489319e+03  6.55588466e+01  1.58489319e+03 -4.98608031e-01 
 1.71132830e+03  6.55587978e+01  1.71132830e+03 -5.38382668e-01 
 1.84784980e+03  6.55587410e+01  1.84784980e+03 -5.81329844e-01 
 1.99526231e+03  6.55586749e+01  1.99526231e+03 -6.27702522e-01 
 2.15443469e+03  6.55585977e+01  2.15443469e+03 -6.77773807e-01 
 2.32630507e+03  6.55585078e+01  2.32630507e+03 -7.31838561e-01 
 2.51188643e+03  6.55584030e+01  2.51188643e+03 -7.90215111e-01 
 2.71227258e+03  6.55582808e+01  2.71227258e+03 -8.53247111e-01 
 2.92864456e+03  6.55581383e+01  2.92864456e+03 -9.21305538e-01 
 3.16227766e+03  6.55579722e+01  3.16227766e+03 -9.94790886e-01 
 3.41454887e+03  6.55577786e+01  3.41454887e+03 -1.07413544e+00 
 3.68694506e+03  6.55575528e+01  3.68694506e+03 -1.15980583e+00 
 3.98107171e+03  6.55572894e+01  3.98107171e+03 -1.25230565e+00 
 4.29866235e+03  6.55569826e+01  4.29866235e+03 -1.35217853e+00 
 4.64158883e+03  6.55566249e+01  4.64158883e+03 -1.46001101e+00 
 5.01187234e+03  6.55562077e+01  5.01187234e+03 -1.57643605e+00 
 5.41169527e+03  6.55557215e+01  5.41169527e+03 -1.70213661e+00 
 5.84341413e+03  6.55551546e+01  5.84341413e+03 -1.83784946e+00 
 6.30957344e+03  6.55544937e+01  6.30957344e+03 -1.98436930e+00 
 6.81292069e+03  6.55537233e+01  6.81292069e+03 -2.14255324e+00 
 7.35642254e+03  6.55528253e+01  7.35642254e+03 -2.31332548e+00 
 7.94328235e+03  6.55517785e+01  7.94328235e+03 -2.49768221e+00 
 8.57695899e+03  6.55505584e+01  8.57695899e+03 -2.69669712e+00 
 9.26118728e+03  6.55491362e+01  9.26118728e+03 -2.91152691e+00 
 1.00000000e+04  6.55474787e+01  1.00000000e+04 -3.14341741e+00 
 1.07977516e+04  6.55455468e+01  1.07977516e+04 -3.39370956e+00 
 1.16591440e+04  6.55432957e+01  1.16591440e+04 -3.66384634e+00 
 1.25892541e+04  6.55406727e+01  1.25892541e+04 -3.95537927e+00 
 1.35935639e+04  6.55376164e+01  1.35935639e+04 -4.26997564e+00 
 1.46779927e+04  6.55340555e+01  1.46779927e+04 -4.60942536e+00 
 1.58489319e+04  6.55299076e+01  1.58489319e+04 -4.97564859e+00 
 1.71132830e+04  6.55250766e+01  1.71132830e+04 -5.37070288e+00 
 1.84784980e+04  6.55194507e+01  1.84784980e+04 -5.79678952e+00 
 1.99526231e+04  6.55129005e+01  1.99526231e+04 -6.25626059e+00 
 2.15443469e+04  6.55052763e+01  2.15443469e+04 -6.75162490e+00 
 2.32630507e+04  6.54964037e+01  2.32630507e+04 -7.28555178e+00 
 2.51188643e+04  6.54860815e+01  2.51188643e+04 -7.86087515e+00 
 2.71227258e+04  6.54740777e+01  2.71227258e+04 -8.48059467e+00 
 2.92864456e+04  6.54601240e+01  2.92864456e+04 -9.14787422e+00 
 3.16227766e+04  6.54439115e+01  3.16227766e+04 -9.86603681e+00 
 3.41454887e+04  6.54250850e+01  3.41454887e+04 -1.06385550e+01 
 3.68694506e+04  6.54032366e+01  3.68694506e+04 -1.14690367e+01 
 3.98107171e+04  6.53779021e+01  3.98107171e+04 -1.23612051e+01 
 4.29866235e+04  6.53485484e+01  4.29866235e+04 -1.33188640e+01 
 4.64158883e+04  6.53145723e+01  4.64158883e+04 -1.43458652e+01 
 5.01187234e+04  6.52752914e+01  5.01187234e+04 -1.54460510e+01 
 5.41169527e+04  6.52299362e+01  5.41169527e+04 -1.66231942e+01 
 5.84341413e+04  6.51776455e+01  5.84341413e+04 -1.78809169e+01 
 6.30957344e+04  6.51174614e+01  6.30957344e+04 -1.92225989e+01 
 6.81292069e+04  6.50483256e+01  6.81292069e+04 -2.06512611e+01 
 7.35642254e+04  6.49690809e+01  7.35642254e+04 -2.21694464e+01 
 7.94328235e+04  6.48784731e+01  7.94328235e+04 -2.37790718e+01 
 8.57695899e+04  6.47751582e+01  8.57695899e+04 -2.54812797e+01 
 9.26118728e+04  6.46577160e+01  9.26118728e+04 -2.72762808e+01 
 1.00000000e+05  6.45246695e+01  1.00000000e+05 -2.91632001e+01 
 1.07977516e+05  6.43745118e+01  1.07977516e+05 -3.11399378e+01 
 1.16591440e+05  6.42057321e+01  1.16591440e+05 -3.32030509e+01 
 1.25892541e+05  6.40168646e+01  1.25892541e+05 -3.53476884e+01 
 1.35935639e+05  6.38065207e+01  1.35935639e+05 -3.75675601e+01 
 1.46779927e+05  6.35734433e+01  1.46779927e+05 -3.98549927e+01 
 1.58489319e+05  6.33165477e+01  1.58489319e+05 -4.22010442e+01 
 1.71132830e+05  6.30349669e+01  1.71132830e+05 -4.45957047e+01 
 1.84784980e+05  6.27280875e+01  1.84784980e+05 -4.70281644e+01 
 1.99526231e+05  6.23955765e+01  1.99526231e+05 -4.94871443e+01 
 2.15443469e+05  6.20373934e+01  2.15443469e+05 -5.19612621e+01 
 2.32630507e+05  6.16537940e+01  2.32630507e+05 -5.44394173e+01 
 2.51188643e+05  6.12453135e+01  2.51188643e+05 -5.69111663e+01 
 2.71227258e+05  6.08127436e+01  2.71227258e+05 -5.93670574e+01 
 2.92864456e+05  6.03570948e+01  2.92864456e+05 -6.17989115e+01 
 3.16227766e+05  5.98795520e+01  3.16227766e+05 -6.42000359e+01 
 3.41454887e+05  5.93814316e+01  3.41454887e+05 -6.65653577e+01 
 3.68694506e+05  5.88641279e+01  3.68694506e+05 -6.88914852e+01 
 3.98107171e+05  5.83290746e+01  3.98107171e+05 -7.11767035e+01 
 4.29866235e+05  5.77776978e+01  4.29866235e+05 -7.34209139e+01 
 4.64158883e+05  5.72113857e+01  4.64158883e+05 -7.56255288e+01 
 5.01187234e+05  5.66314592e+01  5.01187234e+05 -7.77933460e+01 
 5.41169527e+05  5.60391475e+01  5.41169527e+05 -7.99284008e+01 
 5.84341413e+05  5.54355743e+01  5.84341413e+05 -8.20358160e+01 
 6.30957344e+05  5.48217451e+01  6.30957344e+05 -8.41216567e+01 
 6.81292069e+05  5.41985440e+01  6.81292069e+05 -8.61927882e+01 
 7.35642254e+05  5.35667216e+01  7.35642254e+05 -8.82567561e+01 
 7.94328235e+05  5.29269036e+01  7.94328235e+05 -9.03216660e+01 
 8.57695899e+05  5.22795853e+01  8.57695899e+05 -9.23960842e+01 
 9.26118728e+05  5.16251341e+01  9.26118728e+05 -9.44889486e+01 
 1.00000000e+06  5.09637912e+01  1.00000000e+06 -9.66094840e+01 
 1.07977516e+06  5.02956763e+01  1.07977516e+06 -9.87671241e+01 
 1.16591440e+06  4.96207835e+01  1.16591440e+06 -1.00971437e+02 
 1.25892541e+06  4.89389925e+01  1.25892541e+06 -1.03232044e+02 
 1.35935639e+06  4.82500637e+01  1.35935639e+06 -1.05558538e+02 
 1.46779927e+06  4.75536418e+01  1.46779927e+06 -1.07960391e+02 
 1.58489319e+06  4.68492645e+01  1.58489319e+06 -1.10446845e+02 
 1.71132830e+06  4.61363641e+01  1.71132830e+06 -1.13026791e+02 
 1.84784980e+06  4.54142776e+01  1.84784980e+06 -1.15708636e+02 
 1.99526231e+06  4.46822556e+01  1.99526231e+06 -1.18500147e+02 
 2.15443469e+06  4.39394803e+01  2.15443469e+06 -1.21408281e+02 
 2.32630507e+06  4.31850822e+01  2.32630507e+06 -1.24439010e+02 
 2.51188643e+06  4.24181715e+01  2.51188643e+06 -1.27597128e+02 
 2.71227258e+06  4.16378611e+01  2.71227258e+06 -1.30886078e+02 
 2.92864456e+06  4.08433122e+01  2.92864456e+06 -1.34307776e+02 
 3.16227766e+06  4.00337710e+01  3.16227766e+06 -1.37862473e+02 
 3.41454887e+06  3.92086132e+01  3.41454887e+06 -1.41548655e+02 
 3.68694506e+06  3.83673902e+01  3.68694506e+06 -1.45362995e+02 
 3.98107171e+06  3.75098708e+01  3.98107171e+06 -1.49300356e+02 
 4.29866235e+06  3.66360715e+01  4.29866235e+06 -1.53353890e+02 
 4.64158883e+06  3.57462846e+01  4.64158883e+06 -1.57515159e+02 
 5.01187234e+06  3.48410747e+01  5.01187234e+06 -1.61774377e+02 
 5.41169527e+06  3.39212696e+01  5.41169527e+06 -1.66120662e+02 
 5.84341413e+06  3.29879212e+01  5.84341413e+06 -1.70542346e+02 
 6.30957344e+06  3.20422401e+01  6.30957344e+06 -1.75027343e+02 
 6.81292069e+06  3.10855133e+01  6.81292069e+06 -1.79563526e+02 
 7.35642254e+06  3.01190017e+01  7.35642254e+06 -1.84139139e+02 
 7.94328235e+06  2.91438156e+01  7.94328235e+06 -1.88743281e+02 
 8.57695899e+06  2.81607844e+01  8.57695899e+06 -1.93366445e+02 
 9.26118728e+06  2.71703173e+01  9.26118728e+06 -1.98001164e+02 
 1.00000000e+07  2.61722665e+01  1.00000000e+07 -2.02642798e+02 
 1.07977516e+07  2.51657884e+01  1.07977516e+07 -2.07290549e+02 
 1.16591440e+07  2.41492117e+01  1.16591440e+07 -2.11948764e+02 
 1.25892541e+07  2.31199188e+01  1.25892541e+07 -2.16628629e+02 
 1.35935639e+07  2.20742305e+01  1.35935639e+07 -2.21350533e+02 
 1.46779927e+07  2.10073229e+01  1.46779927e+07 -2.26147302e+02 
 1.58489319e+07  1.99131888e+01  1.58489319e+07 -2.31068879e+02 
 1.71132830e+07  1.87847214e+01  1.71132830e+07 -2.36189172e+02 
 1.84784980e+07  1.76140723e+01  1.84784980e+07 -2.41616326e+02 
 1.99526231e+07  1.63936544e+01  1.99526231e+07 -2.47508041e+02 
 2.15443469e+07  1.51185979e+01  2.15443469e+07 -2.54093899e+02 
 2.32630507e+07  1.37924129e+01  2.32630507e+07 -2.61704637e+02 
 2.51188643e+07  1.24392820e+01  2.51188643e+07 -2.70798009e+02 
 2.71227258e+07  1.11277517e+01  2.71227258e+07 -2.81935152e+02 
 2.92864456e+07  1.00039182e+01  2.92864456e+07 -2.95578503e+02 
 3.16227766e+07  9.29669269e+00  3.16227766e+07 -3.11546982e+02 
 3.41454887e+07  9.21207925e+00  3.41454887e+07 -3.28431625e+02 
 3.68694506e+07  9.75303014e+00  3.68694506e+07 -3.44078414e+02 
 3.98107171e+07  1.07152719e+01  3.98107171e+07 -3.57039009e+02 
 4.29866235e+07  1.18660242e+01  4.29866235e+07 -3.67100965e+02 
 4.64158883e+07  1.30541532e+01  4.64158883e+07 -3.74718728e+02 
 5.01187234e+07  1.42071665e+01  5.01187234e+07 -3.80457991e+02 
 5.41169527e+07  1.52980862e+01  5.41169527e+07 -3.84784692e+02 
 5.84341413e+07  1.63213895e+01  5.84341413e+07 -3.88038144e+02 
 6.30957344e+07  1.72804858e+01  6.30957344e+07 -3.90456251e+02 
 6.81292069e+07  1.81819661e+01  6.81292069e+07 -3.92204691e+02 
 7.35642254e+07  1.90331366e+01  7.35642254e+07 -3.93399097e+02 
 7.94328235e+07  1.98410308e+01  7.94328235e+07 -3.94120028e+02 
 8.57695899e+07  2.06120512e+01  8.57695899e+07 -3.94422560e+02 
 9.26118728e+07  2.13518518e+01  9.26118728e+07 -3.94342249e+02 
 1.00000000e+08  2.20652738e+01  1.00000000e+08 -3.93898685e+02 
 1.07977516e+08  2.27562403e+01  1.07977516e+08 -3.93097529e+02 
 1.16591440e+08  2.34275549e+01  1.16591440e+08 -3.91931703e+02 
 1.25892541e+08  2.40805666e+01  1.25892541e+08 -3.90382315e+02 
 1.35935639e+08  2.47146824e+01  1.35935639e+08 -3.88419983e+02 
 1.46779927e+08  2.53267354e+01  1.46779927e+08 -3.86007322e+02 
 1.58489319e+08  2.59102763e+01  1.58489319e+08 -3.83103548e+02 
 1.71132830e+08  2.64549470e+01  1.71132830e+08 -3.79672114e+02 
 1.84784980e+08  2.69462377e+01  1.84784980e+08 -3.75691905e+02 
 1.99526231e+08  2.73660497e+01  1.99526231e+08 -3.71171214e+02 
 2.15443469e+08  2.76944786e+01  2.15443469e+08 -3.66161444e+02 
 2.32630507e+08  2.79129020e+01  2.32630507e+08 -3.60764968e+02 
 2.51188643e+08  2.80077678e+01  2.51188643e+08 -3.55131011e+02 
 2.71227258e+08  2.79737652e+01  2.71227258e+08 -3.49437162e+02 
 2.92864456e+08  2.78149900e+01  2.92864456e+08 -3.43861362e+02 
 3.16227766e+08  2.75436071e+01  3.16227766e+08 -3.38554920e+02 
 3.41454887e+08  2.71767760e+01  3.41454887e+08 -3.33626100e+02 
 3.68694506e+08  2.67332496e+01  3.68694506e+08 -3.29137255e+02 
 3.98107171e+08  2.62307666e+01  3.98107171e+08 -3.25111981e+02 
 4.29866235e+08  2.56846232e+01  4.29866235e+08 -3.21546405e+02 
 4.64158883e+08  2.51072410e+01  4.64158883e+08 -3.18420061e+02 
 5.01187234e+08  2.45083391e+01  5.01187234e+08 -3.15704179e+02 
 5.41169527e+08  2.38953686e+01  5.41169527e+08 -3.13367134e+02 
 5.84341413e+08  2.32739927e+01  5.84341413e+08 -3.11377588e+02 
 6.30957344e+08  2.26485130e+01  6.30957344e+08 -3.09706107e+02 
 6.81292069e+08  2.20222103e+01  6.81292069e+08 -3.08325851e+02 
 7.35642254e+08  2.13976049e+01  7.35642254e+08 -3.07212784e+02 
 7.94328235e+08  2.07766528e+01  7.94328235e+08 -3.06345635e+02 
 8.57695899e+08  2.01608947e+01  8.57695899e+08 -3.05705758e+02 
 9.26118728e+08  1.95515726e+01  9.26118728e+08 -3.05276941e+02 
 1.00000000e+09  1.89497232e+01  1.00000000e+09 -3.05045199e+02 
