 1.00000000e+00  6.42401802e+01  1.00000000e+00 -2.72647139e-04 
 1.07977516e+00  6.42401802e+01  1.07977516e+00 -2.94397609e-04 
 1.16591440e+00  6.42401802e+01  1.16591440e+00 -3.17883226e-04 
 1.25892541e+00  6.42401802e+01  1.25892541e+00 -3.43242412e-04 
 1.35935639e+00  6.42401802e+01  1.35935639e+00 -3.70624631e-04 
 1.46779927e+00  6.42401802e+01  1.46779927e+00 -4.00191271e-04 
 1.58489319e+00  6.42401802e+01  1.58489319e+00 -4.32116594e-04 
 1.71132830e+00  6.42401802e+01  1.71132830e+00 -4.66588766e-04 
 1.84784980e+00  6.42401802e+01  1.84784980e+00 -5.03810960e-04 
 1.99526231e+00  6.42401802e+01  1.99526231e+00 -5.44002562e-04 
 2.15443469e+00  6.42401802e+01  2.15443469e+00 -5.87400454e-04 
 2.32630507e+00  6.42401802e+01  2.32630507e+00 -6.34260421e-04 
 2.51188643e+00  6.42401802e+01  2.51188643e+00 -6.84858649e-04 
 2.71227258e+00  6.42401802e+01  2.71227258e+00 -7.39493359e-04 
 2.92864456e+00  6.42401802e+01  2.92864456e+00 -7.98486561e-04 
 3.16227766e+00  6.42401802e+01  3.16227766e+00 -8.62185956e-04 
 3.41454887e+00  6.42401802e+01  3.41454887e+00 -9.30966981e-04 
 3.68694506e+00  6.42401802e+01  3.68694506e+00 -1.00523502e-03 
 3.98107171e+00  6.42401802e+01  3.98107171e+00 -1.08542781e-03 
 4.29866235e+00  6.42401802e+01  4.29866235e+00 -1.17201799e-03 
 4.64158883e+00  6.42401802e+01  4.64158883e+00 -1.26551592e-03 
 5.01187234e+00  6.42401802e+01  5.01187234e+00 -1.36647265e-03 
 5.41169527e+00  6.42401802e+01  5.41169527e+00 -1.47548323e-03 
 5.84341413e+00  6.42401802e+01  5.84341413e+00 -1.59319014e-03 
 6.30957344e+00  6.42401802e+01  6.30957344e+00 -1.72028715e-03 
 6.81292069e+00  6.42401802e+01  6.81292069e+00 -1.85752333e-03 
 7.35642254e+00  6.42401802e+01  7.35642254e+00 -2.00570756e-03 
 7.94328235e+00  6.42401802e+01  7.94328235e+00 -2.16571320e-03 
 8.57695899e+00  6.42401802e+01  8.57695899e+00 -2.33848333e-03 
 9.26118728e+00  6.42401802e+01  9.26118728e+00 -2.52503621e-03 
 1.00000000e+01  6.42401802e+01  1.00000000e+01 -2.72647139e-03 
 1.07977516e+01  6.42401802e+01  1.07977516e+01 -2.94397609e-03 
 1.16591440e+01  6.42401802e+01  1.16591440e+01 -3.17883225e-03 
 1.25892541e+01  6.42401802e+01  1.25892541e+01 -3.43242411e-03 
 1.35935639e+01  6.42401801e+01  1.35935639e+01 -3.70624630e-03 
 1.46779927e+01  6.42401801e+01  1.46779927e+01 -4.00191270e-03 
 1.58489319e+01  6.42401801e+01  1.58489319e+01 -4.32116594e-03 
 1.71132830e+01  6.42401801e+01  1.71132830e+01 -4.66588765e-03 
 1.84784980e+01  6.42401801e+01  1.84784980e+01 -5.03810959e-03 
 1.99526231e+01  6.42401801e+01  1.99526231e+01 -5.44002560e-03 
 2.15443469e+01  6.42401801e+01  2.15443469e+01 -5.87400452e-03 
 2.32630507e+01  6.42401801e+01  2.32630507e+01 -6.34260419e-03 
 2.51188643e+01  6.42401801e+01  2.51188643e+01 -6.84858646e-03 
 2.71227258e+01  6.42401801e+01  2.71227258e+01 -7.39493355e-03 
 2.92864456e+01  6.42401801e+01  2.92864456e+01 -7.98486557e-03 
 3.16227766e+01  6.42401801e+01  3.16227766e+01 -8.62185951e-03 
 3.41454887e+01  6.42401801e+01  3.41454887e+01 -9.30966975e-03 
 3.68694506e+01  6.42401800e+01  3.68694506e+01 -1.00523501e-02 
 3.98107171e+01  6.42401800e+01  3.98107171e+01 -1.08542780e-02 
 4.29866235e+01  6.42401800e+01  4.29866235e+01 -1.17201798e-02 
 4.64158883e+01  6.42401800e+01  4.64158883e+01 -1.26551590e-02 
 5.01187234e+01  6.42401799e+01  5.01187234e+01 -1.36647263e-02 
 5.41169527e+01  6.42401799e+01  5.41169527e+01 -1.47548320e-02 
 5.84341413e+01  6.42401799e+01  5.84341413e+01 -1.59319011e-02 
 6.30957344e+01  6.42401798e+01  6.30957344e+01 -1.72028710e-02 
 6.81292069e+01  6.42401798e+01  6.81292069e+01 -1.85752328e-02 
 7.35642254e+01  6.42401797e+01  7.35642254e+01 -2.00570749e-02 
 7.94328235e+01  6.42401796e+01  7.94328235e+01 -2.16571312e-02 
 8.57695899e+01  6.42401795e+01  8.57695899e+01 -2.33848322e-02 
 9.26118728e+01  6.42401794e+01  9.26118728e+01 -2.52503608e-02 
 1.00000000e+02  6.42401793e+01  1.00000000e+02 -2.72647122e-02 
 1.07977516e+02  6.42401792e+01  1.07977516e+02 -2.94397587e-02 
 1.16591440e+02  6.42401790e+01  1.16591440e+02 -3.17883199e-02 
 1.25892541e+02  6.42401788e+01  1.25892541e+02 -3.43242378e-02 
 1.35935639e+02  6.42401786e+01  1.35935639e+02 -3.70624589e-02 
 1.46779927e+02  6.42401783e+01  1.46779927e+02 -4.00191218e-02 
 1.58489319e+02  6.42401780e+01  1.58489319e+02 -4.32116528e-02 
 1.71132830e+02  6.42401776e+01  1.71132830e+02 -4.66588682e-02 
 1.84784980e+02  6.42401772e+01  1.84784980e+02 -5.03810854e-02 
 1.99526231e+02  6.42401767e+01  1.99526231e+02 -5.44002428e-02 
 2.15443469e+02  6.42401762e+01  2.15443469e+02 -5.87400286e-02 
 2.32630507e+02  6.42401755e+01  2.32630507e+02 -6.34260209e-02 
 2.51188643e+02  6.42401747e+01  2.51188643e+02 -6.84858382e-02 
 2.71227258e+02  6.42401738e+01  2.71227258e+02 -7.39493023e-02 
 2.92864456e+02  6.42401728e+01  2.92864456e+02 -7.98486139e-02 
 3.16227766e+02  6.42401716e+01  3.16227766e+02 -8.62185425e-02 
 3.41454887e+02  6.42401701e+01  3.41454887e+02 -9.30966312e-02 
 3.68694506e+02  6.42401685e+01  3.68694506e+02 -1.00523418e-01 
 3.98107171e+02  6.42401665e+01  3.98107171e+02 -1.08542675e-01 
 4.29866235e+02  6.42401643e+01  4.29866235e+02 -1.17201665e-01 
 4.64158883e+02  6.42401616e+01  4.64158883e+02 -1.26551423e-01 
 5.01187234e+02  6.42401585e+01  5.01187234e+02 -1.36647054e-01 
 5.41169527e+02  6.42401550e+01  5.41169527e+02 -1.47548057e-01 
 5.84341413e+02  6.42401508e+01  5.84341413e+02 -1.59318679e-01 
 6.30957344e+02  6.42401459e+01  6.30957344e+02 -1.72028292e-01 
 6.81292069e+02  6.42401402e+01  6.81292069e+02 -1.85751802e-01 
 7.35642254e+02  6.42401336e+01  7.35642254e+02 -2.00570087e-01 
 7.94328235e+02  6.42401258e+01  7.94328235e+02 -2.16570478e-01 
 8.57695899e+02  6.42401168e+01  8.57695899e+02 -2.33847272e-01 
 9.26118728e+02  6.42401063e+01  9.26118728e+02 -2.52502286e-01 
 1.00000000e+03  6.42400941e+01  1.00000000e+03 -2.72645458e-01 
 1.07977516e+03  6.42400798e+01  1.07977516e+03 -2.94395492e-01 
 1.16591440e+03  6.42400631e+01  1.16591440e+03 -3.17880561e-01 
 1.25892541e+03  6.42400437e+01  1.25892541e+03 -3.43239057e-01 
 1.35935639e+03  6.42400211e+01  1.35935639e+03 -3.70620408e-01 
 1.46779927e+03  6.42399947e+01  1.46779927e+03 -4.00185955e-01 
 1.58489319e+03  6.42399640e+01  1.58489319e+03 -4.32109903e-01 
 1.71132830e+03  6.42399279e+01  1.71132830e+03 -4.66580335e-01 
 1.84784980e+03  6.42398861e+01  1.84784980e+03 -5.03800344e-01 
 1.99526231e+03  6.42398373e+01  1.99526231e+03 -5.43989198e-01 
 2.15443469e+03  6.42397804e+01  2.15443469e+03 -5.87383632e-01 
 2.32630507e+03  6.42397141e+01  2.32630507e+03 -6.34239246e-01 
 2.51188643e+03  6.42396368e+01  2.51188643e+03 -6.84831993e-01 
 2.71227258e+03  6.42395467e+01  2.71227258e+03 -7.39459803e-01 
 2.92864456e+03  6.42394417e+01  2.92864456e+03 -7.98444320e-01 
 3.16227766e+03  6.42393192e+01  3.16227766e+03 -8.62132781e-01 
 3.41454887e+03  6.42391764e+01  3.41454887e+03 -9.30900041e-01 
 3.68694506e+03  6.42390099e+01  3.68694506e+03 -1.00515076e+00 
 3.98107171e+03  6.42388156e+01  3.98107171e+03 -1.08532171e+00 
 4.29866235e+03  6.42385893e+01  4.29866235e+03 -1.17188443e+00 
 4.64158883e+03  6.42383255e+01  4.64158883e+03 -1.26534779e+00 
 5.01187234e+03  6.42380178e+01  5.01187234e+03 -1.36626100e+00 
 5.41169527e+03  6.42376592e+01  5.41169527e+03 -1.47521680e+00 
 5.84341413e+03  6.42372410e+01  5.84341413e+03 -1.59285475e+00 
 6.30957344e+03  6.42367536e+01  6.30957344e+03 -1.71986493e+00 
 6.81292069e+03  6.42361855e+01  6.81292069e+03 -1.85699183e+00 
 7.35642254e+03  6.42355231e+01  7.35642254e+03 -2.00503850e+00 
 7.94328235e+03  6.42347510e+01  7.94328235e+03 -2.16487100e+00 
 8.57695899e+03  6.42338511e+01  8.57695899e+03 -2.33742318e+00 
 9.26118728e+03  6.42328017e+01  9.26118728e+03 -2.52370175e+00 
 1.00000000e+04  6.42315787e+01  1.00000000e+04 -2.72479170e+00 
 1.07977516e+04  6.42301531e+01  1.07977516e+04 -2.94186187e+00 
 1.16591440e+04  6.42284912e+01  1.16591440e+04 -3.17617124e+00 
 1.25892541e+04  6.42265553e+01  1.25892541e+04 -3.42907500e+00 
 1.35935639e+04  6.42242989e+01  1.35935639e+04 -3.70203139e+00 
 1.46779927e+04  6.42216695e+01  1.46779927e+04 -3.99660837e+00 
 1.58489319e+04  6.42186054e+01  1.58489319e+04 -4.31449099e+00 
 1.71132830e+04  6.42150361e+01  1.71132830e+04 -4.65748847e+00 
 1.84784980e+04  6.42108788e+01  1.84784980e+04 -5.02754178e+00 
 1.99526231e+04  6.42060353e+01  1.99526231e+04 -5.42673031e+00 
 2.15443469e+04  6.42003961e+01  2.15443469e+04 -5.85727974e+00 
 2.32630507e+04  6.41938309e+01  2.32630507e+04 -6.32156808e+00 
 2.51188643e+04  6.41861884e+01  2.51188643e+04 -6.82213147e+00 
 2.71227258e+04  6.41772954e+01  2.71227258e+04 -7.36166968e+00 
 2.92864456e+04  6.41669486e+01  2.92864456e+04 -7.94304859e+00 
 3.16227766e+04  6.41549160e+01  3.16227766e+04 -8.56930261e+00 
 3.41454887e+04  6.41409295e+01  3.41454887e+04 -9.24363245e+00 
 3.68694506e+04  6.41246786e+01  3.68694506e+04 -9.96940112e+00 
 3.98107171e+04  6.41058077e+01  3.98107171e+04 -1.07501240e+01 
 4.29866235e+04  6.40839085e+01  4.29866235e+04 -1.15894552e+01 
 4.64158883e+04  6.40585149e+01  4.64158883e+04 -1.24911657e+01 
 5.01187234e+04  6.40290919e+01  5.01187234e+04 -1.34591130e+01 
 5.41169527e+04  6.39950376e+01  5.41169527e+04 -1.44972039e+01 
 5.84341413e+04  6.39556660e+01  5.84341413e+04 -1.56093407e+01 
 6.30957344e+04  6.39102063e+01  6.30957344e+04 -1.67993595e+01 
 6.81292069e+04  6.38577959e+01  6.81292069e+04 -1.80709504e+01 
 7.35642254e+04  6.37974753e+01  7.35642254e+04 -1.94275640e+01 
 7.94328235e+04  6.37281838e+01  7.94328235e+04 -2.08722994e+01 
 8.57695899e+04  6.36487628e+01  8.57695899e+04 -2.24077787e+01 
 9.26118728e+04  6.35579541e+01  9.26118728e+04 -2.40360064e+01 
 1.00000000e+05  6.34544132e+01  1.00000000e+05 -2.57582158e+01 
 1.07977516e+05  6.33367175e+01  1.07977516e+05 -2.75747165e+01 
 1.16591440e+05  6.32033871e+01  1.16591440e+05 -2.94847379e+01 
 1.25892541e+05  6.30529127e+01  1.25892541e+05 -3.14862918e+01 
 1.35935639e+05  6.28837832e+01  1.35935639e+05 -3.35760596e+01 
 1.46779927e+05  6.26945276e+01  1.46779927e+05 -3.57493176e+01 
 1.58489319e+05  6.24837594e+01  1.58489319e+05 -3.79999225e+01 
 1.71132830e+05  6.22502177e+01  1.71132830e+05 -4.03203551e+01 
 1.84784980e+05  6.19928164e+01  1.84784980e+05 -4.27018470e+01 
 1.99526231e+05  6.17106872e+01  1.99526231e+05 -4.51345776e+01 
 2.15443469e+05  6.14032140e+01  2.15443469e+05 -4.76079445e+01 
 2.32630507e+05  6.10700602e+01  2.32630507e+05 -5.01108965e+01 
 2.51188643e+05  6.07111823e+01  2.51188643e+05 -5.26323022e+01 
 2.71227258e+05  6.03268301e+01  2.71227258e+05 -5.51613362e+01 
 2.92864456e+05  5.99175332e+01  2.92864456e+05 -5.76878500e+01 
 3.16227766e+05  5.94840737e+01  3.16227766e+05 -6.02027128e+01 
 3.41454887e+05  5.90274492e+01  3.41454887e+05 -6.26980932e+01 
 3.68694506e+05  5.85488343e+01  3.68694506e+05 -6.51676660e+01 
 3.98107171e+05  5.80495239e+01  3.98107171e+05 -6.76067522e+01 
 4.29866235e+05  5.75308943e+01  4.29866235e+05 -7.00123783e+01 
 4.64158883e+05  5.69943534e+01  4.64158883e+05 -7.23832696e+01 
 5.01187234e+05  5.64412981e+01  5.01187234e+05 -7.47197886e+01 
 5.41169527e+05  5.58730840e+01  5.41169527e+05 -7.70238334e+01 
 5.84341413e+05  5.52909913e+01  5.84341413e+05 -7.92987052e+01 
 6.30957344e+05  5.46962071e+01  6.30957344e+05 -8.15489600e+01 
 6.81292069e+05  5.40898016e+01  6.81292069e+05 -8.37802570e+01 
 7.35642254e+05  5.34727232e+01  7.35642254e+05 -8.59992072e+01 
 7.94328235e+05  5.28457849e+01  7.94328235e+05 -8.82132291e+01 
 8.57695899e+05  5.22096695e+01  8.57695899e+05 -9.04304120e+01 
 9.26118728e+05  5.15649135e+01  9.26118728e+05 -9.26593976e+01 
 1.00000000e+06  5.09119207e+01  1.00000000e+06 -9.49092598e+01 
 1.07977516e+06  5.02509520e+01  1.07977516e+06 -9.71894038e+01 
 1.16591440e+06  4.95821341e+01  1.16591440e+06 -9.95094592e+01 
 1.25892541e+06  4.89054618e+01  1.25892541e+06 -1.01879180e+02 
 1.35935639e+06  4.82207952e+01  1.35935639e+06 -1.04308344e+02 
 1.46779927e+06  4.75278702e+01  1.46779927e+06 -1.06806637e+02 
 1.58489319e+06  4.68262989e+01  1.58489319e+06 -1.09383541e+02 
 1.71132830e+06  4.61155800e+01  1.71132830e+06 -1.12048193e+02 
 1.84784980e+06  4.53951032e+01  1.84784980e+06 -1.14809248e+02 
 1.99526231e+06  4.46641679e+01  1.99526231e+06 -1.17674708e+02 
 2.15443469e+06  4.39219901e+01  2.15443469e+06 -1.20651765e+02 
 2.32630507e+06  4.31677392e+01  2.32630507e+06 -1.23746594e+02 
 2.51188643e+06  4.24005454e+01  2.51188643e+06 -1.26964192e+02 
 2.71227258e+06  4.16195513e+01  2.71227258e+06 -1.30308172e+02 
 2.92864456e+06  4.08239345e+01  2.92864456e+06 -1.33780622e+02 
 3.16227766e+06  4.00129605e+01  3.16227766e+06 -1.37381946e+02 
 3.41454887e+06  3.91860228e+01  3.41454887e+06 -1.41110785e+02 
 3.68694506e+06  3.83426898e+01  3.68694506e+06 -1.44963963e+02 
 3.98107171e+06  3.74827475e+01  3.98107171e+06 -1.48936514e+02 
 4.29866235e+06  3.66062306e+01  4.29866235e+06 -1.53021767e+02 
 4.64158883e+06  3.57134465e+01  4.64158883e+06 -1.57211503e+02 
 5.01187234e+06  3.48049767e+01  5.01187234e+06 -1.61496178e+02 
 5.41169527e+06  3.38816636e+01  5.41169527e+06 -1.65865185e+02 
 5.84341413e+06  3.29445689e+01  5.84341413e+06 -1.70307182e+02 
 6.30957344e+06  3.19949120e+01  6.30957344e+06 -1.74810434e+02 
 6.81292069e+06  3.10339834e+01  6.81292069e+06 -1.79363203e+02 
 7.35642254e+06  3.00630391e+01  7.35642254e+06 -1.83954165e+02 
 7.94328235e+06  2.90831808e+01  7.94328235e+06 -1.88572862e+02 
 8.57695899e+06  2.80952166e+01  8.57695899e+06 -1.93210274e+02 
 9.26118728e+06  2.70995268e+01  9.26118728e+06 -1.97859440e+02 
 1.00000000e+07  2.60959190e+01  1.00000000e+07 -2.02516278e+02 
 1.07977516e+07  2.50834873e+01  1.07977516e+07 -2.07180620e+02 
 1.16591440e+07  2.40604797e+01  1.16591440e+07 -2.11857533e+02 
 1.25892541e+07  2.30241700e+01  1.25892541e+07 -2.16559109e+02 
 1.35935639e+07  2.19707392e+01  1.35935639e+07 -2.21306924e+02 
 1.46779927e+07  2.08951880e+01  1.46779927e+07 -2.26135423e+02 
 1.58489319e+07  1.97912911e+01  1.58489319e+07 -2.31096914e+02 
 1.71132830e+07  1.86516920e+01  1.71132830e+07 -2.36268799e+02 
 1.84784980e+07  1.74682893e+01  1.84784980e+07 -2.41764573e+02 
 1.99526231e+07  1.62333321e+01  1.99526231e+07 -2.47750265e+02 
 2.15443469e+07  1.49421288e+01  2.15443469e+07 -2.54468403e+02 
 2.32630507e+07  1.35993291e+01  2.32630507e+07 -2.62269167e+02 
 2.51188643e+07  1.22325970e+01  2.51188643e+07 -2.71636195e+02 
 2.71227258e+07  1.09187378e+01  2.71227258e+07 -2.83152409e+02 
 2.92864456e+07  9.81842956e+00  2.92864456e+07 -2.97258362e+02 
 3.16227766e+07  9.17352795e+00  3.16227766e+07 -3.13643130e+02 
 3.41454887e+07  9.17953068e+00  3.41454887e+07 -3.30696930e+02 
 3.68694506e+07  9.80464446e+00  3.68694506e+07 -3.46210450e+02 
 3.98107171e+07  1.08218122e+01  3.98107171e+07 -3.58878287e+02 
 4.29866235e+07  1.20003024e+01  4.29866235e+07 -3.68636340e+02 
 4.64158883e+07  1.31995616e+01  4.64158883e+07 -3.76001548e+02 
 5.01187234e+07  1.43554520e+01  5.01187234e+07 -3.81547400e+02 
 5.41169527e+07  1.54457542e+01  5.41169527e+07 -3.85729669e+02 
 5.84341413e+07  1.64673468e+01  5.84341413e+07 -3.88875322e+02 
 6.30957344e+07  1.74247847e+01  6.30957344e+07 -3.91212038e+02 
 6.81292069e+07  1.83251800e+01  6.81292069e+07 -3.92897825e+02 
 7.35642254e+07  1.91760559e+01  7.35642254e+07 -3.94042671e+02 
 7.94328235e+07  1.99845138e+01  7.94328235e+07 -3.94722914e+02 
 8.57695899e+07  2.07569484e+01  8.57695899e+07 -3.94990362e+02 
 9.26118728e+07  2.14989613e+01  9.26118728e+07 -3.94877918e+02 
 1.00000000e+08  2.22153065e+01  1.00000000e+08 -3.94402903e+02 
 1.07977516e+08  2.29097811e+01  1.07977516e+08 -3.93568946e+02 
 1.16591440e+08  2.35850123e+01  1.16591440e+08 -3.92367111e+02 
 1.25892541e+08  2.42421051e+01  1.25892541e+08 -3.90776853e+02 
 1.35935639e+08  2.48801356e+01  1.35935639e+08 -3.88767463e+02 
 1.46779927e+08  2.54955089e+01  1.46779927e+08 -3.86300827e+02 
 1.58489319e+08  2.60812590e+01  1.58489319e+08 -3.83336425e+02 
 1.71132830e+08  2.66264716e+01  1.71132830e+08 -3.79839446e+02 
 1.84784980e+08  2.71161483e+01  1.84784980e+08 -3.75792375e+02 
 1.99526231e+08  2.75319346e+01  1.99526231e+08 -3.71208950e+02 
 2.15443469e+08  2.78540843e+01  2.15443469e+08 -3.66147082e+02 
 2.32630507e+08  2.80646483e+01  2.32630507e+08 -3.60715047e+02 
 2.51188643e+08  2.81511752e+01  2.51188643e+08 -3.55065315e+02 
 2.71227258e+08  2.81095853e+01  2.71227258e+08 -3.49374676e+02 
 2.92864456e+08  2.79449569e+01  2.92864456e+08 -3.43816475e+02 
 3.16227766e+08  2.76699329e+01  3.16227766e+08 -3.38535378e+02 
 3.41454887e+08  2.73016252e+01  3.41454887e+08 -3.33633178e+02 
 3.68694506e+08  2.68583783e+01  3.68694506e+08 -3.29167470e+02 
 3.98107171e+08  2.63573808e+01  3.98107171e+08 -3.25159252e+02 
 4.29866235e+08  2.58134053e+01  4.29866235e+08 -3.21603891e+02 
 4.64158883e+08  2.52384621e+01  4.64158883e+08 -3.18481332e+02 
 5.01187234e+08  2.46419900e+01  5.01187234e+08 -3.15763792e+02 
 5.41169527e+08  2.40312723e+01  5.41169527e+08 -3.13420772e+02 
 5.84341413e+08  2.34118865e+01  5.84341413e+08 -3.11421967e+02 
 6.30957344e+08  2.27881006e+01  6.30957344e+08 -3.09738786e+02 
 6.81292069e+08  2.21631914e+01  6.81292069e+08 -3.08345028e+02 
 7.35642254e+08  2.15396888e+01  7.35642254e+08 -3.07217117e+02 
 7.94328235e+08  2.09195629e+01  7.94328235e+08 -3.06334103e+02 
 8.57695899e+08  2.03043677e+01  8.57695899e+08 -3.05677564e+02 
 9.26118728e+08  1.96953552e+01  9.26118728e+08 -3.05231445e+02 
 1.00000000e+09  1.90935680e+01  1.00000000e+09 -3.04981875e+02 
