 1.00000000e+00  6.16373976e+01  1.00000000e+00 -1.79999831e+02 
 1.07977516e+00  6.16373976e+01  1.07977516e+00 -1.79999818e+02 
 1.16591440e+00  6.16373976e+01  1.16591440e+00 -1.79999803e+02 
 1.25892541e+00  6.16373976e+01  1.25892541e+00 -1.79999787e+02 
 1.35935639e+00  6.16373976e+01  1.35935639e+00 -1.79999770e+02 
 1.46779927e+00  6.16373976e+01  1.46779927e+00 -1.79999752e+02 
 1.58489319e+00  6.16373976e+01  1.58489319e+00 -1.79999732e+02 
 1.71132830e+00  6.16373976e+01  1.71132830e+00 -1.79999711e+02 
 1.84784980e+00  6.16373976e+01  1.84784980e+00 -1.79999688e+02 
 1.99526231e+00  6.16373976e+01  1.99526231e+00 -1.79999663e+02 
 2.15443469e+00  6.16373976e+01  2.15443469e+00 -1.79999636e+02 
 2.32630507e+00  6.16373976e+01  2.32630507e+00 -1.79999607e+02 
 2.51188643e+00  6.16373976e+01  2.51188643e+00 -1.79999576e+02 
 2.71227258e+00  6.16373976e+01  2.71227258e+00 -1.79999542e+02 
 2.92864456e+00  6.16373976e+01  2.92864456e+00 -1.79999506e+02 
 3.16227766e+00  6.16373976e+01  3.16227766e+00 -1.79999466e+02 
 3.41454887e+00  6.16373976e+01  3.41454887e+00 -1.79999423e+02 
 3.68694506e+00  6.16373976e+01  3.68694506e+00 -1.79999377e+02 
 3.98107171e+00  6.16373976e+01  3.98107171e+00 -1.79999328e+02 
 4.29866235e+00  6.16373976e+01  4.29866235e+00 -1.79999274e+02 
 4.64158883e+00  6.16373976e+01  4.64158883e+00 -1.79999216e+02 
 5.01187234e+00  6.16373976e+01  5.01187234e+00 -1.79999154e+02 
 5.41169527e+00  6.16373976e+01  5.41169527e+00 -1.79999086e+02 
 5.84341413e+00  6.16373976e+01  5.84341413e+00 -1.79999013e+02 
 6.30957344e+00  6.16373976e+01  6.30957344e+00 -1.79998935e+02 
 6.81292069e+00  6.16373976e+01  6.81292069e+00 -1.79998850e+02 
 7.35642254e+00  6.16373976e+01  7.35642254e+00 -1.79998758e+02 
 7.94328235e+00  6.16373976e+01  7.94328235e+00 -1.79998659e+02 
 8.57695899e+00  6.16373976e+01  8.57695899e+00 -1.79998552e+02 
 9.26118728e+00  6.16373976e+01  9.26118728e+00 -1.79998436e+02 
 1.00000000e+01  6.16373976e+01  1.00000000e+01 -1.79998312e+02 
 1.07977516e+01  6.16373976e+01  1.07977516e+01 -1.79998177e+02 
 1.16591440e+01  6.16373976e+01  1.16591440e+01 -1.79998031e+02 
 1.25892541e+01  6.16373976e+01  1.25892541e+01 -1.79997874e+02 
 1.35935639e+01  6.16373976e+01  1.35935639e+01 -1.79997705e+02 
 1.46779927e+01  6.16373976e+01  1.46779927e+01 -1.79997522e+02 
 1.58489319e+01  6.16373976e+01  1.58489319e+01 -1.79997324e+02 
 1.71132830e+01  6.16373976e+01  1.71132830e+01 -1.79997111e+02 
 1.84784980e+01  6.16373976e+01  1.84784980e+01 -1.79996880e+02 
 1.99526231e+01  6.16373976e+01  1.99526231e+01 -1.79996631e+02 
 2.15443469e+01  6.16373976e+01  2.15443469e+01 -1.79996362e+02 
 2.32630507e+01  6.16373976e+01  2.32630507e+01 -1.79996072e+02 
 2.51188643e+01  6.16373976e+01  2.51188643e+01 -1.79995759e+02 
 2.71227258e+01  6.16373976e+01  2.71227258e+01 -1.79995421e+02 
 2.92864456e+01  6.16373976e+01  2.92864456e+01 -1.79995055e+02 
 3.16227766e+01  6.16373976e+01  3.16227766e+01 -1.79994661e+02 
 3.41454887e+01  6.16373976e+01  3.41454887e+01 -1.79994235e+02 
 3.68694506e+01  6.16373976e+01  3.68694506e+01 -1.79993775e+02 
 3.98107171e+01  6.16373976e+01  3.98107171e+01 -1.79993278e+02 
 4.29866235e+01  6.16373976e+01  4.29866235e+01 -1.79992742e+02 
 4.64158883e+01  6.16373975e+01  4.64158883e+01 -1.79992163e+02 
 5.01187234e+01  6.16373975e+01  5.01187234e+01 -1.79991538e+02 
 5.41169527e+01  6.16373975e+01  5.41169527e+01 -1.79990863e+02 
 5.84341413e+01  6.16373975e+01  5.84341413e+01 -1.79990134e+02 
 6.30957344e+01  6.16373975e+01  6.30957344e+01 -1.79989347e+02 
 6.81292069e+01  6.16373974e+01  6.81292069e+01 -1.79988497e+02 
 7.35642254e+01  6.16373974e+01  7.35642254e+01 -1.79987579e+02 
 7.94328235e+01  6.16373973e+01  7.94328235e+01 -1.79986589e+02 
 8.57695899e+01  6.16373973e+01  8.57695899e+01 -1.79985519e+02 
 9.26118728e+01  6.16373972e+01  9.26118728e+01 -1.79984363e+02 
 1.00000000e+02  6.16373972e+01  1.00000000e+02 -1.79983116e+02 
 1.07977516e+02  6.16373971e+01  1.07977516e+02 -1.79981769e+02 
 1.16591440e+02  6.16373970e+01  1.16591440e+02 -1.79980315e+02 
 1.25892541e+02  6.16373969e+01  1.25892541e+02 -1.79978744e+02 
 1.35935639e+02  6.16373968e+01  1.35935639e+02 -1.79977049e+02 
 1.46779927e+02  6.16373966e+01  1.46779927e+02 -1.79975218e+02 
 1.58489319e+02  6.16373965e+01  1.58489319e+02 -1.79973241e+02 
 1.71132830e+02  6.16373963e+01  1.71132830e+02 -1.79971106e+02 
 1.84784980e+02  6.16373961e+01  1.84784980e+02 -1.79968801e+02 
 1.99526231e+02  6.16373958e+01  1.99526231e+02 -1.79966312e+02 
 2.15443469e+02  6.16373955e+01  2.15443469e+02 -1.79963625e+02 
 2.32630507e+02  6.16373951e+01  2.32630507e+02 -1.79960723e+02 
 2.51188643e+02  6.16373947e+01  2.51188643e+02 -1.79957589e+02 
 2.71227258e+02  6.16373942e+01  2.71227258e+02 -1.79954206e+02 
 2.92864456e+02  6.16373937e+01  2.92864456e+02 -1.79950553e+02 
 3.16227766e+02  6.16373930e+01  3.16227766e+02 -1.79946608e+02 
 3.41454887e+02  6.16373923e+01  3.41454887e+02 -1.79942349e+02 
 3.68694506e+02  6.16373914e+01  3.68694506e+02 -1.79937750e+02 
 3.98107171e+02  6.16373903e+01  3.98107171e+02 -1.79932784e+02 
 4.29866235e+02  6.16373891e+01  4.29866235e+02 -1.79927422e+02 
 4.64158883e+02  6.16373877e+01  4.64158883e+02 -1.79921632e+02 
 5.01187234e+02  6.16373860e+01  5.01187234e+02 -1.79915380e+02 
 5.41169527e+02  6.16373841e+01  5.41169527e+02 -1.79908629e+02 
 5.84341413e+02  6.16373819e+01  5.84341413e+02 -1.79901340e+02 
 6.30957344e+02  6.16373792e+01  6.30957344e+02 -1.79893470e+02 
 6.81292069e+02  6.16373762e+01  6.81292069e+02 -1.79884971e+02 
 7.35642254e+02  6.16373726e+01  7.35642254e+02 -1.79875795e+02 
 7.94328235e+02  6.16373685e+01  7.94328235e+02 -1.79865886e+02 
 8.57695899e+02  6.16373636e+01  8.57695899e+02 -1.79855187e+02 
 9.26118728e+02  6.16373580e+01  9.26118728e+02 -1.79843635e+02 
 1.00000000e+03  6.16373515e+01  1.00000000e+03 -1.79831161e+02 
 1.07977516e+03  6.16373438e+01  1.07977516e+03 -1.79817692e+02 
 1.16591440e+03  6.16373348e+01  1.16591440e+03 -1.79803148e+02 
 1.25892541e+03  6.16373244e+01  1.25892541e+03 -1.79787445e+02 
 1.35935639e+03  6.16373123e+01  1.35935639e+03 -1.79770488e+02 
 1.46779927e+03  6.16372981e+01  1.46779927e+03 -1.79752179e+02 
 1.58489319e+03  6.16372815e+01  1.58489319e+03 -1.79732410e+02 
 1.71132830e+03  6.16372623e+01  1.71132830e+03 -1.79711063e+02 
 1.84784980e+03  6.16372398e+01  1.84784980e+03 -1.79688014e+02 
 1.99526231e+03  6.16372136e+01  1.99526231e+03 -1.79663126e+02 
 2.15443469e+03  6.16371831e+01  2.15443469e+03 -1.79636253e+02 
 2.32630507e+03  6.16371475e+01  2.32630507e+03 -1.79607236e+02 
 2.51188643e+03  6.16371060e+01  2.51188643e+03 -1.79575904e+02 
 2.71227258e+03  6.16370576e+01  2.71227258e+03 -1.79542074e+02 
 2.92864456e+03  6.16370012e+01  2.92864456e+03 -1.79505545e+02 
 3.16227766e+03  6.16369355e+01  3.16227766e+03 -1.79466103e+02 
 3.41454887e+03  6.16368588e+01  3.41454887e+03 -1.79423515e+02 
 3.68694506e+03  6.16367694e+01  3.68694506e+03 -1.79377531e+02 
 3.98107171e+03  6.16366654e+01  3.98107171e+03 -1.79327879e+02 
 4.29866235e+03  6.16365438e+01  4.29866235e+03 -1.79274268e+02 
 4.64158883e+03  6.16364021e+01  4.64158883e+03 -1.79216382e+02 
 5.01187234e+03  6.16362370e+01  5.01187234e+03 -1.79153880e+02 
 5.41169527e+03  6.16360444e+01  5.41169527e+03 -1.79086396e+02 
 5.84341413e+03  6.16358199e+01  5.84341413e+03 -1.79013532e+02 
 6.30957344e+03  6.16355581e+01  6.30957344e+03 -1.78934860e+02 
 6.81292069e+03  6.16352530e+01  6.81292069e+03 -1.78849918e+02 
 7.35642254e+03  6.16348972e+01  7.35642254e+03 -1.78758207e+02 
 7.94328235e+03  6.16344824e+01  7.94328235e+03 -1.78659190e+02 
 8.57695899e+03  6.16339989e+01  8.57695899e+03 -1.78552285e+02 
 9.26118728e+03  6.16334353e+01  9.26118728e+03 -1.78436868e+02 
 1.00000000e+04  6.16327783e+01  1.00000000e+04 -1.78312263e+02 
 1.07977516e+04  6.16320122e+01  1.07977516e+04 -1.78177741e+02 
 1.16591440e+04  6.16311193e+01  1.16591440e+04 -1.78032519e+02 
 1.25892541e+04  6.16300783e+01  1.25892541e+04 -1.77875750e+02 
 1.35935639e+04  6.16288652e+01  1.35935639e+04 -1.77706523e+02 
 1.46779927e+04  6.16274511e+01  1.46779927e+04 -1.77523856e+02 
 1.58489319e+04  6.16258029e+01  1.58489319e+04 -1.77326694e+02 
 1.71132830e+04  6.16238825e+01  1.71132830e+04 -1.77113899e+02 
 1.84784980e+04  6.16216441e+01  1.84784980e+04 -1.76884250e+02 
 1.99526231e+04  6.16190357e+01  1.99526231e+04 -1.76636433e+02 
 2.15443469e+04  6.16159966e+01  2.15443469e+04 -1.76369037e+02 
 2.32630507e+04  6.16124559e+01  2.32630507e+04 -1.76080550e+02 
 2.51188643e+04  6.16083317e+01  2.51188643e+04 -1.75769352e+02 
 2.71227258e+04  6.16035280e+01  2.71227258e+04 -1.75433708e+02 
 2.92864456e+04  6.15979333e+01  2.92864456e+04 -1.75071765e+02 
 3.16227766e+04  6.15914200e+01  3.16227766e+04 -1.74681548e+02 
 3.41454887e+04  6.15838382e+01  3.41454887e+04 -1.74260953e+02 
 3.68694506e+04  6.15750150e+01  3.68694506e+04 -1.73807750e+02 
 3.98107171e+04  6.15647504e+01  3.98107171e+04 -1.73319575e+02 
 4.29866235e+04  6.15528128e+01  4.29866235e+04 -1.72793939e+02 
 4.64158883e+04  6.15389357e+01  4.64158883e+04 -1.72228226e+02 
 5.01187234e+04  6.15228121e+01  5.01187234e+04 -1.71619706e+02 
 5.41169527e+04  6.15040876e+01  5.41169527e+04 -1.70965543e+02 
 5.84341413e+04  6.14823570e+01  5.84341413e+04 -1.70262815e+02 
 6.30957344e+04  6.14571566e+01  6.30957344e+04 -1.69508541e+02 
 6.81292069e+04  6.14279577e+01  6.81292069e+04 -1.68699711e+02 
 7.35642254e+04  6.13941582e+01  7.35642254e+04 -1.67833333e+02 
 7.94328235e+04  6.13550784e+01  7.94328235e+04 -1.66906487e+02 
 8.57695899e+04  6.13099508e+01  8.57695899e+04 -1.65916392e+02 
 9.26118728e+04  6.12579174e+01  9.26118728e+04 -1.64860493e+02 
 1.00000000e+05  6.11980221e+01  1.00000000e+05 -1.63736561e+02 
 1.07977516e+05  6.11292087e+01  1.07977516e+05 -1.62542808e+02 
 1.16591440e+05  6.10503211e+01  1.16591440e+05 -1.61278018e+02 
 1.25892541e+05  6.09601064e+01  1.25892541e+05 -1.59941703e+02 
 1.35935639e+05  6.08572182e+01  1.35935639e+05 -1.58534256e+02 
 1.46779927e+05  6.07402336e+01  1.46779927e+05 -1.57057119e+02 
 1.58489319e+05  6.06076743e+01  1.58489319e+05 -1.55512947e+02 
 1.71132830e+05  6.04580211e+01  1.71132830e+05 -1.53905759e+02 
 1.84784980e+05  6.02897596e+01  1.84784980e+05 -1.52241067e+02 
 1.99526231e+05  6.01014026e+01  1.99526231e+05 -1.50525961e+02 
 2.15443469e+05  5.98915482e+01  2.15443469e+05 -1.48769148e+02 
 2.32630507e+05  5.96589156e+01  2.32630507e+05 -1.46980919e+02 
 2.51188643e+05  5.94023941e+01  2.51188643e+05 -1.45173052e+02 
 2.71227258e+05  5.91210815e+01  2.71227258e+05 -1.43358629e+02 
 2.92864456e+05  5.88143320e+01  2.92864456e+05 -1.41551791e+02 
 3.16227766e+05  5.84817659e+01  3.16227766e+05 -1.39767425e+02 
 3.41454887e+05  5.81232997e+01  3.41454887e+05 -1.38020817e+02 
 3.68694506e+05  5.77391368e+01  3.68694506e+05 -1.36327292e+02 
 3.98107171e+05  5.73297574e+01  3.98107171e+05 -1.34701850e+02 
 4.29866235e+05  5.68958880e+01  4.29866235e+05 -1.33158858e+02 
 4.64158883e+05  5.64384769e+01  4.64158883e+05 -1.31711779e+02 
 5.01187234e+05  5.59586322e+01  5.01187234e+05 -1.30372985e+02 
 5.41169527e+05  5.54575906e+01  5.41169527e+05 -1.29153633e+02 
 5.84341413e+05  5.49366557e+01  5.84341413e+05 -1.28063631e+02 
 6.30957344e+05  5.43971557e+01  6.30957344e+05 -1.27111653e+02 
 6.81292069e+05  5.38404076e+01  6.81292069e+05 -1.26305217e+02 
 7.35642254e+05  5.32676641e+01  7.35642254e+05 -1.25650811e+02 
 7.94328235e+05  5.26801019e+01  7.94328235e+05 -1.25154023e+02 
 8.57695899e+05  5.20787805e+01  8.57695899e+05 -1.24819704e+02 
 9.26118728e+05  5.14646341e+01  9.26118728e+05 -1.24652119e+02 
 1.00000000e+06  5.08384527e+01  1.00000000e+06 -1.24655086e+02 
 1.07977516e+06  5.02008760e+01  1.07977516e+06 -1.24832101e+02 
 1.16591440e+06  4.95523879e+01  1.16591440e+06 -1.25186438e+02 
 1.25892541e+06  4.88933146e+01  1.25892541e+06 -1.25721217e+02 
 1.35935639e+06  4.82238214e+01  1.35935639e+06 -1.26439448e+02 
 1.46779927e+06  4.75439208e+01  1.46779927e+06 -1.27344036e+02 
 1.58489319e+06  4.68534749e+01  1.58489319e+06 -1.28437756e+02 
 1.71132830e+06  4.61522045e+01  1.71132830e+06 -1.29723194e+02 
 1.84784980e+06  4.54397013e+01  1.84784980e+06 -1.31202652e+02 
 1.99526231e+06  4.47154384e+01  1.99526231e+06 -1.32878039e+02 
 2.15443469e+06  4.39787924e+01  2.15443469e+06 -1.34750716e+02 
 2.32630507e+06  4.32290691e+01  2.32630507e+06 -1.36821329e+02 
 2.51188643e+06  4.24655278e+01  2.51188643e+06 -1.39089641e+02 
 2.71227258e+06  4.16874274e+01  2.71227258e+06 -1.41554331e+02 
 2.92864456e+06  4.08940531e+01  2.92864456e+06 -1.44212847e+02 
 3.16227766e+06  4.00847722e+01  3.16227766e+06 -1.47061239e+02 
 3.41454887e+06  3.92590747e+01  3.41454887e+06 -1.50094059e+02 
 3.68694506e+06  3.84166235e+01  3.68694506e+06 -1.53304295e+02 
 3.98107171e+06  3.75573022e+01  3.98107171e+06 -1.56683354e+02 
 4.29866235e+06  3.66812348e+01  4.29866235e+06 -1.60221160e+02 
 4.64158883e+06  3.57888198e+01  4.64158883e+06 -1.63906254e+02 
 5.01187234e+06  3.48807222e+01  5.01187234e+06 -1.67726018e+02 
 5.41169527e+06  3.39578625e+01  5.41169527e+06 -1.71666910e+02 
 5.84341413e+06  3.30213709e+01  5.84341413e+06 -1.75714778e+02 
 6.30957344e+06  3.20725189e+01  6.30957344e+06 -1.79855215e+02 
 6.81292069e+06  3.11126392e+01  6.81292069e+06 -1.84073913e+02 
 7.35642254e+06  3.01430034e+01  7.35642254e+06 -1.88357143e+02 
 7.94328235e+06  2.91647084e+01  7.94328235e+06 -1.92692206e+02 
 8.57695899e+06  2.81785384e+01  8.57695899e+06 -1.97068012e+02 
 9.26118728e+06  2.71848259e+01  9.26118728e+06 -2.01475762e+02 
 1.00000000e+07  2.61833096e+01  1.00000000e+07 -2.05909803e+02 
 1.07977516e+07  2.51730020e+01  1.07977516e+07 -2.10368671e+02 
 1.16591440e+07  2.41520555e+01  1.16591440e+07 -2.14856503e+02 
 1.25892541e+07  2.31176431e+01  1.25892541e+07 -2.19384864e+02 
 1.35935639e+07  2.20658524e+01  1.35935639e+07 -2.23975244e+02 
 1.46779927e+07  2.09916016e+01  1.46779927e+07 -2.28662630e+02 
 1.58489319e+07  1.98886261e+01  1.58489319e+07 -2.33500551e+02 
 1.71132830e+07  1.87496002e+01  1.71132830e+07 -2.38568632e+02 
 1.84784980e+07  1.75666036e+01  1.84784980e+07 -2.43983812e+02 
 1.99526231e+07  1.63323543e+01  1.99526231e+07 -2.49917210e+02 
 2.15443469e+07  1.50432007e+01  2.15443469e+07 -2.56618208e+02 
 2.32630507e+07  1.37059324e+01  2.32630507e+07 -2.64444675e+02 
 2.51188643e+07  1.23522957e+01  2.51188643e+07 -2.73883919e+02 
 2.71227258e+07  1.10657421e+01  2.71227258e+07 -2.85503440e+02 
 2.92864456e+07  1.00137815e+01  2.92864456e+07 -2.99680110e+02 
 3.16227766e+07  9.43525012e+00  3.16227766e+07 -3.15983250e+02 
 3.41454887e+07  9.50381335e+00  3.41454887e+07 -3.32728211e+02 
 3.68694506e+07  1.01647260e+01  3.68694506e+07 -3.47793860e+02 
 3.98107171e+07  1.11897621e+01  3.98107171e+07 -3.60024643e+02 
 4.29866235e+07  1.23600878e+01  4.29866235e+07 -3.69427281e+02 
 4.64158883e+07  1.35451335e+01  4.64158883e+07 -3.76518790e+02 
 5.01187234e+07  1.46857458e+01  5.01187234e+07 -3.81851511e+02 
 5.41169527e+07  1.57615812e+01  5.41169527e+07 -3.85861485e+02 
 5.84341413e+07  1.67700021e+01  5.84341413e+07 -3.88861776e+02 
 6.30957344e+07  1.77155220e+01  6.30957344e+07 -3.91070986e+02 
 6.81292069e+07  1.86050499e+01  6.81292069e+07 -3.92641228e+02 
 7.35642254e+07  1.94458812e+01  7.35642254e+07 -3.93678568e+02 
 7.94328235e+07  2.02449075e+01  7.94328235e+07 -3.94256575e+02 
 8.57695899e+07  2.10083389e+01  8.57695899e+07 -3.94424965e+02 
 9.26118728e+07  2.17416075e+01  9.26118728e+07 -3.94214894e+02 
 1.00000000e+08  2.24492968e+01  1.00000000e+08 -3.93642116e+02 
 1.07977516e+08  2.31350137e+01  1.07977516e+08 -3.92708771e+02 
 1.16591440e+08  2.38011511e+01  1.16591440e+08 -3.91404492e+02 
 1.25892541e+08  2.44485114e+01  1.25892541e+08 -3.89707412e+02 
 1.35935639e+08  2.50757739e+01  1.35935639e+08 -3.87585772e+02 
 1.46779927e+08  2.56788318e+01  1.46779927e+08 -3.85000953e+02 
 1.58489319e+08  2.62500848e+01  1.58489319e+08 -3.81912919e+02 
 1.71132830e+08  2.67778910e+01  1.71132830e+08 -3.78288942e+02 
 1.84784980e+08  2.72465178e+01  1.84784980e+08 -3.74115845e+02 
 1.99526231e+08  2.76370442e+01  1.99526231e+08 -3.69414430e+02 
 2.15443469e+08  2.79295738e+01  2.15443469e+08 -3.64252160e+02 
 2.32630507e+08  2.81066677e+01  2.32630507e+08 -3.58747951e+02 
 2.51188643e+08  2.81571399e+01  2.51188643e+08 -3.53063483e+02 
 2.71227258e+08  2.80787554e+01  2.71227258e+08 -3.47380603e+02 
 2.92864456e+08  2.78786003e+01  2.92864456e+08 -3.41872033e+02 
 3.16227766e+08  2.75710264e+01  3.16227766e+08 -3.36676627e+02 
 3.41454887e+08  2.71742593e+01  3.41454887e+08 -3.31887210e+02 
 3.68694506e+08  2.67071093e+01  3.68694506e+08 -3.27551637e+02 
 3.98107171e+08  2.61867058e+01  3.98107171e+08 -3.23682176e+02 
 4.29866235e+08  2.56274260e+01  4.29866235e+08 -3.20267333e+02 
 4.64158883e+08  2.50407188e+01  4.64158883e+08 -3.17282228e+02 
 5.01187234e+08  2.44354199e+01  5.01187234e+08 -3.14696044e+02 
 5.41169527e+08  2.38182422e+01  5.41169527e+08 -3.12476658e+02 
 5.84341413e+08  2.31942639e+01  5.84341413e+08 -3.10593163e+02 
 6.30957344e+08  2.25673392e+01  6.30957344e+08 -3.09017046e+02 
 6.81292069e+08  2.19404163e+01  6.81292069e+08 -3.07722612e+02 
 7.35642254e+08  2.13157743e+01  7.35642254e+08 -3.06687017e+02 
 7.94328235e+08  2.06951992e+01  7.94328235e+08 -3.05890143e+02 
 8.57695899e+08  2.00801162e+01  8.57695899e+08 -3.05314399e+02 
 9.26118728e+08  1.94716926e+01  9.26118728e+08 -3.04944512e+02 
 1.00000000e+09  1.88709215e+01  1.00000000e+09 -3.04767305e+02 
