 1.00000000e+00  7.32977024e+01  1.00000000e+00 -7.23154230e-04 
 1.07977516e+00  7.32977024e+01  1.07977516e+00 -7.80843976e-04 
 1.16591440e+00  7.32977024e+01  1.16591440e+00 -8.43135931e-04 
 1.25892541e+00  7.32977024e+01  1.25892541e+00 -9.10397236e-04 
 1.35935639e+00  7.32977024e+01  1.35935639e+00 -9.83024324e-04 
 1.46779927e+00  7.32977024e+01  1.46779927e+00 -1.06144525e-03 
 1.58489319e+00  7.32977024e+01  1.58489319e+00 -1.14612222e-03 
 1.71132830e+00  7.32977024e+01  1.71132830e+00 -1.23755430e-03 
 1.84784980e+00  7.32977024e+01  1.84784980e+00 -1.33628040e-03 
 1.99526231e+00  7.32977024e+01  1.99526231e+00 -1.44288238e-03 
 2.15443469e+00  7.32977024e+01  2.15443469e+00 -1.55798856e-03 
 2.32630507e+00  7.32977024e+01  2.32630507e+00 -1.68227735e-03 
 2.51188643e+00  7.32977024e+01  2.51188643e+00 -1.81648130e-03 
 2.71227258e+00  7.32977024e+01  2.71227258e+00 -1.96139139e-03 
 2.92864456e+00  7.32977024e+01  2.92864456e+00 -2.11786170e-03 
 3.16227766e+00  7.32977024e+01  3.16227766e+00 -2.28681446e-03 
 3.41454887e+00  7.32977024e+01  3.41454887e+00 -2.46924546e-03 
 3.68694506e+00  7.32977024e+01  3.68694506e+00 -2.66622992e-03 
 3.98107171e+00  7.32977024e+01  3.98107171e+00 -2.87892884e-03 
 4.29866235e+00  7.32977024e+01  4.29866235e+00 -3.10859586e-03 
 4.64158883e+00  7.32977024e+01  4.64158883e+00 -3.35658459e-03 
 5.01187234e+00  7.32977024e+01  5.01187234e+00 -3.62435667e-03 
 5.41169527e+00  7.32977024e+01  5.41169527e+00 -3.91349032e-03 
 5.84341413e+00  7.32977024e+01  5.84341413e+00 -4.22568964e-03 
 6.30957344e+00  7.32977024e+01  6.30957344e+00 -4.56279471e-03 
 6.81292069e+00  7.32977024e+01  6.81292069e+00 -4.92679240e-03 
 7.35642254e+00  7.32977024e+01  7.35642254e+00 -5.31982806e-03 
 7.94328235e+00  7.32977024e+01  7.94328235e+00 -5.74421821e-03 
 8.57695899e+00  7.32977024e+01  8.57695899e+00 -6.20246415e-03 
 9.26118728e+00  7.32977024e+01  9.26118728e+00 -6.69726673e-03 
 1.00000000e+01  7.32977024e+01  1.00000000e+01 -7.23154226e-03 
 1.07977516e+01  7.32977024e+01  1.07977516e+01 -7.80843971e-03 
 1.16591440e+01  7.32977023e+01  1.16591440e+01 -8.43135925e-03 
 1.25892541e+01  7.32977023e+01  1.25892541e+01 -9.10397229e-03 
 1.35935639e+01  7.32977023e+01  1.35935639e+01 -9.83024315e-03 
 1.46779927e+01  7.32977023e+01  1.46779927e+01 -1.06144524e-02 
 1.58489319e+01  7.32977023e+01  1.58489319e+01 -1.14612220e-02 
 1.71132830e+01  7.32977022e+01  1.71132830e+01 -1.23755428e-02 
 1.84784980e+01  7.32977022e+01  1.84784980e+01 -1.33628037e-02 
 1.99526231e+01  7.32977022e+01  1.99526231e+01 -1.44288235e-02 
 2.15443469e+01  7.32977021e+01  2.15443469e+01 -1.55798852e-02 
 2.32630507e+01  7.32977021e+01  2.32630507e+01 -1.68227730e-02 
 2.51188643e+01  7.32977020e+01  2.51188643e+01 -1.81648124e-02 
 2.71227258e+01  7.32977019e+01  2.71227258e+01 -1.96139132e-02 
 2.92864456e+01  7.32977019e+01  2.92864456e+01 -2.11786161e-02 
 3.16227766e+01  7.32977018e+01  3.16227766e+01 -2.28681435e-02 
 3.41454887e+01  7.32977017e+01  3.41454887e+01 -2.46924532e-02 
 3.68694506e+01  7.32977015e+01  3.68694506e+01 -2.66622974e-02 
 3.98107171e+01  7.32977014e+01  3.98107171e+01 -2.87892862e-02 
 4.29866235e+01  7.32977012e+01  4.29866235e+01 -3.10859558e-02 
 4.64158883e+01  7.32977010e+01  4.64158883e+01 -3.35658424e-02 
 5.01187234e+01  7.32977008e+01  5.01187234e+01 -3.62435623e-02 
 5.41169527e+01  7.32977005e+01  5.41169527e+01 -3.91348976e-02 
 5.84341413e+01  7.32977002e+01  5.84341413e+01 -4.22568894e-02 
 6.30957344e+01  7.32976998e+01  6.30957344e+01 -4.56279383e-02 
 6.81292069e+01  7.32976994e+01  6.81292069e+01 -4.92679129e-02 
 7.35642254e+01  7.32976989e+01  7.35642254e+01 -5.31982667e-02 
 7.94328235e+01  7.32976983e+01  7.94328235e+01 -5.74421645e-02 
 8.57695899e+01  7.32976976e+01  8.57695899e+01 -6.20246193e-02 
 9.26118728e+01  7.32976968e+01  9.26118728e+01 -6.69726394e-02 
 1.00000000e+02  7.32976959e+01  1.00000000e+02 -7.23153875e-02 
 1.07977516e+02  7.32976948e+01  1.07977516e+02 -7.80843530e-02 
 1.16591440e+02  7.32976935e+01  1.16591440e+02 -8.43135367e-02 
 1.25892541e+02  7.32976920e+01  1.25892541e+02 -9.10396527e-02 
 1.35935639e+02  7.32976903e+01  1.35935639e+02 -9.83023431e-02 
 1.46779927e+02  7.32976883e+01  1.46779927e+02 -1.06144413e-01 
 1.58489319e+02  7.32976859e+01  1.58489319e+02 -1.14612080e-01 
 1.71132830e+02  7.32976832e+01  1.71132830e+02 -1.23755252e-01 
 1.84784980e+02  7.32976800e+01  1.84784980e+02 -1.33627816e-01 
 1.99526231e+02  7.32976763e+01  1.99526231e+02 -1.44287956e-01 
 2.15443469e+02  7.32976719e+01  2.15443469e+02 -1.55798501e-01 
 2.32630507e+02  7.32976669e+01  2.32630507e+02 -1.68227288e-01 
 2.51188643e+02  7.32976610e+01  2.51188643e+02 -1.81647567e-01 
 2.71227258e+02  7.32976541e+01  2.71227258e+02 -1.96138431e-01 
 2.92864456e+02  7.32976461e+01  2.92864456e+02 -2.11785279e-01 
 3.16227766e+02  7.32976368e+01  3.16227766e+02 -2.28680324e-01 
 3.41454887e+02  7.32976259e+01  3.41454887e+02 -2.46923133e-01 
 3.68694506e+02  7.32976132e+01  3.68694506e+02 -2.66621212e-01 
 3.98107171e+02  7.32975984e+01  3.98107171e+02 -2.87890645e-01 
 4.29866235e+02  7.32975811e+01  4.29866235e+02 -3.10856767e-01 
 4.64158883e+02  7.32975609e+01  4.64158883e+02 -3.35654910e-01 
 5.01187234e+02  7.32975375e+01  5.01187234e+02 -3.62431199e-01 
 5.41169527e+02  7.32975101e+01  5.41169527e+02 -3.91343406e-01 
 5.84341413e+02  7.32974782e+01  5.84341413e+02 -4.22561882e-01 
 6.30957344e+02  7.32974410e+01  6.30957344e+02 -4.56270556e-01 
 6.81292069e+02  7.32973976e+01  6.81292069e+02 -4.92668016e-01 
 7.35642254e+02  7.32973471e+01  7.35642254e+02 -5.31968677e-01 
 7.94328235e+02  7.32972881e+01  7.94328235e+02 -5.74404032e-01 
 8.57695899e+02  7.32972194e+01  8.57695899e+02 -6.20224021e-01 
 9.26118728e+02  7.32971392e+01  9.26118728e+02 -6.69698481e-01 
 1.00000000e+03  7.32970456e+01  1.00000000e+03 -7.23118724e-01 
 1.07977516e+03  7.32969367e+01  1.07977516e+03 -7.80799279e-01 
 1.16591440e+03  7.32968097e+01  1.16591440e+03 -8.43079664e-01 
 1.25892541e+03  7.32966616e+01  1.25892541e+03 -9.10326405e-01 
 1.35935639e+03  7.32964890e+01  1.35935639e+03 -9.82935156e-01 
 1.46779927e+03  7.32962878e+01  1.46779927e+03 -1.06133301e+00 
 1.58489319e+03  7.32960531e+01  1.58489319e+03 -1.14598092e+00 
 1.71132830e+03  7.32957795e+01  1.71132830e+03 -1.23737642e+00 
 1.84784980e+03  7.32954606e+01  1.84784980e+03 -1.33605648e+00 
 1.99526231e+03  7.32950888e+01  1.99526231e+03 -1.44260050e+00 
 2.15443469e+03  7.32946552e+01  2.15443469e+03 -1.55763370e+00 
 2.32630507e+03  7.32941498e+01  2.32630507e+03 -1.68183064e+00 
 2.51188643e+03  7.32935607e+01  2.51188643e+03 -1.81591898e+00 
 2.71227258e+03  7.32928740e+01  2.71227258e+03 -1.96068356e+00 
 2.92864456e+03  7.32920733e+01  2.92864456e+03 -2.11697067e+00 
 3.16227766e+03  7.32911401e+01  3.16227766e+03 -2.28569288e+00 
 3.41454887e+03  7.32900524e+01  3.41454887e+03 -2.46783372e+00 
 3.68694506e+03  7.32887844e+01  3.68694506e+03 -2.66445291e+00 
 3.98107171e+03  7.32873065e+01  3.98107171e+03 -2.87669217e+00 
 4.29866235e+03  7.32855842e+01  4.29866235e+03 -3.10578079e+00 
 4.64158883e+03  7.32835769e+01  4.64158883e+03 -3.35304163e+00 
 5.01187234e+03  7.32812377e+01  5.01187234e+03 -3.61989778e+00 
 5.41169527e+03  7.32785121e+01  5.41169527e+03 -3.90787901e+00 
 5.84341413e+03  7.32753362e+01  5.84341413e+03 -4.21862851e+00 
 6.30957344e+03  7.32716365e+01  6.30957344e+03 -4.55390984e+00 
 6.81292069e+03  7.32673267e+01  6.81292069e+03 -4.91561359e+00 
 7.35642254e+03  7.32623074e+01  7.35642254e+03 -5.30576455e+00 
 7.94328235e+03  7.32564627e+01  7.94328235e+03 -5.72652765e+00 
 8.57695899e+03  7.32496578e+01  8.57695899e+03 -6.18021382e+00 
 9.26118728e+03  7.32417377e+01  9.26118728e+03 -6.66928595e+00 
 1.00000000e+04  7.32325214e+01  1.00000000e+04 -7.19636138e+00 
 1.07977516e+04  7.32218012e+01  1.07977516e+04 -7.76421555e+00 
 1.16591440e+04  7.32093355e+01  1.16591440e+04 -8.37578053e+00 
 1.25892541e+04  7.31948467e+01  1.25892541e+04 -9.03414345e+00 
 1.35935639e+04  7.31780140e+01  1.35935639e+04 -9.74253866e+00 
 1.46779927e+04  7.31584709e+01  1.46779927e+04 -1.05043379e+01 
 1.58489319e+04  7.31357961e+01  1.58489319e+04 -1.13230324e+01 
 1.71132830e+04  7.31095078e+01  1.71132830e+04 -1.22022075e+01 
 1.84784980e+04  7.30790568e+01  1.84784980e+04 -1.31455099e+01 
 1.99526231e+04  7.30438211e+01  1.99526231e+04 -1.41566074e+01 
 2.15443469e+04  7.30030972e+01  2.15443469e+04 -1.52391284e+01 
 2.32630507e+04  7.29560928e+01  2.32630507e+04 -1.63965958e+01 
 2.51188643e+04  7.29019243e+01  2.51188643e+04 -1.76323437e+01 
 2.71227258e+04  7.28396094e+01  2.71227258e+04 -1.89494157e+01 
 2.92864456e+04  7.27680667e+01  2.92864456e+04 -2.03504482e+01 
 3.16227766e+04  7.26861136e+01  3.16227766e+04 -2.18375376e+01 
 3.41454887e+04  7.25924757e+01  3.41454887e+04 -2.34120990e+01 
 3.68694506e+04  7.24857895e+01  3.68694506e+04 -2.50747002e+01 
 3.98107171e+04  7.23646223e+01  3.98107171e+04 -2.68249170e+01 
 4.29866235e+04  7.22274890e+01  4.29866235e+04 -2.86611649e+01 
 4.64158883e+04  7.20728830e+01  4.64158883e+04 -3.05805769e+01 
 5.01187234e+04  7.18993068e+01  5.01187234e+04 -3.25788809e+01 
 5.41169527e+04  7.17053141e+01  5.41169527e+04 -3.46503484e+01 
 5.84341413e+04  7.14895533e+01  5.84341413e+04 -3.67877799e+01 
 6.30957344e+04  7.12508144e+01  6.30957344e+04 -3.89825724e+01 
 6.81292069e+04  7.09880745e+01  6.81292069e+04 -4.12248514e+01 
 7.35642254e+04  7.07005404e+01  7.35642254e+04 -4.35036892e+01 
 7.94328235e+04  7.03876788e+01  7.94328235e+04 -4.58073831e+01 
 8.57695899e+04  7.00492449e+01  8.57695899e+04 -4.81237944e+01 
 9.26118728e+04  6.96852928e+01  9.26118728e+04 -5.04407233e+01 
 1.00000000e+05  6.92961702e+01  1.00000000e+05 -5.27462806e+01 
 1.07977516e+05  6.88825045e+01  1.07977516e+05 -5.50292560e+01 
 1.16591440e+05  6.84451723e+01  1.16591440e+05 -5.72794327e+01 
 1.25892541e+05  6.79852647e+01  1.25892541e+05 -5.94878520e+01 
 1.35935639e+05  6.75040391e+01  1.35935639e+05 -6.16469965e+01 
 1.46779927e+05  6.70028757e+01  1.46779927e+05 -6.37509017e+01 
 1.58489319e+05  6.64832332e+01  1.58489319e+05 -6.57951934e+01 
 1.71132830e+05  6.59465979e+01  1.71132830e+05 -6.77770646e+01 
 1.84784980e+05  6.53944556e+01  1.84784980e+05 -6.96951955e+01 
 1.99526231e+05  6.48282510e+01  1.99526231e+05 -7.15496393e+01 
 2.15443469e+05  6.42493699e+01  2.15443469e+05 -7.33416857e+01 
 2.32630507e+05  6.36591137e+01  2.32630507e+05 -7.50737054e+01 
 2.51188643e+05  6.30586895e+01  2.51188643e+05 -7.67490070e+01 
 2.71227258e+05  6.24492036e+01  2.71227258e+05 -7.83716854e+01 
 2.92864456e+05  6.18316554e+01  2.92864456e+05 -7.99464932e+01 
 3.16227766e+05  6.12069367e+01  3.16227766e+05 -8.14787249e+01 
 3.41454887e+05  6.05758387e+01  3.41454887e+05 -8.29741092e+01 
 3.68694506e+05  5.99390474e+01  3.68694506e+05 -8.44387348e+01 
 3.98107171e+05  5.92971570e+01  3.98107171e+05 -8.58789760e+01 
 4.29866235e+05  5.86506683e+01  4.29866235e+05 -8.73014412e+01 
 4.64158883e+05  5.79999956e+01  4.64158883e+05 -8.87129344e+01 
 5.01187234e+05  5.73454729e+01  5.01187234e+05 -9.01204254e+01 
 5.41169527e+05  5.66873570e+01  5.41169527e+05 -9.15310290e+01 
 5.84341413e+05  5.60258302e+01  5.84341413e+05 -9.29519935e+01 
 6.30957344e+05  5.53610052e+01  6.30957344e+05 -9.43906912e+01 
 6.81292069e+05  5.46929253e+01  6.81292069e+05 -9.58546148e+01 
 7.35642254e+05  5.40215654e+01  7.35642254e+05 -9.73513728e+01 
 7.94328235e+05  5.33468297e+01  7.94328235e+05 -9.88886880e+01 
 8.57695899e+05  5.26685575e+01  8.57695899e+05 -1.00474386e+02 
 9.26118728e+05  5.19865185e+01  9.26118728e+05 -1.02116386e+02 
 1.00000000e+06  5.13004044e+01  1.00000000e+06 -1.03822686e+02 
 1.07977516e+06  5.06098388e+01  1.07977516e+06 -1.05601326e+02 
 1.16591440e+06  4.99143646e+01  1.16591440e+06 -1.07460362e+02 
 1.25892541e+06  4.92134457e+01  1.25892541e+06 -1.09407803e+02 
 1.35935639e+06  4.85064663e+01  1.35935639e+06 -1.11451552e+02 
 1.46779927e+06  4.77927288e+01  1.46779927e+06 -1.13599314e+02 
 1.58489319e+06  4.70714559e+01  1.58489319e+06 -1.15858498e+02 
 1.71132830e+06  4.63417928e+01  1.71132830e+06 -1.18236094e+02 
 1.84784980e+06  4.56028203e+01  1.84784980e+06 -1.20738524e+02 
 1.99526231e+06  4.48535599e+01  1.99526231e+06 -1.23371492e+02 
 2.15443469e+06  4.40929971e+01  2.15443469e+06 -1.26139809e+02 
 2.32630507e+06  4.33200981e+01  2.32630507e+06 -1.29047221e+02 
 2.51188643e+06  4.25338492e+01  2.51188643e+06 -1.32096222e+02 
 2.71227258e+06  4.17332823e+01  2.71227258e+06 -1.35287912e+02 
 2.92864456e+06  4.09175217e+01  2.92864456e+06 -1.38621847e+02 
 3.16227766e+06  4.00858227e+01  3.16227766e+06 -1.42095964e+02 
 3.41454887e+06  3.92376255e+01  3.41454887e+06 -1.45706519e+02 
 3.68694506e+06  3.83725921e+01  3.68694506e+06 -1.49448117e+02 
 3.98107171e+06  3.74906497e+01  3.98107171e+06 -1.53313781e+02 
 4.29866235e+06  3.65920064e+01  4.29866235e+06 -1.57295127e+02 
 4.64158883e+06  3.56771732e+01  4.64158883e+06 -1.61382539e+02 
 5.01187234e+06  3.47469454e+01  5.01187234e+06 -1.65565456e+02 
 5.41169527e+06  3.38023807e+01  5.41169527e+06 -1.69832637e+02 
 5.84341413e+06  3.28447405e+01  5.84341413e+06 -1.74172490e+02 
 6.30957344e+06  3.18754127e+01  6.30957344e+06 -1.78573416e+02 
 6.81292069e+06  3.08958206e+01  6.81292069e+06 -1.83024134e+02 
 7.35642254e+06  2.99072986e+01  7.35642254e+06 -1.87514116e+02 
 7.94328235e+06  2.89109784e+01  7.94328235e+06 -1.92033960e+02 
 8.57695899e+06  2.79076428e+01  8.57695899e+06 -1.96575965e+02 
 9.26118728e+06  2.68975885e+01  9.26118728e+06 -2.01134786e+02 
 1.00000000e+07  2.58804943e+01  1.00000000e+07 -2.05708243e+02 
 1.07977516e+07  2.48552879e+01  1.07977516e+07 -2.10298417e+02 
 1.16591440e+07  2.38200145e+01  1.16591440e+07 -2.14913163e+02 
 1.25892541e+07  2.27717382e+01  1.25892541e+07 -2.19567978e+02 
 1.35935639e+07  2.17064361e+01  1.35935639e+07 -2.24288826e+02 
 1.46779927e+07  2.06189544e+01  1.46779927e+07 -2.29115895e+02 
 1.58489319e+07  1.95030355e+01  1.58489319e+07 -2.34109159e+02 
 1.71132830e+07  1.83515381e+01  1.71132830e+07 -2.39356536e+02 
 1.84784980e+07  1.71570909e+01  1.84784980e+07 -2.44985930e+02 
 1.99526231e+07  1.59136995e+01  1.99526231e+07 -2.51182959e+02 
 2.15443469e+07  1.46204668e+01  2.15443469e+07 -2.58215220e+02 
 2.32630507e+07  1.32897421e+01  2.32630507e+07 -2.66459404e+02 
 2.51188643e+07  1.19636085e+01  2.51188643e+07 -2.76408307e+02 
 2.71227258e+07  1.07414542e+01  2.71227258e+07 -2.88581879e+02 
 2.92864456e+07  9.80460525e+00  2.92864456e+07 -3.03189957e+02 
 3.16227766e+07  9.37885549e+00  3.16227766e+07 -3.19526811e+02 
 3.41454887e+07  9.58460706e+00  3.41454887e+07 -3.35785933e+02 
 3.68694506e+07  1.03208399e+01  3.68694506e+07 -3.50083974e+02 
 3.98107171e+07  1.13620870e+01  3.98107171e+07 -3.61586589e+02 
 4.29866235e+07  1.25161934e+01  4.29866235e+07 -3.70437068e+02 
 4.64158883e+07  1.36735064e+01  4.64158883e+07 -3.77146830e+02 
 5.01187234e+07  1.47852318e+01  5.01187234e+07 -3.82222530e+02 
 5.41169527e+07  1.58349774e+01  5.41169527e+07 -3.86058502e+02 
 5.84341413e+07  1.68211564e+01  5.84341413e+07 -3.88938329e+02 
 6.30957344e+07  1.77482070e+01  6.30957344e+07 -3.91061266e+02 
 6.81292069e+07  1.86225950e+01  6.81292069e+07 -3.92566896e+02 
 7.35642254e+07  1.94510995e+01  7.35642254e+07 -3.93553023e+02 
 7.94328235e+07  2.02401237e+01  7.94328235e+07 -3.94087613e+02 
 8.57695899e+07  2.09954403e+01  8.57695899e+07 -3.94216401e+02 
 9.26118728e+07  2.17220883e+01  9.26118728e+07 -3.93967576e+02 
 1.00000000e+08  2.24242836e+01  1.00000000e+08 -3.93354550e+02 
 1.07977516e+08  2.31052668e+01  1.07977516e+08 -3.92377562e+02 
 1.16591440e+08  2.37670418e+01  1.16591440e+08 -3.91024693e+02 
 1.25892541e+08  2.44099740e+01  1.25892541e+08 -3.89272935e+02 
 1.35935639e+08  2.50322397e+01  1.35935639e+08 -3.87089955e+02 
 1.46779927e+08  2.56291571e+01  1.46779927e+08 -3.84437442e+02 
 1.58489319e+08  2.61925025e+01  1.58489319e+08 -3.81276970e+02 
 1.71132830e+08  2.67100304e+01  1.71132830e+08 -3.77579183e+02 
 1.84784980e+08  2.71655567e+01  1.84784980e+08 -3.73336332e+02 
 1.99526231e+08  2.75400463e+01  1.99526231e+08 -3.68576465e+02 
 2.15443469e+08  2.78140084e+01  2.15443469e+08 -3.63375003e+02 
 2.32630507e+08  2.79709997e+01  2.32630507e+08 -3.57857544e+02 
 2.51188643e+08  2.80012740e+01  2.51188643e+08 -3.52188957e+02 
 2.71227258e+08  2.79041221e+01  2.71227258e+08 -3.46549530e+02 
 2.92864456e+08  2.76878350e+01  2.92864456e+08 -3.41106215e+02 
 3.16227766e+08  2.73673983e+01  3.16227766e+08 -3.35989913e+02 
 3.41454887e+08  2.69610957e+01  3.41454887e+08 -3.31285610e+02 
 3.68694506e+08  2.64873914e+01  3.68694506e+08 -3.27034991e+02 
 3.98107171e+08  2.59628791e+01  3.98107171e+08 -3.23246306e+02 
 4.29866235e+08  2.54013767e+01  4.29866235e+08 -3.19905952e+02 
 4.64158883e+08  2.48138417e+01  4.64158883e+08 -3.16988295e+02 
 5.01187234e+08  2.42087176e+01  5.01187234e+08 -3.14462595e+02 
 5.41169527e+08  2.35924223e+01  5.41169527e+08 -3.12297227e+02 
 5.84341413e+08  2.29698204e+01  5.84341413e+08 -3.10461959e+02 
 6.30957344e+08  2.23446140e+01  6.30957344e+08 -3.08928989e+02 
 6.81292069e+08  2.17196447e+01  6.81292069e+08 -3.07673294e+02 
 7.35642254e+08  2.10971183e+01  7.35642254e+08 -3.06672643e+02 
 7.94328235e+08  2.04787709e+01  7.94328235e+08 -3.05907455e+02 
 8.57695899e+08  1.98659949e+01  8.57695899e+08 -3.05360613e+02 
 9.26118728e+08  1.92599383e+01  9.26118728e+08 -3.05017251e+02 
 1.00000000e+09  1.86615837e+01  1.00000000e+09 -3.04864539e+02 
