 1.00000000e+00  6.90627573e+01  1.00000000e+00 -4.61652414e-04 
 1.07977516e+00  6.90627573e+01  1.07977516e+00 -4.98480810e-04 
 1.16591440e+00  6.90627573e+01  1.16591440e+00 -5.38247198e-04 
 1.25892541e+00  6.90627573e+01  1.25892541e+00 -5.81185955e-04 
 1.35935639e+00  6.90627573e+01  1.35935639e+00 -6.27550159e-04 
 1.46779927e+00  6.90627573e+01  1.46779927e+00 -6.77613075e-04 
 1.58489319e+00  6.90627573e+01  1.58489319e+00 -7.31669768e-04 
 1.71132830e+00  6.90627573e+01  1.71132830e+00 -7.90038843e-04 
 1.84784980e+00  6.90627573e+01  1.84784980e+00 -8.53064320e-04 
 1.99526231e+00  6.90627573e+01  1.99526231e+00 -9.21117664e-04 
 2.15443469e+00  6.90627573e+01  2.15443469e+00 -9.94599975e-04 
 2.32630507e+00  6.90627573e+01  2.32630507e+00 -1.07394435e-03 
 2.51188643e+00  6.90627573e+01  2.51188643e+00 -1.15961844e-03 
 2.71227258e+00  6.90627573e+01  2.71227258e+00 -1.25212718e-03 
 2.92864456e+00  6.90627573e+01  2.92864456e+00 -1.35201583e-03 
 3.16227766e+00  6.90627573e+01  3.16227766e+00 -1.45987312e-03 
 3.41454887e+00  6.90627573e+01  3.41454887e+00 -1.57633473e-03 
 3.68694506e+00  6.90627573e+01  3.68694506e+00 -1.70208709e-03 
 3.98107171e+00  6.90627573e+01  3.98107171e+00 -1.83787136e-03 
 4.29866235e+00  6.90627573e+01  4.29866235e+00 -1.98448785e-03 
 4.64158883e+00  6.90627573e+01  4.64158883e+00 -2.14280069e-03 
 5.01187234e+00  6.90627573e+01  5.01187234e+00 -2.31374296e-03 
 5.41169527e+00  6.90627573e+01  5.41169527e+00 -2.49832218e-03 
 5.84341413e+00  6.90627573e+01  5.84341413e+00 -2.69762624e-03 
 6.30957344e+00  6.90627573e+01  6.30957344e+00 -2.91282981e-03 
 6.81292069e+00  6.90627573e+01  6.81292069e+00 -3.14520128e-03 
 7.35642254e+00  6.90627573e+01  7.35642254e+00 -3.39611022e-03 
 7.94328235e+00  6.90627573e+01  7.94328235e+00 -3.66703547e-03 
 8.57695899e+00  6.90627573e+01  8.57695899e+00 -3.95957381e-03 
 9.26118728e+00  6.90627573e+01  9.26118728e+00 -4.27544946e-03 
 1.00000000e+01  6.90627573e+01  1.00000000e+01 -4.61652413e-03 
 1.07977516e+01  6.90627573e+01  1.07977516e+01 -4.98480809e-03 
 1.16591440e+01  6.90627573e+01  1.16591440e+01 -5.38247196e-03 
 1.25892541e+01  6.90627573e+01  1.25892541e+01 -5.81185954e-03 
 1.35935639e+01  6.90627573e+01  1.35935639e+01 -6.27550157e-03 
 1.46779927e+01  6.90627573e+01  1.46779927e+01 -6.77613072e-03 
 1.58489319e+01  6.90627572e+01  1.58489319e+01 -7.31669764e-03 
 1.71132830e+01  6.90627572e+01  1.71132830e+01 -7.90038838e-03 
 1.84784980e+01  6.90627572e+01  1.84784980e+01 -8.53064314e-03 
 1.99526231e+01  6.90627572e+01  1.99526231e+01 -9.21117657e-03 
 2.15443469e+01  6.90627572e+01  2.15443469e+01 -9.94599967e-03 
 2.32630507e+01  6.90627572e+01  2.32630507e+01 -1.07394434e-02 
 2.51188643e+01  6.90627571e+01  2.51188643e+01 -1.15961842e-02 
 2.71227258e+01  6.90627571e+01  2.71227258e+01 -1.25212717e-02 
 2.92864456e+01  6.90627571e+01  2.92864456e+01 -1.35201581e-02 
 3.16227766e+01  6.90627571e+01  3.16227766e+01 -1.45987309e-02 
 3.41454887e+01  6.90627570e+01  3.41454887e+01 -1.57633469e-02 
 3.68694506e+01  6.90627570e+01  3.68694506e+01 -1.70208704e-02 
 3.98107171e+01  6.90627569e+01  3.98107171e+01 -1.83787131e-02 
 4.29866235e+01  6.90627568e+01  4.29866235e+01 -1.98448778e-02 
 4.64158883e+01  6.90627568e+01  4.64158883e+01 -2.14280060e-02 
 5.01187234e+01  6.90627567e+01  5.01187234e+01 -2.31374285e-02 
 5.41169527e+01  6.90627565e+01  5.41169527e+01 -2.49832204e-02 
 5.84341413e+01  6.90627564e+01  5.84341413e+01 -2.69762606e-02 
 6.30957344e+01  6.90627563e+01  6.30957344e+01 -2.91282959e-02 
 6.81292069e+01  6.90627561e+01  6.81292069e+01 -3.14520100e-02 
 7.35642254e+01  6.90627559e+01  7.35642254e+01 -3.39610987e-02 
 7.94328235e+01  6.90627557e+01  7.94328235e+01 -3.66703502e-02 
 8.57695899e+01  6.90627554e+01  8.57695899e+01 -3.95957326e-02 
 9.26118728e+01  6.90627551e+01  9.26118728e+01 -4.27544875e-02 
 1.00000000e+02  6.90627547e+01  1.00000000e+02 -4.61652325e-02 
 1.07977516e+02  6.90627543e+01  1.07977516e+02 -4.98480698e-02 
 1.16591440e+02  6.90627538e+01  1.16591440e+02 -5.38247056e-02 
 1.25892541e+02  6.90627532e+01  1.25892541e+02 -5.81185777e-02 
 1.35935639e+02  6.90627525e+01  1.35935639e+02 -6.27549935e-02 
 1.46779927e+02  6.90627517e+01  1.46779927e+02 -6.77612793e-02 
 1.58489319e+02  6.90627507e+01  1.58489319e+02 -7.31669413e-02 
 1.71132830e+02  6.90627496e+01  1.71132830e+02 -7.90038395e-02 
 1.84784980e+02  6.90627484e+01  1.84784980e+02 -8.53063757e-02 
 1.99526231e+02  6.90627469e+01  1.99526231e+02 -9.21116956e-02 
 2.15443469e+02  6.90627452e+01  2.15443469e+02 -9.94599083e-02 
 2.32630507e+02  6.90627432e+01  2.32630507e+02 -1.07394323e-01 
 2.51188643e+02  6.90627408e+01  2.51188643e+02 -1.15961702e-01 
 2.71227258e+02  6.90627381e+01  2.71227258e+02 -1.25212540e-01 
 2.92864456e+02  6.90627349e+01  2.92864456e+02 -1.35201359e-01 
 3.16227766e+02  6.90627312e+01  3.16227766e+02 -1.45987030e-01 
 3.41454887e+02  6.90627268e+01  3.41454887e+02 -1.57633118e-01 
 3.68694506e+02  6.90627218e+01  3.68694506e+02 -1.70208262e-01 
 3.98107171e+02  6.90627159e+01  3.98107171e+02 -1.83786573e-01 
 4.29866235e+02  6.90627090e+01  4.29866235e+02 -1.98448076e-01 
 4.64158883e+02  6.90627009e+01  4.64158883e+02 -2.14279177e-01 
 5.01187234e+02  6.90626916e+01  5.01187234e+02 -2.31373173e-01 
 5.41169527e+02  6.90626807e+01  5.41169527e+02 -2.49830804e-01 
 5.84341413e+02  6.90626680e+01  5.84341413e+02 -2.69760844e-01 
 6.30957344e+02  6.90626532e+01  6.30957344e+02 -2.91280740e-01 
 6.81292069e+02  6.90626359e+01  6.81292069e+02 -3.14517307e-01 
 7.35642254e+02  6.90626157e+01  7.35642254e+02 -3.39607471e-01 
 7.94328235e+02  6.90625923e+01  7.94328235e+02 -3.66699075e-01 
 8.57695899e+02  6.90625649e+01  8.57695899e+02 -3.95951753e-01 
 9.26118728e+02  6.90625329e+01  9.26118728e+02 -4.27537860e-01 
 1.00000000e+03  6.90624957e+01  1.00000000e+03 -4.61643493e-01 
 1.07977516e+03  6.90624523e+01  1.07977516e+03 -4.98469580e-01 
 1.16591440e+03  6.90624017e+01  1.16591440e+03 -5.38233059e-01 
 1.25892541e+03  6.90623427e+01  1.25892541e+03 -5.81168156e-01 
 1.35935639e+03  6.90622740e+01  1.35935639e+03 -6.27527751e-01 
 1.46779927e+03  6.90621938e+01  1.46779927e+03 -6.77584865e-01 
 1.58489319e+03  6.90621003e+01  1.58489319e+03 -7.31634253e-01 
 1.71132830e+03  6.90619911e+01  1.71132830e+03 -7.89994119e-01 
 1.84784980e+03  6.90618639e+01  1.84784980e+03 -8.53008007e-01 
 1.99526231e+03  6.90617157e+01  1.99526231e+03 -9.21046777e-01 
 2.15443469e+03  6.90615430e+01  2.15443469e+03 -9.94510742e-01 
 2.32630507e+03  6.90613416e+01  2.32630507e+03 -1.07383202e+00 
 2.51188643e+03  6.90611068e+01  2.51188643e+03 -1.15947703e+00 
 2.71227258e+03  6.90608330e+01  2.71227258e+03 -1.25194918e+00 
 2.92864456e+03  6.90605139e+01  2.92864456e+03 -1.35179176e+00 
 3.16227766e+03  6.90601421e+01  3.16227766e+03 -1.45959104e+00 
 3.41454887e+03  6.90597083e+01  3.41454887e+03 -1.57597965e+00 
 3.68694506e+03  6.90592027e+01  3.68694506e+03 -1.70164012e+00 
 3.98107171e+03  6.90586129e+01  3.98107171e+03 -1.83730864e+00 
 4.29866235e+03  6.90579258e+01  4.29866235e+03 -1.98377952e+00 
 4.64158883e+03  6.90571248e+01  4.64158883e+03 -2.14190909e+00 
 5.01187234e+03  6.90561909e+01  5.01187234e+03 -2.31262064e+00 
 5.41169527e+03  6.90551025e+01  5.41169527e+03 -2.49690949e+00 
 5.84341413e+03  6.90538337e+01  5.84341413e+03 -2.69584809e+00 
 6.30957344e+03  6.90523548e+01  6.30957344e+03 -2.91059170e+00 
 6.81292069e+03  6.90506312e+01  6.81292069e+03 -3.14238431e+00 
 7.35642254e+03  6.90486222e+01  7.35642254e+03 -3.39256486e+00 
 7.94328235e+03  6.90462814e+01  7.94328235e+03 -3.66257355e+00 
 8.57695899e+03  6.90435538e+01  8.57695899e+03 -3.95395871e+00 
 9.26118728e+03  6.90403758e+01  9.26118728e+03 -4.26838354e+00 
 1.00000000e+04  6.90366739e+01  1.00000000e+04 -4.60763328e+00 
 1.07977516e+04  6.90323613e+01  1.07977516e+04 -4.97362182e+00 
 1.16591440e+04  6.90273385e+01  1.16591440e+04 -5.36839900e+00 
 1.25892541e+04  6.90214898e+01  1.25892541e+04 -5.79415711e+00 
 1.35935639e+04  6.90146808e+01  1.35935639e+04 -6.25323667e+00 
 1.46779927e+04  6.90067554e+01  1.46779927e+04 -6.74813158e+00 
 1.58489319e+04  6.89975329e+01  1.58489319e+04 -7.28149378e+00 
 1.71132830e+04  6.89868051e+01  1.71132830e+04 -7.85613496e+00 
 1.84784980e+04  6.89743310e+01  1.84784980e+04 -8.47502772e+00 
 1.99526231e+04  6.89598320e+01  1.99526231e+04 -9.14130123e+00 
 2.15443469e+04  6.89429885e+01  2.15443469e+04 -9.85823693e+00 
 2.32630507e+04  6.89234325e+01  2.32630507e+04 -1.06292563e+01 
 2.51188643e+04  6.89007421e+01  2.51188643e+04 -1.14579032e+01 
 2.71227258e+04  6.88744360e+01  2.71227258e+04 -1.23478219e+01 
 2.92864456e+04  6.88439646e+01  2.92864456e+04 -1.33027219e+01 
 3.16227766e+04  6.88087055e+01  3.16227766e+04 -1.43263365e+01 
 3.41454887e+04  6.87679540e+01  3.41454887e+04 -1.54223677e+01 
 3.68694506e+04  6.87209191e+01  3.68694506e+04 -1.65944168e+01 
 3.98107171e+04  6.86667149e+01  3.98107171e+04 -1.78459008e+01 
 4.29866235e+04  6.86043593e+01  4.29866235e+04 -1.91799534e+01 
 4.64158883e+04  6.85327686e+01  4.64158883e+04 -2.05993092e+01 
 5.01187234e+04  6.84507621e+01  5.01187234e+04 -2.21061695e+01 
 5.41169527e+04  6.83570624e+01  5.41169527e+04 -2.37020604e+01 
 5.84341413e+04  6.82503068e+01  5.84341413e+04 -2.53876741e+01 
 6.30957344e+04  6.81290612e+01  6.30957344e+04 -2.71627142e+01 
 6.81292069e+04  6.79918381e+01  6.81292069e+04 -2.90257403e+01 
 7.35642254e+04  6.78371329e+01  7.35642254e+04 -3.09740346e+01 
 7.94328235e+04  6.76634437e+01  7.94328235e+04 -3.30034912e+01 
 8.57695899e+04  6.74693254e+01  8.57695899e+04 -3.51085582e+01 
 9.26118728e+04  6.72534248e+01  9.26118728e+04 -3.72822302e+01 
 1.00000000e+05  6.70145302e+01  1.00000000e+05 -3.95161097e+01 
 1.07977516e+05  6.67516169e+01  1.07977516e+05 -4.18005491e+01 
 1.16591440e+05  6.64638895e+01  1.16591440e+05 -4.41248635e+01 
 1.25892541e+05  6.61508127e+01  1.25892541e+05 -4.64776142e+01 
 1.35935639e+05  6.58121424e+01  1.35935639e+05 -4.88469508e+01 
 1.46779927e+05  6.54479260e+01  1.46779927e+05 -5.12209803e+01 
 1.58489319e+05  6.50585098e+01  1.58489319e+05 -5.35881506e+01 
 1.71132830e+05  6.46445147e+01  1.71132830e+05 -5.59376109e+01 
 1.84784980e+05  6.42068135e+01  1.84784980e+05 -5.82595387e+01 
 1.99526231e+05  6.37464885e+01  1.99526231e+05 -6.05453955e+01 
 2.15443469e+05  6.32647923e+01  2.15443469e+05 -6.27881143e+01 
 2.32630507e+05  6.27630945e+01  2.32630507e+05 -6.49822199e+01 
 2.51188643e+05  6.22428410e+01  2.51188643e+05 -6.71238656e+01 
 2.71227258e+05  6.17055070e+01  2.71227258e+05 -6.92108067e+01 
 2.92864456e+05  6.11525628e+01  2.92864456e+05 -7.12423269e+01 
 3.16227766e+05  6.05854359e+01  3.16227766e+05 -7.32191293e+01 
 3.41454887e+05  6.00054883e+01  3.41454887e+05 -7.51431970e+01 
 3.68694506e+05  5.94140010e+01  3.68694506e+05 -7.70176454e+01 
 3.98107171e+05  5.88121520e+01  3.98107171e+05 -7.88465765e+01 
 4.29866235e+05  5.82010157e+01  4.29866235e+05 -8.06349315e+01 
 4.64158883e+05  5.75815525e+01  4.64158883e+05 -8.23883678e+01 
 5.01187234e+05  5.69546136e+01  5.01187234e+05 -8.41131344e+01 
 5.41169527e+05  5.63209380e+01  5.41169527e+05 -8.58159801e+01 
 5.84341413e+05  5.56811566e+01  5.84341413e+05 -8.75040640e+01 
 6.30957344e+05  5.50357974e+01  6.30957344e+05 -8.91848892e+01 
 6.81292069e+05  5.43852831e+01  6.81292069e+05 -9.08662478e+01 
 7.35642254e+05  5.37299426e+01  7.35642254e+05 -9.25561748e+01 
 7.94328235e+05  5.30700136e+01  7.94328235e+05 -9.42629115e+01 
 8.57695899e+05  5.24056383e+01  8.57695899e+05 -9.59948793e+01 
 9.26118728e+05  5.17368724e+01  9.26118728e+05 -9.77606503e+01 
 1.00000000e+06  5.10636837e+01  1.00000000e+06 -9.95689232e+01 
 1.07977516e+06  5.03859569e+01  1.07977516e+06 -1.01428492e+02 
 1.16591440e+06  4.97034867e+01  1.16591440e+06 -1.03348218e+02 
 1.25892541e+06  4.90159820e+01  1.25892541e+06 -1.05336989e+02 
 1.35935639e+06  4.83230670e+01  1.35935639e+06 -1.07403663e+02 
 1.46779927e+06  4.76242781e+01  1.46779927e+06 -1.09557010e+02 
 1.58489319e+06  4.69190640e+01  1.58489319e+06 -1.11805627e+02 
 1.71132830e+06  4.62067927e+01  1.71132830e+06 -1.14157842e+02 
 1.84784980e+06  4.54867484e+01  1.84784980e+06 -1.16621598e+02 
 1.99526231e+06  4.47581450e+01  1.99526231e+06 -1.19204310e+02 
 2.15443469e+06  4.40201337e+01  2.15443469e+06 -1.21912711e+02 
 2.32630507e+06  4.32718175e+01  2.32630507e+06 -1.24752677e+02 
 2.51188643e+06  4.25122728e+01  2.51188643e+06 -1.27729043e+02 
 2.71227258e+06  4.17405751e+01  2.71227258e+06 -1.30845412e+02 
 2.92864456e+06  4.09558286e+01  2.92864456e+06 -1.34103970e+02 
 3.16227766e+06  4.01572065e+01  3.16227766e+06 -1.37505320e+02 
 3.41454887e+06  3.93439907e+01  3.41454887e+06 -1.41048340e+02 
 3.68694506e+06  3.85156112e+01  3.68694506e+06 -1.44730099e+02 
 3.98107171e+06  3.76716941e+01  3.98107171e+06 -1.48545804e+02 
 4.29866235e+06  3.68120874e+01  4.29866235e+06 -1.52488853e+02 
 4.64158883e+06  3.59368971e+01  4.64158883e+06 -1.56550910e+02 
 5.01187234e+06  3.50464914e+01  5.01187234e+06 -1.60722088e+02 
 5.41169527e+06  3.41414932e+01  5.41169527e+06 -1.64991201e+02 
 5.84341413e+06  3.32227590e+01  5.84341413e+06 -1.69346025e+02 
 6.30957344e+06  3.22913162e+01  6.30957344e+06 -1.73773683e+02 
 6.81292069e+06  3.13482932e+01  6.81292069e+06 -1.78261017e+02 
 7.35642254e+06  3.03948167e+01  7.35642254e+06 -1.82795043e+02 
 7.94328235e+06  2.94318959e+01  7.94328235e+06 -1.87363440e+02 
 8.57695899e+06  2.84602953e+01  8.57695899e+06 -1.91955094e+02 
 9.26118728e+06  2.74803872e+01  9.26118728e+06 -1.96560791e+02 
 1.00000000e+07  2.64920168e+01  1.00000000e+07 -2.01173964e+02 
 1.07977516e+07  2.54943503e+01  1.07977516e+07 -2.05791712e+02 
 1.16591440e+07  2.44857370e+01  1.16591440e+07 -2.10416028e+02 
 1.25892541e+07  2.34635722e+01  1.25892541e+07 -2.15055418e+02 
 1.35935639e+07  2.24241612e+01  1.35935639e+07 -2.19727132e+02 
 1.46779927e+07  2.13626012e+01  1.46779927e+07 -2.24460206e+02 
 1.58489319e+07  2.02726863e+01  1.58489319e+07 -2.29299904e+02 
 1.71132830e+07  1.91468998e+01  1.71132830e+07 -2.34314194e+02 
 1.84784980e+07  1.79766010e+01  1.84784980e+07 -2.39603677e+02 
 1.99526231e+07  1.67527238e+01  1.99526231e+07 -2.45316689e+02 
 2.15443469e+07  1.54676792e+01  2.15443469e+07 -2.51672236e+02 
 2.32630507e+07  1.41200761e+01  2.32630507e+07 -2.58992627e+02 
 2.51188643e+07  1.27257007e+01  2.51188643e+07 -2.67740767e+02 
 2.71227258e+07  1.13407379e+01  2.71227258e+07 -2.78526689e+02 
 2.92864456e+07  1.01006035e+01  2.92864456e+07 -2.91959044e+02 
 3.16227766e+07  9.24577810e+00  3.16227766e+07 -3.08107899e+02 
 3.41454887e+07  9.03480455e+00  3.41454887e+07 -3.25700024e+02 
 3.68694506e+07  9.52317156e+00  3.68694506e+07 -3.42326815e+02 
 3.98107171e+07  1.05017702e+01  3.98107171e+07 -3.56149904e+02 
 4.29866235e+07  1.17008785e+01  4.29866235e+07 -3.66805556e+02 
 4.64158883e+07  1.29425943e+01  4.64158883e+07 -3.74789006e+02 
 5.01187234e+07  1.41436385e+01  5.01187234e+07 -3.80745880e+02 
 5.41169527e+07  1.52746340e+01  5.41169527e+07 -3.85202770e+02 
 5.84341413e+07  1.63306631e+01  5.84341413e+07 -3.88536403e+02 
 6.30957344e+07  1.73164738e+01  6.30957344e+07 -3.91006364e+02 
 6.81292069e+07  1.82399690e+01  6.81292069e+07 -3.92790766e+02 
 7.35642254e+07  1.91095476e+01  7.35642254e+07 -3.94012451e+02 
 7.94328235e+07  1.99331079e+01  7.94328235e+07 -3.94756224e+02 
 8.57695899e+07  2.07177307e+01  8.57695899e+07 -3.95079715e+02 
 9.26118728e+07  2.14696076e+01  9.26118728e+07 -3.95020036e+02 
 1.00000000e+08  2.21940172e+01  1.00000000e+08 -3.94597720e+02 
 1.07977516e+08  2.28952501e+01  1.07977516e+08 -3.93818962e+02 
 1.16591440e+08  2.35764312e+01  1.16591440e+08 -3.92676894e+02 
 1.25892541e+08  2.42391988e+01  1.25892541e+08 -3.91152548e+02 
 1.35935639e+08  2.48832254e+01  1.35935639e+08 -3.89216148e+02 
 1.46779927e+08  2.55055868e+01  1.46779927e+08 -3.86829572e+02 
 1.58489319e+08  2.61000445e+01  1.58489319e+08 -3.83950891e+02 
 1.71132830e+08  2.66564036e+01  1.71132830e+08 -3.80541981e+02 
 1.84784980e+08  2.71602450e+01  1.84784980e+08 -3.76579730e+02 
 1.99526231e+08  2.75934567e+01  1.99526231e+08 -3.72070110e+02 
 2.15443469e+08  2.79359867e+01  2.15443469e+08 -3.67062111e+02 
 2.32630507e+08  2.81689155e+01  2.32630507e+08 -3.61655976e+02 
 2.51188643e+08  2.82782613e+01  2.51188643e+08 -3.55999552e+02 
 2.71227258e+08  2.82582104e+01  2.71227258e+08 -3.50270186e+02 
 2.92864456e+08  2.81123705e+01  2.92864456e+08 -3.44646847e+02 
 3.16227766e+08  2.78525176e+01  3.16227766e+08 -3.39282909e+02 
 3.41454887e+08  2.74955697e+01  3.41454887e+08 -3.34289301e+02 
 3.68694506e+08  2.70601913e+01  3.68694506e+08 -3.29731148e+02 
 3.98107171e+08  2.65641588e+01  3.98107171e+08 -3.25634561e+02 
 4.29866235e+08  2.60228942e+01  4.29866235e+08 -3.21997729e+02 
 4.64158883e+08  2.54489954e+01  4.64158883e+08 -3.18801724e+02 
 5.01187234e+08  2.48523781e+01  5.01187234e+08 -3.16018821e+02 
 5.41169527e+08  2.42406880e+01  5.41169527e+08 -3.13618003e+02 
 5.84341413e+08  2.36197677e+01  5.84341413e+08 -3.11568203e+02 
 6.30957344e+08  2.29940743e+01  6.30957344e+08 -3.09839995e+02 
 6.81292069e+08  2.23670170e+01  6.81292069e+08 -3.08406373e+02 
 7.35642254e+08  2.17412173e+01  7.35642254e+08 -3.07243025e+02 
 7.94328235e+08  2.11187072e+01  7.94328235e+08 -3.06328345e+02 
 8.57695899e+08  2.05010808e+01  8.57695899e+08 -3.05643336e+02 
 9.26118728e+08  1.98896143e+01  9.26118728e+08 -3.05171450e+02 
 1.00000000e+09  1.92853630e+01  1.00000000e+09 -3.04898389e+02 
