 1.00000000e+00  9.59469567e+01  1.00000000e+00  5.48780862e-02 
 1.07977516e+00  9.59469560e+01  1.07977516e+00  5.92559914e-02 
 1.16591440e+00  9.59469553e+01  1.16591440e+00  6.39831439e-02 
 1.25892541e+00  9.59469544e+01  1.25892541e+00  6.90874049e-02 
 1.35935639e+00  9.59469533e+01  1.35935639e+00  7.45988578e-02 
 1.46779927e+00  9.59469521e+01  1.46779927e+00  8.05499863e-02 
 1.58489319e+00  9.59469507e+01  1.58489319e+00  8.69758650e-02 
 1.71132830e+00  9.59469490e+01  1.71132830e+00  9.39143668e-02 
 1.84784980e+00  9.59469471e+01  1.84784980e+00  1.01406386e-01 
 1.99526231e+00  9.59469448e+01  1.99526231e+00  1.09496077e-01 
 2.15443469e+00  9.59469422e+01  2.15443469e+00  1.18231121e-01 
 2.32630507e+00  9.59469391e+01  2.32630507e+00  1.27662998e-01 
 2.51188643e+00  9.59469355e+01  2.51188643e+00  1.37847296e-01 
 2.71227258e+00  9.59469314e+01  2.71227258e+00  1.48844039e-01 
 2.92864456e+00  9.59469265e+01  2.92864456e+00  1.60718036e-01 
 3.16227766e+00  9.59469208e+01  3.16227766e+00  1.73539268e-01 
 3.41454887e+00  9.59469142e+01  3.41454887e+00  1.87383297e-01 
 3.68694506e+00  9.59469065e+01  3.68694506e+00  2.02331710e-01 
 3.98107171e+00  9.59468975e+01  3.98107171e+00  2.18472604e-01 
 4.29866235e+00  9.59468871e+01  4.29866235e+00  2.35901102e-01 
 4.64158883e+00  9.59468748e+01  4.64158883e+00  2.54719912e-01 
 5.01187234e+00  9.59468606e+01  5.01187234e+00  2.75039933e-01 
 5.41169527e+00  9.59468440e+01  5.41169527e+00  2.96980910e-01 
 5.84341413e+00  9.59468246e+01  5.84341413e+00  3.20672134e-01 
 6.30957344e+00  9.59468021e+01  6.30957344e+00  3.46253206e-01 
 6.81292069e+00  9.59467758e+01  6.81292069e+00  3.73874857e-01 
 7.35642254e+00  9.59467451e+01  7.35642254e+00  4.03699833e-01 
 7.94328235e+00  9.59467093e+01  7.94328235e+00  4.35903856e-01 
 8.57695899e+00  9.59466676e+01  8.57695899e+00  4.70676651e-01 
 9.26118728e+00  9.59466190e+01  9.26118728e+00  5.08223060e-01 
 1.00000000e+01  9.59465623e+01  1.00000000e+01  5.48764249e-01 
 1.07977516e+01  9.59464962e+01  1.07977516e+01  5.92539001e-01 
 1.16591440e+01  9.59464191e+01  1.16591440e+01  6.39805111e-01 
 1.25892541e+01  9.59463293e+01  1.25892541e+01  6.90840904e-01 
 1.35935639e+01  9.59462245e+01  1.35935639e+01  7.45946852e-01 
 1.46779927e+01  9.59461024e+01  1.46779927e+01  8.05447333e-01 
 1.58489319e+01  9.59459600e+01  1.58489319e+01  8.69692521e-01 
 1.71132830e+01  9.59457940e+01  1.71132830e+01  9.39060418e-01 
 1.84784980e+01  9.59456005e+01  1.84784980e+01  1.01395905e+00 
 1.99526231e+01  9.59453749e+01  1.99526231e+01  1.09482884e+00 
 2.15443469e+01  9.59451118e+01  2.15443469e+01  1.18214512e+00 
 2.32630507e+01  9.59448051e+01  2.32630507e+01  1.27642089e+00 
 2.51188643e+01  9.59444476e+01  2.51188643e+01  1.37820975e+00 
 2.71227258e+01  9.59440308e+01  2.71227258e+01  1.48810905e+00 
 2.92864456e+01  9.59435449e+01  2.92864456e+01  1.60676326e+00 
 3.16227766e+01  9.59429784e+01  3.16227766e+01  1.73486762e+00 
 3.41454887e+01  9.59423181e+01  3.41454887e+01  1.87317201e+00 
 3.68694506e+01  9.59415483e+01  3.68694506e+01  2.02248510e+00 
 3.98107171e+01  9.59406509e+01  3.98107171e+01  2.18367874e+00 
 4.29866235e+01  9.59396049e+01  4.29866235e+01  2.35769274e+00 
 4.64158883e+01  9.59383857e+01  4.64158883e+01  2.54553979e+00 
 5.01187234e+01  9.59369646e+01  5.01187234e+01  2.74831078e+00 
 5.41169527e+01  9.59353084e+01  5.41169527e+01  2.96718037e+00 
 5.84341413e+01  9.59333781e+01  5.84341413e+01  3.20341286e+00 
 6.30957344e+01  9.59311287e+01  6.30957344e+01  3.45836824e+00 
 6.81292069e+01  9.59285075e+01  6.81292069e+01  3.73350854e+00 
 7.35642254e+01  9.59254534e+01  7.35642254e+01  4.03040435e+00 
 7.94328235e+01  9.59218953e+01  7.94328235e+01  4.35074135e+00 
 8.57695899e+01  9.59177506e+01  8.57695899e+01  4.69632698e+00 
 9.26118728e+01  9.59129231e+01  9.26118728e+01  5.06909687e+00 
 1.00000000e+02  9.59073015e+01  1.00000000e+02  5.47112110e+00 
 1.07977516e+02  9.59007564e+01  1.07977516e+02  5.90460982e+00 
 1.16591440e+02  9.58931377e+01  1.16591440e+02  6.37191826e+00 
 1.25892541e+02  9.58842719e+01  1.25892541e+02  6.87555050e+00 
 1.35935639e+02  9.58739579e+01  1.35935639e+02  7.41816172e+00 
 1.46779927e+02  9.58619635e+01  1.46779927e+02  8.00255840e+00 
 1.58489319e+02  9.58480207e+01  1.58489319e+02  8.63169568e+00 
 1.71132830e+02  9.58318210e+01  1.71132830e+02  9.30867130e+00 
 1.84784980e+02  9.58130095e+01  1.84784980e+02  1.00367149e+01 
 1.99526231e+02  9.57911793e+01  1.99526231e+02  1.08191719e+01 
 2.15443469e+02  9.57658649e+01  2.15443469e+02  1.16594803e+01 
 2.32630507e+02  9.57365356e+01  2.32630507e+02  1.25611390e+01 
 2.51188643e+02  9.57025883e+01  2.51188643e+02  1.35276670e+01 
 2.71227258e+02  9.56633409e+01  2.71227258e+02  1.45625496e+01 
 2.92864456e+02  9.56180252e+01  2.92864456e+02  1.56691726e+01 
 3.16227766e+02  9.55657793e+01  3.16227766e+02  1.68507375e+01 
 3.41454887e+02  9.55056503e+01  3.41454887e+02  1.81101782e+01 
 3.68694506e+02  9.54365803e+01  3.68694506e+02  1.94500270e+01 
 3.98107171e+02  9.53574135e+01  3.98107171e+02  2.08722982e+01 
 4.29866235e+02  9.52668979e+01  4.29866235e+02  2.23783403e+01 
 4.64158883e+02  9.51636926e+01  4.64158883e+02  2.39686814e+01 
 5.01187234e+02  9.50463813e+01  5.01187234e+02  2.56428684e+01 
 5.41169527e+02  9.49134896e+01  5.41169527e+02  2.73993044e+01 
 5.84341413e+02  9.47635172e+01  5.84341413e+02  2.92351250e+01 
 6.30957344e+02  9.45949605e+01  6.30957344e+02  3.11460496e+01 
 6.81292069e+02  9.44063579e+01  6.81292069e+02  3.31263228e+01 
 7.35642254e+02  9.41963297e+01  7.35642254e+02  3.51686791e+01 
 7.94328235e+02  9.39636303e+01  7.94328235e+02  3.72644075e+01 
 8.57695899e+02  9.37071844e+01  8.57695899e+02  3.94034249e+01 
 9.26118728e+02  9.34261401e+01  9.26118728e+02  4.15745095e+01 
 1.00000000e+03  9.31199004e+01  1.00000000e+03  4.37655464e+01 
 1.07977516e+03  9.27881480e+01  1.07977516e+03  4.59638291e+01 
 1.16591440e+03  9.24308652e+01  1.16591440e+03  4.81564587e+01 
 1.25892541e+03  9.20483315e+01  1.25892541e+03  5.03306971e+01 
 1.35935639e+03  9.16411101e+01  1.35935639e+03  5.24743267e+01 
 1.46779927e+03  9.12100261e+01  1.46779927e+03  5.45760062e+01 
 1.58489319e+03  9.07561261e+01  1.58489319e+03  5.66255005e+01 
 1.71132830e+03  9.02806393e+01  1.71132830e+03  5.86139129e+01 
 1.84784980e+03  8.97849304e+01  1.84784980e+03  6.05337963e+01 
 1.99526231e+03  8.92704536e+01  1.99526231e+03  6.23792164e+01 
 2.15443469e+03  8.87387084e+01  2.15443469e+03  6.41457236e+01 
 2.32630507e+03  8.81911987e+01  2.32630507e+03  6.58302561e+01 
 2.51188643e+03  8.76294037e+01  2.51188643e+03  6.74310869e+01 
 2.71227258e+03  8.70547479e+01  2.71227258e+03  6.89476323e+01 
 2.92864456e+03  8.64685819e+01  2.92864456e+03  7.03803012e+01 
 3.16227766e+03  8.58721691e+01  3.16227766e+03  7.17303469e+01 
 3.41454887e+03  8.52666778e+01  3.41454887e+03  7.29997158e+01 
 3.68694506e+03  8.46531762e+01  3.68694506e+03  7.41908832e+01 
 3.98107171e+03  8.40326336e+01  3.98107171e+03  7.53067439e+01 
 4.29866235e+03  8.34059216e+01  4.29866235e+03  7.63504761e+01 
 4.64158883e+03  8.27738187e+01  4.64158883e+03  7.73254286e+01 
 5.01187234e+03  8.21370182e+01  5.01187234e+03  7.82351007e+01 
 5.41169527e+03  8.14961322e+01  5.41169527e+03  7.90830008e+01 
 5.84341413e+03  8.08517001e+01  5.84341413e+03  7.98726374e+01 
 6.30957344e+03  8.02041949e+01  6.30957344e+03  8.06074534e+01 
 6.81292069e+03  7.95540308e+01  6.81292069e+03  8.12908209e+01 
 7.35642254e+03  7.89015682e+01  7.35642254e+03  8.19259731e+01 
 7.94328235e+03  7.82471214e+01  7.94328235e+03  8.25160352e+01 
 8.57695899e+03  7.75909631e+01  8.57695899e+03  8.30639764e+01 
 9.26118728e+03  7.69333298e+01  9.26118728e+03  8.35726319e+01 
 1.00000000e+04  7.62744258e+01  1.00000000e+04  8.40446657e+01 
 1.07977516e+04  7.56144281e+01  1.07977516e+04  8.44826107e+01 
 1.16591440e+04  7.49534895e+01  1.16591440e+04  8.48888360e+01 
 1.25892541e+04  7.42917417e+01  1.25892541e+04  8.52655819e+01 
 1.35935639e+04  7.36292983e+01  1.35935639e+04  8.56149362e+01 
 1.46779927e+04  7.29662569e+01  1.46779927e+04  8.59388410e+01 
 1.58489319e+04  7.23027020e+01  1.58489319e+04  8.62391403e+01 
 1.71132830e+04  7.16387058e+01  1.71132830e+04  8.65175265e+01 
 1.84784980e+04  7.09743307e+01  1.84784980e+04  8.67755931e+01 
 1.99526231e+04  7.03096301e+01  1.99526231e+04  8.70148184e+01 
 2.15443469e+04  6.96446502e+01  2.15443469e+04  8.72365760e+01 
 2.32630507e+04  6.89794304e+01  2.32630507e+04  8.74421468e+01 
 2.51188643e+04  6.83140047e+01  2.51188643e+04  8.76327290e+01 
 2.71227258e+04  6.76484022e+01  2.71227258e+04  8.78094218e+01 
 2.92864456e+04  6.69826479e+01  2.92864456e+04  8.79732545e+01 
 3.16227766e+04  6.63167632e+01  3.16227766e+04  8.81251804e+01 
 3.41454887e+04  6.56507666e+01  3.41454887e+04  8.82660902e+01 
 3.68694506e+04  6.49846738e+01  3.68694506e+04  8.83968069e+01 
 3.98107171e+04  6.43184983e+01  3.98107171e+04  8.85180938e+01 
 4.29866235e+04  6.36522518e+01  4.29866235e+04  8.86306653e+01 
 4.64158883e+04  6.29859441e+01  4.64158883e+04  8.87351777e+01 
 5.01187234e+04  6.23195836e+01  5.01187234e+04  8.88322461e+01 
 5.41169527e+04  6.16531776e+01  5.41169527e+04  8.89224390e+01 
 5.84341413e+04  6.09867322e+01  5.84341413e+04  8.90062876e+01 
 6.30957344e+04  6.03202528e+01  6.30957344e+04  8.90842863e+01 
 6.81292069e+04  5.96537435e+01  6.81292069e+04  8.91568903e+01 
 7.35642254e+04  5.89872083e+01  7.35642254e+04  8.92245281e+01 
 7.94328235e+04  5.83206501e+01  7.94328235e+04  8.92875978e+01 
 8.57695899e+04  5.76540716e+01  8.57695899e+04  8.93464712e+01 
 9.26118728e+04  5.69874748e+01  9.26118728e+04  8.94014932e+01 
 1.00000000e+05  5.63208614e+01  1.00000000e+05  8.94529896e+01 
 1.07977516e+05  5.56542325e+01  1.07977516e+05  8.95012626e+01 
 1.16591440e+05  5.49875893e+01  1.16591440e+05  8.95465985e+01 
 1.25892541e+05  5.43209321e+01  1.25892541e+05  8.95892613e+01 
 1.35935639e+05  5.36542612e+01  1.35935639e+05  8.96295021e+01 
 1.46779927e+05  5.29875764e+01  1.46779927e+05  8.96675596e+01 
 1.58489319e+05  5.23208775e+01  1.58489319e+05  8.97036578e+01 
 1.71132830e+05  5.16541636e+01  1.71132830e+05  8.97380085e+01 
 1.84784980e+05  5.09874335e+01  1.84784980e+05  8.97708148e+01 
 1.99526231e+05  5.03206859e+01  1.99526231e+05  8.98022692e+01 
 2.15443469e+05  4.96539187e+01  2.15443469e+05  8.98325568e+01 
 2.32630507e+05  4.89871296e+01  2.32630507e+05  8.98618554e+01 
 2.51188643e+05  4.83203158e+01  2.51188643e+05  8.98903379e+01 
 2.71227258e+05  4.76534737e+01  2.71227258e+05  8.99181708e+01 
 2.92864456e+05  4.69865992e+01  2.92864456e+05  8.99455175e+01 
 3.16227766e+05  4.63196875e+01  3.16227766e+05  8.99725390e+01 
 3.41454887e+05  4.56527326e+01  3.41454887e+05  8.99993917e+01 
 3.68694506e+05  4.49857279e+01  3.68694506e+05  9.00262339e+01 
 3.98107171e+05  4.43186654e+01  3.98107171e+05  9.00532206e+01 
 4.29866235e+05  4.36515356e+01  4.29866235e+05  9.00805092e+01 
 4.64158883e+05  4.29843277e+01  4.64158883e+05  9.01082569e+01 
 5.01187234e+05  4.23170290e+01  5.01187234e+05  9.01366236e+01 
 5.41169527e+05  4.16496245e+01  5.41169527e+05  9.01657719e+01 
 5.84341413e+05  4.09820968e+01  5.84341413e+05  9.01958661e+01 
 6.30957344e+05  4.03144257e+01  6.30957344e+05  9.02270766e+01 
 6.81292069e+05  3.96465875e+01  6.81292069e+05  9.02595779e+01 
 7.35642254e+05  3.89785545e+01  7.35642254e+05  9.02935478e+01 
 7.94328235e+05  3.83102947e+01  7.94328235e+05  9.03291721e+01 
 8.57695899e+05  3.76417706e+01  8.57695899e+05  9.03666406e+01 
 9.26118728e+05  3.69729385e+01  9.26118728e+05  9.04061492e+01 
 1.00000000e+06  3.63037476e+01  1.00000000e+06  9.04478998e+01 
 1.07977516e+06  3.56341385e+01  1.07977516e+06  9.04920991e+01 
 1.16591440e+06  3.49640424e+01  1.16591440e+06  9.05389581e+01 
 1.25892541e+06  3.42933789e+01  1.25892541e+06  9.05886917e+01 
 1.35935639e+06  3.36220545e+01  1.35935639e+06  9.06415143e+01 
 1.46779927e+06  3.29499604e+01  1.46779927e+06  9.06976394e+01 
 1.58489319e+06  3.22769701e+01  1.58489319e+06  9.07572747e+01 
 1.71132830e+06  3.16029365e+01  1.71132830e+06  9.08206169e+01 
 1.84784980e+06  3.09276886e+01  1.84784980e+06  9.08878450e+01 
 1.99526231e+06  3.02510279e+01  1.99526231e+06  9.09591115e+01 
 2.15443469e+06  2.95727239e+01  2.15443469e+06  9.10345308e+01 
 2.32630507e+06  2.88925092e+01  2.32630507e+06  9.11141630e+01 
 2.51188643e+06  2.82100738e+01  2.51188643e+06  9.11979970e+01 
 2.71227258e+06  2.75250590e+01  2.71227258e+06  9.12859249e+01 
 2.92864456e+06  2.68370495e+01  2.92864456e+06  9.13777112e+01 
 3.16227766e+06  2.61455659e+01  3.16227766e+06  9.14729552e+01 
 3.41454887e+06  2.54500549e+01  3.41454887e+06  9.15710422e+01 
 3.68694506e+06  2.47498794e+01  3.68694506e+06  9.16710837e+01 
 3.98107171e+06  2.40443070e+01  3.98107171e+06  9.17718426e+01 
 4.29866235e+06  2.33324974e+01  4.29866235e+06  9.18716414e+01 
 4.64158883e+06  2.26134891e+01  4.64158883e+06  9.19682489e+01 
 5.01187234e+06  2.18861846e+01  5.01187234e+06  9.20587415e+01 
 5.41169527e+06  2.11493349e+01  5.41169527e+06  9.21393344e+01 
 5.84341413e+06  2.04015230e+01  5.84341413e+06  9.22051752e+01 
 6.30957344e+06  1.96411476e+01  6.30957344e+06  9.22500972e+01 
 6.81292069e+06  1.88664052e+01  6.81292069e+06  9.22663167e+01 
 7.35642254e+06  1.80752730e+01  7.35642254e+06  9.22440714e+01 
 7.94328235e+06  1.72654913e+01  7.94328235e+06  9.21711796e+01 
 8.57695899e+06  1.64345466e+01  8.57695899e+06  9.20325030e+01 
 9.26118728e+06  1.55796535e+01  9.26118728e+06  9.18092832e+01 
 1.00000000e+07  1.46977385e+01  1.00000000e+07  9.14783076e+01 
 1.07977516e+07  1.37854231e+01  1.07977516e+07  9.10108367e+01 
 1.16591440e+07  1.28390114e+01  1.16591440e+07  9.03711837e+01 
 1.25892541e+07  1.18544872e+01  1.25892541e+07  8.95147810e+01 
 1.35935639e+07  1.08275377e+01  1.35935639e+07  8.83854706e+01 
 1.46779927e+07  9.75364132e+00  1.46779927e+07  8.69116230e+01 
 1.58489319e+07  8.62830024e+00  1.58489319e+07  8.50004973e+01 
 1.71132830e+07  7.44758885e+00  1.71132830e+07  8.25300472e+01 
 1.84784980e+07  6.20937124e+00  1.84784980e+07  7.93372791e+01 
 1.99526231e+07  4.91589509e+00  1.99526231e+07  7.52028447e+01 
 2.15443469e+07  3.57909394e+00  2.15443469e+07  6.98344997e+01 
 2.32630507e+07  2.23071059e+00  2.32630507e+07  6.28619541e+01 
 2.51188643e+07  9.38961893e-01  2.51188643e+07  5.38811687e+01 
 2.71227258e+07 -1.73266658e-01  2.71227258e+07  4.26269611e+01 
 2.92864456e+07 -9.34639918e-01  2.92864456e+07  2.93311637e+01 
 3.16227766e+07 -1.19682913e+00  3.16227766e+07  1.50374599e+01 
 3.41454887e+07 -9.42193406e-01  3.41454887e+07  1.29934865e+00 
 3.68694506e+07 -2.97637009e-01  3.68694506e+07 -1.06866598e+01 
 3.98107171e+07  5.65381778e-01  3.98107171e+07 -2.05373911e+01 
 4.29866235e+07  1.51566043e+00  4.29866235e+07 -2.84430789e+01 
 4.64158883e+07  2.47826564e+00  4.64158883e+07 -3.47854457e+01 
 5.01187234e+07  3.41806985e+00  5.01187234e+07 -3.99304084e+01 
 5.41169527e+07  4.32192403e+00  5.41169527e+07 -4.41670056e+01 
 5.84341413e+07  5.18730242e+00  5.84341413e+07 -4.77079009e+01 
 6.30957344e+07  6.01624992e+00  6.30957344e+07 -5.07060200e+01 
 6.81292069e+07  6.81241676e+00  6.81292069e+07 -5.32713405e+01 
 7.35642254e+07  7.57969485e+00  7.35642254e+07 -5.54840089e+01 
 7.94328235e+07  8.32164844e+00  7.94328235e+07 -5.74037794e+01 
 8.57695899e+07  9.04133185e+00  8.57695899e+07 -5.90766080e+01 
 9.26118728e+07  9.74129524e+00  9.26118728e+07 -6.05392069e+01 
 1.00000000e+08  1.04236818e+01  1.00000000e+08 -6.18221467e+01 
 1.07977516e+08  1.10903681e+01  1.07977516e+08 -6.29518925e+01 
 1.16591440e+08  1.17431191e+01  1.16591440e+08 -6.39520078e+01 
 1.25892541e+08  1.23837381e+01  1.25892541e+08 -6.48436692e+01 
 1.35935639e+08  1.30141864e+01  1.35935639e+08 -6.56456054e+01 
 1.46779927e+08  1.36366536e+01  1.46779927e+08 -6.63735890e+01 
 1.58489319e+08  1.42535554e+01  1.58489319e+08 -6.70396637e+01 
 1.71132830e+08  1.48674506e+01  1.71132830e+08 -6.76513488e+01 
 1.84784980e+08  1.54808837e+01  1.84784980e+08 -6.82110874e+01 
 1.99526231e+08  1.60961784e+01  1.99526231e+08 -6.87161658e+01 
 2.15443469e+08  1.67152250e+01  2.15443469e+08 -6.91592203e+01 
 2.32630507e+08  1.73393043e+01  2.32630507e+08 -6.95292915e+01 
 2.51188643e+08  1.79689843e+01  2.51188643e+08 -6.98132427e+01 
 2.71227258e+08  1.86041027e+01  2.71227258e+08 -6.99972808e+01 
 2.92864456e+08  1.92438288e+01  2.92864456e+08 -7.00683218e+01 
 3.16227766e+08  1.98867815e+01  3.16227766e+08 -7.00150237e+01 
 3.41454887e+08  2.05311727e+01  3.41454887e+08 -6.98284152e+01 
 3.68694506e+08  2.11749501e+01  3.68694506e+08 -6.95021457e+01 
 3.98107171e+08  2.18159212e+01  3.98107171e+08 -6.90324419e+01 
 4.29866235e+08  2.24518475e+01  4.29866235e+08 -6.84178804e+01 
 4.64158883e+08  2.30805098e+01  4.64158883e+08 -6.76590763e+01 
 5.01187234e+08  2.36997460e+01  5.01187234e+08 -6.67583662e+01 
 5.41169527e+08  2.43074699e+01  5.41169527e+08 -6.57195362e+01 
 5.84341413e+08  2.49016775e+01  5.84341413e+08 -6.45476219e+01 
 6.30957344e+08  2.54804461e+01  6.30957344e+08 -6.32487874e+01 
 6.81292069e+08  2.60419345e+01  6.81292069e+08 -6.18302764e+01 
 7.35642254e+08  2.65843863e+01  7.35642254e+08 -6.03004178e+01 
 7.94328235e+08  2.71061403e+01  7.94328235e+08 -5.86686649e+01 
 8.57695899e+08  2.76056495e+01  8.57695899e+08 -5.69456391e+01 
 9.26118728e+08  2.80815083e+01  9.26118728e+08 -5.51431537e+01 
 1.00000000e+09  2.85324854e+01  1.00000000e+09 -5.32741899e+01 
