 1.00000000e+00  7.81892247e+01  1.00000000e+00  7.59601808e-03 
 1.07977516e+00  7.81892247e+01  1.07977516e+00  8.20199165e-03 
 1.16591440e+00  7.81892247e+01  1.16591440e+00  8.85630685e-03 
 1.25892541e+00  7.81892247e+01  1.25892541e+00  9.56282016e-03 
 1.35935639e+00  7.81892247e+01  1.35935639e+00  1.03256957e-02 
 1.46779927e+00  7.81892246e+01  1.46779927e+00  1.11494297e-02 
 1.58489319e+00  7.81892246e+01  1.58489319e+00  1.20388772e-02 
 1.71132830e+00  7.81892246e+01  1.71132830e+00  1.29992806e-02 
 1.84784980e+00  7.81892245e+01  1.84784980e+00  1.40363003e-02 
 1.99526231e+00  7.81892245e+01  1.99526231e+00  1.51560484e-02 
 2.15443469e+00  7.81892245e+01  2.15443469e+00  1.63651245e-02 
 2.32630507e+00  7.81892244e+01  2.32630507e+00  1.76706549e-02 
 2.51188643e+00  7.81892243e+01  2.51188643e+00  1.90803342e-02 
 2.71227258e+00  7.81892242e+01  2.71227258e+00  2.06024708e-02 
 2.92864456e+00  7.81892242e+01  2.92864456e+00  2.22460361e-02 
 3.16227766e+00  7.81892240e+01  3.16227766e+00  2.40207170e-02 
 3.41454887e+00  7.81892239e+01  3.41454887e+00  2.59369734e-02 
 3.68694506e+00  7.81892238e+01  3.68694506e+00  2.80060993e-02 
 3.98107171e+00  7.81892236e+01  3.98107171e+00  3.02402900e-02 
 4.29866235e+00  7.81892234e+01  4.29866235e+00  3.26527136e-02 
 4.64158883e+00  7.81892232e+01  4.64158883e+00  3.52575885e-02 
 5.01187234e+00  7.81892229e+01  5.01187234e+00  3.80702675e-02 
 5.41169527e+00  7.81892226e+01  5.41169527e+00  4.11073283e-02 
 5.84341413e+00  7.81892222e+01  5.84341413e+00  4.43866708e-02 
 6.30957344e+00  7.81892218e+01  6.30957344e+00  4.79276231e-02 
 6.81292069e+00  7.81892213e+01  6.81292069e+00  5.17510550e-02 
 7.35642254e+00  7.81892207e+01  7.35642254e+00  5.58795013e-02 
 7.94328235e+00  7.81892200e+01  7.94328235e+00  6.03372944e-02 
 8.57695899e+00  7.81892192e+01  8.57695899e+00  6.51507078e-02 
 9.26118728e+00  7.81892183e+01  9.26118728e+00  7.03481111e-02 
 1.00000000e+01  7.81892172e+01  1.00000000e+01  7.59601367e-02 
 1.07977516e+01  7.81892159e+01  1.07977516e+01  8.20198610e-02 
 1.16591440e+01  7.81892144e+01  1.16591440e+01  8.85629987e-02 
 1.25892541e+01  7.81892127e+01  1.25892541e+01  9.56281137e-02 
 1.35935639e+01  7.81892107e+01  1.35935639e+01  1.03256846e-01 
 1.46779927e+01  7.81892084e+01  1.46779927e+01  1.11494158e-01 
 1.58489319e+01  7.81892056e+01  1.58489319e+01  1.20388597e-01 
 1.71132830e+01  7.81892025e+01  1.71132830e+01  1.29992585e-01 
 1.84784980e+01  7.81891987e+01  1.84784980e+01  1.40362725e-01 
 1.99526231e+01  7.81891944e+01  1.99526231e+01  1.51560134e-01 
 2.15443469e+01  7.81891894e+01  2.15443469e+01  1.63650805e-01 
 2.32630507e+01  7.81891835e+01  2.32630507e+01  1.76705994e-01 
 2.51188643e+01  7.81891767e+01  2.51188643e+01  1.90802643e-01 
 2.71227258e+01  7.81891687e+01  2.71227258e+01  2.06023829e-01 
 2.92864456e+01  7.81891593e+01  2.92864456e+01  2.22459254e-01 
 3.16227766e+01  7.81891485e+01  3.16227766e+01  2.40205777e-01 
 3.41454887e+01  7.81891358e+01  3.41454887e+01  2.59367980e-01 
 3.68694506e+01  7.81891211e+01  3.68694506e+01  2.80058785e-01 
 3.98107171e+01  7.81891038e+01  3.98107171e+01  3.02400121e-01 
 4.29866235e+01  7.81890838e+01  4.29866235e+01  3.26523637e-01 
 4.64158883e+01  7.81890604e+01  4.64158883e+01  3.52571480e-01 
 5.01187234e+01  7.81890331e+01  5.01187234e+01  3.80697130e-01 
 5.41169527e+01  7.81890013e+01  5.41169527e+01  4.11066302e-01 
 5.84341413e+01  7.81889642e+01  5.84341413e+01  4.43857919e-01 
 6.30957344e+01  7.81889210e+01  6.30957344e+01  4.79265167e-01 
 6.81292069e+01  7.81888706e+01  6.81292069e+01  5.17496621e-01 
 7.35642254e+01  7.81888118e+01  7.35642254e+01  5.58777478e-01 
 7.94328235e+01  7.81887433e+01  7.94328235e+01  6.03350869e-01 
 8.57695899e+01  7.81886634e+01  8.57695899e+01  6.51479288e-01 
 9.26118728e+01  7.81885703e+01  9.26118728e+01  7.03446125e-01 
 1.00000000e+02  7.81884617e+01  1.00000000e+02  7.59557324e-01 
 1.07977516e+02  7.81883351e+01  1.07977516e+02  8.20143163e-01 
 1.16591440e+02  7.81881875e+01  1.16591440e+02  8.85560185e-01 
 1.25892541e+02  7.81880154e+01  1.25892541e+02  9.56193264e-01 
 1.35935639e+02  7.81878147e+01  1.35935639e+02  1.03245784e+00 
 1.46779927e+02  7.81875808e+01  1.46779927e+02  1.11480232e+00 
 1.58489319e+02  7.81873081e+01  1.58489319e+02  1.20371066e+00 
 1.71132830e+02  7.81869902e+01  1.71132830e+02  1.29970516e+00 
 1.84784980e+02  7.81866196e+01  1.84784980e+02  1.40334942e+00 
 1.99526231e+02  7.81861875e+01  1.99526231e+02  1.51525160e+00 
 2.15443469e+02  7.81856837e+01  2.15443469e+02  1.63606778e+00 
 2.32630507e+02  7.81850965e+01  2.32630507e+02  1.76650573e+00 
 2.51188643e+02  7.81844119e+01  2.51188643e+02  1.90732878e+00 
 2.71227258e+02  7.81836139e+01  2.71227258e+02  2.05936010e+00 
 2.92864456e+02  7.81826837e+01  2.92864456e+02  2.22348711e+00 
 3.16227766e+02  7.81815991e+01  3.16227766e+02  2.40066625e+00 
 3.41454887e+02  7.81803352e+01  3.41454887e+02  2.59192830e+00 
 3.68694506e+02  7.81788621e+01  3.68694506e+02  2.79838331e+00 
 3.98107171e+02  7.81771452e+01  3.98107171e+02  3.02122654e+00 
 4.29866235e+02  7.81751443e+01  4.29866235e+02  3.26174425e+00 
 4.64158883e+02  7.81728126e+01  4.64158883e+02  3.52131994e+00 
 5.01187234e+02  7.81700957e+01  5.01187234e+02  3.80144061e+00 
 5.41169527e+02  7.81669298e+01  5.41169527e+02  4.10370327e+00 
 5.84341413e+02  7.81632418e+01  5.84341413e+02  4.42982195e+00 
 6.30957344e+02  7.81589460e+01  6.30957344e+02  4.78163361e+00 
 6.81292069e+02  7.81539425e+01  6.81292069e+02  5.16110489e+00 
 7.35642254e+02  7.81481164e+01  7.35642254e+02  5.57033869e+00 
 7.94328235e+02  7.81413332e+01  7.94328235e+02  6.01157867e+00 
 8.57695899e+02  7.81334383e+01  8.57695899e+02  6.48721522e+00 
 9.26118728e+02  7.81242511e+01  9.26118728e+02  6.99978734e+00 
 1.00000000e+03  7.81135644e+01  1.00000000e+03  7.55198660e+00 
 1.07977516e+03  7.81011379e+01  1.07977516e+03  8.14665473e+00 
 1.16591440e+03  7.80866943e+01  1.16591440e+03  8.78678125e+00 
 1.25892541e+03  7.80699148e+01  1.25892541e+03  9.47549631e+00 
 1.35935639e+03  7.80504327e+01  1.35935639e+03  1.02160584e+01 
 1.46779927e+03  7.80278283e+01  1.46779927e+03  1.10118378e+01 
 1.58489319e+03  7.80016212e+01  1.58489319e+03  1.18662898e+01 
 1.71132830e+03  7.79712640e+01  1.71132830e+03  1.27829223e+01 
 1.84784980e+03  7.79361360e+01  1.84784980e+03  1.37652521e+01 
 1.99526231e+03  7.78955354e+01  1.99526231e+03  1.48167483e+01 
 2.15443469e+03  7.78486732e+01  2.15443469e+03  1.59407624e+01 
 2.32630507e+03  7.77946664e+01  2.32630507e+03  1.71404430e+01 
 2.51188643e+03  7.77325357e+01  2.51188643e+03  1.84186375e+01 
 2.71227258e+03  7.76612017e+01  2.71227258e+03  1.97777719e+01 
 2.92864456e+03  7.75794849e+01  2.92864456e+03  2.12197167e+01 
 3.16227766e+03  7.74861116e+01  3.16227766e+03  2.27456425e+01 
 3.41454887e+03  7.73797219e+01  3.41454887e+03  2.43558620e+01 
 3.68694506e+03  7.72588852e+01  3.68694506e+03  2.60496716e+01 
 3.98107171e+03  7.71221179e+01  3.98107171e+03  2.78251884e+01 
 4.29866235e+03  7.69679140e+01  4.29866235e+03  2.96792201e+01 
 4.64158883e+03  7.67947771e+01  4.64158883e+03  3.16071479e+01 
 5.01187234e+03  7.66012614e+01  5.01187234e+03  3.36028656e+01 
 5.41169527e+03  7.63860147e+01  5.41169527e+03  3.56587630e+01 
 5.84341413e+03  7.61478263e+01  5.84341413e+03  3.77657916e+01 
 6.30957344e+03  7.58856705e+01  6.30957344e+03  3.99135848e+01 
 6.81292069e+03  7.55987515e+01  6.81292069e+03  4.20906821e+01 
 7.35642254e+03  7.52865360e+01  7.35642254e+03  4.42847997e+01 
 7.94328235e+03  7.49487770e+01  7.94328235e+03  4.64831584e+01 
 8.57695899e+03  7.45855273e+01  8.57695899e+03  4.86728673e+01 
 9.26118728e+03  7.41971338e+01  9.26118728e+03  5.08412736e+01 
 1.00000000e+04  7.37842243e+01  1.00000000e+04  5.29763426e+01 
 1.07977516e+04  7.33476786e+01  1.07977516e+04  5.50669649e+01 
 1.16591440e+04  7.28885912e+01  1.16591440e+04  5.71032171e+01 
 1.25892541e+04  7.24082274e+01  1.25892541e+04  5.90765347e+01 
 1.35935639e+04  7.19079765e+01  1.35935639e+04  6.09798253e+01 
 1.46779927e+04  7.13893076e+01  1.46779927e+04  6.28075108e+01 
 1.58489319e+04  7.08537236e+01  1.58489319e+04  6.45554692e+01 
 1.71132830e+04  7.03027267e+01  1.71132830e+04  6.62209843e+01 
 1.84784980e+04  6.97377844e+01  1.84784980e+04  6.78026019e+01 
 1.99526231e+04  6.91603054e+01  1.99526231e+04  6.92999867e+01 
 2.15443469e+04  6.85716211e+01  2.15443469e+04  7.07137722e+01 
 2.32630507e+04  6.79729733e+01  2.32630507e+04  7.20453937e+01 
 2.51188643e+04  6.73655066e+01  2.51188643e+04  7.32969328e+01 
 2.71227258e+04  6.67502659e+01  2.71227258e+04  7.44709814e+01 
 2.92864456e+04  6.61281969e+01  2.92864456e+04  7.55705086e+01 
 3.16227766e+04  6.55001490e+01  3.16227766e+04  7.65987480e+01 
 3.41454887e+04  6.48668805e+01  3.41454887e+04  7.75591100e+01 
 3.68694506e+04  6.42290645e+01  3.68694506e+04  7.84550939e+01 
 3.98107171e+04  6.35872953e+01  3.98107171e+04  7.92902250e+01 
 4.29866235e+04  6.29420961e+01  4.29866235e+04  8.00680044e+01 
 4.64158883e+04  6.22939254e+01  4.64158883e+04  8.07918749e+01 
 5.01187234e+04  6.16431839e+01  5.01187234e+04  8.14651763e+01 
 5.41169527e+04  6.09902206e+01  5.41169527e+04  8.20911335e+01 
 5.84341413e+04  6.03353394e+01  5.84341413e+04  8.26728439e+01 
 6.30957344e+04  5.96788038e+01  6.30957344e+04  8.32132565e+01 
 6.81292069e+04  5.90208419e+01  6.81292069e+04  8.37151750e+01 
 7.35642254e+04  5.83616513e+01  7.35642254e+04  8.41812528e+01 
 7.94328235e+04  5.77014025e+01  7.94328235e+04  8.46139928e+01 
 8.57695899e+04  5.70402427e+01  8.57695899e+04  8.50157497e+01 
 9.26118728e+04  5.63782984e+01  9.26118728e+04  8.53887364e+01 
 1.00000000e+05  5.57156790e+01  1.00000000e+05  8.57350283e+01 
 1.07977516e+05  5.50524781e+01  1.07977516e+05  8.60565669e+01 
 1.16591440e+05  5.43887763e+01  1.16591440e+05  8.63551688e+01 
 1.25892541e+05  5.37246425e+01  1.25892541e+05  8.66325309e+01 
 1.35935639e+05  5.30601360e+01  1.35935639e+05  8.68902381e+01 
 1.46779927e+05  5.23953071e+01  1.46779927e+05  8.71297701e+01 
 1.58489319e+05  5.17301989e+01  1.58489319e+05  8.73525068e+01 
 1.71132830e+05  5.10648479e+01  1.71132830e+05  8.75597352e+01 
 1.84784980e+05  5.03992849e+01  1.84784980e+05  8.77526573e+01 
 1.99526231e+05  4.97335359e+01  1.99526231e+05  8.79323943e+01 
 2.15443469e+05  4.90676224e+01  2.15443469e+05  8.80999920e+01 
 2.32630507e+05  4.84015620e+01  2.32630507e+05  8.82564270e+01 
 2.51188643e+05  4.77353692e+01  2.51188643e+05  8.84026140e+01 
 2.71227258e+05  4.70690549e+01  2.71227258e+05  8.85394071e+01 
 2.92864456e+05  4.64026275e+01  2.92864456e+05  8.86676061e+01 
 3.16227766e+05  4.57360927e+01  3.16227766e+05  8.87879627e+01 
 3.41454887e+05  4.50694534e+01  3.41454887e+05  8.89011802e+01 
 3.68694506e+05  4.44027104e+01  3.68694506e+05  8.90079223e+01 
 3.98107171e+05  4.37358619e+01  3.98107171e+05  8.91088142e+01 
 4.29866235e+05  4.30689035e+01  4.29866235e+05  8.92044451e+01 
 4.64158883e+05  4.24018285e+01  4.64158883e+05  8.92953747e+01 
 5.01187234e+05  4.17346270e+01  5.01187234e+05  8.93821320e+01 
 5.41169527e+05  4.10672866e+01  5.41169527e+05  8.94652229e+01 
 5.84341413e+05  4.03997914e+01  5.84341413e+05  8.95451287e+01 
 6.30957344e+05  3.97321219e+01  6.30957344e+05  8.96223106e+01 
 6.81292069e+05  3.90642544e+01  6.81292069e+05  8.96972116e+01 
 7.35642254e+05  3.83961608e+01  7.35642254e+05  8.97702589e+01 
 7.94328235e+05  3.77278074e+01  7.94328235e+05  8.98418635e+01 
 8.57695899e+05  3.70591545e+01  8.57695899e+05  8.99124249e+01 
 9.26118728e+05  3.63901556e+01  9.26118728e+05  8.99823293e+01 
 1.00000000e+06  3.57207559e+01  1.00000000e+06  9.00519526e+01 
 1.07977516e+06  3.50508912e+01  1.07977516e+06  9.01216585e+01 
 1.16591440e+06  3.43804866e+01  1.16591440e+06  9.01918007e+01 
 1.25892541e+06  3.37094548e+01  1.25892541e+06  9.02627201e+01 
 1.35935639e+06  3.30376937e+01  1.35935639e+06  9.03347428e+01 
 1.46779927e+06  3.23650844e+01  1.46779927e+06  9.04081791e+01 
 1.58489319e+06  3.16914887e+01  1.58489319e+06  9.04833178e+01 
 1.71132830e+06  3.10167456e+01  1.71132830e+06  9.05604207e+01 
 1.84784980e+06  3.03406681e+01  1.84784980e+06  9.06397152e+01 
 1.99526231e+06  2.96630388e+01  1.99526231e+06  9.07213838e+01 
 2.15443469e+06  2.89836056e+01  2.15443469e+06  9.08055504e+01 
 2.32630507e+06  2.83020760e+01  2.32630507e+06  9.08922627e+01 
 2.51188643e+06  2.76181111e+01  2.51188643e+06  9.09814704e+01 
 2.71227258e+06  2.69313190e+01  2.71227258e+06  9.10729969e+01 
 2.92864456e+06  2.62412463e+01  2.92864456e+06  9.11665018e+01 
 3.16227766e+06  2.55473701e+01  3.16227766e+06  9.12614384e+01 
 3.41454887e+06  2.48490874e+01  3.41454887e+06  9.13569948e+01 
 3.68694506e+06  2.41457050e+01  3.68694506e+06  9.14520255e+01 
 3.98107171e+06  2.34364270e+01  3.98107171e+06  9.15449633e+01 
 4.29866235e+06  2.27203418e+01  4.29866235e+06  9.16337122e+01 
 4.64158883e+06  2.19964085e+01  4.64158883e+06  9.17155163e+01 
 5.01187234e+06  2.12634413e+01  5.01187234e+06  9.17867970e+01 
 5.41169527e+06  2.05200946e+01  5.41169527e+06  9.18429582e+01 
 5.84341413e+06  1.97648461e+01  5.84341413e+06  9.18781460e+01 
 6.30957344e+06  1.89959809e+01  6.30957344e+06  9.18849602e+01 
 6.81292069e+06  1.82115754e+01  6.81292069e+06  9.18541034e+01 
 7.35642254e+06  1.74094812e+01  7.35642254e+06  9.17739557e+01 
 7.94328235e+06  1.65873109e+01  7.94328235e+06  9.16300561e+01 
 8.57695899e+06  1.57424241e+01  8.57695899e+06  9.14044637e+01 
 9.26118728e+06  1.48719174e+01  9.26118728e+06  9.10749611e+01 
 1.00000000e+07  1.39726163e+01  1.00000000e+07  9.06140397e+01 
 1.07977516e+07  1.30410754e+01  1.07977516e+07  8.99875771e+01 
 1.16591440e+07  1.20735928e+01  1.16591440e+07  8.91530687e+01 
 1.25892541e+07  1.10662556e+01  1.25892541e+07  8.80571985e+01 
 1.35935639e+07  1.00150508e+01  1.35935639e+07  8.66324371e+01 
 1.46779927e+07  8.91611296e+00  1.46779927e+07  8.47922133e+01 
 1.58489319e+07  7.76625384e+00  1.58489319e+07  8.24240673e+01 
 1.71132830e+07  6.56406184e+00  1.71132830e+07  7.93801917e+01 
 1.84784980e+07  5.31212569e+00  1.84784980e+07  7.54653068e+01 
 1.99526231e+07  4.02138145e+00  1.99526231e+07  7.04241719e+01 
 2.15443469e+07  2.71910371e+00  2.15443469e+07  6.39382891e+01 
 2.32630507e+07  1.46175432e+00  2.32630507e+07  5.56590207e+01 
 2.51188643e+07  3.49517801e-01  2.51188643e+07  4.53324371e+01 
 2.71227258e+07 -4.74364404e-01  2.71227258e+07  3.30645894e+01 
 2.92864456e+07 -8.69922515e-01  2.92864456e+07  1.96045717e+01 
 3.16227766e+07 -7.86753704e-01  3.16227766e+07  6.24058441e+00 
 3.41454887e+07 -3.02504936e-01  3.41454887e+07 -5.83196062e+00 
 3.68694506e+07  4.37984832e-01  3.68694506e+07 -1.60390626e+01 
 3.98107171e+07  1.30400762e+00  3.98107171e+07 -2.43896622e+01 
 4.29866235e+07  2.21084680e+00  4.29866235e+07 -3.11676084e+01 
 4.64158883e+07  3.11363820e+00  4.64158883e+07 -3.67032644e+01 
 5.01187234e+07  3.99233307e+00  5.01187234e+07 -4.12800657e+01 
 5.41169527e+07  4.84008406e+00  5.41169527e+07 -4.51159417e+01 
 5.84341413e+07  5.65636721e+00  5.84341413e+07 -4.83715427e+01 
 6.30957344e+07  6.44334237e+00  6.30957344e+07 -5.11639472e+01 
 6.81292069e+07  7.20404810e+00  6.81292069e+07 -5.35789118e+01 
 7.35642254e+07  7.94156267e+00  7.35642254e+07 -5.56802530e+01 
 7.94328235e+07  8.65865872e+00  7.94328235e+07 -5.75166312e+01 
 8.57695899e+07  9.35770752e+00  8.57695899e+07 -5.91263445e+01 
 9.26118728e+07  1.00407093e+01  9.26118728e+07 -6.05406636e+01 
 1.00000000e+08  1.07093863e+01  1.00000000e+08 -6.17860956e+01 
 1.07977516e+08  1.13653048e+01  1.07977516e+08 -6.28858264e+01 
 1.16591440e+08  1.20100031e+01  1.16591440e+08 -6.38605015e+01 
 1.25892541e+08  1.26451061e+01  1.25892541e+08 -6.47284525e+01 
 1.35935639e+08  1.32724063e+01  1.35935639e+08 -6.55054736e+01 
 1.46779927e+08  1.38938932e+01  1.46779927e+08 -6.62042804e+01 
 1.58489319e+08  1.45117159e+01  1.58489319e+08 -6.68338333e+01 
 1.71132830e+08  1.51280781e+01  1.71132830e+08 -6.73987445e+01 
 1.84784980e+08  1.57450768e+01  1.84784980e+08 -6.78989865e+01 
 1.99526231e+08  1.63645159e+01  1.99526231e+08 -6.83300603e+01 
 2.15443469e+08  1.69877275e+01  2.15443469e+08 -6.86836672e+01 
 2.32630507e+08  1.76154415e+01  2.32630507e+08 -6.89487999e+01 
 2.51188643e+08  1.82477222e+01  2.51188643e+08 -6.91130644e+01 
 2.71227258e+08  1.88839796e+01  2.71227258e+08 -6.91640054e+01 
 2.92864456e+08  1.95230436e+01  2.92864456e+08 -6.90902381e+01 
 3.16227766e+08  2.01632775e+01  3.16227766e+08 -6.88822658e+01 
 3.41454887e+08  2.08027066e+01  3.41454887e+08 -6.85329521e+01 
 3.68694506e+08  2.14391422e+01  3.68694506e+08 -6.80376872e+01 
 3.98107171e+08  2.20702861e+01  3.98107171e+08 -6.73943288e+01 
 4.29866235e+08  2.26938109e+01  4.29866235e+08 -6.66030094e+01 
 4.64158883e+08  2.33074163e+01  4.64158883e+08 -6.56658866e+01 
 5.01187234e+08  2.39088656e+01  5.01187234e+08 -6.45868968e+01 
 5.41169527e+08  2.44960072e+01  5.41169527e+08 -6.33715483e+01 
 5.84341413e+08  2.50667882e+01  5.84341413e+08 -6.20267681e+01 
 6.30957344e+08  2.56192649e+01  6.30957344e+08 -6.05608047e+01 
 6.81292069e+08  2.61516144e+01  6.81292069e+08 -5.89831754e+01 
 7.35642254e+08  2.66621509e+01  7.35642254e+08 -5.73046378e+01 
 7.94328235e+08  2.71493476e+01  7.94328235e+08 -5.55371641e+01 
 8.57695899e+08  2.76118641e+01  8.57695899e+08 -5.36938918e+01 
 9.26118728e+08  2.80485787e+01  9.26118728e+08 -5.17890305e+01 
 1.00000000e+09  2.84586207e+01  1.00000000e+09 -4.98377070e+01 
