 1.00000000e+00  6.10071693e+01  1.00000000e+00  1.03132601e-03 
 1.07977516e+00  6.10071693e+01  1.07977516e+00  1.11360021e-03 
 1.16591440e+00  6.10071693e+01  1.16591440e+00  1.20243784e-03 
 1.25892541e+00  6.10071693e+01  1.25892541e+00  1.29836252e-03 
 1.35935639e+00  6.10071693e+01  1.35935639e+00  1.40193960e-03 
 1.46779927e+00  6.10071693e+01  1.46779927e+00  1.51377956e-03 
 1.58489319e+00  6.10071693e+01  1.58489319e+00  1.63454157e-03 
 1.71132830e+00  6.10071693e+01  1.71132830e+00  1.76493739e-03 
 1.84784980e+00  6.10071693e+01  1.84784980e+00  1.90573555e-03 
 1.99526231e+00  6.10071693e+01  1.99526231e+00  2.05776592e-03 
 2.15443469e+00  6.10071693e+01  2.15443469e+00  2.22192453e-03 
 2.32630507e+00  6.10071693e+01  2.32630507e+00  2.39917892e-03 
 2.51188643e+00  6.10071693e+01  2.51188643e+00  2.59057380e-03 
 2.71227258e+00  6.10071693e+01  2.71227258e+00  2.79723725e-03 
 2.92864456e+00  6.10071693e+01  2.92864456e+00  3.02038731e-03 
 3.16227766e+00  6.10071693e+01  3.16227766e+00  3.26133919e-03 
 3.41454887e+00  6.10071693e+01  3.41454887e+00  3.52151305e-03 
 3.68694506e+00  6.10071693e+01  3.68694506e+00  3.80244233e-03 
 3.98107171e+00  6.10071693e+01  3.98107171e+00  4.10578278e-03 
 4.29866235e+00  6.10071693e+01  4.29866235e+00  4.43332227e-03 
 4.64158883e+00  6.10071693e+01  4.64158883e+00  4.78699127e-03 
 5.01187234e+00  6.10071693e+01  5.01187234e+00  5.16887428e-03 
 5.41169527e+00  6.10071693e+01  5.41169527e+00  5.58122206e-03 
 5.84341413e+00  6.10071693e+01  5.84341413e+00  6.02646495e-03 
 6.30957344e+00  6.10071693e+01  6.30957344e+00  6.50722717e-03 
 6.81292069e+00  6.10071692e+01  6.81292069e+00  7.02634226e-03 
 7.35642254e+00  6.10071692e+01  7.35642254e+00  7.58686985e-03 
 7.94328235e+00  6.10071692e+01  7.94328235e+00  8.19211362e-03 
 8.57695899e+00  6.10071692e+01  8.57695899e+00  8.84564080e-03 
 9.26118728e+00  6.10071692e+01  9.26118728e+00  9.55130322e-03 
 1.00000000e+01  6.10071692e+01  1.00000000e+01  1.03132600e-02 
 1.07977516e+01  6.10071691e+01  1.07977516e+01  1.11360019e-02 
 1.16591440e+01  6.10071691e+01  1.16591440e+01  1.20243783e-02 
 1.25892541e+01  6.10071691e+01  1.25892541e+01  1.29836250e-02 
 1.35935639e+01  6.10071691e+01  1.35935639e+01  1.40193957e-02 
 1.46779927e+01  6.10071690e+01  1.46779927e+01  1.51377952e-02 
 1.58489319e+01  6.10071690e+01  1.58489319e+01  1.63454153e-02 
 1.71132830e+01  6.10071689e+01  1.71132830e+01  1.76493733e-02 
 1.84784980e+01  6.10071688e+01  1.84784980e+01  1.90573548e-02 
 1.99526231e+01  6.10071688e+01  1.99526231e+01  2.05776583e-02 
 2.15443469e+01  6.10071687e+01  2.15443469e+01  2.22192442e-02 
 2.32630507e+01  6.10071685e+01  2.32630507e+01  2.39917878e-02 
 2.51188643e+01  6.10071684e+01  2.51188643e+01  2.59057363e-02 
 2.71227258e+01  6.10071683e+01  2.71227258e+01  2.79723703e-02 
 2.92864456e+01  6.10071681e+01  2.92864456e+01  3.02038703e-02 
 3.16227766e+01  6.10071679e+01  3.16227766e+01  3.26133884e-02 
 3.41454887e+01  6.10071677e+01  3.41454887e+01  3.52151262e-02 
 3.68694506e+01  6.10071674e+01  3.68694506e+01  3.80244178e-02 
 3.98107171e+01  6.10071671e+01  3.98107171e+01  4.10578209e-02 
 4.29866235e+01  6.10071667e+01  4.29866235e+01  4.43332140e-02 
 4.64158883e+01  6.10071663e+01  4.64158883e+01  4.78699017e-02 
 5.01187234e+01  6.10071658e+01  5.01187234e+01  5.16887289e-02 
 5.41169527e+01  6.10071652e+01  5.41169527e+01  5.58122031e-02 
 5.84341413e+01  6.10071645e+01  5.84341413e+01  6.02646275e-02 
 6.30957344e+01  6.10071637e+01  6.30957344e+01  6.50722440e-02 
 6.81292069e+01  6.10071628e+01  6.81292069e+01  7.02633878e-02 
 7.35642254e+01  6.10071617e+01  7.35642254e+01  7.58686547e-02 
 7.94328235e+01  6.10071604e+01  7.94328235e+01  8.19210810e-02 
 8.57695899e+01  6.10071590e+01  8.57695899e+01  8.84563386e-02 
 9.26118728e+01  6.10071573e+01  9.26118728e+01  9.55129448e-02 
 1.00000000e+02  6.10071553e+01  1.00000000e+02  1.03132490e-01 
 1.07977516e+02  6.10071529e+01  1.07977516e+02  1.11359881e-01 
 1.16591440e+02  6.10071502e+01  1.16591440e+02  1.20243608e-01 
 1.25892541e+02  6.10071470e+01  1.25892541e+02  1.29836030e-01 
 1.35935639e+02  6.10071433e+01  1.35935639e+02  1.40193681e-01 
 1.46779927e+02  6.10071390e+01  1.46779927e+02  1.51377604e-01 
 1.58489319e+02  6.10071340e+01  1.58489319e+02  1.63453714e-01 
 1.71132830e+02  6.10071282e+01  1.71132830e+02  1.76493182e-01 
 1.84784980e+02  6.10071213e+01  1.84784980e+02  1.90572854e-01 
 1.99526231e+02  6.10071134e+01  1.99526231e+02  2.05775709e-01 
 2.15443469e+02  6.10071041e+01  2.15443469e+02  2.22191341e-01 
 2.32630507e+02  6.10070933e+01  2.32630507e+02  2.39916492e-01 
 2.51188643e+02  6.10070806e+01  2.51188643e+02  2.59055619e-01 
 2.71227258e+02  6.10070659e+01  2.71227258e+02  2.79721507e-01 
 2.92864456e+02  6.10070488e+01  2.92864456e+02  3.02035938e-01 
 3.16227766e+02  6.10070288e+01  3.16227766e+02  3.26130404e-01 
 3.41454887e+02  6.10070055e+01  3.41454887e+02  3.52146880e-01 
 3.68694506e+02  6.10069783e+01  3.68694506e+02  3.80238662e-01 
 3.98107171e+02  6.10069466e+01  3.98107171e+02  4.10571264e-01 
 4.29866235e+02  6.10069096e+01  4.29866235e+02  4.43323397e-01 
 4.64158883e+02  6.10068665e+01  4.64158883e+02  4.78688011e-01 
 5.01187234e+02  6.10068163e+01  5.01187234e+02  5.16873433e-01 
 5.41169527e+02  6.10067577e+01  5.41169527e+02  5.58104583e-01 
 5.84341413e+02  6.10066894e+01  5.84341413e+02  6.02624311e-01 
 6.30957344e+02  6.10066098e+01  6.30957344e+02  6.50694789e-01 
 6.81292069e+02  6.10065170e+01  6.81292069e+02  7.02599069e-01 
 7.35642254e+02  6.10064087e+01  7.35642254e+02  7.58642727e-01 
 7.94328235e+02  6.10062825e+01  7.94328235e+02  8.19155639e-01 
 8.57695899e+02  6.10061354e+01  8.57695899e+02  8.84493933e-01 
 9.26118728e+02  6.10059639e+01  9.26118728e+02  9.55042017e-01 
 1.00000000e+03  6.10057639e+01  1.00000000e+03  1.03121483e+00 
 1.07977516e+03  6.10055308e+01  1.07977516e+03  1.11346025e+00 
 1.16591440e+03  6.10052590e+01  1.16591440e+03  1.20226164e+00 
 1.25892541e+03  6.10049422e+01  1.25892541e+03  1.29814071e+00 
 1.35935639e+03  6.10045727e+01  1.35935639e+03  1.40166037e+00 
 1.46779927e+03  6.10041421e+01  1.46779927e+03  1.51342805e+00 
 1.58489319e+03  6.10036400e+01  1.58489319e+03  1.63409908e+00 
 1.71132830e+03  6.10030547e+01  1.71132830e+03  1.76438038e+00 
 1.84784980e+03  6.10023725e+01  1.84784980e+03  1.90503439e+00 
 1.99526231e+03  6.10015771e+01  1.99526231e+03  2.05688329e+00 
 2.15443469e+03  6.10006500e+01  2.15443469e+03  2.22081351e+00 
 2.32630507e+03  6.09995693e+01  2.32630507e+03  2.39778044e+00 
 2.51188643e+03  6.09983095e+01  2.51188643e+03  2.58881352e+00 
 2.71227258e+03  6.09968414e+01  2.71227258e+03  2.79502165e+00 
 2.92864456e+03  6.09951302e+01  2.92864456e+03  3.01759869e+00 
 3.16227766e+03  6.09931359e+01  3.16227766e+03  3.25782948e+00 
 3.41454887e+03  6.09908118e+01  3.41454887e+03  3.51709598e+00 
 3.68694506e+03  6.09881039e+01  3.68694506e+03  3.79688367e+00 
 3.98107171e+03  6.09849488e+01  3.98107171e+03  4.09878789e+00 
 4.29866235e+03  6.09812730e+01  4.29866235e+03  4.42452067e+00 
 4.64158883e+03  6.09769913e+01  4.64158883e+03  4.77591727e+00 
 5.01187234e+03  6.09720045e+01  5.01187234e+03  5.15494254e+00 
 5.41169527e+03  6.09661977e+01  5.41169527e+03  5.56369718e+00 
 5.84341413e+03  6.09594371e+01  5.84341413e+03  6.00442305e+00 
 6.30957344e+03  6.09515681e+01  6.30957344e+03  6.47950819e+00 
 6.81292069e+03  6.09424116e+01  6.81292069e+03  6.99149045e+00 
 7.35642254e+03  6.09317600e+01  7.35642254e+03  7.54305861e+00 
 7.94328235e+03  6.09193742e+01  7.94328235e+03  8.13705316e+00 
 8.57695899e+03  6.09049779e+01  8.57695899e+03  8.77646210e+00 
 9.26118728e+03  6.08882530e+01  9.26118728e+03  9.46441425e+00 
 1.00000000e+04  6.08688343e+01  1.00000000e+04  1.02041678e+01 
 1.07977516e+04  6.08463026e+01  1.07977516e+04  1.09990923e+01 
 1.16591440e+04  6.08201795e+01  1.16591440e+04  1.18526444e+01 
 1.25892541e+04  6.07899193e+01  1.25892541e+04  1.27683340e+01 
 1.35935639e+04  6.07549026e+01  1.35935639e+04  1.37496805e+01 
 1.46779927e+04  6.07144294e+01  1.46779927e+04  1.48001575e+01 
 1.58489319e+04  6.06677126e+01  1.58489319e+04  1.59231231e+01 
 1.71132830e+04  6.06138716e+01  1.71132830e+04  1.71217353e+01 
 1.84784980e+04  6.05519291e+01  1.84784980e+04  1.83988524e+01 
 1.99526231e+04  6.04808075e+01  1.99526231e+04  1.97569145e+01 
 2.15443469e+04  6.03993301e+01  2.15443469e+04  2.11978113e+01 
 2.32630507e+04  6.03062251e+01  2.32630507e+04  2.27227349e+01 
 2.51188643e+04  6.02001344e+01  2.51188643e+04  2.43320237e+01 
 2.71227258e+04  6.00796276e+01  2.71227258e+04  2.60250012e+01 
 2.92864456e+04  5.99432229e+01  2.92864456e+04  2.77998193e+01 
 3.16227766e+04  5.97894142e+01  3.16227766e+04  2.96533216e+01 
 3.41454887e+04  5.96167047e+01  3.41454887e+04  3.15809297e+01 
 3.68694506e+04  5.94236465e+01  3.68694506e+04  3.35765756e+01 
 3.98107171e+04  5.92088852e+01  3.98107171e+04  3.56326915e+01 
 4.29866235e+04  5.89712058e+01  4.29866235e+04  3.77402643e+01 
 4.64158883e+04  5.87095787e+01  4.64158883e+04  3.98889679e+01 
 5.01187234e+04  5.84232020e+01  5.01187234e+04  4.20673710e+01 
 5.41169527e+04  5.81115363e+01  5.41169527e+04  4.42632138e+01 
 5.84341413e+04  5.77743282e+01  5.84341413e+04  4.64637385e+01 
 6.30957344e+04  5.74116229e+01  6.30957344e+04  4.86560589e+01 
 6.81292069e+04  5.70237616e+01  6.81292069e+04  5.08275335e+01 
 7.35642254e+04  5.66113658e+01  7.35642254e+04  5.29661230e+01 
 7.94328235e+04  5.61753097e+01  7.94328235e+04  5.50607127e+01 
 8.57695899e+04  5.57166830e+01  8.57695899e+04  5.71013626e+01 
 9.26118728e+04  5.52367473e+01  9.26118728e+04  5.90794984e+01 
 1.00000000e+05  5.47368894e+01  1.00000000e+05  6.09880172e+01 
 1.07977516e+05  5.42185758e+01  1.07977516e+05  6.28213204e+01 
 1.16591440e+05  5.36833091e+01  1.16591440e+05  6.45752878e+01 
 1.25892541e+05  5.31325907e+01  1.25892541e+05  6.62471943e+01 
 1.35935639e+05  5.25678880e+01  1.35935639e+05  6.78355836e+01 
 1.46779927e+05  5.19906101e+01  1.46779927e+05  6.93401311e+01 
 1.58489319e+05  5.14020890e+01  1.58489319e+05  7.07614799e+01 
 1.71132830e+05  5.08035669e+01  1.71132830e+05  7.21010828e+01 
 1.84784980e+05  5.01961885e+01  1.84784980e+05  7.33610459e+01 
 1.99526231e+05  4.95809988e+01  1.99526231e+05  7.45439904e+01 
 2.15443469e+05  4.89589431e+01  2.15443469e+05  7.56529206e+01 
 2.32630507e+05  4.83308700e+01  2.32630507e+05  7.66911127e+01 
 2.51188643e+05  4.76975359e+01  2.51188643e+05  7.76620203e+01 
 2.71227258e+05  4.70596119e+01  2.71227258e+05  7.85691941e+01 
 2.92864456e+05  4.64176891e+01  2.92864456e+05  7.94162182e+01 
 3.16227766e+05  4.57722868e+01  3.16227766e+05  8.02066573e+01 
 3.41454887e+05  4.51238582e+01  3.41454887e+05  8.09440170e+01 
 3.68694506e+05  4.44727977e+01  3.68694506e+05  8.16317147e+01 
 3.98107171e+05  4.38194468e+01  3.98107171e+05  8.22730548e+01 
 4.29866235e+05  4.31641000e+01  4.29866235e+05  8.28712166e+01 
 4.64158883e+05  4.25070097e+01  4.64158883e+05  8.34292418e+01 
 5.01187234e+05  4.18483909e+01  5.01187234e+05  8.39500312e+01 
 5.41169527e+05  4.11884257e+01  5.41169527e+05  8.44363413e+01 
 5.84341413e+05  4.05272662e+01  5.84341413e+05  8.48907855e+01 
 6.30957344e+05  3.98650380e+01  6.30957344e+05  8.53158378e+01 
 6.81292069e+05  3.92018429e+01  6.81292069e+05  8.57138358e+01 
 7.35642254e+05  3.85377603e+01  7.35642254e+05  8.60869856e+01 
 7.94328235e+05  3.78728498e+01  7.94328235e+05  8.64373698e+01 
 8.57695899e+05  3.72071515e+01  8.57695899e+05  8.67669504e+01 
 9.26118728e+05  3.65406876e+01  9.26118728e+05  8.70775785e+01 
 1.00000000e+06  3.58734625e+01  1.00000000e+06  8.73709986e+01 
 1.07977516e+06  3.52054630e+01  1.07977516e+06  8.76488540e+01 
 1.16591440e+06  3.45366578e+01  1.16591440e+06  8.79126928e+01 
 1.25892541e+06  3.38669969e+01  1.25892541e+06  8.81639722e+01 
 1.35935639e+06  3.31964105e+01  1.35935639e+06  8.84040617e+01 
 1.46779927e+06  3.25248074e+01  1.46779927e+06  8.86342455e+01 
 1.58489319e+06  3.18520730e+01  1.58489319e+06  8.88557236e+01 
 1.71132830e+06  3.11780667e+01  1.71132830e+06  8.90696100e+01 
 1.84784980e+06  3.05026188e+01  1.84784980e+06  8.92769295e+01 
 1.99526231e+06  2.98255270e+01  1.99526231e+06  8.94786126e+01 
 2.15443469e+06  2.91465519e+01  2.15443469e+06  8.96754845e+01 
 2.32630507e+06  2.84654121e+01  2.32630507e+06  8.98682529e+01 
 2.51188643e+06  2.77817783e+01  2.51188643e+06  9.00574884e+01 
 2.71227258e+06  2.70952666e+01  2.71227258e+06  9.02436000e+01 
 2.92864456e+06  2.64054310e+01  2.92864456e+06  9.04268030e+01 
 3.16227766e+06  2.57117547e+01  3.16227766e+06  9.06070761e+01 
 3.41454887e+06  2.50136408e+01  3.41454887e+06  9.07841091e+01 
 3.68694506e+06  2.43104012e+01  3.68694506e+06  9.09572355e+01 
 3.98107171e+06  2.36012454e+01  3.98107171e+06  9.11253490e+01 
 4.29866235e+06  2.28852671e+01  4.29866235e+06  9.12867989e+01 
 4.64158883e+06  2.21614312e+01  4.64158883e+06  9.14392629e+01 
 5.01187234e+06  2.14285588e+01  5.01187234e+06  9.15795894e+01 
 5.41169527e+06  2.06853119e+01  5.41169527e+06  9.17036059e+01 
 5.84341413e+06  1.99301784e+01  5.84341413e+06  9.18058872e+01 
 6.30957344e+06  1.91614559e+01  6.30957344e+06  9.18794737e+01 
 6.81292069e+06  1.83772366e+01  6.81292069e+06  9.19155318e+01 
 7.35642254e+06  1.75753927e+01  7.35642254e+06  9.19029438e+01 
 7.94328235e+06  1.67535628e+01  7.94328235e+06  9.18278096e+01 
 8.57695899e+06  1.59091396e+01  8.57695899e+06  9.16728385e+01 
 9.26118728e+06  1.50392604e+01  9.26118728e+06  9.14165927e+01 
 1.00000000e+07  1.41408000e+01  1.00000000e+07  9.10325339e+01 
 1.07977516e+07  1.32103701e+01  1.07977516e+07  9.04877848e+01 
 1.16591440e+07  1.22443308e+01  1.16591440e+07  8.97414843e+01 
 1.25892541e+07  1.12388266e+01  1.25892541e+07  8.87425365e+01 
 1.35935639e+07  1.01898785e+01  1.35935639e+07  8.74264619e+01 
 1.46779927e+07  9.09359125e+00  1.46779927e+07  8.57109253e+01 
 1.58489319e+07  7.94660107e+00  1.58489319e+07  8.34893691e+01 
 1.71132830e+07  6.74701470e+00  1.71132830e+07  8.06221185e+01 
 1.84784980e+07  5.49632483e+00  1.84784980e+07  7.69246869e+01 
 1.99526231e+07  4.20319742e+00  1.99526231e+07  7.21547925e+01 
 2.15443469e+07  2.89057039e+00  2.15443469e+07  6.60054341e+01 
 2.32630507e+07  1.60754789e+00  2.32630507e+07  5.81264460e+01 
 2.51188643e+07  4.44499122e-01  2.51188643e+07  4.82244024e+01 
 2.71227258e+07 -4.61853943e-01  2.71227258e+07  3.63003989e+01 
 2.92864456e+07 -9.63247861e-01  2.92864456e+07  2.29588048e+01 
 3.16227766e+07 -9.83419642e-01  3.16227766e+07  9.42118893e+00 
 3.41454887e+07 -5.75709841e-01  3.41454887e+07 -3.03032476e+00 
 3.68694506e+07  1.20575212e-01  3.68694506e+07 -1.36734768e+01 
 3.98107171e+07  9.66596323e-01  3.98107171e+07 -2.24198043e+01 
 4.29866235e+07  1.86748288e+00  4.29866235e+07 -2.95216590e+01 
 4.64158883e+07  2.77122810e+00  4.64158883e+07 -3.53127551e+01 
 5.01187234e+07  3.65376472e+00  5.01187234e+07 -4.00903323e+01 
 5.41169527e+07  4.50624515e+00  5.41169527e+07 -4.40861274e+01 
 5.84341413e+07  5.32724653e+00  5.84341413e+07 -4.74717043e+01 
 6.30957344e+07  6.11858152e+00  6.30957344e+07 -5.03720453e+01 
 6.81292069e+07  6.88319919e+00  6.81292069e+07 -5.28784144e+01 
 7.35642254e+07  7.62419586e+00  7.35642254e+07 -5.50583952e+01 
 7.94328235e+07  8.34439476e+00  7.94328235e+07 -5.69632036e+01 
 8.57695899e+07  9.04621360e+00  8.57695899e+07 -5.86328756e+01 
 9.26118728e+07  9.73167763e+00  9.26118728e+07 -6.00998931e+01 
 1.00000000e+08  1.04025065e+01  1.00000000e+08 -6.13916682e+01 
 1.07977516e+08  1.10602371e+01  1.07977516e+08 -6.25321594e+01 
 1.16591440e+08  1.17063574e+01  1.16591440e+08 -6.35427888e+01 
 1.25892541e+08  1.23424332e+01  1.25892541e+08 -6.44427693e+01 
 1.35935639e+08  1.29702048e+01  1.35935639e+08 -6.52489385e+01 
 1.46779927e+08  1.35916336e+01  1.46779927e+08 -6.59752212e+01 
 1.58489319e+08  1.42088826e+01  1.58489319e+08 -6.66318959e+01 
 1.71132830e+08  1.48242215e+01  1.71132830e+08 -6.72248915e+01 
 1.84784980e+08  1.54398686e+01  1.84784980e+08 -6.77553537e+01 
 1.99526231e+08  1.60577943e+01  1.99526231e+08 -6.82196730e+01 
 2.15443469e+08  1.66795257e+01  2.15443469e+08 -6.86100570e+01 
 2.32630507e+08  1.73059917e+01  2.32630507e+08 -6.89155857e+01 
 2.51188643e+08  1.79374379e+01  2.51188643e+08 -6.91235694e+01 
 2.71227258e+08  1.85734215e+01  2.71227258e+08 -6.92209653e+01 
 2.92864456e+08  1.92128766e+01  2.92864456e+08 -6.91956279e+01 
 3.16227766e+08  1.98542280e+01  3.16227766e+08 -6.90372418e+01 
 3.41454887e+08  2.04955265e+01  3.41454887e+08 -6.87378843e+01 
 3.68694506e+08  2.11345821e+01  3.68694506e+08 -6.82922468e+01 
 3.98107171e+08  2.17690785e+01  3.98107171e+08 -6.76975969e+01 
 4.29866235e+08  2.23966623e+01  4.29866235e+08 -6.69535785e+01 
 4.64158883e+08  2.30150053e+01  4.64158883e+08 -6.60619396e+01 
 5.01187234e+08  2.36218435e+01  5.01187234e+08 -6.50262559e+01 
 5.41169527e+08  2.42150001e+01  5.41169527e+08 -6.38516944e+01 
 5.84341413e+08  2.47923973e+01  5.84341413e+08 -6.25448372e+01 
 6.30957344e+08  2.53520651e+01  6.30957344e+08 -6.11135685e+01 
 6.81292069e+08  2.58921495e+01  6.81292069e+08 -5.95670161e+01 
 7.35642254e+08  2.64109258e+01  7.35642254e+08 -5.79155257e+01 
 7.94328235e+08  2.69068181e+01  7.94328235e+08 -5.61706467e+01 
 8.57695899e+08  2.73784243e+01  8.57695899e+08 -5.43451016e+01 
 9.26118728e+08  2.78245473e+01  9.26118728e+08 -5.24527166e+01 
 1.00000000e+09  2.82442287e+01  1.00000000e+09 -5.05082934e+01 
