 1.00000000e+00  6.02295770e+01  1.00000000e+00  1.05490721e-03 
 1.07977516e+00  6.02295770e+01  1.07977516e+00  1.13906261e-03 
 1.16591440e+00  6.02295770e+01  1.16591440e+00  1.22993151e-03 
 1.25892541e+00  6.02295770e+01  1.25892541e+00  1.32804950e-03 
 1.35935639e+00  6.02295770e+01  1.35935639e+00  1.43399486e-03 
 1.46779927e+00  6.02295770e+01  1.46779927e+00  1.54839203e-03 
 1.58489319e+00  6.02295770e+01  1.58489319e+00  1.67191526e-03 
 1.71132830e+00  6.02295770e+01  1.71132830e+00  1.80529257e-03 
 1.84784980e+00  6.02295770e+01  1.84784980e+00  1.94931008e-03 
 1.99526231e+00  6.02295770e+01  1.99526231e+00  2.10481660e-03 
 2.15443469e+00  6.02295770e+01  2.15443469e+00  2.27272869e-03 
 2.32630507e+00  6.02295770e+01  2.32630507e+00  2.45403599e-03 
 2.51188643e+00  6.02295770e+01  2.51188643e+00  2.64980711e-03 
 2.71227258e+00  6.02295770e+01  2.71227258e+00  2.86119590e-03 
 2.92864456e+00  6.02295770e+01  2.92864456e+00  3.08944827e-03 
 3.16227766e+00  6.02295770e+01  3.16227766e+00  3.33590950e-03 
 3.41454887e+00  6.02295770e+01  3.41454887e+00  3.60203223e-03 
 3.68694506e+00  6.02295770e+01  3.68694506e+00  3.88938493e-03 
 3.98107171e+00  6.02295770e+01  3.98107171e+00  4.19966124e-03 
 4.29866235e+00  6.02295770e+01  4.29866235e+00  4.53468990e-03 
 4.64158883e+00  6.02295770e+01  4.64158883e+00  4.89644552e-03 
 5.01187234e+00  6.02295770e+01  5.01187234e+00  5.28706025e-03 
 5.41169527e+00  6.02295770e+01  5.41169527e+00  5.70883634e-03 
 5.84341413e+00  6.02295770e+01  5.84341413e+00  6.16425968e-03 
 6.30957344e+00  6.02295770e+01  6.30957344e+00  6.65601450e-03 
 6.81292069e+00  6.02295769e+01  6.81292069e+00  7.18699913e-03 
 7.35642254e+00  6.02295769e+01  7.35642254e+00  7.76034314e-03 
 7.94328235e+00  6.02295769e+01  7.94328235e+00  8.37942577e-03 
 8.57695899e+00  6.02295769e+01  8.57695899e+00  9.04789581e-03 
 9.26118728e+00  6.02295769e+01  9.26118728e+00  9.76969315e-03 
 1.00000000e+01  6.02295769e+01  1.00000000e+01  1.05490720e-02 
 1.07977516e+01  6.02295768e+01  1.07977516e+01  1.13906259e-02 
 1.16591440e+01  6.02295768e+01  1.16591440e+01  1.22993149e-02 
 1.25892541e+01  6.02295768e+01  1.25892541e+01  1.32804947e-02 
 1.35935639e+01  6.02295767e+01  1.35935639e+01  1.43399483e-02 
 1.46779927e+01  6.02295767e+01  1.46779927e+01  1.54839199e-02 
 1.58489319e+01  6.02295766e+01  1.58489319e+01  1.67191521e-02 
 1.71132830e+01  6.02295766e+01  1.71132830e+01  1.80529251e-02 
 1.84784980e+01  6.02295765e+01  1.84784980e+01  1.94931000e-02 
 1.99526231e+01  6.02295764e+01  1.99526231e+01  2.10481651e-02 
 2.15443469e+01  6.02295763e+01  2.15443469e+01  2.27272857e-02 
 2.32630507e+01  6.02295762e+01  2.32630507e+01  2.45403584e-02 
 2.51188643e+01  6.02295761e+01  2.51188643e+01  2.64980692e-02 
 2.71227258e+01  6.02295759e+01  2.71227258e+01  2.86119567e-02 
 2.92864456e+01  6.02295757e+01  2.92864456e+01  3.08944797e-02 
 3.16227766e+01  6.02295755e+01  3.16227766e+01  3.33590913e-02 
 3.41454887e+01  6.02295753e+01  3.41454887e+01  3.60203176e-02 
 3.68694506e+01  6.02295750e+01  3.68694506e+01  3.88938434e-02 
 3.98107171e+01  6.02295747e+01  3.98107171e+01  4.19966050e-02 
 4.29866235e+01  6.02295743e+01  4.29866235e+01  4.53468896e-02 
 4.64158883e+01  6.02295738e+01  4.64158883e+01  4.89644434e-02 
 5.01187234e+01  6.02295733e+01  5.01187234e+01  5.28705877e-02 
 5.41169527e+01  6.02295727e+01  5.41169527e+01  5.70883448e-02 
 5.84341413e+01  6.02295720e+01  5.84341413e+01  6.16425733e-02 
 6.30957344e+01  6.02295712e+01  6.30957344e+01  6.65601154e-02 
 6.81292069e+01  6.02295702e+01  6.81292069e+01  7.18699540e-02 
 7.35642254e+01  6.02295691e+01  7.35642254e+01  7.76033846e-02 
 7.94328235e+01  6.02295677e+01  7.94328235e+01  8.37941987e-02 
 8.57695899e+01  6.02295662e+01  8.57695899e+01  9.04788838e-02 
 9.26118728e+01  6.02295644e+01  9.26118728e+01  9.76968380e-02 
 1.00000000e+02  6.02295623e+01  1.00000000e+02  1.05490602e-01 
 1.07977516e+02  6.02295599e+01  1.07977516e+02  1.13906111e-01 
 1.16591440e+02  6.02295570e+01  1.16591440e+02  1.22992962e-01 
 1.25892541e+02  6.02295537e+01  1.25892541e+02  1.32804712e-01 
 1.35935639e+02  6.02295498e+01  1.35935639e+02  1.43399187e-01 
 1.46779927e+02  6.02295453e+01  1.46779927e+02  1.54838827e-01 
 1.58489319e+02  6.02295401e+01  1.58489319e+02  1.67191052e-01 
 1.71132830e+02  6.02295340e+01  1.71132830e+02  1.80528661e-01 
 1.84784980e+02  6.02295268e+01  1.84784980e+02  1.94930257e-01 
 1.99526231e+02  6.02295185e+01  1.99526231e+02  2.10480716e-01 
 2.15443469e+02  6.02295088e+01  2.15443469e+02  2.27271680e-01 
 2.32630507e+02  6.02294975e+01  2.32630507e+02  2.45402102e-01 
 2.51188643e+02  6.02294843e+01  2.51188643e+02  2.64978826e-01 
 2.71227258e+02  6.02294689e+01  2.71227258e+02  2.86117217e-01 
 2.92864456e+02  6.02294508e+01  2.92864456e+02  3.08941837e-01 
 3.16227766e+02  6.02294299e+01  3.16227766e+02  3.33587187e-01 
 3.41454887e+02  6.02294055e+01  3.41454887e+02  3.60198485e-01 
 3.68694506e+02  6.02293771e+01  3.68694506e+02  3.88932529e-01 
 3.98107171e+02  6.02293439e+01  3.98107171e+02  4.19958617e-01 
 4.29866235e+02  6.02293053e+01  4.29866235e+02  4.53459539e-01 
 4.64158883e+02  6.02292602e+01  4.64158883e+02  4.89632655e-01 
 5.01187234e+02  6.02292077e+01  5.01187234e+02  5.28691049e-01 
 5.41169527e+02  6.02291464e+01  5.41169527e+02  5.70864781e-01 
 5.84341413e+02  6.02290750e+01  5.84341413e+02  6.16402235e-01 
 6.30957344e+02  6.02289917e+01  6.30957344e+02  6.65571572e-01 
 6.81292069e+02  6.02288946e+01  6.81292069e+02  7.18662295e-01 
 7.35642254e+02  6.02287814e+01  7.35642254e+02  7.75986959e-01 
 7.94328235e+02  6.02286494e+01  7.94328235e+02  8.37882964e-01 
 8.57695899e+02  6.02284955e+01  8.57695899e+02  9.04714537e-01 
 9.26118728e+02  6.02283161e+01  9.26118728e+02  9.76874837e-01 
 1.00000000e+03  6.02281069e+01  1.00000000e+03  1.05478827e+00 
 1.07977516e+03  6.02278630e+01  1.07977516e+03  1.13891286e+00 
 1.16591440e+03  6.02275788e+01  1.16591440e+03  1.22974301e+00 
 1.25892541e+03  6.02272473e+01  1.25892541e+03  1.32781219e+00 
 1.35935639e+03  6.02268609e+01  1.35935639e+03  1.43369613e+00 
 1.46779927e+03  6.02264104e+01  1.46779927e+03  1.54801597e+00 
 1.58489319e+03  6.02258853e+01  1.58489319e+03  1.67144187e+00 
 1.71132830e+03  6.02252731e+01  1.71132830e+03  1.80469666e+00 
 1.84784980e+03  6.02245594e+01  1.84784980e+03  1.94855996e+00 
 1.99526231e+03  6.02237275e+01  1.99526231e+03  2.10387236e+00 
 2.15443469e+03  6.02227577e+01  2.15443469e+03  2.27154013e+00 
 2.32630507e+03  6.02216273e+01  2.32630507e+03  2.45253989e+00 
 2.51188643e+03  6.02203098e+01  2.51188643e+03  2.64792400e+00 
 2.71227258e+03  6.02187742e+01  2.71227258e+03  2.85882572e+00 
 2.92864456e+03  6.02169844e+01  2.92864456e+03  3.08646512e+00 
 3.16227766e+03  6.02148986e+01  3.16227766e+03  3.33215502e+00 
 3.41454887e+03  6.02124680e+01  3.41454887e+03  3.59730716e+00 
 3.68694506e+03  6.02096359e+01  3.68694506e+03  3.88343877e+00 
 3.98107171e+03  6.02063362e+01  3.98107171e+03  4.19217887e+00 
 4.29866235e+03  6.02024922e+01  4.29866235e+03  4.52527518e+00 
 4.64158883e+03  6.01980148e+01  4.64158883e+03  4.88460043e+00 
 5.01187234e+03  6.01928003e+01  5.01187234e+03  5.27215895e+00 
 5.41169527e+03  6.01867284e+01  5.41169527e+03  5.69009238e+00 
 5.84341413e+03  6.01796599e+01  5.84341413e+03  6.14068546e+00 
 6.30957344e+03  6.01714331e+01  6.30957344e+03  6.62637010e+00 
 6.81292069e+03  6.01618611e+01  6.81292069e+03  7.14972853e+00 
 7.35642254e+03  6.01507275e+01  7.35642254e+03  7.71349454e+00 
 7.94328235e+03  6.01377826e+01  7.94328235e+03  8.32055266e+00 
 8.57695899e+03  6.01227385e+01  8.57695899e+03  8.97393344e+00 
 9.26118728e+03  6.01052638e+01  9.26118728e+03  9.67680549e+00 
 1.00000000e+04  6.00849783e+01  1.00000000e+04  1.04324624e+01 
 1.07977516e+04  6.00614461e+01  1.07977516e+04  1.12443025e+01 
 1.16591440e+04  6.00341697e+01  1.16591440e+04  1.21158025e+01 
 1.25892541e+04  6.00025825e+01  1.25892541e+04  1.30504807e+01 
 1.35935639e+04  5.99660424e+01  1.35935639e+04  1.40518502e+01 
 1.46779927e+04  5.99238241e+01  1.46779927e+04  1.51233585e+01 
 1.58489319e+04  5.98751139e+01  1.58489319e+04  1.62683161e+01 
 1.71132830e+04  5.98190033e+01  1.71132830e+04  1.74898046e+01 
 1.84784980e+04  5.97544856e+01  1.84784980e+04  1.87905734e+01 
 1.99526231e+04  5.96804540e+01  1.99526231e+04  2.01729171e+01 
 2.15443469e+04  5.95957033e+01  2.15443469e+04  2.16385370e+01 
 2.32630507e+04  5.94989351e+01  2.32630507e+04  2.31883926e+01 
 2.51188643e+04  5.93887684e+01  2.51188643e+04  2.48225424e+01 
 2.71227258e+04  5.92637554e+01  2.71227258e+04  2.65399832e+01 
 2.92864456e+04  5.91224042e+01  2.92864456e+04  2.83384990e+01 
 3.16227766e+04  5.89632072e+01  3.16227766e+04  3.02145266e+01 
 3.41454887e+04  5.87846778e+01  3.41454887e+04  3.21630573e+01 
 3.68694506e+04  5.85853910e+01  3.68694506e+04  3.41775844e+01 
 3.98107171e+04  5.83640280e+01  3.98107171e+04  3.62501077e+01 
 4.29866235e+04  5.81194238e+01  4.29866235e+04  3.83712155e+01 
 4.64158883e+04  5.78506113e+01  4.64158883e+04  4.05302339e+01 
 5.01187234e+04  5.75568625e+01  5.01187234e+04  4.27154600e+01 
 5.41169527e+04  5.72377195e+01  5.41169527e+04  4.49144535e+01 
 5.84341413e+04  5.68930160e+01  5.84341413e+04  4.71143826e+01 
 6.30957344e+04  5.65228849e+01  6.30957344e+04  4.93023980e+01 
 6.81292069e+04  5.61277515e+01  6.81292069e+04  5.14660011e+01 
 7.35642254e+04  5.57083148e+01  7.35642254e+04  5.35933973e+01 
 7.94328235e+04  5.52655163e+01  7.94328235e+04  5.56737949e+01 
 8.57695899e+04  5.48005006e+01  8.57695899e+04  5.76976436e+01 
 9.26118728e+04  5.43145709e+01  9.26118728e+04  5.96567968e+01 
 1.00000000e+05  5.38091419e+01  1.00000000e+05  6.15445952e+01 
 1.07977516e+05  5.32856947e+01  1.07977516e+05  6.33558857e+01 
 1.16591440e+05  5.27457352e+01  1.16591440e+05  6.50869726e+01 
 1.25892541e+05  5.21907575e+01  1.25892541e+05  6.67355209e+01 
 1.35935639e+05  5.16222141e+01  1.35935639e+05  6.83004306e+01 
 1.46779927e+05  5.10414930e+01  1.46779927e+05  6.97816816e+01 
 1.58489319e+05  5.04499003e+01  1.58489319e+05  7.11801781e+01 
 1.71132830e+05  4.98486499e+01  1.71132830e+05  7.24975884e+01 
 1.84784980e+05  4.92388573e+01  1.84784980e+05  7.37361922e+01 
 1.99526231e+05  4.86215374e+01  1.99526231e+05  7.48987439e+01 
 2.15443469e+05  4.79976060e+01  2.15443469e+05  7.59883474e+01 
 2.32630507e+05  4.73678837e+01  2.32630507e+05  7.70083512e+01 
 2.51188643e+05  4.67331005e+01  2.51188643e+05  7.79622549e+01 
 2.71227258e+05  4.60939022e+01  2.71227258e+05  7.88536376e+01 
 2.92864456e+05  4.54508574e+01  2.92864456e+05  7.96860953e+01 
 3.16227766e+05  4.48044639e+01  3.16227766e+05  8.04631925e+01 
 3.41454887e+05  4.41551557e+01  3.41454887e+05  8.11884263e+01 
 3.68694506e+05  4.35033094e+01  3.68694506e+05  8.18651987e+01 
 3.98107171e+05  4.28492504e+01  3.98107171e+05  8.24967962e+01 
 4.29866235e+05  4.21932577e+01  4.29866235e+05  8.30863749e+01 
 4.64158883e+05  4.15355699e+01  4.64158883e+05  8.36369562e+01 
 5.01187234e+05  4.08763891e+01  5.01187234e+05  8.41514188e+01 
 5.41169527e+05  4.02158845e+01  5.41169527e+05  8.46324989e+01 
 5.84341413e+05  3.95541962e+01  5.84341413e+05  8.50827922e+01 
 6.30957344e+05  3.88914378e+01  6.30957344e+05  8.55047560e+01 
 6.81292069e+05  3.82276987e+01  6.81292069e+05  8.59007150e+01 
 7.35642254e+05  3.75630459e+01  7.35642254e+05  8.62728652e+01 
 7.94328235e+05  3.68975255e+01  7.94328235e+05  8.66232810e+01 
 8.57695899e+05  3.62311638e+01  8.57695899e+05  8.69539207e+01 
 9.26118728e+05  3.55639674e+01  9.26118728e+05  8.72666325e+01 
 1.00000000e+06  3.48959237e+01  1.00000000e+06  8.75631606e+01 
 1.07977516e+06  3.42270005e+01  1.07977516e+06  8.78451496e+01 
 1.16591440e+06  3.35571452e+01  1.16591440e+06  8.81141488e+01 
 1.25892541e+06  3.28862835e+01  1.25892541e+06  8.83716163e+01 
 1.35935639e+06  3.22143182e+01  1.35935639e+06  8.86189203e+01 
 1.46779927e+06  3.15411264e+01  1.46779927e+06  8.88573394e+01 
 1.58489319e+06  3.08665575e+01  1.58489319e+06  8.90880608e+01 
 1.71132830e+06  3.01904294e+01  1.71132830e+06  8.93121766e+01 
 1.84784980e+06  2.95125249e+01  1.84784980e+06  8.95306763e+01 
 1.99526231e+06  2.88325871e+01  1.99526231e+06  8.97444352e+01 
 2.15443469e+06  2.81503141e+01  2.15443469e+06  8.99541999e+01 
 2.32630507e+06  2.74653528e+01  2.32630507e+06  9.01605661e+01 
 2.51188643e+06  2.67772918e+01  2.51188643e+06  9.03639509e+01 
 2.71227258e+06  2.60856542e+01  2.71227258e+06  9.05645568e+01 
 2.92864456e+06  2.53898874e+01  2.92864456e+06  9.07623236e+01 
 3.16227766e+06  2.46893549e+01  3.16227766e+06  9.09568709e+01 
 3.41454887e+06  2.39833240e+01  3.41454887e+06  9.11474226e+01 
 3.68694506e+06  2.32709549e+01  3.68694506e+06  9.13327157e+01 
 3.98107171e+06  2.25512872e+01  3.98107171e+06  9.15108860e+01 
 4.29866235e+06  2.18232273e+01  4.29866235e+06  9.16793293e+01 
 4.64158883e+06  2.10855335e+01  4.64158883e+06  9.18345313e+01 
 5.01187234e+06  2.03368020e+01  5.01187234e+06  9.19718633e+01 
 5.41169527e+06  1.95754522e+01  5.41169527e+06  9.20853336e+01 
 5.84341413e+06  1.87997128e+01  5.84341413e+06  9.21672917e+01 
 6.30957344e+06  1.80076077e+01  6.30957344e+06  9.22080714e+01 
 6.81292069e+06  1.71969441e+01  6.81292069e+06  9.21955643e+01 
 7.35642254e+06  1.63653008e+01  7.35642254e+06  9.21147031e+01 
 7.94328235e+06  1.55100183e+01  7.94328235e+06  9.19468325e+01 
 8.57695899e+06  1.46281911e+01  8.57695899e+06  9.16689270e+01 
 9.26118728e+06  1.37166624e+01  9.26118728e+06  9.12525983e+01 
 1.00000000e+07  1.27720247e+01  1.00000000e+07  9.06627976e+01 
 1.07977516e+07  1.17906327e+01  1.07977516e+07  8.98560703e+01 
 1.16591440e+07  1.07686434e+01  1.16591440e+07  8.87781396e+01 
 1.25892541e+07  9.70211982e+00  1.25892541e+07  8.73604871e+01 
 1.35935639e+07  8.58726832e+00  1.35935639e+07  8.55154525e+01 
 1.46779927e+07  7.42095907e+00  1.46779927e+07  8.31292227e+01 
 1.58489319e+07  6.20182624e+00  1.58489319e+07  8.00520515e+01 
 1.71132830e+07  4.93252517e+00  1.71132830e+07  7.60855987e+01 
 1.84784980e+07  3.62419529e+00  1.84784980e+07  7.09696855e+01 
 1.99526231e+07  2.30474405e+00  1.99526231e+07  6.43783526e+01 
 2.15443469e+07  1.03227801e+00  2.15443469e+07  5.59538755e+01 
 2.32630507e+07 -8.96465803e-02  2.32630507e+07  4.54375862e+01 
 2.51188643e+07 -9.13013887e-01  2.51188643e+07  3.29491549e+01 
 2.71227258e+07 -1.29497355e+00  2.71227258e+07  1.92799935e+01 
 2.92864456e+07 -1.18833537e+00  2.92864456e+07  5.76756326e+00 
 3.16227766e+07 -6.78204409e-01  3.16227766e+07 -6.37711107e+00 
 3.41454887e+07  8.50817814e-02  3.41454887e+07 -1.66004685e+01 
 3.68694506e+07  9.69400571e-01  3.68694506e+07 -2.49391392e+01 
 3.98107171e+07  1.89087057e+00  3.98107171e+07 -3.16949629e+01 
 4.29866235e+07  2.80591498e+00  4.29866235e+07 -3.72063227e+01 
 4.64158883e+07  3.69552735e+00  4.64158883e+07 -4.17589761e+01 
 5.01187234e+07  4.55356202e+00  5.01187234e+07 -4.55706515e+01 
 5.41169527e+07  5.37993467e+00  5.41169527e+07 -4.88008761e+01 
 5.84341413e+07  6.17707253e+00  5.84341413e+07 -5.15653417e+01 
 6.30957344e+07  6.94817300e+00  6.30957344e+07 -5.39483759e+01 
 6.81292069e+07  7.69640198e+00  6.81292069e+07 -5.60123647e+01 
 7.35642254e+07  8.42456706e+00  7.35642254e+07 -5.78045224e+01 
 7.94328235e+07  9.13502823e+00  7.94328235e+07 -5.93616653e+01 
 8.57695899e+07  9.82972701e+00  8.57695899e+07 -6.07135458e+01 
 9.26118728e+07  1.05102757e+01  9.26118728e+07 -6.18851470e+01 
 1.00000000e+08  1.11780745e+01  1.00000000e+08 -6.28981867e+01 
 1.07977516e+08  1.18344382e+01  1.07977516e+08 -6.37719891e+01 
 1.16591440e+08  1.24807140e+01  1.16591440e+08 -6.45238211e+01 
 1.25892541e+08  1.31183726e+01  1.25892541e+08 -6.51687777e+01 
 1.35935639e+08  1.37490545e+01  1.35935639e+08 -6.57193297e+01 
 1.46779927e+08  1.43745555e+01  1.46779927e+08 -6.61846893e+01 
 1.58489319e+08  1.49967454e+01  1.58489319e+08 -6.65701986e+01 
 1.71132830e+08  1.56174290e+01  1.71132830e+08 -6.68769537e+01 
 1.84784980e+08  1.62381729e+01  1.84784980e+08 -6.71018373e+01 
 1.99526231e+08  1.68601320e+01  1.99526231e+08 -6.72380301e+01 
 2.15443469e+08  1.74839107e+01  2.15443469e+08 -6.72759524e+01 
 2.32630507e+08  1.81094844e+01  2.32630507e+08 -6.72044793e+01 
 2.51188643e+08  1.87361901e+01  2.51188643e+08 -6.70122207e+01 
 2.71227258e+08  1.93627798e+01  2.71227258e+08 -6.66886754e+01 
 2.92864456e+08  1.99875176e+01  2.92864456e+08 -6.62251254e+01 
 3.16227766e+08  2.06082992e+01  3.16227766e+08 -6.56152230e+01 
 3.41454887e+08  2.12227735e+01  3.41454887e+08 -6.48552873e+01 
 3.68694506e+08  2.18284536e+01  3.68694506e+08 -6.39443713e+01 
 3.98107171e+08  2.24228094e+01  3.98107171e+08 -6.28841748e+01 
 4.29866235e+08  2.30033416e+01  4.29866235e+08 -6.16788721e+01 
 4.64158883e+08  2.35676393e+01  4.64158883e+08 -6.03349045e+01 
 5.01187234e+08  2.41134248e+01  5.01187234e+08 -5.88607715e+01 
 5.41169527e+08  2.46385906e+01  5.41169527e+08 -5.72668317e+01 
 5.84341413e+08  2.51412322e+01  5.84341413e+08 -5.55651137e+01 
 6.30957344e+08  2.56196786e+01  6.30957344e+08 -5.37691270e+01 
 6.81292069e+08  2.60725229e+01  6.81292069e+08 -5.18936567e+01 
 7.35642254e+08  2.64986498e+01  7.35642254e+08 -4.99545291e+01 
 7.94328235e+08  2.68972614e+01  7.94328235e+08 -4.79683361e+01 
 8.57695899e+08  2.72678961e+01  8.57695899e+08 -4.59521171e+01 
 9.26118728e+08  2.76104386e+01  9.26118728e+08 -4.39230032e+01 
 1.00000000e+09  2.79251186e+01  1.00000000e+09 -4.18978409e+01 
