 1.00000000e+00  6.17185120e+01  1.00000000e+00  1.20411563e-03 
 1.07977516e+00  6.17185120e+01  1.07977516e+00  1.30017415e-03 
 1.16591440e+00  6.17185120e+01  1.16591440e+00  1.40389575e-03 
 1.25892541e+00  6.17185120e+01  1.25892541e+00  1.51589176e-03 
 1.35935639e+00  6.17185120e+01  1.35935639e+00  1.63682227e-03 
 1.46779927e+00  6.17185120e+01  1.46779927e+00  1.76740004e-03 
 1.58489319e+00  6.17185120e+01  1.58489319e+00  1.90839466e-03 
 1.71132830e+00  6.17185120e+01  1.71132830e+00  2.06063716e-03 
 1.84784980e+00  6.17185120e+01  1.84784980e+00  2.22502482e-03 
 1.99526231e+00  6.17185120e+01  1.99526231e+00  2.40252653e-03 
 2.15443469e+00  6.17185120e+01  2.15443469e+00  2.59418848e-03 
 2.32630507e+00  6.17185120e+01  2.32630507e+00  2.80114029e-03 
 2.51188643e+00  6.17185120e+01  2.51188643e+00  3.02460171e-03 
 2.71227258e+00  6.17185120e+01  2.71227258e+00  3.26588980e-03 
 2.92864456e+00  6.17185120e+01  2.92864456e+00  3.52642669e-03 
 3.16227766e+00  6.17185120e+01  3.16227766e+00  3.80774795e-03 
 3.41454887e+00  6.17185120e+01  3.41454887e+00  4.11151166e-03 
 3.68694506e+00  6.17185120e+01  3.68694506e+00  4.43950816e-03 
 3.98107171e+00  6.17185120e+01  3.98107171e+00  4.79367065e-03 
 4.29866235e+00  6.17185120e+01  4.29866235e+00  5.17608650e-03 
 4.64158883e+00  6.17185120e+01  4.64158883e+00  5.58900964e-03 
 5.01187234e+00  6.17185120e+01  5.01187234e+00  6.03487379e-03 
 5.41169527e+00  6.17185120e+01  5.41169527e+00  6.51630682e-03 
 5.84341413e+00  6.17185120e+01  5.84341413e+00  7.03614625e-03 
 6.30957344e+00  6.17185120e+01  6.30957344e+00  7.59745595e-03 
 6.81292069e+00  6.17185120e+01  6.81292069e+00  8.20354422e-03 
 7.35642254e+00  6.17185119e+01  7.35642254e+00  8.85798329e-03 
 7.94328235e+00  6.17185119e+01  7.94328235e+00  9.56463033e-03 
 8.57695899e+00  6.17185119e+01  8.57695899e+00  1.03276502e-02 
 9.26118728e+00  6.17185119e+01  9.26118728e+00  1.11515402e-02 
 1.00000000e+01  6.17185119e+01  1.00000000e+01  1.20411561e-02 
 1.07977516e+01  6.17185118e+01  1.07977516e+01  1.30017413e-02 
 1.16591440e+01  6.17185118e+01  1.16591440e+01  1.40389572e-02 
 1.25892541e+01  6.17185117e+01  1.25892541e+01  1.51589173e-02 
 1.35935639e+01  6.17185117e+01  1.35935639e+01  1.63682223e-02 
 1.46779927e+01  6.17185116e+01  1.46779927e+01  1.76739998e-02 
 1.58489319e+01  6.17185116e+01  1.58489319e+01  1.90839459e-02 
 1.71132830e+01  6.17185115e+01  1.71132830e+01  2.06063707e-02 
 1.84784980e+01  6.17185114e+01  1.84784980e+01  2.22502471e-02 
 1.99526231e+01  6.17185113e+01  1.99526231e+01  2.40252640e-02 
 2.15443469e+01  6.17185112e+01  2.15443469e+01  2.59418830e-02 
 2.32630507e+01  6.17185110e+01  2.32630507e+01  2.80114006e-02 
 2.51188643e+01  6.17185108e+01  2.51188643e+01  3.02460143e-02 
 2.71227258e+01  6.17185106e+01  2.71227258e+01  3.26588945e-02 
 2.92864456e+01  6.17185104e+01  2.92864456e+01  3.52642625e-02 
 3.16227766e+01  6.17185101e+01  3.16227766e+01  3.80774739e-02 
 3.41454887e+01  6.17185098e+01  3.41454887e+01  4.11151096e-02 
 3.68694506e+01  6.17185094e+01  3.68694506e+01  4.43950729e-02 
 3.98107171e+01  6.17185090e+01  3.98107171e+01  4.79366954e-02 
 4.29866235e+01  6.17185085e+01  4.29866235e+01  5.17608511e-02 
 4.64158883e+01  6.17185079e+01  4.64158883e+01  5.58900789e-02 
 5.01187234e+01  6.17185072e+01  5.01187234e+01  6.03487158e-02 
 5.41169527e+01  6.17185064e+01  5.41169527e+01  6.51630404e-02 
 5.84341413e+01  6.17185055e+01  5.84341413e+01  7.03614275e-02 
 6.30957344e+01  6.17185044e+01  6.30957344e+01  7.59745155e-02 
 6.81292069e+01  6.17185032e+01  6.81292069e+01  8.20353868e-02 
 7.35642254e+01  6.17185017e+01  7.35642254e+01  8.85797631e-02 
 7.94328235e+01  6.17185000e+01  7.94328235e+01  9.56462155e-02 
 8.57695899e+01  6.17184979e+01  8.57695899e+01  1.03276392e-01 
 9.26118728e+01  6.17184956e+01  9.26118728e+01  1.11515263e-01 
 1.00000000e+02  6.17184929e+01  1.00000000e+02  1.20411386e-01 
 1.07977516e+02  6.17184897e+01  1.07977516e+02  1.30017192e-01 
 1.16591440e+02  6.17184860e+01  1.16591440e+02  1.40389295e-01 
 1.25892541e+02  6.17184817e+01  1.25892541e+02  1.51588823e-01 
 1.35935639e+02  6.17184766e+01  1.35935639e+02  1.63681783e-01 
 1.46779927e+02  6.17184708e+01  1.46779927e+02  1.76739444e-01 
 1.58489319e+02  6.17184639e+01  1.58489319e+02  1.90838762e-01 
 1.71132830e+02  6.17184559e+01  1.71132830e+02  2.06062829e-01 
 1.84784980e+02  6.17184466e+01  1.84784980e+02  2.22501366e-01 
 1.99526231e+02  6.17184358e+01  1.99526231e+02  2.40251248e-01 
 2.15443469e+02  6.17184231e+01  2.15443469e+02  2.59417079e-01 
 2.32630507e+02  6.17184084e+01  2.32630507e+02  2.80111801e-01 
 2.51188643e+02  6.17183912e+01  2.51188643e+02  3.02457366e-01 
 2.71227258e+02  6.17183711e+01  2.71227258e+02  3.26585450e-01 
 2.92864456e+02  6.17183477e+01  2.92864456e+02  3.52638224e-01 
 3.16227766e+02  6.17183205e+01  3.16227766e+02  3.80769200e-01 
 3.41454887e+02  6.17182887e+01  3.41454887e+02  4.11144122e-01 
 3.68694506e+02  6.17182516e+01  3.68694506e+02  4.43941949e-01 
 3.98107171e+02  6.17182084e+01  3.98107171e+02  4.79355902e-01 
 4.29866235e+02  6.17181580e+01  4.29866235e+02  5.17594597e-01 
 4.64158883e+02  6.17180993e+01  4.64158883e+02  5.58883272e-01 
 5.01187234e+02  6.17180308e+01  5.01187234e+02  6.03465106e-01 
 5.41169527e+02  6.17179510e+01  5.41169527e+02  6.51602642e-01 
 5.84341413e+02  6.17178579e+01  5.84341413e+02  7.03579326e-01 
 6.30957344e+02  6.17177494e+01  6.30957344e+02  7.59701157e-01 
 6.81292069e+02  6.17176229e+01  6.81292069e+02  8.20298479e-01 
 7.35642254e+02  6.17174754e+01  7.35642254e+02  8.85727901e-01 
 7.94328235e+02  6.17173034e+01  7.94328235e+02  9.56374372e-01 
 8.57695899e+02  6.17171029e+01  8.57695899e+02  1.03265341e+00 
 9.26118728e+02  6.17168692e+01  9.26118728e+02  1.11501351e+00 
 1.00000000e+03  6.17165967e+01  1.00000000e+03  1.20393873e+00 
 1.07977516e+03  6.17162789e+01  1.07977516e+03  1.29995145e+00 
 1.16591440e+03  6.17159085e+01  1.16591440e+03  1.40361541e+00 
 1.25892541e+03  6.17154767e+01  1.25892541e+03  1.51553885e+00 
 1.35935639e+03  6.17149734e+01  1.35935639e+03  1.63637802e+00 
 1.46779927e+03  6.17143865e+01  1.46779927e+03  1.76684080e+00 
 1.58489319e+03  6.17137024e+01  1.58489319e+03  1.90769069e+00 
 1.71132830e+03  6.17129050e+01  1.71132830e+03  2.05975101e+00 
 1.84784980e+03  6.17119753e+01  1.84784980e+03  2.22390936e+00 
 1.99526231e+03  6.17108918e+01  1.99526231e+03  2.40112247e+00 
 2.15443469e+03  6.17096288e+01  2.15443469e+03  2.59242119e+00 
 2.32630507e+03  6.17081566e+01  2.32630507e+03  2.79891583e+00 
 2.51188643e+03  6.17064409e+01  2.51188643e+03  3.02180195e+00 
 2.71227258e+03  6.17044414e+01  2.71227258e+03  3.26236611e+00 
 2.92864456e+03  6.17021113e+01  2.92864456e+03  3.52199205e+00 
 3.16227766e+03  6.16993961e+01  3.16227766e+03  3.80216715e+00 
 3.41454887e+03  6.16962325e+01  3.41454887e+03  4.10448886e+00 
 3.68694506e+03  6.16925471e+01  3.68694506e+03  4.43067151e+00 
 3.98107171e+03  6.16882541e+01  3.98107171e+03  4.78255256e+00 
 4.29866235e+03  6.16832542e+01  4.29866235e+03  5.16209937e+00 
 4.64158883e+03  6.16774320e+01  4.64158883e+03  5.57141505e+00 
 5.01187234e+03  6.16706536e+01  5.01187234e+03  6.01274425e+00 
 5.41169527e+03  6.16627640e+01  5.41169527e+03  6.48847782e+00 
 5.84341413e+03  6.16535834e+01  5.84341413e+03  7.00115612e+00 
 6.30957344e+03  6.16429041e+01  6.30957344e+03  7.55347108e+00 
 6.81292069e+03  6.16304859e+01  6.81292069e+03  8.14826577e+00 
 7.35642254e+03  6.16160521e+01  7.35642254e+03  8.78853089e+00 
 7.94328235e+03  6.15992839e+01  7.94328235e+03  9.47739822e+00 
 8.57695899e+03  6.15798150e+01  8.57695899e+03  1.02181280e+01 
 9.26118728e+03  6.15572256e+01  9.26118728e+03  1.10140920e+01 
 1.00000000e+04  6.15310358e+01  1.00000000e+04  1.18687484e+01 
 1.07977516e+04  6.15006988e+01  1.07977516e+04  1.27856078e+01 
 1.16591440e+04  6.14655939e+01  1.16591440e+04  1.37681899e+01 
 1.25892541e+04  6.14250197e+01  1.25892541e+04  1.48199672e+01 
 1.35935639e+04  6.13781874e+01  1.35935639e+04  1.59442957e+01 
 1.46779927e+04  6.13242149e+01  1.46779927e+04  1.71443296e+01 
 1.58489319e+04  6.12621232e+01  1.58489319e+04  1.84229214e+01 
 1.71132830e+04  6.11908327e+01  1.71132830e+04  1.97825031e+01 
 1.84784980e+04  6.11091654e+01  1.84784980e+04  2.12249550e+01 
 1.99526231e+04  6.10158478e+01  1.99526231e+04  2.27514563e+01 
 2.15443469e+04  6.09095201e+01  2.15443469e+04  2.43623290e+01 
 2.32630507e+04  6.07887511e+01  2.32630507e+04  2.60568784e+01 
 2.51188643e+04  6.06520584e+01  2.51188643e+04  2.78332374e+01 
 2.71227258e+04  6.04979356e+01  2.71227258e+04  2.96882250e+01 
 2.92864456e+04  6.03248865e+01  2.92864456e+04  3.16172388e+01 
 3.16227766e+04  6.01314643e+01  3.16227766e+04  3.36141861e+01 
 3.41454887e+04  5.99163168e+01  3.41454887e+04  3.56714740e+01 
 3.68694506e+04  5.96782316e+01  3.68694506e+04  3.77800667e+01 
 3.98107171e+04  5.94161829e+01  3.98107171e+04  3.99296184e+01 
 4.29866235e+04  5.91293733e+01  4.29866235e+04  4.21086830e+01 
 4.64158883e+04  5.88172678e+01  4.64158883e+04  4.43049897e+01 
 5.01187234e+04  5.84796183e+01  5.01187234e+04  4.65057771e+01 
 5.41169527e+04  5.81164752e+01  5.41169527e+04  4.86981620e+01 
 5.84341413e+04  5.77281848e+01  5.84341413e+04  5.08695116e+01 
 6.30957344e+04  5.73153731e+01  6.30957344e+04  5.30078038e+01 
 6.81292069e+04  5.68789186e+01  6.81292069e+04  5.51019417e+01 
 7.35642254e+04  5.64199143e+01  7.35642254e+04  5.71420124e+01 
 7.94328235e+04  5.59396244e+01  7.94328235e+04  5.91194679e+01 
 8.57695899e+04  5.54394377e+01  8.57695899e+04  6.10272332e+01 
 9.26118728e+04  5.49208214e+01  9.26118728e+04  6.28597400e+01 
 1.00000000e+05  5.43852789e+01  1.00000000e+05  6.46128964e+01 
 1.07977516e+05  5.38343110e+01  1.07977516e+05  6.62840021e+01 
 1.16591440e+05  5.32693846e+01  1.16591440e+05  6.78716279e+01 
 1.25892541e+05  5.26919079e+01  1.25892541e+05  6.93754710e+01 
 1.35935639e+05  5.21032112e+01  1.35935639e+05  7.07961916e+01 
 1.46779927e+05  5.15045354e+01  1.46779927e+05  7.21352617e+01 
 1.58489319e+05  5.08970238e+01  1.58489319e+05  7.33948035e+01 
 1.71132830e+05  5.02817199e+01  1.71132830e+05  7.45774501e+01 
 1.84784980e+05  4.96595675e+01  1.84784980e+05  7.56862179e+01 
 1.99526231e+05  4.90314139e+01  1.99526231e+05  7.67243929e+01 
 2.15443469e+05  4.83980146e+01  2.15443469e+05  7.76954398e+01 
 2.32630507e+05  4.77600392e+01  2.32630507e+05  7.86029160e+01 
 2.51188643e+05  4.71180786e+01  2.51188643e+05  7.94504141e+01 
 2.71227258e+05  4.64726512e+01  2.71227258e+05  8.02415085e+01 
 2.92864456e+05  4.58242100e+01  2.92864456e+05  8.09797124e+01 
 3.16227766e+05  4.51731491e+01  3.16227766e+05  8.16684506e+01 
 3.41454887e+05  4.45198104e+01  3.41454887e+05  8.23110386e+01 
 3.68694506e+05  4.38644885e+01  3.68694506e+05  8.29106652e+01 
 3.98107171e+05  4.32074367e+01  3.98107171e+05  8.34703834e+01 
 4.29866235e+05  4.25488709e+01  4.29866235e+05  8.39931064e+01 
 4.64158883e+05  4.18889743e+01  4.64158883e+05  8.44816033e+01 
 5.01187234e+05  4.12279009e+01  5.01187234e+05  8.49385039e+01 
 5.41169527e+05  4.05657783e+01  5.41169527e+05  8.53662981e+01 
 5.84341413e+05  3.99027106e+01  5.84341413e+05  8.57673418e+01 
 6.30957344e+05  3.92387805e+01  6.30957344e+05  8.61438631e+01 
 6.81292069e+05  3.85740509e+01  6.81292069e+05  8.64979667e+01 
 7.35642254e+05  3.79085664e+01  7.35642254e+05  8.68316422e+01 
 7.94328235e+05  3.72423540e+01  7.94328235e+05  8.71467683e+01 
 8.57695899e+05  3.65754242e+01  8.57695899e+05  8.74451230e+01 
 9.26118728e+05  3.59077704e+01  9.26118728e+05  8.77283861e+01 
 1.00000000e+06  3.52393696e+01  1.00000000e+06  8.79981477e+01 
 1.07977516e+06  3.45701811e+01  1.07977516e+06  8.82559120e+01 
 1.16591440e+06  3.39001461e+01  1.16591440e+06  8.85031015e+01 
 1.25892541e+06  3.32291862e+01  1.25892541e+06  8.87410617e+01 
 1.35935639e+06  3.25572014e+01  1.35935639e+06  8.89710621e+01 
 1.46779927e+06  3.18840685e+01  1.46779927e+06  8.91942968e+01 
 1.58489319e+06  3.12096377e+01  1.58489319e+06  8.94118836e+01 
 1.71132830e+06  3.05337297e+01  1.71132830e+06  8.96248599e+01 
 1.84784980e+06  2.98561320e+01  1.84784980e+06  8.98341774e+01 
 1.99526231e+06  2.91765940e+01  1.99526231e+06  9.00406907e+01 
 2.15443469e+06  2.84948219e+01  2.15443469e+06  9.02451438e+01 
 2.32630507e+06  2.78104728e+01  2.32630507e+06  9.04481515e+01 
 2.51188643e+06  2.71231476e+01  2.51188643e+06  9.06501723e+01 
 2.71227258e+06  2.64323836e+01  2.71227258e+06  9.08514773e+01 
 2.92864456e+06  2.57376451e+01  2.92864456e+06  9.10521042e+01 
 3.16227766e+06  2.50383142e+01  3.16227766e+06  9.12518059e+01 
 3.41454887e+06  2.43336797e+01  3.41454887e+06  9.14499798e+01 
 3.68694506e+06  2.36229251e+01  3.68694506e+06  9.16455838e+01 
 3.98107171e+06  2.29051160e+01  3.98107171e+06  9.18370310e+01 
 4.29866235e+06  2.21791860e+01  4.29866235e+06  9.20220592e+01 
 4.64158883e+06  2.14439225e+01  4.64158883e+06  9.21975742e+01 
 5.01187234e+06  2.06979511e+01  5.01187234e+06  9.23594579e+01 
 5.41169527e+06  1.99397203e+01  5.41169527e+06  9.25023363e+01 
 5.84341413e+06  1.91674862e+01  5.84341413e+06  9.26193026e+01 
 6.30957344e+06  1.83792965e+01  6.30957344e+06  9.27015832e+01 
 6.81292069e+06  1.75729758e+01  6.81292069e+06  9.27381364e+01 
 7.35642254e+06  1.67461109e+01  7.35642254e+06  9.27151712e+01 
 7.94328235e+06  1.58960367e+01  7.94328235e+06  9.26155578e+01 
 8.57695899e+06  1.50198227e+01  8.57695899e+06  9.24181017e+01 
 9.26118728e+06  1.41142592e+01  9.26118728e+06  9.20966241e+01 
 1.00000000e+07  1.31758459e+01  1.00000000e+07  9.16187674e+01 
 1.07977516e+07  1.22007856e+01  1.07977516e+07  9.09443934e+01 
 1.16591440e+07  1.11849922e+01  1.16591440e+07  9.00233674e+01 
 1.25892541e+07  1.01241393e+01  1.25892541e+07  8.87924121e+01 
 1.35935639e+07  9.01380045e+00  1.35935639e+07  8.71705527e+01 
 1.46779927e+07  7.84979701e+00  1.46779927e+07  8.50524728e+01 
 1.58489319e+07  6.62899162e+00  1.58489319e+07  8.22989129e+01 
 1.71132830e+07  5.35101440e+00  1.71132830e+07  7.87233525e+01 
 1.84784980e+07  4.02187423e+00  1.84784980e+07  7.40755564e+01 
 1.99526231e+07  2.66114228e+00  1.99526231e+07  6.80278659e+01 
 2.15443469e+07  1.31494130e+00  2.15443469e+07  6.01858765e+01 
 2.32630507e+07  7.46510102e-02  2.32630507e+07  5.01794824e+01 
 2.51188643e+07 -9.11321338e-01  2.51188643e+07  3.79205090e+01 
 2.71227258e+07 -1.46972255e+00  2.71227258e+07  2.39952148e+01 
 2.92864456e+07 -1.50154859e+00  2.92864456e+07  9.76145787e+00 
 3.16227766e+07 -1.06189237e+00  3.16227766e+07 -3.29163986e+00 
 3.41454887e+07 -3.11326117e-01  3.41454887e+07 -1.43343184e+01 
 3.68694506e+07  5.91811412e-01  3.68694506e+07 -2.32934035e+01 
 3.98107171e+07  1.54326890e+00  3.98107171e+07 -3.04810170e+01 
 4.29866235e+07  2.48876786e+00  4.29866235e+07 -3.62833245e+01 
 4.64158883e+07  3.40495073e+00  4.64158883e+07 -4.10315206e+01 
 5.01187234e+07  4.28445055e+00  5.01187234e+07 -4.49768194e+01 
 5.41169527e+07  5.12726567e+00  5.41169527e+07 -4.83013690e+01 
 5.84341413e+07  5.93635174e+00  5.84341413e+07 -5.11357434e+01 
 6.30957344e+07  6.71551716e+00  6.30957344e+07 -5.35740961e+01 
 6.81292069e+07  7.46848538e+00  6.81292069e+07 -5.56854682e+01 
 7.35642254e+07  8.19852993e+00  7.35642254e+07 -5.75217955e+01 
 7.94328235e+07  8.90838831e+00  7.94328235e+07 -5.91234801e+01 
 8.57695899e+07  9.60031080e+00  8.57695899e+07 -6.05232343e+01 
 9.26118728e+07  1.02761755e+01  9.26118728e+07 -6.17486913e+01 
 1.00000000e+08  1.09376335e+01  1.00000000e+08 -6.28240917e+01 
 1.07977516e+08  1.15862620e+01  1.07977516e+08 -6.37712313e+01 
 1.16591440e+08  1.22237063e+01  1.16591440e+08 -6.46097866e+01 
 1.25892541e+08  1.28517887e+01  1.25892541e+08 -6.53571181e+01 
 1.35935639e+08  1.34725631e+01  1.35935639e+08 -6.60276814e+01 
 1.46779927e+08  1.40882972e+01  1.46779927e+08 -6.66322351e+01 
 1.58489319e+08  1.47013758e+01  1.58489319e+08 -6.71770857e+01 
 1.71132830e+08  1.53141362e+01  1.71132830e+08 -6.76636233e+01 
 1.84784980e+08  1.59286648e+01  1.84784980e+08 -6.80883471e+01 
 1.99526231e+08  1.65465960e+01  1.99526231e+08 -6.84434590e+01 
 2.15443469e+08  1.71689546e+01  2.15443469e+08 -6.87179541e+01 
 2.32630507e+08  1.77960710e+01  2.32630507e+08 -6.88990123e+01 
 2.51188643e+08  1.84275783e+01  2.51188643e+08 -6.89734365e+01 
 2.71227258e+08  1.90624808e+01  2.71227258e+08 -6.89289104e+01 
 2.92864456e+08  1.96992700e+01  2.92864456e+08 -6.87549266e+01 
 3.16227766e+08  2.03360606e+01  3.16227766e+08 -6.84433385e+01 
 3.41454887e+08  2.09707231e+01  3.41454887e+08 -6.79885734e+01 
 3.68694506e+08  2.16009969e+01  3.68694506e+08 -6.73875886e+01 
 3.98107171e+08  2.22245776e+01  3.98107171e+08 -6.66396737e+01 
 4.29866235e+08  2.28391778e+01  4.29866235e+08 -6.57461848e+01 
 4.64158883e+08  2.34425651e+01  4.64158883e+08 -6.47102780e+01 
 5.01187234e+08  2.40325840e+01  5.01187234e+08 -6.35366854e+01 
 5.41169527e+08  2.46071681e+01  5.41169527e+08 -6.22315515e+01 
 5.84341413e+08  2.51643489e+01  5.84341413e+08 -6.08023329e+01 
 6.30957344e+08  2.57022648e+01  6.30957344e+08 -5.92577505e+01 
 6.81292069e+08  2.62191758e+01  6.81292069e+08 -5.76077753e+01 
 7.35642254e+08  2.67134841e+01  7.35642254e+08 -5.58636212e+01 
 7.94328235e+08  2.71837615e+01  7.94328235e+08 -5.40377202e+01 
 8.57695899e+08  2.76287821e+01  8.57695899e+08 -5.21436543e+01 
 9.26118728e+08  2.80475581e+01  9.26118728e+08 -5.01960255e+01 
 1.00000000e+09  2.84393730e+01  1.00000000e+09 -4.82102536e+01 
