 1.00000000e+00  6.12554534e+01  1.00000000e+00  1.17806057e-03 
 1.07977516e+00  6.12554534e+01  1.07977516e+00  1.27204054e-03 
 1.16591440e+00  6.12554534e+01  1.16591440e+00  1.37351778e-03 
 1.25892541e+00  6.12554534e+01  1.25892541e+00  1.48309039e-03 
 1.35935639e+00  6.12554534e+01  1.35935639e+00  1.60140416e-03 
 1.46779927e+00  6.12554534e+01  1.46779927e+00  1.72915644e-03 
 1.58489319e+00  6.12554534e+01  1.58489319e+00  1.86710017e-03 
 1.71132830e+00  6.12554534e+01  1.71132830e+00  2.01604839e-03 
 1.84784980e+00  6.12554534e+01  1.84784980e+00  2.17687898e-03 
 1.99526231e+00  6.12554534e+01  1.99526231e+00  2.35053985e-03 
 2.15443469e+00  6.12554534e+01  2.15443469e+00  2.53805455e-03 
 2.32630507e+00  6.12554534e+01  2.32630507e+00  2.74052827e-03 
 2.51188643e+00  6.12554534e+01  2.51188643e+00  2.95915435e-03 
 2.71227258e+00  6.12554534e+01  2.71227258e+00  3.19522137e-03 
 2.92864456e+00  6.12554534e+01  2.92864456e+00  3.45012067e-03 
 3.16227766e+00  6.12554534e+01  3.16227766e+00  3.72535461e-03 
 3.41454887e+00  6.12554534e+01  3.41454887e+00  4.02254538e-03 
 3.68694506e+00  6.12554533e+01  3.68694506e+00  4.34344459e-03 
 3.98107171e+00  6.12554533e+01  3.98107171e+00  4.68994358e-03 
 4.29866235e+00  6.12554533e+01  4.29866235e+00  5.06408459e-03 
 4.64158883e+00  6.12554533e+01  4.64158883e+00  5.46807276e-03 
 5.01187234e+00  6.12554533e+01  5.01187234e+00  5.90428915e-03 
 5.41169527e+00  6.12554533e+01  5.41169527e+00  6.37530477e-03 
 5.84341413e+00  6.12554533e+01  5.84341413e+00  6.88389574e-03 
 6.30957344e+00  6.12554533e+01  6.30957344e+00  7.43305963e-03 
 6.81292069e+00  6.12554533e+01  6.81292069e+00  8.02603316e-03 
 7.35642254e+00  6.12554533e+01  7.35642254e+00  8.66631125e-03 
 7.94328235e+00  6.12554533e+01  7.94328235e+00  9.35766763e-03 
 8.57695899e+00  6.12554532e+01  8.57695899e+00  1.01041771e-02 
 9.26118728e+00  6.12554532e+01  9.26118728e+00  1.09102394e-02 
 1.00000000e+01  6.12554532e+01  1.00000000e+01  1.17806055e-02 
 1.07977516e+01  6.12554532e+01  1.07977516e+01  1.27204052e-02 
 1.16591440e+01  6.12554531e+01  1.16591440e+01  1.37351776e-02 
 1.25892541e+01  6.12554531e+01  1.25892541e+01  1.48309035e-02 
 1.35935639e+01  6.12554530e+01  1.35935639e+01  1.60140412e-02 
 1.46779927e+01  6.12554530e+01  1.46779927e+01  1.72915639e-02 
 1.58489319e+01  6.12554529e+01  1.58489319e+01  1.86710011e-02 
 1.71132830e+01  6.12554528e+01  1.71132830e+01  2.01604831e-02 
 1.84784980e+01  6.12554527e+01  1.84784980e+01  2.17687888e-02 
 1.99526231e+01  6.12554526e+01  1.99526231e+01  2.35053972e-02 
 2.15443469e+01  6.12554525e+01  2.15443469e+01  2.53805439e-02 
 2.32630507e+01  6.12554524e+01  2.32630507e+01  2.74052806e-02 
 2.51188643e+01  6.12554522e+01  2.51188643e+01  2.95915409e-02 
 2.71227258e+01  6.12554520e+01  2.71227258e+01  3.19522104e-02 
 2.92864456e+01  6.12554518e+01  2.92864456e+01  3.45012026e-02 
 3.16227766e+01  6.12554515e+01  3.16227766e+01  3.72535409e-02 
 3.41454887e+01  6.12554512e+01  3.41454887e+01  4.02254473e-02 
 3.68694506e+01  6.12554509e+01  3.68694506e+01  4.34344377e-02 
 3.98107171e+01  6.12554505e+01  3.98107171e+01  4.68994255e-02 
 4.29866235e+01  6.12554500e+01  4.29866235e+01  5.06408329e-02 
 4.64158883e+01  6.12554494e+01  4.64158883e+01  5.46807112e-02 
 5.01187234e+01  6.12554488e+01  5.01187234e+01  5.90428708e-02 
 5.41169527e+01  6.12554480e+01  5.41169527e+01  6.37530217e-02 
 5.84341413e+01  6.12554471e+01  5.84341413e+01  6.88389247e-02 
 6.30957344e+01  6.12554461e+01  6.30957344e+01  7.43305551e-02 
 6.81292069e+01  6.12554449e+01  6.81292069e+01  8.02602798e-02 
 7.35642254e+01  6.12554434e+01  7.35642254e+01  8.66630472e-02 
 7.94328235e+01  6.12554418e+01  7.94328235e+01  9.35765941e-02 
 8.57695899e+01  6.12554399e+01  8.57695899e+01  1.01041667e-01 
 9.26118728e+01  6.12554376e+01  9.26118728e+01  1.09102264e-01 
 1.00000000e+02  6.12554350e+01  1.00000000e+02  1.17805891e-01 
 1.07977516e+02  6.12554320e+01  1.07977516e+02  1.27203845e-01 
 1.16591440e+02  6.12554284e+01  1.16591440e+02  1.37351516e-01 
 1.25892541e+02  6.12554243e+01  1.25892541e+02  1.48308708e-01 
 1.35935639e+02  6.12554195e+01  1.35935639e+02  1.60140000e-01 
 1.46779927e+02  6.12554139e+01  1.46779927e+02  1.72915120e-01 
 1.58489319e+02  6.12554073e+01  1.58489319e+02  1.86709358e-01 
 1.71132830e+02  6.12553997e+01  1.71132830e+02  2.01604009e-01 
 1.84784980e+02  6.12553908e+01  1.84784980e+02  2.17686853e-01 
 1.99526231e+02  6.12553804e+01  1.99526231e+02  2.35052669e-01 
 2.15443469e+02  6.12553683e+01  2.15443469e+02  2.53803799e-01 
 2.32630507e+02  6.12553541e+01  2.32630507e+02  2.74050741e-01 
 2.51188643e+02  6.12553377e+01  2.51188643e+02  2.95912810e-01 
 2.71227258e+02  6.12553185e+01  2.71227258e+02  3.19518832e-01 
 2.92864456e+02  6.12552961e+01  2.92864456e+02  3.45007906e-01 
 3.16227766e+02  6.12552700e+01  3.16227766e+02  3.72530222e-01 
 3.41454887e+02  6.12552396e+01  3.41454887e+02  4.02247943e-01 
 3.68694506e+02  6.12552041e+01  3.68694506e+02  4.34336156e-01 
 3.98107171e+02  6.12551628e+01  3.98107171e+02  4.68983906e-01 
 4.29866235e+02  6.12551146e+01  4.29866235e+02  5.06395300e-01 
 4.64158883e+02  6.12550583e+01  4.64158883e+02  5.46790710e-01 
 5.01187234e+02  6.12549927e+01  5.01187234e+02  5.90408054e-01 
 5.41169527e+02  6.12549163e+01  5.41169527e+02  6.37504216e-01 
 5.84341413e+02  6.12548272e+01  5.84341413e+02  6.88356515e-01 
 6.30957344e+02  6.12547234e+01  6.30957344e+02  7.43264346e-01 
 6.81292069e+02  6.12546023e+01  6.81292069e+02  8.02550925e-01 
 7.35642254e+02  6.12544611e+01  7.35642254e+02  8.66565172e-01 
 7.94328235e+02  6.12542964e+01  7.94328235e+02  9.35683726e-01 
 8.57695899e+02  6.12541045e+01  8.57695899e+02  1.01031318e+00 
 9.26118728e+02  6.12538807e+01  9.26118728e+02  1.09089234e+00 
 1.00000000e+03  6.12536199e+01  1.00000000e+03  1.17789489e+00 
 1.07977516e+03  6.12533157e+01  1.07977516e+03  1.27183197e+00 
 1.16591440e+03  6.12529612e+01  1.16591440e+03  1.37325522e+00 
 1.25892541e+03  6.12525478e+01  1.25892541e+03  1.48275986e+00 
 1.35935639e+03  6.12520659e+01  1.35935639e+03  1.60098808e+00 
 1.46779927e+03  6.12515041e+01  1.46779927e+03  1.72863266e+00 
 1.58489319e+03  6.12508493e+01  1.58489319e+03  1.86644084e+00 
 1.71132830e+03  6.12500859e+01  1.71132830e+03  2.01521844e+00 
 1.84784980e+03  6.12491959e+01  1.84784980e+03  2.17583424e+00 
 1.99526231e+03  6.12481586e+01  1.99526231e+03  2.34922481e+00 
 2.15443469e+03  6.12469496e+01  2.15443469e+03  2.53639930e+00 
 2.32630507e+03  6.12455402e+01  2.32630507e+03  2.73844481e+00 
 2.51188643e+03  6.12438976e+01  2.51188643e+03  2.95653203e+00 
 2.71227258e+03  6.12419834e+01  2.71227258e+03  3.19192096e+00 
 2.92864456e+03  6.12397525e+01  2.92864456e+03  3.44596697e+00 
 3.16227766e+03  6.12371530e+01  3.16227766e+03  3.72012726e+00 
 3.41454887e+03  6.12341240e+01  3.41454887e+03  4.01596725e+00 
 3.68694506e+03  6.12305954e+01  3.68694506e+03  4.33516729e+00 
 3.98107171e+03  6.12264848e+01  3.98107171e+03  4.67952900e+00 
 4.29866235e+03  6.12216972e+01  4.29866235e+03  5.05098214e+00 
 4.64158883e+03  6.12161217e+01  4.64158883e+03  5.45159039e+00 
 5.01187234e+03  6.12096303e+01  5.01187234e+03  5.88355771e+00 
 5.41169527e+03  6.12020742e+01  5.41169527e+03  6.34923272e+00 
 5.84341413e+03  6.11932809e+01  5.84341413e+03  6.85111293e+00 
 6.30957344e+03  6.11830511e+01  6.30957344e+03  7.39184687e+00 
 6.81292069e+03  6.11711543e+01  6.81292069e+03  7.97423482e+00 
 7.35642254e+03  6.11573249e+01  7.35642254e+03  8.60122595e+00 
 7.94328235e+03  6.11412563e+01  7.94328235e+03  9.27591258e+00 
 8.57695899e+03  6.11225964e+01  8.57695899e+03  1.00015198e+01 
 9.26118728e+03  6.11009414e+01  9.26118728e+03  1.07813900e+01 
 1.00000000e+04  6.10758290e+01  1.00000000e+04  1.16189591e+01 
 1.07977516e+04  6.10467323e+01  1.07977516e+04  1.25177271e+01 
 1.16591440e+04  6.10130524e+01  1.16591440e+04  1.34812159e+01 
 1.25892541e+04  6.09741115e+01  1.25892541e+04  1.45129179e+01 
 1.35935639e+04  6.09291460e+01  1.35935639e+04  1.56162295e+01 
 1.46779927e+04  6.08773015e+01  1.46779927e+04  1.67943725e+01 
 1.58489319e+04  6.08176264e+01  1.58489319e+04  1.80502956e+01 
 1.71132830e+04  6.07490699e+01  1.71132830e+04  1.93865636e+01 
 1.84784980e+04  6.06704820e+01  1.84784980e+04  2.08052278e+01 
 1.99526231e+04  6.05806155e+01  1.99526231e+04  2.23076825e+01 
 2.15443469e+04  6.04781341e+01  2.15443469e+04  2.38945099e+01 
 2.32630507e+04  6.03616249e+01  2.32630507e+04  2.55653204e+01 
 2.51188643e+04  6.02296176e+01  2.51188643e+04  2.73185949e+01 
 2.71227258e+04  6.00806097e+01  2.71227258e+04  2.91515396e+01 
 2.92864456e+04  5.99130981e+01  2.92864456e+04  3.10599653e+01 
 3.16227766e+04  5.97256175e+01  3.16227766e+04  3.30382059e+01 
 3.41454887e+04  5.95167845e+01  3.41454887e+04  3.50790941e+01 
 3.68694506e+04  5.92853416e+01  3.68694506e+04  3.71739925e+01 
 3.98107171e+04  5.90302058e+01  3.98107171e+04  3.93129108e+01 
 4.29866235e+04  5.87505105e+01  4.29866235e+04  4.14846893e+01 
 4.64158883e+04  5.84456432e+01  4.64158883e+04  4.36772594e+01 
 5.01187234e+04  5.81152724e+01  5.01187234e+04  4.58779640e+01 
 5.41169527e+04  5.77593629e+01  5.41169527e+04  4.80739134e+01 
 5.84341413e+04  5.73781780e+01  5.84341413e+04  5.02523663e+01 
 6.30957344e+04  5.69722664e+01  6.30957344e+04  5.24010901e+01 
 6.81292069e+04  5.65424382e+01  6.81292069e+04  5.45086965e+01 
 7.35642254e+04  5.60897295e+01  7.35642254e+04  5.65649121e+01 
 7.94328235e+04  5.56153603e+01  7.94328235e+04  5.85607838e+01 
 8.57695899e+04  5.51206888e+01  8.57695899e+04  6.04888117e+01 
 9.26118728e+04  5.46071644e+01  9.26118728e+04  6.23429965e+01 
 1.00000000e+05  5.40762842e+01  1.00000000e+05  6.41188318e+01 
 1.07977516e+05  5.35295532e+01  1.07977516e+05  6.58132296e+01 
 1.16591440e+05  5.29684507e+01  1.16591440e+05  6.74244125e+01 
 1.25892541e+05  5.23944037e+01  1.25892541e+05  6.89517703e+01 
 1.35935639e+05  5.18087662e+01  1.35935639e+05  7.03957046e+01 
 1.46779927e+05  5.12128053e+01  1.46779927e+05  7.17574703e+01 
 1.58489319e+05  5.06076925e+01  1.58489319e+05  7.30390167e+01 
 1.71132830e+05  4.99944997e+01  1.71132830e+05  7.42428441e+01 
 1.84784980e+05  4.93741986e+01  1.84784980e+05  7.53718681e+01 
 1.99526231e+05  4.87476633e+01  1.99526231e+05  7.64293060e+01 
 2.15443469e+05  4.81156748e+01  2.15443469e+05  7.74185780e+01 
 2.32630507e+05  4.74789262e+01  2.32630507e+05  7.83432180e+01 
 2.51188643e+05  4.68380298e+01  2.51188643e+05  7.92068126e+01 
 2.71227258e+05  4.61935236e+01  2.71227258e+05  8.00129405e+01 
 2.92864456e+05  4.55458781e+01  2.92864456e+05  8.07651327e+01 
 3.16227766e+05  4.48955031e+01  3.16227766e+05  8.14668374e+01 
 3.41454887e+05  4.42427543e+01  3.41454887e+05  8.21213980e+01 
 3.68694506e+05  4.35879385e+01  3.68694506e+05  8.27320361e+01 
 3.98107171e+05  4.29313193e+01  3.98107171e+05  8.33018366e+01 
 4.29866235e+05  4.22731223e+01  4.29866235e+05  8.38337476e+01 
 4.64158883e+05  4.16135385e+01  4.64158883e+05  8.43305727e+01 
 5.01187234e+05  4.09527287e+01  5.01187234e+05  8.47949735e+01 
 5.41169527e+05  4.02908265e+01  5.41169527e+05  8.52294715e+01 
 5.84341413e+05  3.96279407e+01  5.84341413e+05  8.56364504e+01 
 6.30957344e+05  3.89641581e+01  6.30957344e+05  8.60181648e+01 
 6.81292069e+05  3.82995451e+01  6.81292069e+05  8.63767428e+01 
 7.35642254e+05  3.76341488e+01  7.35642254e+05  8.67141934e+01 
 7.94328235e+05  3.69679983e+01  7.94328235e+05  8.70324129e+01 
 8.57695899e+05  3.63011054e+01  8.57695899e+05  8.73331919e+01 
 9.26118728e+05  3.56334646e+01  9.26118728e+05  8.76182205e+01 
 1.00000000e+06  3.49650528e+01  1.00000000e+06  8.78890937e+01 
 1.07977516e+06  3.42958295e+01  1.07977516e+06  8.81473176e+01 
 1.16591440e+06  3.36257348e+01  1.16591440e+06  8.83943127e+01 
 1.25892541e+06  3.29546891e+01  1.25892541e+06  8.86314164e+01 
 1.35935639e+06  3.22825906e+01  1.35935639e+06  8.88598862e+01 
 1.46779927e+06  3.16093133e+01  1.46779927e+06  8.90808987e+01 
 1.58489319e+06  3.09347044e+01  1.58489319e+06  8.92955479e+01 
 1.71132830e+06  3.02585808e+01  1.71132830e+06  8.95048414e+01 
 1.84784980e+06  2.95807252e+01  1.84784980e+06  8.97096928e+01 
 1.99526231e+06  2.89008813e+01  1.99526231e+06  8.99109105e+01 
 2.15443469e+06  2.82187490e+01  2.15443469e+06  9.01091832e+01 
 2.32630507e+06  2.75339779e+01  2.32630507e+06  9.03050583e+01 
 2.51188643e+06  2.68461605e+01  2.51188643e+06  9.04989151e+01 
 2.71227258e+06  2.61548238e+01  2.71227258e+06  9.06909281e+01 
 2.92864456e+06  2.54594214e+01  2.92864456e+06  9.08810233e+01 
 3.16227766e+06  2.47593229e+01  3.16227766e+06  9.10688182e+01 
 3.41454887e+06  2.40538032e+01  3.41454887e+06  9.12535514e+01 
 3.68694506e+06  2.33420307e+01  3.68694506e+06  9.14339918e+01 
 3.98107171e+06  2.26230542e+01  3.98107171e+06  9.16083278e+01 
 4.29866235e+06  2.18957899e+01  4.29866235e+06  9.17740319e+01 
 4.64158883e+06  2.11590062e+01  4.64158883e+06  9.19276943e+01 
 5.01187234e+06  2.04113097e+01  5.01187234e+06  9.20648232e+01 
 5.41169527e+06  1.96511297e+01  5.41169527e+06  9.21796020e+01 
 5.84341413e+06  1.88767035e+01  5.84341413e+06  9.22645992e+01 
 6.30957344e+06  1.80860622e+01  6.30957344e+06  9.23104201e+01 
 6.81292069e+06  1.72770165e+01  6.81292069e+06  9.23052866e+01 
 7.35642254e+06  1.64471443e+01  7.35642254e+06  9.22345328e+01 
 7.94328235e+06  1.55937782e+01  7.94328235e+06  9.20799866e+01 
 8.57695899e+06  1.47139957e+01  8.57695899e+06  9.18192031e+01 
 9.26118728e+06  1.38046094e+01  9.26118728e+06  9.14244911e+01 
 1.00000000e+07  1.28621625e+01  1.00000000e+07  9.08616410e+01 
 1.07977516e+07  1.18829332e+01  1.07977516e+07  9.00882114e+01 
 1.16591440e+07  1.08629628e+01  1.16591440e+07  8.90511566e+01 
 1.25892541e+07  9.79813746e+00  1.25892541e+07  8.76834560e+01 
 1.35935639e+07  8.68439201e+00  1.35935639e+07  8.58992622e+01 
 1.46779927e+07  7.51817231e+00  1.46779927e+07  8.35868969e+01 
 1.58489319e+07  6.29744018e+00  1.58489319e+07  8.05989417e+01 
 1.71132830e+07  5.02377851e+00  1.71132830e+07  7.67390532e+01 
 1.84784980e+07  3.70664263e+00  1.84784980e+07  7.17472141e+01 
 1.99526231e+07  2.37145813e+00  1.99526231e+07  6.52921399e+01 
 2.15443469e+07  1.07327949e+00  2.15443469e+07  5.69980208e+01 
 2.32630507e+07 -8.63016434e-02  2.32630507e+07  4.65660174e+01 
 2.51188643e+07 -9.56094650e-01  2.51188643e+07  3.40564900e+01 
 2.71227258e+07 -1.38169139e+00  2.71227258e+07  2.02231546e+01 
 2.92864456e+07 -1.30205813e+00  2.92864456e+07  6.44208261e+00 
 3.16227766e+07 -7.98178714e-01  3.16227766e+07 -5.98289996e+00 
 3.41454887e+07 -2.67619977e-02  3.41454887e+07 -1.64309693e+01 
 3.68694506e+07  8.71762181e-01  3.68694506e+07 -2.49238143e+01 
 3.98107171e+07  1.80818876e+00  3.98107171e+07 -3.17763555e+01 
 4.29866235e+07  2.73656833e+00  4.29866235e+07 -3.73450744e+01 
 4.64158883e+07  3.63717291e+00  4.64158883e+07 -4.19302568e+01 
 5.01187234e+07  4.50384878e+00  5.01187234e+07 -4.57595898e+01 
 5.41169527e+07  5.33674902e+00  5.41169527e+07 -4.89990870e+01 
 5.84341413e+07  6.13858738e+00  5.84341413e+07 -5.17686553e+01 
 6.30957344e+07  6.91282658e+00  6.30957344e+07 -5.41554390e+01 
 6.81292069e+07  7.66285886e+00  6.81292069e+07 -5.62238065e+01 
 7.35642254e+07  8.39168196e+00  7.35642254e+07 -5.80224683e+01 
 7.94328235e+07  9.10181929e+00  7.94328235e+07 -5.95894576e+01 
 8.57695899e+07  9.79536031e+00  8.57695899e+07 -6.09555841e+01 
 9.26118728e+07  1.04740597e+01  9.26118728e+07 -6.21467851e+01 
 1.00000000e+08  1.11394630e+01  1.00000000e+08 -6.31856498e+01 
 1.07977516e+08  1.17930385e+01  1.07977516e+08 -6.40922820e+01 
 1.16591440e+08  1.24362969e+01  1.16591440e+08 -6.48846147e+01 
 1.25892541e+08  1.30708824e+01  1.25892541e+08 -6.55782709e+01 
 1.35935639e+08  1.36986150e+01  1.35935639e+08 -6.61860918e+01 
 1.46779927e+08  1.43214711e+01  1.46779927e+08 -6.67174989e+01 
 1.58489319e+08  1.49414980e+01  1.58489319e+08 -6.71778927e+01 
 1.71132830e+08  1.55606711e+01  1.71132830e+08 -6.75683008e+01 
 1.84784980e+08  1.61807201e+01  1.84784980e+08 -6.78854379e+01 
 1.99526231e+08  1.68029559e+01  1.99526231e+08 -6.81222416e+01 
 2.15443469e+08  1.74281351e+01  2.15443469e+08 -6.82688285e+01 
 2.32630507e+08  1.80563842e+01  2.32630507e+08 -6.83137099e+01 
 2.51188643e+08  1.86871930e+01  2.51188643e+08 -6.82450620e+01 
 2.71227258e+08  1.93194700e+01  2.71227258e+08 -6.80518570e+01 
 2.92864456e+08  1.99516401e+01  2.92864456e+08 -6.77247289e+01 
 3.16227766e+08  2.05817624e+01  3.16227766e+08 -6.72565274e+01 
 3.41454887e+08  2.12076487e+01  3.41454887e+08 -6.66425798e+01 
 3.68694506e+08  2.18269691e+01  3.68694506e+08 -6.58807273e+01 
 3.98107171e+08  2.24373375e+01  3.98107171e+08 -6.49712145e+01 
 4.29866235e+08  2.30363762e+01  4.29866235e+08 -6.39165043e+01 
 4.64158883e+08  2.36217633e+01  4.64158883e+08 -6.27210748e+01 
 5.01187234e+08  2.41912661e+01  5.01187234e+08 -6.13912333e+01 
 5.41169527e+08  2.47427669e+01  5.41169527e+08 -5.99349623e+01 
 5.84341413e+08  2.52742861e+01  5.84341413e+08 -5.83617999e+01 
 6.30957344e+08  2.57840049e+01  6.30957344e+08 -5.66827424e+01 
 6.81292069e+08  2.62702911e+01  6.81292069e+08 -5.49101504e+01 
 7.35642254e+08  2.67317280e+01  7.35642254e+08 -5.30576387e+01 
 7.94328235e+08  2.71671460e+01  7.94328235e+08 -5.11399275e+01 
 8.57695899e+08  2.75756527e+01  8.57695899e+08 -4.91726414e+01 
 9.26118728e+08  2.79566605e+01  9.26118728e+08 -4.71720487e+01 
 1.00000000e+09  2.83099064e+01  1.00000000e+09 -4.51547442e+01 
