 1.00000000e+00  1.05712341e+02  1.00000000e+00  1.81305815e-01 
 1.07977516e+00  1.05712334e+02  1.07977516e+00  1.95769408e-01 
 1.16591440e+00  1.05712326e+02  1.16591440e+00  2.11386808e-01 
 1.25892541e+00  1.05712316e+02  1.25892541e+00  2.28250053e-01 
 1.35935639e+00  1.05712304e+02  1.35935639e+00  2.46458521e-01 
 1.46779927e+00  1.05712291e+02  1.46779927e+00  2.66119518e-01 
 1.58489319e+00  1.05712275e+02  1.58489319e+00  2.87348902e-01 
 1.71132830e+00  1.05712257e+02  1.71132830e+00  3.10271776e-01 
 1.84784980e+00  1.05712236e+02  1.84784980e+00  3.35023214e-01 
 1.99526231e+00  1.05712212e+02  1.99526231e+00  3.61749061e-01 
 2.15443469e+00  1.05712183e+02  2.15443469e+00  3.90606790e-01 
 2.32630507e+00  1.05712149e+02  2.32630507e+00  4.21766426e-01 
 2.51188643e+00  1.05712110e+02  2.51188643e+00  4.55411547e-01 
 2.71227258e+00  1.05712065e+02  2.71227258e+00  4.91740359e-01 
 2.92864456e+00  1.05712012e+02  2.92864456e+00  5.30966863e-01 
 3.16227766e+00  1.05711950e+02  3.16227766e+00  5.73322107e-01 
 3.41454887e+00  1.05711878e+02  3.41454887e+00  6.19055544e-01 
 3.68694506e+00  1.05711794e+02  3.68694506e+00  6.68436485e-01 
 3.98107171e+00  1.05711696e+02  3.98107171e+00  7.21755681e-01 
 4.29866235e+00  1.05711581e+02  4.29866235e+00  7.79327019e-01 
 4.64158883e+00  1.05711448e+02  4.64158883e+00  8.41489349e-01 
 5.01187234e+00  1.05711293e+02  5.01187234e+00  9.08608460e-01 
 5.41169527e+00  1.05711111e+02  5.41169527e+00  9.81079204e-01 
 5.84341413e+00  1.05710900e+02  5.84341413e+00  1.05932778e+00 
 6.30957344e+00  1.05710654e+02  6.30957344e+00  1.14381420e+00 
 6.81292069e+00  1.05710367e+02  6.81292069e+00  1.23503495e+00 
 7.35642254e+00  1.05710032e+02  7.35642254e+00  1.33352580e+00 
 7.94328235e+00  1.05709642e+02  7.94328235e+00  1.43986491e+00 
 8.57695899e+00  1.05709187e+02  8.57695899e+00  1.55467607e+00 
 9.26118728e+00  1.05708656e+02  9.26118728e+00  1.67863227e+00 
 1.00000000e+01  1.05708038e+02  1.00000000e+01  1.81245941e+00 
 1.07977516e+01  1.05707317e+02  1.07977516e+01  1.95694038e+00 
 1.16591440e+01  1.05706477e+02  1.16591440e+01  2.11291934e+00 
 1.25892541e+01  1.05705498e+02  1.25892541e+01  2.28130630e+00 
 1.35935639e+01  1.05704356e+02  1.35935639e+01  2.46308201e+00 
 1.46779927e+01  1.05703026e+02  1.46779927e+01  2.65930311e+00 
 1.58489319e+01  1.05701475e+02  1.58489319e+01  2.87110757e+00 
 1.71132830e+01  1.05699667e+02  1.71132830e+01  3.09972045e+00 
 1.84784980e+01  1.05697561e+02  1.84784980e+01  3.34645986e+00 
 1.99526231e+01  1.05695107e+02  1.99526231e+01  3.61274322e+00 
 2.15443469e+01  1.05692246e+02  2.15443469e+01  3.90009367e+00 
 2.32630507e+01  1.05688914e+02  2.32630507e+01  4.21014665e+00 
 2.51188643e+01  1.05685032e+02  2.51188643e+01  4.54465648e+00 
 2.71227258e+01  1.05680511e+02  2.71227258e+01  4.90550295e+00 
 2.92864456e+01  1.05675245e+02  2.92864456e+01  5.29469763e+00 
 3.16227766e+01  1.05669114e+02  3.16227766e+01  5.71438986e+00 
 3.41454887e+01  1.05661976e+02  3.41454887e+01  6.16687198e+00 
 3.68694506e+01  1.05653669e+02  3.68694506e+01  6.65458377e+00 
 3.98107171e+01  1.05644003e+02  3.98107171e+01  7.18011531e+00 
 4.29866235e+01  1.05632761e+02  4.29866235e+01  7.74620824e+00 
 4.64158883e+01  1.05619691e+02  4.64158883e+01  8.35575433e+00 
 5.01187234e+01  1.05604501e+02  5.01187234e+01  9.01179109e+00 
 5.41169527e+01  1.05586858e+02  5.41169527e+01  9.71749312e+00 
 5.84341413e+01  1.05566377e+02  5.84341413e+01  1.04761585e+01 
 6.30957344e+01  1.05542621e+02  6.30957344e+01  1.12911886e+01 
 6.81292069e+01  1.05515085e+02  6.81292069e+01  1.21660609e+01 
 7.35642254e+01  1.05483200e+02  7.35642254e+01  1.31042913e+01 
 7.94328235e+01  1.05446318e+02  7.94328235e+01  1.41093868e+01 
 8.57695899e+01  1.05403708e+02  8.57695899e+01  1.51847851e+01 
 9.26118728e+01  1.05354551e+02  9.26118728e+01  1.63337797e+01 
 1.00000000e+02  1.05297932e+02  1.00000000e+02  1.75594299e+01 
 1.07977516e+02  1.05232838e+02  1.07977516e+02  1.88644544e+01 
 1.16591440e+02  1.05158156e+02  1.16591440e+02  2.02511083e+01 
 1.25892541e+02  1.05072674e+02  1.25892541e+02  2.17210444e+01 
 1.35935639e+02  1.04975088e+02  1.35935639e+02  2.32751626e+01 
 1.46779927e+02  1.04864013e+02  1.46779927e+02  2.49134507e+01 
 1.58489319e+02  1.04737997e+02  1.58489319e+02  2.66348249e+01 
 1.71132830e+02  1.04595546e+02  1.71132830e+02  2.84369776e+01 
 1.84784980e+02  1.04435153e+02  1.84784980e+02  3.03162472e+01 
 1.99526231e+02  1.04255335e+02  1.99526231e+02  3.22675203e+01 
 2.15443469e+02  1.04054671e+02  2.15443469e+02  3.42841821e+01 
 2.32630507e+02  1.03831851e+02  2.32630507e+02  3.63581287e+01 
 2.51188643e+02  1.03585723e+02  2.51188643e+02  3.84798487e+01 
 2.71227258e+02  1.03315333e+02  2.71227258e+02  4.06385829e+01 
 2.92864456e+02  1.03019971e+02  2.92864456e+02  4.28225571e+01 
 3.16227766e+02  1.02699192e+02  3.16227766e+02  4.50192592e+01 
 3.41454887e+02  1.02352858e+02  3.41454887e+02  4.72158722e+01 
 3.68694506e+02  1.01981117e+02  3.68694506e+02  4.93995179e+01 
 3.98107171e+02  1.01584414e+02  3.98107171e+02  5.15577156e+01 
 4.29866235e+02  1.01163463e+02  4.29866235e+02  5.36787061e+01 
 4.64158883e+02  1.00719221e+02  4.64158883e+02  5.57517499e+01 
 5.01187234e+02  1.00252846e+02  5.01187234e+02  5.77673594e+01 
 5.41169527e+02  9.97656473e+01  5.41169527e+02  5.97174369e+01 
 5.84341413e+02  9.92590500e+01  5.84341413e+02  6.15954323e+01 
 6.30957344e+02  9.87345369e+01  6.30957344e+02  6.33962385e+01 
 6.81292069e+02  9.81936140e+01  6.81292069e+02  6.51162020e+01 
 7.35642254e+02  9.76377770e+01  7.35642254e+02  6.67530715e+01 
 7.94328235e+02  9.70684752e+01  7.94328235e+02  6.83057658e+01 
 8.57695899e+02  9.64870922e+01  8.57695899e+02  6.97742764e+01 
 9.26118728e+02  9.58949308e+01  9.26118728e+02  7.11595200e+01 
 1.00000000e+03  9.52932022e+01  1.00000000e+03  7.24631885e+01 
 1.07977516e+03  9.46830174e+01  1.07977516e+03  7.36875438e+01 
 1.16591440e+03  9.40653862e+01  1.16591440e+03  7.48352757e+01 
 1.25892541e+03  9.34412233e+01  1.25892541e+03  7.59094862e+01 
 1.35935639e+03  9.28113464e+01  1.35935639e+03  7.69134593e+01 
 1.46779927e+03  9.21764841e+01  1.46779927e+03  7.78506259e+01 
 1.58489319e+03  9.15372828e+01  1.58489319e+03  7.87245078e+01 
 1.71132830e+03  9.08943123e+01  1.71132830e+03  7.95386130e+01 
 1.84784980e+03  9.02480731e+01  1.84784980e+03  8.02964142e+01 
 1.99526231e+03  8.95990039e+01  1.99526231e+03  8.10013218e+01 
 2.15443469e+03  8.89474875e+01  2.15443469e+03  8.16566271e+01 
 2.32630507e+03  8.82938575e+01  2.32630507e+03  8.22655055e+01 
 2.51188643e+03  8.76384034e+01  2.51188643e+03  8.28309840e+01 
 2.71227258e+03  8.69813770e+01  2.71227258e+03  8.33559713e+01 
 2.92864456e+03  8.63229958e+01  2.92864456e+03  8.38431929e+01 
 3.16227766e+03  8.56634480e+01  3.16227766e+03  8.42952296e+01 
 3.41454887e+03  8.50028964e+01  3.41454887e+03  8.47145294e+01 
 3.68694506e+03  8.43414817e+01  3.68694506e+03  8.51033953e+01 
 3.98107171e+03  8.36793245e+01  3.98107171e+03  8.54639529e+01 
 4.29866235e+03  8.30165295e+01  4.29866235e+03  8.57982345e+01 
 4.64158883e+03  8.23531861e+01  4.64158883e+03  8.61080992e+01 
 5.01187234e+03  8.16893718e+01  5.01187234e+03  8.63953066e+01 
 5.41169527e+03  8.10251532e+01  5.41169527e+03  8.66614983e+01 
 5.84341413e+03  8.03605872e+01  5.84341413e+03  8.69081874e+01 
 6.30957344e+03  7.96957230e+01  6.30957344e+03  8.71367948e+01 
 6.81292069e+03  7.90306030e+01  6.81292069e+03  8.73486487e+01 
 7.35642254e+03  7.83652632e+01  7.35642254e+03  8.75449573e+01 
 7.94328235e+03  7.76997349e+01  7.94328235e+03  8.77268742e+01 
 8.57695899e+03  7.70340447e+01  8.57695899e+03  8.78954496e+01 
 9.26118728e+03  7.63682158e+01  9.26118728e+03  8.80516633e+01 
 1.00000000e+04  7.57022676e+01  1.00000000e+04  8.81964307e+01 
 1.07977516e+04  7.50362172e+01  1.07977516e+04  8.83305979e+01 
 1.16591440e+04  7.43700791e+01  1.16591440e+04  8.84549467e+01 
 1.25892541e+04  7.37038657e+01  1.25892541e+04  8.85702080e+01 
 1.35935639e+04  7.30375877e+01  1.35935639e+04  8.86770563e+01 
 1.46779927e+04  7.23712542e+01  1.46779927e+04  8.87761164e+01 
 1.58489319e+04  7.17048731e+01  1.58489319e+04  8.88679730e+01 
 1.71132830e+04  7.10384512e+01  1.71132830e+04  8.89531667e+01 
 1.84784980e+04  7.03719942e+01  1.84784980e+04  8.90321923e+01 
 1.99526231e+04  6.97055070e+01  1.99526231e+04  8.91055236e+01 
 2.15443469e+04  6.90389940e+01  2.15443469e+04  8.91735852e+01 
 2.32630507e+04  6.83724586e+01  2.32630507e+04  8.92367778e+01 
 2.51188643e+04  6.77059041e+01  2.51188643e+04  8.92954728e+01 
 2.71227258e+04  6.70393331e+01  2.71227258e+04  8.93500191e+01 
 2.92864456e+04  6.63727477e+01  2.92864456e+04  8.94007354e+01 
 3.16227766e+04  6.57061500e+01  3.16227766e+04  8.94479213e+01 
 3.41454887e+04  6.50395416e+01  3.41454887e+04  8.94918534e+01 
 3.68694506e+04  6.43729238e+01  3.68694506e+04  8.95327907e+01 
 3.98107171e+04  6.37062977e+01  3.98107171e+04  8.95709774e+01 
 4.29866235e+04  6.30396645e+01  4.29866235e+04  8.96066325e+01 
 4.64158883e+04  6.23730248e+01  4.64158883e+04  8.96399731e+01 
 5.01187234e+04  6.17063792e+01  5.01187234e+04  8.96711893e+01 
 5.41169527e+04  6.10397284e+01  5.41169527e+04  8.97004690e+01 
 5.84341413e+04  6.03730726e+01  5.84341413e+04  8.97279819e+01 
 6.30957344e+04  5.97064120e+01  6.30957344e+04  8.97538924e+01 
 6.81292069e+04  5.90397470e+01  6.81292069e+04  8.97783530e+01 
 7.35642254e+04  5.83730774e+01  7.35642254e+04  8.98015080e+01 
 7.94328235e+04  5.77064033e+01  7.94328235e+04  8.98234923e+01 
 8.57695899e+04  5.70397244e+01  8.57695899e+04  8.98444358e+01 
 9.26118728e+04  5.63730404e+01  9.26118728e+04  8.98644621e+01 
 1.00000000e+05  5.57063510e+01  1.00000000e+05  8.98836902e+01 
 1.07977516e+05  5.50396557e+01  1.07977516e+05  8.99022320e+01 
 1.16591440e+05  5.43729536e+01  1.16591440e+05  8.99201979e+01 
 1.25892541e+05  5.37062441e+01  1.25892541e+05  8.99376933e+01 
 1.35935639e+05  5.30395260e+01  1.35935639e+05  8.99548202e+01 
 1.46779927e+05  5.23727982e+01  1.46779927e+05  8.99716802e+01 
 1.58489319e+05  5.17060592e+01  1.58489319e+05  8.99883722e+01 
 1.71132830e+05  5.10393073e+01  1.71132830e+05  9.00049947e+01 
 1.84784980e+05  5.03725406e+01  1.84784980e+05  9.00216460e+01 
 1.99526231e+05  4.97057566e+01  1.99526231e+05  9.00384227e+01 
 2.15443469e+05  4.90389526e+01  2.15443469e+05  9.00554245e+01 
 2.32630507e+05  4.83721253e+01  2.32630507e+05  9.00727500e+01 
 2.51188643e+05  4.77052709e+01  2.51188643e+05  9.00905012e+01 
 2.71227258e+05  4.70383851e+01  2.71227258e+05  9.01087825e+01 
 2.92864456e+05  4.63714626e+01  2.92864456e+05  9.01276993e+01 
 3.16227766e+05  4.57044975e+01  3.16227766e+05  9.01473633e+01 
 3.41454887e+05  4.50374826e+01  3.41454887e+05  9.01678875e+01 
 3.68694506e+05  4.43704097e+01  3.68694506e+05  9.01893914e+01 
 3.98107171e+05  4.37032694e+01  3.98107171e+05  9.02119991e+01 
 4.29866235e+05  4.30360503e+01  4.29866235e+05  9.02358406e+01 
 4.64158883e+05  4.23687395e+01  4.64158883e+05  9.02610521e+01 
 5.01187234e+05  4.17013218e+01  5.01187234e+05  9.02877779e+01 
 5.41169527e+05  4.10337795e+01  5.41169527e+05  9.03161687e+01 
 5.84341413e+05  4.03660919e+01  5.84341413e+05  9.03463834e+01 
 6.30957344e+05  3.96982351e+01  6.30957344e+05  9.03785903e+01 
 6.81292069e+05  3.90301810e+01  6.81292069e+05  9.04129664e+01 
 7.35642254e+05  3.83618969e+01  7.35642254e+05  9.04496984e+01 
 7.94328235e+05  3.76933449e+01  7.94328235e+05  9.04889823e+01 
 8.57695899e+05  3.70244806e+01  8.57695899e+05  9.05310241e+01 
 9.26118728e+05  3.63552524e+01  9.26118728e+05  9.05760401e+01 
 1.00000000e+06  3.56856003e+01  1.00000000e+06  9.06242548e+01 
 1.07977516e+06  3.50154543e+01  1.07977516e+06  9.06759022e+01 
 1.16591440e+06  3.43447328e+01  1.16591440e+06  9.07312226e+01 
 1.25892541e+06  3.36733413e+01  1.25892541e+06  9.07904626e+01 
 1.35935639e+06  3.30011694e+01  1.35935639e+06  9.08538705e+01 
 1.46779927e+06  3.23280890e+01  1.46779927e+06  9.09216941e+01 
 1.58489319e+06  3.16539509e+01  1.58489319e+06  9.09941742e+01 
 1.71132830e+06  3.09785822e+01  1.71132830e+06  9.10715393e+01 
 1.84784980e+06  3.03017817e+01  1.84784980e+06  9.11539953e+01 
 1.99526231e+06  2.96233162e+01  1.99526231e+06  9.12417155e+01 
 2.15443469e+06  2.89429152e+01  2.15443469e+06  9.13348242e+01 
 2.32630507e+06  2.82602653e+01  2.32630507e+06  9.14333785e+01 
 2.51188643e+06  2.75750039e+01  2.51188643e+06  9.15373443e+01 
 2.71227258e+06  2.68867118e+01  2.71227258e+06  9.16465659e+01 
 2.92864456e+06  2.61949050e+01  2.92864456e+06  9.17607263e+01 
 3.16227766e+06  2.54990257e+01  3.16227766e+06  9.18793011e+01 
 3.41454887e+06  2.47984321e+01  3.41454887e+06  9.20014975e+01 
 3.68694506e+06  2.40923872e+01  3.68694506e+06  9.21261813e+01 
 3.98107171e+06  2.33800464e+01  3.98107171e+06  9.22517855e+01 
 4.29866235e+06  2.26604446e+01  4.29866235e+06  9.23761989e+01 
 4.64158883e+06  2.19324819e+01  4.64158883e+06  9.24966305e+01 
 5.01187234e+06  2.11949085e+01  5.01187234e+06  9.26094453e+01 
 5.41169527e+06  2.04463092e+01  5.41169527e+06  9.27099650e+01 
 5.84341413e+06  1.96850876e+01  5.84341413e+06  9.27922304e+01 
 6.30957344e+06  1.89094490e+01  6.30957344e+06  9.28487148e+01 
 6.81292069e+06  1.81173845e+01  6.81292069e+06  9.28699826e+01 
 7.35642254e+06  1.73066537e+01  7.35642254e+06  9.28442782e+01 
 7.94328235e+06  1.64747674e+01  7.94328235e+06  9.27570302e+01 
 8.57695899e+06  1.56189693e+01  8.57695899e+06  9.25902449e+01 
 9.26118728e+06  1.47362156e+01  9.26118728e+06  9.23217488e+01 
 1.00000000e+07  1.38231526e+01  1.00000000e+07  9.19242185e+01 
 1.07977516e+07  1.28760916e+01  1.07977516e+07  9.13638980e+01 
 1.16591440e+07  1.18909847e+01  1.16591440e+07  9.05988457e+01 
 1.25892541e+07  1.08634109e+01  1.25892541e+07  8.95764585e+01 
 1.35935639e+07  9.78859952e+00  1.35935639e+07  8.82298810e+01 
 1.46779927e+07  8.66155114e+00  1.46779927e+07  8.64726989e+01 
 1.58489319e+07  7.47739211e+00  1.58489319e+07  8.41910359e+01 
 1.71132830e+07  6.23225605e+00  1.71132830e+07  8.12318874e+01 
 1.84784980e+07  4.92531106e+00  1.84784980e+07  7.73865849e+01 
 1.99526231e+07  3.56318674e+00  1.99526231e+07  7.23699642e+01 
 2.15443469e+07  2.16909261e+00  2.15443469e+07  6.58031030e+01 
 2.32630507e+07  7.99658769e-01  2.32630507e+07  5.72302842e+01 
 2.51188643e+07 -4.31355587e-01  2.51188643e+07  4.62508529e+01 
 2.71227258e+07 -1.34333823e+00  2.71227258e+07  3.28787572e+01 
 2.92864456e+07 -1.74628262e+00  2.92864456e+07  1.80158396e+01 
 3.16227766e+07 -1.57332393e+00  3.16227766e+07  3.36540949e+00 
 3.41454887e+07 -9.40529960e-01  3.41454887e+07 -9.54443589e+00 
 3.68694506e+07 -4.39974303e-02  3.68694506e+07 -2.01187238e+01 
 3.98107171e+07  9.57743484e-01  3.98107171e+07 -2.85174933e+01 
 4.29866235e+07  1.97392493e+00  4.29866235e+07 -3.51724391e+01 
 4.64158883e+07  2.96293590e+00  4.64158883e+07 -4.05067893e+01 
 5.01187234e+07  3.90987596e+00  5.01187234e+07 -4.48525220e+01 
 5.41169527e+07  4.81236864e+00  5.41169527e+07 -4.84505605e+01 
 5.84341413e+07  5.67321305e+00  5.84341413e+07 -5.14716362e+01 
 6.30957344e+07  6.49690528e+00  6.30957344e+07 -5.40368233e+01 
 6.81292069e+07  7.28809742e+00  6.81292069e+07 -5.62331870e+01 
 7.35642254e+07  8.05098162e+00  7.35642254e+07 -5.81247974e+01 
 7.94328235e+07  8.78910779e+00  7.94328235e+07 -5.97602870e+01 
 8.57695899e+07  9.50540256e+00  8.57695899e+07 -6.11780035e+01 
 9.26118728e+07  1.02022817e+01  9.26118728e+07 -6.24095005e+01 
 1.00000000e+08  1.08818045e+01  1.00000000e+08 -6.34818423e+01 
 1.07977516e+08  1.15458421e+01  1.07977516e+08 -6.44190090e+01 
 1.16591440e+08  1.21962410e+01  1.16591440e+08 -6.52425722e+01 
 1.25892541e+08  1.28349594e+01  1.25892541e+08 -6.59717614e+01 
 1.35935639e+08  1.34641560e+01  1.35935639e+08 -6.66230474e+01 
 1.46779927e+08  1.40862094e+01  1.46779927e+08 -6.72094164e+01 
 1.58489319e+08  1.47036575e+01  1.58489319e+08 -6.77395642e+01 
 1.71132830e+08  1.53190588e+01  1.71132830e+08 -6.82172772e+01 
 1.84784980e+08  1.59347997e+01  1.84784980e+08 -6.86412354e+01 
 1.99526231e+08  1.65528841e+01  1.99526231e+08 -6.90053783e+01 
 2.15443469e+08  1.71747517e+01  2.15443469e+08 -6.92998237e+01 
 2.32630507e+08  1.78011589e+01  2.32630507e+08 -6.95121866e+01 
 2.51188643e+08  1.84321431e+01  2.51188643e+08 -6.96290544e+01 
 2.71227258e+08  1.90670642e+01  2.71227258e+08 -6.96373635e+01 
 2.92864456e+08  1.97047074e+01  2.92864456e+08 -6.95254899e+01 
 3.16227766e+08  2.03434155e+01  3.16227766e+08 -6.92839633e+01 
 3.41454887e+08  2.09812277e+01  3.41454887e+08 -6.89058111e+01 
 3.68694506e+08  2.16160034e+01  3.68694506e+08 -6.83866044e+01 
 3.98107171e+08  2.22455212e+01  3.98107171e+08 -6.77243029e+01 
 4.29866235e+08  2.28675500e+01  4.29866235e+08 -6.69189992e+01 
 4.64158883e+08  2.34798945e+01  4.64158883e+08 -6.59726371e+01 
 5.01187234e+08  2.40804218e+01  5.01187234e+08 -6.48887610e+01 
 5.41169527e+08  2.46670739e+01  5.41169527e+08 -6.36723227e+01 
 5.84341413e+08  2.52378751e+01  5.84341413e+08 -6.23295586e+01 
 6.30957344e+08  2.57909367e+01  6.30957344e+08 -6.08679298e+01 
 6.81292069e+08  2.63244670e+01  6.81292069e+08 -5.92961117e+01 
 7.35642254e+08  2.68367861e+01  7.35642254e+08 -5.76240088e+01 
 7.94328235e+08  2.73263492e+01  7.94328235e+08 -5.58627678e+01 
 8.57695899e+08  2.77917763e+01  8.57695899e+08 -5.40247633e+01 
 9.26118728e+08  2.82318885e+01  9.26118728e+08 -5.21235305e+01 
 1.00000000e+09  2.86457443e+01  1.00000000e+09 -5.01736288e+01 
