 1.00000000e+00  6.12141308e+01  1.00000000e+00  1.13648947e-03 
 1.07977516e+00  6.12141308e+01  1.07977516e+00  1.22715311e-03 
 1.16591440e+00  6.12141308e+01  1.16591440e+00  1.32504944e-03 
 1.25892541e+00  6.12141308e+01  1.25892541e+00  1.43075548e-03 
 1.35935639e+00  6.12141308e+01  1.35935639e+00  1.54489423e-03 
 1.46779927e+00  6.12141308e+01  1.46779927e+00  1.66813842e-03 
 1.58489319e+00  6.12141308e+01  1.58489319e+00  1.80121443e-03 
 1.71132830e+00  6.12141308e+01  1.71132830e+00  1.94490660e-03 
 1.84784980e+00  6.12141308e+01  1.84784980e+00  2.10006184e-03 
 1.99526231e+00  6.12141308e+01  1.99526231e+00  2.26759462e-03 
 2.15443469e+00  6.12141308e+01  2.15443469e+00  2.44849234e-03 
 2.32630507e+00  6.12141308e+01  2.32630507e+00  2.64382122e-03 
 2.51188643e+00  6.12141308e+01  2.51188643e+00  2.85473249e-03 
 2.71227258e+00  6.12141308e+01  2.71227258e+00  3.08246923e-03 
 2.92864456e+00  6.12141308e+01  2.92864456e+00  3.32837372e-03 
 3.16227766e+00  6.12141308e+01  3.16227766e+00  3.59389527e-03 
 3.41454887e+00  6.12141308e+01  3.41454887e+00  3.88059885e-03 
 3.68694506e+00  6.12141308e+01  3.68694506e+00  4.19017425e-03 
 3.98107171e+00  6.12141308e+01  3.98107171e+00  4.52444608e-03 
 4.29866235e+00  6.12141308e+01  4.29866235e+00  4.88538450e-03 
 4.64158883e+00  6.12141308e+01  4.64158883e+00  5.27511683e-03 
 5.01187234e+00  6.12141308e+01  5.01187234e+00  5.69594013e-03 
 5.41169527e+00  6.12141308e+01  5.41169527e+00  6.15033468e-03 
 5.84341413e+00  6.12141308e+01  5.84341413e+00  6.64097862e-03 
 6.30957344e+00  6.12141308e+01  6.30957344e+00  7.17076376e-03 
 6.81292069e+00  6.12141308e+01  6.81292069e+00  7.74281260e-03 
 7.35642254e+00  6.12141307e+01  7.35642254e+00  8.36049672e-03 
 7.94328235e+00  6.12141307e+01  7.94328235e+00  9.02745670e-03 
 8.57695899e+00  6.12141307e+01  8.57695899e+00  9.74762351e-03 
 9.26118728e+00  6.12141307e+01  9.26118728e+00  1.05252417e-02 
 1.00000000e+01  6.12141307e+01  1.00000000e+01  1.13648946e-02 
 1.07977516e+01  6.12141306e+01  1.07977516e+01  1.22715309e-02 
 1.16591440e+01  6.12141306e+01  1.16591440e+01  1.32504942e-02 
 1.25892541e+01  6.12141306e+01  1.25892541e+01  1.43075545e-02 
 1.35935639e+01  6.12141305e+01  1.35935639e+01  1.54489419e-02 
 1.46779927e+01  6.12141305e+01  1.46779927e+01  1.66813837e-02 
 1.58489319e+01  6.12141304e+01  1.58489319e+01  1.80121437e-02 
 1.71132830e+01  6.12141303e+01  1.71132830e+01  1.94490653e-02 
 1.84784980e+01  6.12141302e+01  1.84784980e+01  2.10006175e-02 
 1.99526231e+01  6.12141302e+01  1.99526231e+01  2.26759450e-02 
 2.15443469e+01  6.12141300e+01  2.15443469e+01  2.44849220e-02 
 2.32630507e+01  6.12141299e+01  2.32630507e+01  2.64382103e-02 
 2.51188643e+01  6.12141298e+01  2.51188643e+01  2.85473225e-02 
 2.71227258e+01  6.12141296e+01  2.71227258e+01  3.08246894e-02 
 2.92864456e+01  6.12141294e+01  2.92864456e+01  3.32837335e-02 
 3.16227766e+01  6.12141291e+01  3.16227766e+01  3.59389480e-02 
 3.41454887e+01  6.12141288e+01  3.41454887e+01  3.88059826e-02 
 3.68694506e+01  6.12141285e+01  3.68694506e+01  4.19017351e-02 
 3.98107171e+01  6.12141281e+01  3.98107171e+01  4.52444515e-02 
 4.29866235e+01  6.12141277e+01  4.29866235e+01  4.88538333e-02 
 4.64158883e+01  6.12141272e+01  4.64158883e+01  5.27511536e-02 
 5.01187234e+01  6.12141265e+01  5.01187234e+01  5.69593828e-02 
 5.41169527e+01  6.12141258e+01  5.41169527e+01  6.15033235e-02 
 5.84341413e+01  6.12141250e+01  5.84341413e+01  6.64097568e-02 
 6.30957344e+01  6.12141240e+01  6.30957344e+01  7.17076007e-02 
 6.81292069e+01  6.12141229e+01  6.81292069e+01  7.74280794e-02 
 7.35642254e+01  6.12141216e+01  7.35642254e+01  8.36049086e-02 
 7.94328235e+01  6.12141201e+01  7.94328235e+01  9.02744932e-02 
 8.57695899e+01  6.12141183e+01  8.57695899e+01  9.74761422e-02 
 9.26118728e+01  6.12141162e+01  9.26118728e+01  1.05252300e-01 
 1.00000000e+02  6.12141138e+01  1.00000000e+02  1.13648799e-01 
 1.07977516e+02  6.12141109e+01  1.07977516e+02  1.22715123e-01 
 1.16591440e+02  6.12141076e+01  1.16591440e+02  1.32504709e-01 
 1.25892541e+02  6.12141038e+01  1.25892541e+02  1.43075251e-01 
 1.35935639e+02  6.12140993e+01  1.35935639e+02  1.54489049e-01 
 1.46779927e+02  6.12140941e+01  1.46779927e+02  1.66813371e-01 
 1.58489319e+02  6.12140880e+01  1.58489319e+02  1.80120851e-01 
 1.71132830e+02  6.12140809e+01  1.71132830e+02  1.94489915e-01 
 1.84784980e+02  6.12140726e+01  1.84784980e+02  2.10005246e-01 
 1.99526231e+02  6.12140629e+01  1.99526231e+02  2.26758280e-01 
 2.15443469e+02  6.12140516e+01  2.15443469e+02  2.44847747e-01 
 2.32630507e+02  6.12140385e+01  2.32630507e+02  2.64380250e-01 
 2.51188643e+02  6.12140232e+01  2.51188643e+02  2.85470891e-01 
 2.71227258e+02  6.12140053e+01  2.71227258e+02  3.08243956e-01 
 2.92864456e+02  6.12139845e+01  2.92864456e+02  3.32833636e-01 
 3.16227766e+02  6.12139602e+01  3.16227766e+02  3.59384822e-01 
 3.41454887e+02  6.12139318e+01  3.41454887e+02  3.88053962e-01 
 3.68694506e+02  6.12138988e+01  3.68694506e+02  4.19009969e-01 
 3.98107171e+02  6.12138604e+01  3.98107171e+02  4.52435222e-01 
 4.29866235e+02  6.12138155e+01  4.29866235e+02  4.88526634e-01 
 4.64158883e+02  6.12137632e+01  4.64158883e+02  5.27496809e-01 
 5.01187234e+02  6.12137022e+01  5.01187234e+02  5.69575288e-01 
 5.41169527e+02  6.12136310e+01  5.41169527e+02  6.15009892e-01 
 5.84341413e+02  6.12135481e+01  5.84341413e+02  6.64068183e-01 
 6.30957344e+02  6.12134515e+01  6.30957344e+02  7.17039014e-01 
 6.81292069e+02  6.12133387e+01  6.81292069e+02  7.74234222e-01 
 7.35642254e+02  6.12132074e+01  7.35642254e+02  8.35990459e-01 
 7.94328235e+02  6.12130541e+01  7.94328235e+02  9.02671123e-01 
 8.57695899e+02  6.12128755e+01  8.57695899e+02  9.74668508e-01 
 9.26118728e+02  6.12126673e+01  9.26118728e+02  1.05240603e+00 
 1.00000000e+03  6.12124245e+01  1.00000000e+03  1.13634073e+00 
 1.07977516e+03  6.12121414e+01  1.07977516e+03  1.22696585e+00 
 1.16591440e+03  6.12118115e+01  1.16591440e+03  1.32481372e+00 
 1.25892541e+03  6.12114268e+01  1.25892541e+03  1.43045874e+00 
 1.35935639e+03  6.12109783e+01  1.35935639e+03  1.54452068e+00 
 1.46779927e+03  6.12104555e+01  1.46779927e+03  1.66766818e+00 
 1.58489319e+03  6.12098460e+01  1.58489319e+03  1.80062249e+00 
 1.71132830e+03  6.12091356e+01  1.71132830e+03  1.94416148e+00 
 1.84784980e+03  6.12083073e+01  1.84784980e+03  2.09912389e+00 
 1.99526231e+03  6.12073419e+01  1.99526231e+03  2.26641397e+00 
 2.15443469e+03  6.12062166e+01  2.15443469e+03  2.44700623e+00 
 2.32630507e+03  6.12049048e+01  2.32630507e+03  2.64195065e+00 
 2.51188643e+03  6.12033760e+01  2.51188643e+03  2.85237806e+00 
 2.71227258e+03  6.12015942e+01  2.71227258e+03  3.07950595e+00 
 2.92864456e+03  6.11995177e+01  2.92864456e+03  3.32464423e+00 
 3.16227766e+03  6.11970979e+01  3.16227766e+03  3.58920167e+00 
 3.41454887e+03  6.11942783e+01  3.41454887e+03  3.87469226e+00 
 3.68694506e+03  6.11909933e+01  3.68694506e+03  4.18274169e+00 
 3.98107171e+03  6.11871664e+01  3.98107171e+03  4.51509399e+00 
 4.29866235e+03  6.11827087e+01  4.29866235e+03  4.87361819e+00 
 4.64158883e+03  6.11775173e+01  4.64158883e+03  5.26031457e+00 
 5.01187234e+03  6.11714722e+01  5.01187234e+03  5.67732068e+00 
 5.41169527e+03  6.11644348e+01  5.41169527e+03  6.12691699e+00 
 5.84341413e+03  6.11562443e+01  5.84341413e+03  6.61153094e+00 
 6.30957344e+03  6.11467142e+01  6.30957344e+03  7.13374014e+00 
 6.81292069e+03  6.11356294e+01  6.81292069e+03  7.69627425e+00 
 7.35642254e+03  6.11227410e+01  7.35642254e+03  8.30201293e+00 
 7.94328235e+03  6.11077624e+01  7.94328235e+03  8.95398283e+00 
 8.57695899e+03  6.10903636e+01  8.57695899e+03  9.65534843e+00 
 9.26118728e+03  6.10701657e+01  9.26118728e+03  1.04093997e+01 
 1.00000000e+04  6.10467346e+01  1.00000000e+04  1.12195322e+01 
 1.07977516e+04  6.10195747e+01  1.07977516e+04  1.20892208e+01 
 1.16591440e+04  6.09881216e+01  1.16591440e+04  1.30219829e+01 
 1.25892541e+04  6.09517352e+01  1.25892541e+04  1.40213321e+01 
 1.35935639e+04  6.09096932e+01  1.35935639e+04  1.50907193e+01 
 1.46779927e+04  6.08611841e+01  1.46779927e+04  1.62334590e+01 
 1.58489319e+04  6.08053025e+01  1.58489319e+04  1.74526416e+01 
 1.71132830e+04  6.07410444e+01  1.71132830e+04  1.87510269e+01 
 1.84784980e+04  6.06673060e+01  1.84784980e+04  2.01309240e+01 
 1.99526231e+04  6.05828850e+01  1.99526231e+04  2.15940543e+01 
 2.15443469e+04  6.04864855e+01  2.15443469e+04  2.31414001e+01 
 2.32630507e+04  6.03767288e+01  2.32630507e+04  2.47730483e+01 
 2.51188643e+04  6.02521686e+01  2.51188643e+04  2.64880280e+01 
 2.71227258e+04  6.01113139e+01  2.71227258e+04  2.82841601e+01 
 2.92864456e+04  5.99526573e+01  2.92864456e+04  3.01579218e+01 
 3.16227766e+04  5.97747111e+01  3.16227766e+04  3.21043478e+01 
 3.41454887e+04  5.95760474e+01  3.41454887e+04  3.41169727e+01 
 3.68694506e+04  5.93553443e+01  3.68694506e+04  3.61878405e+01 
 3.98107171e+04  5.91114313e+01  3.98107171e+04  3.83075765e+01 
 4.29866235e+04  5.88433351e+01  4.29866235e+04  4.04655406e+01 
 4.64158883e+04  5.85503205e+01  4.64158883e+04  4.26500565e+01 
 5.01187234e+04  5.82319211e+01  5.01187234e+04  4.48486979e+01 
 5.41169527e+04  5.78879623e+01  5.41169527e+04  4.70486407e+01 
 5.84341413e+04  5.75185680e+01  5.84341413e+04  4.92370268e+01 
 6.30957344e+04  5.71241555e+01  6.30957344e+04  5.14013433e+01 
 6.81292069e+04  5.67054165e+01  6.81292069e+04  5.35297710e+01 
 7.35642254e+04  5.62632857e+01  7.35642254e+04  5.56114818e+01 
 7.94328235e+04  5.57989028e+01  7.94328235e+04  5.76368878e+01 
 8.57695899e+04  5.53135670e+01  8.57695899e+04  5.95977969e+01 
 9.26118728e+04  5.48086906e+01  9.26118728e+04  6.14875059e+01 
 1.00000000e+05  5.42857537e+01  1.00000000e+05  6.33008172e+01 
 1.07977516e+05  5.37462618e+01  1.07977516e+05  6.50339899e+01 
 1.16591440e+05  5.31917103e+01  1.16591440e+05  6.66846520e+01 
 1.25892541e+05  5.26235536e+01  1.25892541e+05  6.82516670e+01 
 1.35935639e+05  5.20431818e+01  1.35935639e+05  6.97349845e+01 
 1.46779927e+05  5.14519042e+01  1.46779927e+05  7.11354815e+01 
 1.58489319e+05  5.08509379e+01  1.58489319e+05  7.24548032e+01 
 1.71132830e+05  5.02414015e+01  1.71132830e+05  7.36952132e+01 
 1.84784980e+05  4.96243134e+01  1.84784980e+05  7.48594495e+01 
 1.99526231e+05  4.90005932e+01  1.99526231e+05  7.59506056e+01 
 2.15443469e+05  4.83710646e+01  2.15443469e+05  7.69720216e+01 
 2.32630507e+05  4.77364611e+01  2.32630507e+05  7.79271905e+01 
 2.51188643e+05  4.70974320e+01  2.51188643e+05  7.88196873e+01 
 2.71227258e+05  4.64545489e+01  2.71227258e+05  7.96531031e+01 
 2.92864456e+05  4.58083131e+01  2.92864456e+05  8.04310019e+01 
 3.16227766e+05  4.51591619e+01  3.16227766e+05  8.11568783e+01 
 3.41454887e+05  4.45074753e+01  3.41454887e+05  8.18341339e+01 
 3.68694506e+05  4.38535822e+01  3.68694506e+05  8.24660538e+01 
 3.98107171e+05  4.31977655e+01  3.98107171e+05  8.30557947e+01 
 4.29866235e+05  4.25402680e+01  4.29866235e+05  8.36063776e+01 
 4.64158883e+05  4.18812957e+01  4.64158883e+05  8.41206795e+01 
 5.01187234e+05  4.12210229e+01  5.01187234e+05  8.46014370e+01 
 5.41169527e+05  4.05595952e+01  5.41169527e+05  8.50512452e+01 
 5.84341413e+05  3.98971321e+01  5.84341413e+05  8.54725610e+01 
 6.30957344e+05  3.92337299e+01  6.30957344e+05  8.58677089e+01 
 6.81292069e+05  3.85694636e+01  6.81292069e+05  8.62388861e+01 
 7.35642254e+05  3.79043884e+01  7.35642254e+05  8.65881672e+01 
 7.94328235e+05  3.72385407e+01  7.94328235e+05  8.69175134e+01 
 8.57695899e+05  3.65719393e+01  8.57695899e+05  8.72287763e+01 
 9.26118728e+05  3.59045855e+01  9.26118728e+05  8.75237064e+01 
 1.00000000e+06  3.52364630e+01  1.00000000e+06  8.78039571e+01 
 1.07977516e+06  3.45675377e+01  1.07977516e+06  8.80710913e+01 
 1.16591440e+06  3.38977570e+01  1.16591440e+06  8.83265853e+01 
 1.25892541e+06  3.32270482e+01  1.25892541e+06  8.85718324e+01 
 1.35935639e+06  3.25553175e+01  1.35935639e+06  8.88081453e+01 
 1.46779927e+06  3.18824474e+01  1.46779927e+06  8.90367575e+01 
 1.58489319e+06  3.12082944e+01  1.58489319e+06  8.92588215e+01 
 1.71132830e+06  3.05326856e+01  1.71132830e+06  8.94754056e+01 
 1.84784980e+06  2.98554153e+01  1.84784980e+06  8.96874887e+01 
 1.99526231e+06  2.91762406e+01  1.99526231e+06  8.98959500e+01 
 2.15443469e+06  2.84948762e+01  2.15443469e+06  9.01015562e+01 
 2.32630507e+06  2.78109884e+01  2.32630507e+06  9.03049420e+01 
 2.51188643e+06  2.71241889e+01  2.51188643e+06  9.05065863e+01 
 2.71227258e+06  2.64340267e+01  2.71227258e+06  9.07067788e+01 
 2.92864456e+06  2.57399798e+01  2.92864456e+06  9.09055793e+01 
 3.16227766e+06  2.50414458e+01  3.16227766e+06  9.11027635e+01 
 3.41454887e+06  2.43377314e+01  3.41454887e+06  9.12977581e+01 
 3.68694506e+06  2.36280404e+01  3.68694506e+06  9.14895558e+01 
 3.98107171e+06  2.29114615e+01  3.98107171e+06  9.16766145e+01 
 4.29866235e+06  2.21869552e+01  4.29866235e+06  9.18567303e+01 
 4.64158883e+06  2.14533391e+01  4.64158883e+06  9.20268846e+01 
 5.01187234e+06  2.07092739e+01  5.01187234e+06  9.21830572e+01 
 5.41169527e+06  1.99532479e+01  5.41169527e+06  9.23200022e+01 
 5.84341413e+06  1.91835626e+01  5.84341413e+06  9.24309785e+01 
 6.30957344e+06  1.83983175e+01  6.30957344e+06  9.25074269e+01 
 6.81292069e+06  1.75953964e+01  6.81292069e+06  9.25385835e+01 
 7.35642254e+06  1.67724536e+01  7.35642254e+06  9.25110152e+01 
 7.94328235e+06  1.59269009e+01  7.94328235e+06  9.24080563e+01 
 8.57695899e+06  1.50558954e+01  8.57695899e+06  9.22091151e+01 
 9.26118728e+06  1.41563273e+01  9.26118728e+06  9.18888015e+01 
 1.00000000e+07  1.32248099e+01  1.00000000e+07  9.14157994e+01 
 1.07977516e+07  1.22576731e+01  1.07977516e+07  9.07513622e+01 
 1.16591440e+07  1.12509705e+01  1.16591440e+07  8.98472417e+01 
 1.25892541e+07  1.02005215e+01  1.25892541e+07  8.86427585e+01 
 1.35935639e+07  9.10203312e+00  1.35935639e+07  8.70605727e+01 
 1.46779927e+07  7.95140613e+00  1.46779927e+07  8.50005234e+01 
 1.58489319e+07  6.74543290e+00  1.58489319e+07  8.23307167e+01 
 1.71132830e+07  5.48331836e+00  1.71132830e+07  7.88750875e+01 
 1.84784980e+07  4.16986495e+00  1.84784980e+07  7.43976961e+01 
 1.99526231e+07  2.82183774e+00  1.99526231e+07  6.85883275e+01 
 2.15443469e+07  1.47964685e+00  2.15443469e+07  6.10671072e+01 
 2.32630507e+07  2.24982764e-01  2.32630507e+07  5.14560325e+01 
 2.51188643e+07 -8.04943351e-01  2.51188643e+07  3.95997708e+01 
 2.71227258e+07 -1.43877133e+00  2.71227258e+07  2.59421100e+01 
 2.92864456e+07 -1.55871580e+00  2.92864456e+07  1.17120278e+01 
 3.16227766e+07 -1.19170147e+00  3.16227766e+07 -1.58263121e+00 
 3.41454887e+07 -4.84776478e-01  3.41454887e+07 -1.29773979e+01 
 3.68694506e+07  3.99872692e-01  3.68694506e+07 -2.22826540e+01 
 3.98107171e+07  1.34867619e+00  3.98107171e+07 -2.97607511e+01 
 4.29866235e+07  2.29985499e+00  4.29866235e+07 -3.57911775e+01 
 4.64158883e+07  3.22552987e+00  4.64158883e+07 -4.07143464e+01 
 5.01187234e+07  4.11593688e+00  5.01187234e+07 -4.47933629e+01 
 5.41169527e+07  4.96990106e+00  5.41169527e+07 -4.82206086e+01 
 5.84341413e+07  5.78985360e+00  5.84341413e+07 -5.11344534e+01 
 6.30957344e+07  6.57940965e+00  6.30957344e+07 -5.36347047e+01 
 6.81292069e+07  7.34226293e+00  6.81292069e+07 -5.57943955e+01 
 7.35642254e+07  8.08173270e+00  7.35642254e+07 -5.76682129e+01 
 7.94328235e+07  8.80062982e+00  7.94328235e+07 -5.92983869e+01 
 8.57695899e+07  9.50127788e+00  8.57695899e+07 -6.07187682e+01 
 9.26118728e+07  1.01856102e+01  9.26118728e+07 -6.19576155e+01 
 1.00000000e+08  1.08553026e+01  1.00000000e+08 -6.30394316e+01 
 1.07977516e+08  1.15119186e+01  1.07977516e+08 -6.39860502e+01 
 1.16591440e+08  1.21570469e+01  1.16591440e+08 -6.48171013e+01 
 1.25892541e+08  1.27924132e+01  1.25892541e+08 -6.55499535e+01 
 1.35935639e+08  1.34199442e+01  1.35935639e+08 -6.61992518e+01 
 1.46779927e+08  1.40417669e+01  1.46779927e+08 -6.67762170e+01 
 1.58489319e+08  1.46601340e+01  1.58489319e+08 -6.72879240e+01 
 1.71132830e+08  1.52772812e+01  1.71132830e+08 -6.77367999e+01 
 1.84784980e+08  1.58952416e+01  1.84784980e+08 -6.81205427e+01 
 1.99526231e+08  1.65156513e+01  1.99526231e+08 -6.84325667e+01 
 2.15443469e+08  1.71395878e+01  2.15443469e+08 -6.86629400e+01 
 2.32630507e+08  1.77674710e+01  2.32630507e+08 -6.87996595e+01 
 2.51188643e+08  1.83990401e+01  2.51188643e+08 -6.88300320e+01 
 2.71227258e+08  1.90334022e+01  2.71227258e+08 -6.87419401e+01 
 2.92864456e+08  1.96691317e+01  2.92864456e+08 -6.85248296e+01 
 3.16227766e+08  2.03043969e+01  3.16227766e+08 -6.81703516e+01 
 3.41454887e+08  2.09370891e+01  3.41454887e+08 -6.76726698e+01 
 3.68694506e+08  2.15649384e+01  3.68694506e+08 -6.70285035e+01 
 3.98107171e+08  2.21856063e+01  3.98107171e+08 -6.62369945e+01 
 4.29866235e+08  2.27967549e+01  4.29866235e+08 -6.52994851e+01 
 4.64158883e+08  2.33960928e+01  4.64158883e+08 -6.42192740e+01 
 5.01187234e+08  2.39814059e+01  5.01187234e+08 -6.30013965e+01 
 5.41169527e+08  2.45505764e+01  5.41169527e+08 -6.16524515e+01 
 5.84341413e+08  2.51015980e+01  5.84341413e+08 -6.01804822e+01 
 6.30957344e+08  2.56325904e+01  6.30957344e+08 -5.85949002e+01 
 6.81292069e+08  2.61418173e+01  6.81292069e+08 -5.69064374e+01 
 7.35642254e+08  2.66277101e+01  7.35642254e+08 -5.51271000e+01 
 7.94328235e+08  2.70888966e+01  7.94328235e+08 -5.32701011e+01 
 8.57695899e+08  2.75242330e+01  8.57695899e+08 -5.13497485e+01 
 9.26118728e+08  2.79328370e+01  9.26118728e+08 -4.93812720e+01 
 1.00000000e+09  2.83141181e+01  1.00000000e+09 -4.73805829e+01 
