 1.00000000e+00  6.08323673e+01  1.00000000e+00  1.09001245e-03 
 1.07977516e+00  6.08323673e+01  1.07977516e+00  1.17696837e-03 
 1.16591440e+00  6.08323673e+01  1.16591440e+00  1.27086122e-03 
 1.25892541e+00  6.08323673e+01  1.25892541e+00  1.37224438e-03 
 1.35935639e+00  6.08323673e+01  1.35935639e+00  1.48171539e-03 
 1.46779927e+00  6.08323673e+01  1.46779927e+00  1.59991948e-03 
 1.58489319e+00  6.08323673e+01  1.58489319e+00  1.72755332e-03 
 1.71132830e+00  6.08323673e+01  1.71132830e+00  1.86536916e-03 
 1.84784980e+00  6.08323673e+01  1.84784980e+00  2.01417929e-03 
 1.99526231e+00  6.08323673e+01  1.99526231e+00  2.17486077e-03 
 2.15443469e+00  6.08323673e+01  2.15443469e+00  2.34836064e-03 
 2.32630507e+00  6.08323673e+01  2.32630507e+00  2.53570149e-03 
 2.51188643e+00  6.08323673e+01  2.51188643e+00  2.73798749e-03 
 2.71227258e+00  6.08323673e+01  2.71227258e+00  2.95641089e-03 
 2.92864456e+00  6.08323673e+01  2.92864456e+00  3.19225904e-03 
 3.16227766e+00  6.08323673e+01  3.16227766e+00  3.44692203e-03 
 3.41454887e+00  6.08323673e+01  3.41454887e+00  3.72190079e-03 
 3.68694506e+00  6.08323673e+01  3.68694506e+00  4.01881603e-03 
 3.98107171e+00  6.08323673e+01  3.98107171e+00  4.33941773e-03 
 4.29866235e+00  6.08323673e+01  4.29866235e+00  4.68559548e-03 
 4.64158883e+00  6.08323673e+01  4.64158883e+00  5.05938962e-03 
 5.01187234e+00  6.08323673e+01  5.01187234e+00  5.46300325e-03 
 5.41169527e+00  6.08323673e+01  5.41169527e+00  5.89881521e-03 
 5.84341413e+00  6.08323673e+01  5.84341413e+00  6.36939415e-03 
 6.30957344e+00  6.08323673e+01  6.30957344e+00  6.87751360e-03 
 6.81292069e+00  6.08323673e+01  6.81292069e+00  7.42616836e-03 
 7.35642254e+00  6.08323673e+01  7.35642254e+00  8.01859214e-03 
 7.94328235e+00  6.08323673e+01  7.94328235e+00  8.65827662e-03 
 8.57695899e+00  6.08323672e+01  8.57695899e+00  9.34899203e-03 
 9.26118728e+00  6.08323672e+01  9.26118728e+00  1.00948094e-02 
 1.00000000e+01  6.08323672e+01  1.00000000e+01  1.09001244e-02 
 1.07977516e+01  6.08323672e+01  1.07977516e+01  1.17696836e-02 
 1.16591440e+01  6.08323671e+01  1.16591440e+01  1.27086120e-02 
 1.25892541e+01  6.08323671e+01  1.25892541e+01  1.37224435e-02 
 1.35935639e+01  6.08323671e+01  1.35935639e+01  1.48171536e-02 
 1.46779927e+01  6.08323670e+01  1.46779927e+01  1.59991944e-02 
 1.58489319e+01  6.08323670e+01  1.58489319e+01  1.72755327e-02 
 1.71132830e+01  6.08323669e+01  1.71132830e+01  1.86536910e-02 
 1.84784980e+01  6.08323668e+01  1.84784980e+01  2.01417921e-02 
 1.99526231e+01  6.08323667e+01  1.99526231e+01  2.17486067e-02 
 2.15443469e+01  6.08323666e+01  2.15443469e+01  2.34836051e-02 
 2.32630507e+01  6.08323665e+01  2.32630507e+01  2.53570133e-02 
 2.51188643e+01  6.08323664e+01  2.51188643e+01  2.73798728e-02 
 2.71227258e+01  6.08323662e+01  2.71227258e+01  2.95641063e-02 
 2.92864456e+01  6.08323660e+01  2.92864456e+01  3.19225872e-02 
 3.16227766e+01  6.08323658e+01  3.16227766e+01  3.44692162e-02 
 3.41454887e+01  6.08323655e+01  3.41454887e+01  3.72190027e-02 
 3.68694506e+01  6.08323652e+01  3.68694506e+01  4.01881538e-02 
 3.98107171e+01  6.08323649e+01  3.98107171e+01  4.33941691e-02 
 4.29866235e+01  6.08323645e+01  4.29866235e+01  4.68559445e-02 
 4.64158883e+01  6.08323640e+01  4.64158883e+01  5.05938832e-02 
 5.01187234e+01  6.08323634e+01  5.01187234e+01  5.46300161e-02 
 5.41169527e+01  6.08323628e+01  5.41169527e+01  5.89881315e-02 
 5.84341413e+01  6.08323620e+01  5.84341413e+01  6.36939156e-02 
 6.30957344e+01  6.08323611e+01  6.30957344e+01  6.87751034e-02 
 6.81292069e+01  6.08323601e+01  6.81292069e+01  7.42616425e-02 
 7.35642254e+01  6.08323589e+01  7.35642254e+01  8.01858696e-02 
 7.94328235e+01  6.08323574e+01  7.94328235e+01  8.65827010e-02 
 8.57695899e+01  6.08323558e+01  8.57695899e+01  9.34898383e-02 
 9.26118728e+01  6.08323539e+01  9.26118728e+01  1.00947990e-01 
 1.00000000e+02  6.08323517e+01  1.00000000e+02  1.09001114e-01 
 1.07977516e+02  6.08323491e+01  1.07977516e+02  1.17696672e-01 
 1.16591440e+02  6.08323460e+01  1.16591440e+02  1.27085914e-01 
 1.25892541e+02  6.08323425e+01  1.25892541e+02  1.37224176e-01 
 1.35935639e+02  6.08323383e+01  1.35935639e+02  1.48171210e-01 
 1.46779927e+02  6.08323335e+01  1.46779927e+02  1.59991533e-01 
 1.58489319e+02  6.08323279e+01  1.58489319e+02  1.72754809e-01 
 1.71132830e+02  6.08323214e+01  1.71132830e+02  1.86536259e-01 
 1.84784980e+02  6.08323138e+01  1.84784980e+02  2.01417101e-01 
 1.99526231e+02  6.08323049e+01  1.99526231e+02  2.17485035e-01 
 2.15443469e+02  6.08322945e+01  2.15443469e+02  2.34834752e-01 
 2.32630507e+02  6.08322824e+01  2.32630507e+02  2.53568497e-01 
 2.51188643e+02  6.08322683e+01  2.51188643e+02  2.73796670e-01 
 2.71227258e+02  6.08322519e+01  2.71227258e+02  2.95638471e-01 
 2.92864456e+02  6.08322327e+01  2.92864456e+02  3.19222609e-01 
 3.16227766e+02  6.08322103e+01  3.16227766e+02  3.44688051e-01 
 3.41454887e+02  6.08321843e+01  3.41454887e+02  3.72184852e-01 
 3.68694506e+02  6.08321539e+01  3.68694506e+02  4.01875024e-01 
 3.98107171e+02  6.08321185e+01  3.98107171e+02  4.33933491e-01 
 4.29866235e+02  6.08320772e+01  4.29866235e+02  4.68549122e-01 
 4.64158883e+02  6.08320291e+01  4.64158883e+02  5.05925837e-01 
 5.01187234e+02  6.08319730e+01  5.01187234e+02  5.46283803e-01 
 5.41169527e+02  6.08319076e+01  5.41169527e+02  5.89860723e-01 
 5.84341413e+02  6.08318314e+01  5.84341413e+02  6.36913232e-01 
 6.30957344e+02  6.08317424e+01  6.30957344e+02  6.87718399e-01 
 6.81292069e+02  6.08316387e+01  6.81292069e+02  7.42575335e-01 
 7.35642254e+02  6.08315179e+01  7.35642254e+02  8.01806971e-01 
 7.94328235e+02  6.08313770e+01  7.94328235e+02  8.65761896e-01 
 8.57695899e+02  6.08312127e+01  8.57695899e+02  9.34816414e-01 
 9.26118728e+02  6.08310211e+01  9.26118728e+02  1.00937671e+00 
 1.00000000e+03  6.08307977e+01  1.00000000e+03  1.08988122e+00 
 1.07977516e+03  6.08305374e+01  1.07977516e+03  1.17680318e+00 
 1.16591440e+03  6.08302338e+01  1.16591440e+03  1.27065325e+00 
 1.25892541e+03  6.08298800e+01  1.25892541e+03  1.37198259e+00 
 1.35935639e+03  6.08294675e+01  1.35935639e+03  1.48138584e+00 
 1.46779927e+03  6.08289865e+01  1.46779927e+03  1.59950462e+00 
 1.58489319e+03  6.08284259e+01  1.58489319e+03  1.72703109e+00 
 1.71132830e+03  6.08277723e+01  1.71132830e+03  1.86471177e+00 
 1.84784980e+03  6.08270104e+01  1.84784980e+03  2.01335178e+00 
 1.99526231e+03  6.08261222e+01  1.99526231e+03  2.17381912e+00 
 2.15443469e+03  6.08250869e+01  2.15443469e+03  2.34704947e+00 
 2.32630507e+03  6.08238801e+01  2.32630507e+03  2.53405109e+00 
 2.51188643e+03  6.08224737e+01  2.51188643e+03  2.73591018e+00 
 2.71227258e+03  6.08208344e+01  2.71227258e+03  2.95379632e+00 
 2.92864456e+03  6.08189238e+01  2.92864456e+03  3.18896836e+00 
 3.16227766e+03  6.08166974e+01  3.16227766e+03  3.44278058e+00 
 3.41454887e+03  6.08141029e+01  3.41454887e+03  3.71668885e+00 
 3.68694506e+03  6.08110801e+01  3.68694506e+03  4.01225738e+00 
 3.98107171e+03  6.08075582e+01  3.98107171e+03  4.33116488e+00 
 4.29866235e+03  6.08034558e+01  4.29866235e+03  4.67521167e+00 
 4.64158883e+03  6.07986775e+01  4.64158883e+03  5.04632581e+00 
 5.01187234e+03  6.07931130e+01  5.01187234e+03  5.44656952e+00 
 5.41169527e+03  6.07866343e+01  5.41169527e+03  5.87814494e+00 
 5.84341413e+03  6.07790930e+01  5.84341413e+03  6.34339902e+00 
 6.30957344e+03  6.07703167e+01  6.30957344e+03  6.84482729e+00 
 6.81292069e+03  6.07601069e+01  6.81292069e+03  7.38507697e+00 
 7.35642254e+03  6.07482332e+01  7.35642254e+03  7.96694611e+00 
 7.94328235e+03  6.07344306e+01  7.94328235e+03  8.59338256e+00 
 8.57695899e+03  6.07183930e+01  8.57695899e+03  9.26747684e+00 
 9.26118728e+03  6.06997689e+01  9.26118728e+03  9.99245282e+00 
 1.00000000e+04  6.06781553e+01  1.00000000e+04  1.07716516e+01 
 1.07977516e+04  6.06530907e+01  1.07977516e+04  1.16085087e+01 
 1.16591440e+04  6.06240490e+01  1.16591440e+04  1.25065235e+01 
 1.25892541e+04  6.05904322e+01  1.25892541e+04  1.34692183e+01 
 1.35935639e+04  6.05515637e+01  1.35935639e+04  1.45000869e+01 
 1.46779927e+04  6.05066814e+01  1.46779927e+04  1.56025281e+01 
 1.58489319e+04  6.04549312e+01  1.58489319e+04  1.67797657e+01 
 1.71132830e+04  6.03953634e+01  1.71132830e+04  1.80347544e+01 
 1.84784980e+04  6.03269287e+01  1.84784980e+04  1.93700650e+01 
 1.99526231e+04  6.02484777e+01  1.99526231e+04  2.07877562e+01 
 2.15443469e+04  6.01587648e+01  2.15443469e+04  2.22892327e+01 
 2.32630507e+04  6.00564547e+01  2.32630507e+04  2.38750890e+01 
 2.51188643e+04  5.99401356e+01  2.51188643e+04  2.55449498e+01 
 2.71227258e+04  5.98083375e+01  2.71227258e+04  2.72973122e+01 
 2.92864456e+04  5.96595583e+01  2.92864456e+04  2.91294004e+01 
 3.16227766e+04  5.94922944e+01  3.16227766e+04  3.10370443e+01 
 3.41454887e+04  5.93050801e+01  3.41454887e+04  3.30145989e+01 
 3.68694506e+04  5.90965301e+01  3.68694506e+04  3.50549157e+01 
 3.98107171e+04  5.88653857e+01  3.98107171e+04  3.71493789e+01 
 4.29866235e+04  5.86105609e+01  4.29866235e+04  3.92880147e+01 
 4.64158883e+04  5.83311862e+01  4.64158883e+04  4.14596780e+01 
 5.01187234e+04  5.80266455e+01  5.01187234e+04  4.36523128e+01 
 5.41169527e+04  5.76966034e+01  5.41169527e+04  4.58532660e+01 
 5.84341413e+04  5.73410212e+01  5.84341413e+04  4.80496528e+01 
 6.30957344e+04  5.69601579e+01  6.30957344e+04  5.02287272e+01 
 6.81292069e+04  5.65545590e+01  6.81292069e+04  5.23782528e+01 
 7.35642254e+04  5.61250312e+01  7.35642254e+04  5.44868279e+01 
 7.94328235e+04  5.56726080e+01  7.94328235e+04  5.65441656e+01 
 8.57695899e+04  5.51985073e+01  8.57695899e+04  5.85412991e+01 
 9.26118728e+04  5.47040855e+01  9.26118728e+04  6.04707089e+01 
 1.00000000e+05  5.41907913e+01  1.00000000e+05  6.23263816e+01 
 1.07977516e+05  5.36601213e+01  1.07977516e+05  6.41037927e+01 
 1.16591440e+05  5.31135804e+01  1.16591440e+05  6.57998420e+01 
 1.25892541e+05  5.25526485e+01  1.25892541e+05  6.74127385e+01 
 1.35935639e+05  5.19787531e+01  1.35935639e+05  6.89418599e+01 
 1.46779927e+05  5.13932493e+01  1.46779927e+05  7.03876023e+01 
 1.58489319e+05  5.07974050e+01  1.58489319e+05  7.17512139e+01 
 1.71132830e+05  5.01923929e+01  1.71132830e+05  7.30346407e+01 
 1.84784980e+05  4.95792858e+01  1.84784980e+05  7.42403810e+01 
 1.99526231e+05  4.89590565e+01  1.99526231e+05  7.53713527e+01 
 2.15443469e+05  4.83325801e+01  2.15443469e+05  7.64307754e+01 
 2.32630507e+05  4.77006382e+01  2.32630507e+05  7.74220723e+01 
 2.51188643e+05  4.70639247e+01  2.51188643e+05  7.83487847e+01 
 2.71227258e+05  4.64230523e+01  2.71227258e+05  7.92145049e+01 
 2.92864456e+05  4.57785592e+01  2.92864456e+05  8.00228213e+01 
 3.16227766e+05  4.51309161e+01  3.16227766e+05  8.07772720e+01 
 3.41454887e+05  4.44805329e+01  3.41454887e+05  8.14813177e+01 
 3.68694506e+05  4.38277646e+01  3.68694506e+05  8.21383113e+01 
 3.98107171e+05  4.31729177e+01  3.98107171e+05  8.27514866e+01 
 4.29866235e+05  4.25162551e+01  4.29866235e+05  8.33239429e+01 
 4.64158883e+05  4.18580011e+01  4.64158883e+05  8.38586411e+01 
 5.01187234e+05  4.11983455e+01  5.01187234e+05  8.43583995e+01 
 5.41169527e+05  4.05374474e+01  5.41169527e+05  8.48258946e+01 
 5.84341413e+05  3.98754380e+01  5.84341413e+05  8.52636641e+01 
 6.30957344e+05  3.92124240e+01  6.30957344e+05  8.56741096e+01 
 6.81292069e+05  3.85484890e+01  6.81292069e+05  8.60595025e+01 
 7.35642254e+05  3.78836958e+01  7.35642254e+05  8.64219898e+01 
 7.94328235e+05  3.72180872e+01  7.94328235e+05  8.67635993e+01 
 8.57695899e+05  3.65516876e+01  8.57695899e+05  8.70862476e+01 
 9.26118728e+05  3.58845027e+01  9.26118728e+05  8.73917447e+01 
 1.00000000e+06  3.52165203e+01  1.00000000e+06  8.76818015e+01 
 1.07977516e+06  3.45477095e+01  1.07977516e+06  8.79580335e+01 
 1.16591440e+06  3.38780204e+01  1.16591440e+06  8.82219668e+01 
 1.25892541e+06  3.32073825e+01  1.25892541e+06  8.84750409e+01 
 1.35935639e+06  3.25357036e+01  1.35935639e+06  8.87186112e+01 
 1.46779927e+06  3.18628674e+01  1.46779927e+06  8.89539505e+01 
 1.58489319e+06  3.11887312e+01  1.58489319e+06  8.91822472e+01 
 1.71132830e+06  3.05131228e+01  1.71132830e+06  8.94046033e+01 
 1.84784980e+06  2.98358365e+01  1.84784980e+06  8.96220269e+01 
 1.99526231e+06  2.91566291e+01  1.99526231e+06  8.98354238e+01 
 2.15443469e+06  2.84752146e+01  2.15443469e+06  9.00455837e+01 
 2.32630507e+06  2.77912586e+01  2.32630507e+06  9.02531614e+01 
 2.51188643e+06  2.71043714e+01  2.51188643e+06  9.04586516e+01 
 2.71227258e+06  2.64141003e+01  2.71227258e+06  9.06623560e+01 
 2.92864456e+06  2.57199215e+01  2.92864456e+06  9.08643418e+01 
 3.16227766e+06  2.50212303e+01  3.16227766e+06  9.10643878e+01 
 3.41454887e+06  2.43173305e+01  3.41454887e+06  9.12619170e+01 
 3.68694506e+06  2.36074231e+01  3.68694506e+06  9.14559133e+01 
 3.98107171e+06  2.28905936e+01  3.98107171e+06  9.16448178e+01 
 4.29866235e+06  2.21657991e+01  4.29866235e+06  9.18264014e+01 
 4.64158883e+06  2.14318536e+01  4.64158883e+06  9.19976095e+01 
 5.01187234e+06  2.06874142e+01  5.01187234e+06  9.21543757e+01 
 5.41169527e+06  1.99309661e+01  5.41169527e+06  9.22913933e+01 
 5.84341413e+06  1.91608077e+01  5.84341413e+06  9.24018452e+01 
 6.30957344e+06  1.83750370e+01  6.30957344e+06  9.24770789e+01 
 6.81292069e+06  1.75715368e+01  6.81292069e+06  9.25062156e+01 
 7.35642254e+06  1.67479628e+01  7.35642254e+06  9.24756844e+01 
 7.94328235e+06  1.59017309e+01  7.94328235e+06  9.23686542e+01 
 8.57695899e+06  1.50300058e+01  8.57695899e+06  9.21643374e+01 
 9.26118728e+06  1.41296907e+01  9.26118728e+06  9.18371115e+01 
 1.00000000e+07  1.31974183e+01  1.00000000e+07  9.13553855e+01 
 1.07977516e+07  1.22295481e+01  1.07977516e+07  9.06800880e+01 
 1.16591440e+07  1.12221769e+01  1.16591440e+07  8.97625859e+01 
 1.25892541e+07  1.01711866e+01  1.25892541e+07  8.85417432e+01 
 1.35935639e+07  9.07237769e+00  1.35935639e+07  8.69396827e+01 
 1.46779927e+07  7.92179031e+00  1.46779927e+07  8.48556264e+01 
 1.58489319e+07  6.71643019e+00  1.58489319e+07  8.21570242e+01 
 1.71132830e+07  5.45583212e+00  1.71132830e+07  7.86672566e+01 
 1.84784980e+07  4.14530717e+00  1.84784980e+07  7.41503305e+01 
 1.99526231e+07  2.80237318e+00  1.99526231e+07  6.82974531e+01 
 2.15443469e+07  1.46841895e+00  2.15443469e+07  6.07336999e+01 
 2.32630507e+07  2.25964800e-01  2.32630507e+07  5.10927379e+01 
 2.51188643e+07 -7.88267590e-01  2.51188643e+07  3.92388928e+01 
 2.71227258e+07 -1.40630186e+00  2.71227258e+07  2.56338418e+01 
 2.92864456e+07 -1.51574150e+00  2.92864456e+07  1.15005540e+01 
 3.16227766e+07 -1.14629634e+00  3.16227766e+07 -1.68656472e+00 
 3.41454887e+07 -4.43107244e-01  3.41454887e+07 -1.29941154e+01 
 3.68694506e+07  4.35173047e-01  3.68694506e+07 -2.22417819e+01 
 3.98107171e+07  1.37741501e+00  3.98107171e+07 -2.96868574e+01 
 4.29866235e+07  2.32290811e+00  4.29866235e+07 -3.57006840e+01 
 4.64158883e+07  3.24405691e+00  4.64158883e+07 -4.06171265e+01 
 5.01187234e+07  4.13105908e+00  5.01187234e+07 -4.46949268e+01 
 5.41169527e+07  4.98260494e+00  5.41169527e+07 -4.81237237e+01 
 5.84341413e+07  5.80098271e+00  5.84341413e+07 -5.10401600e+01 
 6.30957344e+07  6.58968366e+00  6.30957344e+07 -5.35429089e+01 
 6.81292069e+07  7.35230021e+00  6.81292069e+07 -5.57041998e+01 
 7.35642254e+07  8.09206876e+00  7.35642254e+07 -5.75780937e+01 
 7.94328235e+07  8.81172885e+00  7.94328235e+07 -5.92062842e+01 
 8.57695899e+07  9.51353779e+00  8.57695899e+07 -6.06221303e+01 
 9.26118728e+07  1.01993619e+01  9.26118728e+07 -6.18534283e+01 
 1.00000000e+08  1.08708049e+01  1.00000000e+08 -6.29242506e+01 
 1.07977516e+08  1.15293505e+01  1.07977516e+08 -6.38560486e+01 
 1.16591440e+08  1.21765000e+01  1.16591440e+08 -6.46681407e+01 
 1.25892541e+08  1.28138853e+01  1.25892541e+08 -6.53776769e+01 
 1.35935639e+08  1.34433376e+01  1.35935639e+08 -6.59991897e+01 
 1.46779927e+08  1.40668911e+01  1.46779927e+08 -6.65438939e+01 
 1.58489319e+08  1.46867125e+01  1.58489319e+08 -6.70189484e+01 
 1.71132830e+08  1.53049620e+01  1.71132830e+08 -6.74269256e+01 
 1.84784980e+08  1.59236074e+01  1.84784980e+08 -6.77656972e+01 
 1.99526231e+08  1.65442278e+01  1.99526231e+08 -6.80288495e+01 
 2.15443469e+08  1.71678486e+01  2.15443469e+08 -6.82066042e+01 
 2.32630507e+08  1.77948376e+01  2.32630507e+08 -6.82870896e+01 
 2.51188643e+08  1.84248784e+01  2.51188643e+08 -6.82577339e+01 
 2.71227258e+08  1.90570165e+01  2.71227258e+08 -6.81065497e+01 
 2.92864456e+08  1.96897575e+01  2.92864456e+08 -6.78231472e+01 
 3.16227766e+08  2.03211943e+01  3.16227766e+08 -6.73994000e+01 
 3.41454887e+08  2.09491374e+01  3.41454887e+08 -6.68297760e+01 
 3.68694506e+08  2.15712332e+01  3.68694506e+08 -6.61114006e+01 
 3.98107171e+08  2.21850602e+01  3.98107171e+08 -6.52439400e+01 
 4.29866235e+08  2.27882013e+01  4.29866235e+08 -6.42293909e+01 
 4.64158883e+08  2.33782955e+01  4.64158883e+08 -6.30718441e+01 
 5.01187234e+08  2.39530728e+01  5.01187234e+08 -6.17772638e+01 
 5.41169527e+08  2.45103798e+01  5.41169527e+08 -6.03533077e+01 
 5.84341413e+08  2.50481999e+01  5.84341413e+08 -5.88091880e+01 
 6.30957344e+08  2.55646742e+01  6.30957344e+08 -5.71555659e+01 
 6.81292069e+08  2.60581237e+01  6.81292069e+08 -5.54044608e+01 
 7.35642254e+08  2.65270763e+01  7.35642254e+08 -5.35691510e+01 
 7.94328235e+08  2.69702962e+01  7.94328235e+08 -5.16640437e+01 
 8.57695899e+08  2.73868150e+01  8.57695899e+08 -4.97044963e+01 
 9.26118728e+08  2.77759591e+01  9.26118728e+08 -4.77065793e+01 
 1.00000000e+09  2.81373730e+01  1.00000000e+09 -4.56867794e+01 
