 1.00000000e+00  7.43817630e+01  1.00000000e+00  5.26763794e-03 
 1.07977516e+00  7.43817630e+01  1.07977516e+00  5.68786461e-03 
 1.16591440e+00  7.43817630e+01  1.16591440e+00  6.14161493e-03 
 1.25892541e+00  7.43817630e+01  1.25892541e+00  6.63156326e-03 
 1.35935639e+00  7.43817630e+01  1.35935639e+00  7.16059729e-03 
 1.46779927e+00  7.43817630e+01  1.46779927e+00  7.73183509e-03 
 1.58489319e+00  7.43817630e+01  1.58489319e+00  8.34864348e-03 
 1.71132830e+00  7.43817629e+01  1.71132830e+00  9.01465786e-03 
 1.84784980e+00  7.43817629e+01  1.84784980e+00  9.73380364e-03 
 1.99526231e+00  7.43817629e+01  1.99526231e+00  1.05103194e-02 
 2.15443469e+00  7.43817629e+01  2.15443469e+00  1.13487818e-02 
 2.32630507e+00  7.43817628e+01  2.32630507e+00  1.22541327e-02 
 2.51188643e+00  7.43817628e+01  2.51188643e+00  1.32317081e-02 
 2.71227258e+00  7.43817628e+01  2.71227258e+00  1.42872697e-02 
 2.92864456e+00  7.43817627e+01  2.92864456e+00  1.54270389e-02 
 3.16227766e+00  7.43817627e+01  3.16227766e+00  1.66577334e-02 
 3.41454887e+00  7.43817626e+01  3.41454887e+00  1.79866067e-02 
 3.68694506e+00  7.43817625e+01  3.68694506e+00  1.94214910e-02 
 3.98107171e+00  7.43817625e+01  3.98107171e+00  2.09708435e-02 
 4.29866235e+00  7.43817624e+01  4.29866235e+00  2.26437958e-02 
 4.64158883e+00  7.43817623e+01  4.64158883e+00  2.44502080e-02 
 5.01187234e+00  7.43817621e+01  5.01187234e+00  2.64007271e-02 
 5.41169527e+00  7.43817620e+01  5.41169527e+00  2.85068491e-02 
 5.84341413e+00  7.43817618e+01  5.84341413e+00  3.07809871e-02 
 6.30957344e+00  7.43817616e+01  6.30957344e+00  3.32365449e-02 
 6.81292069e+00  7.43817613e+01  6.81292069e+00  3.58879950e-02 
 7.35642254e+00  7.43817611e+01  7.35642254e+00  3.87509647e-02 
 7.94328235e+00  7.43817607e+01  7.94328235e+00  4.18423282e-02 
 8.57695899e+00  7.43817603e+01  8.57695899e+00  4.51803054e-02 
 9.26118728e+00  7.43817599e+01  9.26118728e+00  4.87845699e-02 
 1.00000000e+01  7.43817594e+01  1.00000000e+01  5.26763648e-02 
 1.07977516e+01  7.43817588e+01  1.07977516e+01  5.68786277e-02 
 1.16591440e+01  7.43817581e+01  1.16591440e+01  6.14161261e-02 
 1.25892541e+01  7.43817572e+01  1.25892541e+01  6.63156033e-02 
 1.35935639e+01  7.43817563e+01  1.35935639e+01  7.16059360e-02 
 1.46779927e+01  7.43817551e+01  1.46779927e+01  7.73183045e-02 
 1.58489319e+01  7.43817538e+01  1.58489319e+01  8.34863764e-02 
 1.71132830e+01  7.43817523e+01  1.71132830e+01  9.01465050e-02 
 1.84784980e+01  7.43817505e+01  1.84784980e+01  9.73379438e-02 
 1.99526231e+01  7.43817484e+01  1.99526231e+01  1.05103077e-01 
 2.15443469e+01  7.43817460e+01  2.15443469e+01  1.13487671e-01 
 2.32630507e+01  7.43817432e+01  2.32630507e+01  1.22541142e-01 
 2.51188643e+01  7.43817399e+01  2.51188643e+01  1.32316848e-01 
 2.71227258e+01  7.43817360e+01  2.71227258e+01  1.42872404e-01 
 2.92864456e+01  7.43817316e+01  2.92864456e+01  1.54270020e-01 
 3.16227766e+01  7.43817263e+01  3.16227766e+01  1.66576869e-01 
 3.41454887e+01  7.43817203e+01  3.41454887e+01  1.79865482e-01 
 3.68694506e+01  7.43817132e+01  3.68694506e+01  1.94214174e-01 
 3.98107171e+01  7.43817049e+01  3.98107171e+01  2.09707508e-01 
 4.29866235e+01  7.43816952e+01  4.29866235e+01  2.26436791e-01 
 4.64158883e+01  7.43816840e+01  4.64158883e+01  2.44500612e-01 
 5.01187234e+01  7.43816709e+01  5.01187234e+01  2.64005422e-01 
 5.41169527e+01  7.43816556e+01  5.41169527e+01  2.85066163e-01 
 5.84341413e+01  7.43816377e+01  5.84341413e+01  3.07806941e-01 
 6.30957344e+01  7.43816169e+01  6.30957344e+01  3.32361759e-01 
 6.81292069e+01  7.43815927e+01  6.81292069e+01  3.58875305e-01 
 7.35642254e+01  7.43815644e+01  7.35642254e+01  3.87503800e-01 
 7.94328235e+01  7.43815315e+01  7.94328235e+01  4.18415921e-01 
 8.57695899e+01  7.43814931e+01  8.57695899e+01  4.51793787e-01 
 9.26118728e+01  7.43814483e+01  9.26118728e+01  4.87834032e-01 
 1.00000000e+02  7.43813961e+01  1.00000000e+02  5.26748960e-01 
 1.07977516e+02  7.43813352e+01  1.07977516e+02  5.68767787e-01 
 1.16591440e+02  7.43812642e+01  1.16591440e+02  6.14137983e-01 
 1.25892541e+02  7.43811814e+01  1.25892541e+02  6.63126729e-01 
 1.35935639e+02  7.43810849e+01  1.35935639e+02  7.16022469e-01 
 1.46779927e+02  7.43809724e+01  1.46779927e+02  7.73136603e-01 
 1.58489319e+02  7.43808413e+01  1.58489319e+02  8.34805298e-01 
 1.71132830e+02  7.43806884e+01  1.71132830e+02  9.01391447e-01 
 1.84784980e+02  7.43805101e+01  1.84784980e+02  9.73286779e-01 
 1.99526231e+02  7.43803022e+01  1.99526231e+02  1.05091413e+00 
 2.15443469e+02  7.43800599e+01  2.15443469e+02  1.13472987e+00 
 2.32630507e+02  7.43797774e+01  2.32630507e+02  1.22522656e+00 
 2.51188643e+02  7.43794480e+01  2.51188643e+02  1.32293577e+00 
 2.71227258e+02  7.43790641e+01  2.71227258e+02  1.42843109e+00 
 2.92864456e+02  7.43786164e+01  2.92864456e+02  1.54233142e+00 
 3.16227766e+02  7.43780946e+01  3.16227766e+02  1.66530446e+00 
 3.41454887e+02  7.43774862e+01  3.41454887e+02  1.79807043e+00 
 3.68694506e+02  7.43767771e+01  3.68694506e+02  1.94140612e+00 
 3.98107171e+02  7.43759504e+01  3.98107171e+02  2.09614909e+00 
 4.29866235e+02  7.43749867e+01  4.29866235e+02  2.26320231e+00 
 4.64158883e+02  7.43738635e+01  4.64158883e+02  2.44353895e+00 
 5.01187234e+02  7.43725542e+01  5.01187234e+02  2.63820750e+00 
 5.41169527e+02  7.43710282e+01  5.41169527e+02  2.84833724e+00 
 5.84341413e+02  7.43692497e+01  5.84341413e+02  3.07514391e+00 
 6.30957344e+02  7.43671770e+01  6.30957344e+02  3.31993567e+00 
 6.81292069e+02  7.43647617e+01  6.81292069e+02  3.58411934e+00 
 7.35642254e+02  7.43619474e+01  7.35642254e+02  3.86920680e+00 
 7.94328235e+02  7.43586684e+01  7.94328235e+02  4.17682153e+00 
 8.57695899e+02  7.43548485e+01  8.57695899e+02  4.50870520e+00 
 9.26118728e+02  7.43503991e+01  9.26118728e+02  4.86672431e+00 
 1.00000000e+03  7.43452172e+01  1.00000000e+03  5.25287649e+00 
 1.07977516e+03  7.43391834e+01  1.07977516e+03  5.66929656e+00 
 1.16591440e+03  7.43321590e+01  1.16591440e+03  6.11826185e+00 
 1.25892541e+03  7.43239835e+01  1.25892541e+03  6.60219673e+00 
 1.35935639e+03  7.43144710e+01  1.35935639e+03  7.12367569e+00 
 1.46779927e+03  7.43034064e+01  1.46779927e+03  7.68542475e+00 
 1.58489319e+03  7.42905416e+01  1.58489319e+03  8.29032052e+00 
 1.71132830e+03  7.42755903e+01  1.71132830e+03  8.94138568e+00 
 1.84784980e+03  7.42582230e+01  1.84784980e+03  9.64178148e+00 
 1.99526231e+03  7.42380616e+01  1.99526231e+03  1.03947943e+01 
 2.15443469e+03  7.42146729e+01  2.15443469e+03  1.12038166e+01 
 2.32630507e+03  7.41875613e+01  2.32630507e+03  1.20723191e+01 
 2.51188643e+03  7.41561640e+01  2.51188643e+03  1.30038172e+01 
 2.71227258e+03  7.41198420e+01  2.71227258e+03  1.40018223e+01 
 2.92864456e+03  7.40778733e+01  2.92864456e+03  1.50697826e+01 
 3.16227766e+03  7.40294482e+01  3.16227766e+03  1.62110118e+01 
 3.41454887e+03  7.39736615e+01  3.41454887e+03  1.74285985e+01 
 3.68694506e+03  7.39095119e+01  3.68694506e+03  1.87253065e+01 
 3.98107171e+03  7.38358957e+01  3.98107171e+03  2.01034443e+01 
 4.29866235e+03  7.37516124e+01  4.29866235e+03  2.15647383e+01 
 4.64158883e+03  7.36553667e+01  4.64158883e+03  2.31101746e+01 
 5.01187234e+03  7.35457810e+01  5.01187234e+03  2.47398464e+01 
 5.41169527e+03  7.34214102e+01  5.41169527e+03  2.64527926e+01 
 5.84341413e+03  7.32807626e+01  5.84341413e+03  2.82468401e+01 
 6.30957344e+03  7.31223321e+01  6.30957344e+03  3.01184798e+01 
 6.81292069e+03  7.29446301e+01  6.81292069e+03  3.20627555e+01 
 7.35642254e+03  7.27462279e+01  7.35642254e+03  3.40732129e+01 
 7.94328235e+03  7.25258023e+01  7.94328235e+03  3.61419066e+01 
 8.57695899e+03  7.22821802e+01  8.57695899e+03  3.82594660e+01 
 9.26118728e+03  7.20143863e+01  9.26118728e+03  4.04152580e+01 
 1.00000000e+04  7.17216816e+01  1.00000000e+04  4.25976022e+01 
 1.07977516e+04  7.14035979e+01  1.07977516e+04  4.47940750e+01 
 1.16591440e+04  7.10599563e+01  1.16591440e+04  4.69918390e+01 
 1.25892541e+04  7.06908770e+01  1.25892541e+04  4.91780180e+01 
 1.35935639e+04  7.02967749e+01  1.35935639e+04  5.13400839e+01 
 1.46779927e+04  6.98783386e+01  1.46779927e+04  5.34661903e+01 
 1.58489319e+04  6.94365002e+01  1.58489319e+04  5.55454777e+01 
 1.71132830e+04  6.89723978e+01  1.71132830e+04  5.75683241e+01 
 1.84784980e+04  6.84873292e+01  1.84784980e+04  5.95265002e+01 
 1.99526231e+04  6.79827065e+01  1.99526231e+04  6.14132674e+01 
 2.15443469e+04  6.74600096e+01  2.15443469e+04  6.32233850e+01 
 2.32630507e+04  6.69207449e+01  2.32630507e+04  6.49530701e+01 
 2.51188643e+04  6.63664087e+01  2.51188643e+04  6.65999092e+01 
 2.71227258e+04  6.57984570e+01  2.71227258e+04  6.81627208e+01 
 2.92864456e+04  6.52182824e+01  2.92864456e+04  6.96414175e+01 
 3.16227766e+04  6.46271964e+01  3.16227766e+04  7.10368293e+01 
 3.41454887e+04  6.40264186e+01  3.41454887e+04  7.23505576e+01 
 3.68694506e+04  6.34170709e+01  3.68694506e+04  7.35848205e+01 
 3.98107171e+04  6.28001752e+01  3.98107171e+04  7.47423111e+01 
 4.29866235e+04  6.21766546e+01  4.29866235e+04  7.58260760e+01 
 4.64158883e+04  6.15473369e+01  4.64158883e+04  7.68394005e+01 
 5.01187234e+04  6.09129602e+01  5.01187234e+04  7.77857294e+01 
 5.41169527e+04  6.02741784e+01  5.41169527e+04  7.86685750e+01 
 5.84341413e+04  5.96315692e+01  5.84341413e+04  7.94914734e+01 
 6.30957344e+04  5.89856398e+01  6.30957344e+04  8.02579217e+01 
 6.81292069e+04  5.83368346e+01  6.81292069e+04  8.09713466e+01 
 7.35642254e+04  5.76855419e+01  7.35642254e+04  8.16350771e+01 
 7.94328235e+04  5.70320994e+01  7.94328235e+04  8.22523158e+01 
 8.57695899e+04  5.63768009e+01  8.57695899e+04  8.28261376e+01 
 9.26118728e+04  5.57199010e+01  9.26118728e+04  8.33594702e+01 
 1.00000000e+05  5.50616202e+01  1.00000000e+05  8.38550936e+01 
 1.07977516e+05  5.44021488e+01  1.07977516e+05  8.43156383e+01 
 1.16591440e+05  5.37416512e+01  1.16591440e+05  8.47435886e+01 
 1.25892541e+05  5.30802690e+01  1.25892541e+05  8.51412808e+01 
 1.35935639e+05  5.24181238e+01  1.35935639e+05  8.55109116e+01 
 1.46779927e+05  5.17553202e+01  1.46779927e+05  8.58545412e+01 
 1.58489319e+05  5.10919478e+01  1.58489319e+05  8.61741019e+01 
 1.71132830e+05  5.04280830e+01  1.71132830e+05  8.64714020e+01 
 1.84784980e+05  4.97637912e+01  1.84784980e+05  8.67481339e+01 
 1.99526231e+05  4.90991277e+01  1.99526231e+05  8.70058813e+01 
 2.15443469e+05  4.84341394e+01  2.15443469e+05  8.72461250e+01 
 2.32630507e+05  4.77688655e+01  2.32630507e+05  8.74702508e+01 
 2.51188643e+05  4.71033387e+01  2.51188643e+05  8.76795552e+01 
 2.71227258e+05  4.64375856e+01  2.71227258e+05  8.78752515e+01 
 2.92864456e+05  4.57716278e+01  2.92864456e+05  8.80584769e+01 
 3.16227766e+05  4.51054818e+01  3.16227766e+05  8.82302982e+01 
 3.41454887e+05  4.44391598e+01  3.41454887e+05  8.83917166e+01 
 3.68694506e+05  4.37726701e+01  3.68694506e+05  8.85436739e+01 
 3.98107171e+05  4.31060166e+01  3.98107171e+05  8.86870559e+01 
 4.29866235e+05  4.24391996e+01  4.29866235e+05  8.88226995e+01 
 4.64158883e+05  4.17722158e+01  4.64158883e+05  8.89513956e+01 
 5.01187234e+05  4.11050575e+01  5.01187234e+05  8.90738935e+01 
 5.41169527e+05  4.04377131e+01  5.41169527e+05  8.91909056e+01 
 5.84341413e+05  3.97701669e+01  5.84341413e+05  8.93031103e+01 
 6.30957344e+05  3.91023980e+01  6.30957344e+05  8.94111547e+01 
 6.81292069e+05  3.84343804e+01  6.81292069e+05  8.95156597e+01 
 7.35642254e+05  3.77660826e+01  7.35642254e+05  8.96172216e+01 
 7.94328235e+05  3.70974661e+01  7.94328235e+05  8.97164138e+01 
 8.57695899e+05  3.64284851e+01  8.57695899e+05  8.98137905e+01 
 9.26118728e+05  3.57590854e+01  9.26118728e+05  8.99098877e+01 
 1.00000000e+06  3.50892029e+01  1.00000000e+06  9.00052235e+01 
 1.07977516e+06  3.44187623e+01  1.07977516e+06  9.01003000e+01 
 1.16591440e+06  3.37476755e+01  1.16591440e+06  9.01956019e+01 
 1.25892541e+06  3.30758392e+01  1.25892541e+06  9.02915967e+01 
 1.35935639e+06  3.24031329e+01  1.35935639e+06  9.03887311e+01 
 1.46779927e+06  3.17294164e+01  1.46779927e+06  9.04874287e+01 
 1.58489319e+06  3.10545261e+01  1.58489319e+06  9.05880843e+01 
 1.71132830e+06  3.03782719e+01  1.71132830e+06  9.06910559e+01 
 1.84784980e+06  2.97004329e+01  1.84784980e+06  9.07966562e+01 
 1.99526231e+06  2.90207526e+01  1.99526231e+06  9.09051385e+01 
 2.15443469e+06  2.83389337e+01  2.15443469e+06  9.10166793e+01 
 2.32630507e+06  2.76546320e+01  2.32630507e+06  9.11313573e+01 
 2.51188643e+06  2.69674490e+01  2.51188643e+06  9.12491240e+01 
 2.71227258e+06  2.62769247e+01  2.71227258e+06  9.13697683e+01 
 2.92864456e+06  2.55825285e+01  2.92864456e+06  9.14928722e+01 
 3.16227766e+06  2.48836494e+01  3.16227766e+06  9.16177530e+01 
 3.41454887e+06  2.41795855e+01  3.41454887e+06  9.17433945e+01 
 3.68694506e+06  2.34695320e+01  3.68694506e+06  9.18683601e+01 
 3.98107171e+06  2.27525686e+01  3.98107171e+06  9.19906856e+01 
 4.29866235e+06  2.20276457e+01  4.29866235e+06  9.21077500e+01 
 4.64158883e+06  2.12935700e+01  4.64158883e+06  9.22161161e+01 
 5.01187234e+06  2.05489899e+01  5.01187234e+06  9.23113392e+01 
 5.41169527e+06  1.97923794e+01  5.41169527e+06  9.23877346e+01 
 5.84341413e+06  1.90220234e+01  5.84341413e+06  9.24380997e+01 
 6.30957344e+06  1.82360020e+01  6.30957344e+06  9.24533802e+01 
 6.81292069e+06  1.74321757e+01  6.81292069e+06  9.24222672e+01 
 7.35642254e+06  1.66081713e+01  7.35642254e+06  9.23307131e+01 
 7.94328235e+06  1.57613678e+01  7.94328235e+06  9.21613396e+01 
 8.57695899e+06  1.48888836e+01  8.57695899e+06  9.18927045e+01 
 9.26118728e+06  1.39875639e+01  9.26118728e+06  9.14983733e+01 
 1.00000000e+07  1.30539713e+01  1.00000000e+07  9.09457106e+01 
 1.07977516e+07  1.20843826e+01  1.07977516e+07  9.01942585e+01 
 1.16591440e+07  1.10748034e+01  1.16591440e+07  8.91934954e+01 
 1.25892541e+07  1.00210269e+01  1.25892541e+07  8.78796586e+01 
 1.35935639e+07  8.91879247e+00  1.35935639e+07  8.61711600e+01 
 1.46779927e+07  7.76416462e+00  1.46779927e+07  8.39619319e+01 
 1.58489319e+07  6.55437846e+00  1.58489319e+07  8.11118885e+01 
 1.71132830e+07  5.28965008e+00  1.71132830e+07  7.74338800e+01 
 1.84784980e+07  3.97690787e+00  1.84784980e+07  7.26780249e+01 
 1.99526231e+07  2.63709812e+00  1.99526231e+07  6.65199617e+01 
 2.15443469e+07  1.31810484e+00  2.15443469e+07  5.85756163e+01 
 2.32630507e+07  1.12627773e-01  2.32630507e+07  4.84982622e+01 
 2.51188643e+07 -8.32423257e-01  2.51188643e+07  3.62369824e+01 
 2.71227258e+07 -1.35077538e+00  2.71227258e+07  2.24071798e+01 
 2.92864456e+07 -1.35310982e+00  2.92864456e+07  8.34775996e+00 
 3.16227766e+07 -8.98349618e-01  3.16227766e+07 -4.51505211e+00 
 3.41454887e+07 -1.42964982e-01  3.41454887e+07 -1.54017819e+01 
 3.68694506e+07  7.60688758e-01  3.68694506e+07 -2.42510084e+01 
 3.98107171e+07  1.71214824e+00  3.98107171e+07 -3.13649839e+01 
 4.29866235e+07  2.65867699e+00  4.29866235e+07 -3.71165888e+01 
 4.64158883e+07  3.57725884e+00  4.64158883e+07 -4.18269394e+01 
 5.01187234e+07  4.46040332e+00  5.01187234e+07 -4.57408680e+01 
 5.41169527e+07  5.30786719e+00  5.41169527e+07 -4.90367824e+01 
 5.84341413e+07  6.12237939e+00  5.84341413e+07 -5.18431337e+01 
 6.30957344e+07  6.90757658e+00  6.30957344e+07 -5.42528612e+01 
 6.81292069e+07  7.66706877e+00  6.81292069e+07 -5.63342471e+01 
 7.35642254e+07  8.40406502e+00  7.35642254e+07 -5.81386441e+01 
 7.94328235e+07  9.12127306e+00  7.94328235e+07 -5.97058710e+01 
 8.57695899e+07  9.82093251e+00  8.57695899e+07 -6.10679490e+01 
 9.26118728e+07  1.05049131e+01  9.26118728e+07 -6.22516532e+01 
 1.00000000e+08  1.11748428e+01  1.00000000e+08 -6.32801830e+01 
 1.07977516e+08  1.18322444e+01  1.07977516e+08 -6.41741371e+01 
 1.16591440e+08  1.24786628e+01  1.16591440e+08 -6.49519101e+01 
 1.25892541e+08  1.31157641e+01  1.25892541e+08 -6.56296088e+01 
 1.35935639e+08  1.37453887e+01  1.35935639e+08 -6.62206050e+01 
 1.46779927e+08  1.43695406e+01  1.46779927e+08 -6.67348910e+01 
 1.58489319e+08  1.49903092e+01  1.58489319e+08 -6.71784434e+01 
 1.71132830e+08  1.56097292e+01  1.71132830e+08 -6.75528192e+01 
 1.84784980e+08  1.62296051e+01  1.84784980e+08 -6.78551614e+01 
 1.99526231e+08  1.68513325e+01  1.99526231e+08 -6.80786942e+01 
 2.15443469e+08  1.74757534e+01  2.15443469e+08 -6.82136638e+01 
 2.32630507e+08  1.81030736e+01  2.32630507e+08 -6.82485651e+01 
 2.51188643e+08  1.87328490e+01  2.51188643e+08 -6.81714436e+01 
 2.71227258e+08  1.93640385e+01  2.71227258e+08 -6.79710688e+01 
 2.92864456e+08  1.99951007e+01  2.92864456e+08 -6.76378424e+01 
 3.16227766e+08  2.06241141e+01  3.16227766e+08 -6.71643853e+01 
 3.41454887e+08  2.12488988e+01  3.41454887e+08 -6.65458232e+01 
 3.68694506e+08  2.18671248e+01  3.68694506e+08 -6.57798349e+01 
 3.98107171e+08  2.24764010e+01  3.98107171e+08 -6.48665455e+01 
 4.29866235e+08  2.30743423e+01  4.29866235e+08 -6.38083398e+01 
 4.64158883e+08  2.36586186e+01  4.64158883e+08 -6.26096540e+01 
 5.01187234e+08  2.42269897e+01  5.01187234e+08 -6.12767835e+01 
 5.41169527e+08  2.47773325e+01  5.41169527e+08 -5.98177224e+01 
 5.84341413e+08  2.53076636e+01  5.84341413e+08 -5.82420378e+01 
 6.30957344e+08  2.58161630e+01  6.30957344e+08 -5.65607659e+01 
 6.81292069e+08  2.63012003e+01  6.81292069e+08 -5.47863133e+01 
 7.35642254e+08  2.67613631e+01  7.35642254e+08 -5.29323408e+01 
 7.94328235e+08  2.71954883e+01  7.94328235e+08 -5.10136102e+01 
 8.57695899e+08  2.76026926e+01  8.57695899e+08 -4.90457786e+01 
 9.26118728e+08  2.79823990e+01  9.26118728e+08 -4.70451339e+01 
 1.00000000e+09  2.83343561e+01  1.00000000e+09 -4.50282758e+01 
