 1.00000000e+00  6.81315584e+01  1.00000000e+00  2.35275082e-03 
 1.07977516e+00  6.81315584e+01  1.07977516e+00  2.54044190e-03 
 1.16591440e+00  6.81315584e+01  1.16591440e+00  2.74310606e-03 
 1.25892541e+00  6.81315584e+01  1.25892541e+00  2.96193779e-03 
 1.35935639e+00  6.81315584e+01  1.35935639e+00  3.19822686e-03 
 1.46779927e+00  6.81315584e+01  1.46779927e+00  3.45336593e-03 
 1.58489319e+00  6.81315584e+01  1.58489319e+00  3.72885876e-03 
 1.71132830e+00  6.81315584e+01  1.71132830e+00  4.02632907e-03 
 1.84784980e+00  6.81315584e+01  1.84784980e+00  4.34753012e-03 
 1.99526231e+00  6.81315584e+01  1.99526231e+00  4.69435504e-03 
 2.15443469e+00  6.81315584e+01  2.15443469e+00  5.06884797e-03 
 2.32630507e+00  6.81315583e+01  2.32630507e+00  5.47321614e-03 
 2.51188643e+00  6.81315583e+01  2.51188643e+00  5.90984285e-03 
 2.71227258e+00  6.81315583e+01  2.71227258e+00  6.38130152e-03 
 2.92864456e+00  6.81315583e+01  2.92864456e+00  6.89037087e-03 
 3.16227766e+00  6.81315583e+01  3.16227766e+00  7.44005132e-03 
 3.41454887e+00  6.81315583e+01  3.41454887e+00  8.03358262e-03 
 3.68694506e+00  6.81315583e+01  3.68694506e+00  8.67446297e-03 
 3.98107171e+00  6.81315583e+01  3.98107171e+00  9.36646964e-03 
 4.29866235e+00  6.81315583e+01  4.29866235e+00  1.01136813e-02 
 4.64158883e+00  6.81315582e+01  4.64158883e+00  1.09205018e-02 
 5.01187234e+00  6.81315582e+01  5.01187234e+00  1.17916866e-02 
 5.41169527e+00  6.81315582e+01  5.41169527e+00  1.27323703e-02 
 5.84341413e+00  6.81315581e+01  5.84341413e+00  1.37480971e-02 
 6.30957344e+00  6.81315581e+01  6.30957344e+00  1.48448538e-02 
 6.81292069e+00  6.81315580e+01  6.81292069e+00  1.60291043e-02 
 7.35642254e+00  6.81315580e+01  7.35642254e+00  1.73078287e-02 
 7.94328235e+00  6.81315579e+01  7.94328235e+00  1.86885634e-02 
 8.57695899e+00  6.81315578e+01  8.57695899e+00  2.01794465e-02 
 9.26118728e+00  6.81315578e+01  9.26118728e+00  2.17892649e-02 
 1.00000000e+01  6.81315577e+01  1.00000000e+01  2.35275069e-02 
 1.07977516e+01  6.81315575e+01  1.07977516e+01  2.54044174e-02 
 1.16591440e+01  6.81315574e+01  1.16591440e+01  2.74310586e-02 
 1.25892541e+01  6.81315572e+01  1.25892541e+01  2.96193754e-02 
 1.35935639e+01  6.81315570e+01  1.35935639e+01  3.19822654e-02 
 1.46779927e+01  6.81315568e+01  1.46779927e+01  3.45336552e-02 
 1.58489319e+01  6.81315565e+01  1.58489319e+01  3.72885824e-02 
 1.71132830e+01  6.81315562e+01  1.71132830e+01  4.02632841e-02 
 1.84784980e+01  6.81315559e+01  1.84784980e+01  4.34752930e-02 
 1.99526231e+01  6.81315555e+01  1.99526231e+01  4.69435400e-02 
 2.15443469e+01  6.81315550e+01  2.15443469e+01  5.06884667e-02 
 2.32630507e+01  6.81315544e+01  2.32630507e+01  5.47321449e-02 
 2.51188643e+01  6.81315538e+01  2.51188643e+01  5.90984077e-02 
 2.71227258e+01  6.81315530e+01  2.71227258e+01  6.38129891e-02 
 2.92864456e+01  6.81315521e+01  2.92864456e+01  6.89036759e-02 
 3.16227766e+01  6.81315511e+01  3.16227766e+01  7.44004719e-02 
 3.41454887e+01  6.81315499e+01  3.41454887e+01  8.03357741e-02 
 3.68694506e+01  6.81315484e+01  3.68694506e+01  8.67445641e-02 
 3.98107171e+01  6.81315468e+01  3.98107171e+01  9.36646140e-02 
 4.29866235e+01  6.81315449e+01  4.29866235e+01  1.01136709e-01 
 4.64158883e+01  6.81315426e+01  4.64158883e+01  1.09204887e-01 
 5.01187234e+01  6.81315400e+01  5.01187234e+01  1.17916701e-01 
 5.41169527e+01  6.81315370e+01  5.41169527e+01  1.27323495e-01 
 5.84341413e+01  6.81315334e+01  5.84341413e+01  1.37480710e-01 
 6.30957344e+01  6.81315293e+01  6.30957344e+01  1.48448209e-01 
 6.81292069e+01  6.81315244e+01  6.81292069e+01  1.60290630e-01 
 7.35642254e+01  6.81315188e+01  7.35642254e+01  1.73077766e-01 
 7.94328235e+01  6.81315122e+01  7.94328235e+01  1.86884979e-01 
 8.57695899e+01  6.81315045e+01  8.57695899e+01  2.01793639e-01 
 9.26118728e+01  6.81314956e+01  9.26118728e+01  2.17891611e-01 
 1.00000000e+02  6.81314852e+01  1.00000000e+02  2.35273761e-01 
 1.07977516e+02  6.81314731e+01  1.07977516e+02  2.54042527e-01 
 1.16591440e+02  6.81314589e+01  1.16591440e+02  2.74308513e-01 
 1.25892541e+02  6.81314424e+01  1.25892541e+02  2.96191144e-01 
 1.35935639e+02  6.81314232e+01  1.35935639e+02  3.19819368e-01 
 1.46779927e+02  6.81314007e+01  1.46779927e+02  3.45332416e-01 
 1.58489319e+02  6.81313746e+01  1.58489319e+02  3.72880617e-01 
 1.71132830e+02  6.81313441e+01  1.71132830e+02  4.02626286e-01 
 1.84784980e+02  6.81313085e+01  1.84784980e+02  4.34744677e-01 
 1.99526231e+02  6.81312670e+01  1.99526231e+02  4.69425011e-01 
 2.15443469e+02  6.81312187e+01  2.15443469e+02  5.06871588e-01 
 2.32630507e+02  6.81311623e+01  2.32630507e+02  5.47304984e-01 
 2.51188643e+02  6.81310966e+01  2.51188643e+02  5.90963349e-01 
 2.71227258e+02  6.81310200e+01  2.71227258e+02  6.38103796e-01 
 2.92864456e+02  6.81309307e+01  2.92864456e+02  6.89003908e-01 
 3.16227766e+02  6.81308266e+01  3.16227766e+02  7.43963362e-01 
 3.41454887e+02  6.81307052e+01  3.41454887e+02  8.03305677e-01 
 3.68694506e+02  6.81305637e+01  3.68694506e+02  8.67380098e-01 
 3.98107171e+02  6.81303986e+01  3.98107171e+02  9.36563627e-01 
 4.29866235e+02  6.81302062e+01  4.29866235e+02  1.01126321e+00 
 4.64158883e+02  6.81299819e+01  4.64158883e+02  1.09191811e+00 
 5.01187234e+02  6.81297204e+01  5.01187234e+02  1.17900239e+00 
 5.41169527e+02  6.81294156e+01  5.41169527e+02  1.27302772e+00 
 5.84341413e+02  6.81290602e+01  5.84341413e+02  1.37454623e+00 
 6.30957344e+02  6.81286458e+01  6.30957344e+02  1.48415368e+00 
 6.81292069e+02  6.81281628e+01  6.81292069e+02  1.60249288e+00 
 7.35642254e+02  6.81275996e+01  7.35642254e+02  1.73025724e+00 
 7.94328235e+02  6.81269432e+01  7.94328235e+02  1.86819468e+00 
 8.57695899e+02  6.81261779e+01  8.57695899e+02  2.01711175e+00 
 9.26118728e+02  6.81252859e+01  9.26118728e+02  2.17787807e+00 
 1.00000000e+03  6.81242460e+01  1.00000000e+03  2.35143099e+00 
 1.07977516e+03  6.81230340e+01  1.07977516e+03  2.53878061e+00 
 1.16591440e+03  6.81216213e+01  1.16591440e+03  2.74101504e+00 
 1.25892541e+03  6.81199748e+01  1.25892541e+03  2.95930594e+00 
 1.35935639e+03  6.81180559e+01  1.35935639e+03  3.19491444e+00 
 1.46779927e+03  6.81158197e+01  1.46779927e+03  3.44919712e+00 
 1.58489319e+03  6.81132140e+01  1.58489319e+03  3.72361245e+00 
 1.71132830e+03  6.81101778e+01  1.71132830e+03  4.01972712e+00 
 1.84784980e+03  6.81066406e+01  1.84784980e+03  4.33922282e+00 
 1.99526231e+03  6.81025202e+01  1.99526231e+03  4.68390273e+00 
 2.15443469e+03  6.80977211e+01  2.15443469e+03  5.05569806e+00 
 2.32630507e+03  6.80921325e+01  2.32630507e+03  5.45667417e+00 
 2.51188643e+03  6.80856256e+01  2.51188643e+03  5.88903647e+00 
 2.71227258e+03  6.80780515e+01  2.71227258e+03  6.35513530e+00 
 2.92864456e+03  6.80692374e+01  2.92864456e+03  6.85746979e+00 
 3.16227766e+03  6.80589833e+01  3.16227766e+03  7.39869007e+00 
 3.41454887e+03  6.80470583e+01  3.41454887e+03  7.98159766e+00 
 3.68694506e+03  6.80331963e+01  3.68694506e+03  8.60914357e+00 
 3.98107171e+03  6.80170899e+01  3.98107171e+03  9.28442091e+00 
 4.29866235e+03  6.79983864e+01  4.29866235e+03  1.00106560e+01 
 4.64158883e+03  6.79766807e+01  4.64158883e+03  1.07911910e+01 
 5.01187234e+03  6.79515099e+01  5.01187234e+03  1.16294624e+01 
 5.41169527e+03  6.79223463e+01  5.41169527e+03  1.25289698e+01 
 5.84341413e+03  6.78885893e+01  5.84341413e+03  1.34932331e+01 
 6.30957344e+03  6.78495601e+01  6.30957344e+03  1.45257423e+01 
 6.81292069e+03  6.78044939e+01  6.81292069e+03  1.56298903e+01 
 7.35642254e+03  6.77525341e+01  7.35642254e+03  1.68088924e+01 
 7.94328235e+03  6.76927279e+01  7.94328235e+03  1.80656908e+01 
 8.57695899e+03  6.76240238e+01  8.57695899e+03  1.94028421e+01 
 9.26118728e+03  6.75452688e+01  9.26118728e+03  2.08223840e+01 
 1.00000000e+04  6.74552153e+01  1.00000000e+04  2.23256983e+01 
 1.07977516e+04  6.73525250e+01  1.07977516e+04  2.39133490e+01 
 1.16591440e+04  6.72357847e+01  1.16591440e+04  2.55849287e+01 
 1.25892541e+04  6.71035230e+01  1.25892541e+04  2.73388949e+01 
 1.35935639e+04  6.69542370e+01  1.35935639e+04  2.91724290e+01 
 1.46779927e+04  6.67864242e+01  1.46779927e+04  3.10813155e+01 
 1.58489319e+04  6.65986207e+01  1.58489319e+04  3.30598626e+01 
 1.71132830e+04  6.63894438e+01  1.71132830e+04  3.51008720e+01 
 1.84784980e+04  6.61576392e+01  1.84784980e+04  3.71956804e+01 
 1.99526231e+04  6.59021268e+01  1.99526231e+04  3.93342729e+01 
 2.15443469e+04  6.56220440e+01  2.15443469e+04  4.15054669e+01 
 2.32630507e+04  6.53167825e+01  2.32630507e+04  4.36971774e+01 
 2.51188643e+04  6.49860154e+01  2.51188643e+04  4.58967316e+01 
 2.71227258e+04  6.46297130e+01  2.71227258e+04  4.80912358e+01 
 2.92864456e+04  6.42481425e+01  2.92864456e+04  5.02679425e+01 
 3.16227766e+04  6.38418579e+01  3.16227766e+04  5.24146262e+01 
 3.41454887e+04  6.34116731e+01  3.41454887e+04  5.45199030e+01 
 3.68694506e+04  6.29586277e+01  3.68694506e+04  5.65735093e+01 
 3.98107171e+04  6.24839448e+01  3.98107171e+04  5.85665056e+01 
 4.29866235e+04  6.19889846e+01  4.29866235e+04  6.04914021e+01 
 4.64158883e+04  6.14751982e+01  4.64158883e+04  6.23422145e+01 
 5.01187234e+04  6.09440834e+01  5.01187234e+04  6.41144441e+01 
 5.41169527e+04  6.03971459e+01  5.41169527e+04  6.58050120e+01 
 5.84341413e+04  5.98358650e+01  5.84341413e+04  6.74121445e+01 
 6.30957344e+04  5.92616676e+01  6.30957344e+04  6.89352330e+01 
 6.81292069e+04  5.86759075e+01  6.81292069e+04  7.03746784e+01 
 7.35642254e+04  5.80798514e+01  7.35642254e+04  7.17317266e+01 
 7.94328235e+04  5.74746707e+01  7.94328235e+04  7.30083177e+01 
 8.57695899e+04  5.68614372e+01  8.57695899e+04  7.42069376e+01 
 9.26118728e+04  5.62411229e+01  9.26118728e+04  7.53304835e+01 
 1.00000000e+05  5.56146028e+01  1.00000000e+05  7.63821544e+01 
 1.07977516e+05  5.49826586e+01  1.07977516e+05  7.73653418e+01 
 1.16591440e+05  5.43459854e+01  1.16591440e+05  7.82835546e+01 
 1.25892541e+05  5.37051975e+01  1.25892541e+05  7.91403487e+01 
 1.35935639e+05  5.30608357e+01  1.35935639e+05  7.99392663e+01 
 1.46779927e+05  5.24133743e+01  1.46779927e+05  8.06838021e+01 
 1.58489319e+05  5.17632277e+01  1.58489319e+05  8.13773653e+01 
 1.71132830e+05  5.11107568e+01  1.71132830e+05  8.20232542e+01 
 1.84784980e+05  5.04562752e+01  1.84784980e+05  8.26246431e+01 
 1.99526231e+05  4.98000547e+01  1.99526231e+05  8.31845698e+01 
 2.15443469e+05  4.91423301e+01  2.15443469e+05  8.37059287e+01 
 2.32630507e+05  4.84833036e+01  2.32630507e+05  8.41914648e+01 
 2.51188643e+05  4.78231492e+01  2.51188643e+05  8.46437810e+01 
 2.71227258e+05  4.71620159e+01  2.71227258e+05  8.50653354e+01 
 2.92864456e+05  4.65000307e+01  2.92864456e+05  8.54584465e+01 
 3.16227766e+05  4.58373016e+01  3.16227766e+05  8.58252975e+01 
 3.41454887e+05  4.51739196e+01  3.41454887e+05  8.61679440e+01 
 3.68694506e+05  4.45099609e+01  3.68694506e+05  8.64883199e+01 
 3.98107171e+05  4.38454883e+01  3.98107171e+05  8.67882439e+01 
 4.29866235e+05  4.31805530e+01  4.29866235e+05  8.70694274e+01 
 4.64158883e+05  4.25151952e+01  4.64158883e+05  8.73334820e+01 
 5.01187234e+05  4.18494454e+01  5.01187234e+05  8.75819246e+01 
 5.41169527e+05  4.11833251e+01  5.41169527e+05  8.78161857e+01 
 5.84341413e+05  4.05168468e+01  5.84341413e+05  8.80376162e+01 
 6.30957344e+05  3.98500150e+01  6.30957344e+05  8.82474942e+01 
 6.81292069e+05  3.91828258e+01  6.81292069e+05  8.84470293e+01 
 7.35642254e+05  3.85152669e+01  7.35642254e+05  8.86373707e+01 
 7.94328235e+05  3.78473172e+01  7.94328235e+05  8.88196103e+01 
 8.57695899e+05  3.71789467e+01  8.57695899e+05  8.89947881e+01 
 9.26118728e+05  3.65101154e+01  9.26118728e+05  8.91638985e+01 
 1.00000000e+06  3.58407726e+01  1.00000000e+06  8.93278913e+01 
 1.07977516e+06  3.51708557e+01  1.07977516e+06  8.94876759e+01 
 1.16591440e+06  3.45002886e+01  1.16591440e+06  8.96441253e+01 
 1.25892541e+06  3.38289803e+01  1.25892541e+06  8.97980748e+01 
 1.35935639e+06  3.31568226e+01  1.35935639e+06  8.99503248e+01 
 1.46779927e+06  3.24836879e+01  1.46779927e+06  9.01016388e+01 
 1.58489319e+06  3.18094258e+01  1.58489319e+06  9.02527402e+01 
 1.71132830e+06  3.11338607e+01  1.71132830e+06  9.04043104e+01 
 1.84784980e+06  3.04567872e+01  1.84784980e+06  9.05569793e+01 
 1.99526231e+06  2.97779660e+01  1.99526231e+06  9.07113175e+01 
 2.15443469e+06  2.90971188e+01  2.15443469e+06  9.08678216e+01 
 2.32630507e+06  2.84139225e+01  2.32630507e+06  9.10268981e+01 
 2.51188643e+06  2.77280026e+01  2.51188643e+06  9.11888385e+01 
 2.71227258e+06  2.70389258e+01  2.71227258e+06  9.13537899e+01 
 2.92864456e+06  2.63461915e+01  2.92864456e+06  9.15217173e+01 
 3.16227766e+06  2.56492227e+01  3.16227766e+06  9.16923543e+01 
 3.41454887e+06  2.49473551e+01  3.41454887e+06  9.18651428e+01 
 3.68694506e+06  2.42398261e+01  3.68694506e+06  9.20391582e+01 
 3.98107171e+06  2.35257622e+01  3.98107171e+06  9.22130154e+01 
 4.29866235e+06  2.28041654e+01  4.29866235e+06  9.23847549e+01 
 4.64158883e+06  2.20738989e+01  4.64158883e+06  9.25517032e+01 
 5.01187234e+06  2.13336718e+01  5.01187234e+06  9.27103039e+01 
 5.41169527e+06  2.05820237e+01  5.41169527e+06  9.28559137e+01 
 5.84341413e+06  1.98173081e+01  5.84341413e+06  9.29825573e+01 
 6.30957344e+06  1.90376758e+01  6.30957344e+06  9.30826343e+01 
 6.81292069e+06  1.82410588e+01  6.81292069e+06  9.31465691e+01 
 7.35642254e+06  1.74251528e+01  7.35642254e+06  9.31623905e+01 
 7.94328235e+06  1.65873999e+01  7.94328235e+06  9.31152244e+01 
 8.57695899e+06  1.57249695e+01  8.57695899e+06  9.29866725e+01 
 9.26118728e+06  1.48347373e+01  9.26118728e+06  9.27540360e+01 
 1.00000000e+07  1.39132617e+01  1.00000000e+07  9.23893185e+01 
 1.07977516e+07  1.29567557e+01  1.07977516e+07  9.18579017e+01 
 1.16591440e+07  1.19610608e+01  1.16591440e+07  9.11167269e+01 
 1.25892541e+07  1.09216291e+01  1.25892541e+07  9.01117109e+01 
 1.35935639e+07  9.83354506e+00  1.35935639e+07  8.87739814e+01 
 1.46779927e+07  8.69164998e+00  1.46779927e+07  8.70142819e+01 
 1.58489319e+07  7.49091658e+00  1.58489319e+07  8.47146015e+01 
 1.71132830e+07  6.22739174e+00  1.71132830e+07  8.17157707e+01 
 1.84784980e+07  4.90038425e+00  1.84784980e+07  7.77998487e+01 
 1.99526231e+07  3.51727631e+00  1.99526231e+07  7.26680465e+01 
 2.15443469e+07  2.10347573e+00  2.15443469e+07  6.59232718e+01 
 2.32630507e+07  7.20733501e-01  2.32630507e+07  5.70923835e+01 
 2.51188643e+07 -5.07825060e-01  2.51188643e+07  4.57789148e+01 
 2.71227258e+07 -1.39096100e+00  2.71227258e+07  3.20627540e+01 
 2.92864456e+07 -1.73890232e+00  2.92864456e+07  1.69797662e+01 
 3.16227766e+07 -1.50399958e+00  3.16227766e+07  2.32619232e+00 
 3.41454887e+07 -8.23910707e-01  3.41454887e+07 -1.04169000e+01 
 3.68694506e+07  9.90229907e-02  3.68694506e+07 -2.07647426e+01 
 3.98107171e+07  1.11116820e+00  3.98107171e+07 -2.89502709e+01 
 4.29866235e+07  2.12831320e+00  4.29866235e+07 -3.54300391e+01 
 4.64158883e+07  3.11346499e+00  4.64158883e+07 -4.06279492e+01 
 5.01187234e+07  4.05438119e+00  5.01187234e+07 -4.48691650e+01 
 5.41169527e+07  4.95008785e+00  5.41169527e+07 -4.83870715e+01 
 5.84341413e+07  5.80408440e+00  5.84341413e+07 -5.13460853e+01 
 6.30957344e+07  6.62119180e+00  6.30957344e+07 -5.38624321e+01 
 6.81292069e+07  7.40618829e+00  6.81292069e+07 -5.60195718e+01 
 7.35642254e+07  8.16328699e+00  7.35642254e+07 -5.78789314e+01 
 7.94328235e+07  8.89600401e+00  7.94328235e+07 -5.94872342e+01 
 8.57695899e+07  9.60720561e+00  8.57695899e+07 -6.08814823e+01 
 9.26118728e+07  1.02992386e+01  9.26118728e+07 -6.20923287e+01 
 1.00000000e+08  1.09740976e+01  1.00000000e+08 -6.31462914e+01 
 1.07977516e+08  1.16336045e+01  1.07977516e+08 -6.40670780e+01 
 1.16591440e+08  1.22795805e+01  1.16591440e+08 -6.48761760e+01 
 1.25892541e+08  1.29139882e+01  1.25892541e+08 -6.55928222e+01 
 1.35935639e+08  1.35390211e+01  1.35935639e+08 -6.62334766e+01 
 1.46779927e+08  1.41571170e+01  1.46779927e+08 -6.68109904e+01 
 1.58489319e+08  1.47708841e+01  1.58489319e+08 -6.73337195e+01 
 1.71132830e+08  1.53829443e+01  1.71132830e+08 -6.78048737e+01 
 1.84784980e+08  1.59957218e+01  1.84784980e+08 -6.82223516e+01 
 1.99526231e+08  1.66112188e+01  1.99526231e+08 -6.85791962e+01 
 2.15443469e+08  1.72308283e+01  2.15443469e+08 -6.88646372e+01 
 2.32630507e+08  1.78552194e+01  2.32630507e+08 -6.90655318e+01 
 2.51188643e+08  1.84843131e+01  2.51188643e+08 -6.91679284e+01 
 2.71227258e+08  1.91173397e+01  2.71227258e+08 -6.91584826e+01 
 2.92864456e+08  1.97529553e+01  2.92864456e+08 -6.90255394e+01 
 3.16227766e+08  2.03893862e+01  3.16227766e+08 -6.87598044e+01 
 3.41454887e+08  2.10245733e+01  3.41454887e+08 -6.83546293e+01 
 3.68694506e+08  2.16562982e+01  3.68694506e+08 -6.78060001e+01 
 3.98107171e+08  2.22822800e+01  3.98107171e+08 -6.71123364e+01 
 4.29866235e+08  2.29002440e+01  4.29866235e+08 -6.62742044e+01 
 4.64158883e+08  2.35079633e+01  4.64158883e+08 -6.52940221e+01 
 5.01187234e+08  2.41032826e+01  5.01187234e+08 -6.41758058e+01 
 5.41169527e+08  2.46841293e+01  5.41169527e+08 -6.29249839e+01 
 5.84341413e+08  2.52485196e+01  5.84341413e+08 -6.15482826e+01 
 6.30957344e+08  2.57945654e+01  6.30957344e+08 -6.00536745e+01 
 6.81292069e+08  2.63204853e+01  6.81292069e+08 -5.84503698e+01 
 7.35642254e+08  2.68246223e+01  7.35642254e+08 -5.67488257e+01 
 7.94328235e+08  2.73054696e+01  7.94328235e+08 -5.49607456e+01 
 8.57695899e+08  2.77617022e+01  8.57695899e+08 -5.30990422e+01 
 9.26118728e+08  2.81922130e+01  9.26118728e+08 -5.11777419e+01 
 1.00000000e+09  2.85961494e+01  1.00000000e+09 -4.92118178e+01 
