 1.00000000e+00  6.09122140e+01  1.00000000e+00  1.79998897e+02 
 1.07977516e+00  6.09122140e+01  1.07977516e+00  1.79998809e+02 
 1.16591440e+00  6.09122140e+01  1.16591440e+00  1.79998714e+02 
 1.25892541e+00  6.09122140e+01  1.25892541e+00  1.79998612e+02 
 1.35935639e+00  6.09122140e+01  1.35935639e+00  1.79998501e+02 
 1.46779927e+00  6.09122140e+01  1.46779927e+00  1.79998381e+02 
 1.58489319e+00  6.09122140e+01  1.58489319e+00  1.79998252e+02 
 1.71132830e+00  6.09122140e+01  1.71132830e+00  1.79998113e+02 
 1.84784980e+00  6.09122140e+01  1.84784980e+00  1.79997962e+02 
 1.99526231e+00  6.09122140e+01  1.99526231e+00  1.79997800e+02 
 2.15443469e+00  6.09122140e+01  2.15443469e+00  1.79997624e+02 
 2.32630507e+00  6.09122140e+01  2.32630507e+00  1.79997435e+02 
 2.51188643e+00  6.09122140e+01  2.51188643e+00  1.79997230e+02 
 2.71227258e+00  6.09122140e+01  2.71227258e+00  1.79997009e+02 
 2.92864456e+00  6.09122140e+01  2.92864456e+00  1.79996771e+02 
 3.16227766e+00  6.09122140e+01  3.16227766e+00  1.79996513e+02 
 3.41454887e+00  6.09122140e+01  3.41454887e+00  1.79996235e+02 
 3.68694506e+00  6.09122140e+01  3.68694506e+00  1.79995934e+02 
 3.98107171e+00  6.09122140e+01  3.98107171e+00  1.79995610e+02 
 4.29866235e+00  6.09122139e+01  4.29866235e+00  1.79995260e+02 
 4.64158883e+00  6.09122139e+01  4.64158883e+00  1.79994882e+02 
 5.01187234e+00  6.09122139e+01  5.01187234e+00  1.79994473e+02 
 5.41169527e+00  6.09122139e+01  5.41169527e+00  1.79994032e+02 
 5.84341413e+00  6.09122139e+01  5.84341413e+00  1.79993556e+02 
 6.30957344e+00  6.09122139e+01  6.30957344e+00  1.79993042e+02 
 6.81292069e+00  6.09122139e+01  6.81292069e+00  1.79992487e+02 
 7.35642254e+00  6.09122139e+01  7.35642254e+00  1.79991888e+02 
 7.94328235e+00  6.09122139e+01  7.94328235e+00  1.79991241e+02 
 8.57695899e+00  6.09122139e+01  8.57695899e+00  1.79990542e+02 
 9.26118728e+00  6.09122138e+01  9.26118728e+00  1.79989788e+02 
 1.00000000e+01  6.09122138e+01  1.00000000e+01  1.79988973e+02 
 1.07977516e+01  6.09122138e+01  1.07977516e+01  1.79988093e+02 
 1.16591440e+01  6.09122138e+01  1.16591440e+01  1.79987143e+02 
 1.25892541e+01  6.09122137e+01  1.25892541e+01  1.79986118e+02 
 1.35935639e+01  6.09122137e+01  1.35935639e+01  1.79985010e+02 
 1.46779927e+01  6.09122136e+01  1.46779927e+01  1.79983814e+02 
 1.58489319e+01  6.09122136e+01  1.58489319e+01  1.79982523e+02 
 1.71132830e+01  6.09122135e+01  1.71132830e+01  1.79981129e+02 
 1.84784980e+01  6.09122134e+01  1.84784980e+01  1.79979624e+02 
 1.99526231e+01  6.09122133e+01  1.99526231e+01  1.79977998e+02 
 2.15443469e+01  6.09122132e+01  2.15443469e+01  1.79976243e+02 
 2.32630507e+01  6.09122131e+01  2.32630507e+01  1.79974348e+02 
 2.51188643e+01  6.09122130e+01  2.51188643e+01  1.79972301e+02 
 2.71227258e+01  6.09122128e+01  2.71227258e+01  1.79970092e+02 
 2.92864456e+01  6.09122126e+01  2.92864456e+01  1.79967706e+02 
 3.16227766e+01  6.09122124e+01  3.16227766e+01  1.79965129e+02 
 3.41454887e+01  6.09122121e+01  3.41454887e+01  1.79962347e+02 
 3.68694506e+01  6.09122118e+01  3.68694506e+01  1.79959344e+02 
 3.98107171e+01  6.09122114e+01  3.98107171e+01  1.79956100e+02 
 4.29866235e+01  6.09122110e+01  4.29866235e+01  1.79952598e+02 
 4.64158883e+01  6.09122105e+01  4.64158883e+01  1.79948817e+02 
 5.01187234e+01  6.09122099e+01  5.01187234e+01  1.79944734e+02 
 5.41169527e+01  6.09122093e+01  5.41169527e+01  1.79940325e+02 
 5.84341413e+01  6.09122085e+01  5.84341413e+01  1.79935564e+02 
 6.30957344e+01  6.09122076e+01  6.30957344e+01  1.79930424e+02 
 6.81292069e+01  6.09122065e+01  6.81292069e+01  1.79924873e+02 
 7.35642254e+01  6.09122053e+01  7.35642254e+01  1.79918880e+02 
 7.94328235e+01  6.09122038e+01  7.94328235e+01  1.79912409e+02 
 8.57695899e+01  6.09122021e+01  8.57695899e+01  1.79905421e+02 
 9.26118728e+01  6.09122002e+01  9.26118728e+01  1.79897876e+02 
 1.00000000e+02  6.09121979e+01  1.00000000e+02  1.79889729e+02 
 1.07977516e+02  6.09121952e+01  1.07977516e+02  1.79880932e+02 
 1.16591440e+02  6.09121921e+01  1.16591440e+02  1.79871434e+02 
 1.25892541e+02  6.09121885e+01  1.25892541e+02  1.79861178e+02 
 1.35935639e+02  6.09121842e+01  1.35935639e+02  1.79850103e+02 
 1.46779927e+02  6.09121793e+01  1.46779927e+02  1.79838145e+02 
 1.58489319e+02  6.09121735e+01  1.58489319e+02  1.79825233e+02 
 1.71132830e+02  6.09121668e+01  1.71132830e+02  1.79811291e+02 
 1.84784980e+02  6.09121590e+01  1.84784980e+02  1.79796237e+02 
 1.99526231e+02  6.09121499e+01  1.99526231e+02  1.79779982e+02 
 2.15443469e+02  6.09121392e+01  2.15443469e+02  1.79762430e+02 
 2.32630507e+02  6.09121268e+01  2.32630507e+02  1.79743478e+02 
 2.51188643e+02  6.09121124e+01  2.51188643e+02  1.79723014e+02 
 2.71227258e+02  6.09120955e+01  2.71227258e+02  1.79700918e+02 
 2.92864456e+02  6.09120758e+01  2.92864456e+02  1.79677059e+02 
 3.16227766e+02  6.09120529e+01  3.16227766e+02  1.79651297e+02 
 3.41454887e+02  6.09120262e+01  3.41454887e+02  1.79623480e+02 
 3.68694506e+02  6.09119950e+01  3.68694506e+02  1.79593444e+02 
 3.98107171e+02  6.09119587e+01  3.98107171e+02  1.79561013e+02 
 4.29866235e+02  6.09119164e+01  4.29866235e+02  1.79525994e+02 
 4.64158883e+02  6.09118670e+01  4.64158883e+02  1.79488182e+02 
 5.01187234e+02  6.09118094e+01  5.01187234e+02  1.79447354e+02 
 5.41169527e+02  6.09117424e+01  5.41169527e+02  1.79403269e+02 
 5.84341413e+02  6.09116642e+01  5.84341413e+02  1.79355669e+02 
 6.30957344e+02  6.09115729e+01  6.30957344e+02  1.79304272e+02 
 6.81292069e+02  6.09114666e+01  6.81292069e+02  1.79248777e+02 
 7.35642254e+02  6.09113425e+01  7.35642254e+02  1.79188855e+02 
 7.94328235e+02  6.09111980e+01  7.94328235e+02  1.79124156e+02 
 8.57695899e+02  6.09110295e+01  8.57695899e+02  1.79054298e+02 
 9.26118728e+02  6.09108330e+01  9.26118728e+02  1.78978869e+02 
 1.00000000e+03  6.09106039e+01  1.00000000e+03  1.78897428e+02 
 1.07977516e+03  6.09103369e+01  1.07977516e+03  1.78809495e+02 
 1.16591440e+03  6.09100255e+01  1.16591440e+03  1.78714553e+02 
 1.25892541e+03  6.09096625e+01  1.25892541e+03  1.78612044e+02 
 1.35935639e+03  6.09092394e+01  1.35935639e+03  1.78501369e+02 
 1.46779927e+03  6.09087460e+01  1.46779927e+03  1.78381877e+02 
 1.58489319e+03  6.09081708e+01  1.58489319e+03  1.78252868e+02 
 1.71132830e+03  6.09075004e+01  1.71132830e+03  1.78113587e+02 
 1.84784980e+03  6.09067188e+01  1.84784980e+03  1.77963220e+02 
 1.99526231e+03  6.09058078e+01  1.99526231e+03  1.77800890e+02 
 2.15443469e+03  6.09047458e+01  2.15443469e+03  1.77625649e+02 
 2.32630507e+03  6.09035080e+01  2.32630507e+03  1.77436479e+02 
 2.51188643e+03  6.09020652e+01  2.51188643e+03  1.77232280e+02 
 2.71227258e+03  6.09003837e+01  2.71227258e+03  1.77011871e+02 
 2.92864456e+03  6.08984239e+01  2.92864456e+03  1.76773978e+02 
 3.16227766e+03  6.08961403e+01  3.16227766e+03  1.76517233e+02 
 3.41454887e+03  6.08934794e+01  3.41454887e+03  1.76240163e+02 
 3.68694506e+03  6.08903787e+01  3.68694506e+03  1.75941189e+02 
 3.98107171e+03  6.08867665e+01  3.98107171e+03  1.75618613e+02 
 4.29866235e+03  6.08825588e+01  4.29866235e+03  1.75270617e+02 
 4.64158883e+03  6.08776581e+01  4.64158883e+03  1.74895253e+02 
 5.01187234e+03  6.08719512e+01  5.01187234e+03  1.74490438e+02 
 5.41169527e+03  6.08653070e+01  5.41169527e+03  1.74053951e+02 
 5.84341413e+03  6.08575732e+01  5.84341413e+03  1.73583422e+02 
 6.30957344e+03  6.08485737e+01  6.30957344e+03  1.73076333e+02 
 6.81292069e+03  6.08381044e+01  6.81292069e+03  1.72530017e+02 
 7.35642254e+03  6.08259301e+01  7.35642254e+03  1.71941654e+02 
 7.94328235e+03  6.08117786e+01  7.94328235e+03  1.71308276e+02 
 8.57695899e+03  6.07953373e+01  8.57695899e+03  1.70626773e+02 
 9.26118728e+03  6.07762464e+01  9.26118728e+03  1.69893907e+02 
 1.00000000e+04  6.07540934e+01  1.00000000e+04  1.69106323e+02 
 1.07977516e+04  6.07284068e+01  1.07977516e+04  1.68260579e+02 
 1.16591440e+04  6.06986490e+01  1.16591440e+04  1.67353175e+02 
 1.25892541e+04  6.06642096e+01  1.25892541e+04  1.66380594e+02 
 1.35935639e+04  6.06243979e+01  1.35935639e+04  1.65339363e+02 
 1.46779927e+04  6.05784371e+01  1.46779927e+04  1.64226112e+02 
 1.58489319e+04  6.05254576e+01  1.58489319e+04  1.63037663e+02 
 1.71132830e+04  6.04644933e+01  1.71132830e+04  1.61771127e+02 
 1.84784980e+04  6.03944781e+01  1.84784980e+04  1.60424017e+02 
 1.99526231e+04  6.03142463e+01  1.99526231e+04  1.58994383e+02 
 2.15443469e+04  6.02225369e+01  2.15443469e+04  1.57480956e+02 
 2.32630507e+04  6.01180008e+01  2.32630507e+04  1.55883303e+02 
 2.51188643e+04  5.99992150e+01  2.51188643e+04  1.54201988e+02 
 2.71227258e+04  5.98647027e+01  2.71227258e+04  1.52438730e+02 
 2.92864456e+04  5.97129585e+01  2.92864456e+04  1.50596544e+02 
 3.16227766e+04  5.95424829e+01  3.16227766e+04  1.48679858e+02 
 3.41454887e+04  5.93518201e+01  3.41454887e+04  1.46694582e+02 
 3.68694506e+04  5.91396027e+01  3.68694506e+04  1.44648132e+02 
 3.98107171e+04  5.89045974e+01  3.98107171e+04  1.42549381e+02 
 4.29866235e+04  5.86457513e+01  4.29866235e+04  1.40408533e+02 
 4.64158883e+04  5.83622346e+01  4.64158883e+04  1.38236929e+02 
 5.01187234e+04  5.80534764e+01  5.01187234e+04  1.36046773e+02 
 5.41169527e+04  5.77191899e+01  5.41169527e+04  1.33850808e+02 
 5.84341413e+04  5.73593858e+01  5.84341413e+04  1.31661955e+02 
 6.30957344e+04  5.69743722e+01  6.30957344e+04  1.29492931e+02 
 6.81292069e+04  5.65647396e+01  6.81292069e+04  1.27355892e+02 
 7.35642254e+04  5.61313354e+01  7.35642254e+04  1.25262110e+02 
 7.94328235e+04  5.56752265e+01  7.94328235e+04  1.23221704e+02 
 8.57695899e+04  5.51976573e+01  8.57695899e+04  1.21243454e+02 
 9.26118728e+04  5.47000028e+01  9.26118728e+04  1.19334677e+02 
 1.00000000e+05  5.41837225e+01  1.00000000e+05  1.17501190e+02 
 1.07977516e+05  5.36503170e+01  1.07977516e+05  1.15747329e+02 
 1.16591440e+05  5.31012893e+01  1.16591440e+05  1.14076032e+02 
 1.25892541e+05  5.25381125e+01  1.25892541e+05  1.12488947e+02 
 1.35935639e+05  5.19622034e+01  1.35935639e+05  1.10986585e+02 
 1.46779927e+05  5.13749036e+01  1.46779927e+05  1.09568476e+02 
 1.58489319e+05  5.07774656e+01  1.58489319e+05  1.08233325e+02 
 1.71132830e+05  5.01710461e+01  1.71132830e+05  1.06979174e+02 
 1.84784980e+05  4.95567013e+01  1.84784980e+05  1.05803540e+02 
 1.99526231e+05  4.89353877e+01  1.99526231e+05  1.04703550e+02 
 2.15443469e+05  4.83079649e+01  2.15443469e+05  1.03676055e+02 
 2.32630507e+05  4.76751998e+01  2.32630507e+05  1.02717725e+02 
 2.51188643e+05  4.70377727e+01  2.51188643e+05  1.01825134e+02 
 2.71227258e+05  4.63962839e+01  2.71227258e+05  1.00994826e+02 
 2.92864456e+05  4.57512603e+01  2.92864456e+05  1.00223366e+02 
 3.16227766e+05  4.51031627e+01  3.16227766e+05  9.95073863e+01 
 3.41454887e+05  4.44523920e+01  3.41454887e+05  9.88436163e+01 
 3.68694506e+05  4.37992956e+01  3.68694506e+05  9.82289072e+01 
 3.98107171e+05  4.31441732e+01  3.98107171e+05  9.76602444e+01 
 4.29866235e+05  4.24872821e+01  4.29866235e+05  9.71347664e+01 
 4.64158883e+05  4.18288417e+01  4.64158883e+05  9.66497655e+01 
 5.01187234e+05  4.11690379e+01  5.01187234e+05  9.62026921e+01 
 5.41169527e+05  4.05080263e+01  5.41169527e+05  9.57911562e+01 
 5.84341413e+05  3.98459362e+01  5.84341413e+05  9.54129241e+01 
 6.30957344e+05  3.91828720e+01  6.30957344e+05  9.50659163e+01 
 6.81292069e+05  3.85189166e+01  6.81292069e+05  9.47482014e+01 
 7.35642254e+05  3.78541323e+01  7.35642254e+05  9.44579915e+01 
 7.94328235e+05  3.71885621e+01  7.94328235e+05  9.41936348e+01 
 8.57695899e+05  3.65222313e+01  8.57695899e+05  9.39536110e+01 
 9.26118728e+05  3.58551473e+01  9.26118728e+05  9.37365218e+01 
 1.00000000e+06  3.51873002e+01  1.00000000e+06  9.35410859e+01 
 1.07977516e+06  3.45186623e+01  1.07977516e+06  9.33661288e+01 
 1.16591440e+06  3.38491874e+01  1.16591440e+06  9.32105775e+01 
 1.25892541e+06  3.31788101e+01  1.25892541e+06  9.30734486e+01 
 1.35935639e+06  3.25074442e+01  1.35935639e+06  9.29538434e+01 
 1.46779927e+06  3.18349802e+01  1.46779927e+06  9.28509329e+01 
 1.58489319e+06  3.11612841e+01  1.58489319e+06  9.27639511e+01 
 1.71132830e+06  3.04861931e+01  1.71132830e+06  9.26921789e+01 
 1.84784980e+06  2.98095130e+01  1.84784980e+06  9.26349310e+01 
 1.99526231e+06  2.91310141e+01  1.99526231e+06  9.25915388e+01 
 2.15443469e+06  2.84504253e+01  2.15443469e+06  9.25613276e+01 
 2.32630507e+06  2.77674298e+01  2.32630507e+06  9.25435940e+01 
 2.51188643e+06  2.70816579e+01  2.51188643e+06  9.25375742e+01 
 2.71227258e+06  2.63926796e+01  2.71227258e+06  9.25424069e+01 
 2.92864456e+06  2.56999967e+01  2.92864456e+06  9.25570890e+01 
 3.16227766e+06  2.50030333e+01  3.16227766e+06  9.25804192e+01 
 3.41454887e+06  2.43011255e+01  3.41454887e+06  9.26109303e+01 
 3.68694506e+06  2.35935095e+01  3.68694506e+06  9.26468061e+01 
 3.98107171e+06  2.28793100e+01  3.98107171e+06  9.26857800e+01 
 4.29866235e+06  2.21575258e+01  4.29866235e+06  9.27250104e+01 
 4.64158883e+06  2.14270157e+01  4.64158883e+06  9.27609314e+01 
 5.01187234e+06  2.06864833e+01  5.01187234e+06  9.27890704e+01 
 5.41169527e+06  1.99344613e+01  5.41169527e+06  9.28038294e+01 
 5.84341413e+06  1.91692948e+01  5.84341413e+06  9.27982210e+01 
 6.30957344e+06  1.83891253e+01  6.30957344e+06  9.27635510e+01 
 6.81292069e+06  1.75918741e+01  6.81292069e+06  9.26890384e+01 
 7.35642254e+06  1.67752254e+01  7.35642254e+06  9.25613529e+01 
 7.94328235e+06  1.59366105e+01  7.94328235e+06  9.23640537e+01 
 8.57695899e+06  1.50731905e+01  8.57695899e+06  9.20768943e+01 
 9.26118728e+06  1.41818399e+01  9.26118728e+06  9.16749430e+01 
 1.00000000e+07  1.32591298e+01  1.00000000e+07  9.11274433e+01 
 1.07977516e+07  1.23013155e+01  1.07977516e+07  9.03962904e+01 
 1.16591440e+07  1.13043346e+01  1.16591440e+07  8.94339320e+01 
 1.25892541e+07  1.02638382e+01  1.25892541e+07  8.81803966e+01 
 1.35935639e+07  9.17529846e+00  1.35935639e+07  8.65589961e+01 
 1.46779927e+07  8.03429304e+00  1.46779927e+07  8.44700492e+01 
 1.58489319e+07  6.83717473e+00  1.58489319e+07  8.17817484e+01 
 1.71132830e+07  5.58255517e+00  1.71132830e+07  7.83172832e+01 
 1.84784980e+07  4.27446041e+00  1.84784980e+07  7.38382653e+01 
 1.99526231e+07  2.92873184e+00  1.99526231e+07  6.80286775e+01 
 2.15443469e+07  1.58498851e+00  2.15443469e+07  6.04968514e+01 
 2.32630507e+07  3.25159766e-01  2.32630507e+07  5.08447202e+01 
 2.51188643e+07 -7.10531875e-01  2.51188643e+07  3.88932088e+01 
 2.71227258e+07 -1.34401575e+00  2.71227258e+07  2.50805510e+01 
 2.92864456e+07 -1.45112628e+00  2.92864456e+07  1.06737508e+01 
 3.16227766e+07 -1.05951992e+00  3.16227766e+07 -2.75887113e+00 
 3.41454887e+07 -3.23009198e-01  3.41454887e+07 -1.42227636e+01 
 3.68694506e+07  5.90211934e-01  3.68694506e+07 -2.35370847e+01 
 3.98107171e+07  1.56398856e+00  3.98107171e+07 -3.09856705e+01 
 4.29866235e+07  2.53620476e+00  4.29866235e+07 -3.69654447e+01 
 4.64158883e+07  3.47947144e+00  4.64158883e+07 -4.18274942e+01 
 5.01187234e+07  4.38465307e+00  5.01187234e+07 -4.58407998e+01 
 5.41169527e+07  5.25112184e+00  5.41169527e+07 -4.92008737e+01 
 5.84341413e+07  6.08173947e+00  5.84341413e+07 -5.20477588e+01 
 6.30957344e+07  6.88045289e+00  6.30957344e+07 -5.44821691e+01 
 6.81292069e+07  7.65121475e+00  6.81292069e+07 -5.65776304e+01 
 7.35642254e+07  8.39755178e+00  7.35642254e+07 -5.83890810e+01 
 7.94328235e+07  9.12244575e+00  7.94328235e+07 -5.99588435e+01 
 8.57695899e+07  9.82836439e+00  8.57695899e+07 -6.13207395e+01 
 9.26118728e+07  1.05173641e+01  9.26118728e+07 -6.25028941e+01 
 1.00000000e+08  1.11912252e+01  1.00000000e+08 -6.35295778e+01 
 1.07977516e+08  1.18515973e+01  1.07977516e+08 -6.44222982e+01 
 1.16591440e+08  1.25001351e+01  1.16591440e+08 -6.52002744e+01 
 1.25892541e+08  1.31386080e+01  1.25892541e+08 -6.58803971e+01 
 1.35935639e+08  1.37689609e+01  1.35935639e+08 -6.64767957e+01 
 1.46779927e+08  1.43933123e+01  1.46779927e+08 -6.70001806e+01 
 1.58489319e+08  1.50138792e+01  1.58489319e+08 -6.74571735e+01 
 1.71132830e+08  1.56328396e+01  1.71132830e+08 -6.78498577e+01 
 1.84784980e+08  1.62521519e+01  1.84784980e+08 -6.81757411e+01 
 1.99526231e+08  1.68733709e+01  1.99526231e+08 -6.84282252e+01 
 2.15443469e+08  1.74974956e+01  2.15443469e+08 -6.85975400e+01 
 2.32630507e+08  1.81248785e+01  2.32630507e+08 -6.86719902e+01 
 2.51188643e+08  1.87552079e+01  2.51188643e+08 -6.86392915e+01 
 2.71227258e+08  1.93875586e+01  2.71227258e+08 -6.84877836e+01 
 2.92864456e+08  2.00204895e+01  2.92864456e+08 -6.82073719e+01 
 3.16227766e+08  2.06521662e+01  3.16227766e+08 -6.77901373e+01 
 3.41454887e+08  2.12804851e+01  3.41454887e+08 -6.72306295e+01 
 3.68694506e+08  2.19031840e+01  3.68694506e+08 -6.65259126e+01 
 3.98107171e+08  2.25179321e+01  3.98107171e+08 -6.56754480e+01 
 4.29866235e+08  2.31223963e+01  4.29866235e+08 -6.46808951e+01 
 4.64158883e+08  2.37142881e+01  4.64158883e+08 -6.35458921e+01 
 5.01187234e+08  2.42913956e+01  5.01187234e+08 -6.22758586e+01 
 5.41169527e+08  2.48516062e+01  5.41169527e+08 -6.08778386e+01 
 5.84341413e+08  2.53929253e+01  5.84341413e+08 -5.93603872e+01 
 6.30957344e+08  2.59134960e+01  6.30957344e+08 -5.77334909e+01 
 6.81292069e+08  2.64116215e+01  6.81292069e+08 -5.60085030e+01 
 7.35642254e+08  2.68857920e+01  7.35642254e+08 -5.41980712e+01 
 7.94328235e+08  2.73347158e+01  7.94328235e+08 -5.23160345e+01 
 8.57695899e+08  2.77573520e+01  8.57695899e+08 -5.03772693e+01 
 9.26118728e+08  2.81529418e+01  9.26118728e+08 -4.83974737e+01 
 1.00000000e+09  2.85210351e+01  1.00000000e+09 -4.63928877e+01 
