 1.00000000e+00  8.77028484e+01  1.00000000e+00  2.28180872e-02 
 1.07977516e+00  8.77028483e+01  1.07977516e+00  2.46384036e-02 
 1.16591440e+00  8.77028482e+01  1.16591440e+00  2.66039360e-02 
 1.25892541e+00  8.77028480e+01  1.25892541e+00  2.87262690e-02 
 1.35935639e+00  8.77028478e+01  1.35935639e+00  3.10179113e-02 
 1.46779927e+00  8.77028476e+01  1.46779927e+00  3.34923697e-02 
 1.58489319e+00  8.77028474e+01  1.58489319e+00  3.61642282e-02 
 1.71132830e+00  8.77028471e+01  1.71132830e+00  3.90492346e-02 
 1.84784980e+00  8.77028468e+01  1.84784980e+00  4.21643925e-02 
 1.99526231e+00  8.77028464e+01  1.99526231e+00  4.55280624e-02 
 2.15443469e+00  8.77028459e+01  2.15443469e+00  4.91600693e-02 
 2.32630507e+00  8.77028454e+01  2.32630507e+00  5.30818196e-02 
 2.51188643e+00  8.77028448e+01  2.51188643e+00  5.73164277e-02 
 2.71227258e+00  8.77028440e+01  2.71227258e+00  6.18888516e-02 
 2.92864456e+00  8.77028432e+01  2.92864456e+00  6.68260404e-02 
 3.16227766e+00  8.77028422e+01  3.16227766e+00  7.21570932e-02 
 3.41454887e+00  8.77028411e+01  3.41454887e+00  7.79134302e-02 
 3.68694506e+00  8.77028397e+01  3.68694506e+00  8.41289781e-02 
 3.98107171e+00  8.77028382e+01  3.98107171e+00  9.08403702e-02 
 4.29866235e+00  8.77028364e+01  4.29866235e+00  9.80871618e-02 
 4.64158883e+00  8.77028343e+01  4.64158883e+00  1.05912064e-01 
 5.01187234e+00  8.77028318e+01  5.01187234e+00  1.14361194e-01 
 5.41169527e+00  8.77028289e+01  5.41169527e+00  1.23484350e-01 
 5.84341413e+00  8.77028256e+01  5.84341413e+00  1.33335300e-01 
 6.30957344e+00  8.77028217e+01  6.30957344e+00  1.43972102e-01 
 6.81292069e+00  8.77028171e+01  6.81292069e+00  1.55457445e-01 
 7.35642254e+00  8.77028118e+01  7.35642254e+00  1.67859020e-01 
 7.94328235e+00  8.77028056e+01  7.94328235e+00  1.81249915e-01 
 8.57695899e+00  8.77027984e+01  8.57695899e+00  1.95709048e-01 
 9.26118728e+00  8.77027900e+01  9.26118728e+00  2.11321632e-01 
 1.00000000e+01  8.77027802e+01  1.00000000e+01  2.28179678e-01 
 1.07977516e+01  8.77027688e+01  1.07977516e+01  2.46382533e-01 
 1.16591440e+01  8.77027555e+01  1.16591440e+01  2.66037468e-01 
 1.25892541e+01  8.77027399e+01  1.25892541e+01  2.87260307e-01 
 1.35935639e+01  8.77027218e+01  1.35935639e+01  3.10176114e-01 
 1.46779927e+01  8.77027007e+01  1.46779927e+01  3.34919921e-01 
 1.58489319e+01  8.77026761e+01  1.58489319e+01  3.61637529e-01 
 1.71132830e+01  8.77026474e+01  1.71132830e+01  3.90486361e-01 
 1.84784980e+01  8.77026139e+01  1.84784980e+01  4.21636391e-01 
 1.99526231e+01  8.77025749e+01  1.99526231e+01  4.55271139e-01 
 2.15443469e+01  8.77025294e+01  2.15443469e+01  4.91588751e-01 
 2.32630507e+01  8.77024764e+01  2.32630507e+01  5.30803163e-01 
 2.51188643e+01  8.77024145e+01  2.51188643e+01  5.73145351e-01 
 2.71227258e+01  8.77023424e+01  2.71227258e+01  6.18864690e-01 
 2.92864456e+01  8.77022584e+01  2.92864456e+01  6.68230411e-01 
 3.16227766e+01  8.77021604e+01  3.16227766e+01  7.21533173e-01 
 3.41454887e+01  8.77020461e+01  3.41454887e+01  7.79086767e-01 
 3.68694506e+01  8.77019129e+01  3.68694506e+01  8.41229939e-01 
 3.98107171e+01  8.77017576e+01  3.98107171e+01  9.08328367e-01 
 4.29866235e+01  8.77015766e+01  4.29866235e+01  9.80776779e-01 
 4.64158883e+01  8.77013655e+01  4.64158883e+01  1.05900125e+00 
 5.01187234e+01  8.77011194e+01  5.01187234e+01  1.14346164e+00 
 5.41169527e+01  8.77008324e+01  5.41169527e+01  1.23465429e+00 
 5.84341413e+01  8.77004979e+01  5.84341413e+01  1.33311481e+00 
 6.30957344e+01  8.77001080e+01  6.30957344e+01  1.43942117e+00 
 6.81292069e+01  8.76996533e+01  6.81292069e+01  1.55419699e+00 
 7.35642254e+01  8.76991233e+01  7.35642254e+01  1.67811504e+00 
 7.94328235e+01  8.76985055e+01  7.94328235e+01  1.81190101e+00 
 8.57695899e+01  8.76977852e+01  8.57695899e+01  1.95633754e+00 
 9.26118728e+01  8.76969456e+01  9.26118728e+01  2.11226855e+00 
 1.00000000e+02  8.76959669e+01  1.00000000e+02  2.28060376e+00 
 1.07977516e+02  8.76948261e+01  1.07977516e+02  2.46232365e+00 
 1.16591440e+02  8.76934964e+01  1.16591440e+02  2.65848452e+00 
 1.25892541e+02  8.76919466e+01  1.25892541e+02  2.87022402e+00 
 1.35935639e+02  8.76901404e+01  1.35935639e+02  3.09876684e+00 
 1.46779927e+02  8.76880354e+01  1.46779927e+02  3.34543072e+00 
 1.58489319e+02  8.76855825e+01  1.58489319e+02  3.61163267e+00 
 1.71132830e+02  8.76827244e+01  1.71132830e+02  3.89889539e+00 
 1.84784980e+02  8.76793944e+01  1.84784980e+02  4.20885386e+00 
 1.99526231e+02  8.76755151e+01  1.99526231e+02  4.54326192e+00 
 2.15443469e+02  8.76709966e+01  2.15443469e+02  4.90399884e+00 
 2.32630507e+02  8.76657344e+01  2.32630507e+02  5.29307568e+00 
 2.51188643e+02  8.76596071e+01  2.51188643e+02  5.71264120e+00 
 2.71227258e+02  8.76524741e+01  2.71227258e+02  6.16498721e+00 
 2.92864456e+02  8.76441723e+01  2.92864456e+02  6.65255288e+00 
 3.16227766e+02  8.76345124e+01  3.16227766e+02  7.17792706e+00 
 3.41454887e+02  8.76232778e+01  3.41454887e+02  7.74385209e+00 
 3.68694506e+02  8.76102158e+01  3.68694506e+02  8.35321857e+00 
 3.98107171e+02  8.75950360e+01  3.98107171e+02  9.00906348e+00 
 4.29866235e+02  8.75774045e+01  4.29866235e+02  9.71456096e+00 
 4.64158883e+02  8.75569376e+01  4.64158883e+02  1.04730087e+01 
 5.01187234e+02  8.75331960e+01  5.01187234e+02  1.12878078e+01 
 5.41169527e+02  8.75056776e+01  5.41169527e+02  1.21624345e+01 
 5.84341413e+02  8.74738129e+01  5.84341413e+02  1.31004069e+01 
 6.30957344e+02  8.74369542e+01  6.30957344e+02  1.41052315e+01 
 6.81292069e+02  8.73943707e+01  6.81292069e+02  1.51803449e+01 
 7.35642254e+02  8.73452444e+01  7.35642254e+02  1.63290445e+01 
 7.94328235e+02  8.72886603e+01  7.94328235e+02  1.75543897e+01 
 8.57695899e+02  8.72236049e+01  8.57695899e+02  1.88590996e+01 
 9.26118728e+02  8.71489664e+01  9.26118728e+02  2.02454331e+01 
 1.00000000e+03  8.70635337e+01  1.00000000e+03  2.17150463e+01 
 1.07977516e+03  8.69660033e+01  1.07977516e+03  2.32688431e+01 
 1.16591440e+03  8.68549897e+01  1.16591440e+03  2.49068161e+01 
 1.25892541e+03  8.67290410e+01  1.25892541e+03  2.66278841e+01 
 1.35935639e+03  8.65866650e+01  1.35935639e+03  2.84297505e+01 
 1.46779927e+03  8.64263532e+01  1.46779927e+03  3.03087555e+01 
 1.58489319e+03  8.62466225e+01  1.58489319e+03  3.22597961e+01 
 1.71132830e+03  8.60460521e+01  1.71132830e+03  3.42762624e+01 
 1.84784980e+03  8.58233319e+01  1.84784980e+03  3.63500579e+01 
 1.99526231e+03  8.55773065e+01  1.99526231e+03  3.84716735e+01 
 2.15443469e+03  8.53070244e+01  2.15443469e+03  4.06303652e+01 
 2.32630507e+03  8.50117708e+01  2.32630507e+03  4.28143508e+01 
 2.51188643e+03  8.46911070e+01  2.51188643e+03  4.50111533e+01 
 2.71227258e+03  8.43448836e+01  2.71227258e+03  4.72079073e+01 
 2.92864456e+03  8.39732520e+01  2.92864456e+03  4.93917598e+01 
 3.16227766e+03  8.35766542e+01  3.16227766e+03  5.15502205e+01 
 3.41454887e+03  8.31558058e+01  3.41454887e+03  5.36715327e+01 
 3.68694506e+03  8.27116634e+01  3.68694506e+03  5.57449637e+01 
 3.98107171e+03  8.22453806e+01  3.98107171e+03  5.77610010e+01 
 4.29866235e+03  8.17582711e+01  4.29866235e+03  5.97115783e+01 
 4.64158883e+03  8.12517543e+01  4.64158883e+03  6.15900889e+01 
 5.01187234e+03  8.07273149e+01  5.01187234e+03  6.33914404e+01 
 5.41169527e+03  8.01864610e+01  5.41169527e+03  6.51120038e+01 
 5.84341413e+03  7.96306850e+01  5.84341413e+03  6.67494749e+01 
 6.30957344e+03  7.90614378e+01  6.30957344e+03  6.83027908e+01 
 6.81292069e+03  7.84801048e+01  6.81292069e+03  6.97719606e+01 
 7.35642254e+03  7.78879882e+01  7.35642254e+03  7.11578884e+01 
 7.94328235e+03  7.72862986e+01  7.94328235e+03  7.24622446e+01 
 8.57695899e+03  7.66761473e+01  8.57695899e+03  7.36872858e+01 
 9.26118728e+03  7.60585468e+01  9.26118728e+03  7.48357483e+01 
 1.00000000e+04  7.54344099e+01  1.00000000e+04  7.59106877e+01 
 1.07977516e+04  7.48045555e+01  1.07977516e+04  7.69154080e+01 
 1.16591440e+04  7.41697131e+01  1.16591440e+04  7.78533510e+01 
 1.25892541e+04  7.35305288e+01  1.25892541e+04  7.87280262e+01 
 1.35935639e+04  7.28875728e+01  1.35935639e+04  7.95429521e+01 
 1.46779927e+04  7.22413463e+01  1.46779927e+04  8.03016127e+01 
 1.58489319e+04  7.15922877e+01  1.58489319e+04  8.10074074e+01 
 1.71132830e+04  7.09407804e+01  1.71132830e+04  8.16636427e+01 
 1.84784980e+04  7.02871578e+01  1.84784980e+04  8.22734938e+01 
 1.99526231e+04  6.96317100e+01  1.99526231e+04  8.28399997e+01 
 2.15443469e+04  6.89746884e+01  2.15443469e+04  8.33660553e+01 
 2.32630507e+04  6.83163110e+01  2.32630507e+04  8.38544130e+01 
 2.51188643e+04  6.76567661e+01  2.51188643e+04  8.43076612e+01 
 2.71227258e+04  6.69962165e+01  2.71227258e+04  8.47282468e+01 
 2.92864456e+04  6.63348026e+01  2.92864456e+04  8.51184676e+01 
 3.16227766e+04  6.56726455e+01  3.16227766e+04  8.54804797e+01 
 3.41454887e+04  6.50098495e+01  3.41454887e+04  8.58163019e+01 
 3.68694506e+04  6.43465043e+01  3.68694506e+04  8.61278239e+01 
 3.98107171e+04  6.36826873e+01  3.98107171e+04  8.64168055e+01 
 4.29866235e+04  6.30184647e+01  4.29866235e+04  8.66848946e+01 
 4.64158883e+04  6.23538938e+01  4.64158883e+04  8.69336236e+01 
 5.01187234e+04  6.16890234e+01  5.01187234e+04  8.71644217e+01 
 5.41169527e+04  6.10238956e+01  5.41169527e+04  8.73786198e+01 
 5.84341413e+04  6.03585466e+01  5.84341413e+04  8.75774589e+01 
 6.30957344e+04  5.96930073e+01  6.30957344e+04  8.77620910e+01 
 6.81292069e+04  5.90273040e+01  6.81292069e+04  8.79335895e+01 
 7.35642254e+04  5.83614595e+01  7.35642254e+04  8.80929545e+01 
 7.94328235e+04  5.76954932e+01  7.94328235e+04  8.82411140e+01 
 8.57695899e+04  5.70294214e+01  8.57695899e+04  8.83789375e+01 
 9.26118728e+04  5.63632582e+01  9.26118728e+04  8.85072273e+01 
 1.00000000e+05  5.56970154e+01  1.00000000e+05  8.86267370e+01 
 1.07977516e+05  5.50307031e+01  1.07977516e+05  8.87381676e+01 
 1.16591440e+05  5.43643295e+01  1.16591440e+05  8.88421723e+01 
 1.25892541e+05  5.36979017e+01  1.25892541e+05  8.89393617e+01 
 1.35935639e+05  5.30314251e+01  1.35935639e+05  8.90303056e+01 
 1.46779927e+05  5.23649044e+01  1.46779927e+05  8.91155389e+01 
 1.58489319e+05  5.16983429e+01  1.58489319e+05  8.91955638e+01 
 1.71132830e+05  5.10317431e+01  1.71132830e+05  8.92708495e+01 
 1.84784980e+05  5.03651066e+01  1.84784980e+05  8.93418401e+01 
 1.99526231e+05  4.96984341e+01  1.99526231e+05  8.94089518e+01 
 2.15443469e+05  4.90317255e+01  2.15443469e+05  8.94725800e+01 
 2.32630507e+05  4.83649798e+01  2.32630507e+05  8.95330979e+01 
 2.51188643e+05  4.76981950e+01  2.51188643e+05  8.95908621e+01 
 2.71227258e+05  4.70313686e+01  2.71227258e+05  8.96462117e+01 
 2.92864456e+05  4.63644965e+01  2.92864456e+05  8.96994723e+01 
 3.16227766e+05  4.56975742e+01  3.16227766e+05  8.97509567e+01 
 3.41454887e+05  4.50305953e+01  3.41454887e+05  8.98009648e+01 
 3.68694506e+05  4.43635527e+01  3.68694506e+05  8.98497900e+01 
 3.98107171e+05  4.36964375e+01  3.98107171e+05  8.98977176e+01 
 4.29866235e+05  4.30292390e+01  4.29866235e+05  8.99450266e+01 
 4.64158883e+05  4.23619447e+01  4.64158883e+05  8.99919921e+01 
 5.01187234e+05  4.16945399e+01  5.01187234e+05  9.00388851e+01 
 5.41169527e+05  4.10270072e+01  5.41169527e+05  9.00859766e+01 
 5.84341413e+05  4.03593260e+01  5.84341413e+05  9.01335344e+01 
 6.30957344e+05  3.96914727e+01  6.30957344e+05  9.01818293e+01 
 6.81292069e+05  3.90234192e+01  6.81292069e+05  9.02311330e+01 
 7.35642254e+05  3.83551328e+01  7.35642254e+05  9.02817199e+01 
 7.94328235e+05  3.76865756e+01  7.94328235e+05  9.03338673e+01 
 8.57695899e+05  3.70177031e+01  8.57695899e+05  9.03878570e+01 
 9.26118728e+05  3.63484635e+01  9.26118728e+05  9.04439747e+01 
 1.00000000e+06  3.56787965e+01  1.00000000e+06  9.05025103e+01 
 1.07977516e+06  3.50086317e+01  1.07977516e+06  9.05637575e+01 
 1.16591440e+06  3.43378873e+01  1.16591440e+06  9.06280131e+01 
 1.25892541e+06  3.36664680e+01  1.25892541e+06  9.06955745e+01 
 1.35935639e+06  3.29942630e+01  1.35935639e+06  9.07667381e+01 
 1.46779927e+06  3.23211432e+01  1.46779927e+06  9.08417953e+01 
 1.58489319e+06  3.16469589e+01  1.58489319e+06  9.09210282e+01 
 1.71132830e+06  3.09715357e+01  1.71132830e+06  9.10047016e+01 
 1.84784980e+06  3.02946716e+01  1.84784980e+06  9.10930560e+01 
 1.99526231e+06  2.96161319e+01  1.99526231e+06  9.11862951e+01 
 2.15443469e+06  2.89356445e+01  2.15443469e+06  9.12845703e+01 
 2.32630507e+06  2.82528942e+01  2.32630507e+06  9.13879633e+01 
 2.51188643e+06  2.75675164e+01  2.51188643e+06  9.14964603e+01 
 2.71227258e+06  2.68790895e+01  2.71227258e+06  9.16099222e+01 
 2.92864456e+06  2.61871268e+01  2.92864456e+06  9.17280450e+01 
 3.16227766e+06  2.54910678e+01  3.16227766e+06  9.18503126e+01 
 3.41454887e+06  2.47902672e+01  3.41454887e+06  9.19759352e+01 
 3.68694506e+06  2.40839846e+01  3.68694506e+06  9.21037754e+01 
 3.98107171e+06  2.33713716e+01  3.98107171e+06  9.22322571e+01 
 4.29866235e+06  2.26514588e+01  4.29866235e+06  9.23592514e+01 
 4.64158883e+06  2.19231423e+01  4.64158883e+06  9.24819412e+01 
 5.01187234e+06  2.11851678e+01  5.01187234e+06  9.25966538e+01 
 5.41169527e+06  2.04361160e+01  5.41169527e+06  9.26986619e+01 
 5.84341413e+06  1.96743865e+01  5.84341413e+06  9.27819426e+01 
 6.30957344e+06  1.88981814e+01  6.30957344e+06  9.28388892e+01 
 6.81292069e+06  1.81054895e+01  6.81292069e+06  9.28599673e+01 
 7.35642254e+06  1.72940700e+01  7.35642254e+06  9.28333023e+01 
 7.94328235e+06  1.64614352e+01  7.94328235e+06  9.27441790e+01 
 8.57695899e+06  1.56048334e+01  8.57695899e+06  9.25744335e+01 
 9.26118728e+06  1.47212299e+01  9.26118728e+06  9.23016913e+01 
 1.00000000e+07  1.38072855e+01  1.00000000e+07  9.18983932e+01 
 1.07977516e+07  1.28593335e+01  1.07977516e+07  9.13305074e+01 
 1.16591440e+07  1.18733584e+01  1.16591440e+07  9.05557682e+01 
 1.25892541e+07  1.08449868e+01  1.25892541e+07  8.95211918e+01 
 1.35935639e+07  9.76951651e+00  1.35935639e+07  8.81594745e+01 
 1.46779927e+07  8.64204964e+00  1.46779927e+07  8.63836790e+01 
 1.58489319e+07  7.45786528e+00  1.58489319e+07  8.40793390e+01 
 1.71132830e+07  6.21333200e+00  1.71132830e+07  8.10928503e+01 
 1.84784980e+07  4.90798456e+00  1.84784980e+07  7.72151307e+01 
 1.99526231e+07  3.54901968e+00  1.99526231e+07  7.21613268e+01 
 2.15443469e+07  2.16047352e+00  2.15443469e+07  6.55548659e+01 
 2.32630507e+07  7.99963526e-01  2.32630507e+07  5.69470850e+01 
 2.51188643e+07 -4.18268134e-01  2.51188643e+07  4.59525160e+01 
 2.71227258e+07 -1.31526795e+00  2.71227258e+07  3.26064891e+01 
 2.92864456e+07 -1.70591155e+00  2.92864456e+07  1.78200688e+01 
 3.16227766e+07 -1.52814515e+00  3.16227766e+07  3.27292254e+00 
 3.41454887e+07 -8.97939480e-01  3.41454887e+07 -9.54507060e+00 
 3.68694506e+07 -7.74980583e-03  3.68694506e+07 -2.00576006e+01 
 3.98107171e+07  9.87041842e-01  3.98107171e+07 -2.84222881e+01 
 4.29866235e+07  1.99713813e+00  4.29866235e+07 -3.50618179e+01 
 4.64158883e+07  2.98132568e+00  4.64158883e+07 -4.03916817e+01 
 5.01187234e+07  3.92466337e+00  5.01187234e+07 -4.47387794e+01 
 5.41169527e+07  4.82461098e+00  5.41169527e+07 -4.83409679e+01 
 5.84341413e+07  5.68379804e+00  5.84341413e+07 -5.13671394e+01 
 6.30957344e+07  6.50657836e+00  6.30957344e+07 -5.39372201e+01 
 6.81292069e+07  7.29749173e+00  6.81292069e+07 -5.61374971e+01 
 7.35642254e+07  8.06064150e+00  7.35642254e+07 -5.80314515e+01 
 7.94328235e+07  8.79950398e+00  7.94328235e+07 -5.96672177e+01 
 8.57695899e+07  9.51693963e+00  8.57695899e+07 -6.10826868e+01 
 9.26118728e+07  1.02152989e+01  9.26118728e+07 -6.23089787e+01 
 1.00000000e+08  1.08965713e+01  1.00000000e+08 -6.33727498e+01 
 1.07977516e+08  1.15625519e+01  1.07977516e+08 -6.42976145e+01 
 1.16591440e+08  1.22150029e+01  1.16591440e+08 -6.51048449e+01 
 1.25892541e+08  1.28557927e+01  1.25892541e+08 -6.58134596e+01 
 1.35935639e+08  1.34869879e+01  1.35935639e+08 -6.64398230e+01 
 1.46779927e+08  1.41108786e+01  1.46779927e+08 -6.69969192e+01 
 1.58489319e+08  1.47299214e+01  1.58489319e+08 -6.74935306e+01 
 1.71132830e+08  1.53466047e+01  1.71132830e+08 -6.79335887e+01 
 1.84784980e+08  1.59632558e+01  1.84784980e+08 -6.83159416e+01 
 1.99526231e+08  1.65818287e+01  1.99526231e+08 -6.86346875e+01 
 2.15443469e+08  1.72037185e+01  2.15443469e+08 -6.88800747e+01 
 2.32630507e+08  1.78296376e+01  2.32630507e+08 -6.90398162e+01 
 2.51188643e+08  1.84595755e+01  2.51188643e+08 -6.91005742e+01 
 2.71227258e+08  1.90928386e+01  2.71227258e+08 -6.90493565e+01 
 2.92864456e+08  1.97281502e+01  2.92864456e+08 -6.88746298e+01 
 3.16227766e+08  2.03637843e+01  3.16227766e+08 -6.85670574e+01 
 3.41454887e+08  2.09977044e+01  3.41454887e+08 -6.81198646e+01 
 3.68694506e+08  2.16276895e+01  3.68694506e+08 -6.75289031e+01 
 3.98107171e+08  2.22514350e+01  3.98107171e+08 -6.67925132e+01 
 4.29866235e+08  2.28666269e+01  4.29866235e+08 -6.59112813e+01 
 4.64158883e+08  2.34709909e+01  4.64158883e+08 -6.48877704e+01 
 5.01187234e+08  2.40623229e+01  5.01187234e+08 -6.37262766e+01 
 5.41169527e+08  2.46385067e+01  5.41169527e+08 -6.24326381e+01 
 5.84341413e+08  2.51975264e+01  5.84341413e+08 -6.10141064e+01 
 6.30957344e+08  2.57374772e+01  6.30957344e+08 -5.94792729e+01 
 6.81292069e+08  2.62565805e+01  6.81292069e+08 -5.78380311e+01 
 7.35642254e+08  2.67532042e+01  7.35642254e+08 -5.61015537e+01 
 7.94328235e+08  2.72258895e+01  7.94328235e+08 -5.42822558e+01 
 8.57695899e+08  2.76733824e+01  8.57695899e+08 -5.23937203e+01 
 9.26118728e+08  2.80946687e+01  9.26118728e+08 -5.04505650e+01 
 1.00000000e+09  2.84890071e+01  1.00000000e+09 -4.84682409e+01 
