 1.00000000e+00  6.07397063e+01  1.00000000e+00  1.11389810e-03 
 1.07977516e+00  6.07397063e+01  1.07977516e+00  1.20275951e-03 
 1.16591440e+00  6.07397063e+01  1.16591440e+00  1.29870984e-03 
 1.25892541e+00  6.07397063e+01  1.25892541e+00  1.40231463e-03 
 1.35935639e+00  6.07397063e+01  1.35935639e+00  1.51418451e-03 
 1.46779927e+00  6.07397063e+01  1.46779927e+00  1.63497882e-03 
 1.58489319e+00  6.07397063e+01  1.58489319e+00  1.76540952e-03 
 1.71132830e+00  6.07397063e+01  1.71132830e+00  1.90624535e-03 
 1.84784980e+00  6.07397063e+01  1.84784980e+00  2.05831639e-03 
 1.99526231e+00  6.07397063e+01  1.99526231e+00  2.22251891e-03 
 2.15443469e+00  6.07397063e+01  2.15443469e+00  2.39982072e-03 
 2.32630507e+00  6.07397063e+01  2.32630507e+00  2.59126680e-03 
 2.51188643e+00  6.07397063e+01  2.51188643e+00  2.79798553e-03 
 2.71227258e+00  6.07397063e+01  2.71227258e+00  3.02119528e-03 
 2.92864456e+00  6.07397063e+01  2.92864456e+00  3.26221163e-03 
 3.16227766e+00  6.07397063e+01  3.16227766e+00  3.52245509e-03 
 3.41454887e+00  6.07397063e+01  3.41454887e+00  3.80345951e-03 
 3.68694506e+00  6.07397063e+01  3.68694506e+00  4.10688111e-03 
 3.98107171e+00  6.07397063e+01  3.98107171e+00  4.43450822e-03 
 4.29866235e+00  6.07397063e+01  4.29866235e+00  4.78827183e-03 
 4.64158883e+00  6.07397063e+01  4.64158883e+00  5.17025699e-03 
 5.01187234e+00  6.07397063e+01  5.01187234e+00  5.58271508e-03 
 5.41169527e+00  6.07397062e+01  5.41169527e+00  6.02807708e-03 
 5.84341413e+00  6.07397062e+01  5.84341413e+00  6.50896790e-03 
 6.30957344e+00  6.07397062e+01  6.30957344e+00  7.02822186e-03 
 6.81292069e+00  6.07397062e+01  6.81292069e+00  7.58889940e-03 
 7.35642254e+00  6.07397062e+01  7.35642254e+00  8.19430507e-03 
 7.94328235e+00  6.07397062e+01  7.94328235e+00  8.84800708e-03 
 8.57695899e+00  6.07397062e+01  8.57695899e+00  9.55385827e-03 
 9.26118728e+00  6.07397062e+01  9.26118728e+00  1.03160188e-02 
 1.00000000e+01  6.07397061e+01  1.00000000e+01  1.11389809e-02 
 1.07977516e+01  6.07397061e+01  1.07977516e+01  1.20275949e-02 
 1.16591440e+01  6.07397061e+01  1.16591440e+01  1.29870982e-02 
 1.25892541e+01  6.07397060e+01  1.25892541e+01  1.40231460e-02 
 1.35935639e+01  6.07397060e+01  1.35935639e+01  1.51418447e-02 
 1.46779927e+01  6.07397059e+01  1.46779927e+01  1.63497878e-02 
 1.58489319e+01  6.07397059e+01  1.58489319e+01  1.76540947e-02 
 1.71132830e+01  6.07397058e+01  1.71132830e+01  1.90624528e-02 
 1.84784980e+01  6.07397057e+01  1.84784980e+01  2.05831630e-02 
 1.99526231e+01  6.07397056e+01  1.99526231e+01  2.22251880e-02 
 2.15443469e+01  6.07397055e+01  2.15443469e+01  2.39982058e-02 
 2.32630507e+01  6.07397054e+01  2.32630507e+01  2.59126663e-02 
 2.51188643e+01  6.07397053e+01  2.51188643e+01  2.79798531e-02 
 2.71227258e+01  6.07397051e+01  2.71227258e+01  3.02119501e-02 
 2.92864456e+01  6.07397049e+01  2.92864456e+01  3.26221128e-02 
 3.16227766e+01  6.07397047e+01  3.16227766e+01  3.52245465e-02 
 3.41454887e+01  6.07397044e+01  3.41454887e+01  3.80345896e-02 
 3.68694506e+01  6.07397041e+01  3.68694506e+01  4.10688042e-02 
 3.98107171e+01  6.07397037e+01  3.98107171e+01  4.43450734e-02 
 4.29866235e+01  6.07397033e+01  4.29866235e+01  4.78827073e-02 
 4.64158883e+01  6.07397028e+01  4.64158883e+01  5.17025560e-02 
 5.01187234e+01  6.07397022e+01  5.01187234e+01  5.58271333e-02 
 5.41169527e+01  6.07397015e+01  5.41169527e+01  6.02807488e-02 
 5.84341413e+01  6.07397007e+01  5.84341413e+01  6.50896513e-02 
 6.30957344e+01  6.07396998e+01  6.30957344e+01  7.02821838e-02 
 6.81292069e+01  6.07396987e+01  6.81292069e+01  7.58889501e-02 
 7.35642254e+01  6.07396974e+01  7.35642254e+01  8.19429955e-02 
 7.94328235e+01  6.07396960e+01  7.94328235e+01  8.84800013e-02 
 8.57695899e+01  6.07396942e+01  8.57695899e+01  9.55384952e-02 
 9.26118728e+01  6.07396922e+01  9.26118728e+01  1.03160078e-01 
 1.00000000e+02  6.07396899e+01  1.00000000e+02  1.11389670e-01 
 1.07977516e+02  6.07396872e+01  1.07977516e+02  1.20275774e-01 
 1.16591440e+02  6.07396840e+01  1.16591440e+02  1.29870762e-01 
 1.25892541e+02  6.07396803e+01  1.25892541e+02  1.40231184e-01 
 1.35935639e+02  6.07396760e+01  1.35935639e+02  1.51418099e-01 
 1.46779927e+02  6.07396710e+01  1.46779927e+02  1.63497439e-01 
 1.58489319e+02  6.07396651e+01  1.58489319e+02  1.76540395e-01 
 1.71132830e+02  6.07396583e+01  1.71132830e+02  1.90623834e-01 
 1.84784980e+02  6.07396503e+01  1.84784980e+02  2.05830755e-01 
 1.99526231e+02  6.07396410e+01  1.99526231e+02  2.22250779e-01 
 2.15443469e+02  6.07396302e+01  2.15443469e+02  2.39980671e-01 
 2.32630507e+02  6.07396176e+01  2.32630507e+02  2.59124917e-01 
 2.51188643e+02  6.07396029e+01  2.51188643e+02  2.79796334e-01 
 2.71227258e+02  6.07395857e+01  2.71227258e+02  3.02116734e-01 
 2.92864456e+02  6.07395657e+01  2.92864456e+02  3.26217645e-01 
 3.16227766e+02  6.07395424e+01  3.16227766e+02  3.52241081e-01 
 3.41454887e+02  6.07395152e+01  3.41454887e+02  3.80340377e-01 
 3.68694506e+02  6.07394835e+01  3.68694506e+02  4.10681093e-01 
 3.98107171e+02  6.07394465e+01  3.98107171e+02  4.43441987e-01 
 4.29866235e+02  6.07394034e+01  4.29866235e+02  4.78816060e-01 
 4.64158883e+02  6.07393531e+01  4.64158883e+02  5.17011696e-01 
 5.01187234e+02  6.07392945e+01  5.01187234e+02  5.58253874e-01 
 5.41169527e+02  6.07392262e+01  5.41169527e+02  6.02785510e-01 
 5.84341413e+02  6.07391465e+01  5.84341413e+02  6.50868846e-01 
 6.30957344e+02  6.07390537e+01  6.30957344e+02  7.02787009e-01 
 6.81292069e+02  6.07389454e+01  6.81292069e+02  7.58845655e-01 
 7.35642254e+02  6.07388192e+01  7.35642254e+02  8.19374758e-01 
 7.94328235e+02  6.07386720e+01  7.94328235e+02  8.84730519e-01 
 8.57695899e+02  6.07385004e+01  8.57695899e+02  9.55297469e-01 
 9.26118728e+02  6.07383004e+01  9.26118728e+02  1.03149066e+00 
 1.00000000e+03  6.07380671e+01  1.00000000e+03  1.11375806e+00 
 1.07977516e+03  6.07377953e+01  1.07977516e+03  1.20258321e+00 
 1.16591440e+03  6.07374783e+01  1.16591440e+03  1.29848790e+00 
 1.25892541e+03  6.07371088e+01  1.25892541e+03  1.40203525e+00 
 1.35935639e+03  6.07366779e+01  1.35935639e+03  1.51383280e+00 
 1.46779927e+03  6.07361756e+01  1.46779927e+03  1.63453608e+00 
 1.58489319e+03  6.07355902e+01  1.58489319e+03  1.76485219e+00 
 1.71132830e+03  6.07349075e+01  1.71132830e+03  1.90554377e+00 
 1.84784980e+03  6.07341119e+01  1.84784980e+03  2.05743325e+00 
 1.99526231e+03  6.07331844e+01  1.99526231e+03  2.22140724e+00 
 2.15443469e+03  6.07321033e+01  2.15443469e+03  2.39842142e+00 
 2.32630507e+03  6.07308431e+01  2.32630507e+03  2.58950550e+00 
 2.51188643e+03  6.07293743e+01  2.51188643e+03  2.79576862e+00 
 2.71227258e+03  6.07276625e+01  2.71227258e+03  3.01840504e+00 
 2.92864456e+03  6.07256675e+01  2.92864456e+03  3.25869989e+00 
 3.16227766e+03  6.07233426e+01  3.16227766e+03  3.51803548e+00 
 3.41454887e+03  6.07206334e+01  3.41454887e+03  3.79789758e+00 
 3.68694506e+03  6.07174771e+01  3.68694506e+03  4.09988216e+00 
 3.98107171e+03  6.07137999e+01  3.98107171e+03  4.42570150e+00 
 4.29866235e+03  6.07095166e+01  4.29866235e+03  4.77719142e+00 
 4.64158883e+03  6.07045279e+01  4.64158883e+03  5.15631719e+00 
 5.01187234e+03  6.06987187e+01  5.01187234e+03  5.56517998e+00 
 5.41169527e+03  6.06919556e+01  5.41169527e+03  6.00602239e+00 
 5.84341413e+03  6.06840836e+01  5.84341413e+03  6.48123293e+00 
 6.30957344e+03  6.06749235e+01  6.30957344e+03  6.99334981e+00 
 6.81292069e+03  6.06642679e+01  6.81292069e+03  7.54506287e+00 
 7.35642254e+03  6.06518773e+01  7.35642254e+03  8.13921278e+00 
 7.94328235e+03  6.06374756e+01  7.94328235e+03  8.77878851e+00 
 8.57695899e+03  6.06207444e+01  8.57695899e+03  9.46691927e+00 
 9.26118728e+03  6.06013182e+01  9.26118728e+03  1.02068639e+01 
 1.00000000e+04  6.05787782e+01  1.00000000e+04  1.10019928e+01 
 1.07977516e+04  6.05526452e+01  1.07977516e+04  1.18557627e+01 
 1.16591440e+04  6.05223738e+01  1.16591440e+04  1.27716844e+01 
 1.25892541e+04  6.04873440e+01  1.25892541e+04  1.37532771e+01 
 1.35935639e+04  6.04468561e+01  1.35935639e+04  1.48040155e+01 
 1.46779927e+04  6.04001223e+01  1.46779927e+04  1.59272570e+01 
 1.58489319e+04  6.03462621e+01  1.58489319e+04  1.71261600e+01 
 1.71132830e+04  6.02842976e+01  1.71132830e+04  1.84035821e+01 
 1.84784980e+04  6.02131512e+01  1.84784980e+04  1.97619629e+01 
 1.99526231e+04  6.01316461e+01  1.99526231e+04  2.12031916e+01 
 2.15443469e+04  6.00385100e+01  2.15443469e+04  2.27284589e+01 
 2.32630507e+04  5.99323844e+01  2.32630507e+04  2.43381009e+01 
 2.51188643e+04  5.98118391e+01  2.51188643e+04  2.60314397e+01 
 2.71227258e+04  5.96753922e+01  2.71227258e+04  2.78066254e+01 
 2.92864456e+04  5.95215374e+01  2.92864456e+04  2.96604983e+01 
 3.16227766e+04  5.93487779e+01  3.16227766e+04  3.15884772e+01 
 3.41454887e+04  5.91556662e+01  3.41454887e+04  3.35844923e+01 
 3.68694506e+04  5.89408480e+01  3.68694506e+04  3.56409726e+01 
 3.98107171e+04  5.87031086e+01  3.98107171e+04  3.77489024e+01 
 4.29866235e+04  5.84414194e+01  4.29866235e+04  3.98979550e+01 
 4.64158883e+04  5.81549789e+01  4.64158883e+04  4.20766984e+01 
 5.01187234e+04  5.78432481e+01  5.01187234e+04  4.42728713e+01 
 5.41169527e+04  5.75059747e+01  5.41169527e+04  4.64737180e+01 
 5.84341413e+04  5.71432044e+01  5.84341413e+04  4.86663543e+01 
 6.30957344e+04  5.67552791e+01  6.30957344e+04  5.08381402e+01 
 6.81292069e+04  5.63428212e+01  6.81292069e+04  5.29770439e+01 
 7.35642254e+04  5.59067052e+01  7.35642254e+04  5.50719520e+01 
 7.94328235e+04  5.54480214e+01  7.94328235e+04  5.71129328e+01 
 8.57695899e+04  5.49680318e+01  8.57695899e+04  5.90914189e+01 
 9.26118728e+04  5.44681233e+01  9.26118728e+04  6.10003116e+01 
 1.00000000e+05  5.39497625e+01  1.00000000e+05  6.28340216e+01 
 1.07977516e+05  5.34144520e+01  1.07977516e+05  6.45884356e+01 
 1.16591440e+05  5.28636931e+01  1.16591440e+05  6.62608344e+01 
 1.25892541e+05  5.22989531e+01  1.25892541e+05  6.78497721e+01 
 1.35935639e+05  5.17216407e+01  1.35935639e+05  6.93549271e+01 
 1.46779927e+05  5.11330876e+01  1.46779927e+05  7.07769513e+01 
 1.58489319e+05  5.05345356e+01  1.58489319e+05  7.21173044e+01 
 1.71132830e+05  4.99271291e+01  1.71132830e+05  7.33781004e+01 
 1.84784980e+05  4.93119128e+01  1.84784980e+05  7.45619675e+01 
 1.99526231e+05  4.86898313e+01  1.99526231e+05  7.56719163e+01 
 2.15443469e+05  4.80617328e+01  2.15443469e+05  7.67112317e+01 
 2.32630507e+05  4.74283734e+01  2.32630507e+05  7.76833745e+01 
 2.51188643e+05  4.67904233e+01  2.51188643e+05  7.85919039e+01 
 2.71227258e+05  4.61484736e+01  2.71227258e+05  7.94404132e+01 
 2.92864456e+05  4.55030425e+01  2.92864456e+05  8.02324760e+01 
 3.16227766e+05  4.48545828e+01  3.16227766e+05  8.09716084e+01 
 3.41454887e+05  4.42034882e+01  3.41454887e+05  8.16612374e+01 
 3.68694506e+05  4.35500994e+01  3.68694506e+05  8.23046803e+01 
 3.98107171e+05  4.28947099e+01  3.98107171e+05  8.29051278e+01 
 4.29866235e+05  4.22375712e+01  4.29866235e+05  8.34656358e+01 
 4.64158883e+05  4.15788973e+01  4.64158883e+05  8.39891184e+01 
 5.01187234e+05  4.09188688e+01  5.01187234e+05  8.44783478e+01 
 5.41169527e+05  4.02576364e+01  5.41169527e+05  8.49359542e+01 
 5.84341413e+05  3.95953241e+01  5.84341413e+05  8.53644287e+01 
 6.30957344e+05  3.89320315e+01  6.30957344e+05  8.57661276e+01 
 6.81292069e+05  3.82678360e+01  6.81292069e+05  8.61432780e+01 
 7.35642254e+05  3.76027942e+01  7.35642254e+05  8.64979825e+01 
 7.94328235e+05  3.69369435e+01  7.94328235e+05  8.68322270e+01 
 8.57695899e+05  3.62703024e+01  8.57695899e+05  8.71478861e+01 
 9.26118728e+05  3.56028713e+01  9.26118728e+05  8.74467290e+01 
 1.00000000e+06  3.49346320e+01  1.00000000e+06  8.77304253e+01 
 1.07977516e+06  3.42655479e+01  1.07977516e+06  8.80005511e+01 
 1.16591440e+06  3.35955624e+01  1.16591440e+06  8.82585910e+01 
 1.25892541e+06  3.29245985e+01  1.25892541e+06  8.85059435e+01 
 1.35935639e+06  3.22525563e+01  1.35935639e+06  8.87439216e+01 
 1.46779927e+06  3.15793113e+01  1.46779927e+06  8.89737533e+01 
 1.58489319e+06  3.09047114e+01  1.58489319e+06  8.91965797e+01 
 1.71132830e+06  3.02285737e+01  1.71132830e+06  8.94134511e+01 
 1.84784980e+06  2.95506809e+01  1.84784980e+06  8.96253196e+01 
 1.99526231e+06  2.88707761e+01  1.99526231e+06  8.98330276e+01 
 2.15443469e+06  2.81885578e+01  2.15443469e+06  9.00372931e+01 
 2.32630507e+06  2.75036742e+01  2.32630507e+06  9.02386885e+01 
 2.51188643e+06  2.68157153e+01  2.51188643e+06  9.04376122e+01 
 2.71227258e+06  2.61242058e+01  2.71227258e+06  9.06342527e+01 
 2.92864456e+06  2.54285960e+01  2.92864456e+06  9.08285434e+01 
 3.16227766e+06  2.47282518e+01  3.16227766e+06  9.10201024e+01 
 3.41454887e+06  2.40224439e+01  3.41454887e+06  9.12081603e+01 
 3.68694506e+06  2.33103359e+01  3.68694506e+06  9.13914693e+01 
 3.98107171e+06  2.25909719e+01  3.98107171e+06  9.15681899e+01 
 4.29866235e+06  2.18632625e+01  4.29866235e+06  9.17357544e+01 
 4.64158883e+06  2.11259706e+01  4.64158883e+06  9.18906976e+01 
 5.01187234e+06  2.03776970e+01  5.01187234e+06  9.20284554e+01 
 5.41169527e+06  1.96168659e+01  5.41169527e+06  9.21431193e+01 
 5.84341413e+06  1.88417099e+01  5.84341413e+06  9.22271424e+01 
 6.30957344e+06  1.80502567e+01  6.30957344e+06  9.22709882e+01 
 6.81292069e+06  1.72403154e+01  6.81292069e+06  9.22627059e+01 
 7.35642254e+06  1.64094647e+01  7.35642254e+06  9.21874214e+01 
 7.94328235e+06  1.55550426e+01  7.94328235e+06  9.20267130e+01 
 8.57695899e+06  1.46741363e+01  8.57695899e+06  9.17578392e+01 
 9.26118728e+06  1.37635760e+01  9.26118728e+06  9.13527551e+01 
 1.00000000e+07  1.28199325e+01  1.00000000e+07  9.07768303e+01 
 1.07977516e+07  1.18395255e+01  1.07977516e+07  8.99871210e+01 
 1.16591440e+07  1.08184584e+01  1.16591440e+07  8.89299784e+01 
 1.25892541e+07  9.75271073e+00  1.25892541e+07  8.75376586e+01 
 1.35935639e+07  8.63835752e+00  1.35935639e+07  8.57234495e+01 
 1.46779927e+07  7.47206083e+00  1.46779927e+07  8.33746714e+01 
 1.58489319e+07  6.25212019e+00  1.58489319e+07  8.03428387e+01 
 1.71132830e+07  4.98065077e+00  1.71132830e+07  7.64307442e+01 
 1.84784980e+07  3.66793506e+00  1.84784980e+07  7.13784595e+01 
 1.99526231e+07  2.34060572e+00  1.99526231e+07  6.48575377e+01 
 2.15443469e+07  1.05518247e+00  2.15443469e+07  5.65012982e+01 
 2.32630507e+07 -8.58436012e-02  2.32630507e+07  4.60308140e+01 
 2.51188643e+07 -9.32942002e-01  2.51188643e+07  3.35355080e+01 
 2.71227258e+07 -1.33749226e+00  2.71227258e+07  1.97869955e+01 
 2.92864456e+07 -1.24528512e+00  2.92864456e+07  6.14110632e+00 
 3.16227766e+07 -7.39179700e-01  3.16227766e+07 -6.14502342e+00 
 3.41454887e+07  2.74566262e-02  3.41454887e+07 -1.64835723e+01 
 3.68694506e+07  9.18387996e-01  3.68694506e+07 -2.49027476e+01 
 3.98107171e+07  1.84702991e+00  3.98107171e+07 -3.17102594e+01 
 4.29866235e+07  2.76855864e+00  4.29866235e+07 -3.72532470e+01 
 4.64158883e+07  3.66355709e+00  4.64158883e+07 -4.18246717e+01 
 5.01187234e+07  4.52584176e+00  5.01187234e+07 -4.56472855e+01 
 5.41169527e+07  5.35542632e+00  5.41169527e+07 -4.88839378e+01 
 5.84341413e+07  6.15486950e+00  5.84341413e+07 -5.16525094e+01 
 6.30957344e+07  6.92749568e+00  6.30957344e+07 -5.40388100e+01 
 6.81292069e+07  7.67658219e+00  6.81292069e+07 -5.61062780e+01 
 7.35642254e+07  8.40503266e+00  7.35642254e+07 -5.79029235e+01 
 7.94328235e+07  9.11529145e+00  7.94328235e+07 -5.94662047e+01 
 8.57695899e+07  9.80937781e+00  8.57695899e+07 -6.08264230e+01 
 9.26118728e+07  1.04889791e+01  9.26118728e+07 -6.20090444e+01 
 1.00000000e+08  1.11555721e+01  1.00000000e+08 -6.30362166e+01 
 1.07977516e+08  1.18105510e+01  1.07977516e+08 -6.39276376e+01 
 1.16591440e+08  1.24553462e+01  1.16591440e+08 -6.47008840e+01 
 1.25892541e+08  1.30915151e+01  1.25892541e+08 -6.53712891e+01 
 1.35935639e+08  1.37207861e+01  1.35935639e+08 -6.59514855e+01 
 1.46779927e+08  1.43450424e+01  1.46779927e+08 -6.64507734e+01 
 1.58489319e+08  1.49662385e+01  1.58489319e+08 -6.68745175e+01 
 1.71132830e+08  1.55862614e+01  1.71132830e+08 -6.72237843e+01 
 1.84784980e+08  1.62067564e+01  1.84784980e+08 -6.74953858e+01 
 1.99526231e+08  1.68289555e+01  1.99526231e+08 -6.76823996e+01 
 2.15443469e+08  1.74535399e+01  2.15443469e+08 -6.77751124e+01 
 2.32630507e+08  1.80805627e+01  2.32630507e+08 -6.77622300e+01 
 2.51188643e+08  1.87094406e+01  2.51188643e+08 -6.76321491e+01 
 2.71227258e+08  1.93390076e+01  2.71227258e+08 -6.73740970e+01 
 2.92864456e+08  1.99676115e+01  2.92864456e+08 -6.69790129e+01 
 3.16227766e+08  2.05932323e+01  3.16227766e+08 -6.64401181e+01 
 3.41454887e+08  2.12136018e+01  3.41454887e+08 -6.57531980e+01 
 3.68694506e+08  2.18263113e+01  3.68694506e+08 -6.49166561e+01 
 3.98107171e+08  2.24289007e+01  3.98107171e+08 -6.39314178e+01 
 4.29866235e+08  2.30189277e+01  4.29866235e+08 -6.28007543e+01 
 4.64158883e+08  2.35940198e+01  4.64158883e+08 -6.15300808e+01 
 5.01187234e+08  2.41519136e+01  5.01187234e+08 -6.01267625e+01 
 5.41169527e+08  2.46904867e+01  5.41169527e+08 -5.85999421e+01 
 5.84341413e+08  2.52077852e+01  5.84341413e+08 -5.69603899e+01 
 6.30957344e+08  2.57020516e+01  6.30957344e+08 -5.52203638e+01 
 6.81292069e+08  2.61717530e+01  6.81292069e+08 -5.33934634e+01 
 7.35642254e+08  2.66156113e+01  7.35642254e+08 -5.14944583e+01 
 7.94328235e+08  2.70326317e+01  7.94328235e+08 -4.95390762e+01 
 8.57695899e+08  2.74221291e+01  8.57695899e+08 -4.75437390e+01 
 9.26118728e+08  2.77837478e+01  9.26118728e+08 -4.55252502e+01 
 1.00000000e+09  2.81174706e+01  1.00000000e+09 -4.35004401e+01 
