 1.00000000e+00  6.36465174e+01  1.00000000e+00  1.56150357e-03 
 1.07977516e+00  6.36465174e+01  1.07977516e+00  1.68607277e-03 
 1.16591440e+00  6.36465174e+01  1.16591440e+00  1.82057950e-03 
 1.25892541e+00  6.36465174e+01  1.25892541e+00  1.96581652e-03 
 1.35935639e+00  6.36465174e+01  1.35935639e+00  2.12263985e-03 
 1.46779927e+00  6.36465174e+01  1.46779927e+00  2.29197379e-03 
 1.58489319e+00  6.36465174e+01  1.58489319e+00  2.47481637e-03 
 1.71132830e+00  6.36465174e+01  1.71132830e+00  2.67224525e-03 
 1.84784980e+00  6.36465174e+01  1.84784980e+00  2.88542405e-03 
 1.99526231e+00  6.36465174e+01  1.99526231e+00  3.11560922e-03 
 2.15443469e+00  6.36465174e+01  2.15443469e+00  3.36415745e-03 
 2.32630507e+00  6.36465174e+01  2.32630507e+00  3.63253366e-03 
 2.51188643e+00  6.36465174e+01  2.51188643e+00  3.92231962e-03 
 2.71227258e+00  6.36465174e+01  2.71227258e+00  4.23522330e-03 
 2.92864456e+00  6.36465174e+01  2.92864456e+00  4.57308893e-03 
 3.16227766e+00  6.36465174e+01  3.16227766e+00  4.93790784e-03 
 3.41454887e+00  6.36465174e+01  3.41454887e+00  5.33183023e-03 
 3.68694506e+00  6.36465174e+01  3.68694506e+00  5.75717785e-03 
 3.98107171e+00  6.36465174e+01  3.98107171e+00  6.21645765e-03 
 4.29866235e+00  6.36465174e+01  4.29866235e+00  6.71237656e-03 
 4.64158883e+00  6.36465174e+01  4.64158883e+00  7.24785749e-03 
 5.01187234e+00  6.36465173e+01  5.01187234e+00  7.82605649e-03 
 5.41169527e+00  6.36465173e+01  5.41169527e+00  8.45038141e-03 
 5.84341413e+00  6.36465173e+01  5.84341413e+00  9.12451194e-03 
 6.30957344e+00  6.36465173e+01  6.30957344e+00  9.85242135e-03 
 6.81292069e+00  6.36465173e+01  6.81292069e+00  1.06383998e-02 
 7.35642254e+00  6.36465173e+01  7.35642254e+00  1.14870799e-02 
 7.94328235e+00  6.36465172e+01  7.94328235e+00  1.24034635e-02 
 8.57695899e+00  6.36465172e+01  8.57695899e+00  1.33929518e-02 
 9.26118728e+00  6.36465171e+01  9.26118728e+00  1.44613767e-02 
 1.00000000e+01  6.36465171e+01  1.00000000e+01  1.56150353e-02 
 1.07977516e+01  6.36465171e+01  1.07977516e+01  1.68607272e-02 
 1.16591440e+01  6.36465170e+01  1.16591440e+01  1.82057944e-02 
 1.25892541e+01  6.36465169e+01  1.25892541e+01  1.96581645e-02 
 1.35935639e+01  6.36465168e+01  1.35935639e+01  2.12263976e-02 
 1.46779927e+01  6.36465167e+01  1.46779927e+01  2.29197367e-02 
 1.58489319e+01  6.36465166e+01  1.58489319e+01  2.47481622e-02 
 1.71132830e+01  6.36465165e+01  1.71132830e+01  2.67224506e-02 
 1.84784980e+01  6.36465163e+01  1.84784980e+01  2.88542381e-02 
 1.99526231e+01  6.36465161e+01  1.99526231e+01  3.11560892e-02 
 2.15443469e+01  6.36465159e+01  2.15443469e+01  3.36415707e-02 
 2.32630507e+01  6.36465157e+01  2.32630507e+01  3.63253318e-02 
 2.51188643e+01  6.36465154e+01  2.51188643e+01  3.92231901e-02 
 2.71227258e+01  6.36465151e+01  2.71227258e+01  4.23522254e-02 
 2.92864456e+01  6.36465147e+01  2.92864456e+01  4.57308797e-02 
 3.16227766e+01  6.36465142e+01  3.16227766e+01  4.93790663e-02 
 3.41454887e+01  6.36465137e+01  3.41454887e+01  5.33182871e-02 
 3.68694506e+01  6.36465130e+01  3.68694506e+01  5.75717594e-02 
 3.98107171e+01  6.36465123e+01  3.98107171e+01  6.21645524e-02 
 4.29866235e+01  6.36465115e+01  4.29866235e+01  6.71237353e-02 
 4.64158883e+01  6.36465105e+01  4.64158883e+01  7.24785367e-02 
 5.01187234e+01  6.36465093e+01  5.01187234e+01  7.82605168e-02 
 5.41169527e+01  6.36465080e+01  5.41169527e+01  8.45037535e-02 
 5.84341413e+01  6.36465064e+01  5.84341413e+01  9.12450432e-02 
 6.30957344e+01  6.36465046e+01  6.30957344e+01  9.85241175e-02 
 6.81292069e+01  6.36465025e+01  6.81292069e+01  1.06383878e-01 
 7.35642254e+01  6.36465000e+01  7.35642254e+01  1.14870647e-01 
 7.94328235e+01  6.36464971e+01  7.94328235e+01  1.24034444e-01 
 8.57695899e+01  6.36464937e+01  8.57695899e+01  1.33929277e-01 
 9.26118728e+01  6.36464898e+01  9.26118728e+01  1.44613463e-01 
 1.00000000e+02  6.36464852e+01  1.00000000e+02  1.56149971e-01 
 1.07977516e+02  6.36464799e+01  1.07977516e+02  1.68606791e-01 
 1.16591440e+02  6.36464736e+01  1.16591440e+02  1.82057338e-01 
 1.25892541e+02  6.36464664e+01  1.25892541e+02  1.96580882e-01 
 1.35935639e+02  6.36464579e+01  1.35935639e+02  2.12263016e-01 
 1.46779927e+02  6.36464480e+01  1.46779927e+02  2.29196159e-01 
 1.58489319e+02  6.36464365e+01  1.58489319e+02  2.47480101e-01 
 1.71132830e+02  6.36464231e+01  1.71132830e+02  2.67222591e-01 
 1.84784980e+02  6.36464074e+01  1.84784980e+02  2.88539970e-01 
 1.99526231e+02  6.36463892e+01  1.99526231e+02  3.11557857e-01 
 2.15443469e+02  6.36463679e+01  2.15443469e+02  3.36411886e-01 
 2.32630507e+02  6.36463431e+01  2.32630507e+02  3.63248508e-01 
 2.51188643e+02  6.36463141e+01  2.51188643e+02  3.92225846e-01 
 2.71227258e+02  6.36462804e+01  2.71227258e+02  4.23514630e-01 
 2.92864456e+02  6.36462411e+01  2.92864456e+02  4.57299199e-01 
 3.16227766e+02  6.36461952e+01  3.16227766e+02  4.93778581e-01 
 3.41454887e+02  6.36461418e+01  3.41454887e+02  5.33167661e-01 
 3.68694506e+02  6.36460794e+01  3.68694506e+02  5.75698445e-01 
 3.98107171e+02  6.36460068e+01  3.98107171e+02  6.21621417e-01 
 4.29866235e+02  6.36459221e+01  4.29866235e+02  6.71207004e-01 
 4.64158883e+02  6.36458233e+01  4.64158883e+02  7.24747161e-01 
 5.01187234e+02  6.36457081e+01  5.01187234e+02  7.82557070e-01 
 5.41169527e+02  6.36455739e+01  5.41169527e+02  8.44976985e-01 
 5.84341413e+02  6.36454173e+01  5.84341413e+02  9.12374206e-01 
 6.30957344e+02  6.36452349e+01  6.30957344e+02  9.85145214e-01 
 6.81292069e+02  6.36450221e+01  6.81292069e+02  1.06371797e+00 
 7.35642254e+02  6.36447741e+01  7.35642254e+02  1.14855439e+00 
 7.94328235e+02  6.36444849e+01  7.94328235e+02  1.24015299e+00 
 8.57695899e+02  6.36441477e+01  8.57695899e+02  1.33905176e+00 
 9.26118728e+02  6.36437547e+01  9.26118728e+02  1.44583124e+00 
 1.00000000e+03  6.36432965e+01  1.00000000e+03  1.56111779e+00 
 1.07977516e+03  6.36427623e+01  1.07977516e+03  1.68558713e+00 
 1.16591440e+03  6.36421396e+01  1.16591440e+03  1.81996817e+00 
 1.25892541e+03  6.36414137e+01  1.25892541e+03  1.96504698e+00 
 1.35935639e+03  6.36405675e+01  1.35935639e+03  2.12167117e+00 
 1.46779927e+03  6.36395811e+01  1.46779927e+03  2.29075446e+00 
 1.58489319e+03  6.36384313e+01  1.58489319e+03  2.47328158e+00 
 1.71132830e+03  6.36370912e+01  1.71132830e+03  2.67031342e+00 
 1.84784980e+03  6.36355292e+01  1.84784980e+03  2.88299254e+00 
 1.99526231e+03  6.36337088e+01  1.99526231e+03  3.11254890e+00 
 2.15443469e+03  6.36315873e+01  2.15443469e+03  3.36030586e+00 
 2.32630507e+03  6.36291152e+01  2.32630507e+03  3.62768648e+00 
 2.51188643e+03  6.36262346e+01  2.51188643e+03  3.91621981e+00 
 2.71227258e+03  6.36228785e+01  2.71227258e+03  4.22754765e+00 
 2.92864456e+03  6.36189689e+01  2.92864456e+03  4.56343111e+00 
 3.16227766e+03  6.36144151e+01  3.16227766e+03  4.92575701e+00 
 3.41454887e+03  6.36091117e+01  3.41454887e+03  5.31654444e+00 
 3.68694506e+03  6.36029363e+01  3.68694506e+03  5.73795047e+00 
 3.98107171e+03  6.35957478e+01  3.98107171e+03  6.19227593e+00 
 4.29866235e+03  6.35873816e+01  4.29866235e+03  6.68196888e+00 
 4.64158883e+03  6.35776474e+01  4.64158883e+03  7.20962795e+00 
 5.01187234e+03  6.35663258e+01  5.01187234e+03  7.77800389e+00 
 5.41169527e+03  6.35531629e+01  5.41169527e+03  8.38999701e+00 
 5.84341413e+03  6.35378662e+01  5.84341413e+03  9.04865351e+00 
 6.30957344e+03  6.35200995e+01  6.30957344e+03  9.75715661e+00 
 6.81292069e+03  6.34994761e+01  6.81292069e+03  1.05188114e+01 
 7.35642254e+03  6.34755542e+01  7.35642254e+03  1.13370268e+01 
 7.94328235e+03  6.34478287e+01  7.94328235e+03  1.22152854e+01 
 8.57695899e+03  6.34157249e+01  8.57695899e+03  1.31571067e+01 
 9.26118728e+03  6.33785921e+01  9.26118728e+03  1.41659997e+01 
 1.00000000e+04  6.33356954e+01  1.00000000e+04  1.52454000e+01 
 1.07977516e+04  6.32862107e+01  1.07977516e+04  1.63985961e+01 
 1.16591440e+04  6.32292185e+01  1.16591440e+04  1.76286377e+01 
 1.25892541e+04  6.31637015e+01  1.25892541e+04  1.89382301e+01 
 1.35935639e+04  6.30885418e+01  1.35935639e+04  2.03296074e+01 
 1.46779927e+04  6.30025233e+01  1.46779927e+04  2.18043961e+01 
 1.58489319e+04  6.29043380e+01  1.58489319e+04  2.33634622e+01 
 1.71132830e+04  6.27925966e+01  1.71132830e+04  2.50067533e+01 
 1.84784980e+04  6.26658452e+01  1.84784980e+04  2.67331382e+01 
 1.99526231e+04  6.25225883e+01  1.99526231e+04  2.85402547e+01 
 2.15443469e+04  6.23613196e+01  2.15443469e+04  3.04243852e+01 
 2.32630507e+04  6.21805564e+01  2.32630507e+04  3.23803518e+01 
 2.51188643e+04  6.19788836e+01  2.51188643e+04  3.44014801e+01 
 2.71227258e+04  6.17549971e+01  2.71227258e+04  3.64796061e+01 
 2.92864456e+04  6.15077521e+01  2.92864456e+04  3.86051685e+01 
 3.16227766e+04  6.12362060e+01  3.16227766e+04  4.07673632e+01 
 3.41454887e+04  6.09396597e+01  3.41454887e+04  4.29543897e+01 
 3.68694506e+04  6.06176868e+01  3.68694506e+04  4.51537432e+01 
 3.98107171e+04  6.02701543e+01  3.98107171e+04  4.73525694e+01 
 4.29866235e+04  5.98972281e+01  4.29866235e+04  4.95380373e+01 
 4.64158883e+04  5.94993655e+01  4.64158883e+04  5.16977073e+01 
 5.01187234e+04  5.90772942e+01  5.01187234e+04  5.38198802e+01 
 5.41169527e+04  5.86319806e+01  5.41169527e+04  5.58938876e+01 
 5.84341413e+04  5.81645893e+01  5.84341413e+04  5.79103254e+01 
 6.30957344e+04  5.76764386e+01  6.30957344e+04  5.98612058e+01 
 6.81292069e+04  5.71689532e+01  6.81292069e+04  6.17400345e+01 
 7.35642254e+04  5.66436193e+01  7.35642254e+04  6.35418183e+01 
 7.94328235e+04  5.61019436e+01  7.94328235e+04  6.52630131e+01 
 8.57695899e+04  5.55454175e+01  8.57695899e+04  6.69014243e+01 
 9.26118728e+04  5.49754882e+01  9.26118728e+04  6.84560732e+01 
 1.00000000e+05  5.43935359e+01  1.00000000e+05  6.99270462e+01 
 1.07977516e+05  5.38008580e+01  1.07977516e+05  7.13153337e+01 
 1.16591440e+05  5.31986588e+01  1.16591440e+05  7.26226729e+01 
 1.25892541e+05  5.25880435e+01  1.25892541e+05  7.38513948e+01 
 1.35935639e+05  5.19700179e+01  1.35935639e+05  7.50042938e+01 
 1.46779927e+05  5.13454883e+01  1.46779927e+05  7.60844942e+01 
 1.58489319e+05  5.07152670e+01  1.58489319e+05  7.70953586e+01 
 1.71132830e+05  5.00800767e+01  1.71132830e+05  7.80403902e+01 
 1.84784980e+05  4.94405570e+01  1.84784980e+05  7.89231635e+01 
 1.99526231e+05  4.87972714e+01  1.99526231e+05  7.97472620e+01 
 2.15443469e+05  4.81507138e+01  2.15443469e+05  8.05162338e+01 
 2.32630507e+05  4.75013159e+01  2.32630507e+05  8.12335561e+01 
 2.51188643e+05  4.68494532e+01  2.51188643e+05  8.19026047e+01 
 2.71227258e+05  4.61954514e+01  2.71227258e+05  8.25266411e+01 
 2.92864456e+05  4.55395918e+01  2.92864456e+05  8.31087943e+01 
 3.16227766e+05  4.48821163e+01  3.16227766e+05  8.36520533e+01 
 3.41454887e+05  4.42232323e+01  3.41454887e+05  8.41592689e+01 
 3.68694506e+05  4.35631163e+01  3.68694506e+05  8.46331472e+01 
 3.98107171e+05  4.29019176e+01  3.98107171e+05  8.50762527e+01 
 4.29866235e+05  4.22397615e+01  4.29866235e+05  8.54910138e+01 
 4.64158883e+05  4.15767516e+01  4.64158883e+05  8.58797268e+01 
 5.01187234e+05  4.09129721e+01  5.01187234e+05  8.62445624e+01 
 5.41169527e+05  4.02484897e+01  5.41169527e+05  8.65875707e+01 
 5.84341413e+05  3.95833549e+01  5.84341413e+05  8.69106896e+01 
 6.30957344e+05  3.89176029e+01  6.30957344e+05  8.72157515e+01 
 6.81292069e+05  3.82512552e+01  6.81292069e+05  8.75044908e+01 
 7.35642254e+05  3.75843187e+01  7.35642254e+05  8.77785491e+01 
 7.94328235e+05  3.69167871e+01  7.94328235e+05  8.80394835e+01 
 8.57695899e+05  3.62486401e+01  8.57695899e+05  8.82887723e+01 
 9.26118728e+05  3.55798431e+01  9.26118728e+05  8.85278210e+01 
 1.00000000e+06  3.49103462e+01  1.00000000e+06  8.87579648e+01 
 1.07977516e+06  3.42400834e+01  1.07977516e+06  8.89804757e+01 
 1.16591440e+06  3.35689710e+01  1.16591440e+06  8.91965644e+01 
 1.25892541e+06  3.28969055e+01  1.25892541e+06  8.94073813e+01 
 1.35935639e+06  3.22237618e+01  1.35935639e+06  8.96140184e+01 
 1.46779927e+06  3.15493900e+01  1.46779927e+06  8.98175073e+01 
 1.58489319e+06  3.08736121e+01  1.58489319e+06  9.00188148e+01 
 1.71132830e+06  3.01962186e+01  1.71132830e+06  9.02188384e+01 
 1.84784980e+06  2.95169637e+01  1.84784980e+06  9.04183958e+01 
 1.99526231e+06  2.88355604e+01  1.99526231e+06  9.06182117e+01 
 2.15443469e+06  2.81516744e+01  2.15443469e+06  9.08189001e+01 
 2.32630507e+06  2.74649175e+01  2.32630507e+06  9.10209395e+01 
 2.51188643e+06  2.67748402e+01  2.51188643e+06  9.12246423e+01 
 2.71227258e+06  2.60809231e+01  2.71227258e+06  9.14301135e+01 
 2.92864456e+06  2.53825672e+01  2.92864456e+06  9.16371999e+01 
 3.16227766e+06  2.46790842e+01  3.16227766e+06  9.18454270e+01 
 3.41454887e+06  2.39696843e+01  3.41454887e+06  9.20539184e+01 
 3.68694506e+06  2.32534644e+01  3.68694506e+06  9.22612982e+01 
 3.98107171e+06  2.25293946e+01  3.98107171e+06  9.24655707e+01 
 4.29866235e+06  2.17963047e+01  4.29866235e+06  9.26639750e+01 
 4.64158883e+06  2.10528697e+01  4.64158883e+06  9.28528089e+01 
 5.01187234e+06  2.02975946e+01  5.01187234e+06  9.30272178e+01 
 5.41169527e+06  1.95288004e+01  5.41169527e+06  9.31809431e+01 
 5.84341413e+06  1.87446089e+01  5.84341413e+06  9.33060238e+01 
 6.30957344e+06  1.79429280e+01  6.30957344e+06  9.33924412e+01 
 6.81292069e+06  1.71214377e+01  6.81292069e+06  9.34276965e+01 
 7.35642254e+06  1.62775746e+01  7.35642254e+06  9.33963046e+01 
 7.94328235e+06  1.54085163e+01  7.94328235e+06  9.32791758e+01 
 8.57695899e+06  1.45111624e+01  8.57695899e+06  9.30528465e+01 
 9.26118728e+06  1.35821132e+01  9.26118728e+06  9.26884883e+01 
 1.00000000e+07  1.26176443e+01  1.00000000e+07  9.21505903e+01 
 1.07977516e+07  1.16136803e+01  1.07977516e+07  9.13951371e+01 
 1.16591440e+07  1.05657804e+01  1.16591440e+07  9.03670088e+01 
 1.25892541e+07  9.46916247e+00  1.25892541e+07  8.89961729e+01 
 1.35935639e+07  8.31883725e+00  1.35935639e+07  8.71920062e+01 
 1.46779927e+07  7.11000425e+00  1.46779927e+07  8.48347910e+01 
 1.58489319e+07  5.83904343e+00  1.58489319e+07  8.17631334e+01 
 1.71132830e+07  4.50580613e+00  1.71132830e+07  7.77562068e+01 
 1.84784980e+07  3.11862713e+00  1.84784980e+07  7.25118670e+01 
 1.99526231e+07  1.70461446e+00  1.99526231e+07  6.56306570e+01 
 2.15443469e+07  3.28320529e-01  2.15443469e+07  5.66429663e+01 
 2.32630507e+07 -8.83642822e-01  2.32630507e+07  4.51725624e+01 
 2.51188643e+07 -1.73886854e+00  2.51188643e+07  3.13459456e+01 
 2.71227258e+07 -2.05365678e+00  2.71227258e+07  1.62498639e+01 
 2.92864456e+07 -1.79160855e+00  2.92864456e+07  1.67861334e+00 
 3.16227766e+07 -1.09622494e+00  3.16227766e+07 -1.09440512e+01 
 3.41454887e+07 -1.67474852e-01  3.41454887e+07 -2.11839329e+01 
 3.68694506e+07  8.45703857e-01  3.68694506e+07 -2.92908459e+01 
 3.98107171e+07  1.86238678e+00  3.98107171e+07 -3.57184788e+01 
 4.29866235e+07  2.84721469e+00  4.29866235e+07 -4.08828570e+01 
 4.64158883e+07  3.78859955e+00  4.64158883e+07 -4.51020586e+01 
 5.01187234e+07  4.68576064e+00  5.01187234e+07 -4.86042790e+01 
 5.41169527e+07  5.54220117e+00  5.41169527e+07 -5.15503363e+01 
 5.84341413e+07  6.36267943e+00  5.84341413e+07 -5.40539352e+01 
 6.30957344e+07  7.15189466e+00  6.30957344e+07 -5.61966769e+01 
 6.81292069e+07  7.91398086e+00  6.81292069e+07 -5.80385022e+01 
 7.35642254e+07  8.65237549e+00  7.35642254e+07 -5.96248334e+01 
 7.94328235e+07  9.36986047e+00  7.94328235e+07 -6.09914472e+01 
 8.57695899e+07  1.00686831e+01  8.57695899e+07 -6.21677939e+01 
 9.26118728e+07  1.07507130e+01  9.26118728e+07 -6.31792057e+01 
 1.00000000e+08  1.14176134e+01  1.00000000e+08 -6.40482586e+01 
 1.07977516e+08  1.20710071e+01  1.07977516e+08 -6.47954330e+01 
 1.16591440e+08  1.27126199e+01  1.16591440e+08 -6.54391762e+01 
 1.25892541e+08  1.33443759e+01  1.25892541e+08 -6.59954755e+01 
 1.35935639e+08  1.39684265e+01  1.35935639e+08 -6.64771077e+01 
 1.46779927e+08  1.45870961e+01  1.46779927e+08 -6.68927913e+01 
 1.58489319e+08  1.52027486e+01  1.58489319e+08 -6.72465146e+01 
 1.71132830e+08  1.58175950e+01  1.71132830e+08 -6.75372834e+01 
 1.84784980e+08  1.64334829e+01  1.84784980e+08 -6.77594388e+01 
 1.99526231e+08  1.70517108e+01  1.99526231e+08 -6.79035393e+01 
 2.15443469e+08  1.76729050e+01  2.15443469e+08 -6.79576561e+01 
 2.32630507e+08  1.82969785e+01  2.32630507e+08 -6.79088357e+01 
 2.51188643e+08  1.89231681e+01  2.51188643e+08 -6.77444774e+01 
 2.71227258e+08  1.95501311e+01  2.71227258e+08 -6.74534372e+01 
 2.92864456e+08  2.01760742e+01  2.92864456e+08 -6.70267707e+01 
 3.16227766e+08  2.07988890e+01  3.16227766e+08 -6.64581188e+01 
 3.41454887e+08  2.14162754e+01  3.41454887e+08 -6.57438055e+01 
 3.68694506e+08  2.20258431e+01  3.68694506e+08 -6.48827416e+01 
 3.98107171e+08  2.26251882e+01  3.98107171e+08 -6.38762242e+01 
 4.29866235e+08  2.32119478e+01  4.29866235e+08 -6.27277045e+01 
 4.64158883e+08  2.37838384e+01  4.64158883e+08 -6.14425706e+01 
 5.01187234e+08  2.43386832e+01  5.01187234e+08 -6.00279686e+01 
 5.41169527e+08  2.48744346e+01  5.41169527e+08 -5.84926655e+01 
 5.84341413e+08  2.53891967e+01  5.84341413e+08 -5.68469451e+01 
 6.30957344e+08  2.58812501e+01  6.30957344e+08 -5.51025170e+01 
 6.81292069e+08  2.63490809e+01  6.81292069e+08 -5.32724151e+01 
 7.35642254e+08  2.67914117e+01  7.35642254e+08 -5.13708634e+01 
 7.94328235e+08  2.72072345e+01  7.94328235e+08 -4.94130889e+01 
 8.57695899e+08  2.75958407e+01  8.57695899e+08 -4.74150743e+01 
 9.26118728e+08  2.79568438e+01  9.26118728e+08 -4.53932490e+01 
 1.00000000e+09  2.82901927e+01  1.00000000e+09 -4.33641324e+01 
