 1.00000000e+00  6.20750776e+01  1.00000000e+00  1.79998647e+02 
 1.07977516e+00  6.20750776e+01  1.07977516e+00  1.79998540e+02 
 1.16591440e+00  6.20750776e+01  1.16591440e+00  1.79998423e+02 
 1.25892541e+00  6.20750776e+01  1.25892541e+00  1.79998297e+02 
 1.35935639e+00  6.20750776e+01  1.35935639e+00  1.79998161e+02 
 1.46779927e+00  6.20750776e+01  1.46779927e+00  1.79998015e+02 
 1.58489319e+00  6.20750776e+01  1.58489319e+00  1.79997856e+02 
 1.71132830e+00  6.20750776e+01  1.71132830e+00  1.79997685e+02 
 1.84784980e+00  6.20750776e+01  1.84784980e+00  1.79997501e+02 
 1.99526231e+00  6.20750776e+01  1.99526231e+00  1.79997301e+02 
 2.15443469e+00  6.20750776e+01  2.15443469e+00  1.79997086e+02 
 2.32630507e+00  6.20750776e+01  2.32630507e+00  1.79996853e+02 
 2.51188643e+00  6.20750776e+01  2.51188643e+00  1.79996602e+02 
 2.71227258e+00  6.20750776e+01  2.71227258e+00  1.79996331e+02 
 2.92864456e+00  6.20750776e+01  2.92864456e+00  1.79996039e+02 
 3.16227766e+00  6.20750776e+01  3.16227766e+00  1.79995723e+02 
 3.41454887e+00  6.20750775e+01  3.41454887e+00  1.79995382e+02 
 3.68694506e+00  6.20750775e+01  3.68694506e+00  1.79995013e+02 
 3.98107171e+00  6.20750775e+01  3.98107171e+00  1.79994615e+02 
 4.29866235e+00  6.20750775e+01  4.29866235e+00  1.79994186e+02 
 4.64158883e+00  6.20750775e+01  4.64158883e+00  1.79993722e+02 
 5.01187234e+00  6.20750775e+01  5.01187234e+00  1.79993221e+02 
 5.41169527e+00  6.20750775e+01  5.41169527e+00  1.79992680e+02 
 5.84341413e+00  6.20750775e+01  5.84341413e+00  1.79992096e+02 
 6.30957344e+00  6.20750775e+01  6.30957344e+00  1.79991466e+02 
 6.81292069e+00  6.20750775e+01  6.81292069e+00  1.79990785e+02 
 7.35642254e+00  6.20750774e+01  7.35642254e+00  1.79990050e+02 
 7.94328235e+00  6.20750774e+01  7.94328235e+00  1.79989256e+02 
 8.57695899e+00  6.20750774e+01  8.57695899e+00  1.79988399e+02 
 9.26118728e+00  6.20750774e+01  9.26118728e+00  1.79987474e+02 
 1.00000000e+01  6.20750773e+01  1.00000000e+01  1.79986474e+02 
 1.07977516e+01  6.20750773e+01  1.07977516e+01  1.79985395e+02 
 1.16591440e+01  6.20750772e+01  1.16591440e+01  1.79984230e+02 
 1.25892541e+01  6.20750772e+01  1.25892541e+01  1.79982972e+02 
 1.35935639e+01  6.20750771e+01  1.35935639e+01  1.79981614e+02 
 1.46779927e+01  6.20750771e+01  1.46779927e+01  1.79980147e+02 
 1.58489319e+01  6.20750770e+01  1.58489319e+01  1.79978563e+02 
 1.71132830e+01  6.20750769e+01  1.71132830e+01  1.79976853e+02 
 1.84784980e+01  6.20750767e+01  1.84784980e+01  1.79975006e+02 
 1.99526231e+01  6.20750766e+01  1.99526231e+01  1.79973013e+02 
 2.15443469e+01  6.20750765e+01  2.15443469e+01  1.79970860e+02 
 2.32630507e+01  6.20750763e+01  2.32630507e+01  1.79968535e+02 
 2.51188643e+01  6.20750760e+01  2.51188643e+01  1.79966025e+02 
 2.71227258e+01  6.20750758e+01  2.71227258e+01  1.79963314e+02 
 2.92864456e+01  6.20750755e+01  2.92864456e+01  1.79960388e+02 
 3.16227766e+01  6.20750752e+01  3.16227766e+01  1.79957228e+02 
 3.41454887e+01  6.20750748e+01  3.41454887e+01  1.79953816e+02 
 3.68694506e+01  6.20750743e+01  3.68694506e+01  1.79950131e+02 
 3.98107171e+01  6.20750737e+01  3.98107171e+01  1.79946153e+02 
 4.29866235e+01  6.20750731e+01  4.29866235e+01  1.79941857e+02 
 4.64158883e+01  6.20750724e+01  4.64158883e+01  1.79937219e+02 
 5.01187234e+01  6.20750715e+01  5.01187234e+01  1.79932211e+02 
 5.41169527e+01  6.20750705e+01  5.41169527e+01  1.79926803e+02 
 5.84341413e+01  6.20750693e+01  5.84341413e+01  1.79920963e+02 
 6.30957344e+01  6.20750679e+01  6.30957344e+01  1.79914658e+02 
 6.81292069e+01  6.20750663e+01  6.81292069e+01  1.79907850e+02 
 7.35642254e+01  6.20750645e+01  7.35642254e+01  1.79900499e+02 
 7.94328235e+01  6.20750623e+01  7.94328235e+01  1.79892561e+02 
 8.57695899e+01  6.20750598e+01  8.57695899e+01  1.79883990e+02 
 9.26118728e+01  6.20750568e+01  9.26118728e+01  1.79874735e+02 
 1.00000000e+02  6.20750533e+01  1.00000000e+02  1.79864742e+02 
 1.07977516e+02  6.20750493e+01  1.07977516e+02  1.79853952e+02 
 1.16591440e+02  6.20750446e+01  1.16591440e+02  1.79842301e+02 
 1.25892541e+02  6.20750392e+01  1.25892541e+02  1.79829721e+02 
 1.35935639e+02  6.20750328e+01  1.35935639e+02  1.79816137e+02 
 1.46779927e+02  6.20750254e+01  1.46779927e+02  1.79801470e+02 
 1.58489319e+02  6.20750167e+01  1.58489319e+02  1.79785632e+02 
 1.71132830e+02  6.20750066e+01  1.71132830e+02  1.79768531e+02 
 1.84784980e+02  6.20749948e+01  1.84784980e+02  1.79750066e+02 
 1.99526231e+02  6.20749811e+01  1.99526231e+02  1.79730127e+02 
 2.15443469e+02  6.20749651e+01  2.15443469e+02  1.79708598e+02 
 2.32630507e+02  6.20749465e+01  2.32630507e+02  1.79685352e+02 
 2.51188643e+02  6.20749247e+01  2.51188643e+02  1.79660252e+02 
 2.71227258e+02  6.20748993e+01  2.71227258e+02  1.79633149e+02 
 2.92864456e+02  6.20748698e+01  2.92864456e+02  1.79603884e+02 
 3.16227766e+02  6.20748353e+01  3.16227766e+02  1.79572285e+02 
 3.41454887e+02  6.20747951e+01  3.41454887e+02  1.79538166e+02 
 3.68694506e+02  6.20747483e+01  3.68694506e+02  1.79501325e+02 
 3.98107171e+02  6.20746936e+01  3.98107171e+02  1.79461545e+02 
 4.29866235e+02  6.20746299e+01  4.29866235e+02  1.79418592e+02 
 4.64158883e+02  6.20745556e+01  4.64158883e+02  1.79372214e+02 
 5.01187234e+02  6.20744690e+01  5.01187234e+02  1.79322137e+02 
 5.41169527e+02  6.20743681e+01  5.41169527e+02  1.79268066e+02 
 5.84341413e+02  6.20742504e+01  5.84341413e+02  1.79209683e+02 
 6.30957344e+02  6.20741132e+01  6.30957344e+02  1.79146644e+02 
 6.81292069e+02  6.20739532e+01  6.81292069e+02  1.79078579e+02 
 7.35642254e+02  6.20737667e+01  7.35642254e+02  1.79005087e+02 
 7.94328235e+02  6.20735493e+01  7.94328235e+02  1.78925735e+02 
 8.57695899e+02  6.20732957e+01  8.57695899e+02  1.78840058e+02 
 9.26118728e+02  6.20730001e+01  9.26118728e+02  1.78747552e+02 
 1.00000000e+03  6.20726556e+01  1.00000000e+03  1.78647674e+02 
 1.07977516e+03  6.20722539e+01  1.07977516e+03  1.78539837e+02 
 1.16591440e+03  6.20717855e+01  1.16591440e+03  1.78423409e+02 
 1.25892541e+03  6.20712396e+01  1.25892541e+03  1.78297707e+02 
 1.35935639e+03  6.20706031e+01  1.35935639e+03  1.78161996e+02 
 1.46779927e+03  6.20698612e+01  1.46779927e+03  1.78015482e+02 
 1.58489319e+03  6.20689963e+01  1.58489319e+03  1.77857309e+02 
 1.71132830e+03  6.20679882e+01  1.71132830e+03  1.77686555e+02 
 1.84784980e+03  6.20668131e+01  1.84784980e+03  1.77502225e+02 
 1.99526231e+03  6.20654434e+01  1.99526231e+03  1.77303248e+02 
 2.15443469e+03  6.20638471e+01  2.15443469e+03  1.77088472e+02 
 2.32630507e+03  6.20619865e+01  2.32630507e+03  1.76856653e+02 
 2.51188643e+03  6.20598184e+01  2.51188643e+03  1.76606458e+02 
 2.71227258e+03  6.20572918e+01  2.71227258e+03  1.76336448e+02 
 2.92864456e+03  6.20543479e+01  2.92864456e+03  1.76045083e+02 
 3.16227766e+03  6.20509182e+01  3.16227766e+03  1.75730704e+02 
 3.41454887e+03  6.20469229e+01  3.41454887e+03  1.75391535e+02 
 3.68694506e+03  6.20422692e+01  3.68694506e+03  1.75025674e+02 
 3.98107171e+03  6.20368497e+01  3.98107171e+03  1.74631083e+02 
 4.29866235e+03  6.20305395e+01  4.29866235e+03  1.74205589e+02 
 4.64158883e+03  6.20231940e+01  4.64158883e+03  1.73746873e+02 
 5.01187234e+03  6.20146454e+01  5.01187234e+03  1.73252467e+02 
 5.41169527e+03  6.20046997e+01  5.41169527e+03  1.72719755e+02 
 5.84341413e+03  6.19931325e+01  5.84341413e+03  1.72145968e+02 
 6.30957344e+03  6.19796848e+01  6.30957344e+03  1.71528188e+02 
 6.81292069e+03  6.19640586e+01  6.81292069e+03  1.70863352e+02 
 7.35642254e+03  6.19459103e+01  7.35642254e+03  1.70148264e+02 
 7.94328235e+03  6.19248463e+01  7.94328235e+03  1.69379607e+02 
 8.57695899e+03  6.19004158e+01  8.57695899e+03  1.68553964e+02 
 9.26118728e+03  6.18721043e+01  9.26118728e+03  1.67667849e+02 
 1.00000000e+04  6.18393270e+01  1.00000000e+04  1.66717749e+02 
 1.07977516e+04  6.18014211e+01  1.07977516e+04  1.65700166e+02 
 1.16591440e+04  6.17576398e+01  1.16591440e+04  1.64611687e+02 
 1.25892541e+04  6.17071457e+01  1.25892541e+04  1.63449059e+02 
 1.35935639e+04  6.16490058e+01  1.35935639e+04  1.62209281e+02 
 1.46779927e+04  6.15821879e+01  1.46779927e+04  1.60889717e+02 
 1.58489319e+04  6.15055602e+01  1.58489319e+04  1.59488219e+02 
 1.71132830e+04  6.14178932e+01  1.71132830e+04  1.58003268e+02 
 1.84784980e+04  6.13178664e+01  1.84784980e+04  1.56434131e+02 
 1.99526231e+04  6.12040801e+01  1.99526231e+04  1.54781014e+02 
 2.15443469e+04  6.10750731e+01  2.15443469e+04  1.53045227e+02 
 2.32630507e+04  6.09293464e+01  2.32630507e+04  1.51229332e+02 
 2.51188643e+04  6.07653943e+01  2.51188643e+04  1.49337263e+02 
 2.71227258e+04  6.05817416e+01  2.71227258e+04  1.47374424e+02 
 2.92864456e+04  6.03769857e+01  2.92864456e+04  1.45347721e+02 
 3.16227766e+04  6.01498427e+01  3.16227766e+04  1.43265542e+02 
 3.41454887e+04  5.98991935e+01  3.41454887e+04  1.41137656e+02 
 3.68694506e+04  5.96241282e+01  3.68694506e+04  1.38975046e+02 
 3.98107171e+04  5.93239844e+01  3.98107171e+04  1.36789656e+02 
 4.29866235e+04  5.89983771e+01  4.29866235e+04  1.34594085e+02 
 4.64158883e+04  5.86472153e+01  4.64158883e+04  1.32401234e+02 
 5.01187234e+04  5.82707073e+01  5.01187234e+04  1.30223932e+02 
 5.41169527e+04  5.78693502e+01  5.41169527e+04  1.28074561e+02 
 5.84341413e+04  5.74439080e+01  5.84341413e+04  1.25964725e+02 
 6.30957344e+04  5.69953776e+01  6.30957344e+04  1.23904961e+02 
 6.81292069e+04  5.65249485e+01  6.81292069e+04  1.21904516e+02 
 7.35642254e+04  5.60339568e+01  7.35642254e+04  1.19971213e+02 
 7.94328235e+04  5.55238384e+01  7.94328235e+04  1.18111378e+02 
 8.57695899e+04  5.49960849e+01  8.57695899e+04  1.16329840e+02 
 9.26118728e+04  5.44522028e+01  9.26118728e+04  1.14629997e+02 
 1.00000000e+05  5.38936788e+01  1.00000000e+05  1.13013920e+02 
 1.07977516e+05  5.33219514e+01  1.07977516e+05  1.11482489e+02 
 1.16591440e+05  5.27383899e+01  1.16591440e+05  1.10035544e+02 
 1.25892541e+05  5.21442787e+01  1.25892541e+05  1.08672051e+02 
 1.35935639e+05  5.15408081e+01  1.35935639e+05  1.07390259e+02 
 1.46779927e+05  5.09290692e+01  1.46779927e+05  1.06187843e+02 
 1.58489319e+05  5.03100527e+01  1.58489319e+05  1.05062049e+02 
 1.71132830e+05  4.96846515e+01  1.71132830e+05  1.04009806e+02 
 1.84784980e+05  4.90536642e+01  1.84784980e+05  1.03027832e+02 
 1.99526231e+05  4.84178008e+01  1.99526231e+05  1.02112725e+02 
 2.15443469e+05  4.77776893e+01  2.15443469e+05  1.01261026e+02 
 2.32630507e+05  4.71338822e+01  2.32630507e+05  1.00469287e+02 
 2.51188643e+05  4.64868637e+01  2.51188643e+05  9.97341100e+01 
 2.71227258e+05  4.58370562e+01  2.71227258e+05  9.90521839e+01 
 2.92864456e+05  4.51848270e+01  2.92864456e+05  9.84203127e+01 
 3.16227766e+05  4.45304938e+01  3.16227766e+05  9.78354325e+01 
 3.41454887e+05  4.38743311e+01  3.41454887e+05  9.72946250e+01 
 3.68694506e+05  4.32165741e+01  3.68694506e+05  9.67951259e+01 
 3.98107171e+05  4.25574239e+01  3.98107171e+05  9.63343288e+01 
 4.29866235e+05  4.18970509e+01  4.29866235e+05  9.59097865e+01 
 4.64158883e+05  4.12355988e+01  4.64158883e+05  9.55192100e+01 
 5.01187234e+05  4.05731868e+01  5.01187234e+05  9.51604673e+01 
 5.41169527e+05  3.99099125e+01  5.41169527e+05  9.48315757e+01 
 5.84341413e+05  3.92458539e+01  5.84341413e+05  9.45307003e+01 
 6.30957344e+05  3.85810710e+01  6.30957344e+05  9.42561469e+01 
 6.81292069e+05  3.79156070e+01  6.81292069e+05  9.40063558e+01 
 7.35642254e+05  3.72494892e+01  7.35642254e+05  9.37798973e+01 
 7.94328235e+05  3.65827299e+01  7.94328235e+05  9.35754631e+01 
 8.57695899e+05  3.59153261e+01  8.57695899e+05  9.33918616e+01 
 9.26118728e+05  3.52472596e+01  9.26118728e+05  9.32280110e+01 
 1.00000000e+06  3.45784967e+01  1.00000000e+06  9.30829318e+01 
 1.07977516e+06  3.39089870e+01  1.07977516e+06  9.29557422e+01 
 1.16591440e+06  3.32386623e+01  1.16591440e+06  9.28456478e+01 
 1.25892541e+06  3.25674352e+01  1.25892541e+06  9.27519380e+01 
 1.35935639e+06  3.18951962e+01  1.35935639e+06  9.26739745e+01 
 1.46779927e+06  3.12218122e+01  1.46779927e+06  9.26111841e+01 
 1.58489319e+06  3.05471222e+01  1.58489319e+06  9.25630470e+01 
 1.71132830e+06  2.98709341e+01  1.71132830e+06  9.25290849e+01 
 1.84784980e+06  2.91930201e+01  1.84784980e+06  9.25088453e+01 
 1.99526231e+06  2.85131113e+01  1.99526231e+06  9.25018820e+01 
 2.15443469e+06  2.78308917e+01  2.15443469e+06  9.25077329e+01 
 2.32630507e+06  2.71459908e+01  2.32630507e+06  9.25258892e+01 
 2.51188643e+06  2.64579763e+01  2.51188643e+06  9.25557599e+01 
 2.71227258e+06  2.57663447e+01  2.71227258e+06  9.25966246e+01 
 2.92864456e+06  2.50705115e+01  2.92864456e+06  9.26475763e+01 
 3.16227766e+06  2.43698002e+01  3.16227766e+06  9.27074504e+01 
 3.41454887e+06  2.36634308e+01  3.41454887e+06  9.27747363e+01 
 3.68694506e+06  2.29505069e+01  3.68694506e+06  9.28474712e+01 
 3.98107171e+06  2.22300030e+01  3.98107171e+06  9.29231109e+01 
 4.29866235e+06  2.15007502e+01  4.29866235e+06  9.29983737e+01 
 4.64158883e+06  2.07614229e+01  4.64158883e+06  9.30690573e+01 
 5.01187234e+06  2.00105241e+01  5.01187234e+06  9.31298186e+01 
 5.41169527e+06  1.92463720e+01  5.41169527e+06  9.31739173e+01 
 5.84341413e+06  1.84670855e+01  5.84341413e+06  9.31929110e+01 
 6.30957344e+06  1.76705705e+01  6.30957344e+06  9.31762970e+01 
 6.81292069e+06  1.68545055e+01  6.81292069e+06  9.31110863e+01 
 7.35642254e+06  1.60163268e+01  7.35642254e+06  9.29812903e+01 
 7.94328235e+06  1.51532117e+01  7.94328235e+06  9.27672942e+01 
 8.57695899e+06  1.42620599e+01  8.57695899e+06  9.24450691e+01 
 9.26118728e+06  1.33394709e+01  9.26118728e+06  9.19851537e+01 
 1.00000000e+07  1.23817188e+01  1.00000000e+07  9.13512894e+01 
 1.07977516e+07  1.13847288e+01  1.07977516e+07  9.04985308e+01 
 1.16591440e+07  1.03440676e+01  1.16591440e+07  8.93705426e+01 
 1.25892541e+07  9.25498207e+00  1.25892541e+07  8.78956427e+01 
 1.35935639e+07  8.11256047e+00  1.35935639e+07  8.59809182e+01 
 1.46779927e+07  6.91218574e+00  1.46779927e+07  8.35034508e+01 
 1.58489319e+07  5.65063870e+00  1.58489319e+07  8.02974406e+01 
 1.71132830e+07  4.32860389e+00  1.71132830e+07  7.61363203e+01 
 1.84784980e+07  2.95607245e+00  1.84784980e+07  7.07115647e+01 
 1.99526231e+07  1.56323563e+00  1.99526231e+07  6.36200701e+01 
 2.15443469e+07  2.19646952e-01  2.15443469e+07  5.44013396e+01 
 2.32630507e+07 -9.42403393e-01  2.32630507e+07  4.27208306e+01 
 2.51188643e+07 -1.73022382e+00  2.51188643e+07  2.87915877e+01 
 2.71227258e+07 -1.97325117e+00  2.71227258e+07  1.37808967e+01 
 2.92864456e+07 -1.65518403e+00  2.92864456e+07 -5.41308967e-01 
 3.16227766e+07 -9.27700476e-01  3.16227766e+07 -1.28635278e+01 
 3.41454887e+07  1.51435645e-02  3.41454887e+07 -2.28380628e+01 
 3.68694506e+07  1.03318840e+00  3.68694506e+07 -3.07392853e+01 
 3.98107171e+07  2.05125862e+00  3.98107171e+07 -3.70131001e+01 
 4.29866235e+07  3.03674762e+00  4.29866235e+07 -4.20609363e+01 
 4.64158883e+07  3.97913581e+00  4.64158883e+07 -4.61886410e+01 
 5.01187234e+07  4.87794683e+00  5.01187234e+07 -4.96159250e+01 
 5.41169527e+07  5.73668924e+00  5.41169527e+07 -5.24981034e+01 
 5.84341413e+07  6.56003507e+00  5.84341413e+07 -5.49453873e+01 
 6.30957344e+07  7.35259039e+00  6.30957344e+07 -5.70371398e+01 
 6.81292069e+07  8.11841987e+00  6.81292069e+07 -5.88318079e+01 
 7.35642254e+07  8.86092224e+00  7.35642254e+07 -6.03737227e+01 
 7.94328235e+07  9.58286735e+00  7.94328235e+07 -6.16977450e+01 
 8.57695899e+07  1.02865075e+01  8.57695899e+07 -6.28324315e+01 
 9.26118728e+07  1.09737215e+01  9.26118728e+07 -6.38021477e+01 
 1.00000000e+08  1.16461702e+01  1.00000000e+08 -6.46283814e+01 
 1.07977516e+08  1.23054467e+01  1.07977516e+08 -6.53304076e+01 
 1.16591440e+08  1.29532034e+01  1.16591440e+08 -6.59254080e+01 
 1.25892541e+08  1.35912385e+01  1.25892541e+08 -6.64281520e+01 
 1.35935639e+08  1.42215223e+01  1.35935639e+08 -6.68503877e+01 
 1.46779927e+08  1.48461521e+01  1.46779927e+08 -6.72001424e+01 
 1.58489319e+08  1.54672381e+01  1.58489319e+08 -6.74811636e+01 
 1.71132830e+08  1.60867388e+01  1.71132830e+08 -6.76927124e+01 
 1.84784980e+08  1.67062770e+01  1.84784980e+08 -6.78298399e+01 
 1.99526231e+08  1.73269760e+01  1.99526231e+08 -6.78841514e+01 
 2.15443469e+08  1.79493471e+01  2.15443469e+08 -6.78449393e+01 
 2.32630507e+08  1.85732468e+01  2.32630507e+08 -6.77004818e+01 
 2.51188643e+08  1.91979021e+01  2.51188643e+08 -6.74392931e+01 
 2.71227258e+08  1.98219905e+01  2.71227258e+08 -6.70511574e+01 
 2.92864456e+08  2.04437515e+01  2.92864456e+08 -6.65278603e+01 
 3.16227766e+08  2.10611082e+01  3.16227766e+08 -6.58636093e+01 
 3.41454887e+08  2.16717817e+01  3.41454887e+08 -6.50551961e+01 
 3.68694506e+08  2.22733888e+01  3.68694506e+08 -6.41019720e+01 
 3.98107171e+08  2.28635205e+01  3.98107171e+08 -6.30057168e+01 
 4.29866235e+08  2.34398024e+01  4.29866235e+08 -6.17704603e+01 
 4.64158883e+08  2.39999396e+01  4.64158883e+08 -6.04022991e+01 
 5.01187234e+08  2.45417542e+01  5.01187234e+08 -5.89092302e+01 
 5.41169527e+08  2.50632167e+01  5.41169527e+08 -5.73010032e+01 
 5.84341413e+08  2.55624768e+01  5.84341413e+08 -5.55889855e+01 
 6.30957344e+08  2.60378949e+01  6.30957344e+08 -5.37860205e+01 
 6.81292069e+08  2.64880752e+01  6.81292069e+08 -5.19062629e+01 
 7.35642254e+08  2.69118976e+01  7.35642254e+08 -4.99649709e+01 
 7.94328235e+08  2.73085478e+01  7.94328235e+08 -4.79782461e+01 
 8.57695899e+08  2.76775408e+01  8.57695899e+08 -4.59627182e+01 
 9.26118728e+08  2.80187344e+01  9.26118728e+08 -4.39351845e+01 
 1.00000000e+09  2.83323308e+01  1.00000000e+09 -4.19122212e+01 
