 1.00000000e+00  8.31113187e+01  1.00000000e+00  1.44313911e-02 
 1.07977516e+00  8.31113186e+01  1.07977516e+00  1.55826576e-02 
 1.16591440e+00  8.31113186e+01  1.16591440e+00  1.68257665e-02 
 1.25892541e+00  8.31113185e+01  1.25892541e+00  1.81680447e-02 
 1.35935639e+00  8.31113185e+01  1.35935639e+00  1.96174033e-02 
 1.46779927e+00  8.31113184e+01  1.46779927e+00  2.11823847e-02 
 1.58489319e+00  8.31113183e+01  1.58489319e+00  2.28722127e-02 
 1.71132830e+00  8.31113182e+01  1.71132830e+00  2.46968470e-02 
 1.84784980e+00  8.31113180e+01  1.84784980e+00  2.66670417e-02 
 1.99526231e+00  8.31113179e+01  1.99526231e+00  2.87944089e-02 
 2.15443469e+00  8.31113177e+01  2.15443469e+00  3.10914871e-02 
 2.32630507e+00  8.31113175e+01  2.32630507e+00  3.35718150e-02 
 2.51188643e+00  8.31113172e+01  2.51188643e+00  3.62500113e-02 
 2.71227258e+00  8.31113169e+01  2.71227258e+00  3.91418610e-02 
 2.92864456e+00  8.31113166e+01  2.92864456e+00  4.22644082e-02 
 3.16227766e+00  8.31113162e+01  3.16227766e+00  4.56360569e-02 
 3.41454887e+00  8.31113158e+01  3.41454887e+00  4.92766790e-02 
 3.68694506e+00  8.31113152e+01  3.68694506e+00  5.32077319e-02 
 3.98107171e+00  8.31113146e+01  3.98107171e+00  5.74523846e-02 
 4.29866235e+00  8.31113139e+01  4.29866235e+00  6.20356544e-02 
 4.64158883e+00  8.31113130e+01  4.64158883e+00  6.69845545e-02 
 5.01187234e+00  8.31113120e+01  5.01187234e+00  7.23282527e-02 
 5.41169527e+00  8.31113109e+01  5.41169527e+00  7.80982439e-02 
 5.84341413e+00  8.31113096e+01  5.84341413e+00  8.43285354e-02 
 6.30957344e+00  8.31113080e+01  6.30957344e+00  9.10558471e-02 
 6.81292069e+00  8.31113062e+01  6.81292069e+00  9.83198283e-02 
 7.35642254e+00  8.31113041e+01  7.35642254e+00  1.06163291e-01 
 7.94328235e+00  8.31113016e+01  7.94328235e+00  1.14632463e-01 
 8.57695899e+00  8.31112987e+01  8.57695899e+00  1.23777259e-01 
 9.26118728e+00  8.31112953e+01  9.26118728e+00  1.33651576e-01 
 1.00000000e+01  8.31112914e+01  1.00000000e+01  1.44313608e-01 
 1.07977516e+01  8.31112868e+01  1.07977516e+01  1.55826195e-01 
 1.16591440e+01  8.31112815e+01  1.16591440e+01  1.68257187e-01 
 1.25892541e+01  8.31112753e+01  1.25892541e+01  1.81679844e-01 
 1.35935639e+01  8.31112681e+01  1.35935639e+01  1.96173274e-01 
 1.46779927e+01  8.31112596e+01  1.46779927e+01  2.11822892e-01 
 1.58489319e+01  8.31112498e+01  1.58489319e+01  2.28720925e-01 
 1.71132830e+01  8.31112383e+01  1.71132830e+01  2.46966956e-01 
 1.84784980e+01  8.31112249e+01  1.84784980e+01  2.66668511e-01 
 1.99526231e+01  8.31112093e+01  1.99526231e+01  2.87941690e-01 
 2.15443469e+01  8.31111911e+01  2.15443469e+01  3.10911850e-01 
 2.32630507e+01  8.31111699e+01  2.32630507e+01  3.35714347e-01 
 2.51188643e+01  8.31111452e+01  2.51188643e+01  3.62495326e-01 
 2.71227258e+01  8.31111163e+01  2.71227258e+01  3.91412583e-01 
 2.92864456e+01  8.31110827e+01  2.92864456e+01  4.22636494e-01 
 3.16227766e+01  8.31110435e+01  3.16227766e+01  4.56351016e-01 
 3.41454887e+01  8.31109978e+01  3.41454887e+01  4.92754764e-01 
 3.68694506e+01  8.31109445e+01  3.68694506e+01  5.32062180e-01 
 3.98107171e+01  8.31108824e+01  3.98107171e+01  5.74504787e-01 
 4.29866235e+01  8.31108099e+01  4.29866235e+01  6.20332551e-01 
 4.64158883e+01  8.31107255e+01  4.64158883e+01  6.69815340e-01 
 5.01187234e+01  8.31106270e+01  5.01187234e+01  7.23244502e-01 
 5.41169527e+01  8.31105122e+01  5.41169527e+01  7.80934569e-01 
 5.84341413e+01  8.31103784e+01  5.84341413e+01  8.43225090e-01 
 6.30957344e+01  8.31102224e+01  6.30957344e+01  9.10482604e-01 
 6.81292069e+01  8.31100405e+01  6.81292069e+01  9.83102775e-01 
 7.35642254e+01  8.31098284e+01  7.35642254e+01  1.06151268e+00 
 7.94328235e+01  8.31095811e+01  7.94328235e+01  1.14617327e+00 
 8.57695899e+01  8.31092928e+01  8.57695899e+01  1.23758205e+00 
 9.26118728e+01  8.31089568e+01  9.26118728e+01  1.33627589e+00 
 1.00000000e+02  8.31085650e+01  1.00000000e+02  1.44283413e+00 
 1.07977516e+02  8.31081082e+01  1.07977516e+02  1.55788183e+00 
 1.16591440e+02  8.31075757e+01  1.16591440e+02  1.68209336e+00 
 1.25892541e+02  8.31069550e+01  1.25892541e+02  1.81619609e+00 
 1.35935639e+02  8.31062313e+01  1.35935639e+02  1.96097450e+00 
 1.46779927e+02  8.31053878e+01  1.46779927e+02  2.11727446e+00 
 1.58489319e+02  8.31044045e+01  1.58489319e+02  2.28600782e+00 
 1.71132830e+02  8.31032584e+01  1.71132830e+02  2.46815730e+00 
 1.84784980e+02  8.31019225e+01  1.84784980e+02  2.66478164e+00 
 1.99526231e+02  8.31003654e+01  1.99526231e+02  2.87702109e+00 
 2.15443469e+02  8.30985507e+01  2.15443469e+02  3.10610313e+00 
 2.32630507e+02  8.30964359e+01  2.32630507e+02  3.35334846e+00 
 2.51188643e+02  8.30939715e+01  2.51188643e+02  3.62017726e+00 
 2.71227258e+02  8.30911000e+01  2.71227258e+02  3.90811562e+00 
 2.92864456e+02  8.30877545e+01  2.92864456e+02  4.21880208e+00 
 3.16227766e+02  8.30838561e+01  3.16227766e+02  4.55399371e+00 
 3.41454887e+02  8.30793165e+01  3.41454887e+02  4.91557483e+00 
 3.68694506e+02  8.30740298e+01  3.68694506e+02  5.30556016e+00 
 3.98107171e+02  8.30678740e+01  3.98107171e+02  5.72610281e+00 
 4.29866235e+02  8.30607078e+01  4.29866235e+02  6.17949910e+00 
 4.64158883e+02  8.30523676e+01  4.64158883e+02  6.66819282e+00 
 5.01187234e+02  8.30426639e+01  5.01187234e+02  7.19477820e+00 
 5.41169527e+02  8.30313774e+01  5.41169527e+02  7.76200098e+00 
 5.84341413e+02  8.30182553e+01  5.84341413e+02  8.37275703e+00 
 6.30957344e+02  8.30030059e+01  6.30957344e+02  9.03008774e+00 
 6.81292069e+02  8.29852928e+01  6.81292069e+02  9.73717020e+00 
 7.35642254e+02  8.29647328e+01  7.35642254e+02  1.04973079e+01 
 7.94328235e+02  8.29408839e+01  7.94328235e+02  1.13139040e+01 
 8.57695899e+02  8.29132424e+01  8.57695899e+02  1.21904374e+01 
 9.26118728e+02  8.28812344e+01  9.26118728e+02  1.31304235e+01 
 1.00000000e+03  8.28442114e+01  1.00000000e+03  1.41373699e+01 
 1.07977516e+03  8.28014416e+01  1.07977516e+03  1.52147135e+01 
 1.16591440e+03  8.27521009e+01  1.16591440e+03  1.63657399e+01 
 1.25892541e+03  8.26952738e+01  1.25892541e+03  1.75935051e+01 
 1.35935639e+03  8.26299429e+01  1.35935639e+03  1.89007138e+01 
 1.46779927e+03  8.25549934e+01  1.46779927e+03  2.02896096e+01 
 1.58489319e+03  8.24692112e+01  1.58489319e+03  2.17618280e+01 
 1.71132830e+03  8.23712905e+01  1.71132830e+03  2.33182484e+01 
 1.84784980e+03  8.22598425e+01  1.84784980e+03  2.49588306e+01 
 1.99526231e+03  8.21334152e+01  1.99526231e+03  2.66824633e+01 
 2.15443469e+03  8.19905134e+01  2.15443469e+03  2.84868042e+01 
 2.32630507e+03  8.18296312e+01  2.32630507e+03  3.03681586e+01 
 2.51188643e+03  8.16492841e+01  2.51188643e+03  3.23213691e+01 
 2.71227258e+03  8.14480560e+01  2.71227258e+03  3.43397871e+01 
 2.92864456e+03  8.12246410e+01  2.92864456e+03  3.64152735e+01 
 3.16227766e+03  8.09778883e+01  3.16227766e+03  3.85382755e+01 
 3.41454887e+03  8.07068512e+01  3.41454887e+03  4.06980021e+01 
 3.68694506e+03  8.04108276e+01  3.68694506e+03  4.28826729e+01 
 3.98107171e+03  8.00893839e+01  3.98107171e+03  4.50797740e+01 
 4.29866235e+03  7.97423812e+01  4.29866235e+03  4.72764439e+01 
 4.64158883e+03  7.93699792e+01  4.64158883e+03  4.94598301e+01 
 5.01187234e+03  7.89726295e+01  5.01187234e+03  5.16174679e+01 
 5.41169527e+03  7.85510551e+01  5.41169527e+03  5.37376250e+01 
 5.84341413e+03  7.81062181e+01  5.84341413e+03  5.58095951e+01 
 6.30957344e+03  7.76392800e+01  6.30957344e+03  5.78239265e+01 
 6.81292069e+03  7.71515558e+01  6.81292069e+03  5.97725758e+01 
 7.35642254e+03  7.66444695e+01  7.35642254e+03  6.16490028e+01 
 7.94328235e+03  7.61195067e+01  7.94328235e+03  6.34481566e+01 
 8.57695899e+03  7.55781749e+01  8.57695899e+03  6.51664448e+01 
 9.26118728e+03  7.50219665e+01  9.26118728e+03  6.68016173e+01 
 1.00000000e+04  7.44523300e+01  1.00000000e+04  6.83526364e+01 
 1.07977516e+04  7.38706486e+01  1.07977516e+04  6.98195454e+01 
 1.16591440e+04  7.32782219e+01  1.16591440e+04  7.12032755e+01 
 1.25892541e+04  7.26762576e+01  1.25892541e+04  7.25055210e+01 
 1.35935639e+04  7.20658642e+01  1.35935639e+04  7.37285619e+01 
 1.46779927e+04  7.14480504e+01  1.46779927e+04  7.48751356e+01 
 1.58489319e+04  7.08237268e+01  1.58489319e+04  7.59483217e+01 
 1.71132830e+04  7.01937090e+01  1.71132830e+04  7.69514225e+01 
 1.84784980e+04  6.95587241e+01  1.84784980e+04  7.78878931e+01 
 1.99526231e+04  6.89194156e+01  1.99526231e+04  7.87612420e+01 
 2.15443469e+04  6.82763517e+01  2.15443469e+04  7.95749984e+01 
 2.32630507e+04  6.76300312e+01  2.32630507e+04  8.03326372e+01 
 2.51188643e+04  6.69808910e+01  2.51188643e+04  8.10375665e+01 
 2.71227258e+04  6.63293126e+01  2.71227258e+04  8.16930887e+01 
 2.92864456e+04  6.56756282e+01  2.92864456e+04  8.23023798e+01 
 3.16227766e+04  6.50201264e+01  3.16227766e+04  8.28684837e+01 
 3.41454887e+04  6.43630577e+01  3.41454887e+04  8.33942975e+01 
 3.68694506e+04  6.37046388e+01  3.68694506e+04  8.38825625e+01 
 3.98107171e+04  6.30450573e+01  3.98107171e+04  8.43358793e+01 
 4.29866235e+04  6.23844750e+01  4.29866235e+04  8.47566941e+01 
 4.64158883e+04  6.17230317e+01  4.64158883e+04  8.51473081e+01 
 5.01187234e+04  6.10608478e+01  5.01187234e+04  8.55098791e+01 
 5.41169527e+04  6.03980269e+01  5.41169527e+04  8.58464292e+01 
 5.84341413e+04  5.97346582e+01  5.84341413e+04  8.61588531e+01 
 6.30957344e+04  5.90708186e+01  6.30957344e+04  8.64489186e+01 
 6.81292069e+04  5.84065737e+01  6.81292069e+04  8.67182780e+01 
 7.35642254e+04  5.77419803e+01  7.35642254e+04  8.69684737e+01 
 7.94328235e+04  5.70770867e+01  7.94328235e+04  8.72009432e+01 
 8.57695899e+04  5.64119345e+01  8.57695899e+04  8.74170281e+01 
 9.26118728e+04  5.57465592e+01  9.26118728e+04  8.76179774e+01 
 1.00000000e+05  5.50809911e+01  1.00000000e+05  8.78049591e+01 
 1.07977516e+05  5.44152560e+01  1.07977516e+05  8.79790589e+01 
 1.16591440e+05  5.37493758e+01  1.16591440e+05  8.81412918e+01 
 1.25892541e+05  5.30833689e+01  1.25892541e+05  8.82926050e+01 
 1.35935639e+05  5.24172510e+01  1.35935639e+05  8.84338835e+01 
 1.46779927e+05  5.17510349e+01  1.46779927e+05  8.85659531e+01 
 1.58489319e+05  5.10847312e+01  1.58489319e+05  8.86895870e+01 
 1.71132830e+05  5.04183484e+01  1.71132830e+05  8.88055099e+01 
 1.84784980e+05  4.97518933e+01  1.84784980e+05  8.89144027e+01 
 1.99526231e+05  4.90853709e+01  1.99526231e+05  8.90169037e+01 
 2.15443469e+05  4.84187845e+01  2.15443469e+05  8.91136152e+01 
 2.32630507e+05  4.77521360e+01  2.32630507e+05  8.92051052e+01 
 2.51188643e+05  4.70854259e+01  2.51188643e+05  8.92919103e+01 
 2.71227258e+05  4.64186532e+01  2.71227258e+05  8.93745402e+01 
 2.92864456e+05  4.57518152e+01  2.92864456e+05  8.94534808e+01 
 3.16227766e+05  4.50849081e+01  3.16227766e+05  8.95291936e+01 
 3.41454887e+05  4.44179261e+01  3.41454887e+05  8.96021236e+01 
 3.68694506e+05  4.37508617e+01  3.68694506e+05  8.96726971e+01 
 3.98107171e+05  4.30837057e+01  3.98107171e+05  8.97413263e+01 
 4.29866235e+05  4.24164465e+01  4.29866235e+05  8.98084118e+01 
 4.64158883e+05  4.17490701e+01  4.64158883e+05  8.98743429e+01 
 5.01187234e+05  4.10815597e+01  5.01187234e+05  8.99395019e+01 
 5.41169527e+05  4.04138956e+01  5.41169527e+05  9.00042636e+01 
 5.84341413e+05  3.97460542e+01  5.84341413e+05  9.00689998e+01 
 6.30957344e+05  3.90780079e+01  6.30957344e+05  9.01340788e+01 
 6.81292069e+05  3.84097242e+01  6.81292069e+05  9.01998674e+01 
 7.35642254e+05  3.77411652e+01  7.35642254e+05  9.02667319e+01 
 7.94328235e+05  3.70722865e+01  7.94328235e+05  9.03350409e+01 
 8.57695899e+05  3.64030359e+01  8.57695899e+05  9.04051629e+01 
 9.26118728e+05  3.57333531e+01  9.26118728e+05  9.04774703e+01 
 1.00000000e+06  3.50631673e+01  1.00000000e+06  9.05523363e+01 
 1.07977516e+06  3.43923963e+01  1.07977516e+06  9.06301369e+01 
 1.16591440e+06  3.37209443e+01  1.16591440e+06  9.07112477e+01 
 1.25892541e+06  3.30486996e+01  1.25892541e+06  9.07960428e+01 
 1.35935639e+06  3.23755326e+01  1.35935639e+06  9.08848916e+01 
 1.46779927e+06  3.17012924e+01  1.46779927e+06  9.09781539e+01 
 1.58489319e+06  3.10258038e+01  1.58489319e+06  9.10761738e+01 
 1.71132830e+06  3.03488634e+01  1.71132830e+06  9.11792712e+01 
 1.84784980e+06  2.96702353e+01  1.84784980e+06  9.12877307e+01 
 1.99526231e+06  2.89896458e+01  1.99526231e+06  9.14017866e+01 
 2.15443469e+06  2.83067782e+01  2.15443469e+06  9.15216045e+01 
 2.32630507e+06  2.76212663e+01  2.32630507e+06  9.16472569e+01 
 2.51188643e+06  2.69326867e+01  2.51188643e+06  9.17786929e+01 
 2.71227258e+06  2.62405513e+01  2.71227258e+06  9.19156998e+01 
 2.92864456e+06  2.55442980e+01  2.92864456e+06  9.20578549e+01 
 3.16227766e+06  2.48432808e+01  3.16227766e+06  9.22044658e+01 
 3.41454887e+06  2.41367584e+01  3.41454887e+06  9.23544962e+01 
 3.68694506e+06  2.34238830e+01  3.68694506e+06  9.25064759e+01 
 3.98107171e+06  2.27036873e+01  3.98107171e+06  9.26583896e+01 
 4.29866235e+06  2.19750708e+01  4.29866235e+06  9.28075429e+01 
 4.64158883e+06  2.12367854e+01  4.64158883e+06  9.29503992e+01 
 5.01187234e+06  2.04874216e+01  5.01187234e+06  9.30823878e+01 
 5.41169527e+06  1.97253929e+01  5.41169527e+06  9.31976702e+01 
 5.84341413e+06  1.89489211e+01  5.84341413e+06  9.32888664e+01 
 6.30957344e+06  1.81560212e+01  6.30957344e+06  9.33467292e+01 
 6.81292069e+06  1.73444865e+01  6.81292069e+06  9.33597570e+01 
 7.35642254e+06  1.65118725e+01  7.35642254e+06  9.33137323e+01 
 7.94328235e+06  1.56554796e+01  7.94328235e+06  9.31911617e+01 
 8.57695899e+06  1.47723337e+01  8.57695899e+06  9.29705850e+01 
 9.26118728e+06  1.38591617e+01  9.26118728e+06  9.26256958e+01 
 1.00000000e+07  1.29123617e+01  1.00000000e+07  9.21241811e+01 
 1.07977516e+07  1.19279695e+01  1.07977516e+07  9.14261374e+01 
 1.16591440e+07  1.09016243e+01  1.16591440e+07  9.04818223e+01 
 1.25892541e+07  9.82855526e+00  1.25892541e+07  8.92283750e+01 
 1.35935639e+07  8.70363488e+00  1.35935639e+07  8.75849242e+01 
 1.46779927e+07  7.52160668e+00  1.46779927e+07  8.54452073e+01 
 1.58489319e+07  6.27773125e+00  1.58489319e+07  8.26664636e+01 
 1.71132830e+07  4.96937501e+00  1.71132830e+07  7.90531416e+01 
 1.84784980e+07  3.59964974e+00  1.84784980e+07  7.43348112e+01 
 1.99526231e+07  2.18527771e+00  1.99526231e+07  6.81427610e+01 
 2.15443469e+07  7.72148166e-01  2.15443469e+07  6.00081363e+01 
 2.32630507e+07 -5.39536899e-01  2.32630507e+07  4.94526733e+01 
 2.51188643e+07 -1.57443984e+00  2.51188643e+07  3.63060235e+01 
 2.71227258e+07 -2.11866395e+00  2.71227258e+07  2.12515159e+01 
 2.92864456e+07 -2.05553656e+00  2.92864456e+07  5.98383067e+00 
 3.16227766e+07 -1.47160562e+00  3.16227766e+07 -7.70683011e+00 
 3.41454887e+07 -5.73801290e-01  3.41454887e+07 -1.89708096e+01 
 3.68694506e+07  4.55034083e-01  3.68694506e+07 -2.78808326e+01 
 3.98107171e+07  1.50694697e+00  3.98107171e+07 -3.48863500e+01 
 4.29866235e+07  2.53205268e+00  4.29866235e+07 -4.04538899e+01 
 4.64158883e+07  3.51237678e+00  4.64158883e+07 -4.49527208e+01 
 5.01187234e+07  4.44482189e+00  5.01187234e+07 -4.86497587e+01 
 5.41169527e+07  5.33238057e+00  5.41169527e+07 -5.17325815e+01 
 5.84341413e+07  6.18003125e+00  5.84341413e+07 -5.43328665e+01 
 6.30957344e+07  6.99294583e+00  6.30957344e+07 -5.65442131e+01 
 6.81292069e+07  7.77577933e+00  6.81292069e+07 -5.84345777e+01 
 7.35642254e+07  8.53245458e+00  7.35642254e+07 -6.00547293e+01 
 7.94328235e+07  9.26617082e+00  7.94328235e+07 -6.14439813e+01 
 8.57695899e+07  9.97951295e+00  8.57695899e+07 -6.26340829e+01 
 9.26118728e+07  1.06746056e+01  9.26118728e+07 -6.36518298e+01 
 1.00000000e+08  1.13532845e+01  1.00000000e+08 -6.45207328e+01 
 1.07977516e+08  1.20172685e+01  1.07977516e+08 -6.52619355e+01 
 1.16591440e+08  1.26683119e+01  1.16591440e+08 -6.58944977e+01 
 1.25892541e+08  1.33083194e+01  1.25892541e+08 -6.64351549e+01 
 1.35935639e+08  1.39393999e+01  1.35935639e+08 -6.68976946e+01 
 1.46779927e+08  1.45638428e+01  1.46779927e+08 -6.72921563e+01 
 1.58489319e+08  1.51840147e+01  1.58489319e+08 -6.76241077e+01 
 1.71132830e+08  1.58021903e+01  1.71132830e+08 -6.78942530e+01 
 1.84784980e+08  1.64203499e+01  1.84784980e+08 -6.80985552e+01 
 1.99526231e+08  1.70399874e+01  1.99526231e+08 -6.82289212e+01 
 2.15443469e+08  1.76619674e+01  2.15443469e+08 -6.82743491e+01 
 2.32630507e+08  1.82864571e+01  2.32630507e+08 -6.82223256e+01 
 2.51188643e+08  1.89129367e+01  2.51188643e+08 -6.80602235e+01 
 2.71227258e+08  1.95402762e+01  2.71227258e+08 -6.77764909e+01 
 2.92864456e+08  2.01668523e+01  2.92864456e+08 -6.73615109e+01 
 3.16227766e+08  2.07906802e+01  3.16227766e+08 -6.68081065e+01 
 3.41454887e+08  2.14095408e+01  3.41454887e+08 -6.61117385e+01 
 3.68694506e+08  2.20210884e+01  3.68694506e+08 -6.52704793e+01 
 3.98107171e+08  2.26229352e+01  3.98107171e+08 -6.42848550e+01 
 4.29866235e+08  2.32127140e+01  4.29866235e+08 -6.31576317e+01 
 4.64158883e+08  2.37881225e+01  4.64158883e+08 -6.18935993e+01 
 5.01187234e+08  2.43469547e+01  5.01187234e+08 -6.04993859e+01 
 5.41169527e+08  2.48871267e+01  5.41169527e+08 -5.89833095e+01 
 5.84341413e+08  2.54067009e+01  5.84341413e+08 -5.73552634e+01 
 6.30957344e+08  2.59039105e+01  6.30957344e+08 -5.56266185e+01 
 6.81292069e+08  2.63771893e+01  6.81292069e+08 -5.38101197e+01 
 7.35642254e+08  2.68252025e+01  7.35642254e+08 -5.19197536e+01 
 7.94328235e+08  2.72468800e+01  7.94328235e+08 -4.99705681e+01 
 8.57695899e+08  2.76414473e+01  8.57695899e+08 -4.79784319e+01 
 9.26118728e+08  2.80084495e+01  9.26118728e+08 -4.59597336e+01 
 1.00000000e+09  2.83477668e+01  1.00000000e+09 -4.39310296e+01 
