 1.00000000e+00  6.12750027e+01  1.00000000e+00  1.23389675e-03 
 1.07977516e+00  6.12750027e+01  1.07977516e+00  1.33233107e-03 
 1.16591440e+00  6.12750027e+01  1.16591440e+00  1.43861800e-03 
 1.25892541e+00  6.12750027e+01  1.25892541e+00  1.55338398e-03 
 1.35935639e+00  6.12750027e+01  1.35935639e+00  1.67730544e-03 
 1.46779927e+00  6.12750027e+01  1.46779927e+00  1.81111275e-03 
 1.58489319e+00  6.12750027e+01  1.58489319e+00  1.95559457e-03 
 1.71132830e+00  6.12750027e+01  1.71132830e+00  2.11160244e-03 
 1.84784980e+00  6.12750027e+01  1.84784980e+00  2.28005587e-03 
 1.99526231e+00  6.12750027e+01  1.99526231e+00  2.46194769e-03 
 2.15443469e+00  6.12750027e+01  2.15443469e+00  2.65834997e-03 
 2.32630507e+00  6.12750027e+01  2.32630507e+00  2.87042027e-03 
 2.51188643e+00  6.12750027e+01  2.51188643e+00  3.09940851e-03 
 2.71227258e+00  6.12750027e+01  2.71227258e+00  3.34666433e-03 
 2.92864456e+00  6.12750027e+01  2.92864456e+00  3.61364502e-03 
 3.16227766e+00  6.12750027e+01  3.16227766e+00  3.90192414e-03 
 3.41454887e+00  6.12750027e+01  3.41454887e+00  4.21320077e-03 
 3.68694506e+00  6.12750026e+01  3.68694506e+00  4.54930954e-03 
 3.98107171e+00  6.12750026e+01  3.98107171e+00  4.91223144e-03 
 4.29866235e+00  6.12750026e+01  4.29866235e+00  5.30410550e-03 
 4.64158883e+00  6.12750026e+01  4.64158883e+00  5.72724138e-03 
 5.01187234e+00  6.12750026e+01  5.01187234e+00  6.18413299e-03 
 5.41169527e+00  6.12750026e+01  5.41169527e+00  6.67747320e-03 
 5.84341413e+00  6.12750026e+01  5.84341413e+00  7.21016970e-03 
 6.30957344e+00  6.12750026e+01  6.30957344e+00  7.78536215e-03 
 6.81292069e+00  6.12750026e+01  6.81292069e+00  8.40644067e-03 
 7.35642254e+00  6.12750026e+01  7.35642254e+00  9.07706583e-03 
 7.94328235e+00  6.12750025e+01  7.94328235e+00  9.80119021e-03 
 8.57695899e+00  6.12750025e+01  8.57695899e+00  1.05830817e-02 
 9.26118728e+00  6.12750025e+01  9.26118728e+00  1.14273488e-02 
 1.00000000e+01  6.12750025e+01  1.00000000e+01  1.23389674e-02 
 1.07977516e+01  6.12750024e+01  1.07977516e+01  1.33233104e-02 
 1.16591440e+01  6.12750024e+01  1.16591440e+01  1.43861797e-02 
 1.25892541e+01  6.12750024e+01  1.25892541e+01  1.55338394e-02 
 1.35935639e+01  6.12750023e+01  1.35935639e+01  1.67730539e-02 
 1.46779927e+01  6.12750022e+01  1.46779927e+01  1.81111269e-02 
 1.58489319e+01  6.12750022e+01  1.58489319e+01  1.95559449e-02 
 1.71132830e+01  6.12750021e+01  1.71132830e+01  2.11160235e-02 
 1.84784980e+01  6.12750020e+01  1.84784980e+01  2.28005575e-02 
 1.99526231e+01  6.12750019e+01  1.99526231e+01  2.46194754e-02 
 2.15443469e+01  6.12750017e+01  2.15443469e+01  2.65834978e-02 
 2.32630507e+01  6.12750016e+01  2.32630507e+01  2.87042003e-02 
 2.51188643e+01  6.12750014e+01  2.51188643e+01  3.09940821e-02 
 2.71227258e+01  6.12750012e+01  2.71227258e+01  3.34666395e-02 
 2.92864456e+01  6.12750009e+01  2.92864456e+01  3.61364455e-02 
 3.16227766e+01  6.12750007e+01  3.16227766e+01  3.90192354e-02 
 3.41454887e+01  6.12750003e+01  3.41454887e+01  4.21320002e-02 
 3.68694506e+01  6.12749999e+01  3.68694506e+01  4.54930860e-02 
 3.98107171e+01  6.12749995e+01  3.98107171e+01  4.91223026e-02 
 4.29866235e+01  6.12749990e+01  4.29866235e+01  5.30410401e-02 
 4.64158883e+01  6.12749983e+01  4.64158883e+01  5.72723949e-02 
 5.01187234e+01  6.12749976e+01  5.01187234e+01  6.18413061e-02 
 5.41169527e+01  6.12749968e+01  5.41169527e+01  6.67747021e-02 
 5.84341413e+01  6.12749958e+01  5.84341413e+01  7.21016594e-02 
 6.30957344e+01  6.12749947e+01  6.30957344e+01  7.78535742e-02 
 6.81292069e+01  6.12749933e+01  6.81292069e+01  8.40643471e-02 
 7.35642254e+01  6.12749918e+01  7.35642254e+01  9.07705833e-02 
 7.94328235e+01  6.12749900e+01  7.94328235e+01  9.80118077e-02 
 8.57695899e+01  6.12749879e+01  8.57695899e+01  1.05830698e-01 
 9.26118728e+01  6.12749854e+01  9.26118728e+01  1.14273338e-01 
 1.00000000e+02  6.12749826e+01  1.00000000e+02  1.23389485e-01 
 1.07977516e+02  6.12749792e+01  1.07977516e+02  1.33232867e-01 
 1.16591440e+02  6.12749753e+01  1.16591440e+02  1.43861498e-01 
 1.25892541e+02  6.12749708e+01  1.25892541e+02  1.55338018e-01 
 1.35935639e+02  6.12749655e+01  1.35935639e+02  1.67730066e-01 
 1.46779927e+02  6.12749593e+01  1.46779927e+02  1.81110673e-01 
 1.58489319e+02  6.12749522e+01  1.58489319e+02  1.95558699e-01 
 1.71132830e+02  6.12749438e+01  1.71132830e+02  2.11159290e-01 
 1.84784980e+02  6.12749340e+01  1.84784980e+02  2.28004386e-01 
 1.99526231e+02  6.12749226e+01  1.99526231e+02  2.46193257e-01 
 2.15443469e+02  6.12749093e+01  2.15443469e+02  2.65833094e-01 
 2.32630507e+02  6.12748938e+01  2.32630507e+02  2.87039631e-01 
 2.51188643e+02  6.12748758e+01  2.51188643e+02  3.09937835e-01 
 2.71227258e+02  6.12748547e+01  2.71227258e+02  3.34662636e-01 
 2.92864456e+02  6.12748302e+01  2.92864456e+02  3.61359721e-01 
 3.16227766e+02  6.12748015e+01  3.16227766e+02  3.90186395e-01 
 3.41454887e+02  6.12747682e+01  3.41454887e+02  4.21312500e-01 
 3.68694506e+02  6.12747293e+01  3.68694506e+02  4.54921415e-01 
 3.98107171e+02  6.12746839e+01  3.98107171e+02  4.91211136e-01 
 4.29866235e+02  6.12746310e+01  4.29866235e+02  5.30395433e-01 
 4.64158883e+02  6.12745694e+01  4.64158883e+02  5.72705106e-01 
 5.01187234e+02  6.12744975e+01  5.01187234e+02  6.18389339e-01 
 5.41169527e+02  6.12744137e+01  5.41169527e+02  6.67717157e-01 
 5.84341413e+02  6.12743159e+01  5.84341413e+02  7.20978997e-01 
 6.30957344e+02  6.12742020e+01  6.30957344e+02  7.78488411e-01 
 6.81292069e+02  6.12740692e+01  6.81292069e+02  8.40583887e-01 
 7.35642254e+02  6.12739143e+01  7.35642254e+02  9.07630822e-01 
 7.94328235e+02  6.12737338e+01  7.94328235e+02  9.80023647e-01 
 8.57695899e+02  6.12735233e+01  8.57695899e+02  1.05818811e+00 
 9.26118728e+02  6.12732779e+01  9.26118728e+02  1.14258373e+00 
 1.00000000e+03  6.12729917e+01  1.00000000e+03  1.23370645e+00 
 1.07977516e+03  6.12726581e+01  1.07977516e+03  1.33209150e+00 
 1.16591440e+03  6.12722693e+01  1.16591440e+03  1.43831641e+00 
 1.25892541e+03  6.12718159e+01  1.25892541e+03  1.55300433e+00 
 1.35935639e+03  6.12712875e+01  1.35935639e+03  1.67682753e+00 
 1.46779927e+03  6.12706714e+01  1.46779927e+03  1.81051115e+00 
 1.58489319e+03  6.12699532e+01  1.58489319e+03  1.95483728e+00 
 1.71132830e+03  6.12691160e+01  1.71132830e+03  2.11064919e+00 
 1.84784980e+03  6.12681401e+01  1.84784980e+03  2.27885596e+00 
 1.99526231e+03  6.12670026e+01  1.99526231e+03  2.46043734e+00 
 2.15443469e+03  6.12656767e+01  2.15443469e+03  2.65644890e+00 
 2.32630507e+03  6.12641314e+01  2.32630507e+03  2.86802750e+00 
 2.51188643e+03  6.12623303e+01  2.51188643e+03  3.09639694e+00 
 2.71227258e+03  6.12602313e+01  2.71227258e+03  3.34287409e+00 
 2.92864456e+03  6.12577855e+01  2.92864456e+03  3.60887503e+00 
 3.16227766e+03  6.12549355e+01  3.16227766e+03  3.89592144e+00 
 3.41454887e+03  6.12516149e+01  3.41454887e+03  4.20564723e+00 
 3.68694506e+03  6.12477466e+01  3.68694506e+03  4.53980526e+00 
 3.98107171e+03  6.12432410e+01  3.98107171e+03  4.90027376e+00 
 4.29866235e+03  6.12379938e+01  4.29866235e+03  5.28906264e+00 
 4.64158883e+03  6.12318838e+01  4.64158883e+03  5.70831954e+00 
 5.01187234e+03  6.12247709e+01  5.01187234e+03  6.16033519e+00 
 5.41169527e+03  6.12164927e+01  5.41169527e+03  6.64754789e+00 
 5.84341413e+03  6.12068608e+01  5.84341413e+03  7.17254614e+00 
 6.30957344e+03  6.11956579e+01  6.30957344e+03  7.73807048e+00 
 6.81292069e+03  6.11826324e+01  6.81292069e+03  8.34701130e+00 
 7.35642254e+03  6.11674951e+01  7.35642254e+03  9.00240558e+00 
 7.94328235e+03  6.11499127e+01  7.94328235e+03  9.70742763e+00 
 8.57695899e+03  6.11295024e+01  8.57695899e+03  1.04653757e+01 
 9.26118728e+03  6.11058265e+01  9.26118728e+03  1.12796528e+01 
 1.00000000e+04  6.10783844e+01  1.00000000e+04  1.21537378e+01 
 1.07977516e+04  6.10466064e+01  1.07977516e+04  1.30911501e+01 
 1.16591440e+04  6.10098472e+01  1.16591440e+04  1.40954018e+01 
 1.25892541e+04  6.09673784e+01  1.25892541e+04  1.51699374e+01 
 1.35935639e+04  6.09183822e+01  1.35935639e+04  1.63180594e+01 
 1.46779927e+04  6.08619462e+01  1.46779927e+04  1.75428389e+01 
 1.58489319e+04  6.07970593e+01  1.58489319e+04  1.88470089e+01 
 1.71132830e+04  6.07226109e+01  1.71132830e+04  2.02328428e+01 
 1.84784980e+04  6.06373917e+01  1.84784980e+04  2.17020158e+01 
 1.99526231e+04  6.05400997e+01  1.99526231e+04  2.32554533e+01 
 2.15443469e+04  6.04293511e+01  2.15443469e+04  2.48931746e+01 
 2.32630507e+04  6.03036953e+01  2.32630507e+04  2.66141293e+01 
 2.51188643e+04  6.01616392e+01  2.51188643e+04  2.84160493e+01 
 2.71227258e+04  6.00016756e+01  2.71227258e+04  3.02953141e+01 
 2.92864456e+04  5.98223197e+01  2.92864456e+04  3.22468557e+01 
 3.16227766e+04  5.96221495e+01  3.16227766e+04  3.42641051e+01 
 3.41454887e+04  5.93998519e+01  3.41454887e+04  3.63390032e+01 
 3.68694506e+04  5.91542692e+01  3.68694506e+04  3.84620841e+01 
 3.98107171e+04  5.88844436e+01  3.98107171e+04  4.06226275e+01 
 4.29866235e+04  5.85896573e+01  4.29866235e+04  4.28088949e+01 
 4.64158883e+04  5.82694647e+01  4.64158883e+04  4.50084253e+01 
 5.01187234e+04  5.79237113e+01  5.01187234e+04  4.72083795e+01 
 5.41169527e+04  5.75525424e+01  5.41169527e+04  4.93959151e+01 
 5.84341413e+04  5.71563952e+01  5.84341413e+04  5.15585606e+01 
 6.30957344e+04  5.67359793e+01  6.30957344e+04  5.36845558e+01 
 6.81292069e+04  5.62922457e+01  6.81292069e+04  5.57631610e+01 
 7.35642254e+04  5.58263464e+01  7.35642254e+04  5.77848815e+01 
 7.94328235e+04  5.53395902e+01  7.94328235e+04  5.97416329e+01 
 8.57695899e+04  5.48333955e+01  8.57695899e+04  6.16268213e+01 
 9.26118728e+04  5.43092456e+01  9.26118728e+04  6.34353575e+01 
 1.00000000e+05  5.37686463e+01  1.00000000e+05  6.51636054e+01 
 1.07977516e+05  5.32130912e+01  1.07977516e+05  6.68092898e+01 
 1.16591440e+05  5.26440305e+01  1.16591440e+05  6.83713582e+01 
 1.25892541e+05  5.20628493e+01  1.25892541e+05  6.98498369e+01 
 1.35935639e+05  5.14708509e+01  1.35935639e+05  7.12456719e+01 
 1.46779927e+05  5.08692450e+01  1.46779927e+05  7.25605575e+01 
 1.58489319e+05  5.02591436e+01  1.58489319e+05  7.37968036e+01 
 1.71132830e+05  4.96415579e+01  1.71132830e+05  7.49571862e+01 
 1.84784980e+05  4.90174005e+01  1.84784980e+05  7.60448267e+01 
 1.99526231e+05  4.83874886e+01  1.99526231e+05  7.70630869e+01 
 2.15443469e+05  4.77525494e+01  2.15443469e+05  7.80154784e+01 
 2.32630507e+05  4.71132265e+01  2.32630507e+05  7.89055895e+01 
 2.51188643e+05  4.64700862e+01  2.51188643e+05  7.97370215e+01 
 2.71227258e+05  4.58236248e+01  2.71227258e+05  8.05133451e+01 
 2.92864456e+05  4.51742753e+01  2.92864456e+05  8.12380645e+01 
 3.16227766e+05  4.45224138e+01  3.16227766e+05  8.19145859e+01 
 3.41454887e+05  4.38683654e+01  3.41454887e+05  8.25462012e+01 
 3.68694506e+05  4.32124100e+01  3.68694506e+05  8.31360745e+01 
 3.98107171e+05  4.25547870e+01  3.98107171e+05  8.36872331e+01 
 4.29866235e+05  4.18957000e+01  4.29866235e+05  8.42025639e+01 
 4.64158883e+05  4.12353207e+01  4.64158883e+05  8.46848135e+01 
 5.01187234e+05  4.05737921e+01  5.01187234e+05  8.51365884e+01 
 5.41169527e+05  3.99112316e+01  5.41169527e+05  8.55603605e+01 
 5.84341413e+05  3.92477333e+01  5.84341413e+05  8.59584696e+01 
 6.30957344e+05  3.85833698e+01  6.30957344e+05  8.63331314e+01 
 6.81292069e+05  3.79181942e+01  6.81292069e+05  8.66864423e+01 
 7.35642254e+05  3.72522406e+01  7.35642254e+05  8.70203861e+01 
 7.94328235e+05  3.65855254e+01  7.94328235e+05  8.73368418e+01 
 8.57695899e+05  3.59180470e+01  8.57695899e+05  8.76375888e+01 
 9.26118728e+05  3.52497863e+01  9.26118728e+05  8.79243126e+01 
 1.00000000e+06  3.45807063e+01  1.00000000e+06  8.81986118e+01 
 1.07977516e+06  3.39107505e+01  1.07977516e+06  8.84620013e+01 
 1.16591440e+06  3.32398424e+01  1.16591440e+06  8.87159159e+01 
 1.25892541e+06  3.25678835e+01  1.25892541e+06  8.89617139e+01 
 1.35935639e+06  3.18947513e+01  1.35935639e+06  8.92006765e+01 
 1.46779927e+06  3.12202964e+01  1.46779927e+06  8.94340081e+01 
 1.58489319e+06  3.05443392e+01  1.58489319e+06  8.96628311e+01 
 1.71132830e+06  2.98666664e+01  1.71132830e+06  8.98881812e+01 
 1.84784980e+06  2.91870263e+01  1.84784980e+06  9.01109971e+01 
 1.99526231e+06  2.85051236e+01  1.99526231e+06  9.03321063e+01 
 2.15443469e+06  2.78206135e+01  2.15443469e+06  9.05522066e+01 
 2.32630507e+06  2.71330947e+01  2.32630507e+06  9.07718388e+01 
 2.51188643e+06  2.64421017e+01  2.51188643e+06  9.09913549e+01 
 2.71227258e+06  2.57470966e+01  2.71227258e+06  9.12108742e+01 
 2.92864456e+06  2.50474586e+01  2.92864456e+06  9.14302289e+01 
 3.16227766e+06  2.43424741e+01  3.16227766e+06  9.16488954e+01 
 3.41454887e+06  2.36313248e+01  3.41454887e+06  9.18659100e+01 
 3.68694506e+06  2.29130754e+01  3.68694506e+06  9.20797633e+01 
 3.98107171e+06  2.21866601e+01  3.98107171e+06  9.22882719e+01 
 4.29866235e+06  2.14508688e+01  4.29866235e+06  9.24884233e+01 
 4.64158883e+06  2.07043331e+01  4.64158883e+06  9.26761870e+01 
 5.01187234e+06  1.99455113e+01  5.01187234e+06  9.28462894e+01 
 5.41169527e+06  1.91726746e+01  5.41169527e+06  9.29919455e+01 
 5.84341413e+06  1.83838926e+01  5.84341413e+06  9.31045370e+01 
 6.30957344e+06  1.75770203e+01  6.30957344e+06  9.31732338e+01 
 6.81292069e+06  1.67496845e+01  6.81292069e+06  9.31845371e+01 
 7.35642254e+06  1.58992715e+01  7.35642254e+06  9.31217333e+01 
 7.94328235e+06  1.50229130e+01  7.94328235e+06  9.29642208e+01 
 8.57695899e+06  1.41174727e+01  8.57695899e+06  9.26866668e+01 
 9.26118728e+06  1.31795306e+01  9.26118728e+06  9.22579160e+01 
 1.00000000e+07  1.22053688e+01  1.00000000e+07  9.16395278e+01 
 1.07977516e+07  1.11909643e+01  1.07977516e+07  9.07837500e+01 
 1.16591440e+07  1.01320077e+01  1.16591440e+07  8.96306252e+01 
 1.25892541e+07  9.02399000e+00  1.25892541e+07  8.81037701e+01 
 1.35935639e+07  7.86245171e+00  1.35935639e+07  8.61041475e+01 
 1.46779927e+07  6.64359620e+00  1.46779927e+07  8.35009067e+01 
 1.58489319e+07  5.36568716e+00  1.58489319e+07  8.01182838e+01 
 1.71132830e+07  4.03208084e+00  1.71132830e+07  7.57183317e+01 
 1.84784980e+07  2.65749306e+00  1.84784980e+07  6.99831237e+01 
 1.99526231e+07  1.27996787e+00  1.99526231e+07  6.25129605e+01 
 2.15443469e+07 -1.99404313e-02  2.15443469e+07  5.28895301e+01 
 2.32630507e+07 -1.10100991e+00  2.32630507e+07  4.08982753e+01 
 2.51188643e+07 -1.77867731e+00  2.51188643e+07  2.69445547e+01 
 2.71227258e+07 -1.91834108e+00  2.71227258e+07  1.23085722e+01 
 2.92864456e+07 -1.54241497e+00  2.92864456e+07 -1.37440684e+00 
 3.16227766e+07 -8.08756496e-01  3.16227766e+07 -1.30492908e+01 
 3.41454887e+07  1.07491415e-01  3.41454887e+07 -2.25187519e+01 
 3.68694506e+07  1.08564021e+00  3.68694506e+07 -3.00772809e+01 
 3.98107171e+07  2.06174804e+00  3.98107171e+07 -3.61370076e+01 
 4.29866235e+07  3.00804073e+00  4.29866235e+07 -4.10603189e+01 
 4.64158883e+07  3.91553582e+00  4.64158883e+07 -4.51230224e+01 
 5.01187234e+07  4.78388548e+00  5.01187234e+07 -4.85243140e+01 
 5.41169527e+07  5.61620872e+00  5.41169527e+07 -5.14059998e+01 
 5.84341413e+07  6.41664467e+00  5.84341413e+07 -5.38694390e+01 
 6.30957344e+07  7.18926793e+00  6.30957344e+07 -5.59881643e+01 
 6.81292069e+07  7.93766207e+00  6.81292069e+07 -5.78167667e+01 
 7.35642254e+07  8.66480737e+00  7.35642254e+07 -5.93970484e+01 
 7.94328235e+07  9.37311775e+00  7.94328235e+07 -6.07622643e+01 
 8.57695899e+07  1.00645495e+01  8.57695899e+07 -6.19400316e+01 
 9.26118728e+07  1.07407440e+01  9.26118728e+07 -6.29542654e+01 
 1.00000000e+08  1.14031837e+01  1.00000000e+08 -6.38263537e+01 
 1.07977516e+08  1.20533430e+01  1.07977516e+08 -6.45756941e+01 
 1.16591440e+08  1.26928151e+01  1.16591440e+08 -6.52196820e+01 
 1.25892541e+08  1.33233932e+01  1.25892541e+08 -6.57732562e+01 
 1.35935639e+08  1.39470851e+01  1.35935639e+08 -6.62481646e+01 
 1.46779927e+08  1.45660505e+01  1.46779927e+08 -6.66521710e+01 
 1.58489319e+08  1.51824641e+01  1.58489319e+08 -6.69884581e+01 
 1.71132830e+08  1.57983280e+01  1.71132830e+08 -6.72554528e+01 
 1.84784980e+08  1.64152699e+01  1.84784980e+08 -6.74471972e+01 
 1.99526231e+08  1.70343712e+01  1.99526231e+08 -6.75542480e+01 
 2.15443469e+08  1.76560559e+01  2.15443469e+08 -6.75649465e+01 
 2.32630507e+08  1.82800584e+01  2.32630507e+08 -6.74668270e+01 
 2.51188643e+08  1.89054649e+01  2.51188643e+08 -6.72479261e+01 
 2.71227258e+08  1.95308098e+01  2.71227258e+08 -6.68978247e+01 
 2.92864456e+08  2.01542004e+01  2.92864456e+08 -6.64083452e+01 
 3.16227766e+08  2.07734480e+01  3.16227766e+08 -6.57739140e+01 
 3.41454887e+08  2.13861868e+01  3.41454887e+08 -6.49916554e+01 
 3.68694506e+08  2.19899725e+01  3.68694506e+08 -6.40613031e+01 
 3.98107171e+08  2.25823584e+01  3.98107171e+08 -6.29850156e+01 
 4.29866235e+08  2.31609511e+01  4.29866235e+08 -6.17671578e+01 
 4.64158883e+08  2.37234512e+01  4.64158883e+08 -6.04140921e+01 
 5.01187234e+08  2.42676849e+01  5.01187234e+08 -5.89339993e+01 
 5.41169527e+08  2.47916306e+01  5.41169527e+08 -5.73367288e+01 
 5.84341413e+08  2.52934458e+01  5.84341413e+08 -5.56336708e+01 
 6.30957344e+08  2.57714948e+01  6.30957344e+08 -5.38376284e+01 
 6.81292069e+08  2.62243791e+01  6.81292069e+08 -5.19626702e+01 
 7.35642254e+08  2.66509688e+01  7.35642254e+08 -5.00239431e+01 
 7.94328235e+08  2.70504321e+01  7.94328235e+08 -4.80374330e+01 
 8.57695899e+08  2.74222590e+01  8.57695899e+08 -4.60196676e+01 
 9.26118728e+08  2.77662773e+01  9.26118728e+08 -4.39873703e+01 
 1.00000000e+09  2.80826557e+01  1.00000000e+09 -4.19570824e+01 
