 1.00000000e+00  7.14370939e+01  1.00000000e+00  4.03009836e-03 
 1.07977516e+00  7.14370939e+01  1.07977516e+00  4.35160011e-03 
 1.16591440e+00  7.14370939e+01  1.16591440e+00  4.69874971e-03 
 1.25892541e+00  7.14370939e+01  1.25892541e+00  5.07359323e-03 
 1.35935639e+00  7.14370939e+01  1.35935639e+00  5.47833995e-03 
 1.46779927e+00  7.14370939e+01  1.46779927e+00  5.91537541e-03 
 1.58489319e+00  7.14370939e+01  1.58489319e+00  6.38727544e-03 
 1.71132830e+00  7.14370939e+01  1.71132830e+00  6.89682137e-03 
 1.84784980e+00  7.14370939e+01  1.84784980e+00  7.44701641e-03 
 1.99526231e+00  7.14370939e+01  1.99526231e+00  8.04110334e-03 
 2.15443469e+00  7.14370939e+01  2.15443469e+00  8.68258366e-03 
 2.32630507e+00  7.14370939e+01  2.32630507e+00  9.37523816e-03 
 2.51188643e+00  7.14370938e+01  2.51188643e+00  1.01231493e-02 
 2.71227258e+00  7.14370938e+01  2.71227258e+00  1.09307252e-02 
 2.92864456e+00  7.14370938e+01  2.92864456e+00  1.18027255e-02 
 3.16227766e+00  7.14370938e+01  3.16227766e+00  1.27442898e-02 
 3.41454887e+00  7.14370937e+01  3.41454887e+00  1.37609676e-02 
 3.68694506e+00  7.14370937e+01  3.68694506e+00  1.48587509e-02 
 3.98107171e+00  7.14370936e+01  3.98107171e+00  1.60441102e-02 
 4.29866235e+00  7.14370936e+01  4.29866235e+00  1.73240316e-02 
 4.64158883e+00  7.14370935e+01  4.64158883e+00  1.87060589e-02 
 5.01187234e+00  7.14370934e+01  5.01187234e+00  2.01983377e-02 
 5.41169527e+00  7.14370933e+01  5.41169527e+00  2.18096632e-02 
 5.84341413e+00  7.14370932e+01  5.84341413e+00  2.35495324e-02 
 6.30957344e+00  7.14370931e+01  6.30957344e+00  2.54282000e-02 
 6.81292069e+00  7.14370930e+01  6.81292069e+00  2.74567384e-02 
 7.35642254e+00  7.14370928e+01  7.35642254e+00  2.96471038e-02 
 7.94328235e+00  7.14370926e+01  7.94328235e+00  3.20122059e-02 
 8.57695899e+00  7.14370924e+01  8.57695899e+00  3.45659842e-02 
 9.26118728e+00  7.14370921e+01  9.26118728e+00  3.73234904e-02 
 1.00000000e+01  7.14370918e+01  1.00000000e+01  4.03009770e-02 
 1.07977516e+01  7.14370915e+01  1.07977516e+01  4.35159928e-02 
 1.16591440e+01  7.14370910e+01  1.16591440e+01  4.69874867e-02 
 1.25892541e+01  7.14370906e+01  1.25892541e+01  5.07359192e-02 
 1.35935639e+01  7.14370900e+01  1.35935639e+01  5.47833830e-02 
 1.46779927e+01  7.14370893e+01  1.46779927e+01  5.91537333e-02 
 1.58489319e+01  7.14370886e+01  1.58489319e+01  6.38727282e-02 
 1.71132830e+01  7.14370877e+01  1.71132830e+01  6.89681807e-02 
 1.84784980e+01  7.14370866e+01  1.84784980e+01  7.44701226e-02 
 1.99526231e+01  7.14370854e+01  1.99526231e+01  8.04109812e-02 
 2.15443469e+01  7.14370840e+01  2.15443469e+01  8.68257708e-02 
 2.32630507e+01  7.14370823e+01  2.32630507e+01  9.37522989e-02 
 2.51188643e+01  7.14370804e+01  2.51188643e+01  1.01231389e-01 
 2.71227258e+01  7.14370782e+01  2.71227258e+01  1.09307120e-01 
 2.92864456e+01  7.14370755e+01  2.92864456e+01  1.18027090e-01 
 3.16227766e+01  7.14370725e+01  3.16227766e+01  1.27442690e-01 
 3.41454887e+01  7.14370689e+01  3.41454887e+01  1.37609414e-01 
 3.68694506e+01  7.14370648e+01  3.68694506e+01  1.48587180e-01 
 3.98107171e+01  7.14370599e+01  3.98107171e+01  1.60440687e-01 
 4.29866235e+01  7.14370543e+01  4.29866235e+01  1.73239793e-01 
 4.64158883e+01  7.14370477e+01  4.64158883e+01  1.87059931e-01 
 5.01187234e+01  7.14370400e+01  5.01187234e+01  2.01982549e-01 
 5.41169527e+01  7.14370311e+01  5.41169527e+01  2.18095590e-01 
 5.84341413e+01  7.14370206e+01  5.84341413e+01  2.35494012e-01 
 6.30957344e+01  7.14370085e+01  6.30957344e+01  2.54280348e-01 
 6.81292069e+01  7.14369943e+01  6.81292069e+01  2.74565305e-01 
 7.35642254e+01  7.14369777e+01  7.35642254e+01  2.96468420e-01 
 7.94328235e+01  7.14369585e+01  7.94328235e+01  3.20118763e-01 
 8.57695899e+01  7.14369360e+01  8.57695899e+01  3.45655693e-01 
 9.26118728e+01  7.14369098e+01  9.26118728e+01  3.73229681e-01 
 1.00000000e+02  7.14368792e+01  1.00000000e+02  4.03003195e-01 
 1.07977516e+02  7.14368436e+01  1.07977516e+02  4.35151650e-01 
 1.16591440e+02  7.14368020e+01  1.16591440e+02  4.69864446e-01 
 1.25892541e+02  7.14367536e+01  1.25892541e+02  5.07346072e-01 
 1.35935639e+02  7.14366971e+01  1.35935639e+02  5.47817313e-01 
 1.46779927e+02  7.14366313e+01  1.46779927e+02  5.91516540e-01 
 1.58489319e+02  7.14365545e+01  1.58489319e+02  6.38701105e-01 
 1.71132830e+02  7.14364650e+01  1.71132830e+02  6.89648853e-01 
 1.84784980e+02  7.14363607e+01  1.84784980e+02  7.44659740e-01 
 1.99526231e+02  7.14362390e+01  1.99526231e+02  8.04057585e-01 
 2.15443469e+02  7.14360972e+01  2.15443469e+02  8.68191960e-01 
 2.32630507e+02  7.14359318e+01  2.32630507e+02  9.37440219e-01 
 2.51188643e+02  7.14357390e+01  2.51188643e+02  1.01220969e+00 
 2.71227258e+02  7.14355143e+01  2.71227258e+02  1.09294003e+00 
 2.92864456e+02  7.14352522e+01  2.92864456e+02  1.18010577e+00 
 3.16227766e+02  7.14349467e+01  3.16227766e+02  1.27421902e+00 
 3.41454887e+02  7.14345906e+01  3.41454887e+02  1.37583245e+00 
 3.68694506e+02  7.14341754e+01  3.68694506e+02  1.48554237e+00 
 3.98107171e+02  7.14336913e+01  3.98107171e+02  1.60399216e+00 
 4.29866235e+02  7.14331270e+01  4.29866235e+02  1.73187589e+00 
 4.64158883e+02  7.14324692e+01  4.64158883e+02  1.86994217e+00 
 5.01187234e+02  7.14317021e+01  5.01187234e+02  2.01899821e+00 
 5.41169527e+02  7.14308081e+01  5.41169527e+02  2.17991456e+00 
 5.84341413e+02  7.14297662e+01  5.84341413e+02  2.35362936e+00 
 6.30957344e+02  7.14285516e+01  6.30957344e+02  2.54115361e+00 
 6.81292069e+02  7.14271360e+01  6.81292069e+02  2.74357642e+00 
 7.35642254e+02  7.14254861e+01  7.35642254e+02  2.96207050e+00 
 7.94328235e+02  7.14235629e+01  7.94328235e+02  3.19789797e+00 
 8.57695899e+02  7.14213221e+01  8.57695899e+02  3.45241682e+00 
 9.26118728e+02  7.14187109e+01  9.26118728e+02  3.72708667e+00 
 1.00000000e+03  7.14156683e+01  1.00000000e+03  4.02347546e+00 
 1.07977516e+03  7.14121238e+01  1.07977516e+03  4.34326653e+00 
 1.16591440e+03  7.14079946e+01  1.16591440e+03  4.68826427e+00 
 1.25892541e+03  7.14031852e+01  1.25892541e+03  5.06040155e+00 
 1.35935639e+03  7.13975850e+01  1.35935639e+03  5.46174563e+00 
 1.46779927e+03  7.13910645e+01  1.46779927e+03  5.89450320e+00 
 1.58489319e+03  7.13834746e+01  1.58489319e+03  6.36102653e+00 
 1.71132830e+03  7.13746418e+01  1.71132830e+03  6.86381615e+00 
 1.84784980e+03  7.13643665e+01  1.84784980e+03  7.40552450e+00 
 1.99526231e+03  7.13524168e+01  1.99526231e+03  7.98895446e+00 
 2.15443469e+03  7.13385259e+01  2.15443469e+03  8.61705840e+00 
 2.32630507e+03  7.13223865e+01  2.32630507e+03  9.29293151e+00 
 2.51188643e+03  7.13036444e+01  2.51188643e+03  1.00198005e+01 
 2.71227258e+03  7.12818942e+01  2.71227258e+03  1.08010089e+01 
 2.92864456e+03  7.12566725e+01  2.92864456e+03  1.16399944e+01 
 3.16227766e+03  7.12274499e+01  3.16227766e+03  1.25402554e+01 
 3.41454887e+03  7.11936248e+01  3.41454887e+03  1.35053112e+01 
 3.68694506e+03  7.11545179e+01  3.68694506e+03  1.45386509e+01 
 3.98107171e+03  7.11093628e+01  3.98107171e+03  1.56436644e+01 
 4.29866235e+03  7.10573014e+01  4.29866235e+03  1.68235627e+01 
 4.64158883e+03  7.09973804e+01  4.64158883e+03  1.80812841e+01 
 5.01187234e+03  7.09285459e+01  5.01187234e+03  1.94193761e+01 
 5.41169527e+03  7.08496441e+01  5.41169527e+03  2.08398683e+01 
 5.84341413e+03  7.07594257e+01  5.84341413e+03  2.23441301e+01 
 6.30957344e+03  7.06565522e+01  6.30957344e+03  2.39327147e+01 
 6.81292069e+03  7.05396080e+01  6.81292069e+03  2.56051944e+01 
 7.35642254e+03  7.04071222e+01  7.35642254e+03  2.73600120e+01 
 7.94328235e+03  7.02575917e+01  7.94328235e+03  2.91943288e+01 
 8.57695899e+03  7.00895138e+01  8.57695899e+03  3.11039068e+01 
 9.26118728e+03  6.99014254e+01  9.26118728e+03  3.30830310e+01 
 1.00000000e+04  6.96919451e+01  1.00000000e+04  3.51244792e+01 
 1.07977516e+04  6.94598214e+01  1.07977516e+04  3.72195706e+01 
 1.16591440e+04  6.92039765e+01  1.16591440e+04  3.93582672e+01 
 1.25892541e+04  6.89235512e+01  1.25892541e+04  4.15293715e+01 
 1.35935639e+04  6.86179407e+01  1.35935639e+04  4.37207831e+01 
 1.46779927e+04  6.82868225e+01  1.46779927e+04  4.59198226e+01 
 1.58489319e+04  6.79301706e+01  1.58489319e+04  4.81135915e+01 
 1.71132830e+04  6.75482568e+01  1.71132830e+04  5.02893450e+01 
 1.84784980e+04  6.71416385e+01  1.84784980e+04  5.24348623e+01 
 1.99526231e+04  6.67111332e+01  1.99526231e+04  5.45387689e+01 
 2.15443469e+04  6.62577835e+01  2.15443469e+04  5.65908154e+01 
 2.32630507e+04  6.57828146e+01  2.32630507e+04  5.85820764e+01 
 2.51188643e+04  6.52875883e+01  2.51188643e+04  6.05050780e+01 
 2.71227258e+04  6.47735567e+01  2.71227258e+04  6.23538493e+01 
 2.92864456e+04  6.42422183e+01  2.92864456e+04  6.41239078e+01 
 3.16227766e+04  6.36950785e+01  3.16227766e+04  6.58121872e+01 
 3.41454887e+04  6.31336164e+01  3.41454887e+04  6.74169250e+01 
 3.68694506e+04  6.25592578e+01  3.68694506e+04  6.89375172e+01 
 3.98107171e+04  6.19733559e+01  3.98107171e+04  7.03743719e+01 
 4.29866235e+04  6.13771762e+01  4.29866235e+04  7.17287365e+01 
 4.64158883e+04  6.07718890e+01  4.64158883e+04  7.30025514e+01 
 5.01187234e+04  6.01585649e+01  5.01187234e+04  7.41982960e+01 
 5.41169527e+04  5.95381750e+01  5.41169527e+04  7.53188660e+01 
 5.84341413e+04  5.89115932e+01  5.84341413e+04  7.63674495e+01 
 6.30957344e+04  5.82796006e+01  6.30957344e+04  7.73474285e+01 
 6.81292069e+04  5.76428914e+01  6.81292069e+04  7.82622979e+01 
 7.35642254e+04  5.70020795e+01  7.35642254e+04  7.91156006e+01 
 7.94328235e+04  5.63577056e+01  7.94328235e+04  7.99108634e+01 
 8.57695899e+04  5.57102436e+01  8.57695899e+04  8.06515625e+01 
 9.26118728e+04  5.50601083e+01  9.26118728e+04  8.13410868e+01 
 1.00000000e+05  5.44076609e+01  1.00000000e+05  8.19827141e+01 
 1.07977516e+05  5.37532158e+01  1.07977516e+05  8.25795973e+01 
 1.16591440e+05  5.30970454e+01  1.16591440e+05  8.31347465e+01 
 1.25892541e+05  5.24393860e+01  1.25892541e+05  8.36510299e+01 
 1.35935639e+05  5.17804413e+01  1.35935639e+05  8.41311666e+01 
 1.46779927e+05  5.11203872e+01  1.46779927e+05  8.45777268e+01 
 1.58489319e+05  5.04593750e+01  1.58489319e+05  8.49931363e+01 
 1.71132830e+05  4.97975349e+01  1.71132830e+05  8.53796781e+01 
 1.84784980e+05  4.91349780e+01  1.84784980e+05  8.57394992e+01 
 1.99526231e+05  4.84717996e+01  1.99526231e+05  8.60746146e+01 
 2.15443469e+05  4.78080805e+01  2.15443469e+05  8.63869160e+01 
 2.32630507e+05  4.71438894e+01  2.32630507e+05  8.66781771e+01 
 2.51188643e+05  4.64792839e+01  2.51188643e+05  8.69500607e+01 
 2.71227258e+05  4.58143120e+01  2.71227258e+05  8.72041253e+01 
 2.92864456e+05  4.51490135e+01  2.92864456e+05  8.74418345e+01 
 3.16227766e+05  4.44834202e+01  3.16227766e+05  8.76645600e+01 
 3.41454887e+05  4.38175574e+01  3.41454887e+05  8.78735919e+01 
 3.68694506e+05  4.31514439e+01  3.68694506e+05  8.80701422e+01 
 3.98107171e+05  4.24850926e+01  3.98107171e+05  8.82553527e+01 
 4.29866235e+05  4.18185108e+01  4.29866235e+05  8.84302992e+01 
 4.64158883e+05  4.11517005e+01  4.64158883e+05  8.85959991e+01 
 5.01187234e+05  4.04846584e+01  5.01187234e+05  8.87534150e+01 
 5.41169527e+05  3.98173756e+01  5.41169527e+05  8.89034604e+01 
 5.84341413e+05  3.91498375e+01  5.84341413e+05  8.90470039e+01 
 6.30957344e+05  3.84820238e+01  6.30957344e+05  8.91848740e+01 
 6.81292069e+05  3.78139073e+01  6.81292069e+05  8.93178631e+01 
 7.35642254e+05  3.71454540e+01  7.35642254e+05  8.94467295e+01 
 7.94328235e+05  3.64766220e+01  7.94328235e+05  8.95722029e+01 
 8.57695899e+05  3.58073604e+01  8.57695899e+05  8.96949854e+01 
 9.26118728e+05  3.51376084e+01  9.26118728e+05  8.98157551e+01 
 1.00000000e+06  3.44672937e+01  1.00000000e+06  8.99351659e+01 
 1.07977516e+06  3.37963308e+01  1.07977516e+06  9.00538496e+01 
 1.16591440e+06  3.31246195e+01  1.16591440e+06  9.01724156e+01 
 1.25892541e+06  3.24520419e+01  1.25892541e+06  9.02914496e+01 
 1.35935639e+06  3.17784604e+01  1.35935639e+06  9.04115112e+01 
 1.46779927e+06  3.11037144e+01  1.46779927e+06  9.05331300e+01 
 1.58489319e+06  3.04276167e+01  1.58489319e+06  9.06567989e+01 
 1.71132830e+06  2.97499491e+01  1.71132830e+06  9.07829659e+01 
 1.84784980e+06  2.90704586e+01  1.84784980e+06  9.09120227e+01 
 1.99526231e+06  2.83888509e+01  1.99526231e+06  9.10442876e+01 
 2.15443469e+06  2.77047852e+01  2.15443469e+06  9.11799867e+01 
 2.32630507e+06  2.70178667e+01  2.32630507e+06  9.13192257e+01 
 2.51188643e+06  2.63276387e+01  2.51188643e+06  9.14619573e+01 
 2.71227258e+06  2.56335742e+01  2.71227258e+06  9.16079371e+01 
 2.92864456e+06  2.49350655e+01  2.92864456e+06  9.17566698e+01 
 3.16227766e+06  2.42314138e+01  3.16227766e+06  9.19073411e+01 
 3.41454887e+06  2.35218170e+01  3.41454887e+06  9.20587335e+01 
 3.68694506e+06  2.28053566e+01  3.68694506e+06  9.22091221e+01 
 3.98107171e+06  2.20809846e+01  3.98107171e+06  9.23561470e+01 
 4.29866235e+06  2.13475080e+01  4.29866235e+06  9.24966571e+01 
 4.64158883e+06  2.06035745e+01  4.64158883e+06  9.26265220e+01 
 5.01187234e+06  1.98476569e+01  5.01187234e+06  9.27404039e+01 
 5.41169527e+06  1.90780381e+01  5.41169527e+06  9.28314866e+01 
 5.84341413e+06  1.82927962e+01  5.84341413e+06  9.28911503e+01 
 6.30957344e+06  1.74897903e+01  6.30957344e+06  9.29085861e+01 
 6.81292069e+06  1.66666471e+01  6.81292069e+06  9.28703338e+01 
 7.35642254e+06  1.58207476e+01  7.35642254e+06  9.27597277e+01 
 7.94328235e+06  1.49492136e+01  7.94328235e+06  9.25562180e+01 
 8.57695899e+06  1.40488940e+01  8.57695899e+06  9.22345219e+01 
 9.26118728e+06  1.31163490e+01  9.26118728e+06  9.17635278e+01 
 1.00000000e+07  1.21478355e+01  1.00000000e+07  9.11048289e+01 
 1.07977516e+07  1.11392984e+01  1.07977516e+07  9.02106935e+01 
 1.16591440e+07  1.00863873e+01  1.16591440e+07  8.90211611e+01 
 1.25892541e+07  8.98453828e+00  1.25892541e+07  8.74598003e+01 
 1.35935639e+07  7.82921847e+00  1.35935639e+07  8.54274308e+01 
 1.46779927e+07  6.61653226e+00  1.46779927e+07  8.27928637e+01 
 1.58489319e+07  5.34461677e+00  1.58489319e+07  7.93796124e+01 
 1.71132830e+07  4.01668685e+00  1.71132830e+07  7.49482893e+01 
 1.84784980e+07  2.64736089e+00  1.84784980e+07  6.91782873e+01 
 1.99526231e+07  1.27480352e+00  1.99526231e+07  6.16654506e+01 
 2.15443469e+07 -1.97145743e-02  2.15443469e+07  5.19856368e+01 
 2.32630507e+07 -1.09319384e+00  2.32630507e+07  3.99210579e+01 
 2.51188643e+07 -1.75860788e+00  2.51188643e+07  2.58855201e+01 
 2.71227258e+07 -1.88051389e+00  2.71227258e+07  1.11826442e+01 
 2.92864456e+07 -1.48383668e+00  2.92864456e+07 -2.53195438e+00 
 3.16227766e+07 -7.29974178e-01  3.16227766e+07 -1.42034209e+01 
 3.41454887e+07  2.04126244e-01  3.41454887e+07 -2.36471292e+01 
 3.68694506e+07  1.19763620e+00  3.68694506e+07 -3.11690059e+01 
 3.98107171e+07  2.18707823e+00  3.98107171e+07 -3.71875856e+01 
 4.29866235e+07  3.14516550e+00  4.29866235e+07 -4.20681428e+01 
 4.64158883e+07  4.06327915e+00  4.64158883e+07 -4.60876580e+01 
 5.01187234e+07  4.94132197e+00  5.01187234e+07 -4.94457951e+01 
 5.41169527e+07  5.78258985e+00  5.41169527e+07 -5.22845661e+01 
 5.84341413e+07  6.59135727e+00  5.84341413e+07 -5.47054321e+01 
 6.30957344e+07  7.37181307e+00  6.30957344e+07 -5.67819617e+01 
 6.81292069e+07  8.12764503e+00  6.81292069e+07 -5.85687033e+01 
 7.35642254e+07  8.86193211e+00  7.35642254e+07 -6.01073080e+01 
 7.94328235e+07  9.57718087e+00  7.94328235e+07 -6.14307401e+01 
 8.57695899e+07  1.02754298e+01  8.57695899e+07 -6.25661594e+01 
 9.26118728e+07  1.09583848e+01  9.26118728e+07 -6.35368446e+01 
 1.00000000e+08  1.16275642e+01  1.00000000e+08 -6.43633785e+01 
 1.07977516e+08  1.22844396e+01  1.07977516e+08 -6.50642280e+01 
 1.16591440e+08  1.29305531e+01  1.16591440e+08 -6.56558116e+01 
 1.25892541e+08  1.35675938e+01  1.25892541e+08 -6.61521595e+01 
 1.35935639e+08  1.41974157e+01  1.35935639e+08 -6.65643113e+01 
 1.46779927e+08  1.48219869e+01  1.46779927e+08 -6.68996469e+01 
 1.58489319e+08  1.54432739e+01  1.58489319e+08 -6.71613722e+01 
 1.71132830e+08  1.60630777e+01  1.71132830e+08 -6.73483591e+01 
 1.84784980e+08  1.66828566e+01  1.84784980e+08 -6.74554566e+01 
 1.99526231e+08  1.73035696e+01  1.99526231e+08 -6.74742687e+01 
 2.15443469e+08  1.79255712e+01  2.15443469e+08 -6.73942763e+01 
 2.32630507e+08  1.85485747e+01  2.32630507e+08 -6.72041076e+01 
 2.51188643e+08  1.91716805e+01  2.51188643e+08 -6.68927508e+01 
 2.71227258e+08  1.97934566e+01  2.71227258e+08 -6.64505534e+01 
 2.92864456e+08  2.04120484e+01  2.92864456e+08 -6.58699280e+01 
 3.16227766e+08  2.10252984e+01  3.16227766e+08 -6.51457622e+01 
 3.41454887e+08  2.16308589e+01  3.41454887e+08 -6.42755780e+01 
 3.68694506e+08  2.22262898e+01  3.68694506e+08 -6.32595151e+01 
 3.98107171e+08  2.28091378e+01  3.98107171e+08 -6.21002058e+01 
 4.29866235e+08  2.33769990e+01  4.29866235e+08 -6.08026022e+01 
 4.64158883e+08  2.39275680e+01  4.64158883e+08 -5.93737905e+01 
 5.01187234e+08  2.44586783e+01  5.01187234e+08 -5.78228123e+01 
 5.41169527e+08  2.49683384e+01  5.41169527e+08 -5.61604948e+01 
 5.84341413e+08  2.54547657e+01  5.84341413e+08 -5.43992813e+01 
 6.30957344e+08  2.59164196e+01  6.30957344e+08 -5.25530467e+01 
 6.81292069e+08  2.63520344e+01  6.81292069e+08 -5.06368828e+01 
 7.35642254e+08  2.67606492e+01  7.35642254e+08 -4.86668388e+01 
 7.94328235e+08  2.71416328e+01  7.94328235e+08 -4.66596129e+01 
 8.57695899e+08  2.74947003e+01  8.57695899e+08 -4.46321983e+01 
 9.26118728e+08  2.78199176e+01  9.26118728e+08 -4.26014977e+01 
 1.00000000e+09  2.81176936e+01  1.00000000e+09 -4.05839282e+01 
